0.8150010000 0.9745312500 2.3540312500 2.3628437500
0.8200010000 0.9743437500 2.3466562500 2.3731562500
0.8250010000 0.9742187500 2.3431562500 2.3796562500
0.8300010000 0.9740312500 2.3406562500 2.3850312500
0.8350010000 0.9739062500 2.3387812500 2.3899062500
0.8400010000 0.9737812500 2.3372187500 2.3944062500
0.8450010000 0.9735937500 2.3359687500 2.3985937500
0.8500010000 0.9734687500 2.3349062500 2.4026562500
0.8550010000 0.9733437500 2.3339687500 2.4065312500
0.8600010000 0.9731562500 2.3331562500 2.4102812500
0.8650010000 0.9730312500 2.3324687500 2.4139687500
0.8700010000 0.9729062500 2.3319062500 2.4175312500
0.8750010000 0.9727812500 2.3313437500 2.4210312500
0.8800010000 0.9726562500 2.3309062500 2.4244687500
0.8850010000 0.9725312500 2.3305312500 2.4278437500
0.8900010000 0.9724062500 2.3302187500 2.4311562500
0.8950010000 0.9722812500 2.3299062500 2.4344687500
0.9000010000 0.9721562500 2.3296562500 2.4376562500
0.9050010000 0.9720312500 2.3294687500 2.4409062500
0.9100010000 0.9719062500 2.3292812500 2.4440312500
0.9150010000 0.9717812500 2.3291562500 2.4472187500
0.9200010000 0.9716562500 2.3290937500 2.4502812500
0.9250010000 0.9715937500 2.3290312500 2.4534062500
0.9300010000 0.9714687500 2.3289687500 2.4564687500
0.9350010000 0.9713437500 2.3289687500 2.4594687500
0.9400010000 0.9712812500 2.3289687500 2.4625312500
0.9450010000 0.9711562500 2.3289687500 2.4655312500
0.9500010000 0.9710937500 2.3290312500 2.4684687500
0.9550010000 0.9709687500 2.3290937500 2.4714687500
0.9600010000 0.9709062500 2.3291562500 2.4744062500
0.9650010000 0.9708437500 2.3292812500 2.4773437500
0.9700010000 0.9707187500 2.3294062500 2.4802812500
0.9750010000 0.9706562500 2.3295312500 2.4831562500
0.9800010000 0.9705937500 2.3297187500 2.4860312500
0.9850010000 0.9705312500 2.3298437500 2.4889687500
0.9900010000 0.9704687500 2.3300312500 2.4918437500
0.9950010000 0.9704062500 2.3302187500 2.4946562500
1.0000010000 0.9703437500 2.3304687500 2.4975312500
1.0050010000 0.9702812500 2.3306562500 2.5003437500
1.0100010000 0.9702187500 2.3309062500 2.5032187500
1.0150010000 0.9701562500 2.3311562500 2.5060312500
1.0200010000 0.9700937500 2.3314062500 2.5088437500
1.0250010000 0.9700937500 2.3316562500 2.5116562500
1.0300010000 0.9700312500 2.3319062500 2.5144062500
1.0350010000 0.9699687500 2.3322187500 2.5172187500
1.0400010000 0.9699687500 2.3325312500 2.5199687500
1.0450010000 0.9699062500 2.3328437500 2.5227187500
1.0500010000 0.9699062500 2.3331562500 2.5254687500
1.0550010000 0.9699062500 2.3334687500 2.5282187500
1.0600010000 0.9698437500 2.3337812500 2.5309687500
1.0650010000 0.9698437500 2.3340937500 2.5337187500
1.0700010000 0.9698437500 2.3344687500 2.5364062500
1.0750010000 0.9698437500 2.3348437500 2.5390937500
1.0800010000 0.9698437500 2.3352187500 2.5417812500
1.0850010000 0.9698437500 2.3355937500 2.5444062500
1.0900010000 0.9698437500 2.3359687500 2.5470312500
1.0950010000 0.9698437500 2.3363437500 2.5497187500
1.1000010000 0.9698437500 2.3367187500 2.5524062500
1.1050010000 0.9698437500 2.3371562500 2.5551562500
1.1100010000 0.9698437500 2.3375312500 2.5578437500
1.1150010000 0.9699062500 2.3379687500 2.5605937500
1.1200010000 0.9699062500 2.3383437500 2.5634062500
1.1250010000 0.9699687500 2.3387812500 2.5661562500
1.1300010000 0.9699687500 2.3392187500 2.5689687500
1.1350010000 0.9700312500 2.3396562500 2.5717812500
1.1400010000 0.9700937500 2.3400937500 2.5746562500
1.1450010000 0.9700937500 2.3405937500 2.5774687500
1.1500010000 0.9701562500 2.3410312500 2.5803437500
1.1550010000 0.9702187500 2.3414687500 2.5832187500
1.1600010000 0.9702812500 2.3419687500 2.5860937500
1.1650010000 0.9703437500 2.3424062500 2.5889687500
1.1700010000 0.9704062500 2.3429062500 2.5918437500
1.1750010000 0.9704687500 2.3434062500 2.5947812500
1.1800010000 0.9705312500 2.3439062500 2.5977187500
1.1850010000 0.9705937500 2.3444062500 2.6005937500
1.1900010000 0.9707187500 2.3449062500 2.6035937500
1.1950010000 0.9707812500 2.3454062500 2.6065312500
1.2000010000 0.9709062500 2.3459062500 2.6094687500
1.2050010000 0.9709687500 2.3464062500 2.6124687500
1.2100010000 0.9710937500 2.3469687500 2.6154062500
1.2150010000 0.9711562500 2.3474687500 2.6184062500
1.2200010000 0.9712812500 2.3479687500 2.6214062500
1.2250010000 0.9714062500 2.3485312500 2.6244687500
1.2300010000 0.9715312500 2.3490937500 2.6274687500
1.2350010000 0.9716562500 2.3495937500 2.6304687500
1.2400010000 0.9717812500 2.3501562500 2.6335312500
1.2450010000 0.9719062500 2.3507187500 2.6365937500
1.2500010000 0.9720312500 2.3512812500 2.6396562500
1.2550010000 0.9721562500 2.3518437500 2.6427187500
1.2600010000 0.9723437500 2.3524062500 2.6457812500
1.2650010000 0.9724687500 2.3529687500 2.6488437500
1.2700010000 0.9725937500 2.3535937500 2.6519687500
1.2750010000 0.9727812500 2.3541562500 2.6550937500
1.2800010000 0.9729062500 2.3547187500 2.6581562500
1.2850010000 0.9730937500 2.3553437500 2.6612812500
1.2900010000 0.9732812500 2.3559062500 2.6644062500
1.2950010000 0.9734687500 2.3565312500 2.6675312500
1.3000010000 0.9736562500 2.3570937500 2.6707187500
1.3050010000 0.9737812500 2.3577187500 2.6738437500
1.3100010000 0.9740312500 2.3583437500 2.6770312500
1.3150010000 0.9742187500 2.3589687500 2.6802187500
1.3200010000 0.9744062500 2.3595312500 2.6833437500
1.3250010000 0.9745937500 2.3601562500 2.6865312500
1.3300010000 0.9747812500 2.3607812500 2.6897187500
1.3350010000 0.9750312500 2.3614062500 2.6929687500
1.3400010000 0.9752187500 2.3620937500 2.6961562500
1.3450010000 0.9754687500 2.3627187500 2.6993437500
1.3500010000 0.9756562500 2.3633437500 2.7025937500
1.3550010000 0.9759062500 2.3639687500 2.7058437500
1.3600010000 0.9761562500 2.3646562500 2.7090937500
1.3650010000 0.9764062500 2.3652812500 2.7123437500
1.3700010000 0.9766562500 2.3659687500 2.7155937500
1.3750010000 0.9769062500 2.3665937500 2.7188437500
1.3800010000 0.9771562500 2.3672812500 2.7220937500
1.3850010000 0.9774062500 2.3679062500 2.7254062500
1.3900010000 0.9776562500 2.3685937500 2.7286562500
1.3950010000 0.9779062500 2.3692812500 2.7319687500
1.4000010000 0.9782187500 2.3699687500 2.7352812500
1.4050010000 0.9784687500 2.3706562500 2.7385937500
1.4100010000 0.9787812500 2.3713437500 2.7419062500
1.4150010000 0.9790312500 2.3720312500 2.7452187500
1.4200010000 0.9793437500 2.3727187500 2.7485312500
1.4250010000 0.9796562500 2.3734062500 2.7518437500
1.4300010000 0.9799687500 2.3740937500 2.7552187500
1.4350010000 0.9802812500 2.3747812500 2.7585312500
1.4400010000 0.9805937500 2.3755312500 2.7619062500
1.4450010000 0.9809062500 2.3762187500 2.7652812500
1.4500010000 0.9812187500 2.3769062500 2.7686562500
1.4550010000 0.9815312500 2.3776562500 2.7720312500
1.4600010000 0.9819062500 2.3783437500 2.7754062500
1.4650010000 0.9822187500 2.3790937500 2.7787812500
1.4700010000 0.9825312500 2.3797812500 2.7822187500
1.4750010000 0.9829062500 2.3805312500 2.7855937500
1.4800010000 0.9832812500 2.3812812500 2.7890312500
1.4850010000 0.9835937500 2.3820312500 2.7924687500
1.4900010000 0.9839687500 2.3827187500 2.7958437500
1.4950010000 0.9843437500 2.3834687500 2.7992812500
1.5000010000 0.9847187500 2.3842187500 2.8027187500
1.5050010000 0.9850937500 2.3849687500 2.8061562500
1.5100010000 0.9854687500 2.3857187500 2.8096562500
1.5150010000 0.9858437500 2.3864687500 2.8130937500
1.5200010000 0.9862812500 2.3872187500 2.8165312500
1.5250010000 0.9866562500 2.3880312500 2.8200312500
1.5300010000 0.9870312500 2.3887812500 2.8235312500
1.5350010000 0.9874687500 2.3895312500 2.8269687500
1.5400010000 0.9879062500 2.3902812500 2.8304687500
1.5450010000 0.9882812500 2.3910937500 2.8339687500
1.5500010000 0.9887187500 2.3918437500 2.8374687500
1.5550010000 0.9891562500 2.3926562500 2.8409687500
1.5600010000 0.9895937500 2.3934062500 2.8445312500
1.5650010000 0.9900312500 2.3942187500 2.8480312500
1.5700010000 0.9904687500 2.3950312500 2.8515312500
1.5750010000 0.9909062500 2.3957812500 2.8550937500
1.5800010000 0.9913437500 2.3965937500 2.8586562500
1.5850010000 0.9918437500 2.3974062500 2.8621562500
1.5900010000 0.9922812500 2.3982187500 2.8657187500
1.5950010000 0.9927812500 2.3989687500 2.8692812500
1.6000010000 0.9932187500 2.3997812500 2.8728437500
1.6050010000 0.9937187500 2.4005937500 2.8764062500
1.6100010000 0.9941562500 2.4014062500 2.8800312500
1.6150010000 0.9946562500 2.4022812500 2.8835937500
1.6200010000 0.9951562500 2.4030937500 2.8871562500
1.6250010000 0.9956562500 2.4039062500 2.8907812500
1.6300010000 0.9961562500 2.4047187500 2.8943437500
1.6350010000 0.9966562500 2.4055312500 2.8979687500
1.6400010000 0.9972187500 2.4064062500 2.9015937500
1.6450010000 0.9977187500 2.4072187500 2.9052187500
1.6500010000 0.9982187500 2.4080312500 2.9088437500
1.6550010000 0.9987812500 2.4089062500 2.9124687500
1.6600010000 0.9992812500 2.4097187500 2.9160937500
1.6650010000 0.9998437500 2.4105937500 2.9197187500
1.6700010000 1.0004062500 2.4114687500 2.9234062500
1.6750010000 1.0009062500 2.4122812500 2.9270312500
1.6800010000 1.0014687500 2.4131562500 2.9307187500
1.6850010000 1.0020312500 2.4140312500 2.9343437500
1.6900010000 1.0025937500 2.4149062500 2.9380312500
1.6950010000 1.0031562500 2.4157187500 2.9417187500
1.7000010000 1.0037812500 2.4165937500 2.9454062500
1.7050010000 1.0043437500 2.4174687500 2.9490937500
1.7100010000 1.0049062500 2.4183437500 2.9527812500
1.7150010000 1.0055312500 2.4192187500 2.9564687500
1.7200010000 1.0060937500 2.4200937500 2.9601562500
1.7250010000 1.0067187500 2.4210312500 2.9638437500
1.7300010000 1.0073437500 2.4219062500 2.9675937500
1.7350010000 1.0079062500 2.4227812500 2.9712812500
1.7400010000 1.0085312500 2.4236562500 2.9750312500
1.7450010000 1.0091562500 2.4245937500 2.9787812500
1.7500010000 1.0097812500 2.4254687500 2.9824687500
1.7550010000 1.0104062500 2.4263437500 2.9862187500
1.7600010000 1.0110312500 2.4272812500 2.9899687500
1.7650010000 1.0117187500 2.4281562500 2.9937187500
1.7700010000 1.0123437500 2.4290937500 2.9974687500
1.7750010000 1.0130312500 2.4299687500 3.0012187500
1.7800010000 1.0136562500 2.4309062500 3.0050312500
1.7850010000 1.0143437500 2.4318437500 3.0087812500
1.7900010000 1.0149687500 2.4327187500 3.0125937500
1.7950010000 1.0156562500 2.4336562500 3.0163437500
1.8000010000 1.0163437500 2.4345937500 3.0201562500
1.8050010000 1.0170312500 2.4355312500 3.0239062500
1.8100010000 1.0177187500 2.4364687500 3.0277187500
1.8150010000 1.0184062500 2.4374062500 3.0315312500
1.8200010000 1.0190937500 2.4383437500 3.0353437500
1.8250010000 1.0197812500 2.4392812500 3.0391562500
1.8300010000 1.0205312500 2.4402187500 3.0429687500
1.8350010000 1.0212187500 2.4411562500 3.0467812500
1.8400010000 1.0219062500 2.4420937500 3.0505937500
1.8450010000 1.0226562500 2.4430937500 3.0544687500
1.8500010000 1.0234062500 2.4440312500 3.0582812500
1.8550010000 1.0240937500 2.4449687500 3.0620937500
1.8600010000 1.0248437500 2.4459062500 3.0659687500
1.8650010000 1.0255937500 2.4469062500 3.0698437500
1.8700010000 1.0263437500 2.4478437500 3.0736562500
1.8750010000 1.0270937500 2.4488437500 3.0775312500
1.8800010000 1.0278437500 2.4497812500 3.0814062500
1.8850010000 1.0285937500 2.4507812500 3.0852812500
1.8900010000 1.0294062500 2.4517812500 3.0891562500
1.8950010000 1.0301562500 2.4527187500 3.0930312500
1.9000010000 1.0309687500 2.4537187500 3.0969062500
1.9050010000 1.0317187500 2.4547187500 3.1008437500
1.9100010000 1.0325312500 2.4557187500 3.1047187500
1.9150010000 1.0332812500 2.4566562500 3.1085937500
1.9200010000 1.0340937500 2.4576562500 3.1125312500
1.9250010000 1.0349062500 2.4586562500 3.1164062500
1.9300010000 1.0357187500 2.4596562500 3.1203437500
1.9350010000 1.0365312500 2.4606562500 3.1242812500
1.9400010000 1.0373437500 2.4616562500 3.1281562500
1.9450010000 1.0381562500 2.4626562500 3.1320937500
1.9500010000 1.0389687500 2.4637187500 3.1360312500
1.9550010000 1.0398437500 2.4647187500 3.1399687500
1.9600010000 1.0406562500 2.4657187500 3.1439062500
1.9650010000 1.0415312500 2.4667187500 3.1478437500
1.9700010000 1.0423437500 2.4677812500 3.1518437500
1.9750010000 1.0432187500 2.4687812500 3.1557812500
1.9800010000 1.0440937500 2.4698437500 3.1597187500
1.9850010000 1.0449062500 2.4708437500 3.1637187500
1.9900010000 1.0457812500 2.4718437500 3.1676562500
1.9950010000 1.0466562500 2.4729062500 3.1716562500
2.0000010000 1.0475312500 2.4739687500 3.1755937500
2.0050010000 1.0484062500 2.4749687500 3.1795937500
2.0100010000 1.0493437500 2.4760312500 3.1835937500
2.0150010000 1.0502187500 2.4770937500 3.1875937500
2.0200010000 1.0510937500 2.4780937500 3.1915937500
2.0250010000 1.0520312500 2.4791562500 3.1955937500
2.0300010000 1.0529062500 2.4802187500 3.1995937500
2.0350010000 1.0538437500 2.4812812500 3.2035937500
2.0400010000 1.0547187500 2.4823437500 3.2075937500
2.0450010000 1.0556562500 2.4834062500 3.2115937500
2.0500010000 1.0565937500 2.4844687500 3.2155937500
2.0550010000 1.0575312500 2.4855312500 3.2196562500
2.0600010000 1.0584687500 2.4865937500 3.2236562500
2.0650010000 1.0594062500 2.4876562500 3.2277187500
2.0700010000 1.0603437500 2.4887812500 3.2317187500
2.0750010000 1.0612812500 2.4898437500 3.2357812500
2.0800010000 1.0622187500 2.4909062500 3.2398437500
2.0850010000 1.0632187500 2.4919687500 3.2439062500
2.0900010000 1.0641562500 2.4930937500 3.2479687500
2.0950010000 1.0651562500 2.4941562500 3.2520312500
2.1000010000 1.0660937500 2.4952812500 3.2560937500
2.1050010000 1.0670937500 2.4963437500 3.2601562500
2.1100010000 1.0680937500 2.4974687500 3.2642187500
2.1150010000 1.0690937500 2.4985312500 3.2682812500
2.1200010000 1.0700312500 2.4996562500 3.2723437500
2.1250010000 1.0710312500 2.5007812500 3.2764687500
2.1300010000 1.0720312500 2.5018437500 3.2805312500
2.1350010000 1.0730937500 2.5029687500 3.2845937500
2.1400010000 1.0740937500 2.5040937500 3.2887187500
2.1450010000 1.0750937500 2.5052187500 3.2927812500
2.1500010000 1.0760937500 2.5063437500 3.2969062500
2.1550010000 1.0771562500 2.5074687500 3.3010312500
2.1600010000 1.0781562500 2.5085937500 3.3051562500
2.1650010000 1.0792187500 2.5097187500 3.3092187500
2.1700010000 1.0802812500 2.5108437500 3.3133437500
2.1750010000 1.0812812500 2.5119687500 3.3174687500
2.1800010000 1.0823437500 2.5130937500 3.3215937500
2.1850010000 1.0834062500 2.5142187500 3.3257187500
2.1900010000 1.0844687500 2.5153437500 3.3299062500
2.1950010000 1.0855312500 2.5165312500 3.3340312500
2.2000010000 1.0865937500 2.5176562500 3.3381562500
2.2050010000 1.0876562500 2.5187812500 3.3422812500
2.2100010000 1.0887187500 2.5199687500 3.3464687500
2.2150010000 1.0898437500 2.5210937500 3.3505937500
2.2200010000 1.0909062500 2.5222812500 3.3547812500
2.2250010000 1.0920312500 2.5234062500 3.3589062500
2.2300010000 1.0930937500 2.5245937500 3.3630937500
2.2350010000 1.0942187500 2.5257187500 3.3672812500
2.2400010000 1.0952812500 2.5269062500 3.3714687500
2.2450010000 1.0964062500 2.5280937500 3.3755937500
2.2500010000 1.0975312500 2.5292187500 3.3797812500
2.2550010000 1.0986562500 2.5304062500 3.3839687500
2.2600010000 1.0997812500 2.5315937500 3.3881562500
2.2650010000 1.1009062500 2.5327812500 3.3923437500
2.2700010000 1.1020312500 2.5339687500 3.3965312500
2.2750010000 1.1031562500 2.5351562500 3.4007812500
2.2800010000 1.1042812500 2.5363437500 3.4049687500
2.2850010000 1.1054687500 2.5375312500 3.4091562500
2.2900010000 1.1065937500 2.5387187500 3.4134062500
2.2950010000 1.1077812500 2.5399062500 3.4175937500
2.3000010000 1.1089062500 2.5410937500 3.4217812500
2.3050010000 1.1100937500 2.5422812500 3.4260312500
2.3100010000 1.1112812500 2.5435312500 3.4302812500
2.3150010000 1.1124062500 2.5447187500 3.4344687500
2.3200010000 1.1135937500 2.5459062500 3.4387187500
2.3250010000 1.1147812500 2.5471562500 3.4429687500
2.3300010000 1.1159687500 2.5483437500 3.4472187500
2.3350010000 1.1171562500 2.5495312500 3.4514062500
2.3400010000 1.1183437500 2.5507812500 3.4556562500
2.3450010000 1.1195312500 2.5519687500 3.4599062500
2.3500010000 1.1207812500 2.5532187500 3.4641562500
2.3550010000 1.1219687500 2.5544687500 3.4684062500
2.3600010000 1.1231562500 2.5556562500 3.4727187500
2.3650010000 1.1244062500 2.5569062500 3.4769687500
2.3700010000 1.1255937500 2.5581562500 3.4812187500
2.3750010000 1.1268437500 2.5594062500 3.4854687500
2.3800010000 1.1280937500 2.5605937500 3.4897812500
2.3850010000 1.1292812500 2.5618437500 3.4940312500
2.3900010000 1.1305312500 2.5630937500 3.4983437500
2.3950010000 1.1317812500 2.5643437500 3.5025937500
2.4000010000 1.1330312500 2.5655937500 3.5069062500
2.4050010000 1.1342812500 2.5668437500 3.5112187500
2.4100010000 1.1355312500 2.5680937500 3.5154687500
2.4150010000 1.1367812500 2.5693437500 3.5197812500
2.4200010000 1.1380937500 2.5705937500 3.5240937500
2.4250010000 1.1393437500 2.5719062500 3.5284062500
2.4300010000 1.1405937500 2.5731562500 3.5327187500
2.4350010000 1.1419062500 2.5744062500 3.5370312500
2.4400010000 1.1431562500 2.5757187500 3.5413437500
2.4450010000 1.1444687500 2.5769687500 3.5456562500
2.4500010000 1.1457187500 2.5782187500 3.5499687500
2.4550010000 1.1470312500 2.5795312500 3.5542812500
2.4600010000 1.1483437500 2.5807812500 3.5585937500
2.4650010000 1.1496562500 2.5820937500 3.5629687500
2.4700010000 1.1509687500 2.5833437500 3.5672812500
2.4750010000 1.1522812500 2.5846562500 3.5715937500
2.4800010000 1.1535937500 2.5859687500 3.5759687500
2.4850010000 1.1549062500 2.5872187500 3.5802812500
2.4900010000 1.1562187500 2.5885312500 3.5846562500
2.4950010000 1.1575312500 2.5898437500 3.5889687500
2.5000010000 1.1588437500 2.5911562500 3.5933437500
2.5050010000 1.1602187500 2.5924687500 3.5977187500
2.5100010000 1.1615312500 2.5937187500 3.6020937500
2.5150010000 1.1629062500 2.5950312500 3.6064062500
2.5200010000 1.1642187500 2.5963437500 3.6107812500
2.5250010000 1.1655937500 2.5976562500 3.6151562500
2.5300010000 1.1669687500 2.5989687500 3.6195312500
2.5350010000 1.1682812500 2.6003437500 3.6239062500
2.5400010000 1.1696562500 2.6016562500 3.6282812500
2.5450010000 1.1710312500 2.6029687500 3.6326562500
2.5500010000 1.1724062500 2.6042812500 3.6370312500
2.5550010000 1.1737812500 2.6055937500 3.6414687500
2.5600010000 1.1751562500 2.6069687500 3.6458437500
2.5650010000 1.1765312500 2.6082812500 3.6502187500
2.5700010000 1.1779687500 2.6096562500 3.6546562500
2.5750010000 1.1793437500 2.6109687500 3.6590312500
2.5800010000 1.1807187500 2.6122812500 3.6634062500
2.5850010000 1.1821562500 2.6136562500 3.6678437500
2.5900010000 1.1835312500 2.6150312500 3.6722187500
2.5950010000 1.1849687500 2.6163437500 3.6766562500
2.6000010000 1.1863437500 2.6177187500 3.6810937500
2.6050010000 1.1877812500 2.6190312500 3.6854687500
2.6100010000 1.1892187500 2.6204062500 3.6899062500
2.6150010000 1.1905937500 2.6217812500 3.6943437500
2.6200010000 1.1920312500 2.6231562500 3.6987812500
2.6250010000 1.1934687500 2.6245312500 3.7032187500
2.6300010000 1.1949062500 2.6259062500 3.7076562500
2.6350010000 1.1963437500 2.6272187500 3.7120937500
2.6400010000 1.1977812500 2.6285937500 3.7165312500
2.6450010000 1.1992812500 2.6299687500 3.7209687500
2.6500010000 1.2007187500 2.6313437500 3.7254062500
2.6550010000 1.2021562500 2.6327812500 3.7298437500
2.6600010000 1.2036562500 2.6341562500 3.7342812500
2.6650010000 1.2050937500 2.6355312500 3.7387812500
2.6700010000 1.2065312500 2.6369062500 3.7432187500
2.6750010000 1.2080312500 2.6382812500 3.7476562500
2.6800010000 1.2095312500 2.6397187500 3.7521562500
2.6850010000 1.2109687500 2.6410937500 3.7565937500
2.6900010000 1.2124687500 2.6424687500 3.7610937500
2.6950010000 1.2139687500 2.6439062500 3.7655312500
2.7000010000 1.2154687500 2.6452812500 3.7700312500
2.7050010000 1.2169687500 2.6467187500 3.7744687500
2.7100010000 1.2184687500 2.6480937500 3.7789687500
2.7150010000 1.2199687500 2.6495312500 3.7834687500
2.7200010000 1.2214687500 2.6509687500 3.7879687500
2.7250010000 1.2229687500 2.6523437500 3.7924062500
2.7300010000 1.2244687500 2.6537812500 3.7969062500
2.7350010000 1.2259687500 2.6552187500 3.8014062500
2.7400010000 1.2275312500 2.6565937500 3.8059062500
2.7450010000 1.2290312500 2.6580312500 3.8104062500
2.7500010000 1.2305937500 2.6594687500 3.8149062500
2.7550010000 1.2320937500 2.6609062500 3.8194062500
2.7600010000 1.2336562500 2.6623437500 3.8239062500
2.7650010000 1.2351562500 2.6637812500 3.8284687500
2.7700010000 1.2367187500 2.6652187500 3.8329687500
2.7750010000 1.2382812500 2.6666562500 3.8374687500
2.7800010000 1.2398437500 2.6680937500 3.8419687500
2.7850010000 1.2414062500 2.6695312500 3.8465312500
2.7900010000 1.2429687500 2.6710312500 3.8510312500
2.7950010000 1.2445312500 2.6724687500 3.8555937500
2.8000010000 1.2460937500 2.6739062500 3.8600937500
2.8050010000 1.2476562500 2.6753437500 3.8646562500
2.8100010000 1.2492187500 2.6768437500 3.8691562500
2.8150010000 1.2507812500 2.6782812500 3.8737187500
2.8200010000 1.2523437500 2.6797812500 3.8782187500
2.8250010000 1.2539687500 2.6812187500 3.8827812500
2.8300010000 1.2555312500 2.6827187500 3.8873437500
2.8350010000 1.2571562500 2.6841562500 3.8919062500
2.8400010000 1.2587187500 2.6856562500 3.8964687500
2.8450010000 1.2603437500 2.6870937500 3.9009687500
2.8500010000 1.2619062500 2.6885937500 3.9055312500
2.8550010000 1.2635312500 2.6900937500 3.9100937500
2.8600010000 1.2651562500 2.6915937500 3.9146562500
2.8650010000 1.2667812500 2.6930312500 3.9192187500
2.8700010000 1.2684062500 2.6945312500 3.9237812500
2.8750010000 1.2700312500 2.6960312500 3.9283437500
2.8800010000 1.2716562500 2.6975312500 3.9329687500
2.8850010000 1.2732812500 2.6990312500 3.9375312500
2.8900010000 1.2749062500 2.7005312500 3.9420937500
2.8950010000 1.2765312500 2.7020312500 3.9466562500
2.9000010000 1.2781562500 2.7035312500 3.9512812500
2.9050010000 1.2797812500 2.7050312500 3.9558437500
2.9100010000 1.2814687500 2.7065937500 3.9604687500
2.9150010000 1.2830937500 2.7080937500 3.9650312500
2.9200010000 1.2847812500 2.7095937500 3.9695937500
2.9250010000 1.2864062500 2.7110937500 3.9742187500
2.9300010000 1.2880937500 2.7126562500 3.9788437500
2.9350010000 1.2897187500 2.7141562500 3.9834062500
2.9400010000 1.2914062500 2.7156562500 3.9880312500
2.9450010000 1.2930937500 2.7172187500 3.9926562500
2.9500010000 1.2947187500 2.7187187500 3.9972187500
2.9550010000 1.2964062500 2.7202812500 4.0018437500
2.9600010000 1.2980937500 2.7218437500 4.0064687500
2.9650010000 1.2997812500 2.7233437500 4.0110937500
2.9700010000 1.3014687500 2.7249062500 4.0157187500
2.9750010000 1.3031562500 2.7264062500 4.0203437500
2.9800010000 1.3048437500 2.7279687500 4.0249687500
2.9850010000 1.3065312500 2.7295312500 4.0295937500
2.9900010000 1.3082812500 2.7310937500 4.0342187500
2.9950010000 1.3099687500 2.7326562500 4.0388437500
3.0000010000 1.3116562500 2.7342187500 4.0434687500
3.0050010000 1.3134062500 2.7357812500 4.0480937500
3.0100010000 1.3150937500 2.7373437500 4.0527187500
3.0150010000 1.3168437500 2.7389062500 4.0574062500
3.0200010000 1.3185312500 2.7404687500 4.0620312500
3.0250010000 1.3202812500 2.7420312500 4.0666562500
3.0300010000 1.3219687500 2.7435937500 4.0713437500
3.0350010000 1.3237187500 2.7451562500 4.0759687500
3.0400010000 1.3254687500 2.7467187500 4.0805937500
3.0450010000 1.3272187500 2.7483437500 4.0852812500
3.0500010000 1.3289687500 2.7499062500 4.0899062500
3.0550010000 1.3307187500 2.7514687500 4.0945937500
3.0600010000 1.3324687500 2.7530937500 4.0992812500
3.0650010000 1.3342187500 2.7546562500 4.1039062500
3.0700010000 1.3359687500 2.7562187500 4.1085937500
3.0750010000 1.3377187500 2.7578437500 4.1132812500
3.0800010000 1.3394687500 2.7594062500 4.1179062500
3.0850010000 1.3412187500 2.7610312500 4.1225937500
3.0900010000 1.3430312500 2.7626562500 4.1272812500
3.0950010000 1.3447812500 2.7642187500 4.1319687500
3.1000010000 1.3465312500 2.7658437500 4.1366562500
3.1050010000 1.3483437500 2.7674687500 4.1413437500
3.1100010000 1.3500937500 2.7690937500 4.1460312500
3.1150010000 1.3519062500 2.7706562500 4.1507187500
3.1200010000 1.3536562500 2.7722812500 4.1554062500
3.1250010000 1.3554687500 2.7739062500 4.1600937500
3.1300010000 1.3572812500 2.7755312500 4.1647812500
3.1350010000 1.3590937500 2.7771562500 4.1694687500
3.1400010000 1.3608437500 2.7787812500 4.1741562500
3.1450010000 1.3626562500 2.7804062500 4.1789062500
3.1500010000 1.3644687500 2.7820312500 4.1835937500
3.1550010000 1.3662812500 2.7837187500 4.1882812500
3.1600010000 1.3680937500 2.7853437500 4.1929687500
3.1650010000 1.3699062500 2.7869687500 4.1977187500
3.1700010000 1.3717812500 2.7885937500 4.2024062500
3.1750010000 1.3735937500 2.7902812500 4.2071562500
3.1800010000 1.3754062500 2.7919062500 4.2118437500
3.1850010000 1.3772187500 2.7935312500 4.2165937500
3.1900010000 1.3790937500 2.7952187500 4.2212812500
3.1950010000 1.3809062500 2.7968437500 4.2260312500
3.2000010000 1.3827187500 2.7985312500 4.2307812500
3.2050010000 1.3845937500 2.8001562500 4.2354687500
3.2100010000 1.3864062500 2.8018437500 4.2402187500
3.2150010000 1.3882812500 2.8034687500 4.2449687500
3.2200010000 1.3901562500 2.8051562500 4.2496562500
3.2250010000 1.3919687500 2.8068437500 4.2544062500
3.2300010000 1.3938437500 2.8085312500 4.2591562500
3.2350010000 1.3957187500 2.8101562500 4.2639062500
3.2400010000 1.3975937500 2.8118437500 4.2686562500
3.2450010000 1.3994687500 2.8135312500 4.2734062500
3.2500010000 1.4013437500 2.8152187500 4.2781562500
3.2550010000 1.4032187500 2.8169062500 4.2829062500
3.2600010000 1.4050937500 2.8185937500 4.2876562500
3.2650010000 1.4069687500 2.8202812500 4.2924062500
3.2700010000 1.4088437500 2.8219687500 4.2971562500
3.2750010000 1.4107187500 2.8236562500 4.3019062500
3.2800010000 1.4125937500 2.8253437500 4.3067187500
3.2850010000 1.4145312500 2.8270937500 4.3114687500
3.2900010000 1.4164062500 2.8287812500 4.3162187500
3.2950010000 1.4183437500 2.8304687500 4.3209687500
3.3000010000 1.4202187500 2.8321562500 4.3257812500
3.3050010000 1.4220937500 2.8339062500 4.3305312500
3.3100010000 1.4240312500 2.8355937500 4.3352812500
3.3150010000 1.4259687500 2.8373437500 4.3400937500
3.3200010000 1.4278437500 2.8390312500 4.3448437500
3.3250010000 1.4297812500 2.8407812500 4.3496562500
3.3300010000 1.4317187500 2.8424687500 4.3544062500
3.3350010000 1.4336562500 2.8442187500 4.3592187500
3.3400010000 1.4355312500 2.8459062500 4.3640312500
3.3450010000 1.4374687500 2.8476562500 4.3687812500
3.3500010000 1.4394062500 2.8494062500 4.3735937500
3.3550010000 1.4413437500 2.8511562500 4.3784062500
3.3600010000 1.4432812500 2.8528437500 4.3831562500
3.3650010000 1.4452187500 2.8545937500 4.3879687500
3.3700010000 1.4471562500 2.8563437500 4.3927812500
3.3750010000 1.4491562500 2.8580937500 4.3975937500
3.3800010000 1.4510937500 2.8598437500 4.4024062500
3.3850010000 1.4530312500 2.8615937500 4.4072187500
3.3900010000 1.4549687500 2.8633437500 4.4120312500
3.3950010000 1.4569687500 2.8650937500 4.4168437500
3.4000010000 1.4589062500 2.8668437500 4.4216562500
3.4050010000 1.4609062500 2.8685937500 4.4264687500
3.4100010000 1.4628437500 2.8704062500 4.4312812500
3.4150010000 1.4648437500 2.8721562500 4.4360937500
3.4200010000 1.4667812500 2.8739062500 4.4409062500
3.4250010000 1.4687812500 2.8756562500 4.4457187500
3.4300010000 1.4707812500 2.8774687500 4.4505312500
3.4350010000 1.4727812500 2.8792187500 4.4554062500
3.4400010000 1.4747187500 2.8810312500 4.4602187500
3.4450010000 1.4767187500 2.8827812500 4.4650312500
3.4500010000 1.4787187500 2.8845937500 4.4698437500
3.4550010000 1.4807187500 2.8863437500 4.4747187500
3.4600010000 1.4827187500 2.8881562500 4.4795312500
3.4650010000 1.4847187500 2.8899687500 4.4844062500
3.4700010000 1.4867187500 2.8917187500 4.4892187500
3.4750010000 1.4887187500 2.8935312500 4.4940937500
3.4800010000 1.4907812500 2.8953437500 4.4989062500
3.4850010000 1.4927812500 2.8971562500 4.5037812500
3.4900010000 1.4947812500 2.8989062500 4.5085937500
3.4950010000 1.4967812500 2.9007187500 4.5134687500
3.5000010000 1.4988437500 2.9025312500 4.5183437500
3.5050010000 1.5008437500 2.9043437500 4.5231562500
3.5100010000 1.5029062500 2.9061562500 4.5280312500
3.5150010000 1.5049062500 2.9079687500 4.5329062500
3.5200010000 1.5069687500 2.9097812500 4.5377187500
3.5250010000 1.5089687500 2.9115937500 4.5425937500
3.5300010000 1.5110312500 2.9134687500 4.5474687500
3.5350010000 1.5130937500 2.9152812500 4.5523437500
3.5400010000 1.5150937500 2.9170937500 4.5572187500
3.5450010000 1.5171562500 2.9189062500 4.5620937500
3.5500010000 1.5192187500 2.9207812500 4.5669687500
3.5550010000 1.5212812500 2.9225937500 4.5718437500
3.5600010000 1.5233437500 2.9244062500 4.5767187500
3.5650010000 1.5254062500 2.9262812500 4.5815937500
3.5700010000 1.5274687500 2.9280937500 4.5864687500
3.5750010000 1.5295312500 2.9299687500 4.5913437500
3.5800010000 1.5315937500 2.9318437500 4.5962187500
3.5850010000 1.5336562500 2.9336562500 4.6011562500
3.5900010000 1.5357187500 2.9355312500 4.6060312500
3.5950010000 1.5378437500 2.9373437500 4.6109062500
3.6000010000 1.5399062500 2.9392187500 4.6157812500
3.6050010000 1.5419687500 2.9410937500 4.6207187500
3.6100010000 1.5440937500 2.9429687500 4.6255937500
3.6150010000 1.5461562500 2.9448437500 4.6304687500
3.6200010000 1.5482187500 2.9467187500 4.6354062500
3.6250010000 1.5503437500 2.9485312500 4.6402812500
3.6300010000 1.5524687500 2.9504062500 4.6452187500
3.6350010000 1.5545312500 2.9522812500 4.6500937500
3.6400010000 1.5566562500 2.9542187500 4.6550312500
3.6450010000 1.5587187500 2.9560937500 4.6599062500
3.6500010000 1.5608437500 2.9579687500 4.6648437500
3.6550010000 1.5629687500 2.9598437500 4.6697187500
3.6600010000 1.5650937500 2.9617187500 4.6746562500
3.6650010000 1.5672187500 2.9635937500 4.6795937500
3.6700010000 1.5693437500 2.9655312500 4.6844687500
3.6750010000 1.5714687500 2.9674062500 4.6894062500
3.6800010000 1.5735937500 2.9692812500 4.6943437500
3.6850010000 1.5757187500 2.9712187500 4.6992812500
3.6900010000 1.5778437500 2.9730937500 4.7041562500
3.6950010000 1.5799687500 2.9750312500 4.7090937500
3.7000010000 1.5820937500 2.9769062500 4.7140312500
3.7050010000 1.5842187500 2.9788437500 4.7189687500
3.7100010000 1.5864062500 2.9807812500 4.7239062500
3.7150010000 1.5885312500 2.9826562500 4.7288437500
3.7200010000 1.5906562500 2.9845937500 4.7337812500
3.7250010000 1.5928437500 2.9865312500 4.7387187500
3.7300010000 1.5949687500 2.9884062500 4.7436562500
3.7350010000 1.5971562500 2.9903437500 4.7485937500
3.7400010000 1.5992812500 2.9922812500 4.7535312500
3.7450010000 1.6014687500 2.9942187500 4.7584687500
3.7500010000 1.6035937500 2.9961562500 4.7634687500
3.7550010000 1.6057812500 2.9980937500 4.7684062500
3.7600010000 1.6079687500 3.0000312500 4.7733437500
3.7650010000 1.6101562500 3.0019687500 4.7782812500
3.7700010000 1.6122812500 3.0039062500 4.7832812500
3.7750010000 1.6144687500 3.0058437500 4.7882187500
3.7800010000 1.6166562500 3.0077812500 4.7931562500
3.7850010000 1.6188437500 3.0097812500 4.7981562500
3.7900010000 1.6210312500 3.0117187500 4.8030937500
3.7950010000 1.6232187500 3.0136562500 4.8080312500
3.8000010000 1.6254062500 3.0156562500 4.8130312500
3.8050010000 1.6275937500 3.0175937500 4.8179687500
3.8100010000 1.6297812500 3.0195312500 4.8229687500
3.8150010000 1.6320312500 3.0215312500 4.8279062500
3.8200010000 1.6342187500 3.0234687500 4.8329062500
3.8250010000 1.6364062500 3.0254687500 4.8379062500
3.8300010000 1.6385937500 3.0274687500 4.8428437500
3.8350010000 1.6408437500 3.0294062500 4.8478437500
3.8400010000 1.6430312500 3.0314062500 4.8528437500
3.8450010000 1.6452812500 3.0334062500 4.8577812500
3.8500010000 1.6474687500 3.0353437500 4.8627812500
3.8550010000 1.6497187500 3.0373437500 4.8677812500
3.8600010000 1.6519062500 3.0393437500 4.8727812500
3.8650010000 1.6541562500 3.0413437500 4.8777812500
3.8700010000 1.6564062500 3.0433437500 4.8827187500
3.8750010000 1.6585937500 3.0453437500 4.8877187500
3.8800010000 1.6608437500 3.0473437500 4.8927187500
3.8850010000 1.6630937500 3.0493437500 4.8977187500
3.8900010000 1.6653437500 3.0513437500 4.9027187500
3.8950010000 1.6675937500 3.0533437500 4.9077187500
3.9000010000 1.6697812500 3.0553437500 4.9127187500
3.9050010000 1.6720312500 3.0573437500 4.9177187500
3.9100010000 1.6742812500 3.0593437500 4.9227187500
3.9150010000 1.6765937500 3.0614062500 4.9277187500
3.9200010000 1.6788437500 3.0634062500 4.9327812500
3.9250010000 1.6810937500 3.0654062500 4.9377812500
3.9300010000 1.6833437500 3.0674687500 4.9427812500
3.9350010000 1.6855937500 3.0694687500 4.9477812500
3.9400010000 1.6878437500 3.0715312500 4.9527812500
3.9450010000 1.6901562500 3.0735312500 4.9578437500
3.9500010000 1.6924062500 3.0755937500 4.9628437500
3.9550010000 1.6946562500 3.0775937500 4.9678437500
3.9600010000 1.6969687500 3.0796562500 4.9729062500
3.9650010000 1.6992187500 3.0817187500 4.9779062500
3.9700010000 1.7015312500 3.0837187500 4.9829062500
3.9750010000 1.7037812500 3.0857812500 4.9879687500
3.9800010000 1.7060937500 3.0878437500 4.9929687500
3.9850010000 1.7084062500 3.0899062500 4.9980312500
3.9900010000 1.7106562500 3.0919687500 5.0030312500
3.9950010000 1.7129687500 3.0940312500 5.0080937500
4.0000010000 1.7152812500 3.0960937500 5.0130937500
4.0050010000 1.7175937500 3.0981562500 5.0181562500
4.0100010000 1.7199062500 3.1002187500 5.0232187500
4.0150010000 1.7221562500 3.1022812500 5.0282187500
4.0200010000 1.7244687500 3.1043437500 5.0332812500
4.0250010000 1.7267812500 3.1064062500 5.0383437500
4.0300010000 1.7290937500 3.1084687500 5.0434062500
4.0350010000 1.7314062500 3.1105937500 5.0484062500
4.0400010000 1.7337812500 3.1126562500 5.0534687500
4.0450010000 1.7360937500 3.1147187500 5.0585312500
4.0500010000 1.7384062500 3.1168437500 5.0635937500
4.0550010000 1.7407187500 3.1189062500 5.0686562500
4.0600010000 1.7430312500 3.1209687500 5.0737187500
4.0650010000 1.7454062500 3.1230937500 5.0787187500
4.0700010000 1.7477187500 3.1251562500 5.0837812500
4.0750010000 1.7500312500 3.1272812500 5.0888437500
4.0800010000 1.7524062500 3.1294062500 5.0939062500
4.0850010000 1.7547187500 3.1314687500 5.0989687500
4.0900010000 1.7570937500 3.1335937500 5.1040312500
4.0950010000 1.7594062500 3.1357187500 5.1091562500
4.1000010000 1.7617812500 3.1378437500 5.1142187500
4.1050010000 1.7641562500 3.1399062500 5.1192812500
4.1100010000 1.7664687500 3.1420312500 5.1243437500
4.1150010000 1.7688437500 3.1441562500 5.1294062500
4.1200010000 1.7712187500 3.1462812500 5.1344687500
4.1250010000 1.7735937500 3.1484062500 5.1395937500
4.1300010000 1.7759062500 3.1505312500 5.1446562500
4.1350010000 1.7782812500 3.1526562500 5.1497187500
4.1400010000 1.7806562500 3.1547812500 5.1548437500
4.1450010000 1.7830312500 3.1569062500 5.1599062500
4.1500010000 1.7854062500 3.1590937500 5.1649687500
4.1550010000 1.7877812500 3.1612187500 5.1700937500
4.1600010000 1.7901562500 3.1633437500 5.1751562500
4.1650010000 1.7925312500 3.1654687500 5.1802812500
4.1700010000 1.7949687500 3.1676562500 5.1853437500
4.1750010000 1.7973437500 3.1697812500 5.1904687500
4.1800010000 1.7997187500 3.1719687500 5.1955312500
4.1850010000 1.8020937500 3.1740937500 5.2006562500
4.1900010000 1.8045312500 3.1762812500 5.2057187500
4.1950010000 1.8069062500 3.1784062500 5.2108437500
4.2000010000 1.8093437500 3.1805937500 5.2159062500
4.2050010000 1.8117187500 3.1827187500 5.2210312500
4.2100010000 1.8140937500 3.1849062500 5.2261562500
4.2150010000 1.8165312500 3.1870937500 5.2312187500
4.2200010000 1.8189687500 3.1892812500 5.2363437500
4.2250010000 1.8213437500 3.1914062500 5.2414687500
4.2300010000 1.8237812500 3.1935937500 5.2465937500
4.2350010000 1.8262187500 3.1957812500 5.2517187500
4.2400010000 1.8285937500 3.1979687500 5.2567812500
4.2450010000 1.8310312500 3.2001562500 5.2619062500
4.2500010000 1.8334687500 3.2023437500 5.2670312500
4.2550010000 1.8359062500 3.2045312500 5.2721562500
4.2600010000 1.8383437500 3.2067187500 5.2772812500
4.2650010000 1.8407812500 3.2089062500 5.2824062500
4.2700010000 1.8432187500 3.2110937500 5.2875312500
4.2750010000 1.8456562500 3.2133437500 5.2926562500
4.2800010000 1.8480937500 3.2155312500 5.2977812500
4.2850010000 1.8505312500 3.2177187500 5.3029062500
4.2900010000 1.8529687500 3.2199687500 5.3080312500
4.2950010000 1.8554062500 3.2221562500 5.3131562500
4.3000010000 1.8578437500 3.2243437500 5.3183437500
4.3050010000 1.8603437500 3.2265937500 5.3234687500
4.3100010000 1.8627812500 3.2287812500 5.3285937500
4.3150010000 1.8652187500 3.2310312500 5.3337187500
4.3200010000 1.8677187500 3.2332187500 5.3388437500
4.3250010000 1.8701562500 3.2354687500 5.3440312500
4.3300010000 1.8725937500 3.2377187500 5.3491562500
4.3350010000 1.8750937500 3.2399062500 5.3542812500
4.3400010000 1.8775312500 3.2421562500 5.3594687500
4.3450010000 1.8800312500 3.2444062500 5.3645937500
4.3500010000 1.8825312500 3.2466562500 5.3697187500
4.3550010000 1.8849687500 3.2489062500 5.3749062500
4.3600010000 1.8874687500 3.2511562500 5.3800312500
4.3650010000 1.8899687500 3.2534062500 5.3852187500
4.3700010000 1.8924062500 3.2556562500 5.3903437500
4.3750010000 1.8949062500 3.2579062500 5.3955312500
4.3800010000 1.8974062500 3.2601562500 5.4006562500
4.3850010000 1.8999062500 3.2624062500 5.4058437500
4.3900010000 1.9024062500 3.2646562500 5.4110312500
4.3950010000 1.9049062500 3.2669062500 5.4161562500
4.4000010000 1.9074062500 3.2691562500 5.4213437500
4.4050010000 1.9099062500 3.2714687500 5.4265312500
4.4100010000 1.9124062500 3.2737187500 5.4316562500
4.4150010000 1.9149062500 3.2759687500 5.4368437500
4.4200010000 1.9174062500 3.2782812500 5.4420312500
4.4250010000 1.9199687500 3.2805312500 5.4471562500
4.4300010000 1.9224687500 3.2828437500 5.4523437500
4.4350010000 1.9249687500 3.2850937500 5.4575312500
4.4400010000 1.9274687500 3.2874062500 5.4627187500
4.4450010000 1.9300312500 3.2897187500 5.4679062500
4.4500010000 1.9325312500 3.2919687500 5.4730937500
4.4550010000 1.9350937500 3.2942812500 5.4782812500
4.4600010000 1.9375937500 3.2965937500 5.4834687500
4.4650010000 1.9401562500 3.2988437500 5.4886562500
4.4700010000 1.9426562500 3.3011562500 5.4938437500
4.4750010000 1.9452187500 3.3034687500 5.4990312500
4.4800010000 1.9477187500 3.3057812500 5.5042187500
4.4850010000 1.9502812500 3.3080937500 5.5094062500
4.4900010000 1.9528437500 3.3104062500 5.5145937500
4.4950010000 1.9554062500 3.3127187500 5.5197812500
4.5000010000 1.9579062500 3.3150312500 5.5249687500
4.5050010000 1.9604687500 3.3173437500 5.5301562500
4.5100010000 1.9630312500 3.3196562500 5.5353437500
4.5150010000 1.9655937500 3.3220312500 5.5405937500
4.5200010000 1.9681562500 3.3243437500 5.5457812500
4.5250010000 1.9707187500 3.3266562500 5.5509687500
4.5300010000 1.9732812500 3.3289687500 5.5561562500
4.5350010000 1.9758437500 3.3313437500 5.5614062500
4.5400010000 1.9784062500 3.3336562500 5.5665937500
4.5450010000 1.9809687500 3.3360312500 5.5718437500
4.5500010000 1.9835312500 3.3383437500 5.5770312500
4.5550010000 1.9861562500 3.3407187500 5.5822187500
4.5600010000 1.9887187500 3.3430312500 5.5874687500
4.5650010000 1.9912812500 3.3454062500 5.5926562500
4.5700010000 1.9939062500 3.3477812500 5.5979062500
4.5750010000 1.9964687500 3.3500937500 5.6030937500
4.5800010000 1.9990312500 3.3524687500 5.6083437500
4.5850010000 2.0016562500 3.3548437500 5.6135312500
4.5900010000 2.0042187500 3.3572187500 5.6187812500
4.5950010000 2.0068437500 3.3595937500 5.6240312500
4.6000010000 2.0094062500 3.3619062500 5.6292187500
4.6050010000 2.0120312500 3.3642812500 5.6344687500
4.6100010000 2.0146562500 3.3666562500 5.6397187500
4.6150010000 2.0172187500 3.3690312500 5.6449062500
4.6200010000 2.0198437500 3.3714687500 5.6501562500
4.6250010000 2.0224687500 3.3738437500 5.6554062500
4.6300010000 2.0250937500 3.3762187500 5.6606562500
4.6350010000 2.0276562500 3.3785937500 5.6658437500
4.6400010000 2.0302812500 3.3809687500 5.6710937500
4.6450010000 2.0329062500 3.3834062500 5.6763437500
4.6500010000 2.0355312500 3.3857812500 5.6815937500
4.6550010000 2.0381562500 3.3881562500 5.6868437500
4.6600010000 2.0407812500 3.3905937500 5.6920937500
4.6650010000 2.0434062500 3.3929687500 5.6973437500
4.6700010000 2.0460312500 3.3954062500 5.7025937500
4.6750010000 2.0486562500 3.3977812500 5.7078437500
4.6800010000 2.0513437500 3.4002187500 5.7130937500
4.6850010000 2.0539687500 3.4025937500 5.7183437500
4.6900010000 2.0565937500 3.4050312500 5.7235937500
4.6950010000 2.0592187500 3.4074687500 5.7288437500
4.7000010000 2.0619062500 3.4099062500 5.7340937500
4.7050010000 2.0645312500 3.4122812500 5.7393437500
4.7100010000 2.0671562500 3.4147187500 5.7445937500
4.7150010000 2.0698437500 3.4171562500 5.7499062500
4.7200010000 2.0724687500 3.4195937500 5.7551562500
4.7250010000 2.0751562500 3.4220312500 5.7604062500
4.7300010000 2.0777812500 3.4244687500 5.7656562500
4.7350010000 2.0804687500 3.4269062500 5.7709687500
4.7400010000 2.0831562500 3.4293437500 5.7762187500
4.7450010000 2.0857812500 3.4317812500 5.7814687500
4.7500010000 2.0884687500 3.4342187500 5.7867812500
4.7550010000 2.0911562500 3.4367187500 5.7920312500
4.7600010000 2.0938437500 3.4391562500 5.7972812500
4.7650010000 2.0964687500 3.4415937500 5.8025937500
4.7700010000 2.0991562500 3.4440937500 5.8078437500
4.7750010000 2.1018437500 3.4465312500 5.8131562500
4.7800010000 2.1045312500 3.4489687500 5.8184062500
4.7850010000 2.1072187500 3.4514687500 5.8237187500
4.7900010000 2.1099062500 3.4539062500 5.8289687500
4.7950010000 2.1125937500 3.4564062500 5.8342812500
4.8000010000 2.1152812500 3.4589062500 5.8395937500
4.8050010000 2.1179687500 3.4613437500 5.8448437500
4.8100010000 2.1206562500 3.4638437500 5.8501562500
4.8150010000 2.1234062500 3.4663437500 5.8554062500
4.8200010000 2.1260937500 3.4687812500 5.8607187500
4.8250010000 2.1287812500 3.4712812500 5.8660312500
4.8300010000 2.1315312500 3.4737812500 5.8713437500
4.8350010000 2.1342187500 3.4762812500 5.8765937500
4.8400010000 2.1369062500 3.4787812500 5.8819062500
4.8450010000 2.1396562500 3.4812812500 5.8872187500
4.8500010000 2.1423437500 3.4837812500 5.8925312500
4.8550010000 2.1450937500 3.4862812500 5.8978437500
4.8600010000 2.1477812500 3.4887812500 5.9031562500
4.8650010000 2.1505312500 3.4912812500 5.9084687500
4.8700010000 2.1532187500 3.4938437500 5.9137187500
4.8750010000 2.1559687500 3.4963437500 5.9190312500
4.8800010000 2.1587187500 3.4988437500 5.9243437500
4.8850010000 2.1614062500 3.5013437500 5.9296562500
4.8900010000 2.1641562500 3.5039062500 5.9349687500
4.8950010000 2.1669062500 3.5064062500 5.9403437500
4.9000010000 2.1696562500 3.5089687500 5.9456562500
4.9050010000 2.1724062500 3.5114687500 5.9509687500
4.9100010000 2.1751562500 3.5140312500 5.9562812500
4.9150010000 2.1778437500 3.5165312500 5.9615937500
4.9200010000 2.1805937500 3.5190937500 5.9669062500
4.9250010000 2.1833437500 3.5216562500 5.9722187500
4.9300010000 2.1861562500 3.5241562500 5.9775937500
4.9350010000 2.1889062500 3.5267187500 5.9829062500
4.9400010000 2.1916562500 3.5292812500 5.9882187500
4.9450010000 2.1944062500 3.5318437500 5.9935312500
4.9500010000 2.1971562500 3.5344062500 5.9989062500
4.9550010000 2.1999062500 3.5369687500 6.0042187500
4.9600010000 2.2027187500 3.5395312500 6.0095312500
4.9650010000 2.2054687500 3.5420937500 6.0149062500
4.9700010000 2.2082187500 3.5446562500 6.0202187500
4.9750010000 2.2110312500 3.5472187500 6.0255937500
4.9800010000 2.2137812500 3.5497812500 6.0309062500
4.9850010000 2.2165937500 3.5523437500 6.0362812500
4.9900010000 2.2193437500 3.5549062500 6.0415937500
4.9950010000 2.2221562500 3.5575312500 6.0469687500
