0.0000010000 0.9999687500
0.0050010000 0.9999687500
0.0100010000 0.9999687500
0.0150010000 0.9999687500
0.0200010000 0.9999687500
0.0250010000 0.9999687500
0.0300010000 0.9999687500
0.0350010000 0.9999062500
0.0400010000 0.9999062500
0.0450010000 0.9999062500
0.0500010000 0.9998437500
0.0550010000 0.9998437500
0.0600010000 0.9997812500
0.0650010000 0.9997187500
0.0700010000 0.9997187500
0.0750010000 0.9996562500
0.0800010000 0.9995937500
0.0850010000 0.9995312500
0.0900010000 0.9995312500
0.0950010000 0.9994687500
0.1000010000 0.9994062500
0.1050010000 0.9993437500
0.1100010000 0.9992812500
0.1150010000 0.9992187500
0.1200010000 0.9991562500
0.1250010000 0.9990312500
0.1300010000 0.9989687500
0.1350010000 0.9989062500
0.1400010000 0.9988437500
0.1450010000 0.9987187500
0.1500010000 0.9986562500
0.1550010000 0.9985312500
0.1600010000 0.9984687500
0.1650010000 0.9983437500
0.1700010000 0.9982812500
0.1750010000 0.9981562500
0.1800010000 0.9980312500
0.1850010000 0.9979687500
0.1900010000 0.9978437500
0.1950010000 0.9977187500
0.2000010000 0.9975937500
0.2050010000 0.9975312500
0.2100010000 0.9974062500
0.2150010000 0.9972812500
0.2200010000 0.9971562500
0.2250010000 0.9970312500
0.2300010000 0.9969062500
0.2350010000 0.9967187500
0.2400010000 0.9965937500
0.2450010000 0.9964687500
0.2500010000 0.9963437500
0.2550010000 0.9962187500
0.2600010000 0.9960312500
0.2650010000 0.9959062500
0.2700010000 0.9957812500
0.2750010000 0.9955937500
0.2800010000 0.9954687500
0.2850010000 0.9952812500
0.2900010000 0.9951562500
0.2950010000 0.9949687500
0.3000010000 0.9948437500
0.3050010000 0.9946562500
0.3100010000 0.9944687500
0.3150010000 0.9943437500
0.3200010000 0.9941562500
0.3250010000 0.9939687500
0.3300010000 0.9938437500
0.3350010000 0.9936562500
0.3400010000 0.9934687500
0.3450010000 0.9932812500
0.3500010000 0.9930937500
0.3550010000 0.9929062500
0.3600010000 0.9927187500
0.3650010000 0.9925937500
0.3700010000 0.9924062500
0.3750010000 0.9922187500
0.3800010000 0.9920312500
0.3850010000 0.9917812500
0.3900010000 0.9915937500
0.3950010000 0.9914062500
0.4000010000 0.9912187500
0.4050010000 0.9910312500
0.4100010000 0.9908437500
0.4150010000 0.9906562500
0.4200010000 0.9904687500
0.4250010000 0.9902187500
0.4300010000 0.9900312500
0.4350010000 0.9898437500
0.4400010000 0.9896562500
0.4450010000 0.9894062500
0.4500010000 0.9892187500
0.4550010000 0.9890312500
0.4600010000 0.9887812500
0.4650010000 0.9885937500
0.4700010000 0.9884062500
0.4750010000 0.9881562500
0.4800010000 0.9879687500
0.4850010000 0.9877812500
0.4900010000 0.9875312500
0.4950010000 0.9873437500
0.5000010000 0.9871562500
0.5050010000 0.9869062500
0.5100010000 0.9867187500
0.5150010000 0.9864687500
0.5200010000 0.9862812500
0.5250010000 0.9860312500
0.5300010000 0.9858437500
0.5350010000 0.9856562500
0.5400010000 0.9854062500
0.5450010000 0.9852187500
0.5500010000 0.9849687500
0.5550010000 0.9847812500
0.5600010000 0.9845312500
0.5650010000 0.9843437500
0.5700010000 0.9840937500
0.5750010000 0.9839062500
0.5800010000 0.9837187500
0.5850010000 0.9834687500
0.5900010000 0.9832812500
0.5950010000 0.9830312500
0.6000010000 0.9828437500
0.6050010000 0.9825937500
0.6100010000 0.9824062500
0.6150010000 0.9822187500
0.6200010000 0.9819687500
0.6250010000 0.9817812500
0.6300010000 0.9815312500
0.6350010000 0.9813437500
0.6400010000 0.9811562500
0.6450010000 0.9809062500
0.6500010000 0.9807187500
0.6550010000 0.9805312500
0.6600010000 0.9802812500
0.6650010000 0.9800937500
0.6700010000 0.9799062500
0.6750010000 0.9797187500
0.6800010000 0.9794687500
0.6850010000 0.9792812500
0.6900010000 0.9790937500
0.6950010000 0.9789062500
0.7000010000 0.9787187500
0.7050010000 0.9784687500
0.7100010000 0.9782812500
0.7150010000 0.9780937500
0.7200010000 0.9779062500
0.7250010000 0.9777187500
0.7300010000 0.9775312500
0.7350010000 0.9773437500
0.7400010000 0.9771562500
0.7450010000 0.9769687500
0.7500010000 0.9767812500
0.7550010000 0.9765937500
0.7600010000 0.9764062500
0.7650010000 0.9762187500
0.7700010000 0.9760312500
0.7750010000 0.9758437500
0.7800010000 0.9757187500
0.7850010000 0.9755312500
0.7900010000 0.9753437500
0.7950010000 0.9751562500
0.8000010000 0.9750312500
0.8050010000 0.9748437500
0.8100010000 0.9747187500
