4.869700 1.705898 2.310586 2.502930
4.869800 1.705977 2.310586 2.503008
4.869900 1.706055 2.310664 2.503086
4.870000 1.706055 2.310664 2.503164
4.870100 1.706133 2.310664 2.503242
4.870200 1.706211 2.310664 2.503242
4.870300 1.706289 2.310742 2.503320
4.870400 1.706367 2.310742 2.503398
4.870500 1.706367 2.310742 2.503477
4.870600 1.706445 2.310742 2.503555
4.870700 1.706523 2.310820 2.503633
4.870800 1.706602 2.310820 2.503711
4.870900 1.706680 2.310820 2.503789
4.871000 1.706680 2.310898 2.503867
4.871100 1.706758 2.310898 2.503945
4.871200 1.706836 2.310898 2.504023
4.871300 1.706914 2.310898 2.504102
4.871400 1.706914 2.310977 2.504180
4.871500 1.706992 2.310977 2.504258
4.871600 1.707070 2.310977 2.504336
4.871700 1.707148 2.310977 2.504414
4.871800 1.707227 2.311055 2.504492
4.871900 1.707227 2.311055 2.504570
4.872000 1.707305 2.311055 2.504648
4.872100 1.707383 2.311133 2.504727
4.872200 1.707461 2.311133 2.504727
4.872300 1.707539 2.311133 2.504805
4.872400 1.707539 2.311133 2.504883
4.872500 1.707617 2.311211 2.504961
4.872600 1.707695 2.311211 2.505039
4.872700 1.707773 2.311211 2.505117
4.872800 1.707852 2.311211 2.505195
4.872900 1.707852 2.311289 2.505273
4.873000 1.707930 2.311289 2.505352
4.873100 1.708008 2.311289 2.505430
4.873200 1.708086 2.311367 2.505508
4.873300 1.708086 2.311367 2.505586
4.873400 1.708164 2.311367 2.505664
4.873500 1.708242 2.311367 2.505742
4.873600 1.708320 2.311445 2.505820
4.873700 1.708398 2.311445 2.505898
4.873800 1.708398 2.311445 2.505977
4.873900 1.708477 2.311445 2.506055
4.874000 1.708555 2.311523 2.506133
4.874100 1.708633 2.311523 2.506211
4.874200 1.708711 2.311523 2.506211
4.874300 1.708711 2.311602 2.506289
4.874400 1.708789 2.311602 2.506367
4.874500 1.708867 2.311602 2.506445
4.874600 1.708945 2.311602 2.506523
4.874700 1.709023 2.311680 2.506602
4.874800 1.709023 2.311680 2.506680
4.874900 1.709102 2.311680 2.506758
4.875000 1.709180 2.311758 2.506836
4.875100 1.709258 2.311758 2.506914
4.875200 1.709258 2.311758 2.506992
4.875300 1.709336 2.311758 2.507070
4.875400 1.709414 2.311836 2.507148
4.875500 1.709492 2.311836 2.507227
4.875600 1.709570 2.311836 2.507305
4.875700 1.709570 2.311836 2.507383
4.875800 1.709648 2.311914 2.507461
4.875900 1.709727 2.311914 2.507539
4.876000 1.709805 2.311914 2.507617
4.876100 1.709883 2.311992 2.507617
4.876200 1.709883 2.311992 2.507695
4.876300 1.709961 2.311992 2.507773
4.876400 1.710039 2.311992 2.507852
4.876500 1.710117 2.312070 2.507930
4.876600 1.710195 2.312070 2.508008
4.876700 1.710195 2.312070 2.508086
4.876800 1.710273 2.312148 2.508164
4.876900 1.710352 2.312148 2.508242
4.877000 1.710430 2.312148 2.508320
4.877100 1.710430 2.312148 2.508398
4.877200 1.710508 2.312227 2.508477
4.877300 1.710586 2.312227 2.508555
4.877400 1.710664 2.312227 2.508633
4.877500 1.710742 2.312227 2.508711
4.877600 1.710742 2.312305 2.508789
4.877700 1.710820 2.312305 2.508867
4.877800 1.710898 2.312305 2.508945
4.877900 1.710977 2.312383 2.509023
4.878000 1.711055 2.312383 2.509023
4.878100 1.711055 2.312383 2.509102
4.878200 1.711133 2.312383 2.509180
4.878300 1.711211 2.312461 2.509258
4.878400 1.711289 2.312461 2.509336
4.878500 1.711367 2.312461 2.509414
4.878600 1.711367 2.312539 2.509492
4.878700 1.711445 2.312539 2.509570
4.878800 1.711523 2.312539 2.509648
4.878900 1.711602 2.312539 2.509727
4.879000 1.711602 2.312617 2.509805
4.879100 1.711680 2.312617 2.509883
4.879200 1.711758 2.312617 2.509961
4.879300 1.711836 2.312695 2.510039
4.879400 1.711914 2.312695 2.510117
4.879500 1.711914 2.312695 2.510195
4.879600 1.711992 2.312695 2.510273
4.879700 1.712070 2.312773 2.510352
4.879800 1.712148 2.312773 2.510430
4.879900 1.712227 2.312773 2.510430
4.880000 1.712227 2.312852 2.510508
4.880100 1.712305 2.312852 2.510586
4.880200 1.712383 2.312852 2.510664
4.880300 1.712461 2.312852 2.510742
4.880400 1.712539 2.312930 2.510820
4.880500 1.712539 2.312930 2.510898
4.880600 1.712617 2.312930 2.510977
4.880700 1.712695 2.313008 2.511055
4.880800 1.712773 2.313008 2.511133
4.880900 1.712852 2.313008 2.511211
4.881000 1.712852 2.313008 2.511289
4.881100 1.712930 2.313086 2.511367
4.881200 1.713008 2.313086 2.511445
4.881300 1.713086 2.313086 2.511523
4.881400 1.713086 2.313164 2.511602
4.881500 1.713164 2.313164 2.511680
4.881600 1.713242 2.313164 2.511758
4.881700 1.713320 2.313164 2.511758
4.881800 1.713398 2.313242 2.511836
4.881900 1.713398 2.313242 2.511914
4.882000 1.713477 2.313242 2.511992
4.882100 1.713555 2.313320 2.512070
4.882200 1.713633 2.313320 2.512148
4.882300 1.713711 2.313320 2.512227
4.882400 1.713711 2.313320 2.512305
4.882500 1.713789 2.313398 2.512383
4.882600 1.713867 2.313398 2.512461
4.882700 1.713945 2.313398 2.512539
4.882800 1.714023 2.313477 2.512617
4.882900 1.714023 2.313477 2.512695
4.883000 1.714102 2.313477 2.512773
4.883100 1.714180 2.313477 2.512852
4.883200 1.714258 2.313555 2.512930
4.883300 1.714336 2.313555 2.513008
4.883400 1.714336 2.313555 2.513008
4.883500 1.714414 2.313633 2.513086
4.883600 1.714492 2.313633 2.513164
4.883700 1.714570 2.313633 2.513242
4.883800 1.714570 2.313633 2.513320
4.883900 1.714648 2.313711 2.513398
4.884000 1.714727 2.313711 2.513477
4.884100 1.714805 2.313711 2.513555
4.884200 1.714883 2.313789 2.513633
4.884300 1.714883 2.313789 2.513711
4.884400 1.714961 2.313789 2.513789
4.884500 1.715039 2.313789 2.513867
4.884600 1.715117 2.313867 2.513945
4.884700 1.715195 2.313867 2.514023
4.884800 1.715195 2.313867 2.514102
4.884900 1.715273 2.313945 2.514180
4.885000 1.715352 2.313945 2.514258
4.885100 1.715430 2.313945 2.514258
4.885200 1.715508 2.313945 2.514336
4.885300 1.715508 2.314023 2.514414
4.885400 1.715586 2.314023 2.514492
4.885500 1.715664 2.314023 2.514570
4.885600 1.715742 2.314102 2.514648
4.885700 1.715820 2.314102 2.514727
4.885800 1.715820 2.314102 2.514805
4.885900 1.715898 2.314102 2.514883
4.886000 1.715977 2.314180 2.514961
4.886100 1.716055 2.314180 2.515039
4.886200 1.716055 2.314180 2.515117
4.886300 1.716133 2.314258 2.515195
4.886400 1.716211 2.314258 2.515273
4.886500 1.716289 2.314258 2.515352
4.886600 1.716367 2.314258 2.515430
4.886700 1.716367 2.314336 2.515508
4.886800 1.716445 2.314336 2.515508
4.886900 1.716523 2.314336 2.515586
4.887000 1.716602 2.314414 2.515664
4.887100 1.716680 2.314414 2.515742
4.887200 1.716680 2.314414 2.515820
4.887300 1.716758 2.314492 2.515898
4.887400 1.716836 2.314492 2.515977
4.887500 1.716914 2.314492 2.516055
4.887600 1.716992 2.314492 2.516133
4.887700 1.716992 2.314570 2.516211
4.887800 1.717070 2.314570 2.516289
4.887900 1.717148 2.314570 2.516367
4.888000 1.717227 2.314648 2.516445
4.888100 1.717305 2.314648 2.516523
4.888200 1.717305 2.314648 2.516602
4.888300 1.717383 2.314648 2.516680
4.888400 1.717461 2.314727 2.516758
4.888500 1.717539 2.314727 2.516758
4.888600 1.717539 2.314727 2.516836
4.888700 1.717617 2.314805 2.516914
4.888800 1.717695 2.314805 2.516992
4.888900 1.717773 2.314805 2.517070
4.889000 1.717852 2.314883 2.517148
4.889100 1.717852 2.314883 2.517227
4.889200 1.717930 2.314883 2.517305
4.889300 1.718008 2.314883 2.517383
4.889400 1.718086 2.314961 2.517461
4.889500 1.718164 2.314961 2.517539
4.889600 1.718164 2.314961 2.517617
4.889700 1.718242 2.315039 2.517695
4.889800 1.718320 2.315039 2.517773
4.889900 1.718398 2.315039 2.517852
4.890000 1.718477 2.315039 2.517930
4.890100 1.718477 2.315117 2.517930
4.890200 1.718555 2.315117 2.518008
4.890300 1.718633 2.315117 2.518086
4.890400 1.718711 2.315195 2.518164
4.890500 1.718789 2.315195 2.518242
4.890600 1.718789 2.315195 2.518320
4.890700 1.718867 2.315273 2.518398
4.890800 1.718945 2.315273 2.518477
4.890900 1.719023 2.315273 2.518555
4.891000 1.719102 2.315273 2.518633
4.891100 1.719102 2.315352 2.518711
4.891200 1.719180 2.315352 2.518789
4.891300 1.719258 2.315352 2.518867
4.891400 1.719336 2.315430 2.518945
4.891500 1.719336 2.315430 2.519023
4.891600 1.719414 2.315430 2.519102
4.891700 1.719492 2.315430 2.519180
4.891800 1.719570 2.315508 2.519180
4.891900 1.719648 2.315508 2.519258
4.892000 1.719648 2.315508 2.519336
4.892100 1.719727 2.315586 2.519414
4.892200 1.719805 2.315586 2.519492
4.892300 1.719883 2.315586 2.519570
4.892400 1.719961 2.315664 2.519648
4.892500 1.719961 2.315664 2.519727
4.892600 1.720039 2.315664 2.519805
4.892700 1.720117 2.315664 2.519883
4.892800 1.720195 2.315742 2.519961
4.892900 1.720273 2.315742 2.520039
4.893000 1.720273 2.315742 2.520117
4.893100 1.720352 2.315820 2.520195
4.893200 1.720430 2.315820 2.520273
4.893300 1.720508 2.315820 2.520352
4.893400 1.720586 2.315898 2.520352
4.893500 1.720586 2.315898 2.520430
4.893600 1.720664 2.315898 2.520508
4.893700 1.720742 2.315898 2.520586
4.893800 1.720820 2.315977 2.520664
4.893900 1.720898 2.315977 2.520742
4.894000 1.720898 2.315977 2.520820
4.894100 1.720977 2.316055 2.520898
4.894200 1.721055 2.316055 2.520977
4.894300 1.721133 2.316055 2.521055
4.894400 1.721133 2.316133 2.521133
4.894500 1.721211 2.316133 2.521211
4.894600 1.721289 2.316133 2.521289
4.894700 1.721367 2.316133 2.521367
4.894800 1.721445 2.316211 2.521445
4.894900 1.721445 2.316211 2.521445
4.895000 1.721523 2.316211 2.521523
4.895100 1.721602 2.316289 2.521602
4.895200 1.721680 2.316289 2.521680
4.895300 1.721758 2.316289 2.521758
4.895400 1.721758 2.316367 2.521836
4.895500 1.721836 2.316367 2.521914
4.895600 1.721914 2.316367 2.521992
4.895700 1.721992 2.316367 2.522070
4.895800 1.722070 2.316445 2.522148
4.895900 1.722070 2.316445 2.522227
4.896000 1.722148 2.316445 2.522305
4.896100 1.722227 2.316523 2.522383
4.896200 1.722305 2.316523 2.522461
4.896300 1.722383 2.316523 2.522539
4.896400 1.722383 2.316602 2.522617
4.896500 1.722461 2.316602 2.522617
4.896600 1.722539 2.316602 2.522695
4.896700 1.722617 2.316602 2.522773
4.896800 1.722695 2.316680 2.522852
4.896900 1.722695 2.316680 2.522930
4.897000 1.722773 2.316680 2.523008
4.897100 1.722852 2.316758 2.523086
4.897200 1.722930 2.316758 2.523164
4.897300 1.723008 2.316758 2.523242
4.897400 1.723008 2.316836 2.523320
4.897500 1.723086 2.316836 2.523398
4.897600 1.723164 2.316836 2.523477
4.897700 1.723242 2.316914 2.523555
4.897800 1.723320 2.316914 2.523633
4.897900 1.723320 2.316914 2.523711
4.898000 1.723398 2.316914 2.523711
4.898100 1.723477 2.316992 2.523789
4.898200 1.723555 2.316992 2.523867
4.898300 1.723555 2.316992 2.523945
4.898400 1.723633 2.317070 2.524023
4.898500 1.723711 2.317070 2.524102
4.898600 1.723789 2.317070 2.524180
4.898700 1.723867 2.317148 2.524258
4.898800 1.723867 2.317148 2.524336
4.898900 1.723945 2.317148 2.524414
4.899000 1.724023 2.317148 2.524492
4.899100 1.724102 2.317227 2.524570
4.899200 1.724180 2.317227 2.524648
4.899300 1.724180 2.317227 2.524727
4.899400 1.724258 2.317305 2.524805
4.899500 1.724336 2.317305 2.524805
4.899600 1.724414 2.317305 2.524883
4.899700 1.724492 2.317383 2.524961
4.899800 1.724492 2.317383 2.525039
4.899900 1.724570 2.317383 2.525117
4.900000 1.724648 2.317461 2.525195
4.900100 1.724727 2.317461 2.525273
4.900200 1.724805 2.317461 2.525352
4.900300 1.724805 2.317461 2.525430
4.900400 1.724883 2.317539 2.525508
4.900500 1.724961 2.317539 2.525586
4.900600 1.725039 2.317539 2.525664
4.900700 1.725117 2.317617 2.525742
4.900800 1.725117 2.317617 2.525820
4.900900 1.725195 2.317617 2.525898
4.901000 1.725273 2.317695 2.525898
4.901100 1.725352 2.317695 2.525977
4.901200 1.725430 2.317695 2.526055
4.901300 1.725430 2.317773 2.526133
4.901400 1.725508 2.317773 2.526211
4.901500 1.725586 2.317773 2.526289
4.901600 1.725664 2.317773 2.526367
4.901700 1.725742 2.317852 2.526445
4.901800 1.725742 2.317852 2.526523
4.901900 1.725820 2.317852 2.526602
4.902000 1.725898 2.317930 2.526680
4.902100 1.725977 2.317930 2.526758
4.902200 1.725977 2.317930 2.526836
4.902300 1.726055 2.318008 2.526914
4.902400 1.726133 2.318008 2.526992
4.902500 1.726211 2.318008 2.526992
4.902600 1.726289 2.318086 2.527070
4.902700 1.726289 2.318086 2.527148
4.902800 1.726367 2.318086 2.527227
4.902900 1.726445 2.318086 2.527305
4.903000 1.726523 2.318164 2.527383
4.903100 1.726602 2.318164 2.527461
4.903200 1.726602 2.318164 2.527539
4.903300 1.726680 2.318242 2.527617
4.903400 1.726758 2.318242 2.527695
4.903500 1.726836 2.318242 2.527773
4.903600 1.726914 2.318320 2.527852
4.903700 1.726914 2.318320 2.527930
4.903800 1.726992 2.318320 2.528008
4.903900 1.727070 2.318398 2.528008
4.904000 1.727148 2.318398 2.528086
4.904100 1.727227 2.318398 2.528164
4.904200 1.727227 2.318477 2.528242
4.904300 1.727305 2.318477 2.528320
4.904400 1.727383 2.318477 2.528398
4.904500 1.727461 2.318477 2.528477
4.904600 1.727539 2.318555 2.528555
4.904700 1.727539 2.318555 2.528633
4.904800 1.727617 2.318555 2.528711
4.904900 1.727695 2.318633 2.528789
4.905000 1.727773 2.318633 2.528867
4.905100 1.727852 2.318633 2.528945
4.905200 1.727852 2.318711 2.529023
4.905300 1.727930 2.318711 2.529102
4.905400 1.728008 2.318711 2.529102
4.905500 1.728086 2.318789 2.529180
4.905600 1.728164 2.318789 2.529258
4.905700 1.728164 2.318789 2.529336
4.905800 1.728242 2.318789 2.529414
4.905900 1.728320 2.318867 2.529492
4.906000 1.728398 2.318867 2.529570
4.906100 1.728477 2.318867 2.529648
4.906200 1.728477 2.318945 2.529727
4.906300 1.728555 2.318945 2.529805
4.906400 1.728633 2.318945 2.529883
4.906500 1.728711 2.319023 2.529961
4.906600 1.728789 2.319023 2.530039
4.906700 1.728789 2.319023 2.530117
4.906800 1.728867 2.319102 2.530117
4.906900 1.728945 2.319102 2.530195
4.907000 1.729023 2.319102 2.530273
4.907100 1.729023 2.319180 2.530352
4.907200 1.729102 2.319180 2.530430
4.907300 1.729180 2.319180 2.530508
4.907400 1.729258 2.319258 2.530586
4.907500 1.729336 2.319258 2.530664
4.907600 1.729336 2.319258 2.530742
4.907700 1.729414 2.319258 2.530820
4.907800 1.729492 2.319336 2.530898
4.907900 1.729570 2.319336 2.530977
4.908000 1.729648 2.319336 2.531055
4.908100 1.729648 2.319414 2.531133
4.908200 1.729727 2.319414 2.531133
4.908300 1.729805 2.319414 2.531211
4.908400 1.729883 2.319492 2.531289
4.908500 1.729961 2.319492 2.531367
4.908600 1.729961 2.319492 2.531445
4.908700 1.730039 2.319570 2.531523
4.908800 1.730117 2.319570 2.531602
4.908900 1.730195 2.319570 2.531680
4.909000 1.730273 2.319648 2.531758
4.909100 1.730273 2.319648 2.531836
4.909200 1.730352 2.319648 2.531914
4.909300 1.730430 2.319648 2.531992
4.909400 1.730508 2.319727 2.532070
4.909500 1.730586 2.319727 2.532148
4.909600 1.730586 2.319727 2.532148
4.909700 1.730664 2.319805 2.532227
4.909800 1.730742 2.319805 2.532305
4.909900 1.730820 2.319805 2.532383
4.910000 1.730898 2.319883 2.532461
4.910100 1.730898 2.319883 2.532539
4.910200 1.730977 2.319883 2.532617
4.910300 1.731055 2.319961 2.532695
4.910400 1.731133 2.319961 2.532773
4.910500 1.731211 2.319961 2.532852
4.910600 1.731211 2.320039 2.532930
4.910700 1.731289 2.320039 2.533008
4.910800 1.731367 2.320039 2.533086
4.910900 1.731445 2.320117 2.533164
4.911000 1.731523 2.320117 2.533164
4.911100 1.731523 2.320117 2.533242
4.911200 1.731602 2.320195 2.533320
4.911300 1.731680 2.320195 2.533398
4.911400 1.731758 2.320195 2.533477
4.911500 1.731836 2.320195 2.533555
4.911600 1.731836 2.320273 2.533633
4.911700 1.731914 2.320273 2.533711
4.911800 1.731992 2.320273 2.533789
4.911900 1.732070 2.320352 2.533867
4.912000 1.732148 2.320352 2.533945
4.912100 1.732148 2.320352 2.534023
4.912200 1.732227 2.320430 2.534102
4.912300 1.732305 2.320430 2.534180
4.912400 1.732383 2.320430 2.534180
4.912500 1.732461 2.320508 2.534258
4.912600 1.732461 2.320508 2.534336
4.912700 1.732539 2.320508 2.534414
4.912800 1.732617 2.320586 2.534492
4.912900 1.732695 2.320586 2.534570
4.913000 1.732773 2.320586 2.534648
4.913100 1.732773 2.320664 2.534727
4.913200 1.732852 2.320664 2.534805
4.913300 1.732930 2.320664 2.534883
4.913400 1.733008 2.320742 2.534961
4.913500 1.733086 2.320742 2.535039
4.913600 1.733086 2.320742 2.535117
4.913700 1.733164 2.320820 2.535117
4.913800 1.733242 2.320820 2.535195
4.913900 1.733320 2.320820 2.535273
4.914000 1.733398 2.320820 2.535352
4.914100 1.733398 2.320898 2.535430
4.914200 1.733477 2.320898 2.535508
4.914300 1.733555 2.320898 2.535586
4.914400 1.733633 2.320977 2.535664
4.914500 1.733633 2.320977 2.535742
4.914600 1.733711 2.320977 2.535820
4.914700 1.733789 2.321055 2.535898
4.914800 1.733867 2.321055 2.535977
4.914900 1.733945 2.321055 2.536055
4.915000 1.733945 2.321133 2.536133
4.915100 1.734023 2.321133 2.536133
4.915200 1.734102 2.321133 2.536211
4.915300 1.734180 2.321211 2.536289
4.915400 1.734258 2.321211 2.536367
4.915500 1.734258 2.321211 2.536445
4.915600 1.734336 2.321289 2.536523
4.915700 1.734414 2.321289 2.536602
4.915800 1.734492 2.321289 2.536680
4.915900 1.734570 2.321367 2.536758
4.916000 1.734570 2.321367 2.536836
4.916100 1.734648 2.321367 2.536914
4.916200 1.734727 2.321445 2.536992
4.916300 1.734805 2.321445 2.537070
4.916400 1.734883 2.321445 2.537070
4.916500 1.734883 2.321523 2.537148
4.916600 1.734961 2.321523 2.537227
4.916700 1.735039 2.321523 2.537305
4.916800 1.735117 2.321523 2.537383
4.916900 1.735195 2.321602 2.537461
4.917000 1.735195 2.321602 2.537539
4.917100 1.735273 2.321602 2.537617
4.917200 1.735352 2.321680 2.537695
4.917300 1.735430 2.321680 2.537773
4.917400 1.735508 2.321680 2.537852
4.917500 1.735508 2.321758 2.537930
4.917600 1.735586 2.321758 2.538008
4.917700 1.735664 2.321758 2.538086
4.917800 1.735742 2.321836 2.538086
4.917900 1.735820 2.321836 2.538164
4.918000 1.735820 2.321836 2.538242
4.918100 1.735898 2.321914 2.538320
4.918200 1.735977 2.321914 2.538398
4.918300 1.736055 2.321914 2.538477
4.918400 1.736133 2.321992 2.538555
4.918500 1.736133 2.321992 2.538633
4.918600 1.736211 2.321992 2.538711
4.918700 1.736289 2.322070 2.538789
4.918800 1.736367 2.322070 2.538867
4.918900 1.736445 2.322070 2.538945
4.919000 1.736445 2.322148 2.539023
4.919100 1.736523 2.322148 2.539023
4.919200 1.736602 2.322148 2.539102
4.919300 1.736680 2.322227 2.539180
4.919400 1.736758 2.322227 2.539258
4.919500 1.736758 2.322227 2.539336
4.919600 1.736836 2.322305 2.539414
4.919700 1.736914 2.322305 2.539492
4.919800 1.736992 2.322305 2.539570
4.919900 1.737070 2.322383 2.539648
4.920000 1.737070 2.322383 2.539727
4.920100 1.737148 2.322383 2.539805
4.920200 1.737227 2.322461 2.539883
4.920300 1.737305 2.322461 2.539961
4.920400 1.737383 2.322461 2.539961
4.920500 1.737383 2.322539 2.540039
4.920600 1.737461 2.322539 2.540117
4.920700 1.737539 2.322539 2.540195
4.920800 1.737617 2.322617 2.540273
4.920900 1.737695 2.322617 2.540352
4.921000 1.737695 2.322617 2.540430
4.921100 1.737773 2.322695 2.540508
4.921200 1.737852 2.322695 2.540586
4.921300 1.737930 2.322695 2.540664
4.921400 1.738008 2.322773 2.540742
4.921500 1.738008 2.322773 2.540820
4.921600 1.738086 2.322773 2.540898
4.921700 1.738164 2.322773 2.540898
4.921800 1.738242 2.322852 2.540977
4.921900 1.738320 2.322852 2.541055
4.922000 1.738320 2.322852 2.541133
4.922100 1.738398 2.322930 2.541211
4.922200 1.738477 2.322930 2.541289
4.922300 1.738555 2.322930 2.541367
4.922400 1.738633 2.323008 2.541445
4.922500 1.738633 2.323008 2.541523
4.922600 1.738711 2.323008 2.541602
4.922700 1.738789 2.323086 2.541680
4.922800 1.738867 2.323086 2.541758
4.922900 1.738945 2.323086 2.541836
4.923000 1.738945 2.323164 2.541836
4.923100 1.739023 2.323164 2.541914
4.923200 1.739102 2.323164 2.541992
4.923300 1.739180 2.323242 2.542070
4.923400 1.739258 2.323242 2.542148
4.923500 1.739258 2.323242 2.542227
4.923600 1.739336 2.323320 2.542305
4.923700 1.739414 2.323320 2.542383
4.923800 1.739492 2.323320 2.542461
4.923900 1.739570 2.323398 2.542539
4.924000 1.739570 2.323398 2.542617
4.924100 1.739648 2.323398 2.542695
4.924200 1.739727 2.323477 2.542773
4.924300 1.739805 2.323477 2.542773
4.924400 1.739883 2.323477 2.542852
4.924500 1.739883 2.323555 2.542930
4.924600 1.739961 2.323555 2.543008
4.924700 1.740039 2.323555 2.543086
4.924800 1.740117 2.323633 2.543164
4.924900 1.740195 2.323633 2.543242
4.925000 1.740195 2.323633 2.543320
4.925100 1.740273 2.323711 2.543398
4.925200 1.740352 2.323711 2.543477
4.925300 1.740430 2.323711 2.543555
4.925400 1.740508 2.323789 2.543633
4.925500 1.740508 2.323789 2.543633
4.925600 1.740586 2.323789 2.543711
4.925700 1.740664 2.323867 2.543789
4.925800 1.740742 2.323867 2.543867
4.925900 1.740820 2.323867 2.543945
4.926000 1.740820 2.323945 2.544023
4.926100 1.740898 2.323945 2.544102
4.926200 1.740977 2.323945 2.544180
4.926300 1.741055 2.324023 2.544258
4.926400 1.741133 2.324023 2.544336
4.926500 1.741133 2.324023 2.544414
4.926600 1.741211 2.324102 2.544492
4.926700 1.741289 2.324102 2.544570
4.926800 1.741367 2.324102 2.544570
4.926900 1.741445 2.324180 2.544648
4.927000 1.741445 2.324180 2.544727
4.927100 1.741523 2.324180 2.544805
4.927200 1.741602 2.324258 2.544883
4.927300 1.741680 2.324258 2.544961
4.927400 1.741758 2.324258 2.545039
4.927500 1.741758 2.324336 2.545117
4.927600 1.741836 2.324336 2.545195
4.927700 1.741914 2.324336 2.545273
4.927800 1.741992 2.324414 2.545352
4.927900 1.742070 2.324414 2.545430
4.928000 1.742070 2.324414 2.545508
4.928100 1.742148 2.324492 2.545508
4.928200 1.742227 2.324492 2.545586
4.928300 1.742305 2.324492 2.545664
4.928400 1.742383 2.324570 2.545742
4.928500 1.742383 2.324570 2.545820
4.928600 1.742461 2.324570 2.545898
4.928700 1.742539 2.324648 2.545977
4.928800 1.742617 2.324648 2.546055
4.928900 1.742695 2.324648 2.546133
4.929000 1.742695 2.324727 2.546211
4.929100 1.742773 2.324727 2.546289
4.929200 1.742852 2.324727 2.546367
4.929300 1.742930 2.324805 2.546367
4.929400 1.743008 2.324805 2.546445
4.929500 1.743008 2.324805 2.546523
4.929600 1.743086 2.324883 2.546602
4.929700 1.743164 2.324883 2.546680
4.929800 1.743242 2.324883 2.546758
4.929900 1.743320 2.324961 2.546836
4.930000 1.743320 2.324961 2.546914
4.930100 1.743398 2.324961 2.546992
4.930200 1.743477 2.325039 2.547070
4.930300 1.743555 2.325039 2.547148
4.930400 1.743633 2.325039 2.547227
4.930500 1.743633 2.325117 2.547305
4.930600 1.743711 2.325117 2.547305
4.930700 1.743789 2.325117 2.547383
4.930800 1.743867 2.325195 2.547461
4.930900 1.743945 2.325195 2.547539
4.931000 1.743945 2.325195 2.547617
4.931100 1.744023 2.325273 2.547695
4.931200 1.744102 2.325273 2.547773
4.931300 1.744180 2.325352 2.547852
4.931400 1.744258 2.325352 2.547930
4.931500 1.744258 2.325352 2.548008
4.931600 1.744336 2.325430 2.548086
4.931700 1.744414 2.325430 2.548164
4.931800 1.744492 2.325430 2.548164
4.931900 1.744570 2.325508 2.548242
4.932000 1.744648 2.325508 2.548320
4.932100 1.744648 2.325508 2.548398
4.932200 1.744727 2.325586 2.548477
4.932300 1.744805 2.325586 2.548555
4.932400 1.744883 2.325586 2.548633
4.932500 1.744961 2.325664 2.548711
4.932600 1.744961 2.325664 2.548789
4.932700 1.745039 2.325664 2.548867
4.932800 1.745117 2.325742 2.548945
4.932900 1.745195 2.325742 2.549023
4.933000 1.745273 2.325742 2.549023
4.933100 1.745273 2.325820 2.549102
4.933200 1.745352 2.325820 2.549180
4.933300 1.745430 2.325820 2.549258
4.933400 1.745508 2.325898 2.549336
4.933500 1.745586 2.325898 2.549414
4.933600 1.745586 2.325898 2.549492
4.933700 1.745664 2.325977 2.549570
4.933800 1.745742 2.325977 2.549648
4.933900 1.745820 2.325977 2.549727
4.934000 1.745898 2.326055 2.549805
4.934100 1.745898 2.326055 2.549883
4.934200 1.745977 2.326055 2.549883
4.934300 1.746055 2.326133 2.549961
4.934400 1.746133 2.326133 2.550039
4.934500 1.746211 2.326133 2.550117
4.934600 1.746211 2.326211 2.550195
4.934700 1.746289 2.326211 2.550273
4.934800 1.746367 2.326211 2.550352
4.934900 1.746445 2.326289 2.550430
4.935000 1.746523 2.326289 2.550508
4.935100 1.746523 2.326289 2.550586
4.935200 1.746602 2.326367 2.550664
4.935300 1.746680 2.326367 2.550742
4.935400 1.746758 2.326367 2.550820
4.935500 1.746836 2.326445 2.550820
4.935600 1.746836 2.326445 2.550898
4.935700 1.746914 2.326445 2.550977
4.935800 1.746992 2.326523 2.551055
4.935900 1.747070 2.326523 2.551133
4.936000 1.747148 2.326523 2.551211
4.936100 1.747148 2.326602 2.551289
4.936200 1.747227 2.326602 2.551367
4.936300 1.747305 2.326680 2.551445
4.936400 1.747383 2.326680 2.551523
4.936500 1.747461 2.326680 2.551602
4.936600 1.747461 2.326758 2.551680
4.936700 1.747539 2.326758 2.551680
4.936800 1.747617 2.326758 2.551758
4.936900 1.747695 2.326836 2.551836
4.937000 1.747773 2.326836 2.551914
4.937100 1.747773 2.326836 2.551992
4.937200 1.747852 2.326914 2.552070
4.937300 1.747930 2.326914 2.552148
4.937400 1.748008 2.326914 2.552227
4.937500 1.748086 2.326992 2.552305
4.937600 1.748086 2.326992 2.552383
4.937700 1.748164 2.326992 2.552461
4.937800 1.748242 2.327070 2.552539
4.937900 1.748320 2.327070 2.552539
4.938000 1.748398 2.327070 2.552617
4.938100 1.748398 2.327148 2.552695
4.938200 1.748477 2.327148 2.552773
4.938300 1.748555 2.327148 2.552852
4.938400 1.748633 2.327227 2.552930
4.938500 1.748711 2.327227 2.553008
4.938600 1.748711 2.327227 2.553086
4.938700 1.748789 2.327305 2.553164
4.938800 1.748867 2.327305 2.553242
4.938900 1.748945 2.327305 2.553320
4.939000 1.749023 2.327383 2.553398
4.939100 1.749023 2.327383 2.553398
4.939200 1.749102 2.327461 2.553477
4.939300 1.749180 2.327461 2.553555
4.939400 1.749258 2.327461 2.553633
4.939500 1.749336 2.327539 2.553711
4.939600 1.749414 2.327539 2.553789
4.939700 1.749414 2.327539 2.553867
4.939800 1.749492 2.327617 2.553945
4.939900 1.749570 2.327617 2.554023
4.940000 1.749648 2.327617 2.554102
4.940100 1.749727 2.327695 2.554180
4.940200 1.749727 2.327695 2.554258
4.940300 1.749805 2.327695 2.554258
4.940400 1.749883 2.327773 2.554336
4.940500 1.749961 2.327773 2.554414
4.940600 1.750039 2.327773 2.554492
4.940700 1.750039 2.327852 2.554570
4.940800 1.750117 2.327852 2.554648
4.940900 1.750195 2.327852 2.554727
4.941000 1.750273 2.327930 2.554805
4.941100 1.750352 2.327930 2.554883
4.941200 1.750352 2.327930 2.554961
4.941300 1.750430 2.328008 2.555039
4.941400 1.750508 2.328008 2.555039
4.941500 1.750586 2.328008 2.555117
4.941600 1.750664 2.328086 2.555195
4.941700 1.750664 2.328086 2.555273
4.941800 1.750742 2.328164 2.555352
4.941900 1.750820 2.328164 2.555430
4.942000 1.750898 2.328164 2.555508
4.942100 1.750977 2.328242 2.555586
4.942200 1.750977 2.328242 2.555664
4.942300 1.751055 2.328242 2.555742
4.942400 1.751133 2.328320 2.555820
4.942500 1.751211 2.328320 2.555898
4.942600 1.751289 2.328320 2.555898
4.942700 1.751289 2.328398 2.555977
4.942800 1.751367 2.328398 2.556055
4.942900 1.751445 2.328398 2.556133
4.943000 1.751523 2.328477 2.556211
4.943100 1.751602 2.328477 2.556289
4.943200 1.751602 2.328477 2.556367
4.943300 1.751680 2.328555 2.556445
4.943400 1.751758 2.328555 2.556523
4.943500 1.751836 2.328555 2.556602
4.943600 1.751914 2.328633 2.556680
4.943700 1.751914 2.328633 2.556758
4.943800 1.751992 2.328633 2.556758
4.943900 1.752070 2.328711 2.556836
4.944000 1.752148 2.328711 2.556914
4.944100 1.752227 2.328789 2.556992
4.944200 1.752305 2.328789 2.557070
4.944300 1.752305 2.328789 2.557148
4.944400 1.752383 2.328867 2.557227
4.944500 1.752461 2.328867 2.557305
4.944600 1.752539 2.328867 2.557383
4.944700 1.752617 2.328945 2.557461
4.944800 1.752617 2.328945 2.557539
4.944900 1.752695 2.328945 2.557617
4.945000 1.752773 2.329023 2.557617
4.945100 1.752852 2.329023 2.557695
4.945200 1.752930 2.329023 2.557773
4.945300 1.752930 2.329102 2.557852
4.945400 1.753008 2.329102 2.557930
4.945500 1.753086 2.329102 2.558008
4.945600 1.753164 2.329180 2.558086
4.945700 1.753242 2.329180 2.558164
4.945800 1.753242 2.329180 2.558242
4.945900 1.753320 2.329258 2.558320
4.946000 1.753398 2.329258 2.558398
4.946100 1.753477 2.329336 2.558398
4.946200 1.753555 2.329336 2.558477
4.946300 1.753555 2.329336 2.558555
4.946400 1.753633 2.329414 2.558633
4.946500 1.753711 2.329414 2.558711
4.946600 1.753789 2.329414 2.558789
4.946700 1.753867 2.329492 2.558867
4.946800 1.753867 2.329492 2.558945
4.946900 1.753945 2.329492 2.559023
4.947000 1.754023 2.329570 2.559102
4.947100 1.754102 2.329570 2.559180
4.947200 1.754180 2.329570 2.559258
4.947300 1.754180 2.329648 2.559258
4.947400 1.754258 2.329648 2.559336
4.947500 1.754336 2.329648 2.559414
4.947600 1.754414 2.329727 2.559492
4.947700 1.754492 2.329727 2.559570
4.947800 1.754492 2.329805 2.559648
4.947900 1.754570 2.329805 2.559727
4.948000 1.754648 2.329805 2.559805
4.948100 1.754727 2.329883 2.559883
4.948200 1.754805 2.329883 2.559961
4.948300 1.754883 2.329883 2.560039
4.948400 1.754883 2.329961 2.560039
4.948500 1.754961 2.329961 2.560117
4.948600 1.755039 2.329961 2.560195
4.948700 1.755117 2.330039 2.560273
4.948800 1.755195 2.330039 2.560352
4.948900 1.755195 2.330039 2.560430
4.949000 1.755273 2.330117 2.560508
4.949100 1.755352 2.330117 2.560586
4.949200 1.755430 2.330117 2.560664
4.949300 1.755508 2.330195 2.560742
4.949400 1.755508 2.330195 2.560820
4.949500 1.755586 2.330273 2.560898
4.949600 1.755664 2.330273 2.560898
4.949700 1.755742 2.330273 2.560977
4.949800 1.755820 2.330352 2.561055
4.949900 1.755820 2.330352 2.561133
4.950000 1.755898 2.330352 2.561211
4.950100 1.755977 2.330430 2.561289
4.950200 1.756055 2.330430 2.561367
4.950300 1.756133 2.330430 2.561445
4.950400 1.756133 2.330508 2.561523
4.950500 1.756211 2.330508 2.561602
4.950600 1.756289 2.330508 2.561680
4.950700 1.756367 2.330586 2.561680
4.950800 1.756445 2.330586 2.561758
4.950900 1.756445 2.330664 2.561836
4.951000 1.756523 2.330664 2.561914
4.951100 1.756602 2.330664 2.561992
4.951200 1.756680 2.330742 2.562070
4.951300 1.756758 2.330742 2.562148
4.951400 1.756758 2.330742 2.562227
4.951500 1.756836 2.330820 2.562305
4.951600 1.756914 2.330820 2.562383
4.951700 1.756992 2.330820 2.562461
4.951800 1.757070 2.330898 2.562539
4.951900 1.757148 2.330898 2.562539
4.952000 1.757148 2.330898 2.562617
4.952100 1.757227 2.330977 2.562695
4.952200 1.757305 2.330977 2.562773
4.952300 1.757383 2.331055 2.562852
4.952400 1.757461 2.331055 2.562930
4.952500 1.757461 2.331055 2.563008
4.952600 1.757539 2.331133 2.563086
4.952700 1.757617 2.331133 2.563164
4.952800 1.757695 2.331133 2.563242
4.952900 1.757773 2.331211 2.563320
4.953000 1.757773 2.331211 2.563320
4.953100 1.757852 2.331211 2.563398
4.953200 1.757930 2.331289 2.563477
4.953300 1.758008 2.331289 2.563555
4.953400 1.758086 2.331289 2.563633
4.953500 1.758086 2.331367 2.563711
4.953600 1.758164 2.331367 2.563789
4.953700 1.758242 2.331445 2.563867
4.953800 1.758320 2.331445 2.563945
4.953900 1.758398 2.331445 2.564023
4.954000 1.758398 2.331523 2.564102
4.954100 1.758477 2.331523 2.564102
4.954200 1.758555 2.331523 2.564180
4.954300 1.758633 2.331602 2.564258
4.954400 1.758711 2.331602 2.564336
4.954500 1.758789 2.331602 2.564414
4.954600 1.758789 2.331680 2.564492
4.954700 1.758867 2.331680 2.564570
4.954800 1.758945 2.331680 2.564648
4.954900 1.759023 2.331758 2.564727
4.955000 1.759102 2.331758 2.564805
4.955100 1.759102 2.331836 2.564883
4.955200 1.759180 2.331836 2.564883
4.955300 1.759258 2.331836 2.564961
4.955400 1.759336 2.331914 2.565039
4.955500 1.759414 2.331914 2.565117
4.955600 1.759414 2.331914 2.565195
4.955700 1.759492 2.331992 2.565273
4.955800 1.759570 2.331992 2.565352
4.955900 1.759648 2.331992 2.565430
4.956000 1.759727 2.332070 2.565508
4.956100 1.759727 2.332070 2.565586
4.956200 1.759805 2.332148 2.565664
4.956300 1.759883 2.332148 2.565742
4.956400 1.759961 2.332148 2.565742
4.956500 1.760039 2.332227 2.565820
4.956600 1.760039 2.332227 2.565898
4.956700 1.760117 2.332227 2.565977
4.956800 1.760195 2.332305 2.566055
4.956900 1.760273 2.332305 2.566133
4.957000 1.760352 2.332305 2.566211
4.957100 1.760352 2.332383 2.566289
4.957200 1.760430 2.332383 2.566367
4.957300 1.760508 2.332383 2.566445
4.957400 1.760586 2.332461 2.566523
4.957500 1.760664 2.332461 2.566523
4.957600 1.760742 2.332539 2.566602
4.957700 1.760742 2.332539 2.566680
4.957800 1.760820 2.332539 2.566758
4.957900 1.760898 2.332617 2.566836
4.958000 1.760977 2.332617 2.566914
4.958100 1.761055 2.332617 2.566992
4.958200 1.761055 2.332695 2.567070
4.958300 1.761133 2.332695 2.567148
4.958400 1.761211 2.332695 2.567227
4.958500 1.761289 2.332773 2.567305
4.958600 1.761367 2.332773 2.567305
4.958700 1.761367 2.332852 2.567383
4.958800 1.761445 2.332852 2.567461
4.958900 1.761523 2.332852 2.567539
4.959000 1.761602 2.332930 2.567617
4.959100 1.761680 2.332930 2.567695
4.959200 1.761680 2.332930 2.567773
4.959300 1.761758 2.333008 2.567852
4.959400 1.761836 2.333008 2.567930
4.959500 1.761914 2.333008 2.568008
4.959600 1.761992 2.333086 2.568086
4.959700 1.761992 2.333086 2.568086
4.959800 1.762070 2.333164 2.568164
4.959900 1.762148 2.333164 2.568242
4.960000 1.762227 2.333164 2.568320
4.960100 1.762305 2.333242 2.568398
4.960200 1.762383 2.333242 2.568477
4.960300 1.762383 2.333242 2.568555
4.960400 1.762461 2.333320 2.568633
4.960500 1.762539 2.333320 2.568711
4.960600 1.762617 2.333320 2.568789
4.960700 1.762695 2.333398 2.568867
4.960800 1.762695 2.333398 2.568867
4.960900 1.762773 2.333477 2.568945
4.961000 1.762852 2.333477 2.569023
4.961100 1.762930 2.333477 2.569102
4.961200 1.763008 2.333555 2.569180
4.961300 1.763008 2.333555 2.569258
4.961400 1.763086 2.333555 2.569336
4.961500 1.763164 2.333633 2.569414
4.961600 1.763242 2.333633 2.569492
4.961700 1.763320 2.333633 2.569570
4.961800 1.763320 2.333711 2.569648
4.961900 1.763398 2.333711 2.569648
4.962000 1.763477 2.333789 2.569727
4.962100 1.763555 2.333789 2.569805
4.962200 1.763633 2.333789 2.569883
4.962300 1.763711 2.333867 2.569961
4.962400 1.763711 2.333867 2.570039
4.962500 1.763789 2.333867 2.570117
4.962600 1.763867 2.333945 2.570195
4.962700 1.763945 2.333945 2.570273
4.962800 1.764023 2.334023 2.570352
4.962900 1.764023 2.334023 2.570430
4.963000 1.764102 2.334023 2.570430
4.963100 1.764180 2.334102 2.570508
4.963200 1.764258 2.334102 2.570586
4.963300 1.764336 2.334102 2.570664
4.963400 1.764336 2.334180 2.570742
4.963500 1.764414 2.334180 2.570820
4.963600 1.764492 2.334180 2.570898
4.963700 1.764570 2.334258 2.570977
4.963800 1.764648 2.334258 2.571055
4.963900 1.764648 2.334336 2.571133
4.964000 1.764727 2.334336 2.571211
4.964100 1.764805 2.334336 2.571211
4.964200 1.764883 2.334414 2.571289
4.964300 1.764961 2.334414 2.571367
4.964400 1.764961 2.334414 2.571445
4.964500 1.765039 2.334492 2.571523
4.964600 1.765117 2.334492 2.571602
4.964700 1.765195 2.334492 2.571680
4.964800 1.765273 2.334570 2.571758
4.964900 1.765352 2.334570 2.571836
4.965000 1.765352 2.334648 2.571914
4.965100 1.765430 2.334648 2.571992
4.965200 1.765508 2.334648 2.571992
4.965300 1.765586 2.334727 2.572070
4.965400 1.765664 2.334727 2.572148
4.965500 1.765664 2.334727 2.572227
4.965600 1.765742 2.334805 2.572305
4.965700 1.765820 2.334805 2.572383
4.965800 1.765898 2.334883 2.572461
4.965900 1.765977 2.334883 2.572539
4.966000 1.765977 2.334883 2.572617
4.966100 1.766055 2.334961 2.572695
4.966200 1.766133 2.334961 2.572773
4.966300 1.766211 2.334961 2.572773
4.966400 1.766289 2.335039 2.572852
4.966500 1.766289 2.335039 2.572930
4.966600 1.766367 2.335039 2.573008
4.966700 1.766445 2.335117 2.573086
4.966800 1.766523 2.335117 2.573164
4.966900 1.766602 2.335195 2.573242
4.967000 1.766680 2.335195 2.573320
4.967100 1.766680 2.335195 2.573398
4.967200 1.766758 2.335273 2.573477
4.967300 1.766836 2.335273 2.573477
4.967400 1.766914 2.335273 2.573555
4.967500 1.766992 2.335352 2.573633
4.967600 1.766992 2.335352 2.573711
4.967700 1.767070 2.335430 2.573789
4.967800 1.767148 2.335430 2.573867
4.967900 1.767227 2.335430 2.573945
4.968000 1.767305 2.335508 2.574023
4.968100 1.767305 2.335508 2.574102
4.968200 1.767383 2.335508 2.574180
4.968300 1.767461 2.335586 2.574258
4.968400 1.767539 2.335586 2.574258
4.968500 1.767617 2.335664 2.574336
4.968600 1.767617 2.335664 2.574414
4.968700 1.767695 2.335664 2.574492
4.968800 1.767773 2.335742 2.574570
4.968900 1.767852 2.335742 2.574648
4.969000 1.767930 2.335742 2.574727
4.969100 1.768008 2.335820 2.574805
4.969200 1.768008 2.335820 2.574883
4.969300 1.768086 2.335820 2.574961
4.969400 1.768164 2.335898 2.575039
4.969500 1.768242 2.335898 2.575039
4.969600 1.768320 2.335977 2.575117
4.969700 1.768320 2.335977 2.575195
4.969800 1.768398 2.335977 2.575273
4.969900 1.768477 2.336055 2.575352
4.970000 1.768555 2.336055 2.575430
4.970100 1.768633 2.336055 2.575508
4.970200 1.768633 2.336133 2.575586
4.970300 1.768711 2.336133 2.575664
4.970400 1.768789 2.336211 2.575742
4.970500 1.768867 2.336211 2.575820
4.970600 1.768945 2.336211 2.575820
4.970700 1.769023 2.336289 2.575898
4.970800 1.769023 2.336289 2.575977
4.970900 1.769102 2.336289 2.576055
4.971000 1.769180 2.336367 2.576133
4.971100 1.769258 2.336367 2.576211
4.971200 1.769336 2.336445 2.576289
4.971300 1.769336 2.336445 2.576367
4.971400 1.769414 2.336445 2.576445
4.971500 1.769492 2.336523 2.576523
4.971600 1.769570 2.336523 2.576523
4.971700 1.769648 2.336523 2.576602
4.971800 1.769648 2.336602 2.576680
4.971900 1.769727 2.336602 2.576758
4.972000 1.769805 2.336680 2.576836
4.972100 1.769883 2.336680 2.576914
4.972200 1.769961 2.336680 2.576992
4.972300 1.769961 2.336758 2.577070
4.972400 1.770039 2.336758 2.577148
4.972500 1.770117 2.336758 2.577227
4.972600 1.770195 2.336836 2.577305
4.972700 1.770273 2.336836 2.577305
4.972800 1.770352 2.336914 2.577383
4.972900 1.770352 2.336914 2.577461
4.973000 1.770430 2.336914 2.577539
4.973100 1.770508 2.336992 2.577617
4.973200 1.770586 2.336992 2.577695
4.973300 1.770664 2.336992 2.577773
4.973400 1.770664 2.337070 2.577852
4.973500 1.770742 2.337070 2.577930
4.973600 1.770820 2.337148 2.578008
4.973700 1.770898 2.337148 2.578086
4.973800 1.770977 2.337148 2.578086
4.973900 1.770977 2.337227 2.578164
4.974000 1.771055 2.337227 2.578242
4.974100 1.771133 2.337227 2.578320
4.974200 1.771211 2.337305 2.578398
4.974300 1.771289 2.337305 2.578477
4.974400 1.771367 2.337383 2.578555
4.974500 1.771367 2.337383 2.578633
4.974600 1.771445 2.337383 2.578711
4.974700 1.771523 2.337461 2.578789
4.974800 1.771602 2.337461 2.578789
4.974900 1.771680 2.337461 2.578867
4.975000 1.771680 2.337539 2.578945
4.975100 1.771758 2.337539 2.579023
4.975200 1.771836 2.337617 2.579102
4.975300 1.771914 2.337617 2.579180
4.975400 1.771992 2.337617 2.579258
4.975500 1.771992 2.337695 2.579336
4.975600 1.772070 2.337695 2.579414
4.975700 1.772148 2.337695 2.579492
4.975800 1.772227 2.337773 2.579570
4.975900 1.772305 2.337773 2.579570
4.976000 1.772305 2.337852 2.579648
4.976100 1.772383 2.337852 2.579727
4.976200 1.772461 2.337852 2.579805
4.976300 1.772539 2.337930 2.579883
4.976400 1.772617 2.337930 2.579961
4.976500 1.772695 2.337930 2.580039
4.976600 1.772695 2.338008 2.580117
4.976700 1.772773 2.338008 2.580195
4.976800 1.772852 2.338086 2.580273
4.976900 1.772930 2.338086 2.580273
4.977000 1.773008 2.338086 2.580352
4.977100 1.773008 2.338164 2.580430
4.977200 1.773086 2.338164 2.580508
4.977300 1.773164 2.338164 2.580586
4.977400 1.773242 2.338242 2.580664
4.977500 1.773320 2.338242 2.580742
4.977600 1.773320 2.338320 2.580820
4.977700 1.773398 2.338320 2.580898
4.977800 1.773477 2.338320 2.580977
4.977900 1.773555 2.338398 2.581055
4.978000 1.773633 2.338398 2.581055
4.978100 1.773711 2.338398 2.581133
4.978200 1.773711 2.338477 2.581211
4.978300 1.773789 2.338477 2.581289
4.978400 1.773867 2.338555 2.581367
4.978500 1.773945 2.338555 2.581445
4.978600 1.774023 2.338555 2.581523
4.978700 1.774023 2.338633 2.581602
4.978800 1.774102 2.338633 2.581680
4.978900 1.774180 2.338711 2.581758
4.979000 1.774258 2.338711 2.581758
4.979100 1.774336 2.338711 2.581836
4.979200 1.774336 2.338789 2.581914
4.979300 1.774414 2.338789 2.581992
4.979400 1.774492 2.338789 2.582070
4.979500 1.774570 2.338867 2.582148
4.979600 1.774648 2.338867 2.582227
4.979700 1.774727 2.338945 2.582305
4.979800 1.774727 2.338945 2.582383
4.979900 1.774805 2.338945 2.582461
4.980000 1.774883 2.339023 2.582539
4.980100 1.774961 2.339023 2.582539
4.980200 1.775039 2.339023 2.582617
4.980300 1.775039 2.339102 2.582695
4.980400 1.775117 2.339102 2.582773
4.980500 1.775195 2.339180 2.582852
4.980600 1.775273 2.339180 2.582930
4.980700 1.775352 2.339180 2.583008
4.980800 1.775352 2.339258 2.583086
4.980900 1.775430 2.339258 2.583164
4.981000 1.775508 2.339336 2.583242
4.981100 1.775586 2.339336 2.583242
4.981200 1.775664 2.339336 2.583320
4.981300 1.775742 2.339414 2.583398
4.981400 1.775742 2.339414 2.583477
4.981500 1.775820 2.339414 2.583555
4.981600 1.775898 2.339492 2.583633
4.981700 1.775977 2.339492 2.583711
4.981800 1.776055 2.339570 2.583789
4.981900 1.776055 2.339570 2.583867
4.982000 1.776133 2.339570 2.583945
4.982100 1.776211 2.339648 2.584023
4.982200 1.776289 2.339648 2.584023
4.982300 1.776367 2.339648 2.584102
4.982400 1.776367 2.339727 2.584180
4.982500 1.776445 2.339727 2.584258
4.982600 1.776523 2.339805 2.584336
4.982700 1.776602 2.339805 2.584414
4.982800 1.776680 2.339805 2.584492
4.982900 1.776758 2.339883 2.584570
4.983000 1.776758 2.339883 2.584648
4.983100 1.776836 2.339961 2.584727
4.983200 1.776914 2.339961 2.584727
4.983300 1.776992 2.339961 2.584805
4.983400 1.777070 2.340039 2.584883
4.983500 1.777070 2.340039 2.584961
4.983600 1.777148 2.340039 2.585039
4.983700 1.777227 2.340117 2.585117
4.983800 1.777305 2.340117 2.585195
4.983900 1.777383 2.340195 2.585273
4.984000 1.777461 2.340195 2.585352
4.984100 1.777461 2.340195 2.585430
4.984200 1.777539 2.340273 2.585508
4.984300 1.777617 2.340273 2.585508
4.984400 1.777695 2.340352 2.585586
4.984500 1.777773 2.340352 2.585664
4.984600 1.777773 2.340352 2.585742
4.984700 1.777852 2.340430 2.585820
4.984800 1.777930 2.340430 2.585898
4.984900 1.778008 2.340430 2.585977
4.985000 1.778086 2.340508 2.586055
4.985100 1.778086 2.340508 2.586133
4.985200 1.778164 2.340586 2.586211
4.985300 1.778242 2.340586 2.586211
4.985400 1.778320 2.340586 2.586289
4.985500 1.778398 2.340664 2.586367
4.985600 1.778477 2.340664 2.586445
4.985700 1.778477 2.340742 2.586523
4.985800 1.778555 2.340742 2.586602
4.985900 1.778633 2.340742 2.586680
4.986000 1.778711 2.340820 2.586758
4.986100 1.778789 2.340820 2.586836
4.986200 1.778789 2.340820 2.586914
4.986300 1.778867 2.340898 2.586914
4.986400 1.778945 2.340898 2.586992
4.986500 1.779023 2.340977 2.587070
4.986600 1.779102 2.340977 2.587148
4.986700 1.779102 2.340977 2.587227
4.986800 1.779180 2.341055 2.587305
4.986900 1.779258 2.341055 2.587383
4.987000 1.779336 2.341133 2.587461
4.987100 1.779414 2.341133 2.587539
4.987200 1.779492 2.341133 2.587617
4.987300 1.779492 2.341211 2.587617
4.987400 1.779570 2.341211 2.587695
4.987500 1.779648 2.341211 2.587773
4.987600 1.779727 2.341289 2.587852
4.987700 1.779805 2.341289 2.587930
4.987800 1.779805 2.341367 2.588008
4.987900 1.779883 2.341367 2.588086
4.988000 1.779961 2.341367 2.588164
4.988100 1.780039 2.341445 2.588242
4.988200 1.780117 2.341445 2.588320
4.988300 1.780195 2.341523 2.588398
4.988400 1.780195 2.341523 2.588398
4.988500 1.780273 2.341523 2.588477
4.988600 1.780352 2.341602 2.588555
4.988700 1.780430 2.341602 2.588633
4.988800 1.780508 2.341602 2.588711
4.988900 1.780508 2.341680 2.588789
4.989000 1.780586 2.341680 2.588867
4.989100 1.780664 2.341758 2.588945
4.989200 1.780742 2.341758 2.589023
4.989300 1.780820 2.341758 2.589102
4.989400 1.780820 2.341836 2.589102
4.989500 1.780898 2.341836 2.589180
4.989600 1.780977 2.341914 2.589258
4.989700 1.781055 2.341914 2.589336
4.989800 1.781133 2.341914 2.589414
4.989900 1.781211 2.341992 2.589492
4.990000 1.781211 2.341992 2.589570
4.990100 1.781289 2.342070 2.589648
4.990200 1.781367 2.342070 2.589727
4.990300 1.781445 2.342070 2.589805
4.990400 1.781523 2.342148 2.589805
4.990500 1.781523 2.342148 2.589883
4.990600 1.781602 2.342148 2.589961
4.990700 1.781680 2.342227 2.590039
4.990800 1.781758 2.342227 2.590117
4.990900 1.781836 2.342305 2.590195
4.991000 1.781914 2.342305 2.590273
4.991100 1.781914 2.342305 2.590352
4.991200 1.781992 2.342383 2.590430
4.991300 1.782070 2.342383 2.590508
4.991400 1.782148 2.342461 2.590508
4.991500 1.782227 2.342461 2.590586
4.991600 1.782227 2.342461 2.590664
4.991700 1.782305 2.342539 2.590742
4.991800 1.782383 2.342539 2.590820
4.991900 1.782461 2.342617 2.590898
4.992000 1.782539 2.342617 2.590977
4.992100 1.782539 2.342617 2.591055
4.992200 1.782617 2.342695 2.591133
4.992300 1.782695 2.342695 2.591211
4.992400 1.782773 2.342695 2.591289
4.992500 1.782852 2.342773 2.591289
4.992600 1.782930 2.342773 2.591367
4.992700 1.782930 2.342852 2.591445
4.992800 1.783008 2.342852 2.591523
4.992900 1.783086 2.342852 2.591602
4.993000 1.783164 2.342930 2.591680
4.993100 1.783242 2.342930 2.591758
4.993200 1.783242 2.343008 2.591836
4.993300 1.783320 2.343008 2.591914
4.993400 1.783398 2.343008 2.591992
4.993500 1.783477 2.343086 2.591992
4.993600 1.783555 2.343086 2.592070
4.993700 1.783633 2.343164 2.592148
4.993800 1.783633 2.343164 2.592227
4.993900 1.783711 2.343164 2.592305
4.994000 1.783789 2.343242 2.592383
4.994100 1.783867 2.343242 2.592461
4.994200 1.783945 2.343320 2.592539
4.994300 1.783945 2.343320 2.592617
4.994400 1.784023 2.343320 2.592695
4.994500 1.784102 2.343398 2.592695
4.994600 1.784180 2.343398 2.592773
4.994700 1.784258 2.343398 2.592852
4.994800 1.784336 2.343477 2.592930
4.994900 1.784336 2.343477 2.593008
4.995000 1.784414 2.343555 2.593086
4.995100 1.784492 2.343555 2.593164
4.995200 1.784570 2.343555 2.593242
4.995300 1.784648 2.343633 2.593320
4.995400 1.784648 2.343633 2.593398
4.995500 1.784727 2.343711 2.593398
4.995600 1.784805 2.343711 2.593477
4.995700 1.784883 2.343711 2.593555
4.995800 1.784961 2.343789 2.593633
4.995900 1.784961 2.343789 2.593711
4.996000 1.785039 2.343867 2.593789
4.996100 1.785117 2.343867 2.593867
4.996200 1.785195 2.343867 2.593945
4.996300 1.785273 2.343945 2.594023
4.996400 1.785352 2.343945 2.594102
4.996500 1.785352 2.344023 2.594102
4.996600 1.785430 2.344023 2.594180
4.996700 1.785508 2.344023 2.594258
4.996800 1.785586 2.344102 2.594336
4.996900 1.785664 2.344102 2.594414
4.997000 1.785664 2.344180 2.594492
4.997100 1.785742 2.344180 2.594570
4.997200 1.785820 2.344180 2.594648
4.997300 1.785898 2.344258 2.594727
4.997400 1.785977 2.344258 2.594805
4.997500 1.786055 2.344258 2.594805
4.997600 1.786055 2.344336 2.594883
4.997700 1.786133 2.344336 2.594961
4.997800 1.786211 2.344414 2.595039
4.997900 1.786289 2.344414 2.595117
4.998000 1.786367 2.344414 2.595195
4.998100 1.786367 2.344492 2.595273
4.998200 1.786445 2.344492 2.595352
4.998300 1.786523 2.344570 2.595430
4.998400 1.786602 2.344570 2.595508
4.998500 1.786680 2.344570 2.595508
4.998600 1.786758 2.344648 2.595586
4.998700 1.786758 2.344648 2.595664
4.998800 1.786836 2.344727 2.595742
4.998900 1.786914 2.344727 2.595820
4.999000 1.786992 2.344727 2.595898
4.999100 1.787070 2.344805 2.595977
4.999200 1.787070 2.344805 2.596055
4.999300 1.787148 2.344883 2.596133
4.999400 1.787227 2.344883 2.596211
4.999500 1.787305 2.344883 2.596211
4.999600 1.787383 2.344961 2.596289
4.999700 1.787461 2.344961 2.596367
4.999800 1.787461 2.345039 2.596445
4.999900 1.787539 2.345039 2.596523
