0.597700 0.003398 0.989414
0.597800 0.004883 0.989414
0.597900 0.005977 0.989414
0.598000 0.006992 0.989414
0.598100 0.007773 0.989414
0.598200 0.008555 0.989414
0.598300 0.009258 0.989414
0.598400 0.009883 0.989414
0.598500 0.010508 0.989414
0.598600 0.011055 0.989414
0.598700 0.011602 0.989414
0.598800 0.012148 0.989414
0.598900 0.012617 0.989414
0.599000 0.013164 0.989414
0.599100 0.013555 0.989414
0.599200 0.014023 0.989414
0.599300 0.014492 0.989414
0.599400 0.014883 0.989414
0.599500 0.015273 0.989414
0.599600 0.015742 0.989414
0.599700 0.016055 0.989414
0.599800 0.016445 0.989414
0.599900 0.016836 0.989414
0.600000 0.017227 0.989414
0.600100 0.017539 0.989414
0.600200 0.017930 0.989414
0.600300 0.018242 0.989414
0.600400 0.018555 0.989414
0.600500 0.018945 0.989414
0.600600 0.019258 0.989414
0.600700 0.019570 0.989414
0.600800 0.019883 0.989414
0.600900 0.020195 0.989414
0.601000 0.020508 0.989414
0.601100 0.020820 0.989414
0.601200 0.021055 0.989414
0.601300 0.021367 0.989414
0.601400 0.021680 0.989414
0.601500 0.021914 0.989414
0.601600 0.022227 0.989414
0.601700 0.022539 0.989414
0.601800 0.022773 0.989414
0.601900 0.023008 0.989414
0.602000 0.023320 0.989414
0.602100 0.023555 0.989414
0.602200 0.023867 0.989414
0.602300 0.024102 0.989414
0.602400 0.024336 0.989414
0.602500 0.024570 0.989414
0.602600 0.024883 0.989414
0.602700 0.025117 0.989414
0.602800 0.025352 0.989414
0.602900 0.025586 0.989414
0.603000 0.025820 0.989414
0.603100 0.026055 0.989414
0.603200 0.026289 0.989414
0.603300 0.026523 0.989414
0.603400 0.026758 0.989414
0.603500 0.026992 0.989414
0.603600 0.027227 0.989414
0.603700 0.027461 0.989414
0.603800 0.027695 0.989414
0.603900 0.027852 0.989414
0.604000 0.028086 0.989414
0.604100 0.028320 0.989414
0.604200 0.028555 0.989414
0.604300 0.028789 0.989414
0.604400 0.028945 0.989414
0.604500 0.029180 0.989414
0.604600 0.029414 0.989414
0.604700 0.029570 0.989414
0.604800 0.029805 0.989414
0.604900 0.030039 0.989414
0.605000 0.030195 0.989414
0.605100 0.030430 0.989414
0.605200 0.030664 0.989414
0.605300 0.030820 0.989414
0.605400 0.031055 0.989414
0.605500 0.031211 0.989414
0.605600 0.031445 0.989414
0.605700 0.031602 0.989414
0.605800 0.031836 0.989414
0.605900 0.031992 0.989414
0.606000 0.032227 0.989414
0.606100 0.032383 0.989414
0.606200 0.032539 0.989414
0.606300 0.032773 0.989414
0.606400 0.032930 0.989414
0.606500 0.033164 0.989414
0.606600 0.033320 0.989414
0.606700 0.033477 0.989414
0.606800 0.033711 0.989414
0.606900 0.033867 0.989414
0.607000 0.034023 0.989414
0.607100 0.034258 0.989414
0.607200 0.034414 0.989414
0.607300 0.034570 0.989414
0.607400 0.034805 0.989414
0.607500 0.034961 0.989414
0.607600 0.035117 0.989414
0.607700 0.035273 0.989414
0.607800 0.035508 0.989414
0.607900 0.035664 0.989414
0.608000 0.035820 0.989414
0.608100 0.035977 0.989414
0.608200 0.036133 0.989414
0.608300 0.036289 0.989414
0.608400 0.036523 0.989414
0.608500 0.036680 0.989414
0.608600 0.036836 0.989414
0.608700 0.036992 0.989414
0.608800 0.037148 0.989414
0.608900 0.037305 0.989414
0.609000 0.037461 0.989414
0.609100 0.037695 0.989414
0.609200 0.037852 0.989414
0.609300 0.038008 0.989414
0.609400 0.038164 0.989414
0.609500 0.038320 0.989414
0.609600 0.038477 0.989414
0.609700 0.038633 0.989414
0.609800 0.038789 0.989414
0.609900 0.038945 0.989414
0.610000 0.039102 0.989414
0.610100 0.039258 0.989414
0.610200 0.039414 0.989414
0.610300 0.039570 0.989414
0.610400 0.039727 0.989414
0.610500 0.039883 0.989414
0.610600 0.040039 0.989414
0.610700 0.040195 0.989414
0.610800 0.040352 0.989414
0.610900 0.040508 0.989414
0.611000 0.040664 0.989414
0.611100 0.040820 0.989414
0.611200 0.040977 0.989414
0.611300 0.041055 0.989414
0.611400 0.041211 0.989414
0.611500 0.041367 0.989414
0.611600 0.041523 0.989414
0.611700 0.041680 0.989414
0.611800 0.041836 0.989414
0.611900 0.041992 0.989414
0.612000 0.042148 0.989414
0.612100 0.042227 0.989414
0.612200 0.042383 0.989414
0.612300 0.042539 0.989414
0.612400 0.042695 0.989414
0.612500 0.042852 0.989414
0.612600 0.043008 0.989414
0.612700 0.043164 0.989414
0.612800 0.043242 0.989414
0.612900 0.043398 0.989414
0.613000 0.043555 0.989414
0.613100 0.043711 0.989414
0.613200 0.043867 0.989414
0.613300 0.043945 0.989414
0.613400 0.044102 0.989414
0.613500 0.044258 0.989414
0.613600 0.044414 0.989414
0.613700 0.044492 0.989414
0.613800 0.044648 0.989414
0.613900 0.044805 0.989414
0.614000 0.044961 0.989414
0.614100 0.045039 0.989414
0.614200 0.045195 0.989414
0.614300 0.045352 0.989414
0.614400 0.045508 0.989414
0.614500 0.045586 0.989414
0.614600 0.045742 0.989414
0.614700 0.045898 0.989414
0.614800 0.045977 0.989414
0.614900 0.046133 0.989414
0.615000 0.046289 0.989414
0.615100 0.046445 0.989414
0.615200 0.046523 0.989414
0.615300 0.046680 0.989414
0.615400 0.046836 0.989414
0.615500 0.046914 0.989414
0.615600 0.047070 0.989414
0.615700 0.047227 0.989414
0.615800 0.047305 0.989414
0.615900 0.047461 0.989414
0.616000 0.047617 0.989414
0.616100 0.047695 0.989414
0.616200 0.047852 0.989414
0.616300 0.047930 0.989414
0.616400 0.048086 0.989414
0.616500 0.048242 0.989414
0.616600 0.048320 0.989414
0.616700 0.048477 0.989414
0.616800 0.048633 0.989414
0.616900 0.048711 0.989414
0.617000 0.048867 0.989414
0.617100 0.048945 0.989414
0.617200 0.049102 0.989414
0.617300 0.049258 0.989414
0.617400 0.049336 0.989414
0.617500 0.049492 0.989414
0.617600 0.049570 0.989414
0.617700 0.049727 0.989414
0.617800 0.049805 0.989414
0.617900 0.049961 0.989414
0.618000 0.050117 0.989414
0.618100 0.050195 0.989414
0.618200 0.050352 0.989414
0.618300 0.050430 0.989414
0.618400 0.050586 0.989414
0.618500 0.050664 0.989414
0.618600 0.050820 0.989414
0.618700 0.050898 0.989414
0.618800 0.051055 0.989414
0.618900 0.051211 0.989414
0.619000 0.051289 0.989414
0.619100 0.051445 0.989414
0.619200 0.051523 0.989414
0.619300 0.051680 0.989414
0.619400 0.051758 0.989414
0.619500 0.051914 0.989414
0.619600 0.051992 0.989414
0.619700 0.052148 0.989414
0.619800 0.052227 0.989414
0.619900 0.052383 0.989414
0.620000 0.052461 0.989414
0.620100 0.052617 0.989414
0.620200 0.052695 0.989414
0.620300 0.052852 0.989414
0.620400 0.052930 0.989414
0.620500 0.053086 0.989492
0.620600 0.053164 0.989492
0.620700 0.053242 0.989492
0.620800 0.053398 0.989492
0.620900 0.053477 0.989492
0.621000 0.053633 0.989492
0.621100 0.053711 0.989492
0.621200 0.053867 0.989492
0.621300 0.053945 0.989492
0.621400 0.054102 0.989492
0.621500 0.054180 0.989492
0.621600 0.054336 0.989492
0.621700 0.054414 0.989492
0.621800 0.054492 0.989492
0.621900 0.054648 0.989492
0.622000 0.054727 0.989492
0.622100 0.054883 0.989492
0.622200 0.054961 0.989492
0.622300 0.055117 0.989492
0.622400 0.055195 0.989492
0.622500 0.055273 0.989492
0.622600 0.055430 0.989492
0.622700 0.055508 0.989492
0.622800 0.055664 0.989492
0.622900 0.055742 0.989492
0.623000 0.055820 0.989492
0.623100 0.055977 0.989492
0.623200 0.056055 0.989492
0.623300 0.056211 0.989492
0.623400 0.056289 0.989492
0.623500 0.056367 0.989492
0.623600 0.056523 0.989492
0.623700 0.056602 0.989492
0.623800 0.056680 0.989492
0.623900 0.056836 0.989492
0.624000 0.056914 0.989492
0.624100 0.057070 0.989492
0.624200 0.057148 0.989492
0.624300 0.057227 0.989492
0.624400 0.057383 0.989492
0.624500 0.057461 0.989492
0.624600 0.057539 0.989492
0.624700 0.057695 0.989492
0.624800 0.057773 0.989492
0.624900 0.057852 0.989492
0.625000 0.058008 0.989492
0.625100 0.058086 0.989492
0.625200 0.058164 0.989492
0.625300 0.058320 0.989492
0.625400 0.058398 0.989492
0.625500 0.058477 0.989492
0.625600 0.058633 0.989492
0.625700 0.058711 0.989492
0.625800 0.058789 0.989492
0.625900 0.058945 0.989492
0.626000 0.059023 0.989492
0.626100 0.059102 0.989492
0.626200 0.059258 0.989492
0.626300 0.059336 0.989492
0.626400 0.059414 0.989492
0.626500 0.059570 0.989492
0.626600 0.059648 0.989492
0.626700 0.059727 0.989492
0.626800 0.059883 0.989492
0.626900 0.059961 0.989492
0.627000 0.060039 0.989492
0.627100 0.060117 0.989492
0.627200 0.060273 0.989492
0.627300 0.060352 0.989492
0.627400 0.060430 0.989492
0.627500 0.060586 0.989492
0.627600 0.060664 0.989492
0.627700 0.060742 0.989492
0.627800 0.060820 0.989492
0.627900 0.060977 0.989492
0.628000 0.061055 0.989492
0.628100 0.061133 0.989492
0.628200 0.061289 0.989492
0.628300 0.061367 0.989492
0.628400 0.061445 0.989492
0.628500 0.061523 0.989492
0.628600 0.061680 0.989492
0.628700 0.061758 0.989492
0.628800 0.061836 0.989492
0.628900 0.061914 0.989492
0.629000 0.062070 0.989492
0.629100 0.062148 0.989492
0.629200 0.062227 0.989492
0.629300 0.062305 0.989492
0.629400 0.062461 0.989492
0.629500 0.062539 0.989492
0.629600 0.062617 0.989492
0.629700 0.062695 0.989492
0.629800 0.062852 0.989492
0.629900 0.062930 0.989492
0.630000 0.063008 0.989492
0.630100 0.063086 0.989492
0.630200 0.063242 0.989492
0.630300 0.063320 0.989492
0.630400 0.063398 0.989492
0.630500 0.063477 0.989492
0.630600 0.063555 0.989492
0.630700 0.063711 0.989492
0.630800 0.063789 0.989492
0.630900 0.063867 0.989492
0.631000 0.063945 0.989492
0.631100 0.064102 0.989492
0.631200 0.064180 0.989492
0.631300 0.064258 0.989492
0.631400 0.064336 0.989492
0.631500 0.064414 0.989492
0.631600 0.064570 0.989492
0.631700 0.064648 0.989492
0.631800 0.064727 0.989492
0.631900 0.064805 0.989492
0.632000 0.064883 0.989492
0.632100 0.065039 0.989492
0.632200 0.065117 0.989492
0.632300 0.065195 0.989492
0.632400 0.065273 0.989492
0.632500 0.065352 0.989492
0.632600 0.065508 0.989492
0.632700 0.065586 0.989492
0.632800 0.065664 0.989492
0.632900 0.065742 0.989492
0.633000 0.065820 0.989492
0.633100 0.065898 0.989492
0.633200 0.066055 0.989492
0.633300 0.066133 0.989492
0.633400 0.066211 0.989492
0.633500 0.066289 0.989492
0.633600 0.066367 0.989492
0.633700 0.066445 0.989492
0.633800 0.066602 0.989492
0.633900 0.066680 0.989492
0.634000 0.066758 0.989492
0.634100 0.066836 0.989492
0.634200 0.066914 0.989570
0.634300 0.066992 0.989570
0.634400 0.067148 0.989570
0.634500 0.067227 0.989570
0.634600 0.067305 0.989570
0.634700 0.067383 0.989570
0.634800 0.067461 0.989570
0.634900 0.067539 0.989570
0.635000 0.067695 0.989570
0.635100 0.067773 0.989570
0.635200 0.067852 0.989570
0.635300 0.067930 0.989570
0.635400 0.068008 0.989570
0.635500 0.068086 0.989570
0.635600 0.068164 0.989570
0.635700 0.068242 0.989570
0.635800 0.068398 0.989570
0.635900 0.068477 0.989570
0.636000 0.068555 0.989570
0.636100 0.068633 0.989570
0.636200 0.068711 0.989570
0.636300 0.068789 0.989570
0.636400 0.068867 0.989570
0.636500 0.069023 0.989570
0.636600 0.069102 0.989570
0.636700 0.069180 0.989570
0.636800 0.069258 0.989570
0.636900 0.069336 0.989570
0.637000 0.069414 0.989570
0.637100 0.069492 0.989570
0.637200 0.069570 0.989570
0.637300 0.069648 0.989570
0.637400 0.069805 0.989570
0.637500 0.069883 0.989570
0.637600 0.069961 0.989570
0.637700 0.070039 0.989570
0.637800 0.070117 0.989570
0.637900 0.070195 0.989570
0.638000 0.070273 0.989570
0.638100 0.070352 0.989570
0.638200 0.070430 0.989570
0.638300 0.070586 0.989570
0.638400 0.070664 0.989570
0.638500 0.070742 0.989570
0.638600 0.070820 0.989570
0.638700 0.070898 0.989570
0.638800 0.070977 0.989570
0.638900 0.071055 0.989570
0.639000 0.071133 0.989570
0.639100 0.071211 0.989570
0.639200 0.071289 0.989570
0.639300 0.071367 0.989570
0.639400 0.071523 0.989570
0.639500 0.071602 0.989570
0.639600 0.071680 0.989570
0.639700 0.071758 0.989570
0.639800 0.071836 0.989570
0.639900 0.071914 0.989570
0.640000 0.071992 0.989570
0.640100 0.072070 0.989570
0.640200 0.072148 0.989570
0.640300 0.072227 0.989570
0.640400 0.072305 0.989570
0.640500 0.072383 0.989570
0.640600 0.072461 0.989570
0.640700 0.072539 0.989570
0.640800 0.072695 0.989570
0.640900 0.072773 0.989570
0.641000 0.072852 0.989570
0.641100 0.072930 0.989570
0.641200 0.073008 0.989570
0.641300 0.073086 0.989570
0.641400 0.073164 0.989570
0.641500 0.073242 0.989570
0.641600 0.073320 0.989570
0.641700 0.073398 0.989570
0.641800 0.073477 0.989570
0.641900 0.073555 0.989570
0.642000 0.073633 0.989570
0.642100 0.073711 0.989570
0.642200 0.073789 0.989570
0.642300 0.073867 0.989570
0.642400 0.073945 0.989570
0.642500 0.074023 0.989570
0.642600 0.074180 0.989570
0.642700 0.074258 0.989570
0.642800 0.074336 0.989570
0.642900 0.074414 0.989570
0.643000 0.074492 0.989570
0.643100 0.074570 0.989570
0.643200 0.074648 0.989570
0.643300 0.074727 0.989570
0.643400 0.074805 0.989648
0.643500 0.074883 0.989648
0.643600 0.074961 0.989648
0.643700 0.075039 0.989648
0.643800 0.075117 0.989648
0.643900 0.075195 0.989648
0.644000 0.075273 0.989648
0.644100 0.075352 0.989648
0.644200 0.075430 0.989648
0.644300 0.075508 0.989648
0.644400 0.075586 0.989648
0.644500 0.075664 0.989648
0.644600 0.075742 0.989648
0.644700 0.075820 0.989648
0.644800 0.075898 0.989648
0.644900 0.075977 0.989648
0.645000 0.076055 0.989648
0.645100 0.076133 0.989648
0.645200 0.076211 0.989648
0.645300 0.076289 0.989648
0.645400 0.076367 0.989648
0.645500 0.076445 0.989648
0.645600 0.076523 0.989648
0.645700 0.076602 0.989648
0.645800 0.076680 0.989648
0.645900 0.076758 0.989648
0.646000 0.076836 0.989648
0.646100 0.076914 0.989648
0.646200 0.076992 0.989648
0.646300 0.077070 0.989648
0.646400 0.077148 0.989648
0.646500 0.077227 0.989648
0.646600 0.077305 0.989648
0.646700 0.077383 0.989648
0.646800 0.077461 0.989648
0.646900 0.077539 0.989648
0.647000 0.077617 0.989648
0.647100 0.077695 0.989648
0.647200 0.077773 0.989648
0.647300 0.077852 0.989648
0.647400 0.077930 0.989648
0.647500 0.078008 0.989648
0.647600 0.078086 0.989648
0.647700 0.078164 0.989648
0.647800 0.078242 0.989648
0.647900 0.078320 0.989648
0.648000 0.078398 0.989648
0.648100 0.078477 0.989648
0.648200 0.078555 0.989648
0.648300 0.078633 0.989648
0.648400 0.078711 0.989648
0.648500 0.078789 0.989648
0.648600 0.078867 0.989648
0.648700 0.078945 0.989648
0.648800 0.079023 0.989648
0.648900 0.079102 0.989648
0.649000 0.079180 0.989648
0.649100 0.079258 0.989648
0.649200 0.079336 0.989648
0.649300 0.079414 0.989648
0.649400 0.079492 0.989648
0.649500 0.079570 0.989648
0.649600 0.079648 0.989648
0.649700 0.079727 0.989648
0.649800 0.079805 0.989648
0.649900 0.079883 0.989648
0.650000 0.079961 0.989648
0.650100 0.080039 0.989648
0.650200 0.080117 0.989648
0.650300 0.080195 0.989648
0.650400 0.080273 0.989648
0.650500 0.080352 0.989648
0.650600 0.080430 0.989648
0.650700 0.080430 0.989648
0.650800 0.080508 0.989648
0.650900 0.080586 0.989727
0.651000 0.080664 0.989727
0.651100 0.080742 0.989727
0.651200 0.080820 0.989727
0.651300 0.080898 0.989727
0.651400 0.080977 0.989727
0.651500 0.081055 0.989727
0.651600 0.081133 0.989727
0.651700 0.081211 0.989727
0.651800 0.081289 0.989727
0.651900 0.081367 0.989727
0.652000 0.081445 0.989727
0.652100 0.081523 0.989727
0.652200 0.081602 0.989727
0.652300 0.081680 0.989727
0.652400 0.081758 0.989727
0.652500 0.081836 0.989727
0.652600 0.081914 0.989727
0.652700 0.081914 0.989727
0.652800 0.081992 0.989727
0.652900 0.082070 0.989727
0.653000 0.082148 0.989727
0.653100 0.082227 0.989727
0.653200 0.082305 0.989727
0.653300 0.082383 0.989727
0.653400 0.082461 0.989727
0.653500 0.082539 0.989727
0.653600 0.082617 0.989727
0.653700 0.082695 0.989727
0.653800 0.082773 0.989727
0.653900 0.082852 0.989727
0.654000 0.082930 0.989727
0.654100 0.083008 0.989727
0.654200 0.083008 0.989727
0.654300 0.083086 0.989727
0.654400 0.083164 0.989727
0.654500 0.083242 0.989727
0.654600 0.083320 0.989727
0.654700 0.083398 0.989727
0.654800 0.083477 0.989727
0.654900 0.083555 0.989727
0.655000 0.083633 0.989727
0.655100 0.083711 0.989727
0.655200 0.083789 0.989727
0.655300 0.083867 0.989727
0.655400 0.083945 0.989727
0.655500 0.083945 0.989727
0.655600 0.084023 0.989727
0.655700 0.084102 0.989727
0.655800 0.084180 0.989727
0.655900 0.084258 0.989727
0.656000 0.084336 0.989727
0.656100 0.084414 0.989727
0.656200 0.084492 0.989727
0.656300 0.084570 0.989727
0.656400 0.084648 0.989727
0.656500 0.084727 0.989727
0.656600 0.084805 0.989727
0.656700 0.084805 0.989727
0.656800 0.084883 0.989727
0.656900 0.084961 0.989727
0.657000 0.085039 0.989727
0.657100 0.085117 0.989727
0.657200 0.085195 0.989727
0.657300 0.085273 0.989805
0.657400 0.085352 0.989805
0.657500 0.085430 0.989805
0.657600 0.085508 0.989805
0.657700 0.085508 0.989805
0.657800 0.085586 0.989805
0.657900 0.085664 0.989805
0.658000 0.085742 0.989805
0.658100 0.085820 0.989805
0.658200 0.085898 0.989805
0.658300 0.085977 0.989805
0.658400 0.086055 0.989805
0.658500 0.086133 0.989805
0.658600 0.086211 0.989805
0.658700 0.086211 0.989805
0.658800 0.086289 0.989805
0.658900 0.086367 0.989805
0.659000 0.086445 0.989805
0.659100 0.086523 0.989805
0.659200 0.086602 0.989805
0.659300 0.086680 0.989805
0.659400 0.086758 0.989805
0.659500 0.086836 0.989805
0.659600 0.086836 0.989805
0.659700 0.086914 0.989805
0.659800 0.086992 0.989805
0.659900 0.087070 0.989805
0.660000 0.087148 0.989805
0.660100 0.087227 0.989805
0.660200 0.087305 0.989805
0.660300 0.087383 0.989805
0.660400 0.087461 0.989805
0.660500 0.087461 0.989805
0.660600 0.087539 0.989805
0.660700 0.087617 0.989805
0.660800 0.087695 0.989805
0.660900 0.087773 0.989805
0.661000 0.087852 0.989805
0.661100 0.087930 0.989805
0.661200 0.088008 0.989805
0.661300 0.088008 0.989805
0.661400 0.088086 0.989805
0.661500 0.088164 0.989805
0.661600 0.088242 0.989805
0.661700 0.088320 0.989805
0.661800 0.088398 0.989805
0.661900 0.088477 0.989805
0.662000 0.088555 0.989805
0.662100 0.088555 0.989805
0.662200 0.088633 0.989805
0.662300 0.088711 0.989805
0.662400 0.088789 0.989805
0.662500 0.088867 0.989805
0.662600 0.088945 0.989805
0.662700 0.089023 0.989805
0.662800 0.089023 0.989805
0.662900 0.089102 0.989883
0.663000 0.089180 0.989883
0.663100 0.089258 0.989883
0.663200 0.089336 0.989883
0.663300 0.089414 0.989883
0.663400 0.089492 0.989883
0.663500 0.089492 0.989883
0.663600 0.089570 0.989883
0.663700 0.089648 0.989883
0.663800 0.089727 0.989883
0.663900 0.089805 0.989883
0.664000 0.089883 0.989883
0.664100 0.089961 0.989883
0.664200 0.089961 0.989883
0.664300 0.090039 0.989883
0.664400 0.090117 0.989883
0.664500 0.090195 0.989883
0.664600 0.090273 0.989883
0.664700 0.090352 0.989883
0.664800 0.090430 0.989883
0.664900 0.090430 0.989883
0.665000 0.090508 0.989883
0.665100 0.090586 0.989883
0.665200 0.090664 0.989883
0.665300 0.090742 0.989883
0.665400 0.090820 0.989883
0.665500 0.090898 0.989883
0.665600 0.090898 0.989883
0.665700 0.090977 0.989883
0.665800 0.091055 0.989883
0.665900 0.091133 0.989883
0.666000 0.091211 0.989883
0.666100 0.091289 0.989883
0.666200 0.091289 0.989883
0.666300 0.091367 0.989883
0.666400 0.091445 0.989883
0.666500 0.091523 0.989883
0.666600 0.091602 0.989883
0.666700 0.091680 0.989883
0.666800 0.091680 0.989883
0.666900 0.091758 0.989883
0.667000 0.091836 0.989883
0.667100 0.091914 0.989883
0.667200 0.091992 0.989883
0.667300 0.092070 0.989883
0.667400 0.092070 0.989883
0.667500 0.092148 0.989883
0.667600 0.092227 0.989883
0.667700 0.092305 0.989883
0.667800 0.092383 0.989883
0.667900 0.092461 0.989883
0.668000 0.092461 0.989883
0.668100 0.092539 0.989961
0.668200 0.092617 0.989961
0.668300 0.092695 0.989961
0.668400 0.092773 0.989961
0.668500 0.092852 0.989961
0.668600 0.092852 0.989961
0.668700 0.092930 0.989961
0.668800 0.093008 0.989961
0.668900 0.093086 0.989961
0.669000 0.093164 0.989961
0.669100 0.093242 0.989961
0.669200 0.093242 0.989961
0.669300 0.093320 0.989961
0.669400 0.093398 0.989961
0.669500 0.093477 0.989961
0.669600 0.093555 0.989961
0.669700 0.093633 0.989961
0.669800 0.093633 0.989961
0.669900 0.093711 0.989961
0.670000 0.093789 0.989961
0.670100 0.093867 0.989961
0.670200 0.093945 0.989961
0.670300 0.093945 0.989961
0.670400 0.094023 0.989961
0.670500 0.094102 0.989961
0.670600 0.094180 0.989961
0.670700 0.094258 0.989961
0.670800 0.094336 0.989961
0.670900 0.094336 0.989961
0.671000 0.094414 0.989961
0.671100 0.094492 0.989961
0.671200 0.094570 0.989961
0.671300 0.094648 0.989961
0.671400 0.094648 0.989961
0.671500 0.094727 0.989961
0.671600 0.094805 0.989961
0.671700 0.094883 0.989961
0.671800 0.094961 0.989961
0.671900 0.094961 0.989961
0.672000 0.095039 0.989961
0.672100 0.095117 0.989961
0.672200 0.095195 0.989961
0.672300 0.095273 0.989961
0.672400 0.095273 0.989961
0.672500 0.095352 0.989961
0.672600 0.095430 0.989961
0.672700 0.095508 0.989961
0.672800 0.095586 0.990039
0.672900 0.095664 0.990039
0.673000 0.095664 0.990039
0.673100 0.095742 0.990039
0.673200 0.095820 0.990039
0.673300 0.095898 0.990039
0.673400 0.095977 0.990039
0.673500 0.095977 0.990039
0.673600 0.096055 0.990039
0.673700 0.096133 0.990039
0.673800 0.096211 0.990039
0.673900 0.096289 0.990039
0.674000 0.096289 0.990039
0.674100 0.096367 0.990039
0.674200 0.096445 0.990039
0.674300 0.096523 0.990039
0.674400 0.096602 0.990039
0.674500 0.096602 0.990039
0.674600 0.096680 0.990039
0.674700 0.096758 0.990039
0.674800 0.096836 0.990039
0.674900 0.096836 0.990039
0.675000 0.096914 0.990039
0.675100 0.096992 0.990039
0.675200 0.097070 0.990039
0.675300 0.097148 0.990039
0.675400 0.097148 0.990039
0.675500 0.097227 0.990039
0.675600 0.097305 0.990039
0.675700 0.097383 0.990039
0.675800 0.097461 0.990039
0.675900 0.097461 0.990039
0.676000 0.097539 0.990039
0.676100 0.097617 0.990039
0.676200 0.097695 0.990039
0.676300 0.097773 0.990039
0.676400 0.097773 0.990039
0.676500 0.097852 0.990039
0.676600 0.097930 0.990039
0.676700 0.098008 0.990039
0.676800 0.098008 0.990039
0.676900 0.098086 0.990039
0.677000 0.098164 0.990039
0.677100 0.098242 0.990039
0.677200 0.098320 0.990117
0.677300 0.098320 0.990117
0.677400 0.098398 0.990117
0.677500 0.098477 0.990117
0.677600 0.098555 0.990117
0.677700 0.098555 0.990117
0.677800 0.098633 0.990117
0.677900 0.098711 0.990117
0.678000 0.098789 0.990117
0.678100 0.098867 0.990117
0.678200 0.098867 0.990117
0.678300 0.098945 0.990117
0.678400 0.099023 0.990117
0.678500 0.099102 0.990117
0.678600 0.099102 0.990117
0.678700 0.099180 0.990117
0.678800 0.099258 0.990117
0.678900 0.099336 0.990117
0.679000 0.099414 0.990117
0.679100 0.099414 0.990117
0.679200 0.099492 0.990117
0.679300 0.099570 0.990117
0.679400 0.099648 0.990117
0.679500 0.099648 0.990117
0.679600 0.099727 0.990117
0.679700 0.099805 0.990117
0.679800 0.099883 0.990117
0.679900 0.099883 0.990117
0.680000 0.099961 0.990117
0.680100 0.100039 0.990117
0.680200 0.100117 0.990117
0.680300 0.100195 0.990117
0.680400 0.100195 0.990117
0.680500 0.100273 0.990117
0.680600 0.100352 0.990117
0.680700 0.100430 0.990117
0.680800 0.100430 0.990117
0.680900 0.100508 0.990117
0.681000 0.100586 0.990117
0.681100 0.100664 0.990117
0.681200 0.100664 0.990117
0.681300 0.100742 0.990117
0.681400 0.100820 0.990195
0.681500 0.100898 0.990195
0.681600 0.100898 0.990195
0.681700 0.100977 0.990195
0.681800 0.101055 0.990195
0.681900 0.101133 0.990195
0.682000 0.101211 0.990195
0.682100 0.101211 0.990195
0.682200 0.101289 0.990195
0.682300 0.101367 0.990195
0.682400 0.101445 0.990195
0.682500 0.101445 0.990195
0.682600 0.101523 0.990195
0.682700 0.101602 0.990195
0.682800 0.101680 0.990195
0.682900 0.101680 0.990195
0.683000 0.101758 0.990195
0.683100 0.101836 0.990195
0.683200 0.101914 0.990195
0.683300 0.101914 0.990195
0.683400 0.101992 0.990195
0.683500 0.102070 0.990195
0.683600 0.102148 0.990195
0.683700 0.102148 0.990195
0.683800 0.102227 0.990195
0.683900 0.102305 0.990195
0.684000 0.102383 0.990195
0.684100 0.102383 0.990195
0.684200 0.102461 0.990195
0.684300 0.102539 0.990195
0.684400 0.102617 0.990195
0.684500 0.102617 0.990195
0.684600 0.102695 0.990195
0.684700 0.102773 0.990195
0.684800 0.102852 0.990195
0.684900 0.102852 0.990195
0.685000 0.102930 0.990195
0.685100 0.103008 0.990195
0.685200 0.103086 0.990195
0.685300 0.103086 0.990273
0.685400 0.103164 0.990273
0.685500 0.103242 0.990273
0.685600 0.103320 0.990273
0.685700 0.103320 0.990273
0.685800 0.103398 0.990273
0.685900 0.103477 0.990273
0.686000 0.103477 0.990273
0.686100 0.103555 0.990273
0.686200 0.103633 0.990273
0.686300 0.103711 0.990273
0.686400 0.103711 0.990273
0.686500 0.103789 0.990273
0.686600 0.103867 0.990273
0.686700 0.103945 0.990273
0.686800 0.103945 0.990273
0.686900 0.104023 0.990273
0.687000 0.104102 0.990273
0.687100 0.104180 0.990273
0.687200 0.104180 0.990273
0.687300 0.104258 0.990273
0.687400 0.104336 0.990273
0.687500 0.104414 0.990273
0.687600 0.104414 0.990273
0.687700 0.104492 0.990273
0.687800 0.104570 0.990273
0.687900 0.104570 0.990273
0.688000 0.104648 0.990273
0.688100 0.104727 0.990273
0.688200 0.104805 0.990273
0.688300 0.104805 0.990273
0.688400 0.104883 0.990273
0.688500 0.104961 0.990273
0.688600 0.105039 0.990273
0.688700 0.105039 0.990273
0.688800 0.105117 0.990273
0.688900 0.105195 0.990273
0.689000 0.105273 0.990352
0.689100 0.105273 0.990352
0.689200 0.105352 0.990352
0.689300 0.105430 0.990352
0.689400 0.105430 0.990352
0.689500 0.105508 0.990352
0.689600 0.105586 0.990352
0.689700 0.105664 0.990352
0.689800 0.105664 0.990352
0.689900 0.105742 0.990352
0.690000 0.105820 0.990352
0.690100 0.105898 0.990352
0.690200 0.105898 0.990352
0.690300 0.105977 0.990352
0.690400 0.106055 0.990352
0.690500 0.106055 0.990352
0.690600 0.106133 0.990352
0.690700 0.106211 0.990352
0.690800 0.106289 0.990352
0.690900 0.106289 0.990352
0.691000 0.106367 0.990352
0.691100 0.106445 0.990352
0.691200 0.106445 0.990352
0.691300 0.106523 0.990352
0.691400 0.106602 0.990352
0.691500 0.106680 0.990352
0.691600 0.106680 0.990352
0.691700 0.106758 0.990352
0.691800 0.106836 0.990352
0.691900 0.106914 0.990352
0.692000 0.106914 0.990352
0.692100 0.106992 0.990352
0.692200 0.107070 0.990352
0.692300 0.107070 0.990352
0.692400 0.107148 0.990352
0.692500 0.107227 0.990430
0.692600 0.107305 0.990430
0.692700 0.107305 0.990430
0.692800 0.107383 0.990430
0.692900 0.107461 0.990430
0.693000 0.107461 0.990430
0.693100 0.107539 0.990430
0.693200 0.107617 0.990430
0.693300 0.107695 0.990430
0.693400 0.107695 0.990430
0.693500 0.107773 0.990430
0.693600 0.107852 0.990430
0.693700 0.107852 0.990430
0.693800 0.107930 0.990430
0.693900 0.108008 0.990430
0.694000 0.108008 0.990430
0.694100 0.108086 0.990430
0.694200 0.108164 0.990430
0.694300 0.108242 0.990430
0.694400 0.108242 0.990430
0.694500 0.108320 0.990430
0.694600 0.108398 0.990430
0.694700 0.108398 0.990430
0.694800 0.108477 0.990430
0.694900 0.108555 0.990430
0.695000 0.108633 0.990430
0.695100 0.108633 0.990430
0.695200 0.108711 0.990430
0.695300 0.108789 0.990430
0.695400 0.108789 0.990430
0.695500 0.108867 0.990430
0.695600 0.108945 0.990430
0.695700 0.109023 0.990430
0.695800 0.109023 0.990430
0.695900 0.109102 0.990508
0.696000 0.109180 0.990508
0.696100 0.109180 0.990508
0.696200 0.109258 0.990508
0.696300 0.109336 0.990508
0.696400 0.109336 0.990508
0.696500 0.109414 0.990508
0.696600 0.109492 0.990508
0.696700 0.109570 0.990508
0.696800 0.109570 0.990508
0.696900 0.109648 0.990508
0.697000 0.109727 0.990508
0.697100 0.109727 0.990508
0.697200 0.109805 0.990508
0.697300 0.109883 0.990508
0.697400 0.109883 0.990508
0.697500 0.109961 0.990508
0.697600 0.110039 0.990508
0.697700 0.110117 0.990508
0.697800 0.110117 0.990508
0.697900 0.110195 0.990508
0.698000 0.110273 0.990508
0.698100 0.110273 0.990508
0.698200 0.110352 0.990508
0.698300 0.110430 0.990508
0.698400 0.110430 0.990508
0.698500 0.110508 0.990508
0.698600 0.110586 0.990508
0.698700 0.110586 0.990508
0.698800 0.110664 0.990508
0.698900 0.110742 0.990508
0.699000 0.110820 0.990508
0.699100 0.110820 0.990508
0.699200 0.110898 0.990586
0.699300 0.110977 0.990586
0.699400 0.110977 0.990586
0.699500 0.111055 0.990586
0.699600 0.111133 0.990586
0.699700 0.111133 0.990586
0.699800 0.111211 0.990586
0.699900 0.111289 0.990586
0.700000 0.111289 0.990586
0.700100 0.111367 0.990586
0.700200 0.111445 0.990586
0.700300 0.111523 0.990586
0.700400 0.111523 0.990586
0.700500 0.111602 0.990586
0.700600 0.111680 0.990586
0.700700 0.111680 0.990586
0.700800 0.111758 0.990586
0.700900 0.111836 0.990586
0.701000 0.111836 0.990586
0.701100 0.111914 0.990586
0.701200 0.111992 0.990586
0.701300 0.111992 0.990586
0.701400 0.112070 0.990586
0.701500 0.112148 0.990586
0.701600 0.112148 0.990586
0.701700 0.112227 0.990586
0.701800 0.112305 0.990586
0.701900 0.112305 0.990586
0.702000 0.112383 0.990586
0.702100 0.112461 0.990586
0.702200 0.112539 0.990586
0.702300 0.112539 0.990664
0.702400 0.112617 0.990664
0.702500 0.112695 0.990664
0.702600 0.112695 0.990664
0.702700 0.112773 0.990664
0.702800 0.112852 0.990664
0.702900 0.112852 0.990664
0.703000 0.112930 0.990664
0.703100 0.113008 0.990664
0.703200 0.113008 0.990664
0.703300 0.113086 0.990664
0.703400 0.113164 0.990664
0.703500 0.113164 0.990664
0.703600 0.113242 0.990664
0.703700 0.113320 0.990664
0.703800 0.113320 0.990664
0.703900 0.113398 0.990664
0.704000 0.113477 0.990664
0.704100 0.113477 0.990664
0.704200 0.113555 0.990664
0.704300 0.113633 0.990664
0.704400 0.113633 0.990664
0.704500 0.113711 0.990664
0.704600 0.113789 0.990664
0.704700 0.113789 0.990664
0.704800 0.113867 0.990664
0.704900 0.113945 0.990664
0.705000 0.113945 0.990664
0.705100 0.114023 0.990664
0.705200 0.114102 0.990664
0.705300 0.114102 0.990742
0.705400 0.114180 0.990742
0.705500 0.114258 0.990742
0.705600 0.114336 0.990742
0.705700 0.114336 0.990742
0.705800 0.114414 0.990742
0.705900 0.114492 0.990742
0.706000 0.114492 0.990742
0.706100 0.114570 0.990742
0.706200 0.114648 0.990742
0.706300 0.114648 0.990742
0.706400 0.114727 0.990742
0.706500 0.114805 0.990742
0.706600 0.114805 0.990742
0.706700 0.114883 0.990742
0.706800 0.114961 0.990742
0.706900 0.114961 0.990742
0.707000 0.115039 0.990742
0.707100 0.115117 0.990742
0.707200 0.115117 0.990742
0.707300 0.115195 0.990742
0.707400 0.115273 0.990742
0.707500 0.115273 0.990742
0.707600 0.115352 0.990742
0.707700 0.115430 0.990742
0.707800 0.115430 0.990742
0.707900 0.115508 0.990742
0.708000 0.115586 0.990742
0.708100 0.115586 0.990742
0.708200 0.115664 0.990742
0.708300 0.115742 0.990820
0.708400 0.115742 0.990820
0.708500 0.115820 0.990820
0.708600 0.115898 0.990820
0.708700 0.115898 0.990820
0.708800 0.115977 0.990820
0.708900 0.115977 0.990820
0.709000 0.116055 0.990820
0.709100 0.116133 0.990820
0.709200 0.116133 0.990820
0.709300 0.116211 0.990820
0.709400 0.116289 0.990820
0.709500 0.116289 0.990820
0.709600 0.116367 0.990820
0.709700 0.116445 0.990820
0.709800 0.116445 0.990820
0.709900 0.116523 0.990820
0.710000 0.116602 0.990820
0.710100 0.116602 0.990820
0.710200 0.116680 0.990820
0.710300 0.116758 0.990820
0.710400 0.116758 0.990820
0.710500 0.116836 0.990820
0.710600 0.116914 0.990820
0.710700 0.116914 0.990820
0.710800 0.116992 0.990820
0.710900 0.117070 0.990820
0.711000 0.117070 0.990820
0.711100 0.117148 0.990898
0.711200 0.117227 0.990898
0.711300 0.117227 0.990898
0.711400 0.117305 0.990898
0.711500 0.117383 0.990898
0.711600 0.117383 0.990898
0.711700 0.117461 0.990898
0.711800 0.117539 0.990898
0.711900 0.117539 0.990898
0.712000 0.117617 0.990898
0.712100 0.117695 0.990898
0.712200 0.117695 0.990898
0.712300 0.117773 0.990898
0.712400 0.117773 0.990898
0.712500 0.117852 0.990898
0.712600 0.117930 0.990898
0.712700 0.117930 0.990898
0.712800 0.118008 0.990898
0.712900 0.118086 0.990898
0.713000 0.118086 0.990898
0.713100 0.118164 0.990898
0.713200 0.118242 0.990898
0.713300 0.118242 0.990898
0.713400 0.118320 0.990898
0.713500 0.118398 0.990898
0.713600 0.118398 0.990898
0.713700 0.118477 0.990898
0.713800 0.118555 0.990898
0.713900 0.118555 0.990977
0.714000 0.118633 0.990977
0.714100 0.118633 0.990977
0.714200 0.118711 0.990977
0.714300 0.118789 0.990977
0.714400 0.118789 0.990977
0.714500 0.118867 0.990977
0.714600 0.118945 0.990977
0.714700 0.118945 0.990977
0.714800 0.119023 0.990977
0.714900 0.119102 0.990977
0.715000 0.119102 0.990977
0.715100 0.119180 0.990977
0.715200 0.119258 0.990977
0.715300 0.119258 0.990977
0.715400 0.119336 0.990977
0.715500 0.119414 0.990977
0.715600 0.119414 0.990977
0.715700 0.119492 0.990977
0.715800 0.119492 0.990977
0.715900 0.119570 0.990977
0.716000 0.119648 0.990977
0.716100 0.119648 0.990977
0.716200 0.119727 0.990977
0.716300 0.119805 0.990977
0.716400 0.119805 0.990977
0.716500 0.119883 0.991055
0.716600 0.119961 0.991055
0.716700 0.119961 0.991055
0.716800 0.120039 0.991055
0.716900 0.120039 0.991055
0.717000 0.120117 0.991055
0.717100 0.120195 0.991055
0.717200 0.120195 0.991055
0.717300 0.120273 0.991055
0.717400 0.120352 0.991055
0.717500 0.120352 0.991055
0.717600 0.120430 0.991055
0.717700 0.120508 0.991055
0.717800 0.120508 0.991055
0.717900 0.120586 0.991055
0.718000 0.120664 0.991055
0.718100 0.120664 0.991055
0.718200 0.120742 0.991055
0.718300 0.120742 0.991055
0.718400 0.120820 0.991055
0.718500 0.120898 0.991055
0.718600 0.120898 0.991055
0.718700 0.120977 0.991055
0.718800 0.121055 0.991055
0.718900 0.121055 0.991055
0.719000 0.121133 0.991055
0.719100 0.121133 0.991133
0.719200 0.121211 0.991133
0.719300 0.121289 0.991133
0.719400 0.121289 0.991133
0.719500 0.121367 0.991133
0.719600 0.121445 0.991133
0.719700 0.121445 0.991133
0.719800 0.121523 0.991133
0.719900 0.121602 0.991133
0.720000 0.121602 0.991133
0.720100 0.121680 0.991133
0.720200 0.121680 0.991133
0.720300 0.121758 0.991133
0.720400 0.121836 0.991133
0.720500 0.121836 0.991133
0.720600 0.121914 0.991133
0.720700 0.121992 0.991133
0.720800 0.121992 0.991133
0.720900 0.122070 0.991133
0.721000 0.122070 0.991133
0.721100 0.122148 0.991133
0.721200 0.122227 0.991133
0.721300 0.122227 0.991133
0.721400 0.122305 0.991133
0.721500 0.122383 0.991133
0.721600 0.122383 0.991133
0.721700 0.122461 0.991211
0.721800 0.122461 0.991211
0.721900 0.122539 0.991211
0.722000 0.122617 0.991211
0.722100 0.122617 0.991211
0.722200 0.122695 0.991211
0.722300 0.122773 0.991211
0.722400 0.122773 0.991211
0.722500 0.122852 0.991211
0.722600 0.122930 0.991211
0.722700 0.122930 0.991211
0.722800 0.123008 0.991211
0.722900 0.123008 0.991211
0.723000 0.123086 0.991211
0.723100 0.123164 0.991211
0.723200 0.123164 0.991211
0.723300 0.123242 0.991211
0.723400 0.123242 0.991211
0.723500 0.123320 0.991211
0.723600 0.123398 0.991211
0.723700 0.123398 0.991211
0.723800 0.123477 0.991211
0.723900 0.123555 0.991211
0.724000 0.123555 0.991211
0.724100 0.123633 0.991211
0.724200 0.123633 0.991289
0.724300 0.123711 0.991289
0.724400 0.123789 0.991289
0.724500 0.123789 0.991289
0.724600 0.123867 0.991289
0.724700 0.123945 0.991289
0.724800 0.123945 0.991289
0.724900 0.124023 0.991289
0.725000 0.124023 0.991289
0.725100 0.124102 0.991289
0.725200 0.124180 0.991289
0.725300 0.124180 0.991289
0.725400 0.124258 0.991289
0.725500 0.124336 0.991289
0.725600 0.124336 0.991289
0.725700 0.124414 0.991289
0.725800 0.124414 0.991289
0.725900 0.124492 0.991289
0.726000 0.124570 0.991289
0.726100 0.124570 0.991289
0.726200 0.124648 0.991289
0.726300 0.124648 0.991289
0.726400 0.124727 0.991289
0.726500 0.124805 0.991289
0.726600 0.124805 0.991367
0.726700 0.124883 0.991367
0.726800 0.124961 0.991367
0.726900 0.124961 0.991367
0.727000 0.125039 0.991367
0.727100 0.125039 0.991367
0.727200 0.125117 0.991367
0.727300 0.125195 0.991367
0.727400 0.125195 0.991367
0.727500 0.125273 0.991367
0.727600 0.125273 0.991367
0.727700 0.125352 0.991367
0.727800 0.125430 0.991367
0.727900 0.125430 0.991367
0.728000 0.125508 0.991367
0.728100 0.125586 0.991367
0.728200 0.125586 0.991367
0.728300 0.125664 0.991367
0.728400 0.125664 0.991367
0.728500 0.125742 0.991367
0.728600 0.125820 0.991367
0.728700 0.125820 0.991367
0.728800 0.125898 0.991367
0.728900 0.125898 0.991367
0.729000 0.125977 0.991445
0.729100 0.126055 0.991445
0.729200 0.126055 0.991445
0.729300 0.126133 0.991445
0.729400 0.126133 0.991445
0.729500 0.126211 0.991445
0.729600 0.126289 0.991445
0.729700 0.126289 0.991445
0.729800 0.126367 0.991445
0.729900 0.126367 0.991445
0.730000 0.126445 0.991445
0.730100 0.126523 0.991445
0.730200 0.126523 0.991445
0.730300 0.126602 0.991445
0.730400 0.126680 0.991445
0.730500 0.126680 0.991445
0.730600 0.126758 0.991445
0.730700 0.126758 0.991445
0.730800 0.126836 0.991445
0.730900 0.126914 0.991445
0.731000 0.126914 0.991445
0.731100 0.126992 0.991445
0.731200 0.126992 0.991445
0.731300 0.127070 0.991523
0.731400 0.127148 0.991523
0.731500 0.127148 0.991523
0.731600 0.127227 0.991523
0.731700 0.127227 0.991523
0.731800 0.127305 0.991523
0.731900 0.127383 0.991523
0.732000 0.127383 0.991523
0.732100 0.127461 0.991523
0.732200 0.127461 0.991523
0.732300 0.127539 0.991523
0.732400 0.127617 0.991523
0.732500 0.127617 0.991523
0.732600 0.127695 0.991523
0.732700 0.127695 0.991523
0.732800 0.127773 0.991523
0.732900 0.127852 0.991523
0.733000 0.127852 0.991523
0.733100 0.127930 0.991523
0.733200 0.127930 0.991523
0.733300 0.128008 0.991523
0.733400 0.128086 0.991523
0.733500 0.128086 0.991602
0.733600 0.128164 0.991602
0.733700 0.128164 0.991602
0.733800 0.128242 0.991602
0.733900 0.128320 0.991602
0.734000 0.128320 0.991602
0.734100 0.128398 0.991602
0.734200 0.128398 0.991602
0.734300 0.128477 0.991602
0.734400 0.128555 0.991602
0.734500 0.128555 0.991602
0.734600 0.128633 0.991602
0.734700 0.128633 0.991602
0.734800 0.128711 0.991602
0.734900 0.128789 0.991602
0.735000 0.128789 0.991602
0.735100 0.128867 0.991602
0.735200 0.128867 0.991602
0.735300 0.128945 0.991602
0.735400 0.129023 0.991602
0.735500 0.129023 0.991602
0.735600 0.129102 0.991602
0.735700 0.129102 0.991602
0.735800 0.129180 0.991680
0.735900 0.129258 0.991680
0.736000 0.129258 0.991680
0.736100 0.129336 0.991680
0.736200 0.129336 0.991680
0.736300 0.129414 0.991680
0.736400 0.129492 0.991680
0.736500 0.129492 0.991680
0.736600 0.129570 0.991680
0.736700 0.129570 0.991680
0.736800 0.129648 0.991680
0.736900 0.129727 0.991680
0.737000 0.129727 0.991680
0.737100 0.129805 0.991680
0.737200 0.129805 0.991680
0.737300 0.129883 0.991680
0.737400 0.129883 0.991680
0.737500 0.129961 0.991680
0.737600 0.130039 0.991680
0.737700 0.130039 0.991680
0.737800 0.130117 0.991680
0.737900 0.130117 0.991680
0.738000 0.130195 0.991758
0.738100 0.130273 0.991758
0.738200 0.130273 0.991758
0.738300 0.130352 0.991758
0.738400 0.130352 0.991758
0.738500 0.130430 0.991758
0.738600 0.130508 0.991758
0.738700 0.130508 0.991758
0.738800 0.130586 0.991758
0.738900 0.130586 0.991758
0.739000 0.130664 0.991758
0.739100 0.130742 0.991758
0.739200 0.130742 0.991758
0.739300 0.130820 0.991758
0.739400 0.130820 0.991758
0.739500 0.130898 0.991758
0.739600 0.130898 0.991758
0.739700 0.130977 0.991758
0.739800 0.131055 0.991758
0.739900 0.131055 0.991758
0.740000 0.131133 0.991758
0.740100 0.131133 0.991836
0.740200 0.131211 0.991836
0.740300 0.131289 0.991836
0.740400 0.131289 0.991836
0.740500 0.131367 0.991836
0.740600 0.131367 0.991836
0.740700 0.131445 0.991836
0.740800 0.131523 0.991836
0.740900 0.131523 0.991836
0.741000 0.131602 0.991836
0.741100 0.131602 0.991836
0.741200 0.131680 0.991836
0.741300 0.131680 0.991836
0.741400 0.131758 0.991836
0.741500 0.131836 0.991836
0.741600 0.131836 0.991836
0.741700 0.131914 0.991836
0.741800 0.131914 0.991836
0.741900 0.131992 0.991836
0.742000 0.132070 0.991836
0.742100 0.132070 0.991836
0.742200 0.132148 0.991914
0.742300 0.132148 0.991914
0.742400 0.132227 0.991914
0.742500 0.132227 0.991914
0.742600 0.132305 0.991914
0.742700 0.132383 0.991914
0.742800 0.132383 0.991914
0.742900 0.132461 0.991914
0.743000 0.132461 0.991914
0.743100 0.132539 0.991914
0.743200 0.132539 0.991914
0.743300 0.132617 0.991914
0.743400 0.132695 0.991914
0.743500 0.132695 0.991914
0.743600 0.132773 0.991914
0.743700 0.132773 0.991914
0.743800 0.132852 0.991914
0.743900 0.132930 0.991914
0.744000 0.132930 0.991914
0.744100 0.133008 0.991914
0.744200 0.133008 0.991914
0.744300 0.133086 0.991992
0.744400 0.133086 0.991992
0.744500 0.133164 0.991992
0.744600 0.133242 0.991992
0.744700 0.133242 0.991992
0.744800 0.133320 0.991992
0.744900 0.133320 0.991992
0.745000 0.133398 0.991992
0.745100 0.133398 0.991992
0.745200 0.133477 0.991992
0.745300 0.133555 0.991992
0.745400 0.133555 0.991992
0.745500 0.133633 0.991992
0.745600 0.133633 0.991992
0.745700 0.133711 0.991992
0.745800 0.133789 0.991992
0.745900 0.133789 0.991992
0.746000 0.133867 0.991992
0.746100 0.133867 0.991992
0.746200 0.133945 0.991992
0.746300 0.133945 0.992070
0.746400 0.134023 0.992070
0.746500 0.134102 0.992070
0.746600 0.134102 0.992070
0.746700 0.134180 0.992070
0.746800 0.134180 0.992070
0.746900 0.134258 0.992070
0.747000 0.134258 0.992070
0.747100 0.134336 0.992070
0.747200 0.134414 0.992070
0.747300 0.134414 0.992070
0.747400 0.134492 0.992070
0.747500 0.134492 0.992070
0.747600 0.134570 0.992070
0.747700 0.134570 0.992070
0.747800 0.134648 0.992070
0.747900 0.134727 0.992070
0.748000 0.134727 0.992070
0.748100 0.134805 0.992070
0.748200 0.134805 0.992070
0.748300 0.134883 0.992148
0.748400 0.134883 0.992148
0.748500 0.134961 0.992148
0.748600 0.135039 0.992148
0.748700 0.135039 0.992148
0.748800 0.135117 0.992148
0.748900 0.135117 0.992148
0.749000 0.135195 0.992148
0.749100 0.135195 0.992148
0.749200 0.135273 0.992148
0.749300 0.135352 0.992148
0.749400 0.135352 0.992148
0.749500 0.135430 0.992148
0.749600 0.135430 0.992148
0.749700 0.135508 0.992148
0.749800 0.135508 0.992148
0.749900 0.135586 0.992148
0.750000 0.135664 0.992148
0.750100 0.135664 0.992148
0.750200 0.135742 0.992227
0.750300 0.135742 0.992227
0.750400 0.135820 0.992227
0.750500 0.135820 0.992227
0.750600 0.135898 0.992227
0.750700 0.135977 0.992227
0.750800 0.135977 0.992227
0.750900 0.136055 0.992227
0.751000 0.136055 0.992227
0.751100 0.136133 0.992227
0.751200 0.136133 0.992227
0.751300 0.136211 0.992227
0.751400 0.136289 0.992227
0.751500 0.136289 0.992227
0.751600 0.136367 0.992227
0.751700 0.136367 0.992227
0.751800 0.136445 0.992227
0.751900 0.136445 0.992227
0.752000 0.136523 0.992227
0.752100 0.136523 0.992227
0.752200 0.136602 0.992305
0.752300 0.136680 0.992305
0.752400 0.136680 0.992305
0.752500 0.136758 0.992305
0.752600 0.136758 0.992305
0.752700 0.136836 0.992305
0.752800 0.136836 0.992305
0.752900 0.136914 0.992305
0.753000 0.136992 0.992305
0.753100 0.136992 0.992305
0.753200 0.137070 0.992305
0.753300 0.137070 0.992305
0.753400 0.137148 0.992305
0.753500 0.137148 0.992305
0.753600 0.137227 0.992305
0.753700 0.137227 0.992305
0.753800 0.137305 0.992305
0.753900 0.137383 0.992305
0.754000 0.137383 0.992305
0.754100 0.137461 0.992383
0.754200 0.137461 0.992383
0.754300 0.137539 0.992383
0.754400 0.137539 0.992383
0.754500 0.137617 0.992383
0.754600 0.137695 0.992383
0.754700 0.137695 0.992383
0.754800 0.137773 0.992383
0.754900 0.137773 0.992383
0.755000 0.137852 0.992383
0.755100 0.137852 0.992383
0.755200 0.137930 0.992383
0.755300 0.137930 0.992383
0.755400 0.138008 0.992383
0.755500 0.138086 0.992383
0.755600 0.138086 0.992383
0.755700 0.138164 0.992383
0.755800 0.138164 0.992383
0.755900 0.138242 0.992383
0.756000 0.138242 0.992461
0.756100 0.138320 0.992461
0.756200 0.138320 0.992461
0.756300 0.138398 0.992461
0.756400 0.138477 0.992461
0.756500 0.138477 0.992461
0.756600 0.138555 0.992461
0.756700 0.138555 0.992461
0.756800 0.138633 0.992461
0.756900 0.138633 0.992461
0.757000 0.138711 0.992461
0.757100 0.138711 0.992461
0.757200 0.138789 0.992461
0.757300 0.138867 0.992461
0.757400 0.138867 0.992461
0.757500 0.138945 0.992461
0.757600 0.138945 0.992461
0.757700 0.139023 0.992461
0.757800 0.139023 0.992539
0.757900 0.139102 0.992539
0.758000 0.139102 0.992539
0.758100 0.139180 0.992539
0.758200 0.139258 0.992539
0.758300 0.139258 0.992539
0.758400 0.139336 0.992539
0.758500 0.139336 0.992539
0.758600 0.139414 0.992539
0.758700 0.139414 0.992539
0.758800 0.139492 0.992539
0.758900 0.139492 0.992539
0.759000 0.139570 0.992539
0.759100 0.139648 0.992539
0.759200 0.139648 0.992539
0.759300 0.139727 0.992539
0.759400 0.139727 0.992539
0.759500 0.139805 0.992539
0.759600 0.139805 0.992617
0.759700 0.139883 0.992617
0.759800 0.139883 0.992617
0.759900 0.139961 0.992617
0.760000 0.140039 0.992617
0.760100 0.140039 0.992617
0.760200 0.140117 0.992617
0.760300 0.140117 0.992617
0.760400 0.140195 0.992617
0.760500 0.140195 0.992617
0.760600 0.140273 0.992617
0.760700 0.140273 0.992617
0.760800 0.140352 0.992617
0.760900 0.140430 0.992617
0.761000 0.140430 0.992617
0.761100 0.140508 0.992617
0.761200 0.140508 0.992617
0.761300 0.140586 0.992617
0.761400 0.140586 0.992695
0.761500 0.140664 0.992695
0.761600 0.140664 0.992695
0.761700 0.140742 0.992695
0.761800 0.140742 0.992695
0.761900 0.140820 0.992695
0.762000 0.140898 0.992695
0.762100 0.140898 0.992695
0.762200 0.140977 0.992695
0.762300 0.140977 0.992695
0.762400 0.141055 0.992695
0.762500 0.141055 0.992695
0.762600 0.141133 0.992695
0.762700 0.141133 0.992695
0.762800 0.141211 0.992695
0.762900 0.141211 0.992695
0.763000 0.141289 0.992695
0.763100 0.141367 0.992695
0.763200 0.141367 0.992773
0.763300 0.141445 0.992773
0.763400 0.141445 0.992773
0.763500 0.141523 0.992773
0.763600 0.141523 0.992773
0.763700 0.141602 0.992773
0.763800 0.141602 0.992773
0.763900 0.141680 0.992773
0.764000 0.141680 0.992773
0.764100 0.141758 0.992773
0.764200 0.141836 0.992773
0.764300 0.141836 0.992773
0.764400 0.141914 0.992773
0.764500 0.141914 0.992773
0.764600 0.141992 0.992773
0.764700 0.141992 0.992773
0.764800 0.142070 0.992773
0.764900 0.142070 0.992773
0.765000 0.142148 0.992852
0.765100 0.142148 0.992852
0.765200 0.142227 0.992852
0.765300 0.142305 0.992852
0.765400 0.142305 0.992852
0.765500 0.142383 0.992852
0.765600 0.142383 0.992852
0.765700 0.142461 0.992852
0.765800 0.142461 0.992852
0.765900 0.142539 0.992852
0.766000 0.142539 0.992852
0.766100 0.142617 0.992852
0.766200 0.142617 0.992852
0.766300 0.142695 0.992852
0.766400 0.142773 0.992852
0.766500 0.142773 0.992852
0.766600 0.142852 0.992852
0.766700 0.142852 0.992930
0.766800 0.142930 0.992930
0.766900 0.142930 0.992930
0.767000 0.143008 0.992930
0.767100 0.143008 0.992930
0.767200 0.143086 0.992930
0.767300 0.143086 0.992930
0.767400 0.143164 0.992930
0.767500 0.143164 0.992930
0.767600 0.143242 0.992930
0.767700 0.143320 0.992930
0.767800 0.143320 0.992930
0.767900 0.143398 0.992930
0.768000 0.143398 0.992930
0.768100 0.143477 0.992930
0.768200 0.143477 0.992930
0.768300 0.143555 0.992930
0.768400 0.143555 0.993008
0.768500 0.143633 0.993008
0.768600 0.143633 0.993008
0.768700 0.143711 0.993008
0.768800 0.143789 0.993008
0.768900 0.143789 0.993008
0.769000 0.143867 0.993008
0.769100 0.143867 0.993008
0.769200 0.143945 0.993008
0.769300 0.143945 0.993008
0.769400 0.144023 0.993008
0.769500 0.144023 0.993008
0.769600 0.144102 0.993008
0.769700 0.144102 0.993008
0.769800 0.144180 0.993008
0.769900 0.144180 0.993008
0.770000 0.144258 0.993008
0.770100 0.144258 0.993086
0.770200 0.144336 0.993086
0.770300 0.144414 0.993086
0.770400 0.144414 0.993086
0.770500 0.144492 0.993086
0.770600 0.144492 0.993086
0.770700 0.144570 0.993086
0.770800 0.144570 0.993086
0.770900 0.144648 0.993086
0.771000 0.144648 0.993086
0.771100 0.144727 0.993086
0.771200 0.144727 0.993086
0.771300 0.144805 0.993086
0.771400 0.144805 0.993086
0.771500 0.144883 0.993086
0.771600 0.144961 0.993086
0.771700 0.144961 0.993086
0.771800 0.145039 0.993164
0.771900 0.145039 0.993164
0.772000 0.145117 0.993164
0.772100 0.145117 0.993164
0.772200 0.145195 0.993164
0.772300 0.145195 0.993164
0.772400 0.145273 0.993164
0.772500 0.145273 0.993164
0.772600 0.145352 0.993164
0.772700 0.145352 0.993164
0.772800 0.145430 0.993164
0.772900 0.145430 0.993164
0.773000 0.145508 0.993164
0.773100 0.145586 0.993164
0.773200 0.145586 0.993164
0.773300 0.145664 0.993164
0.773400 0.145664 0.993242
0.773500 0.145742 0.993242
0.773600 0.145742 0.993242
0.773700 0.145820 0.993242
0.773800 0.145820 0.993242
0.773900 0.145898 0.993242
0.774000 0.145898 0.993242
0.774100 0.145977 0.993242
0.774200 0.145977 0.993242
0.774300 0.146055 0.993242
0.774400 0.146055 0.993242
0.774500 0.146133 0.993242
0.774600 0.146133 0.993242
0.774700 0.146211 0.993242
0.774800 0.146289 0.993242
0.774900 0.146289 0.993242
0.775000 0.146367 0.993320
0.775100 0.146367 0.993320
0.775200 0.146445 0.993320
0.775300 0.146445 0.993320
0.775400 0.146523 0.993320
0.775500 0.146523 0.993320
0.775600 0.146602 0.993320
0.775700 0.146602 0.993320
0.775800 0.146680 0.993320
0.775900 0.146680 0.993320
0.776000 0.146758 0.993320
0.776100 0.146758 0.993320
0.776200 0.146836 0.993320
0.776300 0.146836 0.993320
0.776400 0.146914 0.993320
0.776500 0.146992 0.993320
0.776600 0.146992 0.993398
0.776700 0.147070 0.993398
0.776800 0.147070 0.993398
0.776900 0.147148 0.993398
0.777000 0.147148 0.993398
0.777100 0.147227 0.993398
0.777200 0.147227 0.993398
0.777300 0.147305 0.993398
0.777400 0.147305 0.993398
0.777500 0.147383 0.993398
0.777600 0.147383 0.993398
0.777700 0.147461 0.993398
0.777800 0.147461 0.993398
0.777900 0.147539 0.993398
0.778000 0.147539 0.993398
0.778100 0.147617 0.993398
0.778200 0.147617 0.993477
0.778300 0.147695 0.993477
0.778400 0.147773 0.993477
0.778500 0.147773 0.993477
0.778600 0.147852 0.993477
0.778700 0.147852 0.993477
0.778800 0.147930 0.993477
0.778900 0.147930 0.993477
0.779000 0.148008 0.993477
0.779100 0.148008 0.993477
0.779200 0.148086 0.993477
0.779300 0.148086 0.993477
0.779400 0.148164 0.993477
0.779500 0.148164 0.993477
0.779600 0.148242 0.993477
0.779700 0.148242 0.993477
0.779800 0.148320 0.993555
0.779900 0.148320 0.993555
0.780000 0.148398 0.993555
0.780100 0.148398 0.993555
0.780200 0.148477 0.993555
0.780300 0.148477 0.993555
0.780400 0.148555 0.993555
0.780500 0.148633 0.993555
0.780600 0.148633 0.993555
0.780700 0.148711 0.993555
0.780800 0.148711 0.993555
0.780900 0.148789 0.993555
0.781000 0.148789 0.993555
0.781100 0.148867 0.993555
0.781200 0.148867 0.993555
0.781300 0.148945 0.993555
0.781400 0.148945 0.993633
0.781500 0.149023 0.993633
0.781600 0.149023 0.993633
0.781700 0.149102 0.993633
0.781800 0.149102 0.993633
0.781900 0.149180 0.993633
0.782000 0.149180 0.993633
0.782100 0.149258 0.993633
0.782200 0.149258 0.993633
0.782300 0.149336 0.993633
0.782400 0.149336 0.993633
0.782500 0.149414 0.993633
0.782600 0.149414 0.993633
0.782700 0.149492 0.993633
0.782800 0.149570 0.993633
0.782900 0.149570 0.993711
0.783000 0.149648 0.993711
0.783100 0.149648 0.993711
0.783200 0.149727 0.993711
0.783300 0.149727 0.993711
0.783400 0.149805 0.993711
0.783500 0.149805 0.993711
0.783600 0.149883 0.993711
0.783700 0.149883 0.993711
0.783800 0.149961 0.993711
0.783900 0.149961 0.993711
0.784000 0.150039 0.993711
0.784100 0.150039 0.993711
0.784200 0.150117 0.993711
0.784300 0.150117 0.993711
0.784400 0.150195 0.993789
0.784500 0.150195 0.993789
0.784600 0.150273 0.993789
0.784700 0.150273 0.993789
0.784800 0.150352 0.993789
0.784900 0.150352 0.993789
0.785000 0.150430 0.993789
0.785100 0.150430 0.993789
0.785200 0.150508 0.993789
0.785300 0.150508 0.993789
0.785400 0.150586 0.993789
0.785500 0.150586 0.993789
0.785600 0.150664 0.993789
0.785700 0.150742 0.993789
0.785800 0.150742 0.993789
0.785900 0.150820 0.993867
0.786000 0.150820 0.993867
0.786100 0.150898 0.993867
0.786200 0.150898 0.993867
0.786300 0.150977 0.993867
0.786400 0.150977 0.993867
0.786500 0.151055 0.993867
0.786600 0.151055 0.993867
0.786700 0.151133 0.993867
0.786800 0.151133 0.993867
0.786900 0.151211 0.993867
0.787000 0.151211 0.993867
0.787100 0.151289 0.993867
0.787200 0.151289 0.993867
0.787300 0.151367 0.993867
0.787400 0.151367 0.993945
0.787500 0.151445 0.993945
0.787600 0.151445 0.993945
0.787700 0.151523 0.993945
0.787800 0.151523 0.993945
0.787900 0.151602 0.993945
0.788000 0.151602 0.993945
0.788100 0.151680 0.993945
0.788200 0.151680 0.993945
0.788300 0.151758 0.993945
0.788400 0.151758 0.993945
0.788500 0.151836 0.993945
0.788600 0.151836 0.993945
0.788700 0.151914 0.993945
0.788800 0.151914 0.993945
0.788900 0.151992 0.994023
0.789000 0.151992 0.994023
0.789100 0.152070 0.994023
0.789200 0.152070 0.994023
0.789300 0.152148 0.994023
0.789400 0.152227 0.994023
0.789500 0.152227 0.994023
0.789600 0.152305 0.994023
0.789700 0.152305 0.994023
0.789800 0.152383 0.994023
0.789900 0.152383 0.994023
0.790000 0.152461 0.994023
0.790100 0.152461 0.994023
0.790200 0.152539 0.994023
0.790300 0.152539 0.994023
0.790400 0.152617 0.994102
0.790500 0.152617 0.994102
0.790600 0.152695 0.994102
0.790700 0.152695 0.994102
0.790800 0.152773 0.994102
0.790900 0.152773 0.994102
0.791000 0.152852 0.994102
0.791100 0.152852 0.994102
0.791200 0.152930 0.994102
0.791300 0.152930 0.994102
0.791400 0.153008 0.994102
0.791500 0.153008 0.994102
0.791600 0.153086 0.994102
0.791700 0.153086 0.994102
0.791800 0.153164 0.994180
0.791900 0.153164 0.994180
0.792000 0.153242 0.994180
0.792100 0.153242 0.994180
0.792200 0.153320 0.994180
0.792300 0.153320 0.994180
0.792400 0.153398 0.994180
0.792500 0.153398 0.994180
0.792600 0.153477 0.994180
0.792700 0.153477 0.994180
0.792800 0.153555 0.994180
0.792900 0.153555 0.994180
0.793000 0.153633 0.994180
0.793100 0.153633 0.994180
0.793200 0.153711 0.994180
0.793300 0.153711 0.994258
0.793400 0.153789 0.994258
0.793500 0.153789 0.994258
0.793600 0.153867 0.994258
0.793700 0.153867 0.994258
0.793800 0.153945 0.994258
0.793900 0.153945 0.994258
0.794000 0.154023 0.994258
0.794100 0.154023 0.994258
0.794200 0.154102 0.994258
0.794300 0.154102 0.994258
0.794400 0.154180 0.994258
0.794500 0.154180 0.994258
0.794600 0.154258 0.994258
0.794700 0.154258 0.994336
0.794800 0.154336 0.994336
0.794900 0.154336 0.994336
0.795000 0.154414 0.994336
0.795100 0.154414 0.994336
0.795200 0.154492 0.994336
0.795300 0.154492 0.994336
0.795400 0.154570 0.994336
0.795500 0.154570 0.994336
0.795600 0.154648 0.994336
0.795700 0.154648 0.994336
0.795800 0.154727 0.994336
0.795900 0.154727 0.994336
0.796000 0.154805 0.994336
0.796100 0.154805 0.994414
0.796200 0.154883 0.994414
0.796300 0.154961 0.994414
0.796400 0.154961 0.994414
0.796500 0.155039 0.994414
0.796600 0.155039 0.994414
0.796700 0.155117 0.994414
0.796800 0.155117 0.994414
0.796900 0.155195 0.994414
0.797000 0.155195 0.994414
0.797100 0.155273 0.994414
0.797200 0.155273 0.994414
0.797300 0.155352 0.994414
0.797400 0.155352 0.994414
0.797500 0.155430 0.994492
0.797600 0.155430 0.994492
0.797700 0.155508 0.994492
0.797800 0.155508 0.994492
0.797900 0.155586 0.994492
0.798000 0.155586 0.994492
0.798100 0.155664 0.994492
0.798200 0.155664 0.994492
0.798300 0.155742 0.994492
0.798400 0.155742 0.994492
0.798500 0.155820 0.994492
0.798600 0.155820 0.994492
0.798700 0.155898 0.994492
0.798800 0.155898 0.994492
0.798900 0.155977 0.994570
0.799000 0.155977 0.994570
0.799100 0.156055 0.994570
0.799200 0.156055 0.994570
0.799300 0.156133 0.994570
0.799400 0.156133 0.994570
0.799500 0.156211 0.994570
0.799600 0.156211 0.994570
0.799700 0.156289 0.994570
0.799800 0.156289 0.994570
0.799900 0.156367 0.994570
0.800000 0.156367 0.994570
0.800100 0.156445 0.994570
0.800200 0.156445 0.994570
0.800300 0.156523 0.994648
0.800400 0.156523 0.994648
0.800500 0.156602 0.994648
0.800600 0.156602 0.994648
0.800700 0.156680 0.994648
0.800800 0.156680 0.994648
0.800900 0.156758 0.994648
0.801000 0.156758 0.994648
0.801100 0.156836 0.994648
0.801200 0.156836 0.994648
0.801300 0.156914 0.994648
0.801400 0.156914 0.994648
0.801500 0.156992 0.994648
0.801600 0.156992 0.994727
0.801700 0.157070 0.994727
0.801800 0.157070 0.994727
0.801900 0.157070 0.994727
0.802000 0.157148 0.994727
0.802100 0.157148 0.994727
0.802200 0.157227 0.994727
0.802300 0.157227 0.994727
0.802400 0.157305 0.994727
0.802500 0.157305 0.994727
0.802600 0.157383 0.994727
0.802700 0.157383 0.994727
0.802800 0.157461 0.994727
0.802900 0.157461 0.994727
0.803000 0.157539 0.994805
0.803100 0.157539 0.994805
0.803200 0.157617 0.994805
0.803300 0.157617 0.994805
0.803400 0.157695 0.994805
0.803500 0.157695 0.994805
0.803600 0.157773 0.994805
0.803700 0.157773 0.994805
0.803800 0.157852 0.994805
0.803900 0.157852 0.994805
0.804000 0.157930 0.994805
0.804100 0.157930 0.994805
0.804200 0.158008 0.994805
0.804300 0.158008 0.994883
0.804400 0.158086 0.994883
0.804500 0.158086 0.994883
0.804600 0.158164 0.994883
0.804700 0.158164 0.994883
0.804800 0.158242 0.994883
0.804900 0.158242 0.994883
0.805000 0.158320 0.994883
0.805100 0.158320 0.994883
0.805200 0.158398 0.994883
0.805300 0.158398 0.994883
0.805400 0.158477 0.994883
0.805500 0.158477 0.994883
0.805600 0.158555 0.994883
0.805700 0.158555 0.994961
0.805800 0.158633 0.994961
0.805900 0.158633 0.994961
0.806000 0.158711 0.994961
0.806100 0.158711 0.994961
0.806200 0.158789 0.994961
0.806300 0.158789 0.994961
0.806400 0.158867 0.994961
0.806500 0.158867 0.994961
0.806600 0.158945 0.994961
0.806700 0.158945 0.994961
0.806800 0.159023 0.994961
0.806900 0.159023 0.994961
0.807000 0.159102 0.995039
0.807100 0.159102 0.995039
0.807200 0.159180 0.995039
0.807300 0.159180 0.995039
0.807400 0.159258 0.995039
0.807500 0.159258 0.995039
0.807600 0.159336 0.995039
0.807700 0.159336 0.995039
0.807800 0.159414 0.995039
0.807900 0.159414 0.995039
0.808000 0.159492 0.995039
0.808100 0.159492 0.995039
0.808200 0.159570 0.995039
0.808300 0.159570 0.995117
0.808400 0.159648 0.995117
0.808500 0.159648 0.995117
0.808600 0.159727 0.995117
0.808700 0.159727 0.995117
0.808800 0.159805 0.995117
0.808900 0.159805 0.995117
0.809000 0.159805 0.995117
0.809100 0.159883 0.995117
0.809200 0.159883 0.995117
0.809300 0.159961 0.995117
0.809400 0.159961 0.995117
0.809500 0.160039 0.995117
0.809600 0.160039 0.995195
0.809700 0.160117 0.995195
0.809800 0.160117 0.995195
0.809900 0.160195 0.995195
0.810000 0.160195 0.995195
0.810100 0.160273 0.995195
0.810200 0.160273 0.995195
0.810300 0.160352 0.995195
0.810400 0.160352 0.995195
0.810500 0.160430 0.995195
0.810600 0.160430 0.995195
0.810700 0.160508 0.995195
0.810800 0.160508 0.995195
0.810900 0.160586 0.995273
0.811000 0.160586 0.995273
0.811100 0.160664 0.995273
0.811200 0.160664 0.995273
0.811300 0.160742 0.995273
0.811400 0.160742 0.995273
0.811500 0.160820 0.995273
0.811600 0.160820 0.995273
0.811700 0.160898 0.995273
0.811800 0.160898 0.995273
0.811900 0.160977 0.995273
0.812000 0.160977 0.995273
0.812100 0.161055 0.995273
0.812200 0.161055 0.995352
0.812300 0.161133 0.995352
0.812400 0.161133 0.995352
0.812500 0.161211 0.995352
0.812600 0.161211 0.995352
