0.1000000010 0.2663188330 1.0053534326
0.2000000010 0.5218675928 1.0268279248
0.3000000010 0.7372160303 1.0917650244
0.4000000010 0.8575873877 1.2541594971
0.5000000010 0.9037354834 1.4933386084
0.6000000010 0.9278788721 1.7589950732
0.7000000010 0.9484236963 2.0337922315
0.8000000010 0.9472015381 2.3125901221
0.9000000010 0.9446491455 2.5934969580
1.0000000010 0.9411005322 2.8756736572
1.1000000010 0.9367318311 3.1586951221
1.2000000010 0.9316450146 3.4423247217
1.3000000010 0.9258979150 3.7264214893
1.4000000010 0.9195229639 4.0108972803
1.5000000010 0.9125372607 4.2956951318
1.6000000010 0.9049481494 4.5807774658
1.7000000010 0.8967562354 4.8661192920
1.8000000010 0.8879572607 5.1517041260
1.9000000010 0.8785430518 5.4375213818
2.0000000010 0.8685021045 5.7235646826
2.1000000010 0.8578199170 6.0098307275
2.2000000010 0.8464790381 6.2963185009
2.3000000010 0.8344590088 6.5830287255
2.4000000010 0.8217361670 6.8699634618
2.5000000010 0.8082833838 7.1571257860
2.6000000010 0.7940695850 7.4445196239
2.7000000010 0.7790592432 7.7321495458
2.8000000010 0.7632116064 8.0200206493
2.9000000010 0.7464798096 8.3081384618
3.0000000010 0.7288097021 8.5965088719
3.1000000010 0.7101382666 8.8851380418
3.2000000010 0.6903916748 9.1740323875
3.3000000010 0.6694826221 9.4631985398
3.4000000010 0.6473067822 9.7526432664
3.5000000010 0.6237379150 10.0423735203
3.6000000010 0.5986210205 10.3323963523
3.7000000010 0.5717623486 10.6227189109
3.8000000010 0.5429145752 10.9133484617
3.9000000010 0.5117535596 11.2042923191
4.0000000010 0.4778403369 11.4955578855
4.1000000010 0.4405547217 11.7871526120
4.2000000010 0.3989693115 12.0790839890
4.3000000010 0.3515814502 12.3713595554
4.4000000010 0.2956380615 12.6639869089
4.5000000010 0.2248741748 12.9569736471
4.6000000010 0.1145615674 13.2503274069
