0.0035010000 0.0009521250
0.0050010000 0.0013600750
0.0065010000 0.0017680250
0.0070010000 0.0019040250
0.0080010000 0.0021759750
0.0085010000 0.0023119750
0.0090010000 0.0024479750
0.0095010000 0.0025839750
0.0100010000 0.0027199250
0.0105010000 0.0028559250
0.0110010000 0.0029919250
0.0115010000 0.0031278750
0.0120010000 0.0032638750
0.0125010000 0.0033998750
0.0130010000 0.0035358750
0.0135010000 0.0036718250
0.0140010000 0.0038078250
0.0145010000 0.0039438250
0.0150010000 0.0040798250
0.0155010000 0.0042157750
0.0160010000 0.0043517750
0.0165010000 0.0044877750
0.0170010000 0.0046237750
0.0175010000 0.0047597750
0.0180010000 0.0048957250
0.0185010000 0.0050317250
0.0190010000 0.0051677250
0.0195010000 0.0053037250
0.0200010000 0.0054397250
0.0205010000 0.0055757250
0.0210010000 0.0057117250
0.0215010000 0.0058476750
0.0220010000 0.0059836750
0.0225010000 0.0061196750
0.0230010000 0.0062556750
0.0235010000 0.0063916750
0.0240010000 0.0065276750
0.0245010000 0.0066636750
0.0250010000 0.0067996750
0.0255010000 0.0069356750
0.0260010000 0.0070716750
0.0265010000 0.0072076750
0.0270010000 0.0073436750
0.0275010000 0.0074796750
0.0280010000 0.0076156750
0.0285010000 0.0077516750
0.0290010000 0.0078876750
0.0295010000 0.0080236750
0.0300010000 0.0081597250
0.0305010000 0.0082957250
0.0310010000 0.0084317250
0.0315010000 0.0085677250
0.0320010000 0.0087037250
0.0325010000 0.0088397750
0.0330010000 0.0089757750
0.0335010000 0.0091117750
0.0340010000 0.0092477750
0.0345010000 0.0093838250
0.0350010000 0.0095198250
0.0355010000 0.0096558250
0.0360010000 0.0097918750
0.0365010000 0.0099278750
0.0370010000 0.0100638750
0.0375010000 0.0101999250
0.0380010000 0.0103359250
0.0385010000 0.0104719750
0.0390010000 0.0106079750
0.0395010000 0.0107440250
0.0400010000 0.0108800250
0.0405010000 0.0110160750
0.0410010000 0.0111520750
0.0415010000 0.0112881250
0.0420010000 0.0114241750
0.0425010000 0.0115601750
0.0430010000 0.0116962250
0.0435010000 0.0118322750
0.0440010000 0.0119682750
0.0445010000 0.0121043250
0.0450010000 0.0122403750
0.0455010000 0.0123764250
0.0460010000 0.0125124750
0.0465010000 0.0126484750
0.0470010000 0.0127845250
0.0475010000 0.0129205750
0.0480010000 0.0130566250
0.0485010000 0.0131926750
0.0490010000 0.0133287250
0.0495010000 0.0134647750
0.0500010000 0.0136008250
0.0505010000 0.0137368750
0.0510010000 0.0138729250
0.0515010000 0.0140090250
0.0520010000 0.0141450750
0.0525010000 0.0142811250
0.0530010000 0.0144171750
0.0535010000 0.0145532750
0.0540010000 0.0146893250
0.0545010000 0.0148253750
0.0550010000 0.0149614750
0.0555010000 0.0150975250
0.0560010000 0.0152335750
0.0565010000 0.0153696750
0.0570010000 0.0155057250
0.0575010000 0.0156418250
0.0580010000 0.0157779250
0.0585010000 0.0159139750
0.0590010000 0.0160500750
0.0595010000 0.0161861750
0.0600010000 0.0163222250
0.0605010000 0.0164583250
0.0610010000 0.0165944250
0.0615010000 0.0167305250
0.0620010000 0.0168666250
0.0625010000 0.0170027250
0.0630010000 0.0171388250
0.0635010000 0.0172749250
0.0640010000 0.0174110250
0.0645010000 0.0175471250
0.0650010000 0.0176832250
0.0655010000 0.0178193250
0.0660010000 0.0179554250
0.0665010000 0.0180915750
0.0670010000 0.0182276750
0.0675010000 0.0183637750
0.0680010000 0.0184999250
0.0685010000 0.0186360250
0.0690010000 0.0187721750
0.0695010000 0.0189082750
0.0700010000 0.0190444250
0.0705010000 0.0191805750
0.0710010000 0.0193166750
0.0715010000 0.0194528250
0.0720010000 0.0195889750
0.0725010000 0.0197251250
0.0730010000 0.0198612750
0.0735010000 0.0199974250
0.0740010000 0.0201335750
0.0745010000 0.0202697250
0.0750010000 0.0204058750
0.0755010000 0.0205420250
0.0760010000 0.0206781750
0.0765010000 0.0208143250
0.0770010000 0.0209505250
0.0775010000 0.0210866750
0.0780010000 0.0212228250
0.0785010000 0.0213590250
0.0790010000 0.0214951750
0.0795010000 0.0216313750
0.0800010000 0.0217675750
0.0805010000 0.0219037250
0.0810010000 0.0220399250
0.0815010000 0.0221761250
0.0820010000 0.0223123250
0.0825010000 0.0224485250
0.0830010000 0.0225847250
0.0835010000 0.0227209250
0.0840010000 0.0228571250
0.0845010000 0.0229933250
0.0850010000 0.0231295750
0.0855010000 0.0232657750
0.0860010000 0.0234019750
0.0865010000 0.0235382250
0.0870010000 0.0236744250
0.0875010000 0.0238106750
0.0880010000 0.0239468750
0.0885010000 0.0240831250
0.0890010000 0.0242193750
0.0895010000 0.0243556250
0.0900010000 0.0244918750
0.0905010000 0.0246281250
0.0910010000 0.0247643750
0.0915010000 0.0249006250
0.0920010000 0.0250368750
0.0925010000 0.0251731250
0.0930010000 0.0253094250
0.0935010000 0.0254456750
0.0940010000 0.0255819750
0.0945010000 0.0257182250
0.0950010000 0.0258545250
0.0955010000 0.0259908250
0.0960010000 0.0261271250
0.0965010000 0.0262633750
0.0970010000 0.0263996750
0.0975010000 0.0265359750
0.0980010000 0.0266723250
0.0985010000 0.0268086250
0.0990010000 0.0269449250
0.0995010000 0.0270812250
0.1000010000 0.0272175750
0.1005010000 0.0273538750
0.1010010000 0.0274902250
0.1015010000 0.0276265750
0.1020010000 0.0277629250
0.1025010000 0.0278992250
0.1030010000 0.0280355750
0.1035010000 0.0281719750
0.1040010000 0.0283083250
0.1045010000 0.0284446750
0.1050010000 0.0285810250
0.1055010000 0.0287174250
0.1060010000 0.0288537750
0.1065010000 0.0289901750
0.1070010000 0.0291265750
0.1075010000 0.0292629250
0.1080010000 0.0293993250
0.1085010000 0.0295357250
0.1090010000 0.0296721250
0.1095010000 0.0298085250
0.1100010000 0.0299449750
0.1105010000 0.0300813750
0.1110010000 0.0302178250
0.1115010000 0.0303542250
0.1120010000 0.0304906750
0.1125010000 0.0306271250
0.1130010000 0.0307635750
0.1135010000 0.0309000250
0.1140010000 0.0310364750
0.1145010000 0.0311729250
0.1150010000 0.0313093750
0.1155010000 0.0314458750
0.1160010000 0.0315823250
0.1165010000 0.0317188250
0.1170010000 0.0318553250
0.1175010000 0.0319918250
0.1180010000 0.0321283250
0.1185010000 0.0322648250
0.1190010000 0.0324013250
0.1195010000 0.0325378250
0.1200010000 0.0326743750
0.1205010000 0.0328108750
0.1210010000 0.0329474250
0.1215010000 0.0330839750
0.1220010000 0.0332205250
0.1225010000 0.0333570750
0.1230010000 0.0334936250
0.1235010000 0.0336301750
0.1240010000 0.0337667750
0.1245010000 0.0339033250
0.1250010000 0.0340399250
0.1255010000 0.0341765250
0.1260010000 0.0343131250
0.1265010000 0.0344497250
0.1270010000 0.0345863250
0.1275010000 0.0347229750
0.1280010000 0.0348595750
0.1285010000 0.0349962250
0.1290010000 0.0351328250
0.1295010000 0.0352694750
0.1300010000 0.0354061250
0.1305010000 0.0355428250
0.1310010000 0.0356794750
0.1315010000 0.0358161250
0.1320010000 0.0359528250
0.1325010000 0.0360895250
0.1330010000 0.0362262250
0.1335010000 0.0363629250
0.1340010000 0.0364996250
0.1345010000 0.0366363250
0.1350010000 0.0367730750
0.1355010000 0.0369097750
0.1360010000 0.0370465250
0.1365010000 0.0371832750
0.1370010000 0.0373200250
0.1375010000 0.0374567750
0.1380010000 0.0375935750
0.1385010000 0.0377303250
0.1390010000 0.0378671250
0.1395010000 0.0380039250
0.1400010000 0.0381407250
0.1405010000 0.0382775250
0.1410010000 0.0384143750
0.1415010000 0.0385511750
0.1420010000 0.0386880250
0.1425010000 0.0388248750
0.1430010000 0.0389617250
0.1435010000 0.0390985750
0.1440010000 0.0392354750
0.1445010000 0.0393723250
0.1450010000 0.0395092250
0.1455010000 0.0396461250
0.1460010000 0.0397830250
0.1465010000 0.0399199750
0.1470010000 0.0400568750
0.1475010000 0.0401938250
0.1480010000 0.0403307750
0.1485010000 0.0404677250
0.1490010000 0.0406046750
0.1495010000 0.0407416250
0.1500010000 0.0408786250
0.1505010000 0.0410156250
0.1510010000 0.0411526250
0.1515010000 0.0412896250
0.1520010000 0.0414266250
0.1525010000 0.0415636750
0.1530010000 0.0417007250
0.1535010000 0.0418377750
0.1540010000 0.0419748250
0.1545010000 0.0421119250
0.1550010000 0.0422489750
0.1555010000 0.0423860750
0.1560010000 0.0425231750
0.1565010000 0.0426602750
0.1570010000 0.0427974250
0.1575010000 0.0429345750
0.1580010000 0.0430716750
0.1585010000 0.0432088750
0.1590010000 0.0433460250
0.1595010000 0.0434832250
0.1600010000 0.0436203750
0.1605010000 0.0437575750
0.1610010000 0.0438948250
0.1615010000 0.0440320250
0.1620010000 0.0441692750
0.1625010000 0.0443065250
0.1630010000 0.0444437750
0.1635010000 0.0445810250
0.1640010000 0.0447183250
0.1645010000 0.0448556250
0.1650010000 0.0449929250
0.1655010000 0.0451302750
0.1660010000 0.0452675750
0.1665010000 0.0454049250
0.1670010000 0.0455422750
0.1675010000 0.0456796750
0.1680010000 0.0458170250
0.1685010000 0.0459544250
0.1690010000 0.0460918250
0.1695010000 0.0462292750
0.1700010000 0.0463667250
0.1705010000 0.0465041750
0.1710010000 0.0466416250
0.1715010000 0.0467790750
0.1720010000 0.0469165750
0.1725010000 0.0470540750
0.1730010000 0.0471915750
0.1735010000 0.0473291250
0.1740010000 0.0474666750
0.1745010000 0.0476042250
0.1750010000 0.0477418250
0.1755010000 0.0478793750
0.1760010000 0.0480169750
0.1765010000 0.0481546250
0.1770010000 0.0482922250
0.1775010000 0.0484298750
0.1780010000 0.0485675250
0.1785010000 0.0487052250
0.1790010000 0.0488429250
0.1795010000 0.0489806250
0.1800010000 0.0491183250
0.1805010000 0.0492560750
0.1810010000 0.0493938250
0.1815010000 0.0495315750
0.1820010000 0.0496693750
0.1825010000 0.0498071750
0.1830010000 0.0499449750
0.1835010000 0.0500828250
0.1840010000 0.0502206750
0.1845010000 0.0503585250
0.1850010000 0.0504964250
0.1855010000 0.0506343250
0.1860010000 0.0507722250
0.1865010000 0.0509101750
0.1870010000 0.0510481250
0.1875010000 0.0511860750
0.1880010000 0.0513240750
0.1885010000 0.0514620750
0.1890010000 0.0516001250
0.1895010000 0.0517381250
0.1900010000 0.0518762250
0.1905010000 0.0520142750
0.1910010000 0.0521523750
0.1915010000 0.0522904750
0.1920010000 0.0524286250
0.1925010000 0.0525667750
0.1930010000 0.0527049250
0.1935010000 0.0528431250
0.1940010000 0.0529813250
0.1945010000 0.0531195750
0.1950010000 0.0532578250
0.1955010000 0.0533960750
0.1960010000 0.0535343750
0.1965010000 0.0536726750
0.1970010000 0.0538109750
0.1975010000 0.0539493250
0.1980010000 0.0540877250
0.1985010000 0.0542261250
0.1990010000 0.0543645250
0.1995010000 0.0545029250
0.2000010000 0.0546413750
0.2005010000 0.0547798750
0.2010010000 0.0549183750
0.2015010000 0.0550568750
0.2020010000 0.0551954250
0.2025010000 0.0553339750
0.2030010000 0.0554725750
0.2035010000 0.0556111750
0.2040010000 0.0557498250
0.2045010000 0.0558884750
0.2050010000 0.0560271250
0.2055010000 0.0561658250
0.2060010000 0.0563045750
0.2065010000 0.0564433250
0.2070010000 0.0565820750
0.2075010000 0.0567208750
0.2080010000 0.0568596750
0.2085010000 0.0569985250
0.2090010000 0.0571374250
0.2095010000 0.0572763250
0.2100010000 0.0574152250
0.2105010000 0.0575541750
0.2110010000 0.0576931250
0.2115010000 0.0578321250
0.2120010000 0.0579711750
0.2125010000 0.0581102250
0.2130010000 0.0582492750
0.2135010000 0.0583883750
0.2140010000 0.0585275250
0.2145010000 0.0586666750
0.2150010000 0.0588058750
0.2155010000 0.0589450750
0.2160010000 0.0590843250
0.2165010000 0.0592235750
0.2170010000 0.0593628750
0.2175010000 0.0595022250
0.2180010000 0.0596415750
0.2185010000 0.0597809750
0.2190010000 0.0599203750
0.2195010000 0.0600598250
0.2200010000 0.0601992750
0.2205010000 0.0603388250
0.2210010000 0.0604783250
0.2215010000 0.0606179250
0.2220010000 0.0607575250
0.2225010000 0.0608971250
0.2230010000 0.0610368250
0.2235010000 0.0611765250
0.2240010000 0.0613162250
0.2245010000 0.0614559750
0.2250010000 0.0615957750
0.2255010000 0.0617356250
0.2260010000 0.0618754750
0.2265010000 0.0620153750
0.2270010000 0.0621553250
0.2275010000 0.0622952750
0.2280010000 0.0624352750
0.2285010000 0.0625753250
0.2290010000 0.0627154250
0.2295010000 0.0628555250
0.2300010000 0.0629956750
0.2305010000 0.0631358750
0.2310010000 0.0632760750
0.2315010000 0.0634163250
0.2320010000 0.0635566250
0.2325010000 0.0636969750
0.2330010000 0.0638373750
0.2335010000 0.0639777750
0.2340010000 0.0641182750
0.2345010000 0.0642587750
0.2350010000 0.0643992750
0.2355010000 0.0645398750
0.2360010000 0.0646805250
0.2365010000 0.0648211750
0.2370010000 0.0649618750
0.2375010000 0.0651026750
0.2380010000 0.0652434750
0.2385010000 0.0653843250
0.2390010000 0.0655251750
0.2395010000 0.0656661250
0.2400010000 0.0658071250
0.2405010000 0.0659481750
0.2410010000 0.0660892250
0.2415010000 0.0662303750
0.2420010000 0.0663715750
0.2425010000 0.0665127750
0.2430010000 0.0666540750
0.2435010000 0.0667953750
0.2440010000 0.0669367750
0.2445010000 0.0670782250
0.2450010000 0.0672197250
0.2455010000 0.0673612750
0.2460010000 0.0675028750
0.2465010000 0.0676445250
0.2470010000 0.0677862250
0.2475010000 0.0679280250
0.2480010000 0.0680698750
0.2485010000 0.0682117750
0.2490010000 0.0683537250
0.2495010000 0.0684957250
0.2500010000 0.0686378250
0.2505010000 0.0687799750
0.2510010000 0.0689221750
0.2515010000 0.0690644750
0.2520010000 0.0692068250
0.2525010000 0.0693492750
0.2530010000 0.0694917750
0.2535010000 0.0696343250
0.2540010000 0.0697770250
0.2545010000 0.0699197250
0.2550010000 0.0700625750
0.2555010000 0.0702054250
0.2560010000 0.0703484250
0.2565010000 0.0704915250
0.2570010000 0.0706346750
0.2575010000 0.0707779250
0.2580010000 0.0709213250
0.2585010000 0.0710647750
0.2590010000 0.0712083250
0.2595010000 0.0713520250
0.2600010000 0.0714958750
0.2605010000 0.0716398250
0.2610010000 0.0717838750
0.2615010000 0.0719281250
0.2620010000 0.0720725250
0.2625010000 0.0722171250
0.2630010000 0.0723619250
0.2635010000 0.0725070750
0.2640010000 0.0726526250
0.2645010000 0.0727985750
0.2650010000 0.0729439750
0.2655010000 0.0730890250
0.2660010000 0.0732339250
0.2665010000 0.0733786750
0.2670010000 0.0735232750
0.2675010000 0.0736678250
0.2680010000 0.0738122250
0.2685010000 0.0739566250
0.2690010000 0.0741009250
0.2695010000 0.0742451250
0.2700010000 0.0743893250
0.2705010000 0.0745334750
0.2710010000 0.0746776250
0.2715010000 0.0748217250
0.2720010000 0.0749657750
0.2725010000 0.0751098250
0.2730010000 0.0752538750
0.2735010000 0.0753978750
0.2740010000 0.0755418750
0.2745010000 0.0756858750
0.2750010000 0.0758298750
0.2755010000 0.0759738750
0.2760010000 0.0761178250
0.2765010000 0.0762618250
0.2770010000 0.0764058250
0.2775010000 0.0765498250
0.2780010000 0.0766938250
0.2785010000 0.0768378250
0.2790010000 0.0769818750
0.2795010000 0.0771258750
0.2800010000 0.0772699250
0.2805010000 0.0774140250
0.2810010000 0.0775580750
0.2815010000 0.0777021750
0.2820010000 0.0778462750
0.2825010000 0.0779904250
0.2830010000 0.0781345750
0.2835010000 0.0782787250
0.2840010000 0.0784229250
0.2845010000 0.0785671250
0.2850010000 0.0787113750
0.2855010000 0.0788556250
0.2860010000 0.0789999250
0.2865010000 0.0791442750
0.2870010000 0.0792885750
0.2875010000 0.0794329750
0.2880010000 0.0795773750
0.2885010000 0.0797217750
0.2890010000 0.0798662250
0.2895010000 0.0800107250
0.2900010000 0.0801552250
0.2905010000 0.0802997750
0.2910010000 0.0804443750
0.2915010000 0.0805889750
0.2920010000 0.0807336250
0.2925010000 0.0808782750
0.2930010000 0.0810229750
0.2935010000 0.0811677250
0.2940010000 0.0813125250
0.2945010000 0.0814573250
0.2950010000 0.0816021750
0.2955010000 0.0817470750
0.2960010000 0.0818919750
0.2965010000 0.0820369750
0.2970010000 0.0821819750
0.2975010000 0.0823269750
0.2980010000 0.0824720750
0.2985010000 0.0826171750
0.2990010000 0.0827623250
0.2995010000 0.0829075250
0.3000010000 0.0830527750
0.3005010000 0.0831980750
0.3010010000 0.0833433750
0.3015010000 0.0834887250
0.3020010000 0.0836341250
0.3025010000 0.0837795750
0.3030010000 0.0839250750
0.3035010000 0.0840706250
0.3040010000 0.0842162250
0.3045010000 0.0843618250
0.3050010000 0.0845074750
0.3055010000 0.0846532250
0.3060010000 0.0847989750
0.3065010000 0.0849447750
0.3070010000 0.0850906250
0.3075010000 0.0852365250
0.3080010000 0.0853824750
0.3085010000 0.0855284750
0.3090010000 0.0856745250
0.3095010000 0.0858206250
0.3100010000 0.0859667750
0.3105010000 0.0861129750
0.3110010000 0.0862592250
0.3115010000 0.0864055250
0.3120010000 0.0865518750
0.3125010000 0.0866982750
0.3130010000 0.0868447250
0.3135010000 0.0869912250
0.3140010000 0.0871377750
0.3145010000 0.0872844250
0.3150010000 0.0874310750
0.3155010000 0.0875777750
0.3160010000 0.0877245750
0.3165010000 0.0878714250
0.3170010000 0.0880183250
0.3175010000 0.0881652250
0.3180010000 0.0883122750
0.3185010000 0.0884593250
0.3190010000 0.0886064250
0.3195010000 0.0887536250
0.3200010000 0.0889008750
0.3205010000 0.0890481750
0.3210010000 0.0891955250
0.3215010000 0.0893429250
0.3220010000 0.0894904250
0.3225010000 0.0896379750
0.3230010000 0.0897855750
0.3235010000 0.0899332750
0.3240010000 0.0900809750
0.3245010000 0.0902287750
0.3250010000 0.0903766750
0.3255010000 0.0905245750
0.3260010000 0.0906725750
0.3265010000 0.0908206750
0.3270010000 0.0909688250
0.3275010000 0.0911170250
0.3280010000 0.0912652750
0.3285010000 0.0914136250
0.3290010000 0.0915620750
