0.3295010000 0.0917105250 0.0924707750
0.3300010000 0.0918591250 0.0926220750
0.3305010000 0.0920077250 0.0927732250
0.3310010000 0.0921564750 0.0929242750
0.3315010000 0.0923052250 0.0930752750
0.3320010000 0.0924541250 0.0932261250
0.3325010000 0.0926030750 0.0933769250
0.3330010000 0.0927520750 0.0935276750
0.3335010000 0.0929011750 0.0936783250
0.3340010000 0.0930503750 0.0938289750
0.3345010000 0.0931996250 0.0939795250
0.3350010000 0.0933489750 0.0941300250
0.3355010000 0.0934983750 0.0942804250
0.3360010000 0.0936478750 0.0944308250
0.3365010000 0.0937974750 0.0945811750
0.3370010000 0.0939471750 0.0947314250
0.3375010000 0.0940969250 0.0948816750
0.3380010000 0.0942468250 0.0950318250
0.3385010000 0.0943967750 0.0951819750
0.3390010000 0.0945467750 0.0953320250
0.3395010000 0.0946969250 0.0954820750
0.3400010000 0.0948471750 0.0956320250
0.3405010000 0.0949974750 0.0957819250
0.3410010000 0.0951479250 0.0959317750
0.3415010000 0.0952984250 0.0960815750
0.3420010000 0.0954490750 0.0962313250
0.3425010000 0.0955997750 0.0963810250
0.3430010000 0.0957506250 0.0965306750
0.3435010000 0.0959015250 0.0966802250
0.3440010000 0.0960525750 0.0968297250
0.3445010000 0.0962037250 0.0969791750
0.3450010000 0.0963549750 0.0971285750
0.3455010000 0.0965063750 0.0972778750
0.3460010000 0.0966578750 0.0974271250
0.3465010000 0.0968094750 0.0975762750
0.3470010000 0.0969611750 0.0977253750
0.3475010000 0.0971130250 0.0978744250
0.3480010000 0.0972650250 0.0980233750
0.3485010000 0.0974171250 0.0981722750
0.3490010000 0.0975693750 0.0983210750
0.3495010000 0.0977217250 0.0984697750
0.3500010000 0.0978742250 0.0986183750
0.3505010000 0.0980268750 0.0987669250
0.3510010000 0.0981796750 0.0989153750
0.3515010000 0.0983326250 0.0990637250
0.3520010000 0.0984857250 0.0992119750
0.3525010000 0.0986389750 0.0993600750
0.3530010000 0.0987923750 0.0995081250
0.3535010000 0.0989459750 0.0996560250
0.3540010000 0.0990997250 0.0998038250
0.3545010000 0.0992536250 0.0999515250
0.3550010000 0.0994077250 0.1000990250
0.3555010000 0.0995620250 0.1002464750
0.3560010000 0.0997165250 0.1003937250
0.3565010000 0.0998712250 0.1005408250
0.3570010000 0.1000261250 0.1006877750
0.3575010000 0.1001812250 0.1008345750
0.3580010000 0.1003365750 0.1009812250
0.3585010000 0.1004921750 0.1011276250
0.3590010000 0.1006480250 0.1012738750
0.3595010000 0.1008041250 0.1014198750
0.3600010000 0.1009604750 0.1015656750
0.3605010000 0.1011171750 0.1017112750
0.3610010000 0.1012741250 0.1018565750
0.3615010000 0.1014314750 0.1020015750
0.3620010000 0.1015891250 0.1021463250
0.3625010000 0.1017471750 0.1022907250
0.3630010000 0.1019056250 0.1024347750
0.3635010000 0.1020645250 0.1025784250
0.3640010000 0.1022239250 0.1027216750
0.3645010000 0.1023838250 0.1028644250
0.3650010000 0.1025443250 0.1030066250
0.3655010000 0.1027055250 0.1031482250
0.3660010000 0.1028674750 0.1032891250
0.3665010000 0.1030302750 0.1034292250
0.3670010000 0.1031941250 0.1035683250
0.3675010000 0.1033592250 0.1037062250
0.3680010000 0.1035258750 0.1038426250
0.3685010000 0.1036946750 0.1039769750
0.3690010000 0.1038663750 0.1041084250
0.3695010000 0.1040428750 0.1042351250
0.3700010000 0.1042297750 0.1043514750
