3.146300 0.001680 0.197852 2.136289 2.591523 3.791445
3.146400 0.002617 0.197773 2.136367 2.591523 3.791523
3.146500 0.003320 0.197773 2.136367 2.591523 3.791602
3.146600 0.003867 0.197773 2.136445 2.591523 3.791680
3.146700 0.004336 0.197695 2.136445 2.591523 3.791836
3.146800 0.004805 0.197695 2.136523 2.591602 3.791914
3.146900 0.005195 0.197617 2.136523 2.591602 3.791992
3.147000 0.005586 0.197617 2.136602 2.591602 3.792070
3.147100 0.005898 0.197617 2.136602 2.591602 3.792148
3.147200 0.006211 0.197539 2.136680 2.591602 3.792227
3.147300 0.006523 0.197539 2.136680 2.591602 3.792305
3.147400 0.006836 0.197461 2.136758 2.591602 3.792461
3.147500 0.007148 0.197461 2.136758 2.591602 3.792539
3.147600 0.007383 0.197461 2.136836 2.591602 3.792617
3.147700 0.007695 0.197383 2.136836 2.591602 3.792695
3.147800 0.007930 0.197383 2.136914 2.591602 3.792773
3.147900 0.008164 0.197305 2.136914 2.591602 3.792852
3.148000 0.008398 0.197305 2.136992 2.591602 3.792930
3.148100 0.008633 0.197227 2.136992 2.591602 3.793086
3.148200 0.008867 0.197227 2.137070 2.591602 3.793164
3.148300 0.009102 0.197227 2.137070 2.591680 3.793242
3.148400 0.009258 0.197148 2.137148 2.591680 3.793320
3.148500 0.009492 0.197148 2.137148 2.591680 3.793398
3.148600 0.009727 0.197070 2.137227 2.591680 3.793477
3.148700 0.009883 0.197070 2.137227 2.591680 3.793633
3.148800 0.010117 0.197070 2.137227 2.591680 3.793711
3.148900 0.010273 0.196992 2.137305 2.591680 3.793789
3.149000 0.010508 0.196992 2.137305 2.591680 3.793867
3.149100 0.010664 0.196914 2.137383 2.591680 3.793945
3.149200 0.010898 0.196914 2.137383 2.591680 3.794023
3.149300 0.011055 0.196914 2.137461 2.591680 3.794102
3.149400 0.011211 0.196836 2.137461 2.591680 3.794258
3.149500 0.011367 0.196836 2.137539 2.591680 3.794336
3.149600 0.011602 0.196758 2.137539 2.591680 3.794414
3.149700 0.011758 0.196758 2.137617 2.591680 3.794492
3.149800 0.011914 0.196680 2.137617 2.591758 3.794570
3.149900 0.012070 0.196680 2.137695 2.591758 3.794648
3.150000 0.012227 0.196680 2.137695 2.591758 3.794727
3.150100 0.012383 0.196602 2.137773 2.591758 3.794883
3.150200 0.012539 0.196602 2.137773 2.591758 3.794961
3.150300 0.012695 0.196523 2.137852 2.591758 3.795039
3.150400 0.012852 0.196523 2.137852 2.591758 3.795117
3.150500 0.013008 0.196523 2.137930 2.591758 3.795195
3.150600 0.013164 0.196445 2.137930 2.591758 3.795273
3.150700 0.013320 0.196445 2.138008 2.591758 3.795430
3.150800 0.013477 0.196367 2.138008 2.591758 3.795508
3.150900 0.013555 0.196367 2.138086 2.591758 3.795586
3.151000 0.013711 0.196289 2.138086 2.591758 3.795664
3.151100 0.013867 0.196289 2.138164 2.591758 3.795742
3.151200 0.014023 0.196289 2.138164 2.591758 3.795820
3.151300 0.014180 0.196211 2.138242 2.591836 3.795898
3.151400 0.014258 0.196211 2.138242 2.591836 3.796055
3.151500 0.014414 0.196133 2.138320 2.591836 3.796133
3.151600 0.014570 0.196133 2.138320 2.591836 3.796211
3.151700 0.014727 0.196133 2.138398 2.591836 3.796289
3.151800 0.014805 0.196055 2.138398 2.591836 3.796367
3.151900 0.014961 0.196055 2.138477 2.591836 3.796445
3.152000 0.015117 0.195977 2.138477 2.591836 3.796523
3.152100 0.015195 0.195977 2.138555 2.591836 3.796680
3.152200 0.015352 0.195898 2.138555 2.591836 3.796758
3.152300 0.015430 0.195898 2.138633 2.591836 3.796836
3.152400 0.015586 0.195898 2.138633 2.591836 3.796914
3.152500 0.015742 0.195820 2.138711 2.591836 3.796992
3.152600 0.015820 0.195820 2.138711 2.591836 3.797070
3.152700 0.015977 0.195742 2.138789 2.591836 3.797227
3.152800 0.016055 0.195742 2.138789 2.591836 3.797305
3.152900 0.016211 0.195664 2.138867 2.591914 3.797383
3.153000 0.016289 0.195664 2.138867 2.591914 3.797461
3.153100 0.016445 0.195664 2.138945 2.591914 3.797539
3.153200 0.016523 0.195586 2.138945 2.591914 3.797617
3.153300 0.016680 0.195586 2.139023 2.591914 3.797695
3.153400 0.016758 0.195508 2.139023 2.591914 3.797852
3.153500 0.016914 0.195508 2.139102 2.591914 3.797930
3.153600 0.016992 0.195430 2.139102 2.591914 3.798008
3.153700 0.017148 0.195430 2.139180 2.591914 3.798086
3.153800 0.017227 0.195430 2.139180 2.591914 3.798164
3.153900 0.017383 0.195352 2.139258 2.591914 3.798242
3.154000 0.017461 0.195352 2.139258 2.591914 3.798398
3.154100 0.017539 0.195273 2.139336 2.591914 3.798477
3.154200 0.017695 0.195273 2.139336 2.591914 3.798555
3.154300 0.017773 0.195195 2.139414 2.591914 3.798633
3.154400 0.017930 0.195195 2.139414 2.591992 3.798711
3.154500 0.018008 0.195117 2.139492 2.591992 3.798789
3.154600 0.018086 0.195117 2.139492 2.591992 3.798867
3.154700 0.018242 0.195117 2.139570 2.591992 3.799023
3.154800 0.018320 0.195039 2.139570 2.591992 3.799102
3.154900 0.018398 0.195039 2.139648 2.591992 3.799180
3.155000 0.018555 0.194961 2.139648 2.591992 3.799258
3.155100 0.018633 0.194961 2.139727 2.591992 3.799336
3.155200 0.018711 0.194883 2.139727 2.591992 3.799414
3.155300 0.018867 0.194883 2.139805 2.591992 3.799492
3.155400 0.018945 0.194883 2.139805 2.591992 3.799648
3.155500 0.019023 0.194805 2.139883 2.591992 3.799727
3.155600 0.019102 0.194805 2.139883 2.591992 3.799805
3.155700 0.019258 0.194727 2.139961 2.591992 3.799883
3.155800 0.019336 0.194727 2.139961 2.591992 3.799961
3.155900 0.019414 0.194648 2.140039 2.591992 3.800039
3.156000 0.019492 0.194648 2.140039 2.592070 3.800195
3.156100 0.019648 0.194570 2.140117 2.592070 3.800273
3.156200 0.019727 0.194570 2.140117 2.592070 3.800352
3.156300 0.019805 0.194570 2.140195 2.592070 3.800430
3.156400 0.019883 0.194492 2.140195 2.592070 3.800508
3.156500 0.020039 0.194492 2.140273 2.592070 3.800586
3.156600 0.020117 0.194414 2.140273 2.592070 3.800664
3.156700 0.020195 0.194414 2.140352 2.592070 3.800820
3.156800 0.020273 0.194336 2.140352 2.592070 3.800898
3.156900 0.020352 0.194336 2.140430 2.592070 3.800977
3.157000 0.020430 0.194258 2.140430 2.592070 3.801055
3.157100 0.020586 0.194258 2.140508 2.592070 3.801133
3.157200 0.020664 0.194258 2.140508 2.592070 3.801211
3.157300 0.020742 0.194180 2.140586 2.592070 3.801289
3.157400 0.020820 0.194180 2.140586 2.592070 3.801445
3.157500 0.020898 0.194102 2.140664 2.592148 3.801523
3.157600 0.020977 0.194102 2.140664 2.592148 3.801602
3.157700 0.021133 0.194023 2.140742 2.592148 3.801680
3.157800 0.021211 0.194023 2.140742 2.592148 3.801758
3.157900 0.021289 0.193945 2.140820 2.592148 3.801836
3.158000 0.021367 0.193945 2.140820 2.592148 3.801992
3.158100 0.021445 0.193945 2.140898 2.592148 3.802070
3.158200 0.021523 0.193867 2.140898 2.592148 3.802148
3.158300 0.021602 0.193867 2.140977 2.592148 3.802227
3.158400 0.021680 0.193789 2.140977 2.592148 3.802305
3.158500 0.021758 0.193789 2.141055 2.592148 3.802383
3.158600 0.021914 0.193711 2.141055 2.592148 3.802461
3.158700 0.021992 0.193711 2.141133 2.592148 3.802617
3.158800 0.022070 0.193633 2.141133 2.592148 3.802695
3.158900 0.022148 0.193633 2.141211 2.592148 3.802773
3.159000 0.022227 0.193555 2.141211 2.592148 3.802852
3.159100 0.022305 0.193555 2.141289 2.592227 3.802930
3.159200 0.022383 0.193555 2.141289 2.592227 3.803008
3.159300 0.022461 0.193477 2.141367 2.592227 3.803164
3.159400 0.022539 0.193477 2.141367 2.592227 3.803242
3.159500 0.022617 0.193398 2.141445 2.592227 3.803320
3.159600 0.022695 0.193398 2.141445 2.592227 3.803398
3.159700 0.022773 0.193320 2.141523 2.592227 3.803477
3.159800 0.022852 0.193320 2.141523 2.592227 3.803555
3.159900 0.022930 0.193242 2.141602 2.592227 3.803633
3.160000 0.023008 0.193242 2.141602 2.592227 3.803789
3.160100 0.023086 0.193164 2.141680 2.592227 3.803867
3.160200 0.023164 0.193164 2.141680 2.592227 3.803945
3.160300 0.023242 0.193086 2.141758 2.592227 3.804023
3.160400 0.023320 0.193086 2.141758 2.592227 3.804102
3.160500 0.023398 0.193086 2.141836 2.592227 3.804180
3.160600 0.023477 0.193008 2.141836 2.592227 3.804336
3.160700 0.023555 0.193008 2.141914 2.592305 3.804414
3.160800 0.023633 0.192930 2.141914 2.592305 3.804492
3.160900 0.023711 0.192930 2.141992 2.592305 3.804570
3.161000 0.023789 0.192852 2.141992 2.592305 3.804648
3.161100 0.023867 0.192852 2.142070 2.592305 3.804727
3.161200 0.023945 0.192773 2.142070 2.592305 3.804805
3.161300 0.024023 0.192773 2.142148 2.592305 3.804961
3.161400 0.024102 0.192695 2.142148 2.592305 3.805039
3.161500 0.024180 0.192695 2.142227 2.592305 3.805117
3.161600 0.024258 0.192617 2.142227 2.592305 3.805195
3.161700 0.024336 0.192617 2.142305 2.592305 3.805273
3.161800 0.024414 0.192617 2.142305 2.592305 3.805352
3.161900 0.024492 0.192539 2.142383 2.592305 3.805430
3.162000 0.024570 0.192539 2.142383 2.592305 3.805586
3.162100 0.024648 0.192461 2.142461 2.592305 3.805664
3.162200 0.024727 0.192461 2.142461 2.592305 3.805742
3.162300 0.024805 0.192383 2.142539 2.592383 3.805820
3.162400 0.024883 0.192383 2.142539 2.592383 3.805898
3.162500 0.024961 0.192305 2.142617 2.592383 3.805977
3.162600 0.024961 0.192305 2.142617 2.592383 3.806133
3.162700 0.025039 0.192227 2.142695 2.592383 3.806211
3.162800 0.025117 0.192227 2.142695 2.592383 3.806289
3.162900 0.025195 0.192148 2.142773 2.592383 3.806367
3.163000 0.025273 0.192148 2.142773 2.592383 3.806445
3.163100 0.025352 0.192070 2.142852 2.592383 3.806523
3.163200 0.025430 0.192070 2.142852 2.592383 3.806602
3.163300 0.025508 0.191992 2.142930 2.592383 3.806758
3.163400 0.025586 0.191992 2.142930 2.592383 3.806836
3.163500 0.025664 0.191914 2.143008 2.592383 3.806914
3.163600 0.025664 0.191914 2.143008 2.592383 3.806992
3.163700 0.025742 0.191836 2.143086 2.592383 3.807070
3.163800 0.025820 0.191836 2.143086 2.592383 3.807148
3.163900 0.025898 0.191836 2.143164 2.592383 3.807305
3.164000 0.025977 0.191758 2.143164 2.592461 3.807383
3.164100 0.026055 0.191758 2.143242 2.592461 3.807461
3.164200 0.026133 0.191680 2.143242 2.592461 3.807539
3.164300 0.026211 0.191680 2.143320 2.592461 3.807617
3.164400 0.026211 0.191602 2.143320 2.592461 3.807695
3.164500 0.026289 0.191602 2.143398 2.592461 3.807773
3.164600 0.026367 0.191523 2.143477 2.592461 3.807930
3.164700 0.026445 0.191523 2.143477 2.592461 3.808008
3.164800 0.026523 0.191445 2.143555 2.592461 3.808086
3.164900 0.026602 0.191445 2.143555 2.592461 3.808164
3.165000 0.026680 0.191367 2.143633 2.592461 3.808242
3.165100 0.026680 0.191367 2.143633 2.592461 3.808320
3.165200 0.026758 0.191289 2.143711 2.592461 3.808477
3.165300 0.026836 0.191289 2.143711 2.592461 3.808555
3.165400 0.026914 0.191211 2.143789 2.592461 3.808633
3.165500 0.026992 0.191211 2.143789 2.592461 3.808711
3.165600 0.027070 0.191133 2.143867 2.592539 3.808789
3.165700 0.027070 0.191133 2.143867 2.592539 3.808867
3.165800 0.027148 0.191055 2.143945 2.592539 3.808945
3.165900 0.027227 0.191055 2.143945 2.592539 3.809102
3.166000 0.027305 0.190977 2.144023 2.592539 3.809180
3.166100 0.027383 0.190977 2.144023 2.592539 3.809258
3.166200 0.027383 0.190898 2.144102 2.592539 3.809336
3.166300 0.027461 0.190898 2.144102 2.592539 3.809414
3.166400 0.027539 0.190820 2.144180 2.592539 3.809492
3.166500 0.027617 0.190820 2.144180 2.592539 3.809570
3.166600 0.027695 0.190742 2.144258 2.592539 3.809727
3.166700 0.027695 0.190742 2.144258 2.592539 3.809805
3.166800 0.027773 0.190664 2.144336 2.592539 3.809883
3.166900 0.027852 0.190664 2.144336 2.592539 3.809961
3.167000 0.027930 0.190586 2.144414 2.592539 3.810039
3.167100 0.027930 0.190586 2.144414 2.592539 3.810117
3.167200 0.028008 0.190508 2.144492 2.592539 3.810273
3.167300 0.028086 0.190508 2.144492 2.592617 3.810352
3.167400 0.028164 0.190430 2.144570 2.592617 3.810430
3.167500 0.028242 0.190430 2.144570 2.592617 3.810508
3.167600 0.028242 0.190352 2.144648 2.592617 3.810586
3.167700 0.028320 0.190352 2.144648 2.592617 3.810664
3.167800 0.028398 0.190273 2.144727 2.592617 3.810742
3.167900 0.028477 0.190273 2.144727 2.592617 3.810898
3.168000 0.028477 0.190195 2.144805 2.592617 3.810977
3.168100 0.028555 0.190195 2.144805 2.592617 3.811055
3.168200 0.028633 0.190117 2.144883 2.592617 3.811133
3.168300 0.028711 0.190117 2.144883 2.592617 3.811211
3.168400 0.028711 0.190039 2.144961 2.592617 3.811289
3.168500 0.028789 0.190039 2.144961 2.592617 3.811445
3.168600 0.028867 0.189961 2.145039 2.592617 3.811523
3.168700 0.028945 0.189961 2.145039 2.592617 3.811602
3.168800 0.028945 0.189883 2.145117 2.592617 3.811680
3.168900 0.029023 0.189883 2.145117 2.592617 3.811758
3.169000 0.029102 0.189805 2.145195 2.592695 3.811836
3.169100 0.029102 0.189805 2.145195 2.592695 3.811914
3.169200 0.029180 0.189727 2.145273 2.592695 3.812070
3.169300 0.029258 0.189727 2.145273 2.592695 3.812148
3.169400 0.029336 0.189648 2.145352 2.592695 3.812227
3.169500 0.029336 0.189648 2.145430 2.592695 3.812305
3.169600 0.029414 0.189570 2.145430 2.592695 3.812383
3.169700 0.029492 0.189570 2.145508 2.592695 3.812461
3.169800 0.029492 0.189492 2.145508 2.592695 3.812617
3.169900 0.029570 0.189492 2.145586 2.592695 3.812695
3.170000 0.029648 0.189414 2.145586 2.592695 3.812773
3.170100 0.029727 0.189414 2.145664 2.592695 3.812852
3.170200 0.029727 0.189336 2.145664 2.592695 3.812930
3.170300 0.029805 0.189336 2.145742 2.592695 3.813008
3.170400 0.029883 0.189258 2.145742 2.592695 3.813086
3.170500 0.029883 0.189258 2.145820 2.592695 3.813242
3.170600 0.029961 0.189180 2.145820 2.592695 3.813320
3.170700 0.030039 0.189180 2.145898 2.592773 3.813398
3.170800 0.030039 0.189102 2.145898 2.592773 3.813477
3.170900 0.030117 0.189102 2.145977 2.592773 3.813555
3.171000 0.030195 0.189023 2.145977 2.592773 3.813633
3.171100 0.030195 0.189023 2.146055 2.592773 3.813789
3.171200 0.030273 0.188945 2.146055 2.592773 3.813867
3.171300 0.030352 0.188945 2.146133 2.592773 3.813945
3.171400 0.030352 0.188867 2.146133 2.592773 3.814023
3.171500 0.030430 0.188789 2.146211 2.592773 3.814102
3.171600 0.030508 0.188789 2.146211 2.592773 3.814180
3.171700 0.030508 0.188711 2.146289 2.592773 3.814258
3.171800 0.030586 0.188711 2.146289 2.592773 3.814414
3.171900 0.030664 0.188633 2.146367 2.592773 3.814492
3.172000 0.030664 0.188633 2.146367 2.592773 3.814570
3.172100 0.030742 0.188555 2.146445 2.592773 3.814648
3.172200 0.030820 0.188555 2.146445 2.592773 3.814727
3.172300 0.030820 0.188477 2.146523 2.592773 3.814805
3.172400 0.030898 0.188477 2.146523 2.592852 3.814961
3.172500 0.030898 0.188398 2.146602 2.592852 3.815039
3.172600 0.030977 0.188398 2.146602 2.592852 3.815117
3.172700 0.031055 0.188320 2.146680 2.592852 3.815195
3.172800 0.031055 0.188320 2.146680 2.592852 3.815273
3.172900 0.031133 0.188242 2.146758 2.592852 3.815352
3.173000 0.031211 0.188242 2.146758 2.592852 3.815430
3.173100 0.031211 0.188164 2.146836 2.592852 3.815586
3.173200 0.031289 0.188164 2.146914 2.592852 3.815664
3.173300 0.031289 0.188086 2.146914 2.592852 3.815742
3.173400 0.031367 0.188008 2.146992 2.592852 3.815820
3.173500 0.031445 0.188008 2.146992 2.592852 3.815898
3.173600 0.031445 0.187930 2.147070 2.592852 3.815977
3.173700 0.031523 0.187930 2.147070 2.592852 3.816133
3.173800 0.031523 0.187852 2.147148 2.592852 3.816211
3.173900 0.031602 0.187852 2.147148 2.592852 3.816289
3.174000 0.031602 0.187773 2.147227 2.592852 3.816367
3.174100 0.031680 0.187773 2.147227 2.592852 3.816445
3.174200 0.031758 0.187695 2.147305 2.592930 3.816523
3.174300 0.031758 0.187695 2.147305 2.592930 3.816602
3.174400 0.031836 0.187617 2.147383 2.592930 3.816758
3.174500 0.031836 0.187617 2.147383 2.592930 3.816836
3.174600 0.031914 0.187539 2.147461 2.592930 3.816914
3.174700 0.031914 0.187461 2.147461 2.592930 3.816992
3.174800 0.031992 0.187461 2.147539 2.592930 3.817070
3.174900 0.031992 0.187383 2.147539 2.592930 3.817148
3.175000 0.032070 0.187383 2.147617 2.592930 3.817305
3.175100 0.032070 0.187305 2.147617 2.592930 3.817383
3.175200 0.032148 0.187305 2.147695 2.592930 3.817461
3.175300 0.032148 0.187227 2.147695 2.592930 3.817539
3.175400 0.032227 0.187227 2.147773 2.592930 3.817617
3.175500 0.032227 0.187148 2.147773 2.592930 3.817695
3.175600 0.032305 0.187148 2.147852 2.592930 3.817773
3.175700 0.032305 0.187070 2.147852 2.592930 3.817930
3.175800 0.032383 0.186992 2.147930 2.592930 3.818008
3.175900 0.032383 0.186992 2.147930 2.592930 3.818086
3.176000 0.032461 0.186914 2.148008 2.593008 3.818164
3.176100 0.032461 0.186914 2.148086 2.593008 3.818242
3.176200 0.032539 0.186836 2.148086 2.593008 3.818320
3.176300 0.032617 0.186836 2.148164 2.593008 3.818477
3.176400 0.032617 0.186758 2.148164 2.593008 3.818555
3.176500 0.032695 0.186758 2.148242 2.593008 3.818633
3.176600 0.032695 0.186680 2.148242 2.593008 3.818711
3.176700 0.032773 0.186602 2.148320 2.593008 3.818789
3.176800 0.032773 0.186602 2.148320 2.593008 3.818867
3.176900 0.032852 0.186523 2.148398 2.593008 3.818945
3.177000 0.032852 0.186523 2.148398 2.593008 3.819102
3.177100 0.032930 0.186445 2.148477 2.593008 3.819180
3.177200 0.033008 0.186445 2.148477 2.593008 3.819258
3.177300 0.033008 0.186367 2.148555 2.593008 3.819336
3.177400 0.033086 0.186367 2.148555 2.593008 3.819414
3.177500 0.033086 0.186289 2.148633 2.593008 3.819492
3.177600 0.033164 0.186211 2.148633 2.593008 3.819648
3.177700 0.033242 0.186211 2.148711 2.593008 3.819727
3.177800 0.033242 0.186133 2.148711 2.593086 3.819805
3.177900 0.033320 0.186133 2.148789 2.593086 3.819883
3.178000 0.033320 0.186055 2.148789 2.593086 3.819961
3.178100 0.033398 0.186055 2.148867 2.593086 3.820039
3.178200 0.033477 0.185977 2.148867 2.593086 3.820117
3.178300 0.033477 0.185898 2.148945 2.593086 3.820273
3.178400 0.033555 0.185898 2.148945 2.593086 3.820352
3.178500 0.033555 0.185820 2.149023 2.593086 3.820430
3.178600 0.033633 0.185820 2.149102 2.593086 3.820508
3.178700 0.033711 0.185742 2.149102 2.593086 3.820586
3.178800 0.033711 0.185742 2.149180 2.593086 3.820664
3.178900 0.033789 0.185664 2.149180 2.593086 3.820820
3.179000 0.033867 0.185586 2.149258 2.593086 3.820898
3.179100 0.033867 0.185586 2.149258 2.593086 3.820977
3.179200 0.033945 0.185508 2.149336 2.593086 3.821055
3.179300 0.034023 0.185508 2.149336 2.593086 3.821133
3.179400 0.034023 0.185430 2.149414 2.593086 3.821211
3.179500 0.034102 0.185430 2.149414 2.593086 3.821367
3.179600 0.034102 0.185352 2.149492 2.593164 3.821445
3.179700 0.034180 0.185273 2.149492 2.593164 3.821523
3.179800 0.034258 0.185273 2.149570 2.593164 3.821602
3.179900 0.034258 0.185195 2.149570 2.593164 3.821680
3.180000 0.034336 0.185195 2.149648 2.593164 3.821758
3.180100 0.034414 0.185117 2.149648 2.593164 3.821836
3.180200 0.034414 0.185117 2.149727 2.593164 3.821992
3.180300 0.034492 0.185039 2.149727 2.593164 3.822070
3.180400 0.034570 0.184961 2.149805 2.593164 3.822148
3.180500 0.034570 0.184961 2.149805 2.593164 3.822227
3.180600 0.034648 0.184883 2.149883 2.593164 3.822305
3.180700 0.034727 0.184883 2.149883 2.593164 3.822383
3.180800 0.034727 0.184805 2.149961 2.593164 3.822539
3.180900 0.034805 0.184727 2.150039 2.593164 3.822617
3.181000 0.034883 0.184727 2.150039 2.593164 3.822695
3.181100 0.034883 0.184648 2.150117 2.593164 3.822773
3.181200 0.034961 0.184648 2.150117 2.593164 3.822852
3.181300 0.035039 0.184570 2.150195 2.593164 3.822930
3.181400 0.035039 0.184570 2.150195 2.593242 3.823008
3.181500 0.035117 0.184492 2.150273 2.593242 3.823164
3.181600 0.035195 0.184414 2.150273 2.593242 3.823242
3.181700 0.035273 0.184414 2.150352 2.593242 3.823320
3.181800 0.035273 0.184336 2.150352 2.593242 3.823398
3.181900 0.035352 0.184336 2.150430 2.593242 3.823477
3.182000 0.035430 0.184258 2.150430 2.593242 3.823555
3.182100 0.035430 0.184180 2.150508 2.593242 3.823711
3.182200 0.035508 0.184180 2.150508 2.593242 3.823789
3.182300 0.035586 0.184102 2.150586 2.593242 3.823867
3.182400 0.035586 0.184102 2.150586 2.593242 3.823945
3.182500 0.035664 0.184023 2.150664 2.593242 3.824023
3.182600 0.035742 0.183945 2.150664 2.593242 3.824102
3.182700 0.035820 0.183945 2.150742 2.593242 3.824180
3.182800 0.035820 0.183867 2.150742 2.593242 3.824336
3.182900 0.035898 0.183867 2.150820 2.593242 3.824414
3.183000 0.035977 0.183789 2.150898 2.593242 3.824492
3.183100 0.035977 0.183711 2.150898 2.593242 3.824570
3.183200 0.036055 0.183711 2.150977 2.593242 3.824648
3.183300 0.036133 0.183633 2.150977 2.593320 3.824727
3.183400 0.036211 0.183633 2.151055 2.593320 3.824883
3.183500 0.036211 0.183555 2.151055 2.593320 3.824961
3.183600 0.036289 0.183477 2.151133 2.593320 3.825039
3.183700 0.036367 0.183477 2.151133 2.593320 3.825117
3.183800 0.036367 0.183398 2.151211 2.593320 3.825195
3.183900 0.036445 0.183398 2.151211 2.593320 3.825273
3.184000 0.036523 0.183320 2.151289 2.593320 3.825352
3.184100 0.036602 0.183242 2.151289 2.593320 3.825508
3.184200 0.036602 0.183242 2.151367 2.593320 3.825586
3.184300 0.036680 0.183164 2.151367 2.593320 3.825664
3.184400 0.036758 0.183164 2.151445 2.593320 3.825742
3.184500 0.036836 0.183086 2.151445 2.593320 3.825820
3.184600 0.036836 0.183008 2.151523 2.593320 3.825898
3.184700 0.036914 0.183008 2.151523 2.593320 3.826055
3.184800 0.036992 0.182930 2.151602 2.593320 3.826133
3.184900 0.037070 0.182852 2.151680 2.593320 3.826211
3.185000 0.037070 0.182852 2.151680 2.593320 3.826289
3.185100 0.037148 0.182773 2.151758 2.593320 3.826367
3.185200 0.037227 0.182773 2.151758 2.593398 3.826445
3.185300 0.037305 0.182695 2.151836 2.593398 3.826602
3.185400 0.037305 0.182617 2.151836 2.593398 3.826680
3.185500 0.037383 0.182617 2.151914 2.593398 3.826758
3.185600 0.037461 0.182539 2.151914 2.593398 3.826836
3.185700 0.037539 0.182461 2.151992 2.593398 3.826914
3.185800 0.037539 0.182461 2.151992 2.593398 3.826992
3.185900 0.037617 0.182383 2.152070 2.593398 3.827070
3.186000 0.037695 0.182383 2.152070 2.593398 3.827227
3.186100 0.037773 0.182305 2.152148 2.593398 3.827305
3.186200 0.037852 0.182227 2.152148 2.593398 3.827383
3.186300 0.037852 0.182227 2.152227 2.593398 3.827461
3.186400 0.037930 0.182148 2.152227 2.593398 3.827539
3.186500 0.038008 0.182070 2.152305 2.593398 3.827617
3.186600 0.038086 0.182070 2.152305 2.593398 3.827773
3.186700 0.038086 0.181992 2.152383 2.593398 3.827852
3.186800 0.038164 0.181992 2.152461 2.593398 3.827930
3.186900 0.038242 0.181914 2.152461 2.593398 3.828008
3.187000 0.038320 0.181836 2.152539 2.593398 3.828086
3.187100 0.038398 0.181836 2.152539 2.593398 3.828164
3.187200 0.038398 0.181758 2.152617 2.593477 3.828242
3.187300 0.038477 0.181680 2.152617 2.593477 3.828398
3.187400 0.038555 0.181680 2.152695 2.593477 3.828477
3.187500 0.038633 0.181602 2.152695 2.593477 3.828555
3.187600 0.038711 0.181523 2.152773 2.593477 3.828633
3.187700 0.038711 0.181523 2.152773 2.593477 3.828711
3.187800 0.038789 0.181445 2.152852 2.593477 3.828789
3.187900 0.038867 0.181445 2.152852 2.593477 3.828945
3.188000 0.038945 0.181367 2.152930 2.593477 3.829023
3.188100 0.039023 0.181289 2.152930 2.593477 3.829102
3.188200 0.039023 0.181289 2.153008 2.593477 3.829180
3.188300 0.039102 0.181211 2.153008 2.593477 3.829258
3.188400 0.039180 0.181133 2.153086 2.593477 3.829336
3.188500 0.039258 0.181133 2.153164 2.593477 3.829492
3.188600 0.039336 0.181055 2.153164 2.593477 3.829570
3.188700 0.039336 0.180977 2.153242 2.593477 3.829648
3.188800 0.039414 0.180977 2.153242 2.593477 3.829727
3.188900 0.039492 0.180898 2.153320 2.593477 3.829805
3.189000 0.039570 0.180820 2.153320 2.593477 3.829883
3.189100 0.039648 0.180820 2.153398 2.593555 3.829961
3.189200 0.039727 0.180742 2.153398 2.593555 3.830117
3.189300 0.039727 0.180664 2.153477 2.593555 3.830195
3.189400 0.039805 0.180664 2.153477 2.593555 3.830273
3.189500 0.039883 0.180586 2.153555 2.593555 3.830352
3.189600 0.039961 0.180508 2.153555 2.593555 3.830430
3.189700 0.040039 0.180508 2.153633 2.593555 3.830508
3.189800 0.040117 0.180430 2.153633 2.593555 3.830664
3.189900 0.040117 0.180430 2.153711 2.593555 3.830742
3.190000 0.040195 0.180352 2.153789 2.593555 3.830820
3.190100 0.040273 0.180273 2.153789 2.593555 3.830898
3.190200 0.040352 0.180273 2.153867 2.593555 3.830977
3.190300 0.040430 0.180195 2.153867 2.593555 3.831055
3.190400 0.040508 0.180117 2.153945 2.593555 3.831133
3.190500 0.040508 0.180117 2.153945 2.593555 3.831289
3.190600 0.040586 0.180039 2.154023 2.593555 3.831367
3.190700 0.040664 0.179961 2.154023 2.593555 3.831445
3.190800 0.040742 0.179961 2.154102 2.593555 3.831523
3.190900 0.040820 0.179883 2.154102 2.593555 3.831602
3.191000 0.040898 0.179805 2.154180 2.593555 3.831680
3.191100 0.040977 0.179805 2.154180 2.593633 3.831836
3.191200 0.040977 0.179727 2.154258 2.593633 3.831914
3.191300 0.041055 0.179648 2.154258 2.593633 3.831992
3.191400 0.041133 0.179570 2.154336 2.593633 3.832070
3.191500 0.041211 0.179570 2.154414 2.593633 3.832148
3.191600 0.041289 0.179492 2.154414 2.593633 3.832227
3.191700 0.041367 0.179414 2.154492 2.593633 3.832383
3.191800 0.041445 0.179414 2.154492 2.593633 3.832461
3.191900 0.041445 0.179336 2.154570 2.593633 3.832539
3.192000 0.041523 0.179258 2.154570 2.593633 3.832617
3.192100 0.041602 0.179258 2.154648 2.593633 3.832695
3.192200 0.041680 0.179180 2.154648 2.593633 3.832773
3.192300 0.041758 0.179102 2.154727 2.593633 3.832852
3.192400 0.041836 0.179102 2.154727 2.593633 3.833008
3.192500 0.041914 0.179023 2.154805 2.593633 3.833086
3.192600 0.041992 0.178945 2.154805 2.593633 3.833164
3.192700 0.041992 0.178945 2.154883 2.593633 3.833242
3.192800 0.042070 0.178867 2.154883 2.593633 3.833320
3.192900 0.042148 0.178789 2.154961 2.593633 3.833398
3.193000 0.042227 0.178789 2.155039 2.593633 3.833555
3.193100 0.042305 0.178711 2.155039 2.593633 3.833633
3.193200 0.042383 0.178633 2.155117 2.593711 3.833711
3.193300 0.042461 0.178555 2.155117 2.593711 3.833789
3.193400 0.042539 0.178555 2.155195 2.593711 3.833867
3.193500 0.042617 0.178477 2.155195 2.593711 3.833945
3.193600 0.042617 0.178398 2.155273 2.593711 3.834023
3.193700 0.042695 0.178398 2.155273 2.593711 3.834180
3.193800 0.042773 0.178320 2.155352 2.593711 3.834258
3.193900 0.042852 0.178242 2.155352 2.593711 3.834336
3.194000 0.042930 0.178242 2.155430 2.593711 3.834414
3.194100 0.043008 0.178164 2.155430 2.593711 3.834492
3.194200 0.043086 0.178086 2.155508 2.593711 3.834570
3.194300 0.043164 0.178008 2.155508 2.593711 3.834727
3.194400 0.043242 0.178008 2.155586 2.593711 3.834805
3.194500 0.043320 0.177930 2.155664 2.593711 3.834883
3.194600 0.043320 0.177852 2.155664 2.593711 3.834961
3.194700 0.043398 0.177852 2.155742 2.593711 3.835039
3.194800 0.043477 0.177773 2.155742 2.593711 3.835117
3.194900 0.043555 0.177695 2.155820 2.593711 3.835273
3.195000 0.043633 0.177617 2.155820 2.593711 3.835352
3.195100 0.043711 0.177617 2.155898 2.593711 3.835430
3.195200 0.043789 0.177539 2.155898 2.593711 3.835508
3.195300 0.043867 0.177461 2.155977 2.593789 3.835586
3.195400 0.043945 0.177461 2.155977 2.593789 3.835664
3.195500 0.044023 0.177383 2.156055 2.593789 3.835742
3.195600 0.044102 0.177305 2.156055 2.593789 3.835898
3.195700 0.044180 0.177227 2.156133 2.593789 3.835977
3.195800 0.044258 0.177227 2.156211 2.593789 3.836055
3.195900 0.044258 0.177148 2.156211 2.593789 3.836133
3.196000 0.044336 0.177070 2.156289 2.593789 3.836211
3.196100 0.044414 0.177070 2.156289 2.593789 3.836289
3.196200 0.044492 0.176992 2.156367 2.593789 3.836445
3.196300 0.044570 0.176914 2.156367 2.593789 3.836523
3.196400 0.044648 0.176836 2.156445 2.593789 3.836602
3.196500 0.044727 0.176836 2.156445 2.593789 3.836680
3.196600 0.044805 0.176758 2.156523 2.593789 3.836758
3.196700 0.044883 0.176680 2.156523 2.593789 3.836836
3.196800 0.044961 0.176602 2.156602 2.593789 3.836992
3.196900 0.045039 0.176602 2.156602 2.593789 3.837070
3.197000 0.045117 0.176523 2.156680 2.593789 3.837148
3.197100 0.045195 0.176445 2.156758 2.593789 3.837227
3.197200 0.045273 0.176445 2.156758 2.593789 3.837305
3.197300 0.045352 0.176367 2.156836 2.593789 3.837383
3.197400 0.045430 0.176289 2.156836 2.593867 3.837461
3.197500 0.045508 0.176211 2.156914 2.593867 3.837617
3.197600 0.045586 0.176211 2.156914 2.593867 3.837695
3.197700 0.045664 0.176133 2.156992 2.593867 3.837773
3.197800 0.045742 0.176055 2.156992 2.593867 3.837852
3.197900 0.045820 0.175977 2.157070 2.593867 3.837930
3.198000 0.045898 0.175977 2.157070 2.593867 3.838008
3.198100 0.045898 0.175898 2.157148 2.593867 3.838164
3.198200 0.045977 0.175820 2.157148 2.593867 3.838242
3.198300 0.046055 0.175742 2.157227 2.593867 3.838320
3.198400 0.046133 0.175742 2.157305 2.593867 3.838398
3.198500 0.046211 0.175664 2.157305 2.593867 3.838477
3.198600 0.046289 0.175586 2.157383 2.593867 3.838555
3.198700 0.046367 0.175508 2.157383 2.593867 3.838711
3.198800 0.046445 0.175508 2.157461 2.593867 3.838789
3.198900 0.046523 0.175430 2.157461 2.593867 3.838867
3.199000 0.046602 0.175352 2.157539 2.593867 3.838945
3.199100 0.046680 0.175273 2.157539 2.593867 3.839023
3.199200 0.046758 0.175273 2.157617 2.593867 3.839102
3.199300 0.046836 0.175195 2.157617 2.593867 3.839180
3.199400 0.046914 0.175117 2.157695 2.593867 3.839336
3.199500 0.046992 0.175039 2.157695 2.593867 3.839414
3.199600 0.047070 0.174961 2.157773 2.593945 3.839492
3.199700 0.047148 0.174961 2.157852 2.593945 3.839570
3.199800 0.047227 0.174883 2.157852 2.593945 3.839648
3.199900 0.047305 0.174805 2.157930 2.593945 3.839727
3.200000 0.047383 0.174727 2.157930 2.593945 3.839883
3.200100 0.047461 0.174727 2.158008 2.593945 3.839961
3.200200 0.047539 0.174648 2.158008 2.593945 3.840039
3.200300 0.047617 0.174570 2.158086 2.593945 3.840117
3.200400 0.047695 0.174492 2.158086 2.593945 3.840195
3.200500 0.047773 0.174414 2.158164 2.593945 3.840273
3.200600 0.047852 0.174414 2.158164 2.593945 3.840430
3.200700 0.047930 0.174336 2.158242 2.593945 3.840508
3.200800 0.048008 0.174258 2.158320 2.593945 3.840586
3.200900 0.048086 0.174180 2.158320 2.593945 3.840664
3.201000 0.048164 0.174180 2.158398 2.593945 3.840742
3.201100 0.048242 0.174102 2.158398 2.593945 3.840820
3.201200 0.048398 0.174023 2.158477 2.593945 3.840898
3.201300 0.048477 0.173945 2.158477 2.593945 3.841055
3.201400 0.048555 0.173867 2.158555 2.593945 3.841133
3.201500 0.048633 0.173867 2.158555 2.593945 3.841211
3.201600 0.048711 0.173789 2.158633 2.593945 3.841289
3.201700 0.048789 0.173711 2.158633 2.593945 3.841367
3.201800 0.048867 0.173633 2.158711 2.594023 3.841445
3.201900 0.048945 0.173555 2.158789 2.594023 3.841602
3.202000 0.049023 0.173555 2.158789 2.594023 3.841680
3.202100 0.049102 0.173477 2.158867 2.594023 3.841758
3.202200 0.049180 0.173398 2.158867 2.594023 3.841836
3.202300 0.049258 0.173320 2.158945 2.594023 3.841914
3.202400 0.049336 0.173242 2.158945 2.594023 3.841992
3.202500 0.049414 0.173242 2.159023 2.594023 3.842148
3.202600 0.049492 0.173164 2.159023 2.594023 3.842227
3.202700 0.049570 0.173086 2.159102 2.594023 3.842305
3.202800 0.049648 0.173008 2.159102 2.594023 3.842383
3.202900 0.049727 0.172930 2.159180 2.594023 3.842461
3.203000 0.049805 0.172930 2.159258 2.594023 3.842539
3.203100 0.049883 0.172852 2.159258 2.594023 3.842617
3.203200 0.049961 0.172773 2.159336 2.594023 3.842773
3.203300 0.050117 0.172695 2.159336 2.594023 3.842852
3.203400 0.050195 0.172617 2.159414 2.594023 3.842930
3.203500 0.050273 0.172539 2.159414 2.594023 3.843008
3.203600 0.050352 0.172539 2.159492 2.594023 3.843086
3.203700 0.050430 0.172461 2.159492 2.594023 3.843164
3.203800 0.050508 0.172383 2.159570 2.594023 3.843320
3.203900 0.050586 0.172305 2.159570 2.594023 3.843398
3.204000 0.050664 0.172227 2.159648 2.594023 3.843477
3.204100 0.050742 0.172227 2.159648 2.594102 3.843555
3.204200 0.050820 0.172148 2.159727 2.594102 3.843633
3.204300 0.050898 0.172070 2.159805 2.594102 3.843711
3.204400 0.050977 0.171992 2.159805 2.594102 3.843867
3.204500 0.051055 0.171914 2.159883 2.594102 3.843945
3.204600 0.051211 0.171836 2.159883 2.594102 3.844023
3.204700 0.051289 0.171836 2.159961 2.594102 3.844102
3.204800 0.051367 0.171758 2.159961 2.594102 3.844180
3.204900 0.051445 0.171680 2.160039 2.594102 3.844258
3.205000 0.051523 0.171602 2.160039 2.594102 3.844336
3.205100 0.051602 0.171523 2.160117 2.594102 3.844492
3.205200 0.051680 0.171445 2.160195 2.594102 3.844570
3.205300 0.051758 0.171367 2.160195 2.594102 3.844648
3.205400 0.051836 0.171367 2.160273 2.594102 3.844727
3.205500 0.051914 0.171289 2.160273 2.594102 3.844805
3.205600 0.052070 0.171211 2.160352 2.594102 3.844883
3.205700 0.052148 0.171133 2.160352 2.594102 3.845039
3.205800 0.052227 0.171055 2.160430 2.594102 3.845117
3.205900 0.052305 0.170977 2.160430 2.594102 3.845195
3.206000 0.052383 0.170898 2.160508 2.594102 3.845273
3.206100 0.052461 0.170898 2.160508 2.594102 3.845352
3.206200 0.052539 0.170820 2.160586 2.594102 3.845430
3.206300 0.052617 0.170742 2.160664 2.594102 3.845586
3.206400 0.052773 0.170664 2.160664 2.594180 3.845664
3.206500 0.052852 0.170586 2.160742 2.594180 3.845742
3.206600 0.052930 0.170508 2.160742 2.594180 3.845820
3.206700 0.053008 0.170430 2.160820 2.594180 3.845898
3.206800 0.053086 0.170430 2.160820 2.594180 3.845977
3.206900 0.053164 0.170352 2.160898 2.594180 3.846133
3.207000 0.053242 0.170273 2.160898 2.594180 3.846211
3.207100 0.053398 0.170195 2.160977 2.594180 3.846289
3.207200 0.053477 0.170117 2.160977 2.594180 3.846367
3.207300 0.053555 0.170039 2.161055 2.594180 3.846445
3.207400 0.053633 0.169961 2.161133 2.594180 3.846523
3.207500 0.053711 0.169883 2.161133 2.594180 3.846602
3.207600 0.053789 0.169805 2.161211 2.594180 3.846758
3.207700 0.053867 0.169805 2.161211 2.594180 3.846836
3.207800 0.054023 0.169727 2.161289 2.594180 3.846914
3.207900 0.054102 0.169648 2.161289 2.594180 3.846992
3.208000 0.054180 0.169570 2.161367 2.594180 3.847070
3.208100 0.054258 0.169492 2.161367 2.594180 3.847148
3.208200 0.054336 0.169414 2.161445 2.594180 3.847305
3.208300 0.054414 0.169336 2.161523 2.594180 3.847383
3.208400 0.054570 0.169258 2.161523 2.594180 3.847461
3.208500 0.054648 0.169180 2.161602 2.594180 3.847539
3.208600 0.054727 0.169102 2.161602 2.594180 3.847617
3.208700 0.054805 0.169102 2.161680 2.594180 3.847695
3.208800 0.054883 0.169023 2.161680 2.594258 3.847852
3.208900 0.055039 0.168945 2.161758 2.594258 3.847930
3.209000 0.055117 0.168867 2.161758 2.594258 3.848008
3.209100 0.055195 0.168789 2.161836 2.594258 3.848086
3.209200 0.055273 0.168711 2.161836 2.594258 3.848164
3.209300 0.055352 0.168633 2.161914 2.594258 3.848242
3.209400 0.055430 0.168555 2.161992 2.594258 3.848320
3.209500 0.055586 0.168477 2.161992 2.594258 3.848477
3.209600 0.055664 0.168398 2.162070 2.594258 3.848555
3.209700 0.055742 0.168320 2.162070 2.594258 3.848633
3.209800 0.055820 0.168242 2.162148 2.594258 3.848711
3.209900 0.055898 0.168242 2.162148 2.594258 3.848789
3.210000 0.056055 0.168164 2.162227 2.594258 3.848867
3.210100 0.056133 0.168086 2.162227 2.594258 3.849023
3.210200 0.056211 0.168008 2.162305 2.594258 3.849102
3.210300 0.056289 0.167930 2.162383 2.594258 3.849180
3.210400 0.056445 0.167852 2.162383 2.594258 3.849258
3.210500 0.056523 0.167773 2.162461 2.594258 3.849336
3.210600 0.056602 0.167695 2.162461 2.594258 3.849414
3.210700 0.056680 0.167617 2.162539 2.594258 3.849570
3.210800 0.056758 0.167539 2.162539 2.594258 3.849648
3.210900 0.056914 0.167461 2.162617 2.594258 3.849727
3.211000 0.056992 0.167383 2.162617 2.594258 3.849805
3.211100 0.057070 0.167305 2.162695 2.594258 3.849883
3.211200 0.057148 0.167227 2.162695 2.594258 3.849961
3.211300 0.057305 0.167148 2.162773 2.594336 3.850117
3.211400 0.057383 0.167070 2.162852 2.594336 3.850195
3.211500 0.057461 0.166992 2.162852 2.594336 3.850273
3.211600 0.057539 0.166914 2.162930 2.594336 3.850352
3.211700 0.057695 0.166836 2.162930 2.594336 3.850430
3.211800 0.057773 0.166836 2.163008 2.594336 3.850508
3.211900 0.057852 0.166758 2.163008 2.594336 3.850586
3.212000 0.057930 0.166680 2.163086 2.594336 3.850742
3.212100 0.058086 0.166602 2.163086 2.594336 3.850820
3.212200 0.058164 0.166523 2.163164 2.594336 3.850898
3.212300 0.058242 0.166445 2.163242 2.594336 3.850977
3.212400 0.058320 0.166367 2.163242 2.594336 3.851055
3.212500 0.058477 0.166289 2.163320 2.594336 3.851133
3.212600 0.058555 0.166211 2.163320 2.594336 3.851289
3.212700 0.058633 0.166133 2.163398 2.594336 3.851367
3.212800 0.058711 0.166055 2.163398 2.594336 3.851445
3.212900 0.058867 0.165977 2.163477 2.594336 3.851523
3.213000 0.058945 0.165898 2.163477 2.594336 3.851602
3.213100 0.059023 0.165820 2.163555 2.594336 3.851680
3.213200 0.059180 0.165742 2.163633 2.594336 3.851836
3.213300 0.059258 0.165664 2.163633 2.594336 3.851914
3.213400 0.059336 0.165586 2.163711 2.594336 3.851992
3.213500 0.059414 0.165508 2.163711 2.594336 3.852070
3.213600 0.059570 0.165430 2.163789 2.594336 3.852148
3.213700 0.059648 0.165352 2.163789 2.594336 3.852227
3.213800 0.059727 0.165273 2.163867 2.594336 3.852383
3.213900 0.059883 0.165195 2.163867 2.594414 3.852461
3.214000 0.059961 0.165117 2.163945 2.594414 3.852539
3.214100 0.060039 0.165039 2.164023 2.594414 3.852617
3.214200 0.060195 0.164961 2.164023 2.594414 3.852695
3.214300 0.060273 0.164883 2.164102 2.594414 3.852773
3.214400 0.060352 0.164805 2.164102 2.594414 3.852852
3.214500 0.060508 0.164727 2.164180 2.594414 3.853008
3.214600 0.060586 0.164570 2.164180 2.594414 3.853086
3.214700 0.060664 0.164492 2.164258 2.594414 3.853164
3.214800 0.060820 0.164414 2.164258 2.594414 3.853242
3.214900 0.060898 0.164336 2.164336 2.594414 3.853320
3.215000 0.060977 0.164258 2.164414 2.594414 3.853398
3.215100 0.061133 0.164180 2.164414 2.594414 3.853555
3.215200 0.061211 0.164102 2.164492 2.594414 3.853633
3.215300 0.061289 0.164023 2.164492 2.594414 3.853711
3.215400 0.061445 0.163945 2.164570 2.594414 3.853789
3.215500 0.061523 0.163867 2.164570 2.594414 3.853867
3.215600 0.061602 0.163789 2.164648 2.594414 3.853945
3.215700 0.061758 0.163711 2.164648 2.594414 3.854102
3.215800 0.061836 0.163633 2.164727 2.594414 3.854180
3.215900 0.061914 0.163555 2.164805 2.594414 3.854258
3.216000 0.062070 0.163477 2.164805 2.594414 3.854336
3.216100 0.062148 0.163398 2.164883 2.594414 3.854414
3.216200 0.062305 0.163320 2.164883 2.594414 3.854492
3.216300 0.062383 0.163242 2.164961 2.594414 3.854648
3.216400 0.062461 0.163086 2.164961 2.594414 3.854727
3.216500 0.062617 0.163008 2.165039 2.594492 3.854805
3.216600 0.062695 0.162930 2.165117 2.594492 3.854883
3.216700 0.062773 0.162852 2.165117 2.594492 3.854961
3.216800 0.062930 0.162773 2.165195 2.594492 3.855039
3.216900 0.063008 0.162695 2.165195 2.594492 3.855117
3.217000 0.063164 0.162617 2.165273 2.594492 3.855273
3.217100 0.063242 0.162539 2.165273 2.594492 3.855352
3.217200 0.063320 0.162461 2.165352 2.594492 3.855430
3.217300 0.063477 0.162383 2.165352 2.594492 3.855508
3.217400 0.063555 0.162305 2.165430 2.594492 3.855586
3.217500 0.063711 0.162148 2.165508 2.594492 3.855664
3.217600 0.063789 0.162070 2.165508 2.594492 3.855820
3.217700 0.063945 0.161992 2.165586 2.594492 3.855898
3.217800 0.064023 0.161914 2.165586 2.594492 3.855977
3.217900 0.064102 0.161836 2.165664 2.594492 3.856055
3.218000 0.064258 0.161758 2.165664 2.594492 3.856133
3.218100 0.064336 0.161680 2.165742 2.594492 3.856211
3.218200 0.064492 0.161602 2.165742 2.594492 3.856367
3.218300 0.064570 0.161445 2.165820 2.594492 3.856445
3.218400 0.064727 0.161367 2.165898 2.594492 3.856523
3.218500 0.064805 0.161289 2.165898 2.594492 3.856602
3.218600 0.064883 0.161211 2.165977 2.594492 3.856680
3.218700 0.065039 0.161133 2.165977 2.594492 3.856758
3.218800 0.065117 0.161055 2.166055 2.594492 3.856914
3.218900 0.065273 0.160977 2.166055 2.594492 3.856992
3.219000 0.065352 0.160820 2.166133 2.594492 3.857070
3.219100 0.065508 0.160742 2.166133 2.594492 3.857148
3.219200 0.065586 0.160664 2.166211 2.594492 3.857227
3.219300 0.065742 0.160586 2.166289 2.594570 3.857305
3.219400 0.065820 0.160508 2.166289 2.594570 3.857461
3.219500 0.065977 0.160430 2.166367 2.594570 3.857539
3.219600 0.066055 0.160273 2.166367 2.594570 3.857617
3.219700 0.066211 0.160195 2.166445 2.594570 3.857695
3.219800 0.066289 0.160117 2.166445 2.594570 3.857773
3.219900 0.066445 0.160039 2.166523 2.594570 3.857852
3.220000 0.066523 0.159961 2.166602 2.594570 3.857930
3.220100 0.066680 0.159805 2.166602 2.594570 3.858086
3.220200 0.066758 0.159727 2.166680 2.594570 3.858164
3.220300 0.066914 0.159648 2.166680 2.594570 3.858242
3.220400 0.066992 0.159570 2.166758 2.594570 3.858320
3.220500 0.067148 0.159492 2.166758 2.594570 3.858398
3.220600 0.067227 0.159336 2.166836 2.594570 3.858477
3.220700 0.067383 0.159258 2.166836 2.594570 3.858633
3.220800 0.067461 0.159180 2.166914 2.594570 3.858711
3.220900 0.067617 0.159102 2.166992 2.594570 3.858789
3.221000 0.067695 0.159023 2.166992 2.594570 3.858867
3.221100 0.067852 0.158867 2.167070 2.594570 3.858945
3.221200 0.067930 0.158789 2.167070 2.594570 3.859023
3.221300 0.068086 0.158711 2.167148 2.594570 3.859180
3.221400 0.068242 0.158633 2.167148 2.594570 3.859258
3.221500 0.068320 0.158477 2.167227 2.594570 3.859336
3.221600 0.068477 0.158398 2.167305 2.594570 3.859414
3.221700 0.068555 0.158320 2.167305 2.594570 3.859492
3.221800 0.068711 0.158242 2.167383 2.594570 3.859570
3.221900 0.068789 0.158086 2.167383 2.594570 3.859727
3.222000 0.068945 0.158008 2.167461 2.594570 3.859805
3.222100 0.069102 0.157930 2.167461 2.594648 3.859883
3.222200 0.069180 0.157852 2.167539 2.594648 3.859961
3.222300 0.069336 0.157695 2.167539 2.594648 3.860039
3.222400 0.069414 0.157617 2.167617 2.594648 3.860117
3.222500 0.069570 0.157539 2.167695 2.594648 3.860273
3.222600 0.069727 0.157383 2.167695 2.594648 3.860352
3.222700 0.069805 0.157305 2.167773 2.594648 3.860430
3.222800 0.069961 0.157227 2.167773 2.594648 3.860508
3.222900 0.070039 0.157070 2.167852 2.594648 3.860586
3.223000 0.070195 0.156992 2.167852 2.594648 3.860664
3.223100 0.070352 0.156914 2.167930 2.594648 3.860742
3.223200 0.070430 0.156836 2.168008 2.594648 3.860898
3.223300 0.070586 0.156680 2.168008 2.594648 3.860977
3.223400 0.070742 0.156602 2.168086 2.594648 3.861055
3.223500 0.070820 0.156523 2.168086 2.594648 3.861133
3.223600 0.070977 0.156367 2.168164 2.594648 3.861211
3.223700 0.071133 0.156289 2.168164 2.594648 3.861289
3.223800 0.071211 0.156211 2.168242 2.594648 3.861445
3.223900 0.071367 0.156055 2.168320 2.594648 3.861523
3.224000 0.071523 0.155977 2.168320 2.594648 3.861602
3.224100 0.071602 0.155898 2.168398 2.594648 3.861680
3.224200 0.071758 0.155742 2.168398 2.594648 3.861758
3.224300 0.071914 0.155664 2.168477 2.594648 3.861836
3.224400 0.071992 0.155508 2.168477 2.594648 3.861992
3.224500 0.072148 0.155430 2.168555 2.594648 3.862070
3.224600 0.072305 0.155352 2.168555 2.594648 3.862148
3.224700 0.072383 0.155195 2.168633 2.594648 3.862227
3.224800 0.072539 0.155117 2.168711 2.594648 3.862305
3.224900 0.072695 0.155039 2.168711 2.594648 3.862383
3.225000 0.072852 0.154883 2.168789 2.594648 3.862539
3.225100 0.072930 0.154805 2.168789 2.594727 3.862617
3.225200 0.073086 0.154648 2.168867 2.594727 3.862695
3.225300 0.073242 0.154570 2.168867 2.594727 3.862773
3.225400 0.073398 0.154414 2.168945 2.594727 3.862852
3.225500 0.073477 0.154336 2.169023 2.594727 3.862930
3.225600 0.073633 0.154258 2.169023 2.594727 3.863086
3.225700 0.073789 0.154102 2.169102 2.594727 3.863164
3.225800 0.073945 0.154023 2.169102 2.594727 3.863242
3.225900 0.074023 0.153867 2.169180 2.594727 3.863320
3.226000 0.074180 0.153789 2.169180 2.594727 3.863398
3.226100 0.074336 0.153633 2.169258 2.594727 3.863477
3.226200 0.074492 0.153555 2.169336 2.594727 3.863555
3.226300 0.074648 0.153398 2.169336 2.594727 3.863711
3.226400 0.074727 0.153320 2.169414 2.594727 3.863789
3.226500 0.074883 0.153164 2.169414 2.594727 3.863867
3.226600 0.075039 0.153086 2.169492 2.594727 3.863945
3.226700 0.075195 0.153008 2.169492 2.594727 3.864023
3.226800 0.075352 0.152852 2.169570 2.594727 3.864102
3.226900 0.075430 0.152695 2.169648 2.594727 3.864258
3.227000 0.075586 0.152617 2.169648 2.594727 3.864336
3.227100 0.075742 0.152461 2.169727 2.594727 3.864414
3.227200 0.075898 0.152383 2.169727 2.594727 3.864492
3.227300 0.076055 0.152227 2.169805 2.594727 3.864570
3.227400 0.076211 0.152148 2.169805 2.594727 3.864648
3.227500 0.076367 0.151992 2.169883 2.594727 3.864805
3.227600 0.076445 0.151914 2.169961 2.594727 3.864883
3.227700 0.076602 0.151758 2.169961 2.594727 3.864961
3.227800 0.076758 0.151680 2.170039 2.594727 3.865039
3.227900 0.076914 0.151523 2.170039 2.594727 3.865117
3.228000 0.077070 0.151445 2.170117 2.594727 3.865195
3.228100 0.077227 0.151289 2.170117 2.594727 3.865352
3.228200 0.077383 0.151133 2.170195 2.594805 3.865430
3.228300 0.077539 0.151055 2.170273 2.594805 3.865508
3.228400 0.077695 0.150898 2.170273 2.594805 3.865586
3.228500 0.077852 0.150820 2.170352 2.594805 3.865664
3.228600 0.078008 0.150664 2.170352 2.594805 3.865742
3.228700 0.078164 0.150508 2.170430 2.594805 3.865898
3.228800 0.078320 0.150430 2.170430 2.594805 3.865977
3.228900 0.078477 0.150273 2.170508 2.594805 3.866055
3.229000 0.078633 0.150117 2.170586 2.594805 3.866133
3.229100 0.078789 0.150039 2.170586 2.594805 3.866211
3.229200 0.078945 0.149883 2.170664 2.594805 3.866289
3.229300 0.079102 0.149727 2.170664 2.594805 3.866445
3.229400 0.079258 0.149648 2.170742 2.594805 3.866523
3.229500 0.079414 0.149492 2.170742 2.594805 3.866602
3.229600 0.079570 0.149336 2.170820 2.594805 3.866680
3.229700 0.079727 0.149258 2.170898 2.594805 3.866758
3.229800 0.079883 0.149102 2.170898 2.594805 3.866836
3.229900 0.080039 0.148945 2.170977 2.594805 3.866914
3.230000 0.080195 0.148789 2.170977 2.594805 3.867070
3.230100 0.080352 0.148711 2.171055 2.594805 3.867148
3.230200 0.080508 0.148555 2.171055 2.594805 3.867227
3.230300 0.080664 0.148398 2.171133 2.594805 3.867305
3.230400 0.080820 0.148242 2.171211 2.594805 3.867383
3.230500 0.080977 0.148164 2.171211 2.594805 3.867461
3.230600 0.081211 0.148008 2.171289 2.594805 3.867617
3.230700 0.081367 0.147852 2.171289 2.594805 3.867695
3.230800 0.081523 0.147695 2.171367 2.594805 3.867773
3.230900 0.081680 0.147539 2.171367 2.594805 3.867852
3.231000 0.081836 0.147461 2.171445 2.594805 3.867930
3.231100 0.081992 0.147305 2.171523 2.594805 3.868008
3.231200 0.082227 0.147148 2.171523 2.594805 3.868164
3.231300 0.082383 0.146992 2.171602 2.594805 3.868242
3.231400 0.082539 0.146836 2.171602 2.594805 3.868320
3.231500 0.082695 0.146680 2.171680 2.594883 3.868398
3.231600 0.082852 0.146523 2.171680 2.594883 3.868477
3.231700 0.083086 0.146367 2.171758 2.594883 3.868555
3.231800 0.083242 0.146289 2.171836 2.594883 3.868711
3.231900 0.083398 0.146133 2.171836 2.594883 3.868789
3.232000 0.083633 0.145977 2.171914 2.594883 3.868867
3.232100 0.083789 0.145820 2.171914 2.594883 3.868945
3.232200 0.083945 0.145664 2.171992 2.594883 3.869023
3.232300 0.084102 0.145508 2.171992 2.594883 3.869102
3.232400 0.084336 0.145352 2.172070 2.594883 3.869258
3.232500 0.084492 0.145195 2.172148 2.594883 3.869336
3.232600 0.084648 0.145039 2.172148 2.594883 3.869414
3.232700 0.084883 0.144883 2.172227 2.594883 3.869492
3.232800 0.085039 0.144727 2.172227 2.594883 3.869570
3.232900 0.085273 0.144570 2.172305 2.594883 3.869648
3.233000 0.085430 0.144414 2.172305 2.594883 3.869805
3.233100 0.085586 0.144258 2.172383 2.594883 3.869883
3.233200 0.085820 0.144023 2.172461 2.594883 3.869961
3.233300 0.085977 0.143867 2.172461 2.594883 3.870039
3.233400 0.086211 0.143711 2.172539 2.594883 3.870117
3.233500 0.086367 0.143555 2.172539 2.594883 3.870195
3.233600 0.086602 0.143398 2.172617 2.594883 3.870352
3.233700 0.086758 0.143242 2.172617 2.594883 3.870430
3.233800 0.086992 0.143086 2.172695 2.594883 3.870508
3.233900 0.087148 0.142852 2.172773 2.594883 3.870586
3.234000 0.087383 0.142695 2.172773 2.594883 3.870664
3.234100 0.087617 0.142539 2.172852 2.594883 3.870742
3.234200 0.087773 0.142383 2.172852 2.594883 3.870820
3.234300 0.088008 0.142148 2.172930 2.594883 3.870977
3.234400 0.088164 0.141992 2.173008 2.594883 3.871055
3.234500 0.088398 0.141836 2.173008 2.594883 3.871133
3.234600 0.088633 0.141602 2.173086 2.594883 3.871211
3.234700 0.088789 0.141445 2.173086 2.594883 3.871289
3.234800 0.089023 0.141289 2.173164 2.594883 3.871367
3.234900 0.089258 0.141055 2.173164 2.594883 3.871523
3.235000 0.089492 0.140898 2.173242 2.594883 3.871602
3.235100 0.089648 0.140742 2.173320 2.594961 3.871680
3.235200 0.089883 0.140508 2.173320 2.594961 3.871758
3.235300 0.090117 0.140352 2.173398 2.594961 3.871836
3.235400 0.090352 0.140117 2.173398 2.594961 3.871914
3.235500 0.090586 0.139961 2.173477 2.594961 3.872070
3.235600 0.090820 0.139727 2.173477 2.594961 3.872148
3.235700 0.091055 0.139570 2.173555 2.594961 3.872227
3.235800 0.091289 0.139336 2.173633 2.594961 3.872305
3.235900 0.091445 0.139102 2.173633 2.594961 3.872383
3.236000 0.091680 0.138945 2.173711 2.594961 3.872461
3.236100 0.091914 0.138711 2.173711 2.594961 3.872617
3.236200 0.092227 0.138477 2.173789 2.594961 3.872695
3.236300 0.092461 0.138320 2.173789 2.594961 3.872773
3.236400 0.092695 0.138086 2.173867 2.594961 3.872852
3.236500 0.092930 0.137852 2.173945 2.594961 3.872930
3.236600 0.093164 0.137617 2.173945 2.594961 3.873008
3.236700 0.093398 0.137383 2.174023 2.594961 3.873164
3.236800 0.093711 0.137148 2.174023 2.594961 3.873242
3.236900 0.093945 0.136992 2.174102 2.594961 3.873320
3.237000 0.094180 0.136758 2.174180 2.594961 3.873398
3.237100 0.094414 0.136523 2.174180 2.594961 3.873477
3.237200 0.094727 0.136289 2.174258 2.594961 3.873555
3.237300 0.094961 0.136055 2.174258 2.594961 3.873711
3.237400 0.095273 0.135742 2.174336 2.594961 3.873789
3.237500 0.095508 0.135508 2.174336 2.594961 3.873867
3.237600 0.095820 0.135273 2.174414 2.594961 3.873945
3.237700 0.096055 0.135039 2.174492 2.594961 3.874023
3.237800 0.096367 0.134727 2.174492 2.594961 3.874102
3.237900 0.096680 0.134492 2.174570 2.594961 3.874258
3.238000 0.096992 0.134258 2.174570 2.594961 3.874336
3.238100 0.097227 0.133945 2.174648 2.594961 3.874414
3.238200 0.097539 0.133711 2.174648 2.594961 3.874492
3.238300 0.097852 0.133398 2.174727 2.594961 3.874570
3.238400 0.098164 0.133164 2.174805 2.594961 3.874648
3.238500 0.098477 0.132852 2.174805 2.594961 3.874805
3.238600 0.098789 0.132539 2.174883 2.594961 3.874883
3.238700 0.099180 0.132227 2.174883 2.594961 3.874961
3.238800 0.099492 0.131914 2.174961 2.594961 3.875039
3.238900 0.099805 0.131602 2.175039 2.595039 3.875117
3.239000 0.100195 0.131289 2.175039 2.595039 3.875195
3.239100 0.100508 0.130977 2.175117 2.595039 3.875273
3.239200 0.100898 0.130664 2.175117 2.595039 3.875430
3.239300 0.101289 0.130273 2.175195 2.595039 3.875508
3.239400 0.101680 0.129961 2.175195 2.595039 3.875586
3.239500 0.102070 0.129570 2.175273 2.595039 3.875664
3.239600 0.102461 0.129180 2.175352 2.595039 3.875742
3.239700 0.102852 0.128789 2.175352 2.595039 3.875820
3.239800 0.103320 0.128398 2.175430 2.595039 3.875977
3.239900 0.103711 0.128008 2.175430 2.595039 3.876055
3.240000 0.104180 0.127539 2.175508 2.595039 3.876133
3.240100 0.104648 0.127148 2.175586 2.595039 3.876211
3.240200 0.105195 0.126680 2.175586 2.595039 3.876289
3.240300 0.105664 0.126133 2.175664 2.595039 3.876367
3.240400 0.106211 0.125664 2.175664 2.595039 3.876523
3.240500 0.106836 0.125117 2.175742 2.595039 3.876602
3.240600 0.107461 0.124492 2.175742 2.595039 3.876680
3.240700 0.108086 0.123867 2.175820 2.595039 3.876758
3.240800 0.108789 0.123164 2.175898 2.595039 3.876836
3.240900 0.109570 0.122383 2.175898 2.595039 3.876914
3.241000 0.110508 0.121523 2.175977 2.595039 3.877070
3.241100 0.111602 0.120508 2.175977 2.595039 3.877148
