1.0490000000 0.0005687675
1.0500000000 0.0021609230
1.0510000000 0.0037350197
1.0520000000 0.0052915688
1.0530000000 0.0068310432
1.0540000000 0.0083539085
1.0550000000 0.0098605919
1.0560000000 0.0113515205
1.0570000000 0.0128270836
1.0580000000 0.0142876625
1.0590000000 0.0157336311
1.0600000000 0.0171653404
1.0610000000 0.0185831184
1.0620000000 0.0199872932
1.0630000000 0.0213781700
1.0640000000 0.0227560539
1.0650000000 0.0241212349
1.0660000000 0.0254739799
1.0670000000 0.0268145561
1.0680000000 0.0281432152
1.0690000000 0.0294602165
1.0700000000 0.0307657890
1.0710000000 0.0320601692
1.0720000000 0.0333435631
1.0730000000 0.0346161995
1.0740000000 0.0358782845
1.0750000000 0.0371300087
1.0760000000 0.0383715706
1.0770000000 0.0396031532
1.0780000000 0.0408249474
1.0790000000 0.0420371132
1.0800000000 0.0432398338
1.0810000000 0.0444332695
1.0820000000 0.0456175728
1.0830000000 0.0467929115
1.0840000000 0.0479594231
1.0850000000 0.0491172523
1.0860000000 0.0502665520
1.0870000000 0.0514074516
1.0880000000 0.0525400887
1.0890000000 0.0536645851
1.0900000000 0.0547810707
1.0910000000 0.0558896675
1.0920000000 0.0569904900
1.0930000000 0.0580836678
1.0940000000 0.0591693001
1.0950000000 0.0602474937
1.0960000000 0.0613183708
1.0970000000 0.0623820229
1.0980000000 0.0634385567
1.0990000000 0.0644880638
1.1000000000 0.0655306511
1.1010000000 0.0665664024
1.1020000000 0.0675954094
1.1030000000 0.0686177711
1.1040000000 0.0696335640
1.1050000000 0.0706428719
1.1060000000 0.0716457939
1.1070000000 0.0726423912
1.1080000000 0.0736327553
1.1090000000 0.0746169548
1.1100000000 0.0755950661
1.1110000000 0.0765671730
1.1120000000 0.0775333366
1.1130000000 0.0784936256
1.1140000000 0.0794481239
1.1150000000 0.0803968773
1.1160000000 0.0813399696
1.1170000000 0.0822774544
1.1180000000 0.0832094002
1.1190000000 0.0841358604
1.1200000000 0.0850569038
1.1210000000 0.0859725914
1.1220000000 0.0868829689
1.1230000000 0.0877881050
1.1240000000 0.0886880455
1.1250000000 0.0895828514
1.1260000000 0.0904725685
1.1270000000 0.0913572578
1.1280000000 0.0922369652
1.1290000000 0.0931117439
1.1300000000 0.0939816322
1.1310000000 0.0948466911
1.1320000000 0.0957069664
1.1330000000 0.0965624886
1.1340000000 0.0974133263
1.1350000000 0.0982595100
1.1360000000 0.0991010780
1.1370000000 0.0999380913
1.1380000000 0.1007705727
1.1390000000 0.1015985756
1.1400000000 0.1024221382
1.1410000000 0.1032412910
1.1420000000 0.1040560875
1.1430000000 0.1048665581
1.1440000000 0.1056727333
1.1450000000 0.1064746666
1.1460000000 0.1072723808
1.1470000000 0.1080659218
1.1480000000 0.1088553123
1.1490000000 0.1096405983
1.1500000000 0.1104218102
1.1510000000 0.1111989708
1.1520000000 0.1119721260
1.1530000000 0.1127413063
1.1540000000 0.1135065346
1.1550000000 0.1142678490
1.1560000000 0.1150252800
1.1570000000 0.1157788582
1.1580000000 0.1165286064
1.1590000000 0.1172745628
1.1600000000 0.1180167503
1.1610000000 0.1187551918
1.1620000000 0.1194899254
1.1630000000 0.1202209740
1.1640000000 0.1209483681
1.1650000000 0.1216721306
1.1660000000 0.1223922844
1.1670000000 0.1231088524
1.1680000000 0.1238218727
1.1690000000 0.1245313606
1.1700000000 0.1252373390
1.1710000000 0.1259398384
1.1720000000 0.1266388817
1.1730000000 0.1273344841
1.1740000000 0.1280266762
1.1750000000 0.1287154808
1.1760000000 0.1294009209
1.1770000000 0.1300830116
1.1780000000 0.1307617760
1.1790000000 0.1314372368
1.1800000000 0.1321094170
1.1810000000 0.1327783394
1.1820000000 0.1334440193
1.1830000000 0.1341064796
1.1840000000 0.1347657433
1.1850000000 0.1354218178
1.1860000000 0.1360747337
1.1870000000 0.1367245064
1.1880000000 0.1373711586
1.1890000000 0.1380147057
1.1900000000 0.1386551552
1.1910000000 0.1392925453
1.1920000000 0.1399268761
1.1930000000 0.1405581779
1.1940000000 0.1411864586
1.1950000000 0.1418117409
1.1960000000 0.1424340477
1.1970000000 0.1430533791
1.1980000000 0.1436697578
1.1990000000 0.1442832069
1.2000000000 0.1448937340
1.2010000000 0.1455013618
1.2020000000 0.1461060982
1.2030000000 0.1467079659
1.2040000000 0.1473069801
1.2050000000 0.1479031487
1.2060000000 0.1484964867
1.2070000000 0.1490870171
1.2080000000 0.1496747475
1.2090000000 0.1502596931
1.2100000000 0.1508418694
1.2110000000 0.1514212837
1.2120000000 0.1519979591
1.2130000000 0.1525719109
1.2140000000 0.1531431389
1.2150000000 0.1537116661
1.2160000000 0.1542775078
1.2170000000 0.1548406639
1.2180000000 0.1554011650
1.2190000000 0.1559590111
1.2200000000 0.1565142097
1.2210000000 0.1570667915
1.2220000000 0.1576167564
1.2230000000 0.1581641121
1.2240000000 0.1587088814
1.2250000000 0.1592510719
1.2260000000 0.1597906914
1.2270000000 0.1603277550
1.2280000000 0.1608622704
1.2290000000 0.1613942528
1.2300000000 0.1619237099
1.2310000000 0.1624506569
1.2320000000 0.1629751015
1.2330000000 0.1634970512
1.2340000000 0.1640165291
1.2350000000 0.1645335274
1.2360000000 0.1650480690
1.2370000000 0.1655601616
1.2380000000 0.1660698128
1.2390000000 0.1665770302
1.2400000000 0.1670818291
1.2410000000 0.1675842247
1.2420000000 0.1680842094
1.2430000000 0.1685818062
1.2440000000 0.1690770226
1.2450000000 0.1695698662
1.2460000000 0.1700603447
1.2470000000 0.1705484657
1.2480000000 0.1710342445
1.2490000000 0.1715176888
1.2500000000 0.1719987984
1.2510000000 0.1724775963
1.2520000000 0.1729540825
1.2530000000 0.1734282646
1.2540000000 0.1739001503
1.2550000000 0.1743697548
1.2560000000 0.1748370781
1.2570000000 0.1753021355
1.2580000000 0.1757649269
1.2590000000 0.1762254677
1.2600000000 0.1766837730
1.2610000000 0.1771398277
1.2620000000 0.1775936623
1.2630000000 0.1780452690
1.2640000000 0.1784946632
1.2650000000 0.1789418526
1.2660000000 0.1793868446
1.2670000000 0.1798296394
1.2680000000 0.1802702599
1.2690000000 0.1807086906
1.2700000000 0.1811449547
1.2710000000 0.1815790596
1.2720000000 0.1820110054
1.2730000000 0.1824408073
1.2740000000 0.1828684578
1.2750000000 0.1832939796
1.2760000000 0.1837173729
1.2770000000 0.1841386375
1.2780000000 0.1845577965
1.2790000000 0.1849748421
1.2800000000 0.1853897820
1.2810000000 0.1858026314
1.2820000000 0.1862133827
1.2830000000 0.1866220589
1.2840000000 0.1870286522
1.2850000000 0.1874331779
1.2860000000 0.1878356361
1.2870000000 0.1882360344
1.2880000000 0.1886343880
1.2890000000 0.1890306816
1.2900000000 0.1894249458
1.2910000000 0.1898171654
1.2920000000 0.1902073631
1.2930000000 0.1905955315
1.2940000000 0.1909816856
1.2950000000 0.1913658257
1.2960000000 0.1917479591
1.2970000000 0.1921280861
1.2980000000 0.1925062218
1.2990000000 0.1928823662
1.3000000000 0.1932565269
1.3010000000 0.1936287041
1.3020000000 0.1939989128
1.3030000000 0.1943671455
1.3040000000 0.1947334175
1.3050000000 0.1950977211
1.3060000000 0.1954600792
1.3070000000 0.1958204842
1.3080000000 0.1961789513
1.3090000000 0.1965354729
1.3100000000 0.1968900566
1.3110000000 0.1972427177
1.3120000000 0.1975934486
1.3130000000 0.1979422646
1.3140000000 0.1982891579
1.3150000000 0.1986341515
1.3160000000 0.1989772301
1.3170000000 0.1993184090
1.3180000000 0.1996576881
1.3190000000 0.1999950752
1.3200000000 0.2003305779
1.3210000000 0.2006641960
1.3220000000 0.2009959297
1.3230000000 0.2013257942
1.3240000000 0.2016537819
1.3250000000 0.2019799080
1.3260000000 0.2023041725
1.3270000000 0.2026265755
1.3280000000 0.2029471245
1.3290000000 0.2032658195
1.3300000000 0.2035826759
1.3310000000 0.2038976860
1.3320000000 0.2042108650
1.3330000000 0.2045222054
1.3340000000 0.2048317146
1.3350000000 0.2051394005
1.3360000000 0.2054452629
1.3370000000 0.2057493019
1.3380000000 0.2060515327
1.3390000000 0.2063519478
1.3400000000 0.2066505623
1.3410000000 0.2069473686
1.3420000000 0.2072423744
1.3430000000 0.2075355873
1.3440000000 0.2078270073
1.3450000000 0.2081166344
1.3460000000 0.2084044838
1.3470000000 0.2086905403
1.3480000000 0.2089748268
1.3490000000 0.2092573357
1.3500000000 0.2095380745
1.3510000000 0.2098170433
1.3520000000 0.2100942497
1.3530000000 0.2103696861
1.3540000000 0.2106433754
1.3550000000 0.2109153023
1.3560000000 0.2111854820
1.3570000000 0.2114539070
1.3580000000 0.2117205925
1.3590000000 0.2119855309
1.3600000000 0.2122487373
1.3610000000 0.2125102043
1.3620000000 0.2127699318
1.3630000000 0.2130279350
1.3640000000 0.2132842140
1.3650000000 0.2135387688
1.3660000000 0.2137915993
1.3670000000 0.2140427132
1.3680000000 0.2142921104
1.3690000000 0.2145397987
1.3700000000 0.2147857704
1.3710000000 0.2150300407
1.3720000000 0.2152726097
1.3730000000 0.2155134773
1.3740000000 0.2157526436
1.3750000000 0.2159901161
1.3760000000 0.2162258949
1.3770000000 0.2164599800
1.3780000000 0.2166923866
1.3790000000 0.2169231071
1.3800000000 0.2171521416
1.3810000000 0.2173794975
1.3820000000 0.2176051750
1.3830000000 0.2178291817
1.3840000000 0.2180515099
1.3850000000 0.2182721748
1.3860000000 0.2184911766
1.3870000000 0.2187085075
1.3880000000 0.2189241753
1.3890000000 0.2191381874
1.3900000000 0.2193505440
1.3910000000 0.2195612450
1.3920000000 0.2197702904
1.3930000000 0.2199776878
1.3940000000 0.2201834373
1.3950000000 0.2203875465
1.3960000000 0.2205900078
1.3970000000 0.2207908287
1.3980000000 0.2209900093
1.3990000000 0.2211875572
1.4000000000 0.2213834648
1.4010000000 0.2215777473
1.4020000000 0.2217703972
1.4030000000 0.2219614220
1.4040000000 0.2221508141
1.4050000000 0.2223385887
1.4060000000 0.2225247383
1.4070000000 0.2227092705
1.4080000000 0.2228921852
1.4090000000 0.2230734825
1.4100000000 0.2232531700
1.4110000000 0.2234312477
1.4120000000 0.2236077080
1.4130000000 0.2237825661
1.4140000000 0.2239558220
1.4150000000 0.2241274681
1.4160000000 0.2242975121
1.4170000000 0.2244659615
1.4180000000 0.2246328087
1.4190000000 0.2247980614
1.4200000000 0.2249617195
1.4210000000 0.2251237907
1.4220000000 0.2252842598
1.4230000000 0.2254431496
1.4240000000 0.2256004448
1.4250000000 0.2257561607
1.4260000000 0.2259102898
1.4270000000 0.2260628395
1.4280000000 0.2262138023
1.4290000000 0.2263631935
1.4300000000 0.2265110054
1.4310000000 0.2266572380
1.4320000000 0.2268018990
1.4330000000 0.2269449883
1.4340000000 0.2270865059
1.4350000000 0.2272264595
1.4360000000 0.2273648415
1.4370000000 0.2275016594
1.4380000000 0.2276369057
1.4390000000 0.2277705956
1.4400000000 0.2279027214
1.4410000000 0.2280332909
1.4420000000 0.2281622963
1.4430000000 0.2282897453
1.4440000000 0.2284156456
1.4450000000 0.2285399818
1.4460000000 0.2286627693
1.4470000000 0.2287840080
1.4480000000 0.2289036980
1.4490000000 0.2290218315
1.4500000000 0.2291384239
1.4510000000 0.2292534676
1.4520000000 0.2293669624
1.4530000000 0.2294789162
1.4540000000 0.2295893288
1.4550000000 0.2296982079
1.4560000000 0.2298055382
1.4570000000 0.2299113274
1.4580000000 0.2300155830
1.4590000000 0.2301183052
1.4600000000 0.2302194862
1.4610000000 0.2303191414
1.4620000000 0.2304172554
1.4630000000 0.2305138435
1.4640000000 0.2306088982
1.4650000000 0.2307024269
1.4660000000 0.2307944298
1.4670000000 0.2308848991
1.4680000000 0.2309738426
1.4690000000 0.2310612679
1.4700000000 0.2311471596
1.4710000000 0.2312315331
1.4720000000 0.2313143883
1.4730000000 0.2313957176
1.4740000000 0.2314755287
1.4750000000 0.2315538216
1.4760000000 0.2316305962
1.4770000000 0.2317058525
1.4780000000 0.2317795982
1.4790000000 0.2318518257
1.4800000000 0.2319225349
1.4810000000 0.2319917336
1.4820000000 0.2320594215
1.4830000000 0.2321255989
1.4840000000 0.2321902580
1.4850000000 0.2322534142
1.4860000000 0.2323150597
1.4870000000 0.2323752022
1.4880000000 0.2324338264
1.4890000000 0.2324909554
1.4900000000 0.2325465736
1.4910000000 0.2326006813
1.4920000000 0.2326532936
1.4930000000 0.2327043953
1.4940000000 0.2327540016
1.4950000000 0.2328020973
1.4960000000 0.2328486977
1.4970000000 0.2328937950
1.4980000000 0.2329373970
1.4990000000 0.2329794884
1.5000000000 0.2330200920
1.5010000000 0.2330591927
1.5020000000 0.2330967979
1.5030000000 0.2331329079
1.5040000000 0.2331675148
1.5050000000 0.2332006340
1.5060000000 0.2332322578
1.5070000000 0.2332623787
1.5080000000 0.2332910118
1.5090000000 0.2333181572
1.5100000000 0.2333437996
1.5110000000 0.2333679543
1.5120000000 0.2333906212
1.5130000000 0.2334117928
1.5140000000 0.2334314690
1.5150000000 0.2334496574
1.5160000000 0.2334663582
1.5170000000 0.2334815712
1.5180000000 0.2334952888
1.5190000000 0.2335075264
1.5200000000 0.2335182686
1.5210000000 0.2335275307
1.5220000000 0.2335352974
1.5230000000 0.2335415840
1.5240000000 0.2335463753
1.5250000000 0.2335496864
1.5260000000 0.2335515099
1.5270000000 0.2335518456
1.5280000000 0.2335507011
1.5290000000 0.2335480690
1.5300000000 0.2335439491
1.5310000000 0.2335383492
1.5320000000 0.2335312691
1.5330000000 0.2335226936
1.5340000000 0.2335126457
1.5350000000 0.2335011024
1.5360000000 0.2334880867
1.5370000000 0.2334735832
1.5380000000 0.2334575996
1.5390000000 0.2334401283
1.5400000000 0.2334211769
1.5410000000 0.2334007454
1.5420000000 0.2333788261
1.5430000000 0.2333554344
1.5440000000 0.2333305550
1.5450000000 0.2333041878
1.5460000000 0.2332763481
1.5470000000 0.2332470207
1.5480000000 0.2332162132
1.5490000000 0.2331839256
1.5500000000 0.2331501579
1.5510000000 0.2331149101
1.5520000000 0.2330781746
1.5530000000 0.2330399666
1.5540000000 0.2330002708
1.5550000000 0.2329590950
1.5560000000 0.2329164391
1.5570000000 0.2328722954
1.5580000000 0.2328266792
1.5590000000 0.2327795753
1.5600000000 0.2327309914
1.5610000000 0.2326809273
1.5620000000 0.2326293831
1.5630000000 0.2325763512
1.5640000000 0.2325218391
1.5650000000 0.2324658470
1.5660000000 0.2324083748
1.5670000000 0.2323494148
1.5680000000 0.2322889748
1.5690000000 0.2322270546
1.5700000000 0.2321636467
1.5710000000 0.2320987587
1.5720000000 0.2320323906
1.5730000000 0.2319645348
1.5740000000 0.2318951988
1.5750000000 0.2318243752
1.5760000000 0.2317520714
1.5770000000 0.2316782799
1.5780000000 0.2316030006
1.5790000000 0.2315262413
1.5800000000 0.2314479942
1.5810000000 0.2313682594
1.5820000000 0.2312870445
1.5830000000 0.2312043419
1.5840000000 0.2311201515
1.5850000000 0.2310344734
1.5860000000 0.2309473076
1.5870000000 0.2308586540
1.5880000000 0.2307685127
1.5890000000 0.2306768837
1.5900000000 0.2305837593
1.5910000000 0.2304891548
1.5920000000 0.2303930550
1.5930000000 0.2302954674
1.5940000000 0.2301963844
1.5950000000 0.2300958138
1.5960000000 0.2299937553
1.5970000000 0.2298902016
1.5980000000 0.2297851524
1.5990000000 0.2296786079
1.6000000000 0.2295705757
1.6010000000 0.2294610481
1.6020000000 0.2293500175
1.6030000000 0.2292374992
1.6040000000 0.2291234856
1.6050000000 0.2290079689
1.6060000000 0.2288909569
1.6070000000 0.2287724495
1.6080000000 0.2286524391
1.6090000000 0.2285309334
1.6100000000 0.2284079247
1.6110000000 0.2282834206
1.6120000000 0.2281574135
1.6130000000 0.2280298958
1.6140000000 0.2279008827
1.6150000000 0.2277703667
1.6160000000 0.2276383476
1.6170000000 0.2275048180
1.6180000000 0.2273697853
1.6190000000 0.2272332420
1.6200000000 0.2270951958
1.6210000000 0.2269556389
1.6220000000 0.2268145714
1.6230000000 0.2266720009
1.6240000000 0.2265279121
1.6250000000 0.2263823204
1.6260000000 0.2262352104
1.6270000000 0.2260865822
1.6280000000 0.2259364433
1.6290000000 0.2257847939
1.6300000000 0.2256316261
1.6310000000 0.2254769402
1.6320000000 0.2253207359
1.6330000000 0.2251630058
1.6340000000 0.2250037651
1.6350000000 0.2248429985
1.6360000000 0.2246807137
1.6370000000 0.2245169029
1.6380000000 0.2243515739
1.6390000000 0.2241847115
1.6400000000 0.2240163231
1.6410000000 0.2238464165
1.6420000000 0.2236749763
1.6430000000 0.2235020027
1.6440000000 0.2233275032
1.6450000000 0.2231514702
1.6460000000 0.2229739037
1.6470000000 0.2227948036
1.6480000000 0.2226141701
1.6490000000 0.2224319954
1.6500000000 0.2222482872
1.6510000000 0.2220630379
1.6520000000 0.2218762474
1.6530000000 0.2216879158
1.6540000000 0.2214980431
1.6550000000 0.2213066292
1.6560000000 0.2211136665
1.6570000000 0.2209191551
1.6580000000 0.2207231026
1.6590000000 0.2205254936
1.6600000000 0.2203263359
1.6610000000 0.2201256294
1.6620000000 0.2199233665
1.6630000000 0.2197195549
1.6640000000 0.2195141792
1.6650000000 0.2193072472
1.6660000000 0.2190987587
1.6670000000 0.2188887138
1.6680000000 0.2186770973
1.6690000000 0.2184639244
1.6700000000 0.2182491798
1.6710000000 0.2180328789
1.6720000000 0.2178149986
1.6730000000 0.2175955544
1.6740000000 0.2173745384
1.6750000000 0.2171519508
1.6760000000 0.2169277916
1.6770000000 0.2167020531
1.6780000000 0.2164747353
1.6790000000 0.2162458382
1.6800000000 0.2160153618
1.6810000000 0.2157832985
1.6820000000 0.2155496559
1.6830000000 0.2153144264
1.6840000000 0.2150776100
1.6850000000 0.2148391991
1.6860000000 0.2145992012
1.6870000000 0.2143576088
1.6880000000 0.2141144218
1.6890000000 0.2138696327
1.6900000000 0.2136232491
1.6910000000 0.2133752708
1.6920000000 0.2131256828
1.6930000000 0.2128744926
1.6940000000 0.2126217003
1.6950000000 0.2123672905
1.6960000000 0.2121112785
1.6970000000 0.2118536491
1.6980000000 0.2115944099
1.6990000000 0.2113335533
1.7000000000 0.2110710793
1.7010000000 0.2108069801
1.7020000000 0.2105412636
1.7030000000 0.2102739220
1.7040000000 0.2100049553
1.7050000000 0.2097343636
1.7060000000 0.2094621315
1.7070000000 0.2091882744
1.7080000000 0.2089127846
1.7090000000 0.2086356468
1.7100000000 0.2083568764
1.7110000000 0.2080764656
1.7120000000 0.2077944069
1.7130000000 0.2075107079
1.7140000000 0.2072253532
1.7150000000 0.2069383583
1.7160000000 0.2066497002
1.7170000000 0.2063593941
1.7180000000 0.2060674248
1.7190000000 0.2057737923
1.7200000000 0.2054785042
1.7210000000 0.2051815529
1.7220000000 0.2048829308
1.7230000000 0.2045826378
1.7240000000 0.2042806664
1.7250000000 0.2039770317
1.7260000000 0.2036717110
1.7270000000 0.2033647118
1.7280000000 0.2030560341
1.7290000000 0.2027456703
1.7300000000 0.2024336128
1.7310000000 0.2021198692
1.7320000000 0.2018044319
1.7330000000 0.2014873009
1.7340000000 0.2011684685
1.7350000000 0.2008479347
1.7360000000 0.2005256996
1.7370000000 0.2002017555
1.7380000000 0.1998761024
1.7390000000 0.1995487328
1.7400000000 0.1992196541
1.7410000000 0.1988888512
1.7420000000 0.1985563316
1.7430000000 0.1982220879
1.7440000000 0.1978861122
1.7450000000 0.1975484047
1.7460000000 0.1972089729
1.7470000000 0.1968678017
1.7480000000 0.1965248909
1.7490000000 0.1961802330
1.7500000000 0.1958338356
1.7510000000 0.1954856834
1.7520000000 0.1951357841
1.7530000000 0.1947841301
1.7540000000 0.1944307213
1.7550000000 0.1940755424
1.7560000000 0.1937186089
1.7570000000 0.1933598976
1.7580000000 0.1929994240
1.7590000000 0.1926371651
1.7600000000 0.1922731361
1.7610000000 0.1919073219
1.7620000000 0.1915397301
1.7630000000 0.1911703453
1.7640000000 0.1907991676
1.7650000000 0.1904261971
1.7660000000 0.1900514259
1.7670000000 0.1896748466
1.7680000000 0.1892964668
1.7690000000 0.1889162788
1.7700000000 0.1885342751
1.7710000000 0.1881504555
1.7720000000 0.1877648201
1.7730000000 0.1873773537
1.7740000000 0.1869880562
1.7750000000 0.1865969353
1.7760000000 0.1862039757
1.7770000000 0.1858091698
1.7780000000 0.1854125252
1.7790000000 0.1850140343
1.7800000000 0.1846136894
1.7810000000 0.1842114906
1.7820000000 0.1838074303
1.7830000000 0.1834015083
1.7840000000 0.1829937172
1.7850000000 0.1825840492
1.7860000000 0.1821725121
1.7870000000 0.1817590904
1.7880000000 0.1813437843
1.7890000000 0.1809265938
1.7900000000 0.1805075035
1.7910000000 0.1800865211
1.7920000000 0.1796636314
1.7930000000 0.1792388344
1.7940000000 0.1788121300
1.7950000000 0.1783835106
1.7960000000 0.1779529686
1.7970000000 0.1775205040
1.7980000000 0.1770861092
1.7990000000 0.1766497841
1.8000000000 0.1762115135
1.8010000000 0.1757713051
1.8020000000 0.1753291512
1.8030000000 0.1748850365
1.8040000000 0.1744389687
1.8050000000 0.1739909325
1.8060000000 0.1735409355
1.8070000000 0.1730889626
1.8080000000 0.1726350136
1.8090000000 0.1721790810
1.8100000000 0.1717211647
1.8110000000 0.1712612495
1.8120000000 0.1707993431
1.8130000000 0.1703354301
1.8140000000 0.1698695107
1.8150000000 0.1694015694
1.8160000000 0.1689316139
1.8170000000 0.1684596367
1.8180000000 0.1679856224
1.8190000000 0.1675095787
1.8200000000 0.1670314903
1.8210000000 0.1665513573
1.8220000000 0.1660691719
1.8230000000 0.1655849342
1.8240000000 0.1650986214
1.8250000000 0.1646102486
1.8260000000 0.1641197929
1.8270000000 0.1636272621
1.8280000000 0.1631326408
1.8290000000 0.1626359215
1.8300000000 0.1621371117
1.8310000000 0.1616361885
1.8320000000 0.1611331596
1.8330000000 0.1606280098
1.8340000000 0.1601207390
1.8350000000 0.1596113319
1.8360000000 0.1590997963
1.8370000000 0.1585861168
1.8380000000 0.1580702782
1.8390000000 0.1575522957
1.8400000000 0.1570321388
1.8410000000 0.1565098228
1.8420000000 0.1559853249
1.8430000000 0.1554586449
1.8440000000 0.1549297752
1.8450000000 0.1543987160
1.8460000000 0.1538654442
1.8470000000 0.1533299675
1.8480000000 0.1527922707
1.8490000000 0.1522523460
1.8500000000 0.1517101936
1.8510000000 0.1511657982
1.8520000000 0.1506191597
1.8530000000 0.1500702705
1.8540000000 0.1495191154
1.8550000000 0.1489656944
1.8560000000 0.1484099922
1.8570000000 0.1478520088
1.8580000000 0.1472917366
1.8590000000 0.1467291603
1.8600000000 0.1461642799
1.8610000000 0.1455970802
1.8620000000 0.1450275612
1.8630000000 0.1444557076
1.8640000000 0.1438815117
1.8650000000 0.1433049736
1.8660000000 0.1427260704
1.8670000000 0.1421448097
1.8680000000 0.1415611763
1.8690000000 0.1409751625
1.8700000000 0.1403867531
1.8710000000 0.1397959480
1.8720000000 0.1392027321
1.8730000000 0.1386070976
1.8740000000 0.1380090446
1.8750000000 0.1374085503
1.8760000000 0.1368056145
1.8770000000 0.1362002220
1.8780000000 0.1355923729
1.8790000000 0.1349820442
1.8800000000 0.1343692436
1.8810000000 0.1337539406
1.8820000000 0.1331361427
1.8830000000 0.1325158348
1.8840000000 0.1318930092
1.8850000000 0.1312676506
1.8860000000 0.1306397514
1.8870000000 0.1300093040
1.8880000000 0.1293762932
1.8890000000 0.1287407112
1.8900000000 0.1281025429
1.8910000000 0.1274617882
1.8920000000 0.1268184319
1.8930000000 0.1261724586
1.8940000000 0.1255238609
1.8950000000 0.1248726234
1.8960000000 0.1242187462
1.8970000000 0.1235622063
1.8980000000 0.1229029961
1.8990000000 0.1222411079
1.9000000000 0.1215765266
1.9010000000 0.1209092445
1.9020000000 0.1202392387
1.9030000000 0.1195665092
1.9040000000 0.1188910408
1.9050000000 0.1182128181
1.9060000000 0.1175318336
1.9070000000 0.1168480721
1.9080000000 0.1161615181
1.9090000000 0.1154721642
1.9100000000 0.1147799950
1.9110000000 0.1140849953
1.9120000000 0.1133871574
1.9130000000 0.1126864662
1.9140000000 0.1119829063
1.9150000000 0.1112764626
1.9160000000 0.1105671272
1.9170000000 0.1098548775
1.9180000000 0.1091397057
1.9190000000 0.1084216042
1.9200000000 0.1077005424
1.9210000000 0.1069765205
1.9220000000 0.1062495155
1.9230000000 0.1055195198
1.9240000000 0.1047865028
1.9250000000 0.1040504723
1.9260000000 0.1033113976
1.9270000000 0.1025692635
1.9280000000 0.1018240623
1.9290000000 0.1010757713
1.9300000000 0.1003243752
1.9310000000 0.0995698586
1.9320000000 0.0988122063
1.9330000000 0.0980514030
1.9340000000 0.0972874336
1.9350000000 0.0965202751
1.9360000000 0.0957499123
1.9370000000 0.0949763298
1.9380000000 0.0941995049
1.9390000000 0.0934194298
1.9400000000 0.0926360817
1.9410000000 0.0918494377
1.9420000000 0.0910594826
1.9430000000 0.0902662010
1.9440000000 0.0894695625
1.9450000000 0.0886695671
1.9460000000 0.0878661842
1.9470000000 0.0870593910
1.9480000000 0.0862491722
1.9490000000 0.0854355049
1.9500000000 0.0846183815
1.9510000000 0.0837977638
1.9520000000 0.0829736366
1.9530000000 0.0821459846
1.9540000000 0.0813147850
1.9550000000 0.0804800148
1.9560000000 0.0796416435
1.9570000000 0.0787996635
1.9580000000 0.0779540443
1.9590000000 0.0771047630
1.9600000000 0.0762517967
1.9610000000 0.0753951225
1.9620000000 0.0745347176
1.9630000000 0.0736705666
1.9640000000 0.0728026314
1.9650000000 0.0719308891
1.9660000000 0.0710553169
1.9670000000 0.0701758995
1.9680000000 0.0692925987
1.9690000000 0.0684053917
1.9700000000 0.0675142555
1.9710000000 0.0666191597
1.9720000000 0.0657200737
1.9730000000 0.0648169823
1.9740000000 0.0639098473
1.9750000000 0.0629986458
1.9760000000 0.0620833473
1.9770000000 0.0611639137
1.9780000000 0.0602403374
1.9790000000 0.0593125648
1.9800000000 0.0583805809
1.9810000000 0.0574443474
1.9820000000 0.0565038414
1.9830000000 0.0555590248
1.9840000000 0.0546098671
1.9850000000 0.0536563301
1.9860000000 0.0526983910
1.9870000000 0.0517360039
1.9880000000 0.0507691536
1.9890000000 0.0497977867
1.9900000000 0.0488218727
1.9910000000 0.0478413811
1.9920000000 0.0468562737
1.9930000000 0.0458665123
1.9940000000 0.0448720589
1.9950000000 0.0438728828
1.9960000000 0.0428689384
1.9970000000 0.0418601799
1.9980000000 0.0408465843
1.9990000000 0.0398280983
2.0000000000 0.0388046837
2.0010000000 0.0377762947
2.0020000000 0.0367429008
2.0030000000 0.0357044487
2.0040000000 0.0346609001
2.0050000000 0.0336122093
2.0060000000 0.0325583229
2.0070000000 0.0314992027
2.0080000000 0.0304348030
2.0090000000 0.0293650703
2.0100000000 0.0282899590
2.0110000000 0.0272094231
2.0120000000 0.0261234016
2.0130000000 0.0250318565
2.0140000000 0.0239347267
2.0150000000 0.0228319588
2.0160000000 0.0217234993
2.0170000000 0.0206093025
2.0180000000 0.0194892998
2.0190000000 0.0183634377
2.0200000000 0.0172316628
2.0210000000 0.0160939140
2.0220000000 0.0149501228
2.0230000000 0.0138002357
2.0240000000 0.0126441917
2.0250000000 0.0114819221
2.0260000000 0.0103133583
2.0270000000 0.0091384468
2.0280000000 0.0079571037
2.0290000000 0.0067692680
2.0300000000 0.0055748634
2.0310000000 0.0043738289
2.0320000000 0.0031660805
2.0330000000 0.0019515495
2.0340000000 0.0007301521
