3.925500 2.332695 2.588555 2.760273 5.173398
3.925600 2.332695 2.588789 2.760195 5.173477
3.925700 2.332695 2.588945 2.760117 5.173555
3.925800 2.332695 2.589102 2.760039 5.173711
3.925900 2.332695 2.589258 2.759961 5.173789
3.926000 2.332695 2.589414 2.759883 5.173945
3.926100 2.332695 2.589570 2.759805 5.174023
3.926200 2.332695 2.589727 2.759727 5.174102
3.926300 2.332773 2.589883 2.759727 5.174258
3.926400 2.332773 2.590039 2.759648 5.174336
3.926500 2.332773 2.590273 2.759570 5.174414
3.926600 2.332773 2.590430 2.759492 5.174570
3.926700 2.332773 2.590586 2.759414 5.174648
3.926800 2.332773 2.590742 2.759336 5.174727
3.926900 2.332773 2.590898 2.759258 5.174883
3.927000 2.332773 2.591055 2.759180 5.174961
3.927100 2.332852 2.591211 2.759102 5.175117
3.927200 2.332852 2.591445 2.759023 5.175195
3.927300 2.332852 2.591602 2.758945 5.175273
3.927400 2.332852 2.591758 2.758867 5.175430
3.927500 2.332852 2.591914 2.758789 5.175508
3.927600 2.332852 2.592070 2.758711 5.175586
3.927700 2.332852 2.592227 2.758633 5.175742
3.927800 2.332852 2.592461 2.758555 5.175820
3.927900 2.332852 2.592617 2.758477 5.175898
3.928000 2.332930 2.592773 2.758398 5.176055
3.928100 2.332930 2.592930 2.758320 5.176133
3.928200 2.332930 2.593086 2.758242 5.176289
3.928300 2.332930 2.593242 2.758164 5.176367
3.928400 2.332930 2.593477 2.758086 5.176445
3.928500 2.332930 2.593633 2.758008 5.176602
3.928600 2.332930 2.593789 2.757930 5.176680
3.928700 2.332930 2.593945 2.757773 5.176758
3.928800 2.333008 2.594102 2.757695 5.176914
3.928900 2.333008 2.594336 2.757617 5.176992
3.929000 2.333008 2.594492 2.757539 5.177070
3.929100 2.333008 2.594648 2.757461 5.177227
3.929200 2.333008 2.594805 2.757383 5.177305
3.929300 2.333008 2.594961 2.757305 5.177461
3.929400 2.333008 2.595195 2.757227 5.177539
3.929500 2.333008 2.595352 2.757148 5.177617
3.929600 2.333086 2.595508 2.757070 5.177773
3.929700 2.333086 2.595664 2.756992 5.177852
3.929800 2.333086 2.595820 2.756914 5.177930
3.929900 2.333086 2.596055 2.756836 5.178086
3.930000 2.333086 2.596211 2.756758 5.178164
3.930100 2.333086 2.596367 2.756680 5.178242
3.930200 2.333086 2.596523 2.756602 5.178398
3.930300 2.333164 2.596758 2.756523 5.178477
3.930400 2.333164 2.596914 2.756445 5.178633
3.930500 2.333164 2.597070 2.756289 5.178711
3.930600 2.333164 2.597227 2.756211 5.178789
3.930700 2.333164 2.597461 2.756133 5.178945
3.930800 2.333164 2.597617 2.756055 5.179023
3.930900 2.333164 2.597773 2.755977 5.179102
3.931000 2.333164 2.597930 2.755898 5.179258
3.931100 2.333242 2.598164 2.755820 5.179336
3.931200 2.333242 2.598320 2.755742 5.179414
3.931300 2.333242 2.598477 2.755664 5.179570
3.931400 2.333242 2.598633 2.755586 5.179648
3.931500 2.333242 2.598867 2.755430 5.179805
3.931600 2.333242 2.599023 2.755352 5.179883
3.931700 2.333242 2.599180 2.755273 5.179961
3.931800 2.333320 2.599414 2.755195 5.180117
3.931900 2.333320 2.599570 2.755117 5.180195
3.932000 2.333320 2.599727 2.755039 5.180273
3.932100 2.333320 2.599883 2.754961 5.180430
3.932200 2.333320 2.600117 2.754883 5.180508
3.932300 2.333320 2.600273 2.754727 5.180586
3.932400 2.333320 2.600430 2.754648 5.180742
3.932500 2.333398 2.600664 2.754570 5.180820
3.932600 2.333398 2.600820 2.754492 5.180898
3.932700 2.333398 2.600977 2.754414 5.181055
3.932800 2.333398 2.601211 2.754336 5.181133
3.932900 2.333398 2.601367 2.754258 5.181289
3.933000 2.333398 2.601523 2.754102 5.181367
3.933100 2.333398 2.601758 2.754023 5.181445
3.933200 2.333398 2.601914 2.753945 5.181602
3.933300 2.333477 2.602070 2.753867 5.181680
3.933400 2.333477 2.602305 2.753789 5.181758
3.933500 2.333477 2.602461 2.753711 5.181914
3.933600 2.333477 2.602617 2.753555 5.181992
3.933700 2.333477 2.602852 2.753477 5.182070
3.933800 2.333477 2.603008 2.753398 5.182227
3.933900 2.333477 2.603164 2.753320 5.182305
3.934000 2.333555 2.603398 2.753242 5.182461
3.934100 2.333555 2.603555 2.753086 5.182539
3.934200 2.333555 2.603711 2.753008 5.182617
3.934300 2.333555 2.603945 2.752930 5.182773
3.934400 2.333555 2.604102 2.752852 5.182852
3.934500 2.333555 2.604336 2.752773 5.182930
3.934600 2.333633 2.604492 2.752617 5.183086
3.934700 2.333633 2.604648 2.752539 5.183164
3.934800 2.333633 2.604883 2.752461 5.183242
3.934900 2.333633 2.605039 2.752383 5.183398
3.935000 2.333633 2.605273 2.752305 5.183477
3.935100 2.333633 2.605430 2.752148 5.183633
3.935200 2.333633 2.605586 2.752070 5.183711
3.935300 2.333711 2.605820 2.751992 5.183789
3.935400 2.333711 2.605977 2.751914 5.183945
3.935500 2.333711 2.606211 2.751758 5.184023
3.935600 2.333711 2.606367 2.751680 5.184102
3.935700 2.333711 2.606523 2.751602 5.184258
3.935800 2.333711 2.606758 2.751523 5.184336
3.935900 2.333711 2.606914 2.751367 5.184414
3.936000 2.333789 2.607148 2.751289 5.184570
3.936100 2.333789 2.607305 2.751211 5.184648
3.936200 2.333789 2.607539 2.751133 5.184805
3.936300 2.333789 2.607695 2.750977 5.184883
3.936400 2.333789 2.607930 2.750898 5.184961
3.936500 2.333789 2.608086 2.750820 5.185117
3.936600 2.333867 2.608242 2.750664 5.185195
3.936700 2.333867 2.608477 2.750586 5.185273
3.936800 2.333867 2.608633 2.750508 5.185430
3.936900 2.333867 2.608867 2.750352 5.185508
3.937000 2.333867 2.609023 2.750273 5.185586
3.937100 2.333867 2.609258 2.750195 5.185742
3.937200 2.333867 2.609414 2.750117 5.185820
3.937300 2.333945 2.609648 2.749961 5.185977
3.937400 2.333945 2.609805 2.749883 5.186055
3.937500 2.333945 2.610039 2.749805 5.186133
3.937600 2.333945 2.610195 2.749648 5.186289
3.937700 2.333945 2.610430 2.749570 5.186367
3.937800 2.333945 2.610586 2.749492 5.186445
3.937900 2.334023 2.610820 2.749336 5.186602
3.938000 2.334023 2.610977 2.749258 5.186680
3.938100 2.334023 2.611211 2.749180 5.186758
3.938200 2.334023 2.611367 2.749023 5.186914
3.938300 2.334023 2.611602 2.748945 5.186992
3.938400 2.334023 2.611836 2.748789 5.187148
3.938500 2.334023 2.611992 2.748711 5.187227
3.938600 2.334102 2.612227 2.748633 5.187305
3.938700 2.334102 2.612383 2.748477 5.187461
3.938800 2.334102 2.612617 2.748398 5.187539
3.938900 2.334102 2.612773 2.748320 5.187617
3.939000 2.334102 2.613008 2.748164 5.187773
3.939100 2.334102 2.613242 2.748086 5.187852
3.939200 2.334180 2.613398 2.747930 5.187930
3.939300 2.334180 2.613633 2.747852 5.188086
3.939400 2.334180 2.613789 2.747695 5.188164
3.939500 2.334180 2.614023 2.747617 5.188320
3.939600 2.334180 2.614258 2.747539 5.188398
3.939700 2.334180 2.614414 2.747383 5.188477
3.939800 2.334258 2.614648 2.747305 5.188633
3.939900 2.334258 2.614805 2.747148 5.188711
3.940000 2.334258 2.615039 2.747070 5.188789
3.940100 2.334258 2.615273 2.746914 5.188945
3.940200 2.334258 2.615430 2.746836 5.189023
3.940300 2.334258 2.615664 2.746758 5.189102
3.940400 2.334336 2.615898 2.746602 5.189258
3.940500 2.334336 2.616055 2.746523 5.189336
3.940600 2.334336 2.616289 2.746367 5.189492
3.940700 2.334336 2.616523 2.746289 5.189570
3.940800 2.334336 2.616680 2.746133 5.189648
3.940900 2.334336 2.616914 2.746055 5.189805
3.941000 2.334414 2.617148 2.745898 5.189883
3.941100 2.334414 2.617305 2.745820 5.189961
3.941200 2.334414 2.617539 2.745664 5.190117
3.941300 2.334414 2.617773 2.745586 5.190195
3.941400 2.334414 2.617930 2.745430 5.190273
3.941500 2.334414 2.618164 2.745352 5.190430
3.941600 2.334492 2.618398 2.745195 5.190508
3.941700 2.334492 2.618555 2.745039 5.190664
3.941800 2.334492 2.618789 2.744961 5.190742
3.941900 2.334492 2.619023 2.744805 5.190820
3.942000 2.334492 2.619258 2.744727 5.190977
3.942100 2.334492 2.619414 2.744570 5.191055
3.942200 2.334570 2.619648 2.744492 5.191133
3.942300 2.334570 2.619883 2.744336 5.191289
3.942400 2.334570 2.620117 2.744258 5.191367
3.942500 2.334570 2.620273 2.744102 5.191445
3.942600 2.334570 2.620508 2.743945 5.191602
3.942700 2.334570 2.620742 2.743867 5.191680
3.942800 2.334648 2.620977 2.743711 5.191836
3.942900 2.334648 2.621211 2.743633 5.191914
3.943000 2.334648 2.621367 2.743477 5.191992
3.943100 2.334648 2.621602 2.743320 5.192148
3.943200 2.334648 2.621836 2.743242 5.192227
3.943300 2.334727 2.622070 2.743086 5.192305
3.943400 2.334727 2.622305 2.742930 5.192461
3.943500 2.334727 2.622539 2.742852 5.192539
3.943600 2.334727 2.622695 2.742695 5.192617
3.943700 2.334727 2.622930 2.742539 5.192773
3.943800 2.334727 2.623164 2.742461 5.192852
3.943900 2.334805 2.623398 2.742305 5.193008
3.944000 2.334805 2.623633 2.742148 5.193086
3.944100 2.334805 2.623867 2.742070 5.193164
3.944200 2.334805 2.624102 2.741914 5.193320
3.944300 2.334805 2.624258 2.741758 5.193398
3.944400 2.334805 2.624492 2.741680 5.193477
3.944500 2.334883 2.624727 2.741523 5.193633
3.944600 2.334883 2.624961 2.741367 5.193711
3.944700 2.334883 2.625195 2.741211 5.193789
3.944800 2.334883 2.625430 2.741133 5.193945
3.944900 2.334883 2.625664 2.740977 5.194023
3.945000 2.334961 2.625898 2.740820 5.194180
3.945100 2.334961 2.626133 2.740664 5.194258
3.945200 2.334961 2.626367 2.740586 5.194336
3.945300 2.334961 2.626602 2.740430 5.194492
3.945400 2.334961 2.626836 2.740273 5.194570
3.945500 2.334961 2.627070 2.740117 5.194648
3.945600 2.335039 2.627305 2.739961 5.194805
3.945700 2.335039 2.627539 2.739883 5.194883
3.945800 2.335039 2.627773 2.739727 5.194961
3.945900 2.335039 2.628008 2.739570 5.195117
3.946000 2.335039 2.628242 2.739414 5.195195
3.946100 2.335117 2.628477 2.739258 5.195352
3.946200 2.335117 2.628711 2.739102 5.195430
3.946300 2.335117 2.628945 2.738945 5.195508
3.946400 2.335117 2.629180 2.738867 5.195664
3.946500 2.335117 2.629414 2.738711 5.195742
3.946600 2.335195 2.629648 2.738555 5.195820
3.946700 2.335195 2.629883 2.738398 5.195977
3.946800 2.335195 2.630117 2.738242 5.196055
3.946900 2.335195 2.630430 2.738086 5.196133
3.947000 2.335195 2.630664 2.737930 5.196289
3.947100 2.335195 2.630898 2.737773 5.196367
3.947200 2.335273 2.631133 2.737617 5.196523
3.947300 2.335273 2.631367 2.737461 5.196602
3.947400 2.335273 2.631602 2.737305 5.196680
3.947500 2.335273 2.631836 2.737148 5.196836
3.947600 2.335273 2.632148 2.736992 5.196914
3.947700 2.335352 2.632383 2.736836 5.196992
3.947800 2.335352 2.632617 2.736680 5.197148
3.947900 2.335352 2.632852 2.736523 5.197227
3.948000 2.335352 2.633164 2.736367 5.197305
3.948100 2.335352 2.633398 2.736211 5.197461
3.948200 2.335430 2.633633 2.736055 5.197539
3.948300 2.335430 2.633867 2.735898 5.197695
3.948400 2.335430 2.634180 2.735742 5.197773
3.948500 2.335430 2.634414 2.735586 5.197852
3.948600 2.335430 2.634648 2.735430 5.198008
3.948700 2.335430 2.634883 2.735273 5.198086
3.948800 2.335508 2.635195 2.735117 5.198164
3.948900 2.335508 2.635430 2.734883 5.198320
3.949000 2.335508 2.635664 2.734727 5.198398
3.949100 2.335508 2.635977 2.734570 5.198477
3.949200 2.335508 2.636211 2.734414 5.198633
3.949300 2.335586 2.636523 2.734258 5.198711
3.949400 2.335586 2.636758 2.734102 5.198867
3.949500 2.335586 2.636992 2.733867 5.198945
3.949600 2.335586 2.637305 2.733711 5.199023
3.949700 2.335586 2.637539 2.733555 5.199180
3.949800 2.335664 2.637852 2.733398 5.199258
3.949900 2.335664 2.638086 2.733164 5.199336
3.950000 2.335664 2.638398 2.733008 5.199492
3.950100 2.335664 2.638633 2.732852 5.199570
3.950200 2.335664 2.638945 2.732695 5.199648
3.950300 2.335742 2.639180 2.732461 5.199805
3.950400 2.335742 2.639492 2.732305 5.199883
3.950500 2.335742 2.639727 2.732070 5.200039
3.950600 2.335742 2.640039 2.731914 5.200117
3.950700 2.335742 2.640273 2.731758 5.200195
3.950800 2.335820 2.640586 2.731523 5.200352
3.950900 2.335820 2.640898 2.731367 5.200430
3.951000 2.335820 2.641133 2.731211 5.200508
3.951100 2.335820 2.641445 2.730977 5.200664
3.951200 2.335820 2.641680 2.730820 5.200742
3.951300 2.335898 2.641992 2.730586 5.200820
3.951400 2.335898 2.642305 2.730430 5.200977
3.951500 2.335898 2.642617 2.730195 5.201055
3.951600 2.335898 2.642852 2.730039 5.201211
3.951700 2.335898 2.643164 2.729805 5.201289
3.951800 2.335977 2.643477 2.729570 5.201367
3.951900 2.335977 2.643789 2.729414 5.201523
3.952000 2.335977 2.644023 2.729180 5.201602
3.952100 2.335977 2.644336 2.729023 5.201680
3.952200 2.335977 2.644648 2.728789 5.201836
3.952300 2.336055 2.644961 2.728555 5.201914
3.952400 2.336055 2.645273 2.728398 5.201992
3.952500 2.336055 2.645586 2.728164 5.202148
3.952600 2.336055 2.645898 2.727930 5.202227
3.952700 2.336055 2.646211 2.727695 5.202383
3.952800 2.336133 2.646523 2.727539 5.202461
3.952900 2.336133 2.646758 2.727305 5.202539
3.953000 2.336133 2.647148 2.727070 5.202695
3.953100 2.336133 2.647461 2.726836 5.202773
3.953200 2.336133 2.647773 2.726602 5.202852
3.953300 2.336211 2.648086 2.726445 5.203008
3.953400 2.336211 2.648398 2.726211 5.203086
3.953500 2.336211 2.648711 2.725977 5.203164
3.953600 2.336211 2.649023 2.725742 5.203320
3.953700 2.336211 2.649336 2.725508 5.203398
3.953800 2.336289 2.649727 2.725273 5.203555
3.953900 2.336289 2.650039 2.725039 5.203633
3.954000 2.336289 2.650352 2.724805 5.203711
3.954100 2.336289 2.650664 2.724492 5.203867
3.954200 2.336289 2.651055 2.724258 5.203945
3.954300 2.336367 2.651367 2.724023 5.204023
3.954400 2.336367 2.651680 2.723789 5.204180
3.954500 2.336367 2.652070 2.723555 5.204258
3.954600 2.336367 2.652383 2.723320 5.204414
3.954700 2.336445 2.652773 2.723008 5.204492
3.954800 2.336445 2.653086 2.722773 5.204570
3.954900 2.336445 2.653477 2.722539 5.204727
3.955000 2.336445 2.653867 2.722227 5.204805
3.955100 2.336445 2.654180 2.721992 5.204883
3.955200 2.336523 2.654570 2.721680 5.205039
3.955300 2.336523 2.654961 2.721445 5.205117
3.955400 2.336523 2.655273 2.721133 5.205195
3.955500 2.336523 2.655664 2.720898 5.205352
3.955600 2.336523 2.656055 2.720586 5.205430
3.955700 2.336602 2.656445 2.720273 5.205586
3.955800 2.336602 2.656836 2.720039 5.205664
3.955900 2.336602 2.657227 2.719727 5.205742
3.956000 2.336602 2.657617 2.719414 5.205898
3.956100 2.336602 2.658008 2.719102 5.205977
3.956200 2.336680 2.658398 2.718789 5.206055
3.956300 2.336680 2.658789 2.718477 5.206211
3.956400 2.336680 2.659180 2.718164 5.206289
3.956500 2.336680 2.659648 2.717852 5.206367
3.956600 2.336758 2.660039 2.717539 5.206523
3.956700 2.336758 2.660430 2.717227 5.206602
3.956800 2.336758 2.660898 2.716836 5.206758
3.956900 2.336758 2.661367 2.716523 5.206836
3.957000 2.336758 2.661758 2.716211 5.206914
3.957100 2.336836 2.662227 2.715820 5.207070
3.957200 2.336836 2.662695 2.715508 5.207148
3.957300 2.336836 2.663086 2.715117 5.207227
3.957400 2.336836 2.663555 2.714727 5.207383
3.957500 2.336914 2.664023 2.714336 5.207461
3.957600 2.336914 2.664570 2.713945 5.207539
3.957700 2.336914 2.665039 2.713555 5.207695
3.957800 2.336914 2.665508 2.713164 5.207773
3.957900 2.336914 2.666055 2.712773 5.207930
3.958000 2.336992 2.666523 2.712383 5.208008
3.958100 2.336992 2.667070 2.711914 5.208086
3.958200 2.336992 2.667617 2.711523 5.208242
3.958300 2.336992 2.668164 2.711055 5.208320
3.958400 2.336992 2.668711 2.710586 5.208398
3.958500 2.337070 2.669258 2.710117 5.208555
3.958600 2.337070 2.669805 2.709648 5.208633
3.958700 2.337070 2.670430 2.709102 5.208711
3.958800 2.337070 2.671055 2.708555 5.208867
3.958900 2.337148 2.671680 2.708086 5.208945
3.959000 2.337148 2.672305 2.707461 5.209102
3.959100 2.337148 2.673008 2.706914 5.209180
3.959200 2.337148 2.673711 2.706289 5.209258
3.959300 2.337148 2.674414 2.705664 5.209414
3.959400 2.337227 2.675195 2.705039 5.209492
3.959500 2.337227 2.675977 2.704336 5.209570
3.959600 2.337227 2.676758 2.703633 5.209727
3.959700 2.337227 2.677695 2.702852 5.209805
3.959800 2.337305 2.678633 2.701992 5.209883
3.959900 2.337305 2.679648 2.701055 5.210039
3.960000 2.337305 2.680742 2.700039 5.210117
3.960100 2.337305 2.681992 2.698867 5.210273
3.960200 2.337305 2.683398 2.697539 5.210352
3.960300 2.337383 2.685195 2.695898 5.210430
3.960400 2.337383 2.687930 2.693164 5.210586
