3.817700 1.510508 1.765664 2.388164 2.396055 2.794570 5.059102
3.817800 1.510664 1.765664 2.386523 2.397852 2.794570 5.059180
3.817900 1.510742 1.765586 2.385273 2.399258 2.794570 5.059258
3.818000 1.510820 1.765586 2.384258 2.400352 2.794570 5.059414
3.818100 1.510977 1.765586 2.383320 2.401445 2.794570 5.059492
3.818200 1.511055 1.765586 2.382539 2.402383 2.794492 5.059648
3.818300 1.511133 1.765586 2.381836 2.403242 2.794492 5.059727
3.818400 1.511211 1.765508 2.381133 2.404023 2.794492 5.059805
3.818500 1.511367 1.765508 2.380508 2.404805 2.794492 5.059961
3.818600 1.511445 1.765508 2.379883 2.405508 2.794492 5.060039
3.818700 1.511523 1.765508 2.379336 2.406211 2.794492 5.060117
3.818800 1.511680 1.765508 2.378789 2.406836 2.794492 5.060273
3.818900 1.511758 1.765430 2.378242 2.407461 2.794414 5.060352
3.819000 1.511836 1.765430 2.377773 2.408086 2.794414 5.060430
3.819100 1.511914 1.765430 2.377305 2.408711 2.794414 5.060586
3.819200 1.512070 1.765430 2.376836 2.409258 2.794414 5.060664
3.819300 1.512148 1.765430 2.376445 2.409883 2.794414 5.060742
3.819400 1.512227 1.765352 2.375977 2.410430 2.794414 5.060898
3.819500 1.512383 1.765352 2.375586 2.410898 2.794414 5.060977
3.819600 1.512461 1.765352 2.375195 2.411445 2.794336 5.061055
3.819700 1.512539 1.765352 2.374805 2.411992 2.794336 5.061211
3.819800 1.512695 1.765352 2.374414 2.412461 2.794336 5.061289
3.819900 1.512773 1.765273 2.374102 2.412930 2.794336 5.061445
3.820000 1.512852 1.765273 2.373711 2.413477 2.794336 5.061523
3.820100 1.512930 1.765273 2.373398 2.413945 2.794336 5.061602
3.820200 1.513086 1.765273 2.373008 2.414414 2.794336 5.061758
3.820300 1.513164 1.765273 2.372695 2.414805 2.794258 5.061836
3.820400 1.513242 1.765195 2.372383 2.415273 2.794258 5.061914
3.820500 1.513398 1.765195 2.372070 2.415742 2.794258 5.062070
3.820600 1.513477 1.765195 2.371758 2.416133 2.794258 5.062148
3.820700 1.513555 1.765195 2.371445 2.416602 2.794258 5.062227
3.820800 1.513711 1.765195 2.371133 2.416992 2.794258 5.062383
3.820900 1.513789 1.765117 2.370898 2.417461 2.794258 5.062461
3.821000 1.513867 1.765117 2.370586 2.417852 2.794180 5.062539
3.821100 1.514023 1.765117 2.370273 2.418242 2.794180 5.062695
3.821200 1.514102 1.765117 2.370039 2.418633 2.794180 5.062773
3.821300 1.514180 1.765039 2.369727 2.419023 2.794180 5.062852
3.821400 1.514258 1.765039 2.369492 2.419414 2.794180 5.063008
3.821500 1.514414 1.765039 2.369258 2.419805 2.794180 5.063086
3.821600 1.514492 1.765039 2.368945 2.420195 2.794180 5.063164
3.821700 1.514570 1.765039 2.368711 2.420586 2.794102 5.063320
3.821800 1.514727 1.764961 2.368477 2.420977 2.794102 5.063398
3.821900 1.514805 1.764961 2.368242 2.421367 2.794102 5.063555
3.822000 1.514883 1.764961 2.368008 2.421758 2.794102 5.063633
3.822100 1.515039 1.764961 2.367695 2.422070 2.794102 5.063711
3.822200 1.515117 1.764961 2.367461 2.422461 2.794102 5.063867
3.822300 1.515195 1.764883 2.367227 2.422773 2.794102 5.063945
3.822400 1.515352 1.764883 2.367070 2.423164 2.794023 5.064023
3.822500 1.515430 1.764883 2.366836 2.423477 2.794023 5.064180
3.822600 1.515508 1.764883 2.366602 2.423867 2.794023 5.064258
3.822700 1.515586 1.764883 2.366367 2.424180 2.794023 5.064336
3.822800 1.515742 1.764805 2.366133 2.424570 2.794023 5.064492
3.822900 1.515820 1.764805 2.365898 2.424883 2.794023 5.064570
3.823000 1.515898 1.764805 2.365742 2.425273 2.793945 5.064648
3.823100 1.516055 1.764805 2.365508 2.425586 2.793945 5.064805
3.823200 1.516133 1.764727 2.365273 2.425898 2.793945 5.064883
3.823300 1.516211 1.764727 2.365117 2.426211 2.793945 5.064961
3.823400 1.516367 1.764727 2.364883 2.426602 2.793945 5.065117
3.823500 1.516445 1.764727 2.364727 2.426914 2.793945 5.065195
3.823600 1.516523 1.764727 2.364492 2.427227 2.793945 5.065352
3.823700 1.516680 1.764648 2.364336 2.427539 2.793867 5.065430
3.823800 1.516758 1.764648 2.364102 2.427852 2.793867 5.065508
3.823900 1.516836 1.764648 2.363945 2.428164 2.793867 5.065664
3.824000 1.516992 1.764648 2.363711 2.428477 2.793867 5.065742
3.824100 1.517070 1.764570 2.363555 2.428789 2.793867 5.065820
3.824200 1.517148 1.764570 2.363320 2.429102 2.793867 5.065977
3.824300 1.517305 1.764570 2.363164 2.429414 2.793789 5.066055
3.824400 1.517383 1.764570 2.363008 2.429727 2.793789 5.066133
3.824500 1.517461 1.764570 2.362773 2.430039 2.793789 5.066289
3.824600 1.517539 1.764492 2.362617 2.430352 2.793789 5.066367
3.824700 1.517695 1.764492 2.362461 2.430664 2.793789 5.066445
3.824800 1.517773 1.764492 2.362305 2.430977 2.793789 5.066602
3.824900 1.517852 1.764492 2.362070 2.431211 2.793789 5.066680
3.825000 1.518008 1.764414 2.361914 2.431523 2.793711 5.066758
3.825100 1.518086 1.764414 2.361758 2.431836 2.793711 5.066914
3.825200 1.518164 1.764414 2.361602 2.432148 2.793711 5.066992
3.825300 1.518320 1.764414 2.361445 2.432461 2.793711 5.067148
3.825400 1.518398 1.764414 2.361289 2.432695 2.793711 5.067227
3.825500 1.518477 1.764336 2.361133 2.433008 2.793711 5.067305
3.825600 1.518633 1.764336 2.360977 2.433320 2.793633 5.067461
3.825700 1.518711 1.764336 2.360742 2.433555 2.793633 5.067539
3.825800 1.518789 1.764336 2.360586 2.433867 2.793633 5.067617
3.825900 1.518945 1.764258 2.360430 2.434180 2.793633 5.067773
3.826000 1.519023 1.764258 2.360273 2.434414 2.793633 5.067852
3.826100 1.519102 1.764258 2.360117 2.434727 2.793633 5.067930
3.826200 1.519258 1.764258 2.359961 2.434961 2.793555 5.068086
3.826300 1.519336 1.764258 2.359883 2.435273 2.793555 5.068164
3.826400 1.519414 1.764180 2.359727 2.435586 2.793555 5.068242
3.826500 1.519570 1.764180 2.359570 2.435820 2.793555 5.068398
3.826600 1.519648 1.764180 2.359414 2.436133 2.793555 5.068477
3.826700 1.519727 1.764180 2.359258 2.436367 2.793555 5.068555
3.826800 1.519883 1.764102 2.359102 2.436680 2.793477 5.068711
3.826900 1.519961 1.764102 2.358945 2.436914 2.793477 5.068789
3.827000 1.520039 1.764102 2.358789 2.437148 2.793477 5.068945
3.827100 1.520195 1.764102 2.358633 2.437461 2.793477 5.069023
3.827200 1.520273 1.764023 2.358555 2.437695 2.793477 5.069102
3.827300 1.520352 1.764023 2.358398 2.438008 2.793477 5.069258
3.827400 1.520508 1.764023 2.358242 2.438242 2.793398 5.069336
3.827500 1.520586 1.764023 2.358086 2.438555 2.793398 5.069414
3.827600 1.520664 1.764023 2.358008 2.438789 2.793398 5.069570
3.827700 1.520820 1.763945 2.357852 2.439023 2.793398 5.069648
3.827800 1.520898 1.763945 2.357695 2.439336 2.793398 5.069727
3.827900 1.520977 1.763945 2.357539 2.439570 2.793398 5.069883
3.828000 1.521133 1.763945 2.357461 2.439805 2.793320 5.069961
3.828100 1.521211 1.763867 2.357305 2.440117 2.793320 5.070039
3.828200 1.521289 1.763867 2.357148 2.440352 2.793320 5.070195
3.828300 1.521445 1.763867 2.357070 2.440586 2.793320 5.070273
3.828400 1.521523 1.763867 2.356914 2.440820 2.793320 5.070352
3.828500 1.521602 1.763789 2.356758 2.441133 2.793320 5.070508
3.828600 1.521758 1.763789 2.356680 2.441367 2.793242 5.070586
3.828700 1.521836 1.763789 2.356523 2.441602 2.793242 5.070742
3.828800 1.521914 1.763789 2.356367 2.441836 2.793242 5.070820
3.828900 1.522070 1.763711 2.356289 2.442148 2.793242 5.070898
3.829000 1.522148 1.763711 2.356133 2.442383 2.793242 5.071055
3.829100 1.522227 1.763711 2.356055 2.442617 2.793242 5.071133
3.829200 1.522383 1.763711 2.355898 2.442852 2.793164 5.071211
3.829300 1.522461 1.763711 2.355742 2.443086 2.793164 5.071367
3.829400 1.522539 1.763633 2.355664 2.443320 2.793164 5.071445
3.829500 1.522695 1.763633 2.355508 2.443633 2.793164 5.071523
3.829600 1.522773 1.763633 2.355430 2.443867 2.793164 5.071680
3.829700 1.522852 1.763633 2.355273 2.444102 2.793164 5.071758
3.829800 1.523008 1.763555 2.355195 2.444336 2.793086 5.071836
3.829900 1.523086 1.763555 2.355039 2.444570 2.793086 5.071992
3.830000 1.523164 1.763555 2.354961 2.444805 2.793086 5.072070
3.830100 1.523320 1.763555 2.354805 2.445039 2.793086 5.072148
3.830200 1.523398 1.763477 2.354727 2.445273 2.793086 5.072305
3.830300 1.523477 1.763477 2.354570 2.445508 2.793086 5.072383
3.830400 1.523633 1.763477 2.354492 2.445742 2.793008 5.072539
3.830500 1.523711 1.763477 2.354336 2.446055 2.793008 5.072617
3.830600 1.523789 1.763398 2.354258 2.446289 2.793008 5.072695
3.830700 1.523945 1.763398 2.354180 2.446523 2.793008 5.072852
3.830800 1.524023 1.763398 2.354023 2.446758 2.793008 5.072930
3.830900 1.524102 1.763398 2.353945 2.446992 2.792930 5.073008
3.831000 1.524258 1.763320 2.353789 2.447227 2.792930 5.073164
3.831100 1.524336 1.763320 2.353711 2.447461 2.792930 5.073242
3.831200 1.524414 1.763320 2.353633 2.447695 2.792930 5.073320
3.831300 1.524570 1.763320 2.353477 2.447930 2.792930 5.073477
3.831400 1.524648 1.763242 2.353398 2.448164 2.792930 5.073555
3.831500 1.524805 1.763242 2.353320 2.448398 2.792852 5.073633
3.831600 1.524883 1.763242 2.353164 2.448555 2.792852 5.073789
3.831700 1.524961 1.763242 2.353086 2.448789 2.792852 5.073867
3.831800 1.525117 1.763164 2.353008 2.449023 2.792852 5.074023
3.831900 1.525195 1.763164 2.352852 2.449258 2.792852 5.074102
3.832000 1.525273 1.763164 2.352773 2.449492 2.792852 5.074180
3.832100 1.525430 1.763164 2.352695 2.449727 2.792773 5.074336
3.832200 1.525508 1.763086 2.352539 2.449961 2.792773 5.074414
3.832300 1.525586 1.763086 2.352461 2.450195 2.792773 5.074492
3.832400 1.525742 1.763086 2.352383 2.450430 2.792773 5.074648
3.832500 1.525820 1.763086 2.352227 2.450664 2.792773 5.074727
3.832600 1.525898 1.763008 2.352148 2.450898 2.792695 5.074805
3.832700 1.526055 1.763008 2.352070 2.451055 2.792695 5.074961
3.832800 1.526133 1.763008 2.351992 2.451289 2.792695 5.075039
3.832900 1.526211 1.763008 2.351836 2.451523 2.792695 5.075117
3.833000 1.526367 1.762930 2.351758 2.451758 2.792695 5.075273
3.833100 1.526445 1.762930 2.351680 2.451992 2.792695 5.075352
3.833200 1.526602 1.762930 2.351602 2.452227 2.792617 5.075430
3.833300 1.526680 1.762930 2.351445 2.452461 2.792617 5.075586
3.833400 1.526758 1.762852 2.351367 2.452617 2.792617 5.075664
3.833500 1.526914 1.762852 2.351289 2.452852 2.792617 5.075820
3.833600 1.526992 1.762852 2.351211 2.453086 2.792617 5.075898
3.833700 1.527070 1.762852 2.351133 2.453320 2.792539 5.075977
3.833800 1.527227 1.762773 2.350977 2.453555 2.792539 5.076133
3.833900 1.527305 1.762773 2.350898 2.453711 2.792539 5.076211
3.834000 1.527383 1.762773 2.350820 2.453945 2.792539 5.076289
3.834100 1.527539 1.762695 2.350742 2.454180 2.792539 5.076445
3.834200 1.527617 1.762695 2.350664 2.454414 2.792461 5.076523
3.834300 1.527773 1.762695 2.350586 2.454570 2.792461 5.076602
3.834400 1.527852 1.762695 2.350430 2.454805 2.792461 5.076758
3.834500 1.527930 1.762617 2.350352 2.455039 2.792461 5.076836
3.834600 1.528086 1.762617 2.350273 2.455273 2.792461 5.076914
3.834700 1.528164 1.762617 2.350195 2.455430 2.792461 5.077070
3.834800 1.528242 1.762617 2.350117 2.455664 2.792383 5.077148
3.834900 1.528398 1.762539 2.350039 2.455898 2.792383 5.077227
3.835000 1.528477 1.762539 2.349961 2.456133 2.792383 5.077383
3.835100 1.528555 1.762539 2.349805 2.456289 2.792383 5.077461
3.835200 1.528711 1.762539 2.349727 2.456523 2.792383 5.077617
3.835300 1.528789 1.762461 2.349648 2.456758 2.792305 5.077695
3.835400 1.528945 1.762461 2.349570 2.456914 2.792305 5.077773
3.835500 1.529023 1.762461 2.349492 2.457148 2.792305 5.077930
3.835600 1.529102 1.762461 2.349414 2.457383 2.792305 5.078008
3.835700 1.529258 1.762383 2.349336 2.457539 2.792305 5.078086
3.835800 1.529336 1.762383 2.349258 2.457773 2.792227 5.078242
3.835900 1.529414 1.762383 2.349180 2.458008 2.792227 5.078320
3.836000 1.529570 1.762305 2.349102 2.458164 2.792227 5.078398
3.836100 1.529648 1.762305 2.349023 2.458398 2.792227 5.078555
3.836200 1.529727 1.762305 2.348945 2.458633 2.792227 5.078633
3.836300 1.529883 1.762305 2.348867 2.458789 2.792148 5.078711
3.836400 1.529961 1.762227 2.348789 2.459023 2.792148 5.078867
3.836500 1.530117 1.762227 2.348633 2.459258 2.792148 5.078945
3.836600 1.530195 1.762227 2.348555 2.459414 2.792148 5.079023
3.836700 1.530273 1.762227 2.348477 2.459648 2.792148 5.079180
3.836800 1.530430 1.762148 2.348398 2.459883 2.792070 5.079258
3.836900 1.530508 1.762148 2.348320 2.460039 2.792070 5.079414
3.837000 1.530586 1.762148 2.348242 2.460273 2.792070 5.079492
3.837100 1.530742 1.762070 2.348164 2.460430 2.792070 5.079570
3.837200 1.530820 1.762070 2.348086 2.460664 2.792070 5.079727
3.837300 1.530977 1.762070 2.348008 2.460898 2.791992 5.079805
3.837400 1.531055 1.762070 2.347930 2.461055 2.791992 5.079883
3.837500 1.531133 1.761992 2.347852 2.461289 2.791992 5.080039
3.837600 1.531289 1.761992 2.347773 2.461445 2.791992 5.080117
3.837700 1.531367 1.761992 2.347695 2.461680 2.791992 5.080195
3.837800 1.531523 1.761992 2.347617 2.461836 2.791914 5.080352
3.837900 1.531602 1.761914 2.347539 2.462070 2.791914 5.080430
3.838000 1.531680 1.761914 2.347539 2.462305 2.791914 5.080508
3.838100 1.531836 1.761914 2.347461 2.462461 2.791914 5.080664
3.838200 1.531914 1.761836 2.347383 2.462695 2.791914 5.080742
3.838300 1.531992 1.761836 2.347305 2.462852 2.791836 5.080898
3.838400 1.532148 1.761836 2.347227 2.463086 2.791836 5.080977
3.838500 1.532227 1.761836 2.347148 2.463242 2.791836 5.081055
3.838600 1.532383 1.761758 2.347070 2.463477 2.791836 5.081211
3.838700 1.532461 1.761758 2.346992 2.463633 2.791836 5.081289
3.838800 1.532539 1.761758 2.346914 2.463867 2.791758 5.081367
3.838900 1.532695 1.761680 2.346836 2.464023 2.791758 5.081523
3.839000 1.532773 1.761680 2.346758 2.464258 2.791758 5.081602
3.839100 1.532852 1.761680 2.346680 2.464414 2.791758 5.081680
3.839200 1.533008 1.761680 2.346602 2.464648 2.791758 5.081836
3.839300 1.533086 1.761602 2.346523 2.464805 2.791680 5.081914
3.839400 1.533242 1.761602 2.346523 2.465039 2.791680 5.081992
3.839500 1.533320 1.761602 2.346445 2.465195 2.791680 5.082148
3.839600 1.533398 1.761523 2.346367 2.465430 2.791680 5.082227
3.839700 1.533555 1.761523 2.346289 2.465586 2.791680 5.082305
3.839800 1.533633 1.761523 2.346211 2.465820 2.791602 5.082461
3.839900 1.533789 1.761523 2.346133 2.465977 2.791602 5.082539
3.840000 1.533867 1.761445 2.346055 2.466211 2.791602 5.082695
3.840100 1.533945 1.761445 2.345977 2.466367 2.791602 5.082773
3.840200 1.534102 1.761445 2.345898 2.466602 2.791602 5.082852
3.840300 1.534180 1.761367 2.345898 2.466758 2.791523 5.083008
3.840400 1.534336 1.761367 2.345820 2.466992 2.791523 5.083086
3.840500 1.534414 1.761367 2.345742 2.467148 2.791523 5.083164
3.840600 1.534492 1.761367 2.345664 2.467305 2.791523 5.083320
3.840700 1.534648 1.761289 2.345586 2.467539 2.791523 5.083398
3.840800 1.534727 1.761289 2.345508 2.467695 2.791445 5.083477
3.840900 1.534883 1.761289 2.345430 2.467930 2.791445 5.083633
3.841000 1.534961 1.761211 2.345430 2.468086 2.791445 5.083711
3.841100 1.535039 1.761211 2.345352 2.468320 2.791445 5.083789
3.841200 1.535195 1.761211 2.345273 2.468477 2.791367 5.083945
3.841300 1.535273 1.761133 2.345195 2.468633 2.791367 5.084023
3.841400 1.535430 1.761133 2.345117 2.468867 2.791367 5.084102
3.841500 1.535508 1.761133 2.345039 2.469023 2.791367 5.084258
3.841600 1.535586 1.761133 2.345039 2.469258 2.791367 5.084336
3.841700 1.535742 1.761055 2.344961 2.469414 2.791289 5.084492
3.841800 1.535820 1.761055 2.344883 2.469648 2.791289 5.084570
3.841900 1.535977 1.761055 2.344805 2.469805 2.791289 5.084648
3.842000 1.536055 1.760977 2.344727 2.469961 2.791289 5.084805
3.842100 1.536133 1.760977 2.344727 2.470195 2.791289 5.084883
3.842200 1.536289 1.760977 2.344648 2.470352 2.791211 5.084961
3.842300 1.536367 1.760898 2.344570 2.470508 2.791211 5.085117
3.842400 1.536523 1.760898 2.344492 2.470742 2.791211 5.085195
3.842500 1.536602 1.760898 2.344414 2.470898 2.791211 5.085273
3.842600 1.536680 1.760898 2.344414 2.471133 2.791133 5.085430
3.842700 1.536836 1.760820 2.344336 2.471289 2.791133 5.085508
3.842800 1.536914 1.760820 2.344258 2.471445 2.791133 5.085586
3.842900 1.537070 1.760820 2.344180 2.471680 2.791133 5.085742
3.843000 1.537148 1.760742 2.344180 2.471836 2.791133 5.085820
3.843100 1.537227 1.760742 2.344102 2.471992 2.791055 5.085977
3.843200 1.537383 1.760742 2.344023 2.472227 2.791055 5.086055
3.843300 1.537461 1.760664 2.343945 2.472383 2.791055 5.086133
3.843400 1.537617 1.760664 2.343945 2.472539 2.791055 5.086289
3.843500 1.537695 1.760664 2.343867 2.472773 2.790977 5.086367
3.843600 1.537773 1.760664 2.343789 2.472930 2.790977 5.086445
3.843700 1.537930 1.760586 2.343711 2.473086 2.790977 5.086602
3.843800 1.538008 1.760586 2.343711 2.473320 2.790977 5.086680
3.843900 1.538164 1.760586 2.343633 2.473477 2.790977 5.086758
3.844000 1.538242 1.760508 2.343555 2.473633 2.790898 5.086914
3.844100 1.538320 1.760508 2.343477 2.473867 2.790898 5.086992
3.844200 1.538477 1.760508 2.343477 2.474023 2.790898 5.087070
3.844300 1.538555 1.760430 2.343398 2.474180 2.790898 5.087227
3.844400 1.538711 1.760430 2.343320 2.474414 2.790820 5.087305
3.844500 1.538789 1.760430 2.343242 2.474570 2.790820 5.087383
3.844600 1.538945 1.760352 2.343242 2.474727 2.790820 5.087539
3.844700 1.539023 1.760352 2.343164 2.474961 2.790820 5.087617
3.844800 1.539102 1.760352 2.343086 2.475117 2.790820 5.087773
3.844900 1.539258 1.760273 2.343086 2.475273 2.790742 5.087852
3.845000 1.539336 1.760273 2.343008 2.475430 2.790742 5.087930
3.845100 1.539492 1.760273 2.342930 2.475664 2.790742 5.088086
3.845200 1.539570 1.760273 2.342852 2.475820 2.790742 5.088164
3.845300 1.539648 1.760195 2.342852 2.475977 2.790664 5.088242
3.845400 1.539805 1.760195 2.342773 2.476211 2.790664 5.088398
3.845500 1.539883 1.760195 2.342695 2.476367 2.790664 5.088477
3.845600 1.540039 1.760117 2.342695 2.476523 2.790664 5.088555
3.845700 1.540117 1.760117 2.342617 2.476680 2.790664 5.088711
3.845800 1.540273 1.760117 2.342539 2.476914 2.790586 5.088789
3.845900 1.540352 1.760039 2.342539 2.477070 2.790586 5.088867
3.846000 1.540430 1.760039 2.342461 2.477227 2.790586 5.089023
3.846100 1.540586 1.760039 2.342383 2.477383 2.790586 5.089102
3.846200 1.540664 1.759961 2.342383 2.477617 2.790508 5.089258
3.846300 1.540820 1.759961 2.342305 2.477773 2.790508 5.089336
3.846400 1.540898 1.759961 2.342227 2.477930 2.790508 5.089414
3.846500 1.541055 1.759883 2.342227 2.478086 2.790508 5.089570
3.846600 1.541133 1.759883 2.342148 2.478320 2.790430 5.089648
3.846700 1.541211 1.759883 2.342070 2.478477 2.790430 5.089727
3.846800 1.541367 1.759805 2.342070 2.478633 2.790430 5.089883
3.846900 1.541445 1.759805 2.341992 2.478789 2.790430 5.089961
3.847000 1.541602 1.759805 2.341914 2.479023 2.790430 5.090039
3.847100 1.541680 1.759727 2.341914 2.479180 2.790352 5.090195
3.847200 1.541836 1.759727 2.341836 2.479336 2.790352 5.090273
3.847300 1.541914 1.759727 2.341758 2.479492 2.790352 5.090352
3.847400 1.541992 1.759648 2.341758 2.479648 2.790352 5.090508
3.847500 1.542148 1.759648 2.341680 2.479883 2.790273 5.090586
3.847600 1.542227 1.759648 2.341680 2.480039 2.790273 5.090664
3.847700 1.542383 1.759570 2.341602 2.480195 2.790273 5.090820
3.847800 1.542461 1.759570 2.341523 2.480352 2.790273 5.090898
3.847900 1.542617 1.759570 2.341523 2.480586 2.790195 5.091055
3.848000 1.542695 1.759492 2.341445 2.480742 2.790195 5.091133
3.848100 1.542773 1.759492 2.341367 2.480898 2.790195 5.091211
3.848200 1.542930 1.759492 2.341367 2.481055 2.790195 5.091367
3.848300 1.543008 1.759414 2.341289 2.481211 2.790117 5.091445
3.848400 1.543164 1.759414 2.341289 2.481367 2.790117 5.091523
3.848500 1.543242 1.759414 2.341211 2.481602 2.790117 5.091680
3.848600 1.543398 1.759336 2.341133 2.481758 2.790117 5.091758
3.848700 1.543477 1.759336 2.341133 2.481914 2.790039 5.091836
3.848800 1.543633 1.759336 2.341055 2.482070 2.790039 5.091992
3.848900 1.543711 1.759258 2.341055 2.482227 2.790039 5.092070
3.849000 1.543789 1.759258 2.340977 2.482461 2.790039 5.092148
3.849100 1.543945 1.759258 2.340898 2.482617 2.790039 5.092305
3.849200 1.544023 1.759180 2.340898 2.482773 2.789961 5.092383
3.849300 1.544180 1.759180 2.340820 2.482930 2.789961 5.092539
3.849400 1.544258 1.759180 2.340820 2.483086 2.789961 5.092617
3.849500 1.544414 1.759102 2.340742 2.483242 2.789961 5.092695
3.849600 1.544492 1.759102 2.340664 2.483477 2.789883 5.092852
3.849700 1.544648 1.759102 2.340664 2.483633 2.789883 5.092930
3.849800 1.544727 1.759023 2.340586 2.483789 2.789883 5.093008
3.849900 1.544805 1.759023 2.340586 2.483945 2.789883 5.093164
3.850000 1.544961 1.759023 2.340508 2.484102 2.789805 5.093242
3.850100 1.545039 1.758945 2.340430 2.484258 2.789805 5.093320
3.850200 1.545195 1.758945 2.340430 2.484414 2.789805 5.093477
3.850300 1.545273 1.758945 2.340352 2.484648 2.789805 5.093555
3.850400 1.545430 1.758867 2.340352 2.484805 2.789727 5.093633
3.850500 1.545508 1.758867 2.340273 2.484961 2.789727 5.093789
3.850600 1.545664 1.758867 2.340273 2.485117 2.789727 5.093867
3.850700 1.545742 1.758789 2.340195 2.485273 2.789727 5.093945
3.850800 1.545820 1.758789 2.340195 2.485430 2.789648 5.094102
3.850900 1.545977 1.758789 2.340117 2.485586 2.789648 5.094180
3.851000 1.546055 1.758711 2.340039 2.485820 2.789648 5.094336
3.851100 1.546211 1.758711 2.340039 2.485977 2.789648 5.094414
3.851200 1.546289 1.758711 2.339961 2.486133 2.789570 5.094492
3.851300 1.546445 1.758633 2.339961 2.486289 2.789570 5.094648
3.851400 1.546523 1.758633 2.339883 2.486445 2.789570 5.094727
3.851500 1.546680 1.758633 2.339883 2.486602 2.789570 5.094805
3.851600 1.546758 1.758555 2.339805 2.486758 2.789492 5.094961
3.851700 1.546914 1.758555 2.339805 2.486914 2.789492 5.095039
3.851800 1.546992 1.758477 2.339727 2.487070 2.789492 5.095117
3.851900 1.547070 1.758477 2.339727 2.487305 2.789492 5.095273
3.852000 1.547227 1.758477 2.339648 2.487461 2.789414 5.095352
3.852100 1.547305 1.758398 2.339570 2.487617 2.789414 5.095430
3.852200 1.547461 1.758398 2.339570 2.487773 2.789414 5.095586
3.852300 1.547539 1.758398 2.339492 2.487930 2.789414 5.095664
3.852400 1.547695 1.758320 2.339492 2.488086 2.789336 5.095820
3.852500 1.547773 1.758320 2.339414 2.488242 2.789336 5.095898
3.852600 1.547930 1.758320 2.339414 2.488398 2.789336 5.095977
3.852700 1.548008 1.758242 2.339336 2.488555 2.789336 5.096133
3.852800 1.548164 1.758242 2.339336 2.488711 2.789258 5.096211
3.852900 1.548242 1.758242 2.339258 2.488867 2.789258 5.096289
3.853000 1.548398 1.758164 2.339258 2.489102 2.789258 5.096445
3.853100 1.548477 1.758164 2.339180 2.489258 2.789180 5.096523
3.853200 1.548633 1.758086 2.339180 2.489414 2.789180 5.096602
3.853300 1.548711 1.758086 2.339102 2.489570 2.789180 5.096758
3.853400 1.548789 1.758086 2.339102 2.489727 2.789180 5.096836
3.853500 1.548945 1.758008 2.339023 2.489883 2.789102 5.096914
3.853600 1.549023 1.758008 2.339023 2.490039 2.789102 5.097070
3.853700 1.549180 1.758008 2.338945 2.490195 2.789102 5.097148
3.853800 1.549258 1.757930 2.338945 2.490352 2.789102 5.097227
3.853900 1.549414 1.757930 2.338867 2.490508 2.789023 5.097383
3.854000 1.549492 1.757930 2.338867 2.490664 2.789023 5.097461
3.854100 1.549648 1.757852 2.338789 2.490820 2.789023 5.097617
3.854200 1.549727 1.757852 2.338789 2.490977 2.789023 5.097695
3.854300 1.549883 1.757773 2.338711 2.491133 2.788945 5.097773
3.854400 1.549961 1.757773 2.338711 2.491289 2.788945 5.097930
3.854500 1.550117 1.757773 2.338633 2.491445 2.788945 5.098008
3.854600 1.550195 1.757695 2.338633 2.491680 2.788945 5.098086
3.854700 1.550352 1.757695 2.338555 2.491836 2.788867 5.098242
3.854800 1.550430 1.757695 2.338555 2.491992 2.788867 5.098320
3.854900 1.550586 1.757617 2.338477 2.492148 2.788867 5.098398
3.855000 1.550664 1.757617 2.338477 2.492305 2.788789 5.098555
3.855100 1.550820 1.757539 2.338477 2.492461 2.788789 5.098633
3.855200 1.550898 1.757539 2.338398 2.492617 2.788789 5.098711
3.855300 1.551055 1.757539 2.338398 2.492773 2.788789 5.098867
3.855400 1.551133 1.757461 2.338320 2.492930 2.788711 5.098945
3.855500 1.551211 1.757461 2.338320 2.493086 2.788711 5.099102
3.855600 1.551367 1.757461 2.338242 2.493242 2.788711 5.099180
3.855700 1.551445 1.757383 2.338242 2.493398 2.788711 5.099258
3.855800 1.551602 1.757383 2.338164 2.493555 2.788633 5.099414
3.855900 1.551680 1.757305 2.338164 2.493711 2.788633 5.099492
3.856000 1.551836 1.757305 2.338086 2.493867 2.788633 5.099570
3.856100 1.551914 1.757305 2.338086 2.494023 2.788633 5.099727
3.856200 1.552070 1.757227 2.338008 2.494180 2.788555 5.099805
3.856300 1.552148 1.757227 2.338008 2.494336 2.788555 5.099883
3.856400 1.552305 1.757148 2.338008 2.494492 2.788555 5.100039
3.856500 1.552383 1.757148 2.337930 2.494648 2.788477 5.100117
3.856600 1.552539 1.757148 2.337930 2.494805 2.788477 5.100195
3.856700 1.552617 1.757070 2.337852 2.494961 2.788477 5.100352
3.856800 1.552773 1.757070 2.337852 2.495117 2.788477 5.100430
3.856900 1.552852 1.757070 2.337773 2.495273 2.788398 5.100586
3.857000 1.553008 1.756992 2.337773 2.495430 2.788398 5.100664
3.857100 1.553086 1.756992 2.337773 2.495586 2.788398 5.100742
3.857200 1.553242 1.756914 2.337695 2.495742 2.788320 5.100898
3.857300 1.553320 1.756914 2.337695 2.495898 2.788320 5.100977
3.857400 1.553477 1.756914 2.337617 2.496055 2.788320 5.101055
3.857500 1.553555 1.756836 2.337617 2.496211 2.788320 5.101211
3.857600 1.553711 1.756836 2.337539 2.496367 2.788242 5.101289
3.857700 1.553789 1.756758 2.337539 2.496523 2.788242 5.101367
3.857800 1.553945 1.756758 2.337539 2.496680 2.788242 5.101523
3.857900 1.554023 1.756758 2.337461 2.496836 2.788242 5.101602
3.858000 1.554180 1.756680 2.337461 2.496992 2.788164 5.101680
3.858100 1.554258 1.756680 2.337383 2.497148 2.788164 5.101836
3.858200 1.554414 1.756602 2.337383 2.497305 2.788164 5.101914
3.858300 1.554492 1.756602 2.337305 2.497461 2.788086 5.102070
3.858400 1.554648 1.756602 2.337305 2.497617 2.788086 5.102148
3.858500 1.554727 1.756523 2.337305 2.497773 2.788086 5.102227
3.858600 1.554883 1.756523 2.337227 2.497930 2.788086 5.102383
3.858700 1.554961 1.756445 2.337227 2.498086 2.788008 5.102461
3.858800 1.555117 1.756445 2.337148 2.498242 2.788008 5.102539
3.858900 1.555195 1.756445 2.337148 2.498320 2.788008 5.102695
3.859000 1.555352 1.756367 2.337148 2.498477 2.787930 5.102773
3.859100 1.555430 1.756367 2.337070 2.498633 2.787930 5.102852
3.859200 1.555586 1.756289 2.337070 2.498789 2.787930 5.103008
3.859300 1.555664 1.756289 2.336992 2.498945 2.787930 5.103086
3.859400 1.555820 1.756289 2.336992 2.499102 2.787852 5.103164
3.859500 1.555898 1.756211 2.336992 2.499258 2.787852 5.103320
3.859600 1.556055 1.756211 2.336914 2.499414 2.787852 5.103398
3.859700 1.556133 1.756133 2.336914 2.499570 2.787773 5.103477
3.859800 1.556289 1.756133 2.336836 2.499727 2.787773 5.103633
3.859900 1.556445 1.756133 2.336836 2.499883 2.787773 5.103711
3.860000 1.556523 1.756055 2.336836 2.500039 2.787773 5.103867
3.860100 1.556680 1.756055 2.336758 2.500195 2.787695 5.103945
3.860200 1.556758 1.755977 2.336758 2.500352 2.787695 5.104023
3.860300 1.556914 1.755977 2.336758 2.500508 2.787695 5.104180
3.860400 1.556992 1.755977 2.336680 2.500664 2.787617 5.104258
3.860500 1.557148 1.755898 2.336680 2.500820 2.787617 5.104336
3.860600 1.557227 1.755898 2.336602 2.500898 2.787617 5.104492
3.860700 1.557383 1.755820 2.336602 2.501055 2.787539 5.104570
3.860800 1.557461 1.755820 2.336602 2.501211 2.787539 5.104648
3.860900 1.557617 1.755742 2.336523 2.501367 2.787539 5.104805
3.861000 1.557695 1.755742 2.336523 2.501523 2.787539 5.104883
3.861100 1.557852 1.755742 2.336523 2.501680 2.787461 5.104961
3.861200 1.557930 1.755664 2.336445 2.501836 2.787461 5.105117
3.861300 1.558086 1.755664 2.336445 2.501992 2.787461 5.105195
3.861400 1.558164 1.755586 2.336367 2.502148 2.787383 5.105352
3.861500 1.558320 1.755586 2.336367 2.502305 2.787383 5.105430
3.861600 1.558398 1.755586 2.336367 2.502461 2.787383 5.105508
3.861700 1.558555 1.755508 2.336289 2.502617 2.787383 5.105664
3.861800 1.558633 1.755508 2.336289 2.502695 2.787305 5.105742
3.861900 1.558789 1.755430 2.336289 2.502852 2.787305 5.105820
3.862000 1.558945 1.755430 2.336211 2.503008 2.787305 5.105977
3.862100 1.559023 1.755352 2.336211 2.503164 2.787227 5.106055
3.862200 1.559180 1.755352 2.336211 2.503320 2.787227 5.106133
3.862300 1.559258 1.755352 2.336133 2.503477 2.787227 5.106289
3.862400 1.559414 1.755273 2.336133 2.503633 2.787148 5.106367
3.862500 1.559492 1.755273 2.336055 2.503789 2.787148 5.106445
3.862600 1.559648 1.755195 2.336055 2.503945 2.787148 5.106602
3.862700 1.559727 1.755195 2.336055 2.504102 2.787148 5.106680
3.862800 1.559883 1.755117 2.335977 2.504180 2.787070 5.106836
3.862900 1.559961 1.755117 2.335977 2.504336 2.787070 5.106914
3.863000 1.560117 1.755117 2.335977 2.504492 2.787070 5.106992
3.863100 1.560195 1.755039 2.335898 2.504648 2.786992 5.107148
3.863200 1.560352 1.755039 2.335898 2.504805 2.786992 5.107227
3.863300 1.560508 1.754961 2.335898 2.504961 2.786992 5.107305
3.863400 1.560586 1.754961 2.335820 2.505117 2.786914 5.107461
3.863500 1.560742 1.754883 2.335820 2.505273 2.786914 5.107539
3.863600 1.560820 1.754883 2.335820 2.505352 2.786914 5.107617
3.863700 1.560977 1.754805 2.335742 2.505508 2.786836 5.107773
3.863800 1.561055 1.754805 2.335742 2.505664 2.786836 5.107852
3.863900 1.561211 1.754805 2.335742 2.505820 2.786836 5.107930
3.864000 1.561289 1.754727 2.335664 2.505977 2.786836 5.108086
3.864100 1.561445 1.754727 2.335664 2.506133 2.786758 5.108164
3.864200 1.561523 1.754648 2.335664 2.506289 2.786758 5.108320
3.864300 1.561680 1.754648 2.335586 2.506445 2.786758 5.108398
3.864400 1.561836 1.754570 2.335586 2.506523 2.786680 5.108477
3.864500 1.561914 1.754570 2.335586 2.506680 2.786680 5.108633
3.864600 1.562070 1.754492 2.335508 2.506836 2.786680 5.108711
3.864700 1.562148 1.754492 2.335508 2.506992 2.786602 5.108789
3.864800 1.562305 1.754492 2.335508 2.507148 2.786602 5.108945
3.864900 1.562383 1.754414 2.335508 2.507305 2.786602 5.109023
3.865000 1.562539 1.754414 2.335430 2.507461 2.786523 5.109102
3.865100 1.562617 1.754336 2.335430 2.507539 2.786523 5.109258
3.865200 1.562773 1.754336 2.335430 2.507695 2.786523 5.109336
3.865300 1.562930 1.754258 2.335352 2.507852 2.786445 5.109414
3.865400 1.563008 1.754258 2.335352 2.508008 2.786445 5.109570
3.865500 1.563164 1.754180 2.335352 2.508164 2.786445 5.109648
3.865600 1.563242 1.754180 2.335273 2.508320 2.786445 5.109805
3.865700 1.563398 1.754180 2.335273 2.508398 2.786367 5.109883
3.865800 1.563477 1.754102 2.335273 2.508555 2.786367 5.109961
3.865900 1.563633 1.754102 2.335195 2.508711 2.786367 5.110117
3.866000 1.563789 1.754023 2.335195 2.508867 2.786289 5.110195
3.866100 1.563867 1.754023 2.335195 2.509023 2.786289 5.110273
3.866200 1.564023 1.753945 2.335195 2.509180 2.786289 5.110430
3.866300 1.564102 1.753945 2.335117 2.509336 2.786211 5.110508
3.866400 1.564258 1.753867 2.335117 2.509414 2.786211 5.110586
3.866500 1.564336 1.753867 2.335117 2.509570 2.786211 5.110742
3.866600 1.564492 1.753789 2.335039 2.509727 2.786133 5.110820
3.866700 1.564648 1.753789 2.335039 2.509883 2.786133 5.110898
3.866800 1.564727 1.753711 2.335039 2.510039 2.786133 5.111055
3.866900 1.564883 1.753711 2.334961 2.510117 2.786055 5.111133
3.867000 1.564961 1.753711 2.334961 2.510273 2.786055 5.111289
3.867100 1.565117 1.753633 2.334961 2.510430 2.786055 5.111367
3.867200 1.565195 1.753633 2.334961 2.510586 2.785977 5.111445
3.867300 1.565352 1.753555 2.334883 2.510742 2.785977 5.111602
3.867400 1.565508 1.753555 2.334883 2.510898 2.785977 5.111680
3.867500 1.565586 1.753477 2.334883 2.510977 2.785898 5.111758
3.867600 1.565742 1.753477 2.334805 2.511133 2.785898 5.111914
3.867700 1.565820 1.753398 2.334805 2.511289 2.785898 5.111992
3.867800 1.565977 1.753398 2.334805 2.511445 2.785820 5.112070
3.867900 1.566055 1.753320 2.334805 2.511602 2.785820 5.112227
3.868000 1.566211 1.753320 2.334727 2.511680 2.785820 5.112305
3.868100 1.566367 1.753242 2.334727 2.511836 2.785742 5.112383
3.868200 1.566445 1.753242 2.334727 2.511992 2.785742 5.112539
3.868300 1.566602 1.753164 2.334727 2.512148 2.785742 5.112617
3.868400 1.566680 1.753164 2.334648 2.512305 2.785664 5.112773
3.868500 1.566836 1.753086 2.334648 2.512383 2.785664 5.112852
3.868600 1.566992 1.753086 2.334648 2.512539 2.785664 5.112930
3.868700 1.567070 1.753008 2.334570 2.512695 2.785586 5.113086
3.868800 1.567227 1.753008 2.334570 2.512852 2.785586 5.113164
3.868900 1.567305 1.753008 2.334570 2.513008 2.785586 5.113242
3.869000 1.567461 1.752930 2.334570 2.513086 2.785508 5.113398
3.869100 1.567617 1.752930 2.334492 2.513242 2.785508 5.113477
3.869200 1.567695 1.752852 2.334492 2.513398 2.785508 5.113555
3.869300 1.567852 1.752852 2.334492 2.513555 2.785430 5.113711
3.869400 1.567930 1.752773 2.334492 2.513711 2.785430 5.113789
3.869500 1.568086 1.752773 2.334414 2.513789 2.785430 5.113867
3.869600 1.568242 1.752695 2.334414 2.513945 2.785352 5.114023
3.869700 1.568320 1.752695 2.334414 2.514102 2.785352 5.114102
3.869800 1.568477 1.752617 2.334414 2.514258 2.785352 5.114258
3.869900 1.568555 1.752617 2.334336 2.514336 2.785273 5.114336
3.870000 1.568711 1.752539 2.334336 2.514492 2.785273 5.114414
3.870100 1.568867 1.752539 2.334336 2.514648 2.785273 5.114570
3.870200 1.568945 1.752461 2.334336 2.514805 2.785195 5.114648
3.870300 1.569102 1.752461 2.334258 2.514961 2.785195 5.114727
3.870400 1.569180 1.752383 2.334258 2.515039 2.785195 5.114883
3.870500 1.569336 1.752383 2.334258 2.515195 2.785117 5.114961
3.870600 1.569492 1.752305 2.334258 2.515352 2.785117 5.115039
3.870700 1.569570 1.752305 2.334180 2.515508 2.785117 5.115195
3.870800 1.569727 1.752227 2.334180 2.515586 2.785039 5.115273
3.870900 1.569805 1.752227 2.334180 2.515742 2.785039 5.115352
3.871000 1.569961 1.752148 2.334180 2.515898 2.785039 5.115508
3.871100 1.570117 1.752148 2.334102 2.516055 2.784961 5.115586
3.871200 1.570195 1.752070 2.334102 2.516133 2.784961 5.115742
3.871300 1.570352 1.752070 2.334102 2.516289 2.784961 5.115820
3.871400 1.570430 1.751992 2.334102 2.516445 2.784883 5.115898
3.871500 1.570586 1.751992 2.334023 2.516602 2.784883 5.116055
3.871600 1.570742 1.751914 2.334023 2.516680 2.784805 5.116133
3.871700 1.570820 1.751914 2.334023 2.516836 2.784805 5.116211
3.871800 1.570977 1.751836 2.334023 2.516992 2.784805 5.116367
3.871900 1.571133 1.751836 2.333945 2.517148 2.784727 5.116445
3.872000 1.571211 1.751758 2.333945 2.517227 2.784727 5.116523
3.872100 1.571367 1.751758 2.333945 2.517383 2.784727 5.116680
3.872200 1.571445 1.751680 2.333945 2.517539 2.784648 5.116758
3.872300 1.571602 1.751680 2.333945 2.517695 2.784648 5.116836
3.872400 1.571758 1.751602 2.333867 2.517773 2.784648 5.116992
3.872500 1.571836 1.751523 2.333867 2.517930 2.784570 5.117070
3.872600 1.571992 1.751523 2.333867 2.518086 2.784570 5.117227
3.872700 1.572148 1.751445 2.333867 2.518242 2.784570 5.117305
3.872800 1.572227 1.751445 2.333789 2.518320 2.784492 5.117383
3.872900 1.572383 1.751367 2.333789 2.518477 2.784492 5.117539
3.873000 1.572539 1.751367 2.333789 2.518633 2.784414 5.117617
3.873100 1.572617 1.751289 2.333789 2.518789 2.784414 5.117695
3.873200 1.572773 1.751289 2.333789 2.518867 2.784414 5.117852
3.873300 1.572852 1.751211 2.333711 2.519023 2.784336 5.117930
3.873400 1.573008 1.751211 2.333711 2.519180 2.784336 5.118008
3.873500 1.573164 1.751133 2.333711 2.519258 2.784336 5.118164
3.873600 1.573242 1.751133 2.333711 2.519414 2.784258 5.118242
3.873700 1.573398 1.751055 2.333633 2.519570 2.784258 5.118320
3.873800 1.573555 1.751055 2.333633 2.519727 2.784258 5.118477
3.873900 1.573633 1.750977 2.333633 2.519805 2.784180 5.118555
3.874000 1.573789 1.750977 2.333633 2.519961 2.784180 5.118711
3.874100 1.573945 1.750898 2.333633 2.520117 2.784180 5.118789
3.874200 1.574023 1.750898 2.333555 2.520195 2.784102 5.118867
3.874300 1.574180 1.750820 2.333555 2.520352 2.784102 5.119023
3.874400 1.574336 1.750742 2.333555 2.520508 2.784023 5.119102
3.874500 1.574414 1.750742 2.333555 2.520664 2.784023 5.119180
3.874600 1.574570 1.750664 2.333555 2.520742 2.784023 5.119336
3.874700 1.574648 1.750664 2.333477 2.520898 2.783945 5.119414
3.874800 1.574805 1.750586 2.333477 2.521055 2.783945 5.119492
3.874900 1.574961 1.750586 2.333477 2.521133 2.783945 5.119648
3.875000 1.575039 1.750508 2.333477 2.521289 2.783867 5.119727
3.875100 1.575195 1.750508 2.333477 2.521445 2.783867 5.119805
3.875200 1.575352 1.750430 2.333398 2.521523 2.783789 5.119961
3.875300 1.575430 1.750430 2.333398 2.521680 2.783789 5.120039
3.875400 1.575586 1.750352 2.333398 2.521836 2.783789 5.120195
3.875500 1.575742 1.750273 2.333398 2.521992 2.783711 5.120273
3.875600 1.575820 1.750273 2.333398 2.522070 2.783711 5.120352
3.875700 1.575977 1.750195 2.333320 2.522227 2.783711 5.120508
3.875800 1.576133 1.750195 2.333320 2.522383 2.783633 5.120586
3.875900 1.576211 1.750117 2.333320 2.522461 2.783633 5.120664
3.876000 1.576367 1.750117 2.333320 2.522617 2.783555 5.120820
3.876100 1.576523 1.750039 2.333320 2.522773 2.783555 5.120898
3.876200 1.576602 1.750039 2.333242 2.522852 2.783555 5.120977
3.876300 1.576758 1.749961 2.333242 2.523008 2.783477 5.121133
3.876400 1.576914 1.749883 2.333242 2.523164 2.783477 5.121211
3.876500 1.576992 1.749883 2.333242 2.523242 2.783477 5.121289
3.876600 1.577148 1.749805 2.333242 2.523398 2.783398 5.121445
3.876700 1.577305 1.749805 2.333164 2.523555 2.783398 5.121523
3.876800 1.577383 1.749727 2.333164 2.523633 2.783320 5.121680
3.876900 1.577539 1.749727 2.333164 2.523789 2.783320 5.121758
3.877000 1.577695 1.749648 2.333164 2.523945 2.783320 5.121836
3.877100 1.577773 1.749570 2.333164 2.524023 2.783242 5.121992
3.877200 1.577930 1.749570 2.333164 2.524180 2.783242 5.122070
3.877300 1.578086 1.749492 2.333086 2.524336 2.783242 5.122148
3.877400 1.578242 1.749492 2.333086 2.524492 2.783164 5.122305
3.877500 1.578320 1.749414 2.333086 2.524570 2.783164 5.122383
3.877600 1.578477 1.749414 2.333086 2.524727 2.783086 5.122461
3.877700 1.578633 1.749336 2.333086 2.524805 2.783086 5.122617
3.877800 1.578711 1.749258 2.333086 2.524961 2.783086 5.122695
3.877900 1.578867 1.749258 2.333008 2.525117 2.783008 5.122773
3.878000 1.579023 1.749180 2.333008 2.525195 2.783008 5.122930
3.878100 1.579102 1.749180 2.333008 2.525352 2.782930 5.123008
3.878200 1.579258 1.749102 2.333008 2.525508 2.782930 5.123164
3.878300 1.579414 1.749102 2.333008 2.525586 2.782930 5.123242
3.878400 1.579492 1.749023 2.333008 2.525742 2.782852 5.123320
3.878500 1.579648 1.748945 2.332930 2.525898 2.782852 5.123477
3.878600 1.579805 1.748945 2.332930 2.525977 2.782773 5.123555
3.878700 1.579961 1.748867 2.332930 2.526133 2.782773 5.123633
3.878800 1.580039 1.748867 2.332930 2.526289 2.782773 5.123789
3.878900 1.580195 1.748789 2.332930 2.526367 2.782695 5.123867
3.879000 1.580352 1.748711 2.332930 2.526523 2.782695 5.123945
3.879100 1.580430 1.748711 2.332852 2.526680 2.782617 5.124102
3.879200 1.580586 1.748633 2.332852 2.526758 2.782617 5.124180
3.879300 1.580742 1.748633 2.332852 2.526914 2.782617 5.124258
3.879400 1.580820 1.748555 2.332852 2.527070 2.782539 5.124414
3.879500 1.580977 1.748477 2.332852 2.527148 2.782539 5.124492
3.879600 1.581133 1.748477 2.332852 2.527305 2.782461 5.124648
3.879700 1.581289 1.748398 2.332773 2.527383 2.782461 5.124727
3.879800 1.581367 1.748398 2.332773 2.527539 2.782461 5.124805
3.879900 1.581523 1.748320 2.332773 2.527695 2.782383 5.124961
3.880000 1.581680 1.748242 2.332773 2.527773 2.782383 5.125039
3.880100 1.581758 1.748242 2.332773 2.527930 2.782305 5.125117
3.880200 1.581914 1.748164 2.332773 2.528086 2.782305 5.125273
3.880300 1.582070 1.748164 2.332695 2.528164 2.782305 5.125352
3.880400 1.582227 1.748086 2.332695 2.528320 2.782227 5.125430
3.880500 1.582305 1.748008 2.332695 2.528398 2.782227 5.125586
3.880600 1.582461 1.748008 2.332695 2.528555 2.782148 5.125664
3.880700 1.582617 1.747930 2.332695 2.528711 2.782148 5.125742
3.880800 1.582773 1.747930 2.332695 2.528789 2.782148 5.125898
3.880900 1.582852 1.747852 2.332695 2.528945 2.782070 5.125977
3.881000 1.583008 1.747773 2.332617 2.529102 2.782070 5.126133
3.881100 1.583164 1.747773 2.332617 2.529180 2.781992 5.126211
3.881200 1.583242 1.747695 2.332617 2.529336 2.781992 5.126289
3.881300 1.583398 1.747617 2.332617 2.529414 2.781992 5.126445
3.881400 1.583555 1.747617 2.332617 2.529570 2.781914 5.126523
3.881500 1.583711 1.747539 2.332617 2.529727 2.781914 5.126602
3.881600 1.583789 1.747539 2.332617 2.529805 2.781836 5.126758
3.881700 1.583945 1.747461 2.332539 2.529961 2.781836 5.126836
3.881800 1.584102 1.747383 2.332539 2.530039 2.781836 5.126914
3.881900 1.584258 1.747383 2.332539 2.530195 2.781758 5.127070
3.882000 1.584336 1.747305 2.332539 2.530352 2.781758 5.127148
3.882100 1.584492 1.747227 2.332539 2.530430 2.781680 5.127227
3.882200 1.584648 1.747227 2.332539 2.530586 2.781680 5.127383
3.882300 1.584805 1.747148 2.332539 2.530664 2.781602 5.127461
3.882400 1.584883 1.747148 2.332539 2.530820 2.781602 5.127617
3.882500 1.585039 1.747070 2.332461 2.530977 2.781602 5.127695
3.882600 1.585195 1.746992 2.332461 2.531055 2.781523 5.127773
3.882700 1.585352 1.746992 2.332461 2.531211 2.781523 5.127930
3.882800 1.585430 1.746914 2.332461 2.531289 2.781445 5.128008
3.882900 1.585586 1.746836 2.332461 2.531445 2.781445 5.128086
3.883000 1.585742 1.746836 2.332461 2.531523 2.781445 5.128242
3.883100 1.585898 1.746758 2.332461 2.531680 2.781367 5.128320
3.883200 1.585977 1.746680 2.332383 2.531836 2.781367 5.128398
3.883300 1.586133 1.746680 2.332383 2.531914 2.781289 5.128555
3.883400 1.586289 1.746602 2.332383 2.532070 2.781289 5.128633
3.883500 1.586445 1.746523 2.332383 2.532148 2.781211 5.128711
3.883600 1.586523 1.746523 2.332383 2.532305 2.781211 5.128867
3.883700 1.586680 1.746445 2.332383 2.532461 2.781211 5.128945
3.883800 1.586836 1.746445 2.332383 2.532539 2.781133 5.129102
3.883900 1.586992 1.746367 2.332383 2.532695 2.781133 5.129180
3.884000 1.587148 1.746289 2.332305 2.532773 2.781055 5.129258
3.884100 1.587227 1.746289 2.332305 2.532930 2.781055 5.129414
3.884200 1.587383 1.746211 2.332305 2.533008 2.780977 5.129492
3.884300 1.587539 1.746133 2.332305 2.533164 2.780977 5.129570
3.884400 1.587695 1.746133 2.332305 2.533242 2.780977 5.129727
3.884500 1.587773 1.746055 2.332305 2.533398 2.780898 5.129805
3.884600 1.587930 1.745977 2.332305 2.533555 2.780898 5.129883
3.884700 1.588086 1.745977 2.332305 2.533633 2.780820 5.130039
3.884800 1.588242 1.745898 2.332305 2.533789 2.780820 5.130117
3.884900 1.588398 1.745820 2.332227 2.533867 2.780742 5.130273
3.885000 1.588477 1.745820 2.332227 2.534023 2.780742 5.130352
3.885100 1.588633 1.745742 2.332227 2.534102 2.780664 5.130430
3.885200 1.588789 1.745664 2.332227 2.534258 2.780664 5.130586
3.885300 1.588945 1.745586 2.332227 2.534336 2.780664 5.130664
3.885400 1.589023 1.745586 2.332227 2.534492 2.780586 5.130742
3.885500 1.589180 1.745508 2.332227 2.534648 2.780586 5.130898
3.885600 1.589336 1.745430 2.332227 2.534727 2.780508 5.130977
3.885700 1.589492 1.745430 2.332227 2.534883 2.780508 5.131055
3.885800 1.589648 1.745352 2.332148 2.534961 2.780430 5.131211
3.885900 1.589727 1.745273 2.332148 2.535117 2.780430 5.131289
3.886000 1.589883 1.745273 2.332148 2.535195 2.780430 5.131367
3.886100 1.590039 1.745195 2.332148 2.535352 2.780352 5.131523
3.886200 1.590195 1.745117 2.332148 2.535430 2.780352 5.131602
3.886300 1.590352 1.745117 2.332148 2.535586 2.780273 5.131758
3.886400 1.590508 1.745039 2.332148 2.535664 2.780273 5.131836
3.886500 1.590586 1.744961 2.332148 2.535820 2.780195 5.131914
3.886600 1.590742 1.744961 2.332148 2.535898 2.780195 5.132070
3.886700 1.590898 1.744883 2.332148 2.536055 2.780117 5.132148
3.886800 1.591055 1.744805 2.332070 2.536133 2.780117 5.132227
3.886900 1.591211 1.744727 2.332070 2.536289 2.780039 5.132383
3.887000 1.591289 1.744727 2.332070 2.536367 2.780039 5.132461
3.887100 1.591445 1.744648 2.332070 2.536523 2.780039 5.132539
3.887200 1.591602 1.744570 2.332070 2.536602 2.779961 5.132695
3.887300 1.591758 1.744570 2.332070 2.536758 2.779961 5.132773
3.887400 1.591914 1.744492 2.332070 2.536836 2.779883 5.132852
3.887500 1.592070 1.744414 2.332070 2.536992 2.779883 5.133008
3.887600 1.592148 1.744336 2.332070 2.537070 2.779805 5.133086
3.887700 1.592305 1.744336 2.332070 2.537227 2.779805 5.133242
3.887800 1.592461 1.744258 2.332070 2.537305 2.779727 5.133320
3.887900 1.592617 1.744180 2.331992 2.537461 2.779727 5.133398
3.888000 1.592773 1.744180 2.331992 2.537539 2.779648 5.133555
3.888100 1.592930 1.744102 2.331992 2.537695 2.779648 5.133633
3.888200 1.593008 1.744023 2.331992 2.537773 2.779648 5.133711
3.888300 1.593164 1.743945 2.331992 2.537930 2.779570 5.133867
3.888400 1.593320 1.743945 2.331992 2.538008 2.779570 5.133945
3.888500 1.593477 1.743867 2.331992 2.538164 2.779492 5.134023
3.888600 1.593633 1.743789 2.331992 2.538242 2.779492 5.134180
3.888700 1.593789 1.743711 2.331992 2.538398 2.779414 5.134258
3.888800 1.593867 1.743711 2.331992 2.538477 2.779414 5.134336
3.888900 1.594023 1.743633 2.331992 2.538633 2.779336 5.134492
3.889000 1.594180 1.743555 2.331914 2.538711 2.779336 5.134570
3.889100 1.594336 1.743477 2.331914 2.538789 2.779258 5.134727
3.889200 1.594492 1.743477 2.331914 2.538945 2.779258 5.134805
3.889300 1.594648 1.743398 2.331914 2.539023 2.779180 5.134883
3.889400 1.594805 1.743320 2.331914 2.539180 2.779180 5.135039
3.889500 1.594883 1.743242 2.331914 2.539258 2.779102 5.135117
3.889600 1.595039 1.743242 2.331914 2.539414 2.779102 5.135195
3.889700 1.595195 1.743164 2.331914 2.539492 2.779102 5.135352
3.889800 1.595352 1.743086 2.331914 2.539570 2.779023 5.135430
3.889900 1.595508 1.743008 2.331914 2.539727 2.779023 5.135508
3.890000 1.595664 1.743008 2.331914 2.539805 2.778945 5.135664
3.890100 1.595820 1.742930 2.331914 2.539961 2.778945 5.135742
3.890200 1.595977 1.742852 2.331914 2.540039 2.778867 5.135898
3.890300 1.596055 1.742773 2.331836 2.540117 2.778867 5.135977
3.890400 1.596211 1.742773 2.331836 2.540273 2.778789 5.136055
3.890500 1.596367 1.742695 2.331836 2.540352 2.778789 5.136211
3.890600 1.596523 1.742617 2.331836 2.540508 2.778711 5.136289
3.890700 1.596680 1.742539 2.331836 2.540586 2.778711 5.136367
3.890800 1.596836 1.742539 2.331836 2.540664 2.778633 5.136523
3.890900 1.596992 1.742461 2.331836 2.540820 2.778633 5.136602
3.891000 1.597148 1.742383 2.331836 2.540898 2.778555 5.136680
3.891100 1.597305 1.742305 2.331836 2.541055 2.778555 5.136836
3.891200 1.597383 1.742227 2.331836 2.541133 2.778477 5.136914
3.891300 1.597539 1.742227 2.331836 2.541289 2.778477 5.136992
3.891400 1.597695 1.742148 2.331836 2.541367 2.778398 5.137148
3.891500 1.597852 1.742070 2.331836 2.541445 2.778398 5.137227
3.891600 1.598008 1.741992 2.331836 2.541602 2.778320 5.137383
3.891700 1.598164 1.741992 2.331836 2.541680 2.778320 5.137461
3.891800 1.598320 1.741914 2.331758 2.541836 2.778242 5.137539
3.891900 1.598477 1.741836 2.331758 2.541914 2.778242 5.137695
3.892000 1.598633 1.741758 2.331758 2.542070 2.778164 5.137773
3.892100 1.598789 1.741680 2.331758 2.542148 2.778164 5.137852
3.892200 1.598945 1.741680 2.331758 2.542305 2.778086 5.138008
3.892300 1.599023 1.741602 2.331758 2.542383 2.778086 5.138086
3.892400 1.599180 1.741523 2.331758 2.542539 2.778008 5.138164
3.892500 1.599336 1.741445 2.331758 2.542617 2.778008 5.138320
3.892600 1.599492 1.741367 2.331758 2.542773 2.777930 5.138398
3.892700 1.599648 1.741367 2.331758 2.542852 2.777930 5.138477
3.892800 1.599805 1.741289 2.331758 2.543008 2.777852 5.138633
3.892900 1.599961 1.741211 2.331758 2.543086 2.777852 5.138711
3.893000 1.600117 1.741133 2.331758 2.543242 2.777773 5.138867
3.893100 1.600273 1.741055 2.331758 2.543320 2.777773 5.138945
3.893200 1.600430 1.740977 2.331758 2.543398 2.777695 5.139023
3.893300 1.600586 1.740977 2.331758 2.543555 2.777695 5.139180
3.893400 1.600742 1.740898 2.331758 2.543633 2.777617 5.139258
3.893500 1.600898 1.740820 2.331758 2.543789 2.777617 5.139336
3.893600 1.601055 1.740742 2.331680 2.543945 2.777539 5.139492
3.893700 1.601211 1.740664 2.331680 2.544023 2.777539 5.139570
3.893800 1.601367 1.740586 2.331680 2.544180 2.777461 5.139648
3.893900 1.601445 1.740586 2.331680 2.544258 2.777461 5.139805
3.894000 1.601602 1.740508 2.331680 2.544414 2.777383 5.139883
3.894100 1.601758 1.740430 2.331680 2.544492 2.777383 5.140039
3.894200 1.601914 1.740352 2.331680 2.544648 2.777305 5.140117
3.894300 1.602070 1.740273 2.331680 2.544727 2.777305 5.140195
3.894400 1.602227 1.740195 2.331680 2.544883 2.777227 5.140352
3.894500 1.602383 1.740195 2.331680 2.544961 2.777227 5.140430
3.894600 1.602539 1.740117 2.331680 2.545117 2.777148 5.140508
3.894700 1.602695 1.740039 2.331680 2.545195 2.777148 5.140664
3.894800 1.602852 1.739961 2.331680 2.545352 2.777070 5.140742
3.894900 1.603008 1.739883 2.331680 2.545430 2.777070 5.140820
3.895000 1.603164 1.739805 2.331680 2.545586 2.776992 5.140977
3.895100 1.603320 1.739727 2.331680 2.545664 2.776992 5.141055
3.895200 1.603477 1.739727 2.331680 2.545820 2.776914 5.141133
3.895300 1.603633 1.739648 2.331680 2.545898 2.776914 5.141289
3.895400 1.603789 1.739570 2.331680 2.546055 2.776836 5.141367
3.895500 1.603945 1.739492 2.331680 2.546211 2.776836 5.141523
3.895600 1.604102 1.739414 2.331680 2.546289 2.776758 5.141602
3.895700 1.604258 1.739336 2.331680 2.546445 2.776758 5.141680
3.895800 1.604414 1.739258 2.331680 2.546523 2.776680 5.141836
3.895900 1.604570 1.739180 2.331602 2.546680 2.776680 5.141914
3.896000 1.604727 1.739102 2.331602 2.546758 2.776602 5.141992
3.896100 1.604883 1.739102 2.331602 2.546914 2.776602 5.142148
3.896200 1.605039 1.739023 2.331602 2.546992 2.776523 5.142227
3.896300 1.605195 1.738945 2.331602 2.547148 2.776445 5.142305
3.896400 1.605352 1.738867 2.331602 2.547305 2.776445 5.142461
3.896500 1.605508 1.738789 2.331602 2.547383 2.776367 5.142539
3.896600 1.605664 1.738711 2.331602 2.547539 2.776367 5.142695
3.896700 1.605820 1.738633 2.331602 2.547617 2.776289 5.142773
3.896800 1.605977 1.738555 2.331602 2.547773 2.776289 5.142852
3.896900 1.606133 1.738477 2.331602 2.547852 2.776211 5.143008
3.897000 1.606289 1.738398 2.331602 2.548008 2.776211 5.143086
3.897100 1.606445 1.738398 2.331602 2.548164 2.776133 5.143164
3.897200 1.606602 1.738320 2.331602 2.548242 2.776133 5.143320
3.897300 1.606758 1.738242 2.331602 2.548398 2.776055 5.143398
3.897400 1.606914 1.738164 2.331602 2.548477 2.776055 5.143477
3.897500 1.607070 1.738086 2.331602 2.548633 2.775977 5.143633
3.897600 1.607227 1.738008 2.331602 2.548789 2.775977 5.143711
3.897700 1.607383 1.737930 2.331602 2.548867 2.775898 5.143789
3.897800 1.607617 1.737852 2.331602 2.549023 2.775820 5.143945
3.897900 1.607773 1.737773 2.331602 2.549102 2.775820 5.144023
3.898000 1.607930 1.737695 2.331602 2.549258 2.775742 5.144180
3.898100 1.608086 1.737617 2.331602 2.549336 2.775742 5.144258
3.898200 1.608242 1.737539 2.331602 2.549492 2.775664 5.144336
3.898300 1.608398 1.737461 2.331602 2.549648 2.775664 5.144492
3.898400 1.608555 1.737383 2.331602 2.549727 2.775586 5.144570
3.898500 1.608711 1.737305 2.331602 2.549883 2.775586 5.144648
3.898600 1.608867 1.737305 2.331602 2.549961 2.775508 5.144805
3.898700 1.609023 1.737227 2.331602 2.550117 2.775430 5.144883
3.898800 1.609180 1.737148 2.331602 2.550273 2.775430 5.144961
3.898900 1.609336 1.737070 2.331602 2.550352 2.775352 5.145117
3.899000 1.609492 1.736992 2.331602 2.550508 2.775352 5.145195
3.899100 1.609648 1.736914 2.331602 2.550664 2.775273 5.145273
3.899200 1.609883 1.736836 2.331602 2.550742 2.775273 5.145430
3.899300 1.610039 1.736758 2.331602 2.550898 2.775195 5.145508
3.899400 1.610195 1.736680 2.331602 2.550977 2.775195 5.145664
3.899500 1.610352 1.736602 2.331602 2.551133 2.775117 5.145742
3.899600 1.610508 1.736523 2.331602 2.551289 2.775039 5.145820
3.899700 1.610664 1.736445 2.331602 2.551367 2.775039 5.145977
3.899800 1.610820 1.736367 2.331602 2.551523 2.774961 5.146055
3.899900 1.610977 1.736289 2.331602 2.551602 2.774961 5.146133
3.900000 1.611133 1.736211 2.331602 2.551758 2.774883 5.146289
3.900100 1.611289 1.736133 2.331602 2.551914 2.774883 5.146367
3.900200 1.611523 1.736055 2.331602 2.551992 2.774805 5.146445
3.900300 1.611680 1.735977 2.331602 2.552148 2.774805 5.146602
3.900400 1.611836 1.735898 2.331602 2.552305 2.774727 5.146680
3.900500 1.611992 1.735820 2.331602 2.552383 2.774648 5.146836
3.900600 1.612148 1.735742 2.331602 2.552539 2.774648 5.146914
3.900700 1.612305 1.735664 2.331602 2.552695 2.774570 5.146992
3.900800 1.612461 1.735586 2.331602 2.552773 2.774570 5.147148
3.900900 1.612695 1.735508 2.331602 2.552930 2.774492 5.147227
3.901000 1.612852 1.735430 2.331602 2.553008 2.774492 5.147305
3.901100 1.613008 1.735352 2.331602 2.553164 2.774414 5.147461
3.901200 1.613164 1.735273 2.331523 2.553320 2.774336 5.147539
3.901300 1.613320 1.735195 2.331523 2.553398 2.774336 5.147617
3.901400 1.613477 1.735117 2.331523 2.553555 2.774258 5.147773
3.901500 1.613633 1.735039 2.331523 2.553711 2.774258 5.147852
3.901600 1.613867 1.734883 2.331523 2.553789 2.774180 5.147930
3.901700 1.614023 1.734805 2.331523 2.553945 2.774102 5.148086
3.901800 1.614180 1.734727 2.331523 2.554102 2.774102 5.148164
3.901900 1.614336 1.734648 2.331523 2.554180 2.774023 5.148320
3.902000 1.614492 1.734570 2.331523 2.554336 2.774023 5.148398
3.902100 1.614648 1.734492 2.331523 2.554492 2.773945 5.148477
3.902200 1.614883 1.734414 2.331523 2.554570 2.773945 5.148633
3.902300 1.615039 1.734336 2.331602 2.554727 2.773867 5.148711
3.902400 1.615195 1.734258 2.331602 2.554883 2.773789 5.148789
3.902500 1.615352 1.734180 2.331602 2.554961 2.773789 5.148945
3.902600 1.615508 1.734102 2.331602 2.555117 2.773711 5.149023
3.902700 1.615742 1.734023 2.331602 2.555273 2.773711 5.149102
3.902800 1.615898 1.733945 2.331602 2.555352 2.773633 5.149258
3.902900 1.616055 1.733867 2.331602 2.555508 2.773555 5.149336
3.903000 1.616211 1.733711 2.331602 2.555664 2.773555 5.149492
3.903100 1.616367 1.733633 2.331602 2.555742 2.773477 5.149570
3.903200 1.616602 1.733555 2.331602 2.555898 2.773477 5.149648
3.903300 1.616758 1.733477 2.331602 2.556055 2.773398 5.149805
3.903400 1.616914 1.733398 2.331602 2.556133 2.773320 5.149883
3.903500 1.617070 1.733320 2.331602 2.556289 2.773320 5.149961
3.903600 1.617305 1.733242 2.331602 2.556445 2.773242 5.150117
3.903700 1.617461 1.733164 2.331602 2.556523 2.773242 5.150195
3.903800 1.617617 1.733086 2.331602 2.556680 2.773164 5.150273
3.903900 1.617773 1.732930 2.331602 2.556836 2.773086 5.150430
3.904000 1.618008 1.732852 2.331602 2.556992 2.773086 5.150508
3.904100 1.618164 1.732773 2.331602 2.557070 2.773008 5.150586
3.904200 1.618320 1.732695 2.331602 2.557227 2.773008 5.150742
3.904300 1.618477 1.732617 2.331602 2.557383 2.772930 5.150820
3.904400 1.618711 1.732539 2.331602 2.557461 2.772852 5.150977
3.904500 1.618867 1.732461 2.331602 2.557617 2.772852 5.151055
3.904600 1.619023 1.732305 2.331602 2.557773 2.772773 5.151133
3.904700 1.619258 1.732227 2.331602 2.557852 2.772695 5.151289
3.904800 1.619414 1.732148 2.331602 2.558008 2.772695 5.151367
3.904900 1.619570 1.732070 2.331602 2.558164 2.772617 5.151445
3.905000 1.619727 1.731992 2.331602 2.558320 2.772617 5.151602
3.905100 1.619961 1.731914 2.331602 2.558398 2.772539 5.151680
3.905200 1.620117 1.731758 2.331602 2.558555 2.772461 5.151758
3.905300 1.620273 1.731680 2.331602 2.558711 2.772461 5.151914
3.905400 1.620508 1.731602 2.331602 2.558789 2.772383 5.151992
3.905500 1.620664 1.731523 2.331602 2.558945 2.772305 5.152148
3.905600 1.620820 1.731445 2.331602 2.559102 2.772305 5.152227
3.905700 1.621055 1.731289 2.331602 2.559258 2.772227 5.152305
3.905800 1.621211 1.731211 2.331602 2.559336 2.772227 5.152461
3.905900 1.621367 1.731133 2.331602 2.559492 2.772148 5.152539
3.906000 1.621602 1.731055 2.331602 2.559648 2.772070 5.152617
3.906100 1.621758 1.730898 2.331602 2.559727 2.772070 5.152773
3.906200 1.621914 1.730820 2.331602 2.559883 2.771992 5.152852
3.906300 1.622148 1.730742 2.331602 2.560039 2.771914 5.152930
3.906400 1.622305 1.730664 2.331602 2.560195 2.771914 5.153086
3.906500 1.622461 1.730586 2.331602 2.560273 2.771836 5.153164
3.906600 1.622695 1.730430 2.331602 2.560430 2.771836 5.153242
3.906700 1.622852 1.730352 2.331602 2.560586 2.771758 5.153398
3.906800 1.623008 1.730273 2.331602 2.560742 2.771680 5.153477
3.906900 1.623242 1.730195 2.331602 2.560820 2.771680 5.153633
3.907000 1.623398 1.730039 2.331602 2.560977 2.771602 5.153711
3.907100 1.623633 1.729961 2.331602 2.561133 2.771523 5.153789
3.907200 1.623789 1.729883 2.331602 2.561289 2.771523 5.153945
3.907300 1.623945 1.729727 2.331602 2.561367 2.771445 5.154023
3.907400 1.624180 1.729648 2.331602 2.561523 2.771367 5.154102
3.907500 1.624336 1.729570 2.331602 2.561680 2.771367 5.154258
3.907600 1.624570 1.729492 2.331602 2.561836 2.771289 5.154336
3.907700 1.624727 1.729336 2.331602 2.561914 2.771211 5.154414
3.907800 1.624883 1.729258 2.331680 2.562070 2.771211 5.154570
3.907900 1.625117 1.729180 2.331680 2.562227 2.771133 5.154648
3.908000 1.625273 1.729023 2.331680 2.562383 2.771055 5.154805
3.908100 1.625508 1.728945 2.331680 2.562461 2.771055 5.154883
3.908200 1.625664 1.728867 2.331680 2.562617 2.770977 5.154961
3.908300 1.625898 1.728711 2.331680 2.562773 2.770898 5.155117
3.908400 1.626055 1.728633 2.331680 2.562930 2.770898 5.155195
3.908500 1.626289 1.728555 2.331680 2.563008 2.770820 5.155273
3.908600 1.626445 1.728398 2.331680 2.563164 2.770742 5.155430
3.908700 1.626680 1.728320 2.331680 2.563320 2.770742 5.155508
3.908800 1.626836 1.728242 2.331680 2.563477 2.770664 5.155586
3.908900 1.627070 1.728086 2.331680 2.563555 2.770586 5.155742
3.909000 1.627227 1.728008 2.331680 2.563711 2.770586 5.155820
3.909100 1.627461 1.727852 2.331680 2.563867 2.770508 5.155977
3.909200 1.627617 1.727773 2.331680 2.564023 2.770430 5.156055
3.909300 1.627852 1.727695 2.331680 2.564180 2.770430 5.156133
3.909400 1.628008 1.727539 2.331680 2.564258 2.770352 5.156289
3.909500 1.628242 1.727461 2.331680 2.564414 2.770273 5.156367
3.909600 1.628398 1.727305 2.331680 2.564570 2.770273 5.156445
3.909700 1.628633 1.727227 2.331680 2.564727 2.770195 5.156602
3.909800 1.628789 1.727148 2.331680 2.564805 2.770117 5.156680
3.909900 1.629023 1.726992 2.331680 2.564961 2.770117 5.156758
3.910000 1.629180 1.726914 2.331680 2.565117 2.770039 5.156914
3.910100 1.629414 1.726758 2.331680 2.565273 2.769961 5.156992
3.910200 1.629570 1.726680 2.331680 2.565430 2.769961 5.157070
3.910300 1.629805 1.726523 2.331680 2.565508 2.769883 5.157227
3.910400 1.630039 1.726445 2.331758 2.565664 2.769805 5.157305
3.910500 1.630195 1.726367 2.331758 2.565820 2.769805 5.157461
3.910600 1.630430 1.726211 2.331758 2.565977 2.769727 5.157539
3.910700 1.630586 1.726133 2.331758 2.566133 2.769648 5.157617
3.910800 1.630820 1.725977 2.331758 2.566211 2.769648 5.157773
3.910900 1.631055 1.725898 2.331758 2.566367 2.769570 5.157852
3.911000 1.631211 1.725742 2.331758 2.566523 2.769492 5.157930
3.911100 1.631445 1.725664 2.331758 2.566680 2.769414 5.158086
3.911200 1.631602 1.725508 2.331758 2.566836 2.769414 5.158164
3.911300 1.631836 1.725430 2.331758 2.566914 2.769336 5.158242
3.911400 1.632070 1.725273 2.331758 2.567070 2.769258 5.158398
3.911500 1.632227 1.725117 2.331758 2.567227 2.769258 5.158477
3.911600 1.632461 1.725039 2.331758 2.567383 2.769180 5.158633
3.911700 1.632695 1.724883 2.331758 2.567539 2.769102 5.158711
3.911800 1.632852 1.724805 2.331758 2.567695 2.769102 5.158789
3.911900 1.633086 1.724648 2.331758 2.567773 2.769023 5.158945
3.912000 1.633320 1.724570 2.331758 2.567930 2.768945 5.159023
3.912100 1.633555 1.724414 2.331758 2.568086 2.768867 5.159102
3.912200 1.633711 1.724258 2.331758 2.568242 2.768867 5.159258
3.912300 1.633945 1.724180 2.331758 2.568398 2.768789 5.159336
3.912400 1.634180 1.724023 2.331836 2.568555 2.768711 5.159414
3.912500 1.634336 1.723945 2.331836 2.568633 2.768711 5.159570
3.912600 1.634570 1.723789 2.331836 2.568789 2.768633 5.159648
3.912700 1.634805 1.723633 2.331836 2.568945 2.768555 5.159727
3.912800 1.635039 1.723555 2.331836 2.569102 2.768477 5.159883
3.912900 1.635195 1.723398 2.331836 2.569258 2.768477 5.159961
3.913000 1.635430 1.723242 2.331836 2.569414 2.768398 5.160117
3.913100 1.635664 1.723164 2.331836 2.569492 2.768320 5.160195
3.913200 1.635898 1.723008 2.331836 2.569648 2.768320 5.160273
3.913300 1.636133 1.722852 2.331836 2.569805 2.768242 5.160430
3.913400 1.636289 1.722773 2.331836 2.569961 2.768164 5.160508
3.913500 1.636523 1.722617 2.331836 2.570117 2.768086 5.160586
3.913600 1.636758 1.722461 2.331836 2.570273 2.768086 5.160742
3.913700 1.636992 1.722383 2.331836 2.570430 2.768008 5.160820
3.913800 1.637227 1.722227 2.331836 2.570508 2.767930 5.160898
3.913900 1.637461 1.722070 2.331836 2.570664 2.767852 5.161055
3.914000 1.637695 1.721914 2.331836 2.570820 2.767852 5.161133
3.914100 1.637852 1.721836 2.331914 2.570977 2.767773 5.161289
3.914200 1.638086 1.721680 2.331914 2.571133 2.767695 5.161367
3.914300 1.638320 1.721523 2.331914 2.571289 2.767617 5.161445
3.914400 1.638555 1.721367 2.331914 2.571445 2.767617 5.161602
3.914500 1.638789 1.721211 2.331914 2.571523 2.767539 5.161680
3.914600 1.639023 1.721133 2.331914 2.571680 2.767461 5.161758
3.914700 1.639258 1.720977 2.331914 2.571836 2.767383 5.161914
3.914800 1.639492 1.720820 2.331914 2.571992 2.767383 5.161992
3.914900 1.639727 1.720664 2.331914 2.572148 2.767305 5.162070
3.915000 1.639961 1.720508 2.331914 2.572305 2.767227 5.162227
3.915100 1.640195 1.720352 2.331914 2.572461 2.767148 5.162305
3.915200 1.640430 1.720195 2.331914 2.572617 2.767148 5.162461
3.915300 1.640664 1.720117 2.331914 2.572695 2.767070 5.162539
3.915400 1.640898 1.719961 2.331914 2.572852 2.766992 5.162617
3.915500 1.641133 1.719805 2.331914 2.573008 2.766914 5.162773
3.915600 1.641367 1.719648 2.331992 2.573164 2.766914 5.162852
3.915700 1.641602 1.719492 2.331992 2.573320 2.766836 5.162930
3.915800 1.641836 1.719336 2.331992 2.573477 2.766758 5.163086
3.915900 1.642070 1.719180 2.331992 2.573633 2.766680 5.163164
3.916000 1.642305 1.719023 2.331992 2.573789 2.766680 5.163242
3.916100 1.642539 1.718867 2.331992 2.573945 2.766602 5.163398
3.916200 1.642852 1.718711 2.331992 2.574102 2.766523 5.163477
3.916300 1.643086 1.718555 2.331992 2.574180 2.766445 5.163555
3.916400 1.643320 1.718398 2.331992 2.574336 2.766367 5.163711
3.916500 1.643555 1.718242 2.331992 2.574492 2.766367 5.163789
3.916600 1.643789 1.718086 2.331992 2.574648 2.766289 5.163945
3.916700 1.644023 1.717930 2.331992 2.574805 2.766211 5.164023
3.916800 1.644336 1.717773 2.331992 2.574961 2.766133 5.164102
3.916900 1.644570 1.717617 2.332070 2.575117 2.766133 5.164258
3.917000 1.644805 1.717383 2.332070 2.575273 2.766055 5.164336
3.917100 1.645039 1.717227 2.332070 2.575430 2.765977 5.164414
3.917200 1.645352 1.717070 2.332070 2.575586 2.765898 5.164570
3.917300 1.645586 1.716914 2.332070 2.575742 2.765820 5.164648
3.917400 1.645820 1.716758 2.332070 2.575820 2.765820 5.164727
3.917500 1.646133 1.716602 2.332070 2.575977 2.765742 5.164883
3.917600 1.646367 1.716367 2.332070 2.576133 2.765664 5.164961
3.917700 1.646602 1.716211 2.332070 2.576289 2.765586 5.165117
3.917800 1.646914 1.716055 2.332070 2.576445 2.765508 5.165195
3.917900 1.647148 1.715898 2.332070 2.576602 2.765508 5.165273
3.918000 1.647461 1.715664 2.332070 2.576758 2.765430 5.165430
3.918100 1.647695 1.715508 2.332070 2.576914 2.765352 5.165508
3.918200 1.647930 1.715352 2.332148 2.577070 2.765273 5.165586
3.918300 1.648242 1.715117 2.332148 2.577227 2.765195 5.165742
3.918400 1.648477 1.714961 2.332148 2.577383 2.765195 5.165820
3.918500 1.648789 1.714727 2.332148 2.577539 2.765117 5.165898
3.918600 1.649023 1.714570 2.332148 2.577695 2.765039 5.166055
3.918700 1.649336 1.714414 2.332148 2.577852 2.764961 5.166133
3.918800 1.649648 1.714180 2.332148 2.578008 2.764883 5.166289
3.918900 1.649883 1.714023 2.332148 2.578164 2.764883 5.166367
3.919000 1.650195 1.713789 2.332148 2.578320 2.764805 5.166445
3.919100 1.650430 1.713633 2.332148 2.578398 2.764727 5.166602
3.919200 1.650742 1.713398 2.332148 2.578555 2.764648 5.166680
3.919300 1.651055 1.713164 2.332148 2.578711 2.764570 5.166758
3.919400 1.651367 1.713008 2.332227 2.578867 2.764492 5.166914
3.919500 1.651602 1.712773 2.332227 2.579023 2.764492 5.166992
3.919600 1.651914 1.712617 2.332227 2.579180 2.764414 5.167070
3.919700 1.652227 1.712383 2.332227 2.579336 2.764336 5.167227
3.919800 1.652539 1.712148 2.332227 2.579492 2.764258 5.167305
3.919900 1.652852 1.711914 2.332227 2.579648 2.764180 5.167461
3.920000 1.653086 1.711758 2.332227 2.579805 2.764102 5.167539
3.920100 1.653398 1.711523 2.332227 2.579961 2.764102 5.167617
3.920200 1.653711 1.711289 2.332227 2.580117 2.764023 5.167773
3.920300 1.654023 1.711055 2.332227 2.580273 2.763945 5.167852
3.920400 1.654336 1.710820 2.332227 2.580430 2.763867 5.167930
3.920500 1.654648 1.710586 2.332305 2.580586 2.763789 5.168086
3.920600 1.654961 1.710352 2.332305 2.580742 2.763711 5.168164
3.920700 1.655352 1.710195 2.332305 2.580898 2.763633 5.168242
3.920800 1.655664 1.709883 2.332305 2.581055 2.763633 5.168398
3.920900 1.655977 1.709648 2.332305 2.581211 2.763555 5.168477
3.921000 1.656289 1.709414 2.332305 2.581367 2.763477 5.168555
3.921100 1.656602 1.709180 2.332305 2.581523 2.763398 5.168711
3.921200 1.656992 1.708945 2.332305 2.581680 2.763320 5.168789
3.921300 1.657305 1.708711 2.332305 2.581836 2.763242 5.168945
3.921400 1.657617 1.708398 2.332305 2.581992 2.763164 5.169023
3.921500 1.658008 1.708164 2.332305 2.582148 2.763164 5.169102
3.921600 1.658320 1.707930 2.332383 2.582305 2.763086 5.169258
3.921700 1.658711 1.707617 2.332383 2.582461 2.763008 5.169336
3.921800 1.659102 1.707383 2.332383 2.582617 2.762930 5.169414
3.921900 1.659414 1.707070 2.332383 2.582773 2.762852 5.169570
3.922000 1.659805 1.706836 2.332383 2.582930 2.762773 5.169648
3.922100 1.660195 1.706523 2.332383 2.583086 2.762695 5.169727
3.922200 1.660508 1.706211 2.332383 2.583242 2.762617 5.169883
3.922300 1.660898 1.705977 2.332383 2.583398 2.762617 5.169961
3.922400 1.661289 1.705664 2.332383 2.583555 2.762539 5.170117
3.922500 1.661680 1.705352 2.332383 2.583711 2.762461 5.170195
3.922600 1.662070 1.705039 2.332461 2.583867 2.762383 5.170273
3.922700 1.662539 1.704727 2.332461 2.584023 2.762305 5.170430
3.922800 1.662930 1.704414 2.332461 2.584180 2.762227 5.170508
3.922900 1.663320 1.704102 2.332461 2.584414 2.762148 5.170586
3.923000 1.663789 1.703711 2.332461 2.584570 2.762070 5.170742
3.923100 1.664180 1.703398 2.332461 2.584727 2.761992 5.170820
3.923200 1.664648 1.703086 2.332461 2.584883 2.761992 5.170898
3.923300 1.665039 1.702695 2.332461 2.585039 2.761914 5.171055
3.923400 1.665508 1.702305 2.332461 2.585195 2.761836 5.171133
3.923500 1.665977 1.701914 2.332539 2.585352 2.761758 5.171289
3.923600 1.666445 1.701523 2.332539 2.585508 2.761680 5.171367
3.923700 1.666914 1.701133 2.332539 2.585664 2.761602 5.171445
3.923800 1.667461 1.700742 2.332539 2.585820 2.761523 5.171602
3.923900 1.667930 1.700352 2.332539 2.585977 2.761445 5.171680
3.924000 1.668477 1.699883 2.332539 2.586133 2.761367 5.171758
3.924100 1.669023 1.699414 2.332539 2.586289 2.761289 5.171914
3.924200 1.669570 1.698945 2.332539 2.586445 2.761211 5.171992
3.924300 1.670117 1.698477 2.332539 2.586602 2.761133 5.172070
3.924400 1.670742 1.698008 2.332539 2.586758 2.761133 5.172227
3.924500 1.671367 1.697461 2.332617 2.586914 2.761055 5.172305
3.924600 1.671992 1.696914 2.332617 2.587148 2.760977 5.172461
3.924700 1.672695 1.696289 2.332617 2.587305 2.760898 5.172539
3.924800 1.673398 1.695664 2.332617 2.587461 2.760820 5.172617
3.924900 1.674180 1.695039 2.332617 2.587617 2.760742 5.172773
3.925000 1.674961 1.694336 2.332617 2.587773 2.760664 5.172852
3.925100 1.675820 1.693477 2.332617 2.587930 2.760586 5.172930
3.925200 1.676758 1.692617 2.332617 2.588086 2.760508 5.173086
3.925300 1.677852 1.691680 2.332617 2.588242 2.760430 5.173164
3.925400 1.679102 1.690508 2.332695 2.588398 2.760352 5.173242
