0.000000 1.000025
0.005000 1.000025
0.010000 1.000025
0.015000 1.000125
0.020000 1.000175
0.025000 1.000325
0.030000 1.000425
0.035000 1.000625
0.040000 1.000775
0.045000 1.001025
0.050000 1.001225
0.055000 1.001525
0.060000 1.001775
0.065000 1.002125
0.070000 1.002425
0.075000 1.002825
0.080000 1.003175
0.085000 1.003625
0.090000 1.004025
0.095000 1.004525
0.100000 1.004975
0.105000 1.005525
0.110000 1.006025
0.115000 1.006625
0.120000 1.007175
0.125000 1.007825
0.130000 1.008425
0.135000 1.009125
0.140000 1.009775
0.145000 1.010525
0.150000 1.011225
0.155000 1.011975
0.160000 1.012775
0.165000 1.013575
0.170000 1.014425
0.175000 1.015275
0.180000 1.016175
0.185000 1.017075
0.190000 1.018025
0.195000 1.018975
0.200000 1.019975
0.205000 1.020975
0.210000 1.021975
0.215000 1.023075
0.220000 1.024125
0.225000 1.025225
0.230000 1.026375
0.235000 1.027525
0.240000 1.028725
0.245000 1.029925
0.250000 1.031125
0.255000 1.032375
0.260000 1.033675
0.265000 1.034975
0.270000 1.036275
0.275000 1.037625
0.280000 1.039025
0.285000 1.040425
0.290000 1.041825
0.295000 1.043275
0.300000 1.044725
0.305000 1.046225
0.310000 1.047775
0.315000 1.049275
0.320000 1.050875
0.325000 1.052475
0.330000 1.054075
0.335000 1.055675
0.340000 1.057375
0.345000 1.059025
0.350000 1.060725
0.355000 1.062475
0.360000 1.064225
0.365000 1.066025
0.370000 1.067825
0.375000 1.069625
0.380000 1.071475
0.385000 1.073325
0.390000 1.075225
0.395000 1.077175
0.400000 1.079075
0.405000 1.081075
0.410000 1.083025
0.415000 1.085025
0.420000 1.087075
0.425000 1.089125
0.430000 1.091175
0.435000 1.093275
0.440000 1.095425
0.445000 1.097575
0.450000 1.099725
0.455000 1.101875
0.460000 1.104125
0.465000 1.106325
0.470000 1.108575
0.475000 1.110875
0.480000 1.113125
0.485000 1.115475
0.490000 1.117825
0.495000 1.120175
0.500000 1.122525
0.505000 1.124925
0.510000 1.127375
0.515000 1.129775
0.520000 1.132275
0.525000 1.134725
0.530000 1.137225
0.535000 1.139775
0.540000 1.142325
0.545000 1.144875
0.550000 1.147475
0.555000 1.150075
0.560000 1.152675
0.565000 1.155325
0.570000 1.158025
0.575000 1.160675
0.580000 1.163375
0.585000 1.166125
0.590000 1.168875
0.595000 1.171625
0.600000 1.174425
0.605000 1.177225
0.610000 1.180025
0.615000 1.182875
