4.015000
4.020000
4.025000
4.030000
4.035000
4.040000
4.045000
4.050000
4.055000
4.060000
4.065000
4.070000
4.075000
4.080000
4.085000
4.090000
4.095000
4.100000
4.105000
4.110000
4.115000
4.120000
4.125000
4.130000
4.135000
4.140000
4.145000
4.150000
4.155000
4.160000
4.165000
4.170000
4.175000
4.180000
4.185000
4.190000
4.195000
4.200000
4.205000
4.210000
4.215000
4.220000
4.225000
4.230000
4.235000
4.240000
4.245000
4.250000
4.255000
4.260000
4.265000
4.270000
4.275000
4.280000
4.285000
4.290000
4.295000
4.300000
4.305000
4.310000
4.315000
4.320000
4.325000
4.330000
4.335000
4.340000
4.345000
4.350000
4.355000
4.360000
4.365000
4.370000
4.375000
4.380000
4.385000
4.390000
4.395000
4.400000
4.405000
4.410000
4.415000
4.420000
4.425000
4.430000
4.435000
4.440000
4.445000
4.450000
4.455000
4.460000
4.465000
4.470000
4.475000
4.480000
4.485000
4.490000
4.495000
4.500000
4.505000
4.510000
4.515000
4.520000
4.525000
4.530000
4.535000
4.540000
4.545000
4.550000
4.555000
4.560000
4.565000
4.570000
4.575000
4.580000
4.585000
4.590000
4.595000
4.600000
4.605000
4.610000
4.615000
4.620000
4.625000
4.630000
4.635000
4.640000
4.645000
4.650000
4.655000
4.660000
4.665000
4.670000
4.675000
4.680000
4.685000
4.690000
4.695000
4.700000
4.705000
4.710000
4.715000
4.720000
4.725000
4.730000
4.735000
4.740000
4.745000
4.750000
4.755000
4.760000
4.765000
4.770000
4.775000
4.780000
4.785000
4.790000
4.795000
4.800000
4.805000
4.810000
4.815000
4.820000
4.825000
4.830000
4.835000
4.840000
4.845000
4.850000
4.855000
4.860000
4.865000
4.870000
4.875000
4.880000
4.885000
4.890000
4.895000
4.900000
4.905000
4.910000
4.915000
4.920000
4.925000
4.930000
4.935000
4.940000
4.945000
4.950000
4.955000
4.960000
4.965000
4.970000
4.975000
4.980000
4.985000
4.990000
4.995000
