0.620000 0.023825
0.625000 0.036325
0.630000 0.045475
0.635000 0.053075
0.640000 0.059725
0.645000 0.065725
0.650000 0.071175
0.655000 0.076275
0.660000 0.081025
0.665000 0.085525
0.670000 0.089825
0.675000 0.093925
0.680000 0.097825
0.685000 0.101625
0.690000 0.105275
0.695000 0.108775
0.700000 0.112225
0.705000 0.115525
0.710000 0.118775
0.715000 0.121925
0.720000 0.125025
0.725000 0.128025
0.730000 0.130975
0.735000 0.133875
0.740000 0.136675
0.745000 0.139475
0.750000 0.142225
0.755000 0.144925
0.760000 0.147575
0.765000 0.150175
0.770000 0.152725
0.775000 0.155275
0.780000 0.157775
0.785000 0.160225
0.790000 0.162675
0.795000 0.165075
0.800000 0.167425
0.805000 0.169775
0.810000 0.172125
0.815000 0.174425
0.820000 0.176675
0.825000 0.178975
0.830000 0.181175
0.835000 0.183375
0.840000 0.185575
0.845000 0.187775
0.850000 0.189925
0.855000 0.192025
0.860000 0.194175
0.865000 0.196275
0.870000 0.198375
0.875000 0.200425
0.880000 0.202475
0.885000 0.204525
0.890000 0.206525
0.895000 0.208575
0.900000 0.210525
0.905000 0.212525
0.910000 0.214525
0.915000 0.216475
0.920000 0.218425
0.925000 0.220375
0.930000 0.222275
0.935000 0.224175
0.940000 0.226125
0.945000 0.227975
0.950000 0.229875
0.955000 0.231775
0.960000 0.233625
0.965000 0.235475
0.970000 0.237325
0.975000 0.239175
0.980000 0.240975
0.985000 0.242825
0.990000 0.244625
0.995000 0.246425
1.000000 0.248225
1.005000 0.250025
1.010000 0.251775
1.015000 0.253575
1.020000 0.255325
1.025000 0.257075
1.030000 0.258825
1.035000 0.260575
1.040000 0.262325
1.045000 0.264025
1.050000 0.265775
1.055000 0.267475
1.060000 0.269175
1.065000 0.270875
1.070000 0.272575
1.075000 0.274275
1.080000 0.275975
1.085000 0.277625
1.090000 0.279325
1.095000 0.280975
1.100000 0.282625
1.105000 0.284275
1.110000 0.285925
1.115000 0.287575
1.120000 0.289225
1.125000 0.290875
1.130000 0.292475
1.135000 0.294125
1.140000 0.295725
1.145000 0.297325
1.150000 0.298925
1.155000 0.300575
1.160000 0.302175
1.165000 0.303725
1.170000 0.305325
1.175000 0.306925
1.180000 0.308475
1.185000 0.310075
1.190000 0.311625
1.195000 0.313225
1.200000 0.314775
1.205000 0.316325
1.210000 0.317875
1.215000 0.319425
1.220000 0.320975
1.225000 0.322475
1.230000 0.324025
1.235000 0.325575
1.240000 0.327075
1.245000 0.328625
1.250000 0.330125
1.255000 0.331625
1.260000 0.333125
1.265000 0.334625
1.270000 0.336125
1.275000 0.337625
1.280000 0.339125
1.285000 0.340625
1.290000 0.342125
1.295000 0.343575
1.300000 0.345075
1.305000 0.346525
1.310000 0.348025
1.315000 0.349475
1.320000 0.350925
1.325000 0.352375
1.330000 0.353825
1.335000 0.355275
1.340000 0.356725
1.345000 0.358175
1.350000 0.359625
1.355000 0.361025
1.360000 0.362475
1.365000 0.363875
1.370000 0.365325
1.375000 0.366725
1.380000 0.368125
1.385000 0.369575
1.390000 0.370975
1.395000 0.372375
1.400000 0.373775
1.405000 0.375175
1.410000 0.376525
1.415000 0.377925
1.420000 0.379325
1.425000 0.380675
1.430000 0.382075
1.435000 0.383425
1.440000 0.384825
1.445000 0.386175
1.450000 0.387525
1.455000 0.388925
1.460000 0.390275
1.465000 0.391625
1.470000 0.392975
1.475000 0.394275
1.480000 0.395625
1.485000 0.396975
1.490000 0.398325
1.495000 0.399625
1.500000 0.400975
1.505000 0.402275
1.510000 0.403575
1.515000 0.404925
1.520000 0.406225
1.525000 0.407525
1.530000 0.408825
1.535000 0.410125
1.540000 0.411425
1.545000 0.412725
1.550000 0.413975
1.555000 0.415275
1.560000 0.416575
1.565000 0.417825
1.570000 0.419125
1.575000 0.420375
1.580000 0.421625
1.585000 0.422925
1.590000 0.424175
1.595000 0.425425
1.600000 0.426675
1.605000 0.427925
1.610000 0.429125
1.615000 0.430375
1.620000 0.431625
1.625000 0.432825
1.630000 0.434075
1.635000 0.435275
1.640000 0.436525
1.645000 0.437725
1.650000 0.438925
1.655000 0.440125
1.660000 0.441325
1.665000 0.442525
1.670000 0.443725
1.675000 0.444925
1.680000 0.446125
1.685000 0.447275
1.690000 0.448475
1.695000 0.449625
1.700000 0.450825
1.705000 0.451975
1.710000 0.453125
1.715000 0.454275
1.720000 0.455425
1.725000 0.456575
1.730000 0.457725
1.735000 0.458875
1.740000 0.459975
1.745000 0.461125
1.750000 0.462275
1.755000 0.463375
1.760000 0.464475
1.765000 0.465625
1.770000 0.466725
1.775000 0.467825
1.780000 0.468925
1.785000 0.469975
1.790000 0.471075
1.795000 0.472175
1.800000 0.473225
1.805000 0.474325
1.810000 0.475375
1.815000 0.476425
1.820000 0.477525
1.825000 0.478575
1.830000 0.479625
1.835000 0.480625
1.840000 0.481675
1.845000 0.482725
1.850000 0.483725
1.855000 0.484775
1.860000 0.485775
1.865000 0.486775
1.870000 0.487775
1.875000 0.488775
1.880000 0.489775
1.885000 0.490725
1.890000 0.491725
1.895000 0.492675
1.900000 0.493625
1.905000 0.494625
1.910000 0.495575
1.915000 0.496475
1.920000 0.497425
1.925000 0.498325
1.930000 0.499275
1.935000 0.500175
1.940000 0.501075
1.945000 0.501975
1.950000 0.502825
1.955000 0.503675
1.960000 0.504525
1.965000 0.505375
1.970000 0.506175
1.975000 0.506975
1.980000 0.507725
1.985000 0.508525
1.990000 0.509325
1.995000 0.510175
2.000000 0.510975
2.005000 0.511825
2.010000 0.512675
2.015000 0.513525
2.020000 0.514375
2.025000 0.515275
2.030000 0.516125
2.035000 0.517025
2.040000 0.517925
2.045000 0.518775
2.050000 0.519675
2.055000 0.520575
2.060000 0.521475
2.065000 0.522375
2.070000 0.523275
2.075000 0.524175
2.080000 0.525125
2.085000 0.526025
2.090000 0.526925
2.095000 0.527875
2.100000 0.528775
2.105000 0.529725
2.110000 0.530625
2.115000 0.531575
2.120000 0.532475
2.125000 0.533425
2.130000 0.534375
2.135000 0.535325
2.140000 0.536225
2.145000 0.537175
2.150000 0.538125
2.155000 0.539075
2.160000 0.540025
2.165000 0.540975
2.170000 0.541925
2.175000 0.542875
2.180000 0.543875
2.185000 0.544825
2.190000 0.545775
2.195000 0.546725
2.200000 0.547725
2.205000 0.548675
2.210000 0.549625
2.215000 0.550625
2.220000 0.551575
2.225000 0.552575
2.230000 0.553525
2.235000 0.554525
2.240000 0.555475
2.245000 0.556475
2.250000 0.557475
2.255000 0.558475
2.260000 0.559425
2.265000 0.560425
2.270000 0.561425
2.275000 0.562425
2.280000 0.563425
2.285000 0.564375
2.290000 0.565375
2.295000 0.566375
2.300000 0.567375
2.305000 0.568375
2.310000 0.569425
2.315000 0.570425
2.320000 0.571425
2.325000 0.572425
2.330000 0.573425
2.335000 0.574425
2.340000 0.575475
2.345000 0.576475
2.350000 0.577475
2.355000 0.578525
2.360000 0.579525
2.365000 0.580525
2.370000 0.581575
2.375000 0.582575
2.380000 0.583625
2.385000 0.584625
2.390000 0.585675
2.395000 0.586725
2.400000 0.587725
2.405000 0.588775
2.410000 0.589825
2.415000 0.590825
2.420000 0.591875
2.425000 0.592925
2.430000 0.593975
2.435000 0.595025
2.440000 0.596075
2.445000 0.597075
2.450000 0.598125
2.455000 0.599175
2.460000 0.600225
2.465000 0.601275
2.470000 0.602325
2.475000 0.603425
2.480000 0.604475
2.485000 0.605525
2.490000 0.606575
2.495000 0.607625
2.500000 0.608725
2.505000 0.609775
2.510000 0.610825
2.515000 0.611875
2.520000 0.612975
2.525000 0.614025
2.530000 0.615125
2.535000 0.616175
2.540000 0.617275
2.545000 0.618325
2.550000 0.619425
2.555000 0.620475
2.560000 0.621575
2.565000 0.622625
2.570000 0.623725
2.575000 0.624825
2.580000 0.625925
2.585000 0.626975
2.590000 0.628075
2.595000 0.629175
2.600000 0.630275
2.605000 0.631375
2.610000 0.632475
2.615000 0.633575
2.620000 0.634625
2.625000 0.635725
2.630000 0.636875
2.635000 0.637975
2.640000 0.639075
2.645000 0.640175
2.650000 0.641275
2.655000 0.642375
2.660000 0.643475
2.665000 0.644625
2.670000 0.645725
2.675000 0.646825
2.680000 0.647925
2.685000 0.649075
2.690000 0.650175
2.695000 0.651325
2.700000 0.652425
2.705000 0.653575
2.710000 0.654675
2.715000 0.655825
2.720000 0.656925
2.725000 0.658075
2.730000 0.659175
2.735000 0.660325
2.740000 0.661475
2.745000 0.662575
2.750000 0.663725
2.755000 0.664875
2.760000 0.666025
2.765000 0.667175
2.770000 0.668325
2.775000 0.669425
2.780000 0.670575
2.785000 0.671725
2.790000 0.672875
2.795000 0.674025
2.800000 0.675175
2.805000 0.676325
2.810000 0.677525
2.815000 0.678675
2.820000 0.679825
2.825000 0.680975
2.830000 0.682125
2.835000 0.683325
2.840000 0.684475
2.845000 0.685625
2.850000 0.686825
2.855000 0.687975
2.860000 0.689125
2.865000 0.690325
2.870000 0.691475
2.875000 0.692675
2.880000 0.693825
2.885000 0.695025
2.890000 0.696175
2.895000 0.697375
2.900000 0.698575
2.905000 0.699725
2.910000 0.700925
2.915000 0.702125
2.920000 0.703325
2.925000 0.704525
2.930000 0.705675
2.935000 0.706875
2.940000 0.708075
2.945000 0.709275
2.950000 0.710475
2.955000 0.711675
2.960000 0.712875
2.965000 0.714075
2.970000 0.715275
2.975000 0.716475
2.980000 0.717725
2.985000 0.718925
2.990000 0.720125
2.995000 0.721325
3.000000 0.722525
3.005000 0.723775
3.010000 0.724975
3.015000 0.726175
3.020000 0.727425
3.025000 0.728625
3.030000 0.729875
3.035000 0.731075
3.040000 0.732325
3.045000 0.733525
3.050000 0.734775
3.055000 0.735975
3.060000 0.737225
3.065000 0.738475
3.070000 0.739675
3.075000 0.740925
3.080000 0.742175
3.085000 0.743425
3.090000 0.744675
3.095000 0.745875
3.100000 0.747125
3.105000 0.748375
3.110000 0.749625
3.115000 0.750875
3.120000 0.752125
3.125000 0.753375
3.130000 0.754625
3.135000 0.755875
3.140000 0.757175
3.145000 0.758425
3.150000 0.759675
3.155000 0.760925
3.160000 0.762175
3.165000 0.763475
3.170000 0.764725
3.175000 0.765975
3.180000 0.767275
3.185000 0.768525
3.190000 0.769825
3.195000 0.771075
3.200000 0.772375
3.205000 0.773625
3.210000 0.774925
3.215000 0.776175
3.220000 0.777475
3.225000 0.778775
3.230000 0.780025
3.235000 0.781325
3.240000 0.782625
3.245000 0.783925
3.250000 0.785225
3.255000 0.786475
3.260000 0.787775
3.265000 0.789075
3.270000 0.790375
3.275000 0.791675
3.280000 0.792975
3.285000 0.794275
3.290000 0.795575
3.295000 0.796875
3.300000 0.798225
3.305000 0.799525
3.310000 0.800825
3.315000 0.802125
3.320000 0.803425
3.325000 0.804775
3.330000 0.806075
3.335000 0.807375
3.340000 0.808725
3.345000 0.810025
3.350000 0.811375
3.355000 0.812675
3.360000 0.814025
3.365000 0.815325
3.370000 0.816675
3.375000 0.817975
3.380000 0.819325
3.385000 0.820675
3.390000 0.822025
3.395000 0.823325
3.400000 0.824675
3.405000 0.826025
3.410000 0.827375
3.415000 0.828725
3.420000 0.830025
3.425000 0.831375
3.430000 0.832725
3.435000 0.834075
3.440000 0.835425
3.445000 0.836775
3.450000 0.838125
3.455000 0.839525
3.460000 0.840875
3.465000 0.842225
3.470000 0.843575
3.475000 0.844925
3.480000 0.846325
3.485000 0.847675
3.490000 0.849025
3.495000 0.850425
3.500000 0.851775
3.505000 0.853175
3.510000 0.854525
3.515000 0.855875
3.520000 0.857275
3.525000 0.858675
3.530000 0.860025
3.535000 0.861425
3.540000 0.862775
3.545000 0.864175
3.550000 0.865575
3.555000 0.866975
3.560000 0.868325
3.565000 0.869725
3.570000 0.871125
3.575000 0.872525
3.580000 0.873925
3.585000 0.875325
3.590000 0.876725
3.595000 0.878125
3.600000 0.879525
3.605000 0.880925
3.610000 0.882325
3.615000 0.883725
3.620000 0.885125
3.625000 0.886525
3.630000 0.887975
3.635000 0.889375
3.640000 0.890775
3.645000 0.892225
3.650000 0.893625
3.655000 0.895025
3.660000 0.896475
3.665000 0.897875
3.670000 0.899325
3.675000 0.900725
3.680000 0.902175
3.685000 0.903575
3.690000 0.905025
3.695000 0.906475
3.700000 0.907875
3.705000 0.909325
3.710000 0.910775
3.715000 0.912175
3.720000 0.913625
3.725000 0.915075
3.730000 0.916525
3.735000 0.917975
3.740000 0.919425
3.745000 0.920875
3.750000 0.922325
3.755000 0.923775
3.760000 0.925225
3.765000 0.926675
3.770000 0.928125
3.775000 0.929575
3.780000 0.931025
3.785000 0.932475
3.790000 0.933975
3.795000 0.935425
3.800000 0.936875
3.805000 0.938375
3.810000 0.939825
3.815000 0.941275
3.820000 0.942775
3.825000 0.944225
3.830000 0.945725
3.835000 0.947175
3.840000 0.948675
3.845000 0.950125
3.850000 0.951625
3.855000 0.953125
3.860000 0.954575
3.865000 0.956075
3.870000 0.957575
3.875000 0.959075
3.880000 0.960525
3.885000 0.962025
3.890000 0.963525
3.895000 0.965025
3.900000 0.966525
3.905000 0.968025
3.910000 0.969525
3.915000 0.971025
3.920000 0.972525
3.925000 0.974025
3.930000 0.975525
3.935000 0.977025
3.940000 0.978575
3.945000 0.980075
3.950000 0.981575
3.955000 0.983075
3.960000 0.984625
3.965000 0.986125
3.970000 0.987625
3.975000 0.989175
3.980000 0.990675
3.985000 0.992225
3.990000 0.993725
3.995000 0.995275
4.000000 0.996775
4.005000 0.998325
4.010000 0.999875
