1.0150010000 0.0004062500
1.0200010000 0.0010312500
1.0250010000 0.0016562500
1.0300010000 0.0022812500
1.0350010000 0.0029062500
1.0400010000 0.0035312500
1.0450010000 0.0041562500
1.0500010000 0.0047812500
1.0550010000 0.0054062500
1.0600010000 0.0060312500
1.0650010000 0.0066562500
1.0700010000 0.0072187500
1.0750010000 0.0078437500
1.0800010000 0.0084687500
1.0850010000 0.0090937500
1.0900010000 0.0096562500
1.0950010000 0.0102812500
1.1000010000 0.0109062500
1.1050010000 0.0114687500
1.1100010000 0.0120937500
1.1150010000 0.0126562500
1.1200010000 0.0132812500
1.1250010000 0.0138437500
1.1300010000 0.0144062500
1.1350010000 0.0150312500
1.1400010000 0.0155937500
1.1450010000 0.0161562500
1.1500010000 0.0167812500
1.1550010000 0.0173437500
1.1600010000 0.0179062500
1.1650010000 0.0184687500
1.1700010000 0.0190312500
1.1750010000 0.0196562500
1.1800010000 0.0202187500
1.1850010000 0.0207812500
1.1900010000 0.0213437500
1.1950010000 0.0219062500
1.2000010000 0.0224687500
1.2050010000 0.0230312500
1.2100010000 0.0235312500
1.2150010000 0.0240937500
1.2200010000 0.0246562500
1.2250010000 0.0252187500
1.2300010000 0.0257187500
1.2350010000 0.0262812500
1.2400010000 0.0268437500
1.2450010000 0.0273437500
1.2500010000 0.0279062500
1.2550010000 0.0284687500
1.2600010000 0.0289687500
1.2650010000 0.0295312500
1.2700010000 0.0300312500
1.2750010000 0.0305312500
1.2800010000 0.0310937500
1.2850010000 0.0315937500
1.2900010000 0.0321562500
1.2950010000 0.0326562500
1.3000010000 0.0331562500
1.3050010000 0.0336562500
1.3100010000 0.0341562500
1.3150010000 0.0347187500
1.3200010000 0.0352187500
1.3250010000 0.0357187500
1.3300010000 0.0362187500
1.3350010000 0.0367187500
1.3400010000 0.0372187500
1.3450010000 0.0376562500
1.3500010000 0.0381562500
1.3550010000 0.0386562500
1.3600010000 0.0391562500
1.3650010000 0.0396562500
1.3700010000 0.0400937500
1.3750010000 0.0405937500
1.3800010000 0.0410937500
1.3850010000 0.0415312500
1.3900010000 0.0420312500
1.3950010000 0.0425312500
1.4000010000 0.0429687500
1.4050010000 0.0434062500
1.4100010000 0.0439062500
1.4150010000 0.0443437500
1.4200010000 0.0448437500
1.4250010000 0.0452812500
1.4300010000 0.0457187500
1.4350010000 0.0461562500
1.4400010000 0.0466562500
1.4450010000 0.0470937500
1.4500010000 0.0475312500
1.4550010000 0.0479687500
1.4600010000 0.0484062500
1.4650010000 0.0488437500
1.4700010000 0.0492812500
1.4750010000 0.0497187500
1.4800010000 0.0501562500
1.4850010000 0.0505312500
1.4900010000 0.0509687500
1.4950010000 0.0514062500
1.5000010000 0.0518437500
1.5050010000 0.0522187500
1.5100010000 0.0526562500
1.5150010000 0.0530937500
1.5200010000 0.0534687500
1.5250010000 0.0539062500
1.5300010000 0.0542812500
1.5350010000 0.0547187500
1.5400010000 0.0550937500
1.5450010000 0.0554687500
1.5500010000 0.0559062500
1.5550010000 0.0562812500
1.5600010000 0.0566562500
1.5650010000 0.0570312500
1.5700010000 0.0574062500
1.5750010000 0.0577812500
1.5800010000 0.0581562500
1.5850010000 0.0585312500
1.5900010000 0.0589062500
1.5950010000 0.0592812500
1.6000010000 0.0596562500
1.6050010000 0.0600312500
1.6100010000 0.0604062500
1.6150010000 0.0607812500
1.6200010000 0.0610937500
1.6250010000 0.0614687500
1.6300010000 0.0618437500
1.6350010000 0.0621562500
1.6400010000 0.0625312500
1.6450010000 0.0628437500
1.6500010000 0.0632187500
1.6550010000 0.0635312500
1.6600010000 0.0638437500
1.6650010000 0.0642187500
1.6700010000 0.0645312500
1.6750010000 0.0648437500
1.6800010000 0.0651562500
1.6850010000 0.0655312500
1.6900010000 0.0658437500
1.6950010000 0.0661562500
1.7000010000 0.0664687500
1.7050010000 0.0667812500
1.7100010000 0.0670937500
1.7150010000 0.0674062500
1.7200010000 0.0676562500
1.7250010000 0.0679687500
1.7300010000 0.0682812500
1.7350010000 0.0685937500
1.7400010000 0.0688437500
1.7450010000 0.0691562500
1.7500010000 0.0694062500
1.7550010000 0.0697187500
1.7600010000 0.0699687500
1.7650010000 0.0702812500
1.7700010000 0.0705312500
1.7750010000 0.0707812500
1.7800010000 0.0710937500
1.7850010000 0.0713437500
1.7900010000 0.0715937500
1.7950010000 0.0718437500
1.8000010000 0.0720937500
1.8050010000 0.0723437500
1.8100010000 0.0725937500
1.8150010000 0.0728437500
1.8200010000 0.0730937500
1.8250010000 0.0733437500
1.8300010000 0.0735937500
1.8350010000 0.0737812500
1.8400010000 0.0740312500
1.8450010000 0.0742812500
1.8500010000 0.0744687500
1.8550010000 0.0747187500
1.8600010000 0.0749062500
1.8650010000 0.0751562500
1.8700010000 0.0753437500
1.8750010000 0.0755312500
1.8800010000 0.0757812500
1.8850010000 0.0759687500
1.8900010000 0.0761562500
1.8950010000 0.0763437500
1.9000010000 0.0765312500
1.9050010000 0.0767187500
1.9100010000 0.0769062500
1.9150010000 0.0770937500
1.9200010000 0.0772812500
1.9250010000 0.0774687500
1.9300010000 0.0776562500
1.9350010000 0.0777812500
1.9400010000 0.0779687500
1.9450010000 0.0781562500
1.9500010000 0.0782812500
1.9550010000 0.0784687500
1.9600010000 0.0785937500
1.9650010000 0.0787187500
1.9700010000 0.0789062500
1.9750010000 0.0790312500
1.9800010000 0.0791562500
1.9850010000 0.0792812500
1.9900010000 0.0794687500
1.9950010000 0.0795937500
2.0000010000 0.0797187500
2.0050010000 0.0798437500
2.0100010000 0.0799062500
2.0150010000 0.0800312500
2.0200010000 0.0801562500
2.0250010000 0.0802812500
2.0300010000 0.0803437500
2.0350010000 0.0804687500
2.0400010000 0.0805937500
2.0450010000 0.0806562500
2.0500010000 0.0807812500
2.0550010000 0.0808437500
2.0600010000 0.0809062500
2.0650010000 0.0810312500
2.0700010000 0.0810937500
2.0750010000 0.0811562500
2.0800010000 0.0812187500
2.0850010000 0.0812812500
2.0900010000 0.0813437500
2.0950010000 0.0814062500
2.1000010000 0.0814687500
2.1050010000 0.0815312500
2.1100010000 0.0815312500
2.1150010000 0.0815937500
2.1200010000 0.0816562500
2.1250010000 0.0816562500
2.1300010000 0.0817187500
2.1350010000 0.0817187500
2.1400010000 0.0817187500
2.1450010000 0.0817812500
2.1500010000 0.0817812500
2.1550010000 0.0817812500
2.1600010000 0.0817812500
2.1650010000 0.0817812500
2.1700010000 0.0817812500
2.1750010000 0.0817812500
2.1800010000 0.0817812500
2.1850010000 0.0817812500
2.1900010000 0.0817187500
2.1950010000 0.0817187500
2.2000010000 0.0817187500
2.2050010000 0.0816562500
2.2100010000 0.0816562500
2.2150010000 0.0815937500
2.2200010000 0.0815312500
2.2250010000 0.0815312500
2.2300010000 0.0814687500
2.2350010000 0.0814062500
2.2400010000 0.0813437500
2.2450010000 0.0812812500
2.2500010000 0.0812187500
2.2550010000 0.0811562500
2.2600010000 0.0810312500
2.2650010000 0.0809687500
2.2700010000 0.0809062500
2.2750010000 0.0807812500
2.2800010000 0.0807187500
2.2850010000 0.0805937500
2.2900010000 0.0804687500
2.2950010000 0.0804062500
2.3000010000 0.0802812500
2.3050010000 0.0801562500
2.3100010000 0.0800312500
2.3150010000 0.0799062500
2.3200010000 0.0797812500
2.3250010000 0.0796562500
2.3300010000 0.0795312500
2.3350010000 0.0793437500
2.3400010000 0.0792187500
2.3450010000 0.0790312500
2.3500010000 0.0789062500
2.3550010000 0.0787187500
2.3600010000 0.0785312500
2.3650010000 0.0784062500
2.3700010000 0.0782187500
2.3750010000 0.0780312500
2.3800010000 0.0778437500
2.3850010000 0.0776562500
2.3900010000 0.0774062500
2.3950010000 0.0772187500
2.4000010000 0.0770312500
2.4050010000 0.0767812500
2.4100010000 0.0765937500
2.4150010000 0.0763437500
2.4200010000 0.0761562500
2.4250010000 0.0759062500
2.4300010000 0.0756562500
2.4350010000 0.0754062500
2.4400010000 0.0751562500
2.4450010000 0.0749062500
2.4500010000 0.0746562500
2.4550010000 0.0743437500
2.4600010000 0.0740937500
2.4650010000 0.0737812500
2.4700010000 0.0735312500
2.4750010000 0.0732187500
2.4800010000 0.0729687500
2.4850010000 0.0726562500
2.4900010000 0.0723437500
2.4950010000 0.0720312500
2.5000010000 0.0717187500
2.5050010000 0.0713437500
2.5100010000 0.0710312500
2.5150010000 0.0707187500
2.5200010000 0.0703437500
2.5250010000 0.0700312500
2.5300010000 0.0696562500
2.5350010000 0.0692812500
2.5400010000 0.0689062500
2.5450010000 0.0685312500
2.5500010000 0.0681562500
2.5550010000 0.0677812500
2.5600010000 0.0674062500
2.5650010000 0.0669687500
2.5700010000 0.0665937500
2.5750010000 0.0661562500
2.5800010000 0.0657187500
2.5850010000 0.0653437500
2.5900010000 0.0649062500
2.5950010000 0.0644687500
2.6000010000 0.0639687500
2.6050010000 0.0635312500
2.6100010000 0.0630937500
2.6150010000 0.0625937500
2.6200010000 0.0621562500
2.6250010000 0.0616562500
2.6300010000 0.0611562500
2.6350010000 0.0606562500
2.6400010000 0.0601562500
2.6450010000 0.0596562500
2.6500010000 0.0590937500
2.6550010000 0.0585937500
2.6600010000 0.0580312500
2.6650010000 0.0575312500
2.6700010000 0.0569687500
2.6750010000 0.0564062500
2.6800010000 0.0558437500
2.6850010000 0.0552812500
2.6900010000 0.0546562500
2.6950010000 0.0540937500
2.7000010000 0.0534687500
2.7050010000 0.0528437500
2.7100010000 0.0522812500
2.7150010000 0.0516562500
2.7200010000 0.0509687500
2.7250010000 0.0503437500
2.7300010000 0.0497187500
2.7350010000 0.0490312500
2.7400010000 0.0483437500
2.7450010000 0.0476562500
2.7500010000 0.0469687500
2.7550010000 0.0462812500
2.7600010000 0.0455937500
2.7650010000 0.0448437500
2.7700010000 0.0441562500
2.7750010000 0.0434062500
2.7800010000 0.0426562500
2.7850010000 0.0418437500
2.7900010000 0.0410937500
2.7950010000 0.0403437500
2.8000010000 0.0395312500
2.8050010000 0.0387187500
2.8100010000 0.0379062500
2.8150010000 0.0370937500
2.8200010000 0.0362187500
2.8250010000 0.0354062500
2.8300010000 0.0345312500
2.8350010000 0.0336562500
2.8400010000 0.0327187500
2.8450010000 0.0318437500
2.8500010000 0.0309062500
2.8550010000 0.0300312500
2.8600010000 0.0290312500
2.8650010000 0.0280937500
2.8700010000 0.0271562500
2.8750010000 0.0261562500
2.8800010000 0.0251562500
2.8850010000 0.0241562500
2.8900010000 0.0230937500
2.8950010000 0.0220937500
2.9000010000 0.0210312500
2.9050010000 0.0199687500
2.9100010000 0.0188437500
2.9150010000 0.0177187500
2.9200010000 0.0165937500
2.9250010000 0.0154687500
2.9300010000 0.0143437500
2.9350010000 0.0131562500
2.9400010000 0.0119687500
2.9450010000 0.0107812500
2.9500010000 0.0095312500
2.9550010000 0.0082812500
2.9600010000 0.0070312500
2.9650010000 0.0057812500
2.9700010000 0.0045312500
2.9750010000 0.0032187500
2.9800010000 0.0019687500
2.9850010000 0.0006562500
