0.0001000000 1.0000000049
0.0011000000 1.0000006006
0.0021000000 1.0000022021
0.0031000000 1.0000048096
0.0041000000 1.0000084033
0.0051000000 1.0000130029
0.0061000000 1.0000186084
0.0071000000 1.0000252002
0.0081000000 1.0000328076
0.0091000000 1.0000414014
0.0101000000 1.0000510010
0.0111000000 1.0000616064
0.0121000000 1.0000731982
0.0131000000 1.0000858057
0.0141000000 1.0000993994
0.0151000000 1.0001139990
0.0161000000 1.0001295947
0.0171000000 1.0001461963
0.0181000000 1.0001637939
0.0191000000 1.0001823877
0.0201000000 1.0002019873
0.0211000000 1.0002225830
0.0221000000 1.0002441846
0.0231000000 1.0002667725
0.0241000000 1.0002903662
0.0251000000 1.0003149658
0.0261000000 1.0003405518
0.0271000000 1.0003671436
0.0281000000 1.0003947412
0.0291000000 1.0004233252
0.0301000000 1.0004529150
0.0311000000 1.0004835107
0.0321000000 1.0005150928
0.0331000000 1.0005476807
0.0341000000 1.0005812646
0.0351000000 1.0006158447
0.0361000000 1.0006514307
0.0371000000 1.0006880029
0.0381000000 1.0007255811
0.0391000000 1.0007641553
0.0401000000 1.0008037354
0.0411000000 1.0008443018
0.0421000000 1.0008858740
0.0431000000 1.0009284424
0.0441000000 1.0009720068
0.0451000000 1.0010165674
0.0461000000 1.0010621338
0.0471000000 1.0011086865
0.0481000000 1.0011562451
0.0491000000 1.0012047900
0.0501000000 1.0012543408
0.0511000000 1.0013048877
0.0521000000 1.0013564307
0.0531000000 1.0014089697
0.0541000000 1.0014625049
0.0551000000 1.0015170361
0.0561000000 1.0015725635
0.0571000000 1.0016290869
0.0581000000 1.0016866064
0.0591000000 1.0017451221
0.0601000000 1.0018046338
0.0611000000 1.0018651416
0.0621000000 1.0019266455
0.0631000000 1.0019891357
0.0641000000 1.0020526318
0.0651000000 1.0021171143
0.0661000000 1.0021826025
0.0671000000 1.0022490771
0.0681000000 1.0023165479
0.0691000000 1.0023850049
0.0701000000 1.0024544678
0.0711000000 1.0025249170
0.0721000000 1.0025963623
0.0731000000 1.0026688037
0.0741000000 1.0027422412
0.0751000000 1.0028166650
0.0761000000 1.0028920850
0.0771000000 1.0029684912
0.0781000000 1.0030458936
0.0791000000 1.0031242920
0.0801000000 1.0032036768
0.0811000000 1.0032840576
0.0821000000 1.0033654346
0.0831000000 1.0034477979
0.0841000000 1.0035311475
0.0851000000 1.0036155029
0.0861000000 1.0037008350
0.0871000000 1.0037871631
0.0881000000 1.0038744775
0.0891000000 1.0039627881
0.0901000000 1.0040520850
0.0911000000 1.0041423779
0.0921000000 1.0042336572
0.0931000000 1.0043259229
0.0941000000 1.0044191748
0.0951000000 1.0045134229
0.0961000000 1.0046086572
0.0971000000 1.0047048779
0.0981000000 1.0048020850
0.0991000000 1.0049002881
0.1001000000 1.0049994678
0.1011000000 1.0050996436
0.1021000000 1.0052008057
0.1031000000 1.0053029541
0.1041000000 1.0054060889
0.1051000000 1.0055102100
0.1061000000 1.0056153174
0.1071000000 1.0057214111
0.1081000000 1.0058284912
0.1091000000 1.0059365479
0.1101000000 1.0060456006
0.1111000000 1.0061556299
0.1121000000 1.0062666553
0.1131000000 1.0063786572
0.1141000000 1.0064916455
0.1151000000 1.0066056104
0.1161000000 1.0067205615
0.1171000000 1.0068364990
0.1181000000 1.0069534229
0.1191000000 1.0070713232
0.1201000000 1.0071902100
0.1211000000 1.0073100732
0.1221000000 1.0074309229
0.1231000000 1.0075527588
0.1241000000 1.0076755615
0.1251000000 1.0077993604
0.1261000000 1.0079241260
0.1271000000 1.0080498779
0.1281000000 1.0081766162
0.1291000000 1.0083043213
0.1301000000 1.0084330127
0.1311000000 1.0085626904
0.1321000000 1.0086933350
0.1331000000 1.0088249658
0.1341000000 1.0089575635
0.1351000000 1.0090911475
0.1361000000 1.0092257080
0.1371000000 1.0093612451
0.1381000000 1.0094977588
0.1391000000 1.0096352490
0.1401000000 1.0097737158
0.1411000000 1.0099131494
0.1421000000 1.0100535693
0.1431000000 1.0101949658
0.1441000000 1.0103373291
0.1451000000 1.0104806689
0.1461000000 1.0106249854
0.1471000000 1.0107702686
0.1481000000 1.0109165283
0.1491000000 1.0110637646
0.1501000000 1.0112119678
0.1511000000 1.0113611475
0.1521000000 1.0115112939
0.1531000000 1.0116624170
0.1541000000 1.0118145068
0.1551000000 1.0119675732
0.1561000000 1.0121215967
0.1571000000 1.0122766064
0.1581000000 1.0124325732
0.1591000000 1.0125895166
0.1601000000 1.0127474268
0.1611000000 1.0129063037
0.1621000000 1.0130661475
0.1631000000 1.0132269580
0.1641000000 1.0133887451
0.1651000000 1.0135514893
0.1661000000 1.0137152002
0.1671000000 1.0138798779
0.1681000000 1.0140455225
0.1691000000 1.0142121338
0.1701000000 1.0143797119
0.1711000000 1.0145482471
0.1721000000 1.0147177490
0.1731000000 1.0148882178
0.1741000000 1.0150596436
0.1751000000 1.0152320361
0.1761000000 1.0154053955
0.1771000000 1.0155797119
0.1781000000 1.0157549854
0.1791000000 1.0159312256
0.1801000000 1.0161084229
0.1811000000 1.0162865771
0.1821000000 1.0164656982
0.1831000000 1.0166457764
0.1841000000 1.0168268115
0.1851000000 1.0170088037
0.1861000000 1.0171917627
0.1871000000 1.0173756689
0.1881000000 1.0175605420
0.1891000000 1.0177463623
0.1901000000 1.0179331396
0.1911000000 1.0181208740
0.1921000000 1.0183095654
0.1931000000 1.0184992139
0.1941000000 1.0186898096
0.1951000000 1.0188813623
0.1961000000 1.0190738721
0.1971000000 1.0192673291
0.1981000000 1.0194617432
0.1991000000 1.0196571143
