2.8600000000 3.0796395760
2.8610000000 3.0806085930
2.8620000000 3.0815776558
2.8630000000 3.0825467491
2.8640000000 3.0835158806
2.8650000000 3.0844850502
2.8660000000 3.0854542580
2.8670000000 3.0864235039
2.8680000000 3.0873927879
2.8690000000 3.0883621101
2.8700000000 3.0893314705
2.8710000000 3.0903008690
2.8720000000 3.0912702980
2.8730000000 3.0922397728
2.8740000000 3.0932092781
2.8750000000 3.0941788292
2.8760000000 3.0951484108
2.8770000000 3.0961180305
2.8780000000 3.0970876884
2.8790000000 3.0980573845
2.8800000000 3.0990271187
2.8810000000 3.0999968910
2.8820000000 3.1009666939
2.8830000000 3.1019365425
2.8840000000 3.1029064217
2.8850000000 3.1038763390
2.8860000000 3.1048462944
2.8870000000 3.1058162880
2.8880000000 3.1067863197
2.8890000000 3.1077563896
2.8900000000 3.1087264900
2.8910000000 3.1096966286
2.8920000000 3.1106668129
2.8930000000 3.1116370277
2.8940000000 3.1126072731
2.8950000000 3.1135775642
2.8960000000 3.1145478859
2.8970000000 3.1155182533
2.8980000000 3.1164886513
2.8990000000 3.1174590797
2.9000000000 3.1184295540
2.9010000000 3.1194000664
2.9020000000 3.1203706093
2.9030000000 3.1213411903
2.9040000000 3.1223118095
2.9050000000 3.1232824593
2.9060000000 3.1242531548
2.9070000000 3.1252238808
2.9080000000 3.1261946449
2.9090000000 3.1271654396
2.9100000000 3.1281362801
2.9110000000 3.1291071510
2.9120000000 3.1300780601
2.9130000000 3.1310490074
2.9140000000 3.1320199852
2.9150000000 3.1329910011
2.9160000000 3.1339620552
2.9170000000 3.1349331474
2.9180000000 3.1359042702
2.9190000000 3.1368754387
2.9200000000 3.1378466301
2.9210000000 3.1388178673
2.9220000000 3.1397891350
2.9230000000 3.1407604408
2.9240000000 3.1417317848
2.9250000000 3.1427031593
2.9260000000 3.1436745796
2.9270000000 3.1446460228
2.9280000000 3.1456175117
2.9290000000 3.1465890312
2.9300000000 3.1475605888
2.9310000000 3.1485321846
2.9320000000 3.1495038109
2.9330000000 3.1504754753
2.9340000000 3.1514471703
2.9350000000 3.1524189110
2.9360000000 3.1533906746
2.9370000000 3.1543624840
2.9380000000 3.1553343239
2.9390000000 3.1563062019
2.9400000000 3.1572781181
2.9410000000 3.1582500648
2.9420000000 3.1592220497
2.9430000000 3.1601940651
2.9440000000 3.1611661186
2.9450000000 3.1621382103
2.9460000000 3.1631103325
2.9470000000 3.1640824928
2.9480000000 3.1650546913
2.9490000000 3.1660269203
2.9500000000 3.1669991875
2.9510000000 3.1679714851
2.9520000000 3.1689438210
2.9530000000 3.1699161949
2.9540000000 3.1708885994
2.9550000000 3.1718610420
2.9560000000 3.1728335152
2.9570000000 3.1738060265
2.9580000000 3.1747785683
2.9590000000 3.1757511482
2.9600000000 3.1767237663
2.9610000000 3.1776964149
2.9620000000 3.1786691017
2.9630000000 3.1796418190
2.9640000000 3.1806145744
2.9650000000 3.1815873680
2.9660000000 3.1825601921
2.9670000000 3.1835330467
2.9680000000 3.1845059471
2.9690000000 3.1854788704
2.9700000000 3.1864518318
2.9710000000 3.1874248314
2.9720000000 3.1883978615
2.9730000000 3.1893709297
2.9740000000 3.1903440285
2.9750000000 3.1913171654
2.9760000000 3.1922903328
2.9770000000 3.1932635384
2.9780000000 3.1942367821
2.9790000000 3.1952100487
2.9800000000 3.1961833611
2.9810000000 3.1971567039
2.9820000000 3.1981300774
2.9830000000 3.1991034889
2.9840000000 3.2000769310
2.9850000000 3.2010504112
2.9860000000 3.2020239220
2.9870000000 3.2029974709
2.9880000000 3.2039710503
2.9890000000 3.2049446678
2.9900000000 3.2059183159
2.9910000000 3.2068919945
2.9920000000 3.2078657112
2.9930000000 3.2088394661
2.9940000000 3.2098132515
2.9950000000 3.2107870674
2.9960000000 3.2117609215
2.9970000000 3.2127348061
2.9980000000 3.2137087288
2.9990000000 3.2146826820
3.0000000000 3.2156566734
3.0010000000 3.2166306953
3.0020000000 3.2176047478
3.0030000000 3.2185788383
3.0040000000 3.2195529594
3.0050000000 3.2205271187
3.0060000000 3.2215013084
3.0070000000 3.2224755287
3.0080000000 3.2234497871
3.0090000000 3.2244240761
3.0100000000 3.2253984032
3.0110000000 3.2263727608
3.0120000000 3.2273471489
3.0130000000 3.2283215752
3.0140000000 3.2292960320
3.0150000000 3.2302705269
3.0160000000 3.2312450523
3.0170000000 3.2322196083
3.0180000000 3.2331942024
3.0190000000 3.2341688271
3.0200000000 3.2351434822
3.0210000000 3.2361181755
3.0220000000 3.2370928993
3.0230000000 3.2380676537
3.0240000000 3.2390424461
3.0250000000 3.2400172691
3.0260000000 3.2409921226
3.0270000000 3.2419670143
3.0280000000 3.2429419365
3.0290000000 3.2439168968
3.0300000000 3.2448918800
3.0310000000 3.2458669090
3.0320000000 3.2468419609
3.0330000000 3.2478170509
3.0340000000 3.2487921715
3.0350000000 3.2497673225
3.0360000000 3.2507425117
3.0370000000 3.2517177315
3.0380000000 3.2526929817
3.0390000000 3.2536682625
3.0400000000 3.2546435814
3.0410000000 3.2556189308
3.0420000000 3.2565943184
3.0430000000 3.2575697289
3.0440000000 3.2585451775
3.0450000000 3.2595206566
3.0460000000 3.2604961739
3.0470000000 3.2614717216
3.0480000000 3.2624473000
3.0490000000 3.2634229088
3.0500000000 3.2643985558
3.0510000000 3.2653742256
3.0520000000 3.2663499336
3.0530000000 3.2673256798
3.0540000000 3.2683014488
3.0550000000 3.2692772560
3.0560000000 3.2702530937
3.0570000000 3.2712289619
3.0580000000 3.2722048683
3.0590000000 3.2731807976
3.0600000000 3.2741567650
3.0610000000 3.2751327629
3.0620000000 3.2761087990
3.0630000000 3.2770848579
3.0640000000 3.2780609550
3.0650000000 3.2790370827
3.0660000000 3.2800132408
3.0670000000 3.2809894371
3.0680000000 3.2819656563
3.0690000000 3.2829419136
3.0700000000 3.2839182014
3.0710000000 3.2848945198
3.0720000000 3.2858708763
3.0730000000 3.2868472557
3.0740000000 3.2878236732
3.0750000000 3.2888001213
3.0760000000 3.2897765999
3.0770000000 3.2907531090
3.0780000000 3.2917296562
3.0790000000 3.2927062263
3.0800000000 3.2936828346
3.0810000000 3.2946594734
3.0820000000 3.2956361427
3.0830000000 3.2966128426
3.0840000000 3.2975895729
3.0850000000 3.2985663414
3.0860000000 3.2995431328
3.0870000000 3.3005199623
3.0880000000 3.3014968224
3.0890000000 3.3024737129
3.0900000000 3.3034506340
3.0910000000 3.3044275932
3.0920000000 3.3054045753
3.0930000000 3.3063815956
3.0940000000 3.3073586388
3.0950000000 3.3083357201
3.0960000000 3.3093128319
3.0970000000 3.3102899742
3.0980000000 3.3112671471
3.0990000000 3.3122443504
3.1000000000 3.3132215843
3.1010000000 3.3141988564
3.1020000000 3.3151761513
3.1030000000 3.3161534843
3.1040000000 3.3171308403
3.1050000000 3.3181082344
3.1060000000 3.3190856590
3.1070000000 3.3200631142
3.1080000000 3.3210405998
3.1090000000 3.3220181160
3.1100000000 3.3229956627
3.1110000000 3.3239732399
3.1120000000 3.3249508476
3.1130000000 3.3259284859
3.1140000000 3.3269061623
3.1150000000 3.3278838615
3.1160000000 3.3288615913
3.1170000000 3.3298393593
3.1180000000 3.3308171501
3.1190000000 3.3317949791
3.1200000000 3.3327728310
3.1210000000 3.3337507210
3.1220000000 3.3347286415
3.1230000000 3.3357065849
3.1240000000 3.3366845665
3.1250000000 3.3376625786
3.1260000000 3.3386406136
3.1270000000 3.3396186867
3.1280000000 3.3405967903
3.1290000000 3.3415749245
3.1300000000 3.3425530815
3.1310000000 3.3435312767
3.1320000000 3.3445095024
3.1330000000 3.3454877586
3.1340000000 3.3464660454
3.1350000000 3.3474443550
3.1360000000 3.3484227028
3.1370000000 3.3494010811
3.1380000000 3.3503794899
3.1390000000 3.3513579216
3.1400000000 3.3523363914
3.1410000000 3.3533148918
3.1420000000 3.3542934151
3.1430000000 3.3552719765
3.1440000000 3.3562505608
3.1450000000 3.3572291832
3.1460000000 3.3582078285
3.1470000000 3.3591865120
3.1480000000 3.3601652184
3.1490000000 3.3611439552
3.1500000000 3.3621227303
3.1510000000 3.3631015282
3.1520000000 3.3640803566
3.1530000000 3.3650592155
3.1540000000 3.3660381050
3.1550000000 3.3670170250
3.1560000000 3.3679959755
3.1570000000 3.3689749565
3.1580000000 3.3699539680
3.1590000000 3.3709330025
3.1600000000 3.3719120750
3.1610000000 3.3728911705
3.1620000000 3.3738703041
3.1630000000 3.3748494606
3.1640000000 3.3758286476
3.1650000000 3.3768078651
3.1660000000 3.3777871132
3.1670000000 3.3787663918
3.1680000000 3.3797457008
3.1690000000 3.3807250404
3.1700000000 3.3817044106
3.1710000000 3.3826838036
3.1720000000 3.3836632271
3.1730000000 3.3846426888
3.1740000000 3.3856221733
3.1750000000 3.3866016884
3.1760000000 3.3875812340
3.1770000000 3.3885608101
3.1780000000 3.3895404091
3.1790000000 3.3905200462
3.1800000000 3.3914997063
3.1810000000 3.3924793968
3.1820000000 3.3934591179
3.1830000000 3.3944388695
3.1840000000 3.3954186516
3.1850000000 3.3963984642
3.1860000000 3.3973782997
3.1870000000 3.3983581657
3.1880000000 3.3993380699
3.1890000000 3.4003179970
3.1900000000 3.4012979469
3.1910000000 3.4022779350
3.1920000000 3.4032579536
3.1930000000 3.4042379951
3.1940000000 3.4052180672
3.1950000000 3.4061981697
3.1960000000 3.4071783028
3.1970000000 3.4081584587
3.1980000000 3.4091386528
3.1990000000 3.4101188698
3.2000000000 3.4110991173
3.2010000000 3.4120793953
3.2020000000 3.4130596962
3.2030000000 3.4140400352
3.2040000000 3.4150203972
3.2050000000 3.4160007896
3.2060000000 3.4169812126
3.2070000000 3.4179616585
3.2080000000 3.4189421425
3.2090000000 3.4199226494
3.2100000000 3.4209031868
3.2110000000 3.4218837471
3.2120000000 3.4228643456
3.2130000000 3.4238449669
3.2140000000 3.4248256187
3.2150000000 3.4258063011
3.2160000000 3.4267870064
3.2170000000 3.4277677498
3.2180000000 3.4287485161
3.2190000000 3.4297293129
3.2200000000 3.4307101326
3.2210000000 3.4316909828
3.2220000000 3.4326718712
3.2230000000 3.4336527748
3.2240000000 3.4346337166
3.2250000000 3.4356146812
3.2260000000 3.4365956764
3.2270000000 3.4375767021
3.2280000000 3.4385577507
3.2290000000 3.4395388374
3.2300000000 3.4405199471
3.2310000000 3.4415010796
3.2320000000 3.4424822502
3.2330000000 3.4434634438
3.2340000000 3.4444446678
3.2350000000 3.4454259148
3.2360000000 3.4464071922
3.2370000000 3.4473885002
3.2380000000 3.4483698387
3.2390000000 3.4493512001
3.2400000000 3.4503325920
3.2410000000 3.4513140144
3.2420000000 3.4522954674
3.2430000000 3.4532769432
3.2440000000 3.4542584496
3.2450000000 3.4552399788
3.2460000000 3.4562215385
3.2470000000 3.4572031288
3.2480000000 3.4581847496
3.2490000000 3.4591663933
3.2500000000 3.4601480675
3.2510000000 3.4611297646
3.2520000000 3.4621114998
3.2530000000 3.4630932579
3.2540000000 3.4640750389
3.2550000000 3.4650568504
3.2560000000 3.4660386925
3.2570000000 3.4670205650
3.2580000000 3.4680024605
3.2590000000 3.4689843864
3.2600000000 3.4699663353
3.2610000000 3.4709483223
3.2620000000 3.4719303246
3.2630000000 3.4729123650
3.2640000000 3.4738944283
3.2650000000 3.4748765221
3.2660000000 3.4758586388
3.2670000000 3.4768407860
3.2680000000 3.4778229637
3.2690000000 3.4788051643
3.2700000000 3.4797873955
3.2710000000 3.4807696495
3.2720000000 3.4817519341
3.2730000000 3.4827342491
3.2740000000 3.4837165871
3.2750000000 3.4846989555
3.2760000000 3.4856813545
3.2770000000 3.4866637764
3.2780000000 3.4876462288
3.2790000000 3.4886287041
3.2800000000 3.4896112099
3.2810000000 3.4905937462
3.2820000000 3.4915763054
3.2830000000 3.4925588875
3.2840000000 3.4935415077
3.2850000000 3.4945241508
3.2860000000 3.4955068169
3.2870000000 3.4964895134
3.2880000000 3.4974722404
3.2890000000 3.4984549904
3.2900000000 3.4994377708
3.2910000000 3.5004205742
3.2920000000 3.5014034081
3.2930000000 3.5023862724
3.2940000000 3.5033691597
3.2950000000 3.5043520699
3.2960000000 3.5053350182
3.2970000000 3.5063179817
3.2980000000 3.5073009834
3.2990000000 3.5082840004
3.3000000000 3.5092670555
3.3010000000 3.5102501335
3.3020000000 3.5112332344
3.3030000000 3.5122163658
3.3040000000 3.5131995277
3.3050000000 3.5141827126
3.3060000000 3.5151659279
3.3070000000 3.5161491661
3.3080000000 3.5171324348
3.3090000000 3.5181157265
3.3100000000 3.5190990486
3.3110000000 3.5200823936
3.3120000000 3.5210657692
3.3130000000 3.5220491676
3.3140000000 3.5230325966
3.3150000000 3.5240160484
3.3160000000 3.5249995308
3.3170000000 3.5259830360
3.3180000000 3.5269665718
3.3190000000 3.5279501381
3.3200000000 3.5289337273
3.3210000000 3.5299173393
3.3220000000 3.5309009819
3.3230000000 3.5318846474
3.3240000000 3.5328683434
3.3250000000 3.5338520622
3.3260000000 3.5348358116
3.3270000000 3.5358195915
3.3280000000 3.5368033867
3.3290000000 3.5377872200
3.3300000000 3.5387710762
3.3310000000 3.5397549553
3.3320000000 3.5407388573
3.3330000000 3.5417227974
3.3340000000 3.5427067528
3.3350000000 3.5436907387
3.3360000000 3.5446747551
3.3370000000 3.5456587944
3.3380000000 3.5466428642
3.3390000000 3.5476269569
3.3400000000 3.5486110725
3.3410000000 3.5495952187
3.3420000000 3.5505793877
3.3430000000 3.5515635872
3.3440000000 3.5525478096
3.3450000000 3.5535320625
3.3460000000 3.5545163383
3.3470000000 3.5555006447
3.3480000000 3.5564849739
3.3490000000 3.5574693260
3.3500000000 3.5584537086
3.3510000000 3.5594381142
3.3520000000 3.5604225502
3.3530000000 3.5614070091
3.3540000000 3.5623914986
3.3550000000 3.5633760109
3.3560000000 3.5643605461
3.3570000000 3.5653451118
3.3580000000 3.5663297005
3.3590000000 3.5673143196
3.3600000000 3.5682989616
3.3610000000 3.5692836266
3.3620000000 3.5702683220
3.3630000000 3.5712530403
3.3640000000 3.5722377892
3.3650000000 3.5732225609
3.3660000000 3.5742073631
3.3670000000 3.5751921883
3.3680000000 3.5761770363
3.3690000000 3.5771619072
3.3700000000 3.5781468086
3.3710000000 3.5791317406
3.3720000000 3.5801166954
3.3730000000 3.5811016731
3.3740000000 3.5820866737
3.3750000000 3.5830717049
3.3760000000 3.5840567665
3.3770000000 3.5850418434
3.3780000000 3.5860269508
3.3790000000 3.5870120888
3.3800000000 3.5879972496
3.3810000000 3.5889824333
3.3820000000 3.5899676399
3.3830000000 3.5909528770
3.3840000000 3.5919381371
3.3850000000 3.5929234276
3.3860000000 3.5939087410
3.3870000000 3.5948940773
3.3880000000 3.5958794441
3.3890000000 3.5968648338
3.3900000000 3.5978502464
3.3910000000 3.5988356895
3.3920000000 3.5998211555
3.3930000000 3.6008066444
3.3940000000 3.6017921638
3.3950000000 3.6027777061
3.3960000000 3.6037632713
3.3970000000 3.6047488670
3.3980000000 3.6057344856
3.3990000000 3.6067201271
3.4000000000 3.6077057991
3.4010000000 3.6086914940
3.4020000000 3.6096772118
3.4030000000 3.6106629601
3.4040000000 3.6116487312
3.4050000000 3.6126345253
3.4060000000 3.6136203423
3.4070000000 3.6146061897
3.4080000000 3.6155920601
3.4090000000 3.6165779610
3.4100000000 3.6175638847
3.4110000000 3.6185498314
3.4120000000 3.6195358009
3.4130000000 3.6205218010
3.4140000000 3.6215078239
3.4150000000 3.6224938698
3.4160000000 3.6234799385
3.4170000000 3.6244660377
3.4180000000 3.6254521599
3.4190000000 3.6264383125
3.4200000000 3.6274244804
3.4210000000 3.6284106789
3.4220000000 3.6293969002
3.4230000000 3.6303831520
3.4240000000 3.6313694267
3.4250000000 3.6323557243
3.4260000000 3.6333420448
3.4270000000 3.6343283958
3.4280000000 3.6353147621
3.4290000000 3.6363011665
3.4300000000 3.6372875862
3.4310000000 3.6382740288
3.4320000000 3.6392605019
3.4330000000 3.6402469978
3.4340000000 3.6412335243
3.4350000000 3.6422200661
3.4360000000 3.6432066383
3.4370000000 3.6441932335
3.4380000000 3.6451798592
3.4390000000 3.6461665001
3.4400000000 3.6471531715
3.4410000000 3.6481398659
3.4420000000 3.6491265831
3.4430000000 3.6501133308
3.4440000000 3.6511001015
3.4450000000 3.6520868950
3.4460000000 3.6530737114
3.4470000000 3.6540605507
3.4480000000 3.6550474205
3.4490000000 3.6560343132
3.4500000000 3.6570212288
3.4510000000 3.6580081673
3.4520000000 3.6589951363
3.4530000000 3.6599821281
3.4540000000 3.6609691429
3.4550000000 3.6619561806
3.4560000000 3.6629432411
3.4570000000 3.6639303322
3.4580000000 3.6649174461
3.4590000000 3.6659045830
3.4600000000 3.6668917427
3.4610000000 3.6678789253
3.4620000000 3.6688661385
3.4630000000 3.6698533669
3.4640000000 3.6708406258
3.4650000000 3.6718279152
3.4660000000 3.6728152199
3.4670000000 3.6738025475
3.4680000000 3.6747899055
3.4690000000 3.6757772865
3.4700000000 3.6767646904
3.4710000000 3.6777521172
3.4720000000 3.6787395744
3.4730000000 3.6797270470
3.4740000000 3.6807145500
3.4750000000 3.6817020760
3.4760000000 3.6826896248
3.4770000000 3.6836771965
3.4780000000 3.6846647987
3.4790000000 3.6856524239
3.4800000000 3.6866400642
3.4810000000 3.6876277351
3.4820000000 3.6886154289
3.4830000000 3.6896031456
3.4840000000 3.6905908928
3.4850000000 3.6915786552
3.4860000000 3.6925664482
3.4870000000 3.6935542641
3.4880000000 3.6945421028
3.4890000000 3.6955299644
3.4900000000 3.6965178490
3.4910000000 3.6975057640
3.4920000000 3.6984936943
3.4930000000 3.6994816551
3.4940000000 3.7004696388
3.4950000000 3.7014576378
3.4960000000 3.7024456749
3.4970000000 3.7034337273
3.4980000000 3.7044218025
3.4990000000 3.7054099007
3.5000000000 3.7063980293
3.5010000000 3.7073861809
3.5020000000 3.7083743477
3.5030000000 3.7093625450
3.5040000000 3.7103507652
3.5050000000 3.7113390160
3.5060000000 3.7123272820
3.5070000000 3.7133155708
3.5080000000 3.7143038902
3.5090000000 3.7152922249
3.5100000000 3.7162805901
3.5110000000 3.7172689781
3.5120000000 3.7182573814
3.5130000000 3.7192458153
3.5140000000 3.7202342720
3.5150000000 3.7212227592
3.5160000000 3.7222112617
3.5170000000 3.7231997871
3.5180000000 3.7241883430
3.5190000000 3.7251769142
3.5200000000 3.7261655159
3.5210000000 3.7271541328
3.5220000000 3.7281427803
3.5230000000 3.7291314507
3.5240000000 3.7301201439
3.5250000000 3.7311088600
3.5260000000 3.7320975990
3.5270000000 3.7330863609
3.5280000000 3.7340751457
3.5290000000 3.7350639610
3.5300000000 3.7360527916
3.5310000000 3.7370416450
3.5320000000 3.7380305290
3.5330000000 3.7390194283
3.5340000000 3.7400083580
3.5350000000 3.7409973106
3.5360000000 3.7419862785
3.5370000000 3.7429752769
3.5380000000 3.7439642982
3.5390000000 3.7449533424
3.5400000000 3.7459424095
3.5410000000 3.7469314995
3.5420000000 3.7479206123
3.5430000000 3.7489097481
3.5440000000 3.7498989067
3.5450000000 3.7508880882
3.5460000000 3.7518772926
3.5470000000 3.7528665199
3.5480000000 3.7538557701
3.5490000000 3.7548450508
3.5500000000 3.7558343468
3.5510000000 3.7568236656
3.5520000000 3.7578130150
3.5530000000 3.7588023796
3.5540000000 3.7597917671
3.5550000000 3.7607811851
3.5560000000 3.7617706184
3.5570000000 3.7627600822
3.5580000000 3.7637495613
3.5590000000 3.7647390709
3.5600000000 3.7657285957
3.5610000000 3.7667181511
3.5620000000 3.7677077217
3.5630000000 3.7686973228
3.5640000000 3.7696869392
3.5650000000 3.7706765862
3.5660000000 3.7716662483
3.5670000000 3.7726559410
3.5680000000 3.7736456490
3.5690000000 3.7746353874
3.5700000000 3.7756251411
3.5710000000 3.7766149254
3.5720000000 3.7776047249
3.5730000000 3.7785945549
3.5740000000 3.7795844002
3.5750000000 3.7805742760
3.5760000000 3.7815641670
3.5770000000 3.7825540886
3.5780000000 3.7835440254
3.5790000000 3.7845339851
3.5800000000 3.7855239754
3.5810000000 3.7865139809
3.5820000000 3.7875040169
3.5830000000 3.7884940681
3.5840000000 3.7894841423
3.5850000000 3.7904742393
3.5860000000 3.7914643669
3.5870000000 3.7924545097
3.5880000000 3.7934446754
3.5890000000 3.7944348640
3.5900000000 3.7954250755
3.5910000000 3.7964153099
3.5920000000 3.7974055672
3.5930000000 3.7983958473
3.5940000000 3.7993861504
3.5950000000 3.8003764763
3.5960000000 3.8013668251
3.5970000000 3.8023571892
3.5980000000 3.8033475838
3.5990000000 3.8043380013
3.6000000000 3.8053284340
3.6010000000 3.8063188972
3.6020000000 3.8073093758
3.6030000000 3.8082998848
3.6040000000 3.8092904091
3.6050000000 3.8102809563
3.6060000000 3.8112715263
3.6070000000 3.8122621269
3.6080000000 3.8132527428
3.6090000000 3.8142433815
3.6100000000 3.8152340431
3.6110000000 3.8162247276
3.6120000000 3.8172154274
3.6130000000 3.8182061577
3.6140000000 3.8191969109
3.6150000000 3.8201876793
3.6160000000 3.8211784782
3.6170000000 3.8221692924
3.6180000000 3.8231601295
3.6190000000 3.8241509972
3.6200000000 3.8251418800
3.6210000000 3.8261327858
3.6220000000 3.8271237144
3.6230000000 3.8281146660
3.6240000000 3.8291056328
3.6250000000 3.8300966301
3.6260000000 3.8310876503
3.6270000000 3.8320786858
3.6280000000 3.8330697441
3.6290000000 3.8340608330
3.6300000000 3.8350519371
3.6310000000 3.8360430641
3.6320000000 3.8370342140
3.6330000000 3.8380253868
3.6340000000 3.8390165749
3.6350000000 3.8400077934
3.6360000000 3.8409990273
3.6370000000 3.8419902916
3.6380000000 3.8429815712
3.6390000000 3.8439728737
3.6400000000 3.8449641991
3.6410000000 3.8459555473
3.6420000000 3.8469469185
3.6430000000 3.8479383049
3.6440000000 3.8489297218
3.6450000000 3.8499211540
3.6460000000 3.8509126167
3.6470000000 3.8519040947
3.6480000000 3.8528955956
3.6490000000 3.8538871193
3.6500000000 3.8548786583
3.6510000000 3.8558702278
3.6520000000 3.8568618126
3.6530000000 3.8578534279
3.6540000000 3.8588450584
3.6550000000 3.8598367119
3.6560000000 3.8608283882
3.6570000000 3.8618200798
3.6580000000 3.8628118019
3.6590000000 3.8638035393
3.6600000000 3.8647953072
3.6610000000 3.8657870903
3.6620000000 3.8667788963
3.6630000000 3.8677707252
3.6640000000 3.8687625694
3.6650000000 3.8697544441
3.6660000000 3.8707463341
3.6670000000 3.8717382469
3.6680000000 3.8727301826
3.6690000000 3.8737221413
3.6700000000 3.8747141228
3.6710000000 3.8757061195
3.6720000000 3.8766981468
3.6730000000 3.8776901894
3.6740000000 3.8786822548
3.6750000000 3.8796743355
3.6760000000 3.8806664467
3.6770000000 3.8816585808
3.6780000000 3.8826507301
3.6790000000 3.8836429024
3.6800000000 3.8846350975
3.6810000000 3.8856273155
3.6820000000 3.8866195488
3.6830000000 3.8876118050
3.6840000000 3.8886040916
3.6850000000 3.8895963936
3.6860000000 3.8905887108
3.6870000000 3.8915810585
3.6880000000 3.8925734215
3.6890000000 3.8935658150
3.6900000000 3.8945582237
3.6910000000 3.8955506477
3.6920000000 3.8965431023
3.6930000000 3.8975355721
3.6940000000 3.8985280724
3.6950000000 3.8995205879
3.6960000000 3.9005131187
3.6970000000 3.9015056801
3.6980000000 3.9024982567
3.6990000000 3.9034908562
3.7000000000 3.9044834785
3.7010000000 3.9054761238
3.7020000000 3.9064687920
3.7030000000 3.9074614754
3.7040000000 3.9084541817
3.7050000000 3.9094469109
3.7060000000 3.9104396553
3.7070000000 3.9114324303
3.7080000000 3.9124252205
3.7090000000 3.9134180336
3.7100000000 3.9144108696
3.7110000000 3.9154037209
3.7120000000 3.9163966026
3.7130000000 3.9173894997
3.7140000000 3.9183824120
3.7150000000 3.9193753548
3.7160000000 3.9203683128
3.7170000000 3.9213612938
3.7180000000 3.9223542976
3.7190000000 3.9233473244
3.7200000000 3.9243403664
3.7210000000 3.9253334312
3.7220000000 3.9263265190
3.7230000000 3.9273196297
3.7240000000 3.9283127556
3.7250000000 3.9293059120
3.7260000000 3.9302990761
3.7270000000 3.9312922707
3.7280000000 3.9322854881
3.7290000000 3.9332787209
3.7300000000 3.9342719765
3.7310000000 3.9352652473
3.7320000000 3.9362585487
3.7330000000 3.9372518654
3.7340000000 3.9382452049
3.7350000000 3.9392385597
3.7360000000 3.9402319374
3.7370000000 3.9412253456
3.7380000000 3.9422187614
3.7390000000 3.9432122078
3.7400000000 3.9442056694
3.7410000000 3.9451991539
3.7420000000 3.9461926613
3.7430000000 3.9471861839
3.7440000000 3.9481797295
3.7450000000 3.9491732979
3.7460000000 3.9501668892
3.7470000000 3.9511604958
3.7480000000 3.9521541252
3.7490000000 3.9531477776
3.7500000000 3.9541414528
3.7510000000 3.9551351433
3.7520000000 3.9561288567
3.7530000000 3.9571225853
3.7540000000 3.9581163445
3.7550000000 3.9591101189
3.7560000000 3.9601039085
3.7570000000 3.9610977287
3.7580000000 3.9620915642
3.7590000000 3.9630854225
3.7600000000 3.9640792961
3.7610000000 3.9650732002
3.7620000000 3.9660671196
3.7630000000 3.9670610542
3.7640000000 3.9680550194
3.7650000000 3.9690489998
3.7660000000 3.9700430031
3.7670000000 3.9710370216
3.7680000000 3.9720310631
3.7690000000 3.9730251274
3.7700000000 3.9740192070
3.7710000000 3.9750133171
3.7720000000 3.9760074425
3.7730000000 3.9770015831
3.7740000000 3.9779957466
3.7750000000 3.9789899330
3.7760000000 3.9799841423
3.7770000000 3.9809783669
3.7780000000 3.9819726143
3.7790000000 3.9829668846
3.7800000000 3.9839611702
3.7810000000 3.9849554787
3.7820000000 3.9859498100
3.7830000000 3.9869441566
3.7840000000 3.9879385262
3.7850000000 3.9889329185
3.7860000000 3.9899273262
3.7870000000 3.9909217567
3.7880000000 3.9919162102
3.7890000000 3.9929106789
3.7900000000 3.9939051704
3.7910000000 3.9948996849
3.7920000000 3.9958942146
3.7930000000 3.9968887672
3.7940000000 3.9978833427
3.7950000000 3.9988779335
3.7960000000 3.9998725471
3.7970000000 4.0008671837
3.7980000000 4.0018618355
3.7990000000 4.0028565102
3.8000000000 4.0038512077
3.8010000000 4.0048459206
3.8020000000 4.0058406563
3.8030000000 4.0068354073
3.8040000000 4.0078301811
3.8050000000 4.0088249779
3.8060000000 4.0098197975
3.8070000000 4.0108146324
3.8080000000 4.0118094826
3.8090000000 4.0128043633
3.8100000000 4.0137992592
3.8110000000 4.0147941704
3.8120000000 4.0157891121
3.8130000000 4.0167840691
3.8140000000 4.0177790413
3.8150000000 4.0187740364
3.8160000000 4.0197690544
3.8170000000 4.0207640877
3.8180000000 4.0217591438
3.8190000000 4.0227542229
3.8200000000 4.0237493172
3.8210000000 4.0247444344
3.8220000000 4.0257395744
3.8230000000 4.0267347298
3.8240000000 4.0277299080
3.8250000000 4.0287251015
3.8260000000 4.0297203178
3.8270000000 4.0307155571
3.8280000000 4.0317108116
3.8290000000 4.0327060890
3.8300000000 4.0337013817
3.8310000000 4.0346966972
3.8320000000 4.0356920357
3.8330000000 4.0366873894
3.8340000000 4.0376827660
3.8350000000 4.0386781654
3.8360000000 4.0396735802
3.8370000000 4.0406690102
3.8380000000 4.0416644707
3.8390000000 4.0426599464
3.8400000000 4.0436554375
3.8410000000 4.0446509514
3.8420000000 4.0456464882
3.8430000000 4.0466420403
3.8440000000 4.0476376152
3.8450000000 4.0486332054
3.8460000000 4.0496288185
3.8470000000 4.0506244545
3.8480000000 4.0516201057
3.8490000000 4.0526157799
3.8500000000 4.0536114769
3.8510000000 4.0546071892
3.8520000000 4.0556029167
3.8530000000 4.0565986671
3.8540000000 4.0575944405
3.8550000000 4.0585902290
3.8560000000 4.0595860405
3.8570000000 4.0605818748
3.8580000000 4.0615777245
3.8590000000 4.0625735893
3.8600000000 4.0635694847
3.8610000000 4.0645653877
3.8620000000 4.0655613213
3.8630000000 4.0665572700
3.8640000000 4.0675532341
3.8650000000 4.0685492210
3.8660000000 4.0695452309
3.8670000000 4.0705412560
3.8680000000 4.0715373039
3.8690000000 4.0725333672
3.8700000000 4.0735294533
3.8710000000 4.0745255547
3.8720000000 4.0755216789
3.8730000000 4.0765178261
3.8740000000 4.0775139885
3.8750000000 4.0785101738
3.8760000000 4.0795063744
3.8770000000 4.0805025978
3.8780000000 4.0814988365
3.8790000000 4.0824950981
3.8800000000 4.0834913750
3.8810000000 4.0844876747
3.8820000000 4.0854839973
3.8830000000 4.0864803352
3.8840000000 4.0874766960
3.8850000000 4.0884730721
3.8860000000 4.0894694633
3.8870000000 4.0904658852
3.8880000000 4.0914623222
3.8890000000 4.0924587746
3.8900000000 4.0934552498
3.8910000000 4.0944517403
3.8920000000 4.0954482536
3.8930000000 4.0964447899
3.8940000000 4.0974413414
3.8950000000 4.0984379082
3.8960000000 4.0994344978
3.8970000000 4.1004311104
3.8980000000 4.1014277382
3.8990000000 4.1024243889
3.9000000000 4.1034210548
3.9010000000 4.1044177437
3.9020000000 4.1054144478
3.9030000000 4.1064111748
3.9040000000 4.1074079170
3.9050000000 4.1084046822
3.9060000000 4.1094014626
3.9070000000 4.1103982658
3.9080000000 4.1113950844
3.9090000000 4.1123919258
3.9100000000 4.1133887901
3.9110000000 4.1143856697
3.9120000000 4.1153825645
3.9130000000 4.1163794823
3.9140000000 4.1173764153
3.9150000000 4.1183733711
3.9160000000 4.1193703499
3.9170000000 4.1203673439
3.9180000000 4.1213643532
3.9190000000 4.1223613853
3.9200000000 4.1233584404
3.9210000000 4.1243555107
3.9220000000 4.1253525963
3.9230000000 4.1263497047
3.9240000000 4.1273468361
3.9250000000 4.1283439827
3.9260000000 4.1293411522
3.9270000000 4.1303383369
3.9280000000 4.1313355370
3.9290000000 4.1323327599
3.9300000000 4.1333300056
3.9310000000 4.1343272667
3.9320000000 4.1353245430
3.9330000000 4.1363218422
3.9340000000 4.1373191566
3.9350000000 4.1383164940
3.9360000000 4.1393138542
3.9370000000 4.1403112297
3.9380000000 4.1413086205
3.9390000000 4.1423060341
3.9400000000 4.1433034630
3.9410000000 4.1443009148
3.9420000000 4.1452983894
3.9430000000 4.1462958717
3.9440000000 4.1472933846
3.9450000000 4.1482909126
3.9460000000 4.1492884560
3.9470000000 4.1502860146
3.9480000000 4.1512836037
3.9490000000 4.1522812004
3.9500000000 4.1532788277
3.9510000000 4.1542764626
3.9520000000 4.1552741203
3.9530000000 4.1562718010
3.9540000000 4.1572694969
3.9550000000 4.1582672081
3.9560000000 4.1592649422
3.9570000000 4.1602626991
3.9580000000 4.1612604713
3.9590000000 4.1622582588
3.9600000000 4.1632560692
3.9610000000 4.1642538948
3.9620000000 4.1652517433
3.9630000000 4.1662496071
3.9640000000 4.1672474861
3.9650000000 4.1682453957
3.9660000000 4.1692433128
3.9670000000 4.1702412529
3.9680000000 4.1712392159
3.9690000000 4.1722371941
3.9700000000 4.1732351875
3.9710000000 4.1742332039
3.9720000000 4.1752312355
3.9730000000 4.1762292900
3.9740000000 4.1772273598
3.9750000000 4.1782254448
3.9760000000 4.1792235527
3.9770000000 4.1802216835
3.9780000000 4.1812198296
3.9790000000 4.1822179909
3.9800000000 4.1832161751
3.9810000000 4.1842143745
3.9820000000 4.1852125969
3.9830000000 4.1862108345
3.9840000000 4.1872090950
3.9850000000 4.1882073708
3.9860000000 4.1892056618
3.9870000000 4.1902039757
3.9880000000 4.1912023048
3.9890000000 4.1922006569
3.9900000000 4.1931990242
3.9910000000 4.1941974144
3.9920000000 4.1951958199
3.9930000000 4.1961942406
3.9940000000 4.1971926842
3.9950000000 4.1981911430
3.9960000000 4.1991896248
3.9970000000 4.2001881218
3.9980000000 4.2011866417
3.9990000000 4.2021851768
4.0000000000 4.2031837273
4.0010000000 4.2041823006
4.0020000000 4.2051808891
4.0030000000 4.2061795006
4.0040000000 4.2071781273
4.0050000000 4.2081767769
4.0060000000 4.2091754417
4.0070000000 4.2101741219
4.0080000000 4.2111728249
4.0090000000 4.2121715431
4.0100000000 4.2131702766
4.0110000000 4.2141690331
4.0120000000 4.2151678123
4.0130000000 4.2161665993
4.0140000000 4.2171654167
4.0150000000 4.2181642418
4.0160000000 4.2191630898
4.0170000000 4.2201619606
4.0180000000 4.2211608391
4.0190000000 4.2221597481
4.0200000000 4.2231586647
4.0210000000 4.2241576042
4.0220000000 4.2251565666
4.0230000000 4.2261555443
4.0240000000 4.2271545372
4.0250000000 4.2281535454
4.0260000000 4.2291525764
4.0270000000 4.2301516304
4.0280000000 4.2311506920
4.0290000000 4.2321497841
4.0300000000 4.2331488838
4.0310000000 4.2341480064
4.0320000000 4.2351471443
4.0330000000 4.2361463051
4.0340000000 4.2371454811
4.0350000000 4.2381446800
4.0360000000 4.2391438942
4.0370000000 4.2401431236
4.0380000000 4.2411423759
4.0390000000 4.2421416435
4.0400000000 4.2431409264
4.0410000000 4.2441402321
4.0420000000 4.2451395531
4.0430000000 4.2461388969
4.0440000000 4.2471382561
4.0450000000 4.2481376305
4.0460000000 4.2491370277
4.0470000000 4.2501364403
4.0480000000 4.2511358681
4.0490000000 4.2521353188
4.0500000000 4.2531347847
4.0510000000 4.2541342735
4.0520000000 4.2551337776
4.0530000000 4.2561332970
4.0540000000 4.2571328316
4.0550000000 4.2581323967
4.0560000000 4.2591319695
4.0570000000 4.2601315651
4.0580000000 4.2611311760
4.0590000000 4.2621308022
4.0600000000 4.2631304512
4.0610000000 4.2641301155
4.0620000000 4.2651298027
4.0630000000 4.2661295052
4.0640000000 4.2671292229
4.0650000000 4.2681289635
4.0660000000 4.2691287193
4.0670000000 4.2701284904
4.0680000000 4.2711282845
4.0690000000 4.2721280937
4.0700000000 4.2731279182
4.0710000000 4.2741277657
4.0720000000 4.2751276283
4.0730000000 4.2761275139
4.0740000000 4.2771274147
4.0750000000 4.2781273308
4.0760000000 4.2791272621
4.0770000000 4.2801272163
4.0780000000 4.2811271858
4.0790000000 4.2821271782
4.0800000000 4.2831271858
4.0810000000 4.2841272087
4.0820000000 4.2851272545
4.0830000000 4.2861273155
4.0840000000 4.2871273918
4.0850000000 4.2881274834
4.0860000000 4.2891275978
4.0870000000 4.2901277351
4.0880000000 4.2911278801
4.0890000000 4.2921280479
4.0900000000 4.2931282387
4.0910000000 4.2941284370
4.0920000000 4.2951286583
4.0930000000 4.2961289024
4.0940000000 4.2971291542
4.0950000000 4.2981294289
4.0960000000 4.2991297188
4.0970000000 4.3001300316
4.0980000000 4.3011303596
4.0990000000 4.3021307030
4.1000000000 4.3031310692
4.1010000000 4.3041314507
4.1020000000 4.3051318474
4.1030000000 4.3061322670
4.1040000000 4.3071327019
4.1050000000 4.3081331520
4.1060000000 4.3091336174
4.1070000000 4.3101341057
4.1080000000 4.3111346092
4.1090000000 4.3121351357
4.1100000000 4.3131356773
4.1110000000 4.3141362343
4.1120000000 4.3151368065
4.1130000000 4.3161374016
4.1140000000 4.3171380119
4.1150000000 4.3181386452
4.1160000000 4.3191392860
4.1170000000 4.3201399498
4.1180000000 4.3211406364
4.1190000000 4.3221413307
4.1200000000 4.3231420479
4.1210000000 4.3241427879
4.1220000000 4.3251435356
4.1230000000 4.3261443062
4.1240000000 4.3271450920
4.1250000000 4.3281459007
4.1260000000 4.3291467247
4.1270000000 4.3301475639
4.1280000000 4.3311484184
4.1290000000 4.3321492958
4.1300000000 4.3331501884
4.1310000000 4.3341510963
4.1320000000 4.3351520271
4.1330000000 4.3361529732
4.1340000000 4.3371539345
4.1350000000 4.3381549110
4.1360000000 4.3391559105
4.1370000000 4.3401569252
4.1380000000 4.3411579628
4.1390000000 4.3421590080
4.1400000000 4.3431600761
4.1410000000 4.3441611595
4.1420000000 4.3451622658
4.1430000000 4.3461633873
4.1440000000 4.3471645241
4.1450000000 4.3481656761
4.1460000000 4.3491668510
4.1470000000 4.3501680412
4.1480000000 4.3511692467
4.1490000000 4.3521704750
4.1500000000 4.3531717186
4.1510000000 4.3541729774
4.1520000000 4.3551742516
4.1530000000 4.3561755486
4.1540000000 4.3571768608
4.1550000000 4.3581781883
4.1560000000 4.3591795387
4.1570000000 4.3601809044
4.1580000000 4.3611822853
4.1590000000 4.3621836815
4.1600000000 4.3631851006
4.1610000000 4.3641865349
4.1620000000 4.3651879845
4.1630000000 4.3661894569
4.1640000000 4.3671909370
4.1650000000 4.3681924400
4.1660000000 4.3691939659
4.1670000000 4.3701954994
4.1680000000 4.3711970558
4.1690000000 4.3721986275
4.1700000000 4.3732002220
4.1710000000 4.3742018242
4.1720000000 4.3752034492
4.1730000000 4.3762050896
4.1740000000 4.3772067528
4.1750000000 4.3782084236
4.1760000000 4.3792101173
4.1770000000 4.3802118340
4.1780000000 4.3812135582
4.1790000000 4.3822153053
4.1800000000 4.3832170677
4.1810000000 4.3842188454
4.1820000000 4.3852206459
4.1830000000 4.3862224541
4.1840000000 4.3872242928
4.1850000000 4.3882261391
4.1860000000 4.3892280006
4.1870000000 4.3902298851
4.1880000000 4.3912317848
4.1890000000 4.3922337074
4.1900000000 4.3932356377
4.1910000000 4.3942375908
4.1920000000 4.3952395592
4.1930000000 4.3962415428
4.1940000000 4.3972435493
4.1950000000 4.3982455711
4.1960000000 4.3992476082
4.1970000000 4.4002496605
4.1980000000 4.4012517357
4.1990000000 4.4022538261
4.2000000000 4.4032559319
4.2010000000 4.4042580528
4.2020000000 4.4052601967
4.2030000000 4.4062623482
4.2040000000 4.4072645302
4.2050000000 4.4082667198
4.2060000000 4.4092689247
4.2070000000 4.4102711525
4.2080000000 4.4112733955
4.2090000000 4.4122756538
4.2100000000 4.4132779350
4.2110000000 4.4142802315
4.2120000000 4.4152825432
4.2130000000 4.4162848701
4.2140000000 4.4172872124
4.2150000000 4.4182895775
4.2160000000 4.4192919579
4.2170000000 4.4202943535
4.2180000000 4.4212967644
4.2190000000 4.4222991982
4.2200000000 4.4233016472
4.2210000000 4.4243041115
4.2220000000 4.4253065910
4.2230000000 4.4263090858
4.2240000000 4.4273116035
4.2250000000 4.4283141365
4.2260000000 4.4293166847
4.2270000000 4.4303192558
4.2280000000 4.4313218346
4.2290000000 4.4323244362
4.2300000000 4.4333270531
4.2310000000 4.4343296928
4.2320000000 4.4353323402
4.2330000000 4.4363350105
4.2340000000 4.4373376961
4.2350000000 4.4383403969
4.2360000000 4.4393431129
4.2370000000 4.4403458519
4.2380000000 4.4413486061
4.2390000000 4.4423513756
4.2400000000 4.4433541603
4.2410000000 4.4443569679
4.2420000000 4.4453597832
4.2430000000 4.4463626213
4.2440000000 4.4473654747
4.2450000000 4.4483683510
4.2460000000 4.4493712349
4.2470000000 4.4503741417
4.2480000000 4.4513770638
4.2490000000 4.4523800011
4.2500000000 4.4533829613
4.2510000000 4.4543859291
4.2520000000 4.4553889198
4.2530000000 4.4563919258
4.2540000000 4.4573949471
4.2550000000 4.4583979912
4.2560000000 4.4594010429
4.2570000000 4.4604041176
4.2580000000 4.4614072075
4.2590000000 4.4624103127
4.2600000000 4.4634134407
4.2610000000 4.4644165840
4.2620000000 4.4654197350
4.2630000000 4.4664229088
4.2640000000 4.4674261055
4.2650000000 4.4684293098
4.2660000000 4.4694325371
4.2670000000 4.4704357796
4.2680000000 4.4714390373
4.2690000000 4.4724423103
4.2700000000 4.4734455986
4.2710000000 4.4744489098
4.2720000000 4.4754522362
4.2730000000 4.4764555779
4.2740000000 4.4774589348
4.2750000000 4.4784623070
4.2760000000 4.4794657021
4.2770000000 4.4804691124
4.2780000000 4.4814725380
4.2790000000 4.4824759789
4.2800000000 4.4834794350
4.2810000000 4.4844829140
4.2820000000 4.4854864006
4.2830000000 4.4864899101
4.2840000000 4.4874934349
4.2850000000 4.4884969826
4.2860000000 4.4895005379
4.2870000000 4.4905041161
4.2880000000 4.4915077019
4.2890000000 4.4925113106
4.2900000000 4.4935149422
4.2910000000 4.4945185814
4.2920000000 4.4955222435
4.2930000000 4.4965259132
4.2940000000 4.4975296059
4.2950000000 4.4985333138
4.2960000000 4.4995370445
4.2970000000 4.5005407829
4.2980000000 4.5015445442
4.2990000000 4.5025483131
4.3000000000 4.5035521049
4.3010000000 4.5045559120
4.3020000000 4.5055597420
4.3030000000 4.5065635796
4.3040000000 4.5075674400
4.3050000000 4.5085713158
4.3060000000 4.5095752068
4.3070000000 4.5105791130
4.3080000000 4.5115830345
4.3090000000 4.5125869789
4.3100000000 4.5135909309
4.3110000000 4.5145949059
4.3120000000 4.5155988960
4.3130000000 4.5166029015
4.3140000000 4.5176069298
4.3150000000 4.5186109657
4.3160000000 4.5196150246
4.3170000000 4.5206190987
4.3180000000 4.5216231880
4.3190000000 4.5226272926
4.3200000000 4.5236314125
4.3210000000 4.5246355553
4.3220000000 4.5256397133
4.3230000000 4.5266438789
4.3240000000 4.5276480675
4.3250000000 4.5286522713
4.3260000000 4.5296564980
4.3270000000 4.5306607323
4.3280000000 4.5316649895
4.3290000000 4.5326692619
4.3300000000 4.5336735420
4.3310000000 4.5346778526
4.3320000000 4.5356821709
4.3330000000 4.5366865044
4.3340000000 4.5376908607
4.3350000000 4.5386952248
4.3360000000 4.5396996117
4.3370000000 4.5407040138
4.3380000000 4.5417084312
4.3390000000 4.5427128716
4.3400000000 4.5437173195
4.3410000000 4.5447217903
4.3420000000 4.5457262688
4.3430000000 4.5467307701
4.3440000000 4.5477352867
4.3450000000 4.5487398186
4.3460000000 4.5497443733
4.3470000000 4.5507489357
4.3480000000 4.5517535210
4.3490000000 4.5527581215
4.3500000000 4.5537627373
4.3510000000 4.5547673683
4.3520000000 4.5557720146
4.3530000000 4.5567766762
4.3540000000 4.5577813606
4.3550000000 4.5587860527
4.3560000000 4.5597907677
4.3570000000 4.5607954979
4.3580000000 4.5618002434
4.3590000000 4.5628050041
4.3600000000 4.5638097801
4.3610000000 4.5648145790
4.3620000000 4.5658193855
4.3630000000 4.5668242149
4.3640000000 4.5678290596
4.3650000000 4.5688339195
4.3660000000 4.5698387947
4.3670000000 4.5708436852
4.3680000000 4.5718485985
4.3690000000 4.5728535194
4.3700000000 4.5738584633
4.3710000000 4.5748634224
4.3720000000 4.5758683968
4.3730000000 4.5768733864
4.3740000000 4.5778783913
4.3750000000 4.5788834114
4.3760000000 4.5798884544
4.3770000000 4.5808935051
4.3780000000 4.5818985786
4.3790000000 4.5829036674
4.3800000000 4.5839087715
4.3810000000 4.5849138908
4.3820000000 4.5859190254
4.3830000000 4.5869241753
4.3840000000 4.5879293480
4.3850000000 4.5889345284
4.3860000000 4.5899397316
4.3870000000 4.5909449501
4.3880000000 4.5919501839
4.3890000000 4.5929554329
4.3900000000 4.5939606972
4.3910000000 4.5949659767
4.3920000000 4.5959712791
4.3930000000 4.5969765892
4.3940000000 4.5979819221
4.3950000000 4.5989872704
4.3960000000 4.5999926338
4.3970000000 4.6009980125
4.3980000000 4.6020034065
4.3990000000 4.6030088158
4.4000000000 4.6040142403
4.4010000000 4.6050196877
4.4020000000 4.6060251427
4.4030000000 4.6070306206
4.4040000000 4.6080361137
4.4050000000 4.6090416222
4.4060000000 4.6100471458
4.4070000000 4.6110526848
4.4080000000 4.6120582390
4.4090000000 4.6130638161
4.4100000000 4.6140694008
4.4110000000 4.6150750084
4.4120000000 4.6160806236
4.4130000000 4.6170862617
4.4140000000 4.6180919151
4.4150000000 4.6190975838
4.4160000000 4.6201032677
4.4170000000 4.6211089745
4.4180000000 4.6221146889
4.4190000000 4.6231204185
4.4200000000 4.6241261711
4.4210000000 4.6251319313
4.4220000000 4.6261377144
4.4230000000 4.6271435127
4.4240000000 4.6281493263
4.4250000000 4.6291551552
4.4260000000 4.6301609993
4.4270000000 4.6311668663
4.4280000000 4.6321727409
4.4290000000 4.6331786308
4.4300000000 4.6341845436
4.4310000000 4.6351904716
4.4320000000 4.6361964073
4.4330000000 4.6372023659
4.4340000000 4.6382083397
4.4350000000 4.6392143288
4.4360000000 4.6402203331
4.4370000000 4.6412263527
4.4380000000 4.6422323952
4.4390000000 4.6432384453
4.4400000000 4.6442445183
4.4410000000 4.6452505989
4.4420000000 4.6462567024
4.4430000000 4.6472628212
4.4440000000 4.6482689552
4.4450000000 4.6492751045
4.4460000000 4.6502812691
4.4470000000 4.6512874489
4.4480000000 4.6522936440
4.4490000000 4.6532998619
4.4500000000 4.6543060875
4.4510000000 4.6553123283
4.4520000000 4.6563185921
4.4530000000 4.6573248711
4.4540000000 4.6583311653
4.4550000000 4.6593374672
4.4560000000 4.6603437920
4.4570000000 4.6613501320
4.4580000000 4.6623564949
4.4590000000 4.6633628654
4.4600000000 4.6643692513
4.4610000000 4.6653756523
4.4620000000 4.6663820763
4.4630000000 4.6673885078
4.4640000000 4.6683949623
4.4650000000 4.6694014320
4.4660000000 4.6704079094
4.4670000000 4.6714144096
4.4680000000 4.6724209251
4.4690000000 4.6734274559
4.4700000000 4.6744340019
4.4710000000 4.6754405708
4.4720000000 4.6764471474
4.4730000000 4.6774537392
4.4740000000 4.6784603539
4.4750000000 4.6794669762
4.4760000000 4.6804736214
4.4770000000 4.6814802742
4.4780000000 4.6824869499
4.4790000000 4.6834936409
4.4800000000 4.6845003471
4.4810000000 4.6855070610
4.4820000000 4.6865137978
4.4830000000 4.6875205574
4.4840000000 4.6885273247
4.4850000000 4.6895341072
4.4860000000 4.6905409050
4.4870000000 4.6915477257
4.4880000000 4.6925545540
4.4890000000 4.6935614052
4.4900000000 4.6945682640
4.4910000000 4.6955751457
4.4920000000 4.6965820351
4.4930000000 4.6975889473
4.4940000000 4.6985958748
4.4950000000 4.6996028175
4.4960000000 4.7006097755
4.4970000000 4.7016167488
4.4980000000 4.7026237373
4.4990000000 4.7036307411
4.5000000000 4.7046377602
4.5010000000 4.7056448021
4.5020000000 4.7066518517
4.5030000000 4.7076589241
4.5040000000 4.7086660042
4.5050000000 4.7096731071
4.5060000000 4.7106802177
4.5070000000 4.7116873512
4.5080000000 4.7126945000
4.5090000000 4.7137016563
4.5100000000 4.7147088356
4.5110000000 4.7157160301
4.5120000000 4.7167232399
4.5130000000 4.7177304649
4.5140000000 4.7187377052
4.5150000000 4.7197449608
4.5160000000 4.7207522392
4.5170000000 4.7217595253
4.5180000000 4.7227668266
4.5190000000 4.7237741508
4.5200000000 4.7247814827
4.5210000000 4.7257888374
4.5220000000 4.7267961998
4.5230000000 4.7278035851
4.5240000000 4.7288109779
4.5250000000 4.7298183937
4.5260000000 4.7308258247
4.5270000000 4.7318332710
4.5280000000 4.7328407326
4.5290000000 4.7338482018
4.5300000000 4.7348556938
4.5310000000 4.7358632011
4.5320000000 4.7368707237
4.5330000000 4.7378782692
4.5340000000 4.7388858223
4.5350000000 4.7398933907
4.5360000000 4.7409009743
4.5370000000 4.7419085808
4.5380000000 4.7429161949
4.5390000000 4.7439238243
4.5400000000 4.7449314766
4.5410000000 4.7459391365
4.5420000000 4.7469468193
4.5430000000 4.7479545097
4.5440000000 4.7489622231
4.5450000000 4.7499699516
4.5460000000 4.7509776878
4.5470000000 4.7519854469
4.5480000000 4.7529932213
4.5490000000 4.7540010109
4.5500000000 4.7550088158
4.5510000000 4.7560166359
4.5520000000 4.7570244713
4.5530000000 4.7580323219
4.5540000000 4.7590401878
4.5550000000 4.7600480690
4.5560000000 4.7610559654
4.5570000000 4.7620638771
4.5580000000 4.7630718040
4.5590000000 4.7640797539
4.5600000000 4.7650877113
4.5610000000 4.7660956841
4.5620000000 4.7671036797
4.5630000000 4.7681116829
4.5640000000 4.7691197090
4.5650000000 4.7701277428
4.5660000000 4.7711357994
4.5670000000 4.7721438637
4.5680000000 4.7731519508
4.5690000000 4.7741600456
4.5700000000 4.7751681633
4.5710000000 4.7761762962
4.5720000000 4.7771844444
4.5730000000 4.7781926003
4.5740000000 4.7792007790
4.5750000000 4.7802089729
4.5760000000 4.7812171822
4.5770000000 4.7822254066
4.5780000000 4.7832336464
4.5790000000 4.7842419014
4.5800000000 4.7852501717
4.5810000000 4.7862584572
4.5820000000 4.7872667580
4.5830000000 4.7882750740
4.5840000000 4.7892834053
4.5850000000 4.7902917519
4.5860000000 4.7913001137
4.5870000000 4.7923084908
4.5880000000 4.7933168907
4.5890000000 4.7943252983
4.5900000000 4.7953337212
4.5910000000 4.7963421593
4.5920000000 4.7973506203
4.5930000000 4.7983590889
4.5940000000 4.7993675728
4.5950000000 4.8003760796
4.5960000000 4.8013845940
4.5970000000 4.8023931313
4.5980000000 4.8034016762
4.5990000000 4.8044102440
4.6000000000 4.8054188194
4.6010000000 4.8064274178
4.6020000000 4.8074360237
4.6030000000 4.8084446526
4.6040000000 4.8094532890
4.6050000000 4.8104619484
4.6060000000 4.8114706230
4.6070000000 4.8124793053
4.6080000000 4.8134880104
4.6090000000 4.8144967308
4.6100000000 4.8155054665
4.6110000000 4.8165142097
4.6120000000 4.8175229759
4.6130000000 4.8185317574
4.6140000000 4.8195405540
4.6150000000 4.8205493584
4.6160000000 4.8215581856
4.6170000000 4.8225670280
4.6180000000 4.8235758858
4.6190000000 4.8245847588
4.6200000000 4.8255936470
4.6210000000 4.8266025505
4.6220000000 4.8276114693
4.6230000000 4.8286204033
4.6240000000 4.8296293526
4.6250000000 4.8306383171
4.6260000000 4.8316472969
4.6270000000 4.8326562920
4.6280000000 4.8336653023
4.6290000000 4.8346743279
4.6300000000 4.8356833687
4.6310000000 4.8366924248
4.6320000000 4.8377014961
4.6330000000 4.8387105827
4.6340000000 4.8397196846
4.6350000000 4.8407288017
4.6360000000 4.8417379341
4.6370000000 4.8427470818
4.6380000000 4.8437562447
4.6390000000 4.8447654228
4.6400000000 4.8457746239
4.6410000000 4.8467838326
4.6420000000 4.8477930565
4.6430000000 4.8488022957
4.6440000000 4.8498115501
4.6450000000 4.8508208199
4.6460000000 4.8518301125
4.6470000000 4.8528394127
4.6480000000 4.8538487282
4.6490000000 4.8548580589
4.6500000000 4.8558674049
4.6510000000 4.8568767738
4.6520000000 4.8578861504
4.6530000000 4.8588955421
4.6540000000 4.8599049492
4.6550000000 4.8609143791
4.6560000000 4.8619238167
4.6570000000 4.8629332695
4.6580000000 4.8639427376
4.6590000000 4.8649522285
4.6600000000 4.8659617271
4.6610000000 4.8669712410
4.6620000000 4.8679807701
4.6630000000 4.8689903145
4.6640000000 4.8699998817
4.6650000000 4.8710094566
4.6660000000 4.8720190468
4.6670000000 4.8730286522
4.6680000000 4.8740382805
4.6690000000 4.8750479164
4.6700000000 4.8760575676
4.6710000000 4.8770672340
4.6720000000 4.8780769234
4.6730000000 4.8790866203
4.6740000000 4.8800963326
4.6750000000 4.8811060600
4.6760000000 4.8821158104
4.6770000000 4.8831255684
4.6780000000 4.8841353416
4.6790000000 4.8851451302
4.6800000000 4.8861549416
4.6810000000 4.8871647606
4.6820000000 4.8881745949
4.6830000000 4.8891844444
4.6840000000 4.8901943092
4.6850000000 4.8912041969
4.6860000000 4.8922140923
4.6870000000 4.8932240028
4.6880000000 4.8942339287
4.6890000000 4.8952438698
4.6900000000 4.8962538261
4.6910000000 4.8972638054
4.6920000000 4.8982737923
4.6930000000 4.8992837944
4.6940000000 4.9002938118
4.6950000000 4.9013038445
4.6960000000 4.9023138924
4.6970000000 4.9033239555
4.6980000000 4.9043340340
4.6990000000 4.9053441277
4.7000000000 4.9063542366
4.7010000000 4.9073643684
4.7020000000 4.9083745079
4.7030000000 4.9093846626
4.7040000000 4.9103948326
4.7050000000 4.9114050179
4.7060000000 4.9124152184
4.7070000000 4.9134254341
4.7080000000 4.9144356651
4.7090000000 4.9154459114
4.7100000000 4.9164561653
4.7110000000 4.9174664421
4.7120000000 4.9184767342
4.7130000000 4.9194870415
4.7140000000 4.9204973640
4.7150000000 4.9215077019
4.7160000000 4.9225180550
4.7170000000 4.9235284233
4.7180000000 4.9245388069
4.7190000000 4.9255491982
4.7200000000 4.9265596123
4.7210000000 4.9275700417
4.7220000000 4.9285804863
4.7230000000 4.9295909386
4.7240000000 4.9306014137
4.7250000000 4.9316119041
4.7260000000 4.9326224098
4.7270000000 4.9336329231
4.7280000000 4.9346434593
4.7290000000 4.9356540108
4.7300000000 4.9366645699
4.7310000000 4.9376751518
4.7320000000 4.9386857414
4.7330000000 4.9396963539
4.7340000000 4.9407069740
4.7350000000 4.9417176170
4.7360000000 4.9427282677
4.7370000000 4.9437389412
4.7380000000 4.9447496223
4.7390000000 4.9457603264
4.7400000000 4.9467710381
4.7410000000 4.9477817726
4.7420000000 4.9487925148
4.7430000000 4.9498032722
4.7440000000 4.9508140526
4.7450000000 4.9518248405
4.7460000000 4.9528356438
4.7470000000 4.9538464699
4.7480000000 4.9548573036
4.7490000000 4.9558681526
4.7500000000 4.9568790169
4.7510000000 4.9578898964
4.7520000000 4.9589007912
4.7530000000 4.9599117088
4.7540000000 4.9609226341
4.7550000000 4.9619335747
4.7560000000 4.9629445305
4.7570000000 4.9639555016
4.7580000000 4.9649664879
4.7590000000 4.9659774895
4.7600000000 4.9669885063
4.7610000000 4.9679995384
4.7620000000 4.9690105782
4.7630000000 4.9700216408
4.7640000000 4.9710327187
4.7650000000 4.9720438118
4.7660000000 4.9730549202
4.7670000000 4.9740660362
4.7680000000 4.9750771751
4.7690000000 4.9760883293
4.7700000000 4.9770994911
4.7710000000 4.9781106758
4.7720000000 4.9791218758
4.7730000000 4.9801330833
4.7740000000 4.9811443138
4.7750000000 4.9821555519
4.7760000000 4.9831668129
4.7770000000 4.9841780815
4.7780000000 4.9851893730
4.7790000000 4.9862006721
4.7800000000 4.9872119865
4.7810000000 4.9882233238
4.7820000000 4.9892346687
4.7830000000 4.9902460289
4.7840000000 4.9912574043
4.7850000000 4.9922688026
4.7860000000 4.9932802086
4.7870000000 4.9942916298
4.7880000000 4.9953030663
4.7890000000 4.9963145180
4.7900000000 4.9973259850
4.7910000000 4.9983374672
4.7920000000 4.9993489647
4.7930000000 5.0003604774
4.7940000000 5.0013720055
4.7950000000 5.0023835487
4.7960000000 5.0033950996
4.7970000000 5.0044066734
4.7980000000 5.0054182625
4.7990000000 5.0064298668
4.8000000000 5.0074414787
4.8010000000 5.0084531136
4.8020000000 5.0094647636
4.8030000000 5.0104764214
4.8040000000 5.0114881020
4.8050000000 5.0124997902
4.8060000000 5.0135115013
4.8070000000 5.0145232201
4.8080000000 5.0155349541
4.8090000000 5.0165467110
4.8100000000 5.0175584755
4.8110000000 5.0185702553
4.8120000000 5.0195820580
4.8130000000 5.0205938683
4.8140000000 5.0216056938
4.8150000000 5.0226175346
4.8160000000 5.0236293907
4.8170000000 5.0246412621
4.8180000000 5.0256531487
4.8190000000 5.0266650505
4.8200000000 5.0276769676
4.8210000000 5.0286889000
4.8220000000 5.0297008476
4.8230000000 5.0307128029
4.8240000000 5.0317247810
4.8250000000 5.0327367744
4.8260000000 5.0337487831
4.8270000000 5.0347607994
4.8280000000 5.0357728386
4.8290000000 5.0367848854
4.8300000000 5.0377969551
4.8310000000 5.0388090324
4.8320000000 5.0398211327
4.8330000000 5.0408332405
4.8340000000 5.0418453636
4.8350000000 5.0428575096
4.8360000000 5.0438696632
4.8370000000 5.0448818321
4.8380000000 5.0458940163
4.8390000000 5.0469062157
4.8400000000 5.0479184303
4.8410000000 5.0489306602
4.8420000000 5.0499429054
4.8430000000 5.0509551659
4.8440000000 5.0519674416
4.8450000000 5.0529797325
4.8460000000 5.0539920387
4.8470000000 5.0550043602
4.8480000000 5.0560166893
4.8490000000 5.0570290413
4.8500000000 5.0580414085
4.8510000000 5.0590537834
4.8520000000 5.0600661812
4.8530000000 5.0610785866
4.8540000000 5.0620910149
4.8550000000 5.0631034508
4.8560000000 5.0641159019
4.8570000000 5.0651283760
4.8580000000 5.0661408577
4.8590000000 5.0671533546
4.8600000000 5.0681658669
4.8610000000 5.0691783943
4.8620000000 5.0701909370
4.8630000000 5.0712034950
4.8640000000 5.0722160683
4.8650000000 5.0732286568
4.8660000000 5.0742412605
4.8670000000 5.0752538795
4.8680000000 5.0762665138
4.8690000000 5.0772791557
4.8700000000 5.0782918205
4.8710000000 5.0793045006
4.8720000000 5.0803171883
4.8730000000 5.0813298988
4.8740000000 5.0823426170
4.8750000000 5.0833553581
4.8760000000 5.0843681068
4.8770000000 5.0853808708
4.8780000000 5.0863936577
4.8790000000 5.0874064522
4.8800000000 5.0884192619
4.8810000000 5.0894320869
4.8820000000 5.0904449272
4.8830000000 5.0914577827
4.8840000000 5.0924706535
4.8850000000 5.0934835396
4.8860000000 5.0944964409
4.8870000000 5.0955093575
4.8880000000 5.0965222816
4.8890000000 5.0975352287
4.8900000000 5.0985481911
4.8910000000 5.0995611610
4.8920000000 5.1005741539
4.8930000000 5.1015871544
4.8940000000 5.1026001778
4.8950000000 5.1036132088
4.8960000000 5.1046262627
4.8970000000 5.1056393242
4.8980000000 5.1066524010
4.8990000000 5.1076654930
4.9000000000 5.1086786003
4.9010000000 5.1096917229
4.9020000000 5.1107048607
4.9030000000 5.1117180138
4.9040000000 5.1127311821
4.9050000000 5.1137443657
4.9060000000 5.1147575645
4.9070000000 5.1157707787
4.9080000000 5.1167840004
4.9090000000 5.1177972450
4.9100000000 5.1188104973
4.9110000000 5.1198237724
4.9120000000 5.1208370552
4.9130000000 5.1218503609
4.9140000000 5.1228636742
4.9150000000 5.1238770027
4.9160000000 5.1248903542
4.9170000000 5.1259037132
4.9180000000 5.1269170876
4.9190000000 5.1279304771
4.9200000000 5.1289438820
4.9210000000 5.1299573021
4.9220000000 5.1309707375
4.9230000000 5.1319841881
4.9240000000 5.1329976463
4.9250000000 5.1340111275
4.9260000000 5.1350246239
4.9270000000 5.1360381279
4.9280000000 5.1370516548
4.9290000000 5.1380651894
4.9300000000 5.1390787468
4.9310000000 5.1400923119
4.9320000000 5.1411058998
4.9330000000 5.1421194954
4.9340000000 5.1431331062
4.9350000000 5.1441467323
4.9360000000 5.1451603737
4.9370000000 5.1461740303
4.9380000000 5.1471877022
4.9390000000 5.1482013893
4.9400000000 5.1492150917
4.9410000000 5.1502288094
4.9420000000 5.1512425423
4.9430000000 5.1522562828
4.9440000000 5.1532700462
4.9450000000 5.1542838173
4.9460000000 5.1552976112
4.9470000000 5.1563114128
4.9480000000 5.1573252373
4.9490000000 5.1583390694
4.9500000000 5.1593529167
4.9510000000 5.1603667793
4.9520000000 5.1613806572
4.9530000000 5.1623945580
4.9540000000 5.1634084663
4.9550000000 5.1644223824
4.9560000000 5.1654363213
4.9570000000 5.1664502754
4.9580000000 5.1674642448
4.9590000000 5.1684782295
4.9600000000 5.1694922218
4.9610000000 5.1705062370
4.9620000000 5.1715202599
4.9630000000 5.1725343056
4.9640000000 5.1735483589
4.9650000000 5.1745624352
4.9660000000 5.1755765190
4.9670000000 5.1765906181
4.9680000000 5.1776047325
4.9690000000 5.1786188622
4.9700000000 5.1796330070
4.9710000000 5.1806471672
4.9720000000 5.1816613426
4.9730000000 5.1826755333
4.9740000000 5.1836897392
4.9750000000 5.1847039528
4.9760000000 5.1857181892
4.9770000000 5.1867324409
4.9780000000 5.1877467003
4.9790000000 5.1887609825
4.9800000000 5.1897752724
4.9810000000 5.1907895775
4.9820000000 5.1918039055
4.9830000000 5.1928182411
4.9840000000 5.1938325920
4.9850000000 5.1948469582
4.9860000000 5.1958613396
4.9870000000 5.1968757362
4.9880000000 5.1978901482
4.9890000000 5.1989045753
4.9900000000 5.1999190102
4.9910000000 5.2009334679
4.9920000000 5.2019479408
4.9930000000 5.2029624214
4.9940000000 5.2039769249
4.9950000000 5.2049914360
4.9960000000 5.2060059700
4.9970000000 5.2070205116
4.9980000000 5.2080350685
4.9990000000 5.2090496407
