0.2000000000 1.0198337517
0.2010000000 1.0200309258
0.2020000000 1.0202290459
0.2030000000 1.0204281197
0.2040000000 1.0206281395
0.2050000000 1.0208291130
0.2060000000 1.0210310326
0.2070000000 1.0212338982
0.2080000000 1.0214377174
0.2090000000 1.0216424751
0.2100000000 1.0218481865
0.2110000000 1.0220548439
0.2120000000 1.0222624474
0.2130000000 1.0224709969
0.2140000000 1.0226804848
0.2150000000 1.0228909187
0.2160000000 1.0231022987
0.2170000000 1.0233146248
0.2180000000 1.0235278893
0.2190000000 1.0237420998
0.2200000000 1.0239572487
0.2210000000 1.0241733360
0.2220000000 1.0243903694
0.2230000000 1.0246083412
0.2240000000 1.0248272514
0.2250000000 1.0250471077
0.2260000000 1.0252678947
0.2270000000 1.0254896202
0.2280000000 1.0257122841
0.2290000000 1.0259358864
0.2300000000 1.0261604271
0.2310000000 1.0263858986
0.2320000000 1.0266123085
0.2330000000 1.0268396568
0.2340000000 1.0270679359
0.2350000000 1.0272971458
0.2360000000 1.0275272942
0.2370000000 1.0277583733
0.2380000000 1.0279903831
0.2390000000 1.0282233238
0.2400000000 1.0284572029
0.2410000000 1.0286920052
0.2420000000 1.0289277382
0.2430000000 1.0291644020
0.2440000000 1.0294019966
0.2450000000 1.0296405144
0.2460000000 1.0298799629
0.2470000000 1.0301203423
0.2480000000 1.0303616447
0.2490000000 1.0306038704
0.2500000000 1.0308470268
0.2510000000 1.0310911064
0.2520000000 1.0313361092
0.2530000000 1.0315820351
0.2540000000 1.0318288841
0.2550000000 1.0320766563
0.2560000000 1.0323253517
0.2570000000 1.0325749702
0.2580000000 1.0328255119
0.2590000000 1.0330769691
0.2600000000 1.0333293419
0.2610000000 1.0335826454
0.2620000000 1.0338368568
0.2630000000 1.0340919914
0.2640000000 1.0343480415
0.2650000000 1.0346050072
0.2660000000 1.0348628883
0.2670000000 1.0351216927
0.2680000000 1.0353814049
0.2690000000 1.0356420326
0.2700000000 1.0359035759
0.2710000000 1.0361660347
0.2720000000 1.0364294014
0.2730000000 1.0366936760
0.2740000000 1.0369588737
0.2750000000 1.0372249718
0.2760000000 1.0374919853
0.2770000000 1.0377599068
0.2780000000 1.0380287361
0.2790000000 1.0382984734
0.2800000000 1.0385691261
0.2810000000 1.0388406792
0.2820000000 1.0391131325
0.2830000000 1.0393865013
0.2840000000 1.0396607704
0.2850000000 1.0399359474
0.2860000000 1.0402120247
0.2870000000 1.0404890099
0.2880000000 1.0407668953
0.2890000000 1.0410456810
0.2900000000 1.0413253746
0.2910000000 1.0416059608
0.2920000000 1.0418874474
0.2930000000 1.0421698418
0.2940000000 1.0424531288
0.2950000000 1.0427373161
0.2960000000 1.0430223961
0.2970000000 1.0433083763
0.2980000000 1.0435952492
0.2990000000 1.0438830223
0.3000000000 1.0441716881
0.3010000000 1.0444612541
0.3020000000 1.0447517052
0.3030000000 1.0450430565
0.3040000000 1.0453352928
0.3050000000 1.0456284294
0.3060000000 1.0459224510
0.3070000000 1.0462173653
0.3080000000 1.0465131645
0.3090000000 1.0468098564
0.3100000000 1.0471074409
0.3110000000 1.0474059029
0.3120000000 1.0477052574
0.3130000000 1.0480055046
0.3140000000 1.0483066292
0.3150000000 1.0486086388
0.3160000000 1.0489115334
0.3170000000 1.0492153130
0.3180000000 1.0495199776
0.3190000000 1.0498255196
0.3200000000 1.0501319466
0.3210000000 1.0504392586
0.3220000000 1.0507474403
0.3230000000 1.0510565071
0.3240000000 1.0513664589
0.3250000000 1.0516772804
0.3260000000 1.0519889793
0.3270000000 1.0523015633
0.3280000000 1.0526150169
0.3290000000 1.0529293404
0.3300000000 1.0532445488
0.3310000000 1.0535606270
0.3320000000 1.0538775749
0.3330000000 1.0541954002
0.3340000000 1.0545140953
0.3350000000 1.0548336678
0.3360000000 1.0551541023
0.3370000000 1.0554754143
0.3380000000 1.0557975883
0.3390000000 1.0561206322
0.3400000000 1.0564445457
0.3410000000 1.0567693291
0.3420000000 1.0570949745
0.3430000000 1.0574214821
0.3440000000 1.0577488594
0.3450000000 1.0580770988
0.3460000000 1.0584062004
0.3470000000 1.0587361717
0.3480000000 1.0590669975
0.3490000000 1.0593986855
0.3500000000 1.0597312355
0.3510000000 1.0600646477
0.3520000000 1.0603989143
0.3530000000 1.0607340431
0.3540000000 1.0610700340
0.3550000000 1.0614068718
0.3560000000 1.0617445717
0.3570000000 1.0620831261
0.3580000000 1.0624225349
0.3590000000 1.0627627983
0.3600000000 1.0631039085
0.3610000000 1.0634458809
0.3620000000 1.0637887001
0.3630000000 1.0641323662
0.3640000000 1.0644768944
0.3650000000 1.0648222618
0.3660000000 1.0651684837
0.3670000000 1.0655155525
0.3680000000 1.0658634605
0.3690000000 1.0662122231
0.3700000000 1.0665618324
0.3710000000 1.0669122887
0.3720000000 1.0672635841
0.3730000000 1.0676157265
0.3740000000 1.0679687080
0.3750000000 1.0683225288
0.3760000000 1.0686771965
0.3770000000 1.0690327110
0.3780000000 1.0693890572
0.3790000000 1.0697462425
0.3800000000 1.0701042671
0.3810000000 1.0704631310
0.3820000000 1.0708228264
0.3830000000 1.0711833611
0.3840000000 1.0715447350
0.3850000000 1.0719069405
0.3860000000 1.0722699776
0.3870000000 1.0726338539
0.3880000000 1.0729985542
0.3890000000 1.0733640938
0.3900000000 1.0737304573
0.3910000000 1.0740976524
0.3920000000 1.0744656792
0.3930000000 1.0748345375
0.3940000000 1.0752042198
0.3950000000 1.0755747261
0.3960000000 1.0759460640
0.3970000000 1.0763182259
0.3980000000 1.0766912117
0.3990000000 1.0770650215
0.4000000000 1.0774396477
0.4010000000 1.0778151054
0.4020000000 1.0781913795
0.4030000000 1.0785684776
0.4040000000 1.0789463921
0.4050000000 1.0793251305
0.4060000000 1.0797046852
0.4070000000 1.0800850563
0.4080000000 1.0804662437
0.4090000000 1.0808482475
0.4100000000 1.0812310677
0.4110000000 1.0816147041
0.4120000000 1.0819991570
0.4130000000 1.0823844109
0.4140000000 1.0827704887
0.4150000000 1.0831573753
0.4160000000 1.0835450706
0.4170000000 1.0839335747
0.4180000000 1.0843228874
0.4190000000 1.0847130089
0.4200000000 1.0851039391
0.4210000000 1.0854956779
0.4220000000 1.0858882179
0.4230000000 1.0862815666
0.4240000000 1.0866757164
0.4250000000 1.0870706673
0.4260000000 1.0874664268
0.4270000000 1.0878629875
0.4280000000 1.0882603493
0.4290000000 1.0886585045
0.4300000000 1.0890574684
0.4310000000 1.0894572258
0.4320000000 1.0898577843
0.4330000000 1.0902591362
0.4340000000 1.0906612816
0.4350000000 1.0910642281
0.4360000000 1.0914679680
0.4370000000 1.0918725014
0.4380000000 1.0922778282
0.4390000000 1.0926839485
0.4400000000 1.0930908623
0.4410000000 1.0934985619
0.4420000000 1.0939070473
0.4430000000 1.0943163338
0.4440000000 1.0947263985
0.4450000000 1.0951372566
0.4460000000 1.0955488930
0.4470000000 1.0959613228
0.4480000000 1.0963745384
0.4490000000 1.0967885323
0.4500000000 1.0972033119
0.4510000000 1.0976188774
0.4520000000 1.0980352211
0.4530000000 1.0984523430
0.4540000000 1.0988702507
0.4550000000 1.0992889366
0.4560000000 1.0997084007
0.4570000000 1.1001286354
0.4580000000 1.1005496559
0.4590000000 1.1009714470
0.4600000000 1.1013940163
0.4610000000 1.1018173637
0.4620000000 1.1022414818
0.4630000000 1.1026663704
0.4640000000 1.1030920296
0.4650000000 1.1035184593
0.4660000000 1.1039456673
0.4670000000 1.1043736382
0.4680000000 1.1048023796
0.4690000000 1.1052318840
0.4700000000 1.1056621590
0.4710000000 1.1060932045
0.4720000000 1.1065250130
0.4730000000 1.1069575844
0.4740000000 1.1073909187
0.4750000000 1.1078250160
0.4760000000 1.1082598763
0.4770000000 1.1086954994
0.4780000000 1.1091318779
0.4790000000 1.1095690193
0.4800000000 1.1100069237
0.4810000000 1.1104455833
0.4820000000 1.1108849983
0.4830000000 1.1113251686
0.4840000000 1.1117660942
0.4850000000 1.1122077751
0.4860000000 1.1126502113
0.4870000000 1.1130933952
0.4880000000 1.1135373421
0.4890000000 1.1139820290
0.4900000000 1.1144274712
0.4910000000 1.1148736610
0.4920000000 1.1153206062
0.4930000000 1.1157682915
0.4940000000 1.1162167320
0.4950000000 1.1166659126
0.4960000000 1.1171158409
0.4970000000 1.1175665092
0.4980000000 1.1180179253
0.4990000000 1.1184700813
0.5000000000 1.1189229851
0.5010000000 1.1193766289
0.5020000000 1.1198310127
0.5030000000 1.1202861366
0.5040000000 1.1207419930
0.5050000000 1.1211985970
0.5060000000 1.1216559334
0.5070000000 1.1221140022
0.5080000000 1.1225728111
0.5090000000 1.1230323524
0.5100000000 1.1234926262
0.5110000000 1.1239536400
0.5120000000 1.1244153786
0.5130000000 1.1248778496
0.5140000000 1.1253410530
0.5150000000 1.1258049889
0.5160000000 1.1262696495
0.5170000000 1.1267350426
0.5180000000 1.1272011528
0.5190000000 1.1276679955
0.5200000000 1.1281355705
0.5210000000 1.1286038628
0.5220000000 1.1290728798
0.5230000000 1.1295426140
0.5240000000 1.1300130730
0.5250000000 1.1304842567
0.5260000000 1.1309561653
0.5270000000 1.1314287834
0.5280000000 1.1319021263
0.5290000000 1.1323761864
0.5300000000 1.1328509636
0.5310000000 1.1333264503
0.5320000000 1.1338026619
0.5330000000 1.1342795830
0.5340000000 1.1347572212
0.5350000000 1.1352355690
0.5360000000 1.1357146263
0.5370000000 1.1361944008
0.5380000000 1.1366748848
0.5390000000 1.1371560707
0.5400000000 1.1376379738
0.5410000000 1.1381205788
0.5420000000 1.1386038933
0.5430000000 1.1390879173
0.5440000000 1.1395726433
0.5450000000 1.1400580711
0.5460000000 1.1405442085
0.5470000000 1.1410310402
0.5480000000 1.1415185814
0.5490000000 1.1420068169
0.5500000000 1.1424957619
0.5510000000 1.1429854012
0.5520000000 1.1434757347
0.5530000000 1.1439667702
0.5540000000 1.1444585075
0.5550000000 1.1449509315
0.5560000000 1.1454440575
0.5570000000 1.1459378700
0.5580000000 1.1464323845
0.5590000000 1.1469275856
0.5600000000 1.1474234810
0.5610000000 1.1479200706
0.5620000000 1.1484173470
0.5630000000 1.1489153099
0.5640000000 1.1494139671
0.5650000000 1.1499133034
0.5660000000 1.1504133339
0.5670000000 1.1509140511
0.5680000000 1.1514154472
0.5690000000 1.1519175301
0.5700000000 1.1524202995
0.5710000000 1.1529237480
0.5720000000 1.1534278755
0.5730000000 1.1539326897
0.5740000000 1.1544381828
0.5750000000 1.1549443550
0.5760000000 1.1554512062
0.5770000000 1.1559587288
0.5780000000 1.1564669304
0.5790000000 1.1569758110
0.5800000000 1.1574853706
0.5810000000 1.1579955940
0.5820000000 1.1585064964
0.5830000000 1.1590180702
0.5840000000 1.1595303154
0.5850000000 1.1600432320
0.5860000000 1.1605568199
0.5870000000 1.1610710716
0.5880000000 1.1615859947
0.5890000000 1.1621015892
0.5900000000 1.1626178474
0.5910000000 1.1631347694
0.5920000000 1.1636523552
0.5930000000 1.1641706123
0.5940000000 1.1646895256
0.5950000000 1.1652091026
0.5960000000 1.1657293434
0.5970000000 1.1662502403
0.5980000000 1.1667718010
0.5990000000 1.1672940178
0.6000000000 1.1678168983
0.6010000000 1.1683404350
0.6020000000 1.1688646202
0.6030000000 1.1693894691
0.6040000000 1.1699149742
0.6050000000 1.1704411278
0.6060000000 1.1709679375
0.6070000000 1.1714953957
0.6080000000 1.1720235100
0.6090000000 1.1725522728
0.6100000000 1.1730816841
0.6110000000 1.1736117439
0.6120000000 1.1741424599
0.6130000000 1.1746738167
0.6140000000 1.1752058220
0.6150000000 1.1757384682
0.6160000000 1.1762717628
0.6170000000 1.1768056984
0.6180000000 1.1773402824
0.6190000000 1.1778755074
0.6200000000 1.1784113731
0.6210000000 1.1789478798
0.6220000000 1.1794850197
0.6230000000 1.1800228081
0.6240000000 1.1805612297
0.6250000000 1.1811002922
0.6260000000 1.1816399879
0.6270000000 1.1821803246
0.6280000000 1.1827212868
0.6290000000 1.1832628899
0.6300000000 1.1838051262
0.6310000000 1.1843479881
0.6320000000 1.1848914909
0.6330000000 1.1854356194
0.6340000000 1.1859803810
0.6350000000 1.1865257683
0.6360000000 1.1870717812
0.6370000000 1.1876184273
0.6380000000 1.1881656990
0.6390000000 1.1887135963
0.6400000000 1.1892621117
0.6410000000 1.1898112602
0.6420000000 1.1903610268
0.6430000000 1.1909114189
0.6440000000 1.1914624290
0.6450000000 1.1920140648
0.6460000000 1.1925663185
0.6470000000 1.1931191902
0.6480000000 1.1936726799
0.6490000000 1.1942267876
0.6500000000 1.1947815132
0.6510000000 1.1953368568
0.6520000000 1.1958928108
0.6530000000 1.1964493828
0.6540000000 1.1970065651
0.6550000000 1.1975643578
0.6560000000 1.1981227684
0.6570000000 1.1986817894
0.6580000000 1.1992414207
0.6590000000 1.1998016548
0.6600000000 1.2003624992
0.6610000000 1.2009239540
0.6620000000 1.2014860191
0.6630000000 1.2020486870
0.6640000000 1.2026119576
0.6650000000 1.2031758385
0.6660000000 1.2037403145
0.6670000000 1.2043054008
0.6680000000 1.2048710899
0.6690000000 1.2054373741
0.6700000000 1.2060042610
0.6710000000 1.2065717506
0.6720000000 1.2071398354
0.6730000000 1.2077085152
0.6740000000 1.2082777977
0.6750000000 1.2088476753
0.6760000000 1.2094181480
0.6770000000 1.2099892159
0.6780000000 1.2105608711
0.6790000000 1.2111331291
0.6800000000 1.2117059746
0.6810000000 1.2122794075
0.6820000000 1.2128534431
0.6830000000 1.2134280586
0.6840000000 1.2140032616
0.6850000000 1.2145790596
0.6860000000 1.2151554451
0.6870000000 1.2157324104
0.6880000000 1.2163099709
0.6890000000 1.2168881111
0.6900000000 1.2174668312
0.6910000000 1.2180461388
0.6920000000 1.2186260338
0.6930000000 1.2192065010
0.6940000000 1.2197875557
0.6950000000 1.2203691902
0.6960000000 1.2209514046
0.6970000000 1.2215341988
0.6980000000 1.2221175652
0.6990000000 1.2227015114
0.7000000000 1.2232860298
0.7010000000 1.2238711281
0.7020000000 1.2244568062
0.7030000000 1.2250430489
0.7040000000 1.2256298714
0.7050000000 1.2262172661
0.7060000000 1.2268052254
0.7070000000 1.2273937569
0.7080000000 1.2279828606
0.7090000000 1.2285725365
0.7100000000 1.2291627769
0.7110000000 1.2297535896
0.7120000000 1.2303449593
0.7130000000 1.2309369011
0.7140000000 1.2315294075
0.7150000000 1.2321224785
0.7160000000 1.2327161140
0.7170000000 1.2333103142
0.7180000000 1.2339050713
0.7190000000 1.2345003929
0.7200000000 1.2350962715
0.7210000000 1.2356927147
0.7220000000 1.2362897072
0.7230000000 1.2368872643
0.7240000000 1.2374853859
0.7250000000 1.2380840569
0.7260000000 1.2386832771
0.7270000000 1.2392830620
0.7280000000 1.2398833961
0.7290000000 1.2404842873
0.7300000000 1.2410857277
0.7310000000 1.2416877251
0.7320000000 1.2422902641
0.7330000000 1.2428933601
0.7340000000 1.2434970055
0.7350000000 1.2441012001
0.7360000000 1.2447059364
0.7370000000 1.2453112297
0.7380000000 1.2459170647
0.7390000000 1.2465234413
0.7400000000 1.2471303673
0.7410000000 1.2477378349
0.7420000000 1.2483458443
0.7430000000 1.2489544029
0.7440000000 1.2495634956
0.7450000000 1.2501731377
0.7460000000 1.2507833138
0.7470000000 1.2513940315
0.7480000000 1.2520052834
0.7490000000 1.2526170769
0.7500000000 1.2532294121
0.7510000000 1.2538422813
0.7520000000 1.2544556847
0.7530000000 1.2550696220
0.7540000000 1.2556840935
0.7550000000 1.2562990990
0.7560000000 1.2569146309
0.7570000000 1.2575307045
0.7580000000 1.2581473045
0.7590000000 1.2587644310
0.7600000000 1.2593820915
0.7610000000 1.2600002861
0.7620000000 1.2606189995
0.7630000000 1.2612382469
0.7640000000 1.2618580132
0.7650000000 1.2624783134
0.7660000000 1.2630991325
0.7670000000 1.2637204781
0.7680000000 1.2643423500
0.7690000000 1.2649647408
0.7700000000 1.2655876579
0.7710000000 1.2662110939
0.7720000000 1.2668350487
0.7730000000 1.2674595222
0.7740000000 1.2680845146
0.7750000000 1.2687100334
0.7760000000 1.2693360634
0.7770000000 1.2699626045
0.7780000000 1.2705896721
0.7790000000 1.2712172508
0.7800000000 1.2718453407
0.7810000000 1.2724739494
0.7820000000 1.2731030693
0.7830000000 1.2737327003
0.7840000000 1.2743628426
0.7850000000 1.2749934959
0.7860000000 1.2756246605
0.7870000000 1.2762563362
0.7880000000 1.2768885155
0.7890000000 1.2775212059
0.7900000000 1.2781543999
0.7910000000 1.2787881050
0.7920000000 1.2794223137
0.7930000000 1.2800570259
0.7940000000 1.2806922493
0.7950000000 1.2813279686
0.7960000000 1.2819641914
0.7970000000 1.2826009178
0.7980000000 1.2832381477
0.7990000000 1.2838758736
0.8000000000 1.2845141029
0.8010000000 1.2851528282
0.8020000000 1.2857920494
0.8030000000 1.2864317741
0.8040000000 1.2870719948
0.8050000000 1.2877127113
0.8060000000 1.2883539238
0.8070000000 1.2889956245
0.8080000000 1.2896378288
0.8090000000 1.2902805214
0.8100000000 1.2909237022
0.8110000000 1.2915673790
0.8120000000 1.2922115517
0.8130000000 1.2928562050
0.8140000000 1.2935013542
0.8150000000 1.2941469917
0.8160000000 1.2947931175
0.8170000000 1.2954397316
0.8180000000 1.2960868263
0.8190000000 1.2967344170
0.8200000000 1.2973824883
0.8210000000 1.2980310402
0.8220000000 1.2986800804
0.8230000000 1.2993296013
0.8240000000 1.2999796104
0.8250000000 1.3006300926
0.8260000000 1.3012810631
0.8270000000 1.3019325142
0.8280000000 1.3025844383
0.8290000000 1.3032368507
0.8300000000 1.3038897285
0.8310000000 1.3045430946
0.8320000000 1.3051969337
0.8330000000 1.3058512535
0.8340000000 1.3065060387
0.8350000000 1.3071613045
0.8360000000 1.3078170433
0.8370000000 1.3084732628
0.8380000000 1.3091299477
0.8390000000 1.3097871056
0.8400000000 1.3104447289
0.8410000000 1.3111028328
0.8420000000 1.3117614021
0.8430000000 1.3124204369
0.8440000000 1.3130799446
0.8450000000 1.3137399178
0.8460000000 1.3144003639
0.8470000000 1.3150612679
0.8480000000 1.3157226448
0.8490000000 1.3163844795
0.8500000000 1.3170467873
0.8510000000 1.3177095528
0.8520000000 1.3183727837
0.8530000000 1.3190364723
0.8540000000 1.3197006264
0.8550000000 1.3203652382
0.8560000000 1.3210303154
0.8570000000 1.3216958504
0.8580000000 1.3223618431
0.8590000000 1.3230282936
0.8600000000 1.3236952019
0.8610000000 1.3243625679
0.8620000000 1.3250303841
0.8630000000 1.3256986656
0.8640000000 1.3263673897
0.8650000000 1.3270365791
0.8660000000 1.3277062187
0.8670000000 1.3283763084
0.8680000000 1.3290468483
0.8690000000 1.3297178459
0.8700000000 1.3303892860
0.8710000000 1.3310611839
0.8720000000 1.3317335320
0.8730000000 1.3324063225
0.8740000000 1.3330795631
0.8750000000 1.3337532539
0.8760000000 1.3344273872
0.8770000000 1.3351019630
0.8780000000 1.3357769890
0.8790000000 1.3364524651
0.8800000000 1.3371283760
0.8810000000 1.3378047371
0.8820000000 1.3384815331
0.8830000000 1.3391587791
0.8840000000 1.3398364601
0.8850000000 1.3405145912
0.8860000000 1.3411931496
0.8870000000 1.3418721581
0.8880000000 1.3425516014
0.8890000000 1.3432314796
0.8900000000 1.3439118004
0.8910000000 1.3445925484
0.8920000000 1.3452737389
0.8930000000 1.3459553719
0.8940000000 1.3466374321
0.8950000000 1.3473199272
0.8960000000 1.3480028496
0.8970000000 1.3486862144
0.8980000000 1.3493700066
0.8990000000 1.3500542336
0.9000000000 1.3507388878
0.9010000000 1.3514239693
0.9020000000 1.3521094856
0.9030000000 1.3527954292
0.9040000000 1.3534818001
0.9050000000 1.3541686058
0.9060000000 1.3548558311
0.9070000000 1.3555434837
0.9080000000 1.3562315636
0.9090000000 1.3569200630
0.9100000000 1.3576089973
0.9110000000 1.3582983437
0.9120000000 1.3589881248
0.9130000000 1.3596783180
0.9140000000 1.3603689384
0.9150000000 1.3610599785
0.9160000000 1.3617514381
0.9170000000 1.3624433250
0.9180000000 1.3631356239
0.9190000000 1.3638283424
0.9200000000 1.3645214806
0.9210000000 1.3652150307
0.9220000000 1.3659090004
0.9230000000 1.3666033897
0.9240000000 1.3672981911
0.9250000000 1.3679934120
0.9260000000 1.3686890450
0.9270000000 1.3693850899
0.9280000000 1.3700815468
0.9290000000 1.3707784157
0.9300000000 1.3714757042
0.9310000000 1.3721733971
0.9320000000 1.3728715019
0.9330000000 1.3735700111
0.9340000000 1.3742689400
0.9350000000 1.3749682732
0.9360000000 1.3756680107
0.9370000000 1.3763681602
0.9380000000 1.3770687141
0.9390000000 1.3777696724
0.9400000000 1.3784710350
0.9410000000 1.3791728096
0.9420000000 1.3798749886
0.9430000000 1.3805775642
0.9440000000 1.3812805443
0.9450000000 1.3819839287
0.9460000000 1.3826877174
0.9470000000 1.3833919029
0.9480000000 1.3840964928
0.9490000000 1.3848014870
0.9500000000 1.3855068703
0.9510000000 1.3862126579
0.9520000000 1.3869188423
0.9530000000 1.3876254234
0.9540000000 1.3883324089
0.9550000000 1.3890397835
0.9560000000 1.3897475548
0.9570000000 1.3904557228
0.9580000000 1.3911642876
0.9590000000 1.3918732414
0.9600000000 1.3925825920
0.9610000000 1.3932923317
0.9620000000 1.3940024681
0.9630000000 1.3947129936
0.9640000000 1.3954239082
0.9650000000 1.3961352196
0.9660000000 1.3968469124
0.9670000000 1.3975590019
0.9680000000 1.3982714806
0.9690000000 1.3989843407
0.9700000000 1.3996975899
0.9710000000 1.4004112282
0.9720000000 1.4011252556
0.9730000000 1.4018396645
0.9740000000 1.4025544624
0.9750000000 1.4032696419
0.9760000000 1.4039852028
0.9770000000 1.4047011528
0.9780000000 1.4054174767
0.9790000000 1.4061341896
0.9800000000 1.4068512840
0.9810000000 1.4075687599
0.9820000000 1.4082866173
0.9830000000 1.4090048485
0.9840000000 1.4097234612
0.9850000000 1.4104424553
0.9860000000 1.4111618309
0.9870000000 1.4118815804
0.9880000000 1.4126017036
0.9890000000 1.4133222084
0.9900000000 1.4140430870
0.9910000000 1.4147643394
0.9920000000 1.4154859657
0.9930000000 1.4162079659
0.9940000000 1.4169303474
0.9950000000 1.4176530952
0.9960000000 1.4183762169
0.9970000000 1.4190997124
0.9980000000 1.4198235741
0.9990000000 1.4205478096
1.0000000000 1.4212724113
1.0010000000 1.4219973869
1.0020000000 1.4227227364
1.0030000000 1.4234484444
1.0040000000 1.4241745262
1.0050000000 1.4249009743
1.0060000000 1.4256277885
1.0070000000 1.4263549690
1.0080000000 1.4270825157
1.0090000000 1.4278104286
1.0100000000 1.4285387077
1.0110000000 1.4292673454
1.0120000000 1.4299963493
1.0130000000 1.4307257195
1.0140000000 1.4314554482
1.0150000000 1.4321855354
1.0160000000 1.4329159889
1.0170000000 1.4336468010
1.0180000000 1.4343779716
1.0190000000 1.4351095085
1.0200000000 1.4358413963
1.0210000000 1.4365736504
1.0220000000 1.4373062553
1.0230000000 1.4380392189
1.0240000000 1.4387725410
1.0250000000 1.4395062218
1.0260000000 1.4402402534
1.0270000000 1.4409746437
1.0280000000 1.4417093925
1.0290000000 1.4424444923
1.0300000000 1.4431799431
1.0310000000 1.4439157448
1.0320000000 1.4446519051
1.0330000000 1.4453884163
1.0340000000 1.4461252708
1.0350000000 1.4468624840
1.0360000000 1.4476000481
1.0370000000 1.4483379631
1.0380000000 1.4490762215
1.0390000000 1.4498148308
1.0400000000 1.4505537910
1.0410000000 1.4512930946
1.0420000000 1.4520327492
1.0430000000 1.4527727470
1.0440000000 1.4535130959
1.0450000000 1.4542537880
1.0460000000 1.4549948235
1.0470000000 1.4557362022
1.0480000000 1.4564779320
1.0490000000 1.4572199974
1.0500000000 1.4579624062
1.0510000000 1.4587051659
1.0520000000 1.4594482613
1.0530000000 1.4601917000
1.0540000000 1.4609354744
1.0550000000 1.4616795921
1.0560000000 1.4624240532
1.0570000000 1.4631688499
1.0580000000 1.4639139824
1.0590000000 1.4646594582
1.0600000000 1.4654052696
1.0610000000 1.4661514244
1.0620000000 1.4668979073
1.0630000000 1.4676447334
1.0640000000 1.4683918877
1.0650000000 1.4691393852
1.0660000000 1.4698872108
1.0670000000 1.4706353722
1.0680000000 1.4713838692
1.0690000000 1.4721327019
1.0700000000 1.4728818626
1.0710000000 1.4736313515
1.0720000000 1.4743811760
1.0730000000 1.4751313362
1.0740000000 1.4758818245
1.0750000000 1.4766326408
1.0760000000 1.4773837852
1.0770000000 1.4781352654
1.0780000000 1.4788870659
1.0790000000 1.4796392021
1.0800000000 1.4803916588
1.0810000000 1.4811444511
1.0820000000 1.4818975639
1.0830000000 1.4826510048
1.0840000000 1.4834047661
1.0850000000 1.4841588554
1.0860000000 1.4849132729
1.0870000000 1.4856680107
1.0880000000 1.4864230766
1.0890000000 1.4871784630
1.0900000000 1.4879341698
1.0910000000 1.4886901970
1.0920000000 1.4894465523
1.0930000000 1.4902032280
1.0940000000 1.4909602165
1.0950000000 1.4917175331
1.0960000000 1.4924751701
1.0970000000 1.4932331200
1.0980000000 1.4939913902
1.0990000000 1.4947499809
1.1000000000 1.4955088921
1.1010000000 1.4962681160
1.1020000000 1.4970276604
1.1030000000 1.4977875175
1.1040000000 1.4985476875
1.1050000000 1.4993081779
1.1060000000 1.5000689812
1.1070000000 1.5008300972
1.1080000000 1.5015915337
1.1090000000 1.5023532753
1.1100000000 1.5031153374
1.1110000000 1.5038777046
1.1120000000 1.5046403923
1.1130000000 1.5054033852
1.1140000000 1.5061666908
1.1150000000 1.5069303093
1.1160000000 1.5076942329
1.1170000000 1.5084584694
1.1180000000 1.5092230110
1.1190000000 1.5099878654
1.1200000000 1.5107530251
1.1210000000 1.5115184975
1.1220000000 1.5122842751
1.1230000000 1.5130503578
1.1240000000 1.5138167458
1.1250000000 1.5145834389
1.1260000000 1.5153504448
1.1270000000 1.5161177483
1.1280000000 1.5168853569
1.1290000000 1.5176532707
1.1300000000 1.5184214897
1.1310000000 1.5191900063
1.1320000000 1.5199588356
1.1330000000 1.5207279549
1.1340000000 1.5214973869
1.1350000000 1.5222671089
1.1360000000 1.5230371437
1.1370000000 1.5238074684
1.1380000000 1.5245780983
1.1390000000 1.5253490257
1.1400000000 1.5261202583
1.1410000000 1.5268917809
1.1420000000 1.5276636009
1.1430000000 1.5284357262
1.1440000000 1.5292081413
1.1450000000 1.5299808617
1.1460000000 1.5307538719
1.1470000000 1.5315271797
1.1480000000 1.5323007774
