1.1490000000 0.0059528389 1.5330746803
1.1500000000 0.0092018700 1.5338488655
1.1510000000 0.0115707436 1.5346233559
1.1520000000 0.0135299492 1.5353981361
1.1530000000 0.0152383232 1.5361732063
1.1540000000 0.0167726860 1.5369485741
1.1550000000 0.0181771584 1.5377242241
1.1560000000 0.0194798546 1.5385001793
1.1570000000 0.0206999931 1.5392764168
1.1580000000 0.0218514137 1.5400529442
1.1590000000 0.0229444618 1.5408297691
1.1600000000 0.0239871178 1.5416068764
1.1610000000 0.0249856911 1.5423842812
1.1620000000 0.0259452705 1.5431619682
1.1630000000 0.0268700371 1.5439399452
1.1640000000 0.0277634621 1.5447182121
1.1650000000 0.0286284828 1.5454967690
1.1660000000 0.0294676094 1.5462756081
1.1670000000 0.0302829781 1.5470547371
1.1680000000 0.0310764732 1.5478341560
1.1690000000 0.0318497124 1.5486138573
1.1700000000 0.0326041603 1.5493938408
1.1710000000 0.0333410683 1.5501741142
1.1720000000 0.0340615883 1.5509546700
1.1730000000 0.0347667351 1.5517355080
1.1740000000 0.0354574318 1.5525166359
1.1750000000 0.0361344948 1.5532980461
1.1760000000 0.0367986794 1.5540797386
1.1770000000 0.0374506798 1.5548617058
1.1780000000 0.0380911064 1.5556439629
1.1790000000 0.0387205467 1.5564265022
1.1800000000 0.0393395195 1.5572093239
1.1810000000 0.0399485207 1.5579924202
1.1820000000 0.0405479851 1.5587757988
1.1830000000 0.0411383400 1.5595594597
1.1840000000 0.0417199669 1.5603434029
1.1850000000 0.0422932243 1.5611276207
1.1860000000 0.0428584557 1.5619121208
1.1870000000 0.0434159660 1.5626968956
1.1880000000 0.0439660530 1.5634819450
1.1890000000 0.0445089912 1.5642672768
1.1900000000 0.0450450325 1.5650528908
1.1910000000 0.0455744286 1.5658387718
1.1920000000 0.0460974007 1.5666249352
1.1930000000 0.0466141701 1.5674113731
1.1940000000 0.0471249352 1.5681980858
1.1950000000 0.0476298943 1.5689850731
1.1960000000 0.0481292305 1.5697723351
1.1970000000 0.0486231117 1.5705598717
1.1980000000 0.0491117058 1.5713476753
1.1990000000 0.0495951653 1.5721357613
1.2000000000 0.0500736427 1.5729241142
1.2010000000 0.0505472679 1.5737127495
1.2020000000 0.0510161934 1.5745016441
1.2030000000 0.0514805412 1.5752908211
1.2040000000 0.0519404259 1.5760802650
1.2050000000 0.0523959694 1.5768699760
1.2060000000 0.0528472786 1.5776599617
1.2070000000 0.0532944756 1.5784502144
1.2080000000 0.0537376518 1.5792407417
1.2090000000 0.0541768990 1.5800315361
1.2100000000 0.0546123238 1.5808225975
1.2110000000 0.0550440178 1.5816139259
1.2120000000 0.0554720573 1.5824055290
1.2130000000 0.0558965263 1.5831973915
1.2140000000 0.0563175163 1.5839895287
1.2150000000 0.0567350960 1.5847819252
1.2160000000 0.0571493340 1.5855745888
1.2170000000 0.0575603218 1.5863675270
1.2180000000 0.0579681053 1.5871607246
1.2190000000 0.0583727684 1.5879541893
1.2200000000 0.0587743645 1.5887479134
1.2210000000 0.0591729622 1.5895419044
1.2220000000 0.0595686226 1.5903361626
1.2230000000 0.0599613914 1.5911306877
1.2240000000 0.0603513374 1.5919254646
1.2250000000 0.0607385139 1.5927205162
1.2260000000 0.0611229591 1.5935158195
1.2270000000 0.0615047417 1.5943113899
1.2280000000 0.0618839073 1.5951072273
1.2290000000 0.0622604942 1.5959033165
1.2300000000 0.0626345482 1.5966996727
1.2310000000 0.0630061302 1.5974962883
1.2320000000 0.0633752632 1.5982931633
1.2330000000 0.0637420006 1.5990902977
1.2340000000 0.0641063881 1.5998876839
1.2350000000 0.0644684486 1.6006853371
1.2360000000 0.0648282356 1.6014832497
1.2370000000 0.0651857796 1.6022814217
1.2380000000 0.0655411186 1.6030798454
1.2390000000 0.0658942909 1.6038785286
1.2400000000 0.0662453270 1.6046774712
1.2410000000 0.0665942574 1.6054766655
1.2420000000 0.0669411201 1.6062761192
1.2430000000 0.0672859459 1.6070758324
1.2440000000 0.0676287651 1.6078757973
1.2450000000 0.0679696083 1.6086760139
1.2460000000 0.0683084984 1.6094764900
1.2470000000 0.0686454735 1.6102772179
1.2480000000 0.0689805489 1.6110781975
1.2490000000 0.0693137703 1.6118794365
1.2500000000 0.0696451454 1.6126809196
1.2510000000 0.0699747124 1.6134826622
1.2520000000 0.0703024940 1.6142846565
1.2530000000 0.0706285057 1.6150869026
1.2540000000 0.0709527855 1.6158894005
1.2550000000 0.0712753487 1.6166921501
1.2560000000 0.0715962105 1.6174951439
1.2570000000 0.0719154091 1.6182983971
1.2580000000 0.0722329597 1.6191018944
1.2590000000 0.0725488853 1.6199056435
1.2600000000 0.0728632011 1.6207096443
1.2610000000 0.0731759300 1.6215138893
1.2620000000 0.0734870872 1.6223183861
1.2630000000 0.0737967033 1.6231231346
1.2640000000 0.0741047935 1.6239281273
1.2650000000 0.0744113655 1.6247333641
1.2660000000 0.0747164574 1.6255388527
1.2670000000 0.0750200691 1.6263445854
1.2680000000 0.0753222237 1.6271505623
1.2690000000 0.0756229439 1.6279567909
1.2700000000 0.0759222374 1.6287632637
1.2710000000 0.0762201271 1.6295699730
1.2720000000 0.0765166283 1.6303769417
1.2730000000 0.0768117561 1.6311841469
1.2740000000 0.0771055260 1.6319915962
1.2750000000 0.0773979530 1.6327992897
1.2760000000 0.0776890450 1.6336072273
1.2770000000 0.0779788246 1.6344154091
1.2780000000 0.0782673073 1.6352238274
1.2790000000 0.0785545006 1.6360324974
1.2800000000 0.0788404274 1.6368414040
1.2810000000 0.0791250877 1.6376505470
1.2820000000 0.0794085045 1.6384599419
1.2830000000 0.0796906929 1.6392695732
1.2840000000 0.0799716606 1.6400794411
1.2850000000 0.0802514153 1.6408895531
1.2860000000 0.0805299797 1.6416999016
1.2870000000 0.0808073540 1.6425104942
1.2880000000 0.0810835609 1.6433213234
1.2890000000 0.0813586082 1.6441323967
1.2900000000 0.0816325035 1.6449436989
1.2910000000 0.0819052620 1.6457552452
1.2920000000 0.0821768913 1.6465670280
1.2930000000 0.0824474144 1.6473790474
1.2940000000 0.0827168236 1.6481913033
1.2950000000 0.0829851341 1.6490038033
1.2960000000 0.0832523689 1.6498165321
1.2970000000 0.0835185204 1.6506294975
1.2980000000 0.0837836113 1.6514426994
1.2990000000 0.0840476494 1.6522561378
1.3000000000 0.0843106422 1.6530698051
1.3010000000 0.0845725899 1.6538837090
1.3020000000 0.0848335152 1.6546978493
1.3030000000 0.0850934258 1.6555122261
1.3040000000 0.0853523216 1.6563268318
1.3050000000 0.0856102257 1.6571416740
1.3060000000 0.0858671303 1.6579567451
1.3070000000 0.0861230507 1.6587720528
1.3080000000 0.0863780022 1.6595875893
1.3090000000 0.0866319847 1.6604033623
1.3100000000 0.0868850060 1.6612193565
1.3110000000 0.0871370735 1.6620355949
1.3120000000 0.0873882103 1.6628520546
1.3130000000 0.0876384010 1.6636687508
1.3140000000 0.0878876686 1.6644856682
1.3150000000 0.0881360130 1.6653028221
1.3160000000 0.0883834496 1.6661202049
1.3170000000 0.0886299782 1.6669378166
1.3180000000 0.0888756065 1.6677556572
1.3190000000 0.0891203499 1.6685737190
1.3200000000 0.0893642082 1.6693920174
1.3210000000 0.0896071815 1.6702105446
1.3220000000 0.0898492928 1.6710292931
1.3230000000 0.0900905342 1.6718482704
1.3240000000 0.0903309212 1.6726674767
1.3250000000 0.0905704536 1.6734869041
1.3260000000 0.0908091469 1.6743065605
1.3270000000 0.0910470009 1.6751264458
1.3280000000 0.0912840157 1.6759465523
1.3290000000 0.0915202141 1.6767668877
1.3300000000 0.0917555885 1.6775874443
1.3310000000 0.0919901466 1.6784082222
1.3320000000 0.0922238960 1.6792292290
1.3330000000 0.0924568443 1.6800504570
1.3340000000 0.0926889992 1.6808719139
1.3350000000 0.0929203529 1.6816935844
1.3360000000 0.0931509285 1.6825154839
1.3370000000 0.0933807259 1.6833376045
1.3380000000 0.0936097450 1.6841599464
1.3390000000 0.0938379936 1.6849825096
1.3400000000 0.0940654793 1.6858052940
1.3410000000 0.0942922020 1.6866282997
1.3420000000 0.0945181770 1.6874515266
1.3430000000 0.0947433968 1.6882749748
1.3440000000 0.0949678764 1.6890986443
1.3450000000 0.0951916084 1.6899225273
1.3460000000 0.0954146156 1.6907466393
1.3470000000 0.0956368904 1.6915709648
1.3480000000 0.0958584328 1.6923955040
1.3490000000 0.0960792656 1.6932202721
1.3500000000 0.0962993736 1.6940452538
1.3510000000 0.0965187798 1.6948704491
1.3520000000 0.0967374687 1.6956958656
1.3530000000 0.0969554634 1.6965214958
1.3540000000 0.0971727562 1.6973473473
1.3550000000 0.0973893547 1.6981734123
1.3560000000 0.0976052666 1.6989996986
1.3570000000 0.0978204842 1.6998261986
1.3580000000 0.0980350304 1.7006529121
1.3590000000 0.0982488976 1.7014798393
1.3600000000 0.0984620857 1.7023069801
1.3610000000 0.0986746101 1.7031343422
1.3620000000 0.0988864632 1.7039619179
1.3630000000 0.0990976601 1.7047896996
1.3640000000 0.0993082008 1.7056177025
1.3650000000 0.0995180855 1.7064459190
1.3660000000 0.0997273216 1.7072743416
1.3670000000 0.0999359093 1.7081029854
1.3680000000 0.1001438560 1.7089318352
1.3690000000 0.1003511620 1.7097608986
1.3700000000 0.1005578346 1.7105901756
1.3710000000 0.1007638741 1.7114196587
1.3720000000 0.1009692802 1.7122493629
1.3730000000 0.1011740685 1.7130792732
1.3740000000 0.1013782310 1.7139093895
1.3750000000 0.1015817757 1.7147397194
1.3760000000 0.1017847099 1.7155702629
1.3770000000 0.1019870262 1.7164010124
1.3780000000 0.1021887398 1.7172319679
1.3790000000 0.1023898430 1.7180631371
1.3800000000 0.1025903511 1.7188945122
1.3810000000 0.1027902565 1.7197261009
1.3820000000 0.1029895668 1.7205578957
1.3830000000 0.1031882820 1.7213898964
1.3840000000 0.1033864098 1.7222221031
1.3850000000 0.1035839500 1.7230545158
1.3860000000 0.1037809105 1.7238871422
1.3870000000 0.1039772835 1.7247199669
1.3880000000 0.1041730843 1.7255530052
1.3890000000 0.1043683052 1.7263862495
1.3900000000 0.1045629616 1.7272196922
1.3910000000 0.1047570381 1.7280533485
1.3920000000 0.1049505577 1.7288872032
1.3930000000 0.1051435127 1.7297212639
1.3940000000 0.1053359032 1.7305555305
1.3950000000 0.1055277367 1.7313900032
1.3960000000 0.1057190132 1.7322246819
1.3970000000 0.1059097404 1.7330595589
1.3980000000 0.1060999107 1.7338946419
1.3990000000 0.1062895393 1.7347299232
1.4000000000 0.1064786186 1.7355654106
1.4010000000 0.1066671562 1.7364011040
1.4020000000 0.1068551598 1.7372369957
1.4030000000 0.1070426140 1.7380730858
1.4040000000 0.1072295418 1.7389093819
1.4050000000 0.1074159355 1.7397458763
1.4060000000 0.1076017952 1.7405825768
1.4070000000 0.1077871284 1.7414194756
1.4080000000 0.1079719353 1.7422565727
1.4090000000 0.1081562233 1.7430938683
1.4100000000 0.1083399849 1.7439313698
1.4110000000 0.1085232277 1.7447690697
1.4120000000 0.1087059593 1.7456069603
1.4130000000 0.1088881721 1.7464450569
1.4140000000 0.1090698738 1.7472833519
1.4150000000 0.1092510643 1.7481218452
1.4160000000 0.1094317513 1.7489605370
1.4170000000 0.1096119270 1.7497994270
1.4180000000 0.1097915993 1.7506385155
1.4190000000 0.1099707756 1.7514777946
1.4200000000 0.1101494484 1.7523172798
1.4210000000 0.1103276253 1.7531569557
1.4220000000 0.1105053062 1.7539968224
1.4230000000 0.1106824913 1.7548368950
1.4240000000 0.1108591881 1.7556771584
1.4250000000 0.1110353966 1.7565176201
1.4260000000 0.1112111092 1.7573582726
1.4270000000 0.1113863487 1.7581991234
1.4280000000 0.1115611000 1.7590401726
1.4290000000 0.1117353630 1.7598814125
1.4300000000 0.1119091530 1.7607228432
1.4310000000 0.1120824623 1.7615644722
1.4320000000 0.1122552986 1.7624062920
1.4330000000 0.1124276619 1.7632483101
1.4340000000 0.1125995445 1.7640905113
1.4350000000 0.1127709618 1.7649329109
1.4360000000 0.1129419136 1.7657755089
1.4370000000 0.1131123924 1.7666182899
1.4380000000 0.1132824135 1.7674612694
1.4390000000 0.1134519615 1.7683044319
1.4400000000 0.1136210518 1.7691477928
1.4410000000 0.1137896843 1.7699913445
1.4420000000 0.1139578514 1.7708350792
1.4430000000 0.1141255684 1.7716790123
1.4440000000 0.1142928276 1.7725231361
1.4450000000 0.1144596367 1.7733674431
1.4460000000 0.1146259880 1.7742119484
1.4470000000 0.1147918892 1.7750566368
1.4480000000 0.1149573479 1.7759015160
1.4490000000 0.1151223488 1.7767465858
1.4500000000 0.1152869148 1.7775918388
1.4510000000 0.1154510307 1.7784372902
1.4520000000 0.1156147041 1.7792829170
1.4530000000 0.1157779350 1.7801287422
1.4540000000 0.1159407310 1.7809747505
1.4550000000 0.1161030846 1.7818209419
1.4560000000 0.1162650032 1.7826673241
1.4570000000 0.1164264870 1.7835138969
1.4580000000 0.1165875359 1.7843606529
1.4590000000 0.1167481575 1.7852075920
1.4600000000 0.1169083443 1.7860547218
1.4610000000 0.1170680962 1.7869020348
1.4620000000 0.1172274284 1.7877495308
1.4630000000 0.1173863258 1.7885972176
1.4640000000 0.1175448036 1.7894450798
1.4650000000 0.1177028542 1.7902931328
1.4660000000 0.1178604851 1.7911413765
1.4670000000 0.1180176888 1.7919897957
1.4680000000 0.1181744804 1.7928383980
1.4690000000 0.1183308449 1.7936871910
1.4700000000 0.1184867973 1.7945361595
1.4710000000 0.1186423378 1.7953853111
1.4720000000 0.1187974586 1.7962346535
1.4730000000 0.1189521599 1.7970841713
1.4740000000 0.1191064568 1.7979338722
1.4750000000 0.1192603416 1.7987837563
1.4760000000 0.1194138145 1.7996338234
1.4770000000 0.1195668755 1.8004840660
1.4780000000 0.1197195320 1.8013344994
1.4790000000 0.1198717842 1.8021851082
1.4800000000 0.1200236244 1.8030358925
1.4810000000 0.1201750679 1.8038868675
1.4820000000 0.1203261070 1.8047380180
1.4830000000 0.1204767418 1.8055893440
1.4840000000 0.1206269798 1.8064408531
1.4850000000 0.1207768135 1.8072925453
1.4860000000 0.1209262505 1.8081444130
1.4870000000 0.1210752907 1.8089964561
1.4880000000 0.1212239418 1.8098486824
1.4890000000 0.1213721886 1.8107010841
1.4900000000 0.1215200462 1.8115536690
1.4910000000 0.1216675072 1.8124064293
1.4920000000 0.1218145790 1.8132593651
1.4930000000 0.1219612617 1.8141124763
1.4940000000 0.1221075554 1.8149657707
1.4950000000 0.1222534523 1.8158192406
1.4960000000 0.1223989677 1.8166728859
1.4970000000 0.1225441017 1.8175267067
1.4980000000 0.1226888390 1.8183807030
1.4990000000 0.1228332024 1.8192348747
1.5000000000 0.1229771767 1.8200892220
1.5010000000 0.1231207695 1.8209437523
1.5020000000 0.1232639809 1.8217984505
1.5030000000 0.1234068108 1.8226533241
1.5040000000 0.1235492592 1.8235083733
1.5050000000 0.1236913338 1.8243635902
1.5060000000 0.1238330269 1.8252189903
1.5070000000 0.1239743462 1.8260745583
1.5080000000 0.1241152840 1.8269303093
1.5090000000 0.1242558556 1.8277862206
1.5100000000 0.1243960457 1.8286423149
1.5110000000 0.1245358620 1.8294985771
1.5120000000 0.1246753120 1.8303550148
1.5130000000 0.1248143883 1.8312116203
1.5140000000 0.1249530983 1.8320684013
1.5150000000 0.1250914345 1.8329253578
1.5160000000 0.1252293968 1.8337824821
1.5170000000 0.1253670006 1.8346397743
1.5180000000 0.1255042305 1.8354972420
1.5190000000 0.1256410942 1.8363548775
1.5200000000 0.1257775993 1.8372126884
1.5210000000 0.1259137383 1.8380706673
1.5220000000 0.1260495110 1.8389288139
1.5230000000 0.1261849174 1.8397871361
1.5240000000 0.1263199654 1.8406456261
1.5250000000 0.1264546547 1.8415042839
1.5260000000 0.1265889854 1.8423631096
1.5270000000 0.1267229500 1.8432221031
1.5280000000 0.1268565636 1.8440812721
1.5290000000 0.1269898109 1.8449406013
1.5300000000 0.1271227074 1.8458001060
1.5310000000 0.1272552452 1.8466597786
1.5320000000 0.1273874245 1.8475196114
1.5330000000 0.1275192528 1.8483796196
1.5340000000 0.1276507225 1.8492397957
1.5350000000 0.1277818413 1.8501001320
1.5360000000 0.1279126091 1.8509606361
1.5370000000 0.1280430183 1.8518213158
1.5380000000 0.1281730843 1.8526821480
1.5390000000 0.1283027992 1.8535431557
1.5400000000 0.1284321632 1.8544043312
1.5410000000 0.1285611763 1.8552656670
1.5420000000 0.1286898384 1.8561271706
1.5430000000 0.1288181572 1.8569888420
1.5440000000 0.1289461250 1.8578506737
1.5450000000 0.1290737495 1.8587126732
1.5460000000 0.1292010307 1.8595748329
1.5470000000 0.1293279610 1.8604371605
1.5480000000 0.1294545555 1.8612996483
1.5490000000 0.1295807991 1.8621623039
1.5500000000 0.1297066994 1.8630251274
1.5510000000 0.1298322639 1.8638881035
1.5520000000 0.1299574776 1.8647512474
1.5530000000 0.1300823555 1.8656145592
1.5540000000 0.1302068977 1.8664780312
1.5550000000 0.1303310890 1.8673416634
1.5560000000 0.1304549522 1.8682054558
1.5570000000 0.1305784721 1.8690694160
1.5580000000 0.1307016487 1.8699335365
1.5590000000 0.1308244972 1.8707978172
1.5600000000 0.1309470024 1.8716622581
1.5610000000 0.1310691795 1.8725268593
1.5620000000 0.1311910133 1.8733916283
1.5630000000 0.1313125114 1.8742565498
1.5640000000 0.1314336815 1.8751216393
1.5650000000 0.1315545158 1.8759868813
1.5660000000 0.1316750145 1.8768522911
1.5670000000 0.1317951851 1.8777178535
1.5680000000 0.1319150200 1.8785835838
1.5690000000 0.1320345268 1.8794494667
1.5700000000 0.1321536980 1.8803155098
1.5710000000 0.1322725410 1.8811817131
1.5720000000 0.1323910561 1.8820480766
1.5730000000 0.1325092354 1.8829145927
1.5740000000 0.1326270943 1.8837812691
1.5750000000 0.1327446175 1.8846481056
1.5760000000 0.1328618202 1.8855151024
1.5770000000 0.1329786949 1.8863822517
1.5780000000 0.1330952415 1.8872495613
1.5790000000 0.1332114601 1.8881170311
1.5800000000 0.1333273506 1.8889846535
1.5810000000 0.1334429207 1.8898524284
1.5820000000 0.1335581703 1.8907203636
1.5830000000 0.1336730919 1.8915884590
1.5840000000 0.1337876854 1.8924567070
1.5850000000 0.1339019585 1.8933251152
1.5860000000 0.1340159111 1.8941936760
1.5870000000 0.1341295433 1.8950623894
1.5880000000 0.1342428551 1.8959312553
1.5890000000 0.1343558388 1.8968002815
1.5900000000 0.1344685020 1.8976694679
1.5910000000 0.1345808525 1.8985387993
1.5920000000 0.1346928825 1.8994082909
1.5930000000 0.1348045845 1.9002779350
1.5940000000 0.1349159737 1.9011477318
1.5950000000 0.1350270424 1.9020176811
1.5960000000 0.1351377983 1.9028877907
1.5970000000 0.1352482338 1.9037580452
1.5980000000 0.1353583565 1.9046284599
1.5990000000 0.1354681587 1.9054990196
1.6000000000 0.1355776405 1.9063697395
1.6010000000 0.1356868095 1.9072406044
1.6020000000 0.1357956657 1.9081116295
1.6030000000 0.1359042091 1.9089827995
1.6040000000 0.1360124321 1.9098541298
1.6050000000 0.1361203423 1.9107256050
1.6060000000 0.1362279472 1.9115972328
1.6070000000 0.1363352318 1.9124690132
1.6080000000 0.1364422035 1.9133409462
1.6090000000 0.1365488625 1.9142130241
1.6100000000 0.1366552162 1.9150852547
1.6110000000 0.1367612495 1.9159576378
1.6120000000 0.1368669777 1.9168301735
1.6130000000 0.1369723930 1.9177028542
1.6140000000 0.1370774956 1.9185756874
1.6150000000 0.1371822929 1.9194486656
1.6160000000 0.1372867775 1.9203217964
1.6170000000 0.1373909569 1.9211950798
1.6180000000 0.1374948235 1.9220685081
1.6190000000 0.1375983849 1.9229420891
1.6200000000 0.1377016335 1.9238158150
1.6210000000 0.1378045769 1.9246896858
1.6220000000 0.1379072151 1.9255637093
1.6230000000 0.1380095482 1.9264378853
1.6240000000 0.1381115685 1.9273121986
1.6250000000 0.1382132835 1.9281866646
1.6260000000 0.1383146935 1.9290612831
1.6270000000 0.1384158058 1.9299360390
1.6280000000 0.1385166054 1.9308109474
1.6290000000 0.1386170998 1.9316860008
1.6300000000 0.1387172890 1.9325612068
1.6310000000 0.1388171806 1.9334365501
1.6320000000 0.1389167595 1.9343120461
1.6330000000 0.1390160408 1.9351876793
1.6340000000 0.1391150169 1.9360634651
1.6350000000 0.1392136879 1.9369393959
1.6360000000 0.1393120613 1.9378154716
1.6370000000 0.1394101295 1.9386916924
1.6380000000 0.1395079002 1.9395680580
1.6390000000 0.1396053658 1.9404445686
1.6400000000 0.1397025337 1.9413212242
1.6410000000 0.1397993965 1.9421980247
1.6420000000 0.1398959618 1.9430749702
1.6430000000 0.1399922218 1.9439520531
1.6440000000 0.1400881844 1.9448292885
1.6450000000 0.1401838493 1.9457066612
1.6460000000 0.1402792091 1.9465841789
1.6470000000 0.1403742790 1.9474618416
1.6480000000 0.1404690437 1.9483396492
1.6490000000 0.1405635109 1.9492175941
1.6500000000 0.1406576805 1.9500956841
1.6510000000 0.1407515526 1.9509739189
1.6520000000 0.1408451271 1.9518522911
1.6530000000 0.1409384041 1.9527308083
1.6540000000 0.1410313835 1.9536094627
1.6550000000 0.1411240654 1.9544882622
1.6560000000 0.1412164497 1.9553672066
1.6570000000 0.1413085365 1.9562462883
1.6580000000 0.1414003334 1.9571255074
1.6590000000 0.1414918327 1.9580048790
1.6600000000 0.1415830345 1.9588843803
1.6610000000 0.1416739388 1.9597640266
1.6620000000 0.1417645531 1.9606438103
1.6630000000 0.1418548698 1.9615237389
1.6640000000 0.1419448891 1.9624038048
1.6650000000 0.1420346184 1.9632840080
1.6660000000 0.1421240578 1.9641643562
1.6670000000 0.1422131996 1.9650448418
1.6680000000 0.1423020439 1.9659254646
1.6690000000 0.1423905983 1.9668062248
1.6700000000 0.1424788628 1.9676871223
1.6710000000 0.1425668297 1.9685681648
1.6720000000 0.1426545067 1.9694493446
1.6730000000 0.1427418861 1.9703306618
1.6740000000 0.1428289833 1.9712121162
1.6750000000 0.1429157829 1.9720937080
1.6760000000 0.1430022926 1.9729754372
1.6770000000 0.1430885048 1.9738573036
1.6780000000 0.1431744347 1.9747393074
1.6790000000 0.1432600670 1.9756214561
1.6800000000 0.1433454094 1.9765037346
1.6810000000 0.1434304619 1.9773861504
1.6820000000 0.1435152321 1.9782687035
1.6830000000 0.1435997047 1.9791513863
1.6840000000 0.1436838875 1.9800342140
1.6850000000 0.1437677803 1.9809171715
1.6860000000 0.1438513832 1.9818002739
1.6870000000 0.1439346962 1.9826835060
1.6880000000 0.1440177269 1.9835668678
1.6890000000 0.1441004601 1.9844503746
1.6900000000 0.1441829109 1.9853340111
1.6910000000 0.1442650719 1.9862177849
1.6920000000 0.1443469429 1.9871016960
1.6930000000 0.1444285240 1.9879857368
1.6940000000 0.1445098228 1.9888699150
1.6950000000 0.1445908318 1.9897542229
1.6960000000 0.1446715508 1.9906386681
1.6970000000 0.1447519875 1.9915232506
1.6980000000 0.1448321342 1.9924079628
1.6990000000 0.1449119911 1.9932928047
1.7000000000 0.1449915657 1.9941777840
1.7010000000 0.1450708504 1.9950629005
1.7020000000 0.1451498528 1.9959481468
1.7030000000 0.1452285652 1.9968335228
1.7040000000 0.1453069878 1.9977190361
1.7050000000 0.1453851280 1.9986046791
1.7060000000 0.1454629860 1.9994904518
1.7070000000 0.1455405540 2.0003763618
1.7080000000 0.1456178398 2.0012624016
1.7090000000 0.1456948433 2.0021485710
1.7100000000 0.1457715569 2.0030348778
1.7110000000 0.1458479805 2.0039213142
1.7120000000 0.1459241295 2.0048078728
1.7130000000 0.1459999886 2.0056945763
1.7140000000 0.1460755653 2.0065814018
1.7150000000 0.1461508522 2.0074683571
1.7160000000 0.1462258644 2.0083554497
1.7170000000 0.1463005867 2.0092426643
1.7180000000 0.1463750267 2.0101300163
1.7190000000 0.1464491768 2.0110174980
1.7200000000 0.1465230522 2.0119051018
1.7210000000 0.1465966377 2.0127928429
1.7220000000 0.1466699486 2.0136807137
1.7230000000 0.1467429695 2.0145687065
1.7240000000 0.1468157082 2.0154568367
1.7250000000 0.1468881645 2.0163450890
1.7260000000 0.1469603386 2.0172334709
1.7270000000 0.1470322227 2.0181219902
1.7280000000 0.1471038322 2.0190106316
1.7290000000 0.1471751595 2.0198993950
1.7300000000 0.1472462044 2.0207882957
1.7310000000 0.1473169670 2.0216773186
1.7320000000 0.1473874474 2.0225664787
1.7330000000 0.1474576378 2.0234557533
1.7340000000 0.1475275612 2.0243451653
1.7350000000 0.1475971947 2.0252346992
1.7360000000 0.1476665459 2.0261243629
1.7370000000 0.1477356148 2.0270141563
1.7380000000 0.1478044090 2.0279040718
1.7390000000 0.1478729134 2.0287941170
1.7400000000 0.1479411430 2.0296842842
1.7410000000 0.1480090904 2.0305745811
1.7420000000 0.1480767555 2.0314650002
1.7430000000 0.1481441383 2.0323555489
1.7440000000 0.1482112465 2.0332462196
1.7450000000 0.1482780724 2.0341370201
1.7460000000 0.1483446159 2.0350279503
1.7470000000 0.1484108772 2.0359189949
1.7480000000 0.1484768639 2.0368101692
1.7490000000 0.1485425682 2.0377014732
1.7500000000 0.1486079903 2.0385928993
1.7510000000 0.1486731300 2.0394844475
1.7520000000 0.1487379951 2.0403761177
1.7530000000 0.1488025780 2.0412679176
1.7540000000 0.1488668861 2.0421598396
1.7550000000 0.1489309044 2.0430518913
1.7560000000 0.1489946556 2.0439440575
1.7570000000 0.1490581169 2.0448363533
1.7580000000 0.1491213036 2.0457287712
1.7590000000 0.1491842155 2.0466213112
1.7600000000 0.1492468376 2.0475139732
1.7610000000 0.1493091927 2.0484067574
1.7620000000 0.1493712578 2.0492996712
1.7630000000 0.1494330482 2.0501926994
1.7640000000 0.1494945641 2.0510858574
1.7650000000 0.1495557976 2.0519791374
1.7660000000 0.1496167564 2.0528725319
1.7670000000 0.1496774330 2.0537660561
1.7680000000 0.1497378273 2.0546597023
1.7690000000 0.1497979469 2.0555534630
1.7700000000 0.1498577919 2.0564473534
1.7710000000 0.1499173546 2.0573413582
1.7720000000 0.1499766426 2.0582354851
1.7730000000 0.1500356483 2.0591297417
1.7740000000 0.1500943718 2.0600241127
1.7750000000 0.1501528282 2.0609186058
1.7760000000 0.1502110023 2.0618132133
1.7770000000 0.1502688942 2.0627079506
1.7780000000 0.1503265114 2.0636028023
1.7790000000 0.1503838539 2.0644977760
1.7800000000 0.1504409142 2.0653928719
1.7810000000 0.1504976997 2.0662880821
1.7820000000 0.1505542030 2.0671834145
1.7830000000 0.1506104317 2.0680788689
1.7840000000 0.1506663857 2.0689744377
1.7850000000 0.1507220573 2.0698701286
1.7860000000 0.1507774544 2.0707659416
1.7870000000 0.1508325768 2.0716618690
1.7880000000 0.1508874168 2.0725579185
1.7890000000 0.1509419823 2.0734540825
1.7900000000 0.1509962654 2.0743503685
1.7910000000 0.1510502815 2.0752467766
1.7920000000 0.1511040154 2.0761432991
1.7930000000 0.1511574669 2.0770399361
1.7940000000 0.1512106514 2.0779366951
1.7950000000 0.1512635536 2.0788335686
1.7960000000 0.1513161736 2.0797305565
1.7970000000 0.1513685265 2.0806276665
1.7980000000 0.1514205971 2.0815248985
1.7990000000 0.1514723930 2.0824222450
1.8000000000 0.1515239067 2.0833197060
1.8010000000 0.1515751534 2.0842172813
1.8020000000 0.1516261177 2.0851149788
1.8030000000 0.1516768074 2.0860127831
1.8040000000 0.1517272148 2.0869107170
1.8050000000 0.1517773476 2.0878087578
1.8060000000 0.1518272057 2.0887069206
1.8070000000 0.1518767891 2.0896051903
1.8080000000 0.1519260979 2.0905035820
1.8090000000 0.1519751244 2.0914020882
1.8100000000 0.1520238762 2.0923007164
1.8110000000 0.1520723534 2.0931994514
1.8120000000 0.1521205482 2.0940983009
1.8130000000 0.1521684685 2.0949972725
1.8140000000 0.1522161140 2.0958963509
1.8150000000 0.1522634850 2.0967955513
1.8160000000 0.1523105812 2.0976948586
1.8170000000 0.1523573952 2.0985942879
1.8180000000 0.1524039421 2.0994938316
1.8190000000 0.1524501991 2.1003934822
1.8200000000 0.1524961891 2.1012932472
1.8210000000 0.1525419044 2.1021931343
1.8220000000 0.1525873375 2.1030931282
1.8230000000 0.1526324959 2.1039932365
1.8240000000 0.1526773796 2.1048934593
1.8250000000 0.1527219887 2.1057937965
1.8260000000 0.1527663155 2.1066942482
1.8270000000 0.1528103676 2.1075948067
1.8280000000 0.1528541451 2.1084954872
1.8290000000 0.1528976479 2.1093962746
1.8300000000 0.1529408760 2.1102971687
1.8310000000 0.1529838219 2.1111981850
1.8320000000 0.1530264931 2.1120993080
1.8330000000 0.1530688896 2.1130005455
1.8340000000 0.1531110115 2.1139018898
1.8350000000 0.1531528587 2.1148033562
1.8360000000 0.1531944237 2.1157049294
1.8370000000 0.1532357140 2.1166066093
1.8380000000 0.1532767296 2.1175084038
1.8390000000 0.1533174706 2.1184103127
1.8400000000 0.1533579369 2.1193123283
1.8410000000 0.1533981209 2.1202144585
1.8420000000 0.1534380302 2.1211166954
1.8430000000 0.1534776649 2.1220190468
1.8440000000 0.1535170250 2.1229215050
1.8450000000 0.1535561028 2.1238240776
1.8460000000 0.1535949059 2.1247267570
1.8470000000 0.1536334343 2.1256295509
1.8480000000 0.1536716881 2.1265324516
1.8490000000 0.1537096672 2.1274354591
1.8500000000 0.1537473640 2.1283385811
1.8510000000 0.1537847862 2.1292418098
1.8520000000 0.1538219337 2.1301451530
1.8530000000 0.1538588066 2.1310485954
1.8540000000 0.1538953972 2.1319521599
1.8550000000 0.1539317131 2.1328558235
1.8560000000 0.1539677544 2.1337596016
1.8570000000 0.1540035210 2.1346634865
1.8580000000 0.1540390053 2.1355674782
1.8590000000 0.1540742226 2.1364715767
1.8600000000 0.1541091576 2.1373757896
1.8610000000 0.1541438103 2.1382801018
1.8620000000 0.1541781960 2.1391845284
1.8630000000 0.1542122993 2.1400890617
1.8640000000 0.1542461281 2.1409937096
1.8650000000 0.1542796745 2.1418984566
1.8660000000 0.1543129539 2.1428033104
1.8670000000 0.1543459511 2.1437082787
1.8680000000 0.1543786736 2.1446133461
1.8690000000 0.1544111137 2.1455185280
1.8700000000 0.1544432793 2.1464238091
1.8710000000 0.1544751701 2.1473292046
1.8720000000 0.1545067863 2.1482346992
1.8730000000 0.1545381203 2.1491403084
1.8740000000 0.1545691795 2.1500460167
1.8750000000 0.1545999641 2.1509518394
1.8760000000 0.1546304665 2.1518577614
1.8770000000 0.1546606941 2.1527637901
1.8780000000 0.1546906471 2.1536699257
1.8790000000 0.1547203178 2.1545761681
1.8800000000 0.1547497139 2.1554825172
1.8810000000 0.1547788353 2.1563889732
1.8820000000 0.1548076744 2.1572955284
1.8830000000 0.1548362389 2.1582021904
1.8840000000 0.1548645287 2.1591089592
1.8850000000 0.1548925362 2.1600158348
1.8860000000 0.1549202690 2.1609228096
1.8870000000 0.1549477272 2.1618298988
1.8880000000 0.1549749031 2.1627370796
1.8890000000 0.1550017967 2.1636443748
1.8900000000 0.1550284233 2.1645517693
1.8910000000 0.1550547676 2.1654592705
1.8920000000 0.1550808296 2.1663668785
1.8930000000 0.1551066170 2.1672745857
1.8940000000 0.1551321297 2.1681823997
1.8950000000 0.1551573601 2.1690903130
1.8960000000 0.1551823158 2.1699983330
1.8970000000 0.1552069893 2.1709064522
1.8980000000 0.1552313881 2.1718146782
1.8990000000 0.1552555046 2.1727230110
1.9000000000 0.1552793465 2.1736314430
1.9010000000 0.1553029060 2.1745399818
1.9020000000 0.1553261909 2.1754486122
1.9030000000 0.1553492012 2.1763573570
1.9040000000 0.1553719215 2.1772662010
1.9050000000 0.1553943748 2.1781751442
1.9060000000 0.1554165459 2.1790841942
1.9070000000 0.1554384346 2.1799933434
1.9080000000 0.1554600487 2.1809025917
1.9090000000 0.1554813805 2.1818119469
1.9100000000 0.1555024376 2.1827214012
1.9110000000 0.1555232124 2.1836309624
1.9120000000 0.1555437050 2.1845406151
1.9130000000 0.1555639229 2.1854503746
1.9140000000 0.1555838661 2.1863602409
1.9150000000 0.1556035271 2.1872701988
1.9160000000 0.1556229057 2.1881802635
1.9170000000 0.1556420021 2.1890904274
1.9180000000 0.1556608238 2.1900006905
1.9190000000 0.1556793709 2.1909110603
1.9200000000 0.1556976280 2.1918215218
1.9210000000 0.1557156105 2.1927320900
1.9220000000 0.1557333183 2.1936427574
1.9230000000 0.1557507362 2.1945535240
1.9240000000 0.1557678795 2.1954643898
1.9250000000 0.1557847404 2.1963753548
1.9260000000 0.1558013268 2.1972864189
1.9270000000 0.1558176308 2.1981975822
1.9280000000 0.1558336525 2.1991088524
1.9290000000 0.1558493919 2.2000202141
1.9300000000 0.1558648567 2.2009316826
1.9310000000 0.1558800392 2.2018432426
1.9320000000 0.1558949394 2.2027549019
1.9330000000 0.1559095573 2.2036666679
1.9340000000 0.1559239006 2.2045785255
1.9350000000 0.1559379616 2.2054904823
1.9360000000 0.1559517326 2.2064025383
1.9370000000 0.1559652367 2.2073146935
1.9380000000 0.1559784508 2.2082269478
1.9390000000 0.1559913826 2.2091393013
1.9400000000 0.1560040398 2.2100517464
1.9410000000 0.1560164070 2.2109642982
1.9420000000 0.1560284996 2.2118769417
1.9430000000 0.1560403099 2.2127896843
1.9440000000 0.1560518379 2.2137025261
1.9450000000 0.1560630836 2.2146154594
1.9460000000 0.1560740471 2.2155284996
1.9470000000 0.1560847359 2.2164416313
1.9480000000 0.1560951347 2.2173548622
1.9490000000 0.1561052513 2.2182681847
1.9500000000 0.1561150932 2.2191816063
1.9510000000 0.1561246452 2.2200951271
1.9520000000 0.1561339149 2.2210087471
1.9530000000 0.1561429100 2.2219224586
1.9540000000 0.1561516151 2.2228362694
1.9550000000 0.1561600380 2.2237501717
1.9560000000 0.1561681786 2.2246641731
1.9570000000 0.1561760445 2.2255782738
1.9580000000 0.1561836205 2.2264924660
1.9590000000 0.1561909142 2.2274067574
1.9600000000 0.1561979179 2.2283211403
1.9610000000 0.1562046471 2.2292356224
1.9620000000 0.1562110939 2.2301501961
1.9630000000 0.1562172508 2.2310648689
1.9640000000 0.1562231331 2.2319796410
1.9650000000 0.1562287254 2.2328944969
1.9660000000 0.1562340355 2.2338094597
1.9670000000 0.1562390556 2.2347245064
1.9680000000 0.1562438011 2.2356396523
1.9690000000 0.1562482567 2.2365548973
1.9700000000 0.1562524300 2.2374702339
1.9710000000 0.1562563210 2.2383856621
1.9720000000 0.1562599297 2.2393011818
1.9730000000 0.1562632484 2.2402168007
1.9740000000 0.1562662849 2.2411325188
1.9750000000 0.1562690315 2.2420483208
1.9760000000 0.1562715034 2.2429642220
1.9770000000 0.1562736855 2.2438802147
1.9780000000 0.1562755775 2.2447963066
1.9790000000 0.1562771873 2.2457124825
1.9800000000 0.1562785149 2.2466287575
1.9810000000 0.1562795601 2.2475451241
1.9820000000 0.1562803154 2.2484615898
1.9830000000 0.1562807808 2.2493781395
1.9840000000 0.1562809639 2.2502947884
1.9850000000 0.1562808647 2.2512115288
1.9860000000 0.1562804756 2.2521283607
1.9870000000 0.1562798042 2.2530452843
1.9880000000 0.1562788429 2.2539622993
1.9890000000 0.1562775993 2.2548794136
1.9900000000 0.1562760658 2.2557966118
1.9910000000 0.1562742424 2.2567139091
1.9920000000 0.1562721367 2.2576312904
1.9930000000 0.1562697487 2.2585487709
1.9940000000 0.1562670631 2.2594663429
1.9950000000 0.1562640953 2.2603839989
1.9960000000 0.1562608452 2.2613017540
1.9970000000 0.1562573051 2.2622196007
1.9980000000 0.1562534752 2.2631375313
1.9990000000 0.1562493553 2.2640555611
2.0000000000 0.1562449532 2.2649736824
2.0010000000 0.1562402611 2.2658918877
2.0020000000 0.1562352867 2.2668101921
2.0030000000 0.1562300148 2.2677285805
2.0040000000 0.1562244606 2.2686470604
2.0050000000 0.1562186165 2.2695656319
2.0060000000 0.1562124825 2.2704842949
2.0070000000 0.1562060585 2.2714030495
2.0080000000 0.1561993523 2.2723218956
2.0090000000 0.1561923561 2.2732408257
2.0100000000 0.1561850624 2.2741598473
2.0110000000 0.1561774864 2.2750789680
2.0120000000 0.1561696205 2.2759981651
2.0130000000 0.1561614647 2.2769174614
2.0140000000 0.1561530190 2.2778368416
2.0150000000 0.1561442833 2.2787563133
2.0160000000 0.1561352654 2.2796758766
2.0170000000 0.1561259499 2.2805955315
2.0180000000 0.1561163445 2.2815152702
2.0190000000 0.1561064491 2.2824351006
2.0200000000 0.1560962639 2.2833550148
2.0210000000 0.1560857887 2.2842750282
2.0220000000 0.1560750237 2.2851951180
2.0230000000 0.1560639610 2.2861153069
2.0240000000 0.1560526161 2.2870355797
2.0250000000 0.1560409737 2.2879559364
2.0260000000 0.1560290489 2.2888763924
2.0270000000 0.1560168266 2.2897969322
2.0280000000 0.1560043144 2.2907175560
2.0290000000 0.1559915047 2.2916382713
2.0300000000 0.1559784126 2.2925590706
2.0310000000 0.1559650230 2.2934799614
2.0320000000 0.1559513435 2.2944009438
2.0330000000 0.1559373665 2.2953220024
2.0340000000 0.1559231071 2.2962431602
2.0350000000 0.1559085426 2.2971644020
2.0360000000 0.1558936958 2.2980857277
2.0370000000 0.1558785515 2.2990071449
2.0380000000 0.1558631172 2.2999286461
2.0390000000 0.1558473854 2.3008502312
2.0400000000 0.1558313637 2.3017719078
2.0410000000 0.1558150520 2.3026936760
2.0420000000 0.1557984428 2.3036155205
2.0430000000 0.1557815361 2.3045374565
2.0440000000 0.1557643394 2.3054594841
2.0450000000 0.1557468452 2.3063815880
2.0460000000 0.1557290611 2.3073037834
2.0470000000 0.1557109795 2.3082260704
2.0480000000 0.1556926079 2.3091484337
2.0490000000 0.1556739388 2.3100708885
2.0500000000 0.1556549721 2.3109934273
2.0510000000 0.1556357155 2.3119160500
2.0520000000 0.1556161613 2.3128387642
2.0530000000 0.1555963097 2.3137615623
2.0540000000 0.1555761681 2.3146844444
2.0550000000 0.1555557289 2.3156074104
2.0560000000 0.1555349922 2.3165304604
2.0570000000 0.1555139580 2.3174536018
2.0580000000 0.1554926338 2.3183768196
2.0590000000 0.1554710045 2.3193001289
2.0600000000 0.1554490852 2.3202235222
2.0610000000 0.1554268684 2.3211469994
2.0620000000 0.1554043541 2.3220705605
2.0630000000 0.1553815422 2.3229942131
2.0640000000 0.1553584328 2.3239179420
2.0650000000 0.1553350258 2.3248417549
2.0660000000 0.1553113213 2.3257656593
2.0670000000 0.1552873192 2.3266896400
2.0680000000 0.1552630196 2.3276137123
2.0690000000 0.1552384224 2.3285378609
2.0700000000 0.1552135277 2.3294620934
2.0710000000 0.1551883354 2.3303864174
2.0720000000 0.1551628456 2.3313108177
2.0730000000 0.1551370506 2.3322353096
2.0740000000 0.1551109657 2.3331598778
2.0750000000 0.1550845757 2.3340845299
2.0760000000 0.1550578880 2.3350092659
2.0770000000 0.1550309029 2.3359340858
2.0780000000 0.1550036125 2.3368589897
2.0790000000 0.1549760246 2.3377839775
2.0800000000 0.1549481392 2.3387090492
2.0810000000 0.1549199562 2.3396341972
2.0820000000 0.1548914680 2.3405594368
2.0830000000 0.1548626823 2.3414847527
2.0840000000 0.1548335915 2.3424101524
2.0850000000 0.1548042030 2.3433356361
2.0860000000 0.1547745171 2.3442612038
2.0870000000 0.1547445259 2.3451868477
2.0880000000 0.1547142372 2.3461125755
2.0890000000 0.1546836433 2.3470383873
2.0900000000 0.1546527443 2.3479642830
2.0910000000 0.1546215477 2.3488902550
2.0920000000 0.1545900459 2.3498163109
2.0930000000 0.1545582466 2.3507424507
2.0940000000 0.1545261421 2.3516686745
2.0950000000 0.1544937325 2.3525949745
2.0960000000 0.1544610252 2.3535213585
2.0970000000 0.1544280128 2.3544478188
2.0980000000 0.1543946953 2.3553743629
2.0990000000 0.1543610802 2.3563009911
2.1000000000 0.1543271523 2.3572277031
2.1010000000 0.1542929268 2.3581544914
2.1020000000 0.1542583961 2.3590813560
2.1030000000 0.1542235603 2.3600083046
2.1040000000 0.1541884193 2.3609353371
2.1050000000 0.1541529808 2.3618624458
2.1060000000 0.1541172295 2.3627896385
2.1070000000 0.1540811729 2.3637169151
2.1080000000 0.1540448189 2.3646442680
2.1090000000 0.1540081520 2.3655716972
2.1100000000 0.1539711800 2.3664992104
2.1110000000 0.1539339027 2.3674267998
2.1120000000 0.1538963280 2.3683544731
2.1130000000 0.1538584328 2.3692822227
2.1140000000 0.1538202400 2.3702100563
2.1150000000 0.1537817421 2.3711379662
2.1160000000 0.1537429314 2.3720659599
2.1170000000 0.1537038155 2.3729940300
2.1180000000 0.1536643944 2.3739221764
2.1190000000 0.1536246681 2.3748504066
2.1200000000 0.1535846291 2.3757787132
2.1210000000 0.1535442848 2.3767071037
2.1220000000 0.1535036278 2.3776355705
2.1230000000 0.1534626656 2.3785641136
2.1240000000 0.1534213982 2.3794927406
2.1250000000 0.1533798180 2.3804214439
2.1260000000 0.1533379326 2.3813502235
2.1270000000 0.1532957344 2.3822790794
2.1280000000 0.1532532310 2.3832080193
2.1290000000 0.1532104149 2.3841370354
2.1300000000 0.1531672859 2.3850661278
2.1310000000 0.1531238518 2.3859953041
2.1320000000 0.1530801048 2.3869245567
2.1330000000 0.1530360527 2.3878538857
2.1340000000 0.1529916878 2.3887832909
2.1350000000 0.1529470100 2.3897127724
2.1360000000 0.1529020195 2.3906423378
2.1370000000 0.1528567162 2.3915719795
2.1380000000 0.1528111076 2.3925016975
2.1390000000 0.1527651863 2.3934314919
2.1400000000 0.1527189522 2.3943613625
2.1410000000 0.1526723976 2.3952913094
2.1420000000 0.1526255379 2.3962213402
2.1430000000 0.1525783653 2.3971514397
2.1440000000 0.1525308800 2.3980816231
2.1450000000 0.1524830818 2.3990118828
2.1460000000 0.1524349709 2.3999422188
2.1470000000 0.1523865471 2.4008726234
2.1480000000 0.1523378029 2.4018031120
2.1490000000 0.1522887535 2.4027336769
2.1500000000 0.1522393837 2.4036643181
2.1510000000 0.1521897011 2.4045950356
2.1520000000 0.1521397057 2.4055258293
2.1530000000 0.1520893898 2.4064566994
2.1540000000 0.1520387611 2.4073876457
2.1550000000 0.1519878197 2.4083186684
2.1560000000 0.1519365578 2.4092497673
2.1570000000 0.1518849831 2.4101809425
2.1580000000 0.1518330956 2.4111121941
2.1590000000 0.1517808876 2.4120435219
2.1600000000 0.1517283592 2.4129749184
2.1610000000 0.1516755180 2.4139063988
2.1620000000 0.1516223640 2.4148379478
2.1630000000 0.1515688820 2.4157695732
2.1640000000 0.1515150871 2.4167012825
2.1650000000 0.1514609795 2.4176330605
2.1660000000 0.1514065437 2.4185649071
2.1670000000 0.1513517952 2.4194968376
2.1680000000 0.1512967339 2.4204288445
2.1690000000 0.1512413445 2.4213609200
2.1700000000 0.1511856346 2.4222930717
2.1710000000 0.1511296120 2.4232252998
2.1720000000 0.1510732689 2.4241576042
2.1730000000 0.1510165977 2.4250899773
2.1740000000 0.1509596138 2.4260224266
2.1750000000 0.1509023094 2.4269549522
2.1760000000 0.1508446770 2.4278875542
2.1770000000 0.1507867317 2.4288202324
2.1780000000 0.1507284584 2.4297529793
2.1790000000 0.1506698647 2.4306858025
2.1800000000 0.1506109505 2.4316186943
2.1810000000 0.1505517159 2.4325516624
2.1820000000 0.1504921532 2.4334847069
2.1830000000 0.1504322701 2.4344178276
2.1840000000 0.1503720665 2.4353510170
2.1850000000 0.1503115425 2.4362842827
2.1860000000 0.1502506828 2.4372176170
2.1870000000 0.1501895103 2.4381510277
2.1880000000 0.1501280098 2.4390845146
2.1890000000 0.1500661812 2.4400180702
2.1900000000 0.1500040321 2.4409517021
2.1910000000 0.1499415550 2.4418854103
2.1920000000 0.1498787575 2.4428191872
2.1930000000 0.1498156319 2.4437530327
2.1940000000 0.1497521782 2.4446869545
2.1950000000 0.1496883965 2.4456209526
2.1960000000 0.1496242867 2.4465550194
2.1970000000 0.1495598564 2.4474891624
2.1980000000 0.1494950981 2.4484233742
2.1990000000 0.1494300041 2.4493576546
2.2000000000 0.1493645897 2.4502920113
2.2010000000 0.1492988472 2.4512264442
2.2020000000 0.1492327690 2.4521609459
2.2030000000 0.1491663704 2.4530955238
2.2040000000 0.1490996361 2.4540301628
2.2050000000 0.1490325737 2.4549648857
2.2060000000 0.1489651833 2.4558996773
2.2070000000 0.1488974648 2.4568345375
2.2080000000 0.1488294106 2.4577694664
2.2090000000 0.1487610283 2.4587044716
2.2100000000 0.1486923103 2.4596395454
2.2110000000 0.1486232643 2.4605746956
2.2120000000 0.1485538826 2.4615099144
2.2130000000 0.1484841728 2.4624452019
2.2140000000 0.1484141273 2.4633805656
2.2150000000 0.1483437538 2.4643159981
2.2160000000 0.1482730446 2.4652514992
2.2170000000 0.1482019997 2.4661870766
2.2180000000 0.1481306190 2.4671227226
2.2190000000 0.1480589027 2.4680584373
2.2200000000 0.1479868584 2.4689942284
2.2210000000 0.1479144707 2.4699300804
2.2220000000 0.1478417549 2.4708660088
2.2230000000 0.1477686958 2.4718020058
2.2240000000 0.1476953087 2.4727380791
2.2250000000 0.1476215782 2.4736742210
2.2260000000 0.1475475121 2.4746104240
2.2270000000 0.1474731026 2.4755467033
2.2280000000 0.1473983650 2.4764830589
2.2290000000 0.1473232765 2.4774194756
2.2300000000 0.1472478600 2.4783559685
2.2310000000 0.1471721001 2.4792925224
2.2320000000 0.1470959969 2.4802291527
2.2330000000 0.1470195580 2.4811658516
2.2340000000 0.1469427757 2.4821026192
2.2350000000 0.1468656502 2.4830394630
2.2360000000 0.1467881889 2.4839763680
2.2370000000 0.1467103844 2.4849133492
2.2380000000 0.1466322289 2.4858503914
2.2390000000 0.1465537376 2.4867875099
2.2400000000 0.1464749031 2.4877246895
2.2410000000 0.1463957176 2.4886619453
2.2420000000 0.1463161964 2.4895992699
2.2430000000 0.1462363243 2.4905366631
2.2440000000 0.1461561089 2.4914741249
2.2450000000 0.1460755424 2.4924116554
2.2460000000 0.1459946327 2.4933492470
2.2470000000 0.1459133720 2.4942869148
2.2480000000 0.1458317680 2.4952246513
2.2490000000 0.1457498131 2.4961624565
2.2500000000 0.1456675148 2.4971003304
2.2510000000 0.1455848579 2.4980382729
2.2520000000 0.1455018578 2.4989762764
2.2530000000 0.1454184990 2.4999143562
2.2540000000 0.1453347969 2.5008525047
2.2550000000 0.1452507362 2.5017907143
2.2560000000 0.1451663246 2.5027290001
2.2570000000 0.1450815620 2.5036673470
2.2580000000 0.1449964409 2.5046057625
2.2590000000 0.1449109688 2.5055442467
2.2600000000 0.1448251381 2.5064827995
2.2610000000 0.1447389565 2.5074214211
2.2620000000 0.1446524162 2.5083601112
2.2630000000 0.1445655098 2.5092988625
2.2640000000 0.1444782524 2.5102376823
2.2650000000 0.1443906364 2.5111765785
2.2660000000 0.1443026619 2.5121155357
2.2670000000 0.1442143211 2.5130545540
2.2680000000 0.1441256142 2.5139936485
2.2690000000 0.1440365562 2.5149328041
2.2700000000 0.1439471245 2.5158720284
2.2710000000 0.1438573341 2.5168113213
2.2720000000 0.1437671776 2.5177506828
2.2730000000 0.1436766472 2.5186901054
2.2740000000 0.1435857582 2.5196296043
2.2750000000 0.1434944954 2.5205691566
2.2760000000 0.1434028664 2.5215087852
2.2770000000 0.1433108635 2.5224484749
2.2780000000 0.1432184944 2.5233882332
2.2790000000 0.1431257515 2.5243280601
2.2800000000 0.1430326271 2.5252679482
2.2810000000 0.1429391289 2.5262079048
2.2820000000 0.1428452568 2.5271479301
2.2830000000 0.1427510109 2.5280880165
2.2840000000 0.1426563759 2.5290281715
2.2850000000 0.1425613670 2.5299683952
2.2860000000 0.1424659691 2.5309086800
2.2870000000 0.1423701897 2.5318490334
2.2880000000 0.1422740288 2.5327894554
2.2890000000 0.1421774712 2.5337299385
2.2900000000 0.1420805321 2.5346704826
2.2910000000 0.1419831963 2.5356111031
2.2920000000 0.1418854713 2.5365517769
2.2930000000 0.1417873497 2.5374925270
2.2940000000 0.1416888313 2.5384333382
2.2950000000 0.1415899086 2.5393742104
2.2960000000 0.1414905891 2.5403151512
2.2970000000 0.1413908577 2.5412561531
2.2980000000 0.1412907219 2.5421972313
2.2990000000 0.1411901817 2.5431383629
2.3000000000 0.1410892220 2.5440795631
2.3010000000 0.1409878426 2.5450208321
2.3020000000 0.1408860512 2.5459621620
2.3030000000 0.1407838249 2.5469035530
2.3040000000 0.1406811790 2.5478450127
2.3050000000 0.1405780983 2.5487865334
2.3060000000 0.1404745827 2.5497281227
2.3070000000 0.1403706245 2.5506697731
2.3080000000 0.1402662163 2.5516114922
2.3090000000 0.1401613579 2.5525532722
2.3100000000 0.1400560417 2.5534951134
2.3110000000 0.1399502525 2.5544370232
2.3120000000 0.1398439980 2.5553790016
2.3130000000 0.1397372551 2.5563210335
2.3140000000 0.1396300163 2.5572631340
2.3150000000 0.1395222740 2.5582053032
2.3160000000 0.1394140129 2.5591475258
2.3170000000 0.1393052254 2.5600898170
2.3180000000 0.1391958809 2.5610321770
2.3190000000 0.1390859718 2.5619745903
2.3200000000 0.1389754677 2.5629170723
2.3210000000 0.1388643379 2.5638596230
2.3220000000 0.1387525520 2.5648022270
2.3230000000 0.1386400490 2.5657448997
2.3240000000 0.1385267601 2.5666876335
2.3250000000 0.1384125938 2.5676304359
2.3260000000 0.1382973824 2.5685732994
2.3270000000 0.1381807747 2.5695162239
2.3280000000 0.1380613441 2.5704592094
2.3290000000 0.1379430046 2.5714022560
2.3300000000 0.1378261909 2.5723453712
2.3310000000 0.1377101555 2.5732885475
2.3320000000 0.1375946236 2.5742317848
2.3330000000 0.1374794579 2.5751750832
2.3340000000 0.1373645592 2.5761184502
2.3350000000 0.1372498665 2.5770618782
2.3360000000 0.1371353340 2.5780053673
2.3370000000 0.1370209236 2.5789489174
2.3380000000 0.1369065971 2.5798925285
2.3390000000 0.1367923393 2.5808362007
2.3400000000 0.1366781197 2.5817799416
2.3410000000 0.1365639229 2.5827237358
2.3420000000 0.1364497337 2.5836675987
2.3430000000 0.1363355370 2.5846115227
2.3440000000 0.1362213249 2.5855555077
2.3450000000 0.1361070747 2.5864995537
2.3460000000 0.1359927788 2.5874436607
2.3470000000 0.1358784370 2.5883878288
2.3480000000 0.1357640343 2.5893320656
2.3490000000 0.1356495628 2.5902763557
2.3500000000 0.1355350151 2.5912207069
2.3510000000 0.1354203911 2.5921651268
2.3520000000 0.1353056679 2.5931096001
2.3530000000 0.1351908531 2.5940541420
2.3540000000 0.1350759392 2.5949987450
2.3550000000 0.1349609184 2.5959434013
2.3560000000 0.1348457832 2.5968881264
2.3570000000 0.1347305336 2.5978329048
2.3580000000 0.1346151695 2.5987777519
2.3590000000 0.1344996681 2.5997226601
2.3600000000 0.1343840446 2.6006676216
2.3610000000 0.1342682915 2.6016126518
2.3620000000 0.1341523933 2.6025577354
2.3630000000 0.1340363579 2.6035028801
2.3640000000 0.1339201775 2.6044480934
2.3650000000 0.1338038445 2.6053933601
2.3660000000 0.1336873665 2.6063386879
2.3670000000 0.1335707283 2.6072840767
2.3680000000 0.1334539375 2.6082295265
2.3690000000 0.1333369865 2.6091750374
2.3700000000 0.1332198753 2.6101206093
2.3710000000 0.1331025887 2.6110662422
2.3720000000 0.1329851418 2.6120119286
2.3730000000 0.1328675194 2.6129576836
2.3740000000 0.1327497215 2.6139034920
2.3750000000 0.1326317482 2.6148493614
2.3760000000 0.1325135918 2.6157952919
2.3770000000 0.1323952599 2.6167412834
2.3780000000 0.1322767448 2.6176873283
2.3790000000 0.1321580391 2.6186334419
2.3800000000 0.1320391426 2.6195796089
2.3810000000 0.1319200630 2.6205258369
2.3820000000 0.1318007851 2.6214721260
2.3830000000 0.1316813087 2.6224184761
2.3840000000 0.1315616417 2.6233648796
2.3850000000 0.1314417763 2.6243113441
2.3860000000 0.1313217049 2.6252578697
2.3870000000 0.1312014275 2.6262044563
2.3880000000 0.1310809517 2.6271510963
2.3890000000 0.1309602699 2.6280977974
2.3900000000 0.1308393745 2.6290445595
2.3910000000 0.1307182655 2.6299913826
2.3920000000 0.1305969505 2.6309382591
2.3930000000 0.1304754143 2.6318851967
2.3940000000 0.1303536644 2.6328321953
2.3950000000 0.1302317009 2.6337792473
2.3960000000 0.1301095085 2.6347263603
2.3970000000 0.1299871025 2.6356735344
2.3980000000 0.1298644676 2.6366207619
2.3990000000 0.1297416115 2.6375680504
2.4000000000 0.1296185265 2.6385153999
2.4010000000 0.1294952202 2.6394628029
2.4020000000 0.1293716774 2.6404102669
2.4030000000 0.1292478981 2.6413577919
2.4040000000 0.1291238899 2.6423053703
2.4050000000 0.1289996452 2.6432530098
2.4060000000 0.1288751717 2.6442007027
2.4070000000 0.1287504539 2.6451484566
2.4080000000 0.1286254997 2.6460962715
2.4090000000 0.1285003014 2.6470441399
2.4100000000 0.1283748589 2.6479920692
2.4110000000 0.1282491722 2.6489400520
2.4120000000 0.1281232414 2.6498880959
2.4130000000 0.1279970665 2.6508361931
2.4140000000 0.1278706398 2.6517843513
2.4150000000 0.1277439613 2.6527325706
2.4160000000 0.1276170311 2.6536808434
2.4170000000 0.1274898491 2.6546291695
2.4180000000 0.1273624153 2.6555775566
2.4190000000 0.1272347221 2.6565260048
2.4200000000 0.1271067772 2.6574745064
2.4210000000 0.1269785652 2.6584230614
2.4220000000 0.1268501015 2.6593716774
2.4230000000 0.1267213707 2.6603203468
2.4240000000 0.1265923805 2.6612690773
2.4250000000 0.1264631233 2.6622178688
2.4260000000 0.1263335991 2.6631667061
2.4270000000 0.1262038078 2.6641156120
2.4280000000 0.1260737495 2.6650645638
2.4290000000 0.1259434166 2.6660135765
2.4300000000 0.1258128166 2.6669626503
2.4310000000 0.1256819496 2.6679117775
2.4320000000 0.1255508003 2.6688609581
2.4330000000 0.1254193764 2.6698101997
2.4340000000 0.1252876778 2.6707594948
2.4350000000 0.1251557045 2.6717088432
2.4360000000 0.1250234413 2.6726582527
2.4370000000 0.1248909111 2.6736077156
2.4380000000 0.1247580910 2.6745572395
2.4390000000 0.1246249886 2.6755068169
2.4400000000 0.1244915962 2.6764564476
2.4410000000 0.1243579292 2.6774061394
2.4420000000 0.1242239647 2.6783558769
2.4430000000 0.1240897179 2.6793056831
2.4440000000 0.1239551735 2.6802555351
2.4450000000 0.1238203468 2.6812054482
2.4460000000 0.1236852226 2.6821554146
2.4470000000 0.1235498085 2.6831054420
2.4480000000 0.1234140968 2.6840555153
2.4490000000 0.1232780876 2.6850056496
2.4500000000 0.1231417809 2.6859558449
2.4510000000 0.1230051765 2.6869060860
2.4520000000 0.1228682747 2.6878563881
2.4530000000 0.1227310677 2.6888067436
2.4540000000 0.1225935555 2.6897571526
2.4550000000 0.1224557457 2.6907076149
2.4560000000 0.1223176231 2.6916581383
2.4570000000 0.1221792030 2.6926087151
2.4580000000 0.1220404701 2.6935593452
2.4590000000 0.1219014244 2.6945100288
2.4600000000 0.1217620735 2.6954607735
2.4610000000 0.1216224098 2.6964115715
2.4620000000 0.1214824333 2.6973624153
2.4630000000 0.1213421440 2.6983133278
2.4640000000 0.1212015343 2.6992642860
2.4650000000 0.1210606117 2.7002152977
2.4660000000 0.1209193687 2.7011663704
2.4670000000 0.1207778130 2.7021174889
2.4680000000 0.1206359291 2.7030686684
2.4690000000 0.1204937248 2.7040199013
2.4700000000 0.1203512001 2.7049711876
2.4710000000 0.1202083549 2.7059225273
2.4720000000 0.1200651741 2.7068739204
2.4730000000 0.1199216728 2.7078253746
2.4740000000 0.1197778435 2.7087768745
2.4750000000 0.1196336861 2.7097284355
2.4760000000 0.1194892006 2.7106800423
2.4770000000 0.1193443794 2.7116317101
2.4780000000 0.1191992302 2.7125834312
2.4790000000 0.1190537376 2.7135352058
2.4800000000 0.1189079170 2.7144870338
2.4810000000 0.1187617607 2.7154389153
2.4820000000 0.1186152611 2.7163908501
2.4830000000 0.1184684258 2.7173428383
2.4840000000 0.1183212471 2.7182948799
2.4850000000 0.1181737328 2.7192469749
2.4860000000 0.1180258751 2.7201991234
2.4870000000 0.1178776665 2.7211513252
2.4880000000 0.1177291222 2.7221035805
2.4890000000 0.1175802269 2.7230558891
2.4900000000 0.1174309807 2.7240082512
2.4910000000 0.1172813911 2.7249606667
2.4920000000 0.1171314430 2.7259131355
2.4930000000 0.1169811516 2.7268656502
2.4940000000 0.1168305092 2.7278182259
2.4950000000 0.1166795082 2.7287708549
2.4960000000 0.1165281563 2.7297235374
2.4970000000 0.1163764458 2.7306762733
2.4980000000 0.1162243767 2.7316290550
2.4990000000 0.1160719490 2.7325818977
2.5000000000 0.1159191628 2.7335347862
2.5010000000 0.1157660179 2.7344877281
2.5020000000 0.1156125069 2.7354407310
2.5030000000 0.1154586296 2.7363937798
2.5040000000 0.1153043938 2.7373468819
2.5050000000 0.1151497917 2.7383000374
2.5060000000 0.1149948158 2.7392532387
2.5070000000 0.1148394814 2.7402065010
2.5080000000 0.1146837730 2.7411598167
2.5090000000 0.1145276909 2.7421131783
2.5100000000 0.1143712425 2.7430665932
2.5110000000 0.1142144127 2.7440200615
2.5120000000 0.1140572166 2.7449735832
2.5130000000 0.1138996391 2.7459271584
2.5140000000 0.1137416878 2.7468807793
2.5150000000 0.1135833626 2.7478344536
2.5160000000 0.1134246559 2.7487881889
2.5170000000 0.1132655678 2.7497419624
2.5180000000 0.1131060905 2.7506957970
2.5190000000 0.1129462395 2.7516496849
2.5200000000 0.1127860069 2.7526036186
2.5210000000 0.1126253777 2.7535576057
2.5220000000 0.1124643745 2.7545116463
2.5230000000 0.1123029747 2.7554657326
2.5240000000 0.1121411934 2.7564198799
2.5250000000 0.1119790154 2.7573740730
2.5260000000 0.1118164482 2.7583283119
2.5270000000 0.1116534920 2.7592826118
2.5280000000 0.1114901390 2.7602369575
2.5290000000 0.1113263893 2.7611913567
2.5300000000 0.1111622505 2.7621458092
2.5310000000 0.1109977074 2.7631003075
2.5320000000 0.1108327675 2.7640548592
2.5330000000 0.1106674309 2.7650094643
2.5340000000 0.1105016899 2.7659641151
2.5350000000 0.1103355522 2.7669188271
2.5360000000 0.1101690102 2.7678735771
2.5370000000 0.1100020638 2.7688283882
2.5380000000 0.1098347130 2.7697832451
2.5390000000 0.1096669502 2.7707381554
2.5400000000 0.1094987831 2.7716931114
2.5410000000 0.1093302116 2.7726481209
2.5420000000 0.1091612282 2.7736031837
2.5430000000 0.1089918251 2.7745582924
2.5440000000 0.1088220177 2.7755134544
2.5450000000 0.1086517982 2.7764686699
2.5460000000 0.1084811592 2.7774239311
2.5470000000 0.1083101082 2.7783792458
2.5480000000 0.1081386452 2.7793346062
2.5490000000 0.1079667549 2.7802900200
2.5500000000 0.1077944527 2.7812454796
2.5510000000 0.1076217232 2.7822009926
2.5520000000 0.1074485741 2.7831565590
2.5530000000 0.1072750053 2.7841121712
2.5540000000 0.1071010170 2.7850678368
2.5550000000 0.1069265938 2.7860235558
2.5560000000 0.1067517509 2.7869793129
2.5570000000 0.1065764809 2.7879351311
2.5580000000 0.1064007835 2.7888909950
2.5590000000 0.1062246590 2.7898469048
2.5600000000 0.1060480995 2.7908028679
2.5610000000 0.1058711128 2.7917588844
2.5620000000 0.1056936913 2.7927149467
2.5630000000 0.1055158424 2.7936710548
2.5640000000 0.1053375511 2.7946272163
2.5650000000 0.1051588249 2.7955834312
2.5660000000 0.1049796715 2.7965396919
2.5670000000 0.1048000755 2.7974959984
2.5680000000 0.1046200371 2.7984523582
2.5690000000 0.1044395638 2.7994087639
2.5700000000 0.1042586479 2.8003652229
2.5710000000 0.1040772896 2.8013217354
2.5720000000 0.1038954887 2.8022782860
2.5730000000 0.1037132454 2.8032348900
2.5740000000 0.1035305595 2.8041915474
2.5750000000 0.1033474236 2.8051482506
2.5760000000 0.1031638451 2.8061050072
2.5770000000 0.1029798164 2.8070618019
2.5780000000 0.1027953453 2.8080186577
2.5790000000 0.1026104164 2.8089755516
2.5800000000 0.1024250450 2.8099324989
2.5810000000 0.1022392159 2.8108894997
2.5820000000 0.1020529366 2.8118465462
2.5830000000 0.1018662071 2.8128036385
2.5840000000 0.1016790199 2.8137607765
2.5850000000 0.1014913826 2.8147179680
2.5860000000 0.1013032875 2.8156752129
2.5870000000 0.1011147346 2.8166324959
2.5880000000 0.1009257240 2.8175898323
2.5890000000 0.1007362556 2.8185472221
2.5900000000 0.1005463295 2.8195046501
2.5910000000 0.1003559456 2.8204621315
2.5920000000 0.1001650963 2.8214196663
2.5930000000 0.0999737892 2.8223772392
2.5940000000 0.0997820168 2.8233348656
2.5950000000 0.0995897865 2.8242925377
2.5960000000 0.0993970909 2.8252502632
2.5970000000 0.0992039299 2.8262080345
2.5980000000 0.0990103035 2.8271658516
2.5990000000 0.0988162117 2.8281237144
2.6000000000 0.0986216545 2.8290816307
2.6010000000 0.0984266319 2.8300395927
2.6020000000 0.0982311363 2.8309976006
2.6030000000 0.0980351753 2.8319556541
2.6040000000 0.0978387489 2.8329137611
2.6050000000 0.0976418495 2.8338719139
2.6060000000 0.0974444847 2.8348301125
2.6070000000 0.0972466469 2.8357883644
2.6080000000 0.0970483360 2.8367466545
2.6090000000 0.0968495522 2.8377049980
2.6100000000 0.0966503029 2.8386633873
2.6110000000 0.0964505806 2.8396218224
2.6120000000 0.0962503777 2.8405803108
2.6130000000 0.0960497093 2.8415388451
2.6140000000 0.0958485680 2.8424974174
2.6150000000 0.0956469536 2.8434560509
2.6160000000 0.0954448586 2.8444147224
2.6170000000 0.0952422981 2.8453734398
2.6180000000 0.0950392570 2.8463322105
2.6190000000 0.0948357430 2.8472910194
2.6200000000 0.0946317558 2.8482498817
2.6210000000 0.0944272881 2.8492087898
2.6220000000 0.0942223473 2.8501677513
2.6230000000 0.0940169334 2.8511267509
2.6240000000 0.0938110466 2.8520857964
2.6250000000 0.0936046867 2.8530448952
2.6260000000 0.0933978462 2.8540040398
2.6270000000 0.0931905327 2.8549632225
2.6280000000 0.0929827385 2.8559224586
2.6290000000 0.0927744789 2.8568817406
2.6300000000 0.0925657387 2.8578410759
2.6310000000 0.0923565254 2.8588004494
2.6320000000 0.0921468391 2.8597598686
2.6330000000 0.0919366798 2.8607193413
2.6340000000 0.0917260475 2.8616788521
2.6350000000 0.0915149422 2.8626384163
2.6360000000 0.0913033638 2.8635980186
2.6370000000 0.0910913200 2.8645576744
2.6380000000 0.0908787956 2.8655173759
2.6390000000 0.0906658058 2.8664771156
2.6400000000 0.0904523506 2.8674369087
2.6410000000 0.0902384224 2.8683967476
2.6420000000 0.0900240211 2.8693566322
2.6430000000 0.0898091621 2.8703165627
2.6440000000 0.0895938301 2.8712765388
2.6450000000 0.0893780403 2.8722365608
2.6460000000 0.0891617775 2.8731966209
2.6470000000 0.0889450645 2.8741567345
2.6480000000 0.0887278786 2.8751168938
2.6490000000 0.0885102425 2.8760770988
2.6500000000 0.0882921410 2.8770373497
2.6510000000 0.0880735893 2.8779976463
2.6520000000 0.0878545799 2.8789579887
2.6530000000 0.0876351128 2.8799183769
2.6540000000 0.0874152031 2.8808788109
2.6550000000 0.0871948357 2.8818392830
2.6560000000 0.0869740257 2.8827998085
2.6570000000 0.0867527733 2.8837603798
2.6580000000 0.0865310707 2.8847209892
2.6590000000 0.0863089333 2.8856816521
2.6600000000 0.0860863609 2.8866423531
2.6610000000 0.0858633461 2.8876031075
2.6620000000 0.0856399040 2.8885639000
2.6630000000 0.0854160347 2.8895247383
2.6640000000 0.0851917381 2.8904856224
2.6650000000 0.0849670219 2.8914465523
2.6660000000 0.0847418785 2.8924075279
2.6670000000 0.0845163307 2.8933685493
2.6680000000 0.0842903633 2.8943296165
2.6690000000 0.0840639915 2.8952907219
2.6700000000 0.0838372231 2.8962518806
2.6710000000 0.0836100502 2.8972130775
2.6720000000 0.0833824806 2.8981743202
2.6730000000 0.0831545296 2.8991356087
2.6740000000 0.0829261894 2.9000969429
2.6750000000 0.0826974754 2.9010583229
2.6760000000 0.0824683876 2.9020197487
2.6770000000 0.0822389412 2.9029812126
2.6780000000 0.0820091286 2.9039427223
2.6790000000 0.0817789650 2.9049042778
2.6800000000 0.0815484581 2.9058658791
2.6810000000 0.0813176155 2.9068275261
2.6820000000 0.0810864449 2.9077892189
2.6830000000 0.0808549538 2.9087509499
2.6840000000 0.0806231499 2.9097127266
2.6850000000 0.0803910484 2.9106745491
2.6860000000 0.0801586494 2.9116364174
2.6870000000 0.0799259758 2.9125983238
2.6880000000 0.0796930351 2.9135602837
2.6890000000 0.0794598427 2.9145222816
2.6900000000 0.0792264061 2.9154843178
2.6910000000 0.0789927406 2.9164464073
2.6920000000 0.0787588615 2.9174085350
2.6930000000 0.0785247993 2.9183707161
2.6940000000 0.0782905540 2.9193329277
2.6950000000 0.0780561485 2.9202951927
2.6960000000 0.0778216209 2.9212574959
2.6970000000 0.0775869789 2.9222198448
2.6980000000 0.0773522530 2.9231822395
2.6990000000 0.0771174736 2.9241446800
2.7000000000 0.0768826790 2.9251071587
2.7010000000 0.0766478996 2.9260696831
2.7020000000 0.0764131813 2.9270322533
2.7030000000 0.0761785774 2.9279948616
2.7040000000 0.0759441414 2.9289575157
2.7050000000 0.0757099419 2.9299202156
2.7060000000 0.0754760780 2.9308829536
2.7070000000 0.0752426414 2.9318457375
2.7080000000 0.0750097923 2.9328085670
2.7090000000 0.0747777214 2.9337714424
2.7100000000 0.0745467567 2.9347343559
2.7110000000 0.0743174782 2.9356973076
2.7120000000 0.0740918388 2.9366603127
2.7130000000 0.0738666496 2.9376233559
2.7140000000 0.0736362648 2.9385864449
2.7150000000 0.0734030952 2.9395495720
2.7160000000 0.0731677284 2.9405127449
2.7170000000 0.0729304390 2.9414759636
2.7180000000 0.0726914024 2.9424392204
2.7190000000 0.0724507408 2.9434025230
2.7200000000 0.0722085228 2.9443658638
2.7210000000 0.0719648247 2.9453292503
2.7220000000 0.0717196693 2.9462926826
2.7230000000 0.0714731102 2.9472561531
2.7240000000 0.0712251625 2.9482196693
2.7250000000 0.0709758492 2.9491832314
2.7260000000 0.0707251854 2.9501468315
2.7270000000 0.0704731789 2.9511104774
2.7280000000 0.0702198372 2.9520741615
2.7290000000 0.0699651756 2.9530378914
2.7300000000 0.0697091866 2.9540016594
2.7310000000 0.0694518700 2.9549654732
2.7320000000 0.0691932411 2.9559293251
2.7330000000 0.0689332848 2.9568932228
2.7340000000 0.0686719933 2.9578571663
2.7350000000 0.0684093742 2.9588211479
2.7360000000 0.0681454201 2.9597851677
2.7370000000 0.0678801231 2.9607492409
2.7380000000 0.0676134758 2.9617133446
2.7390000000 0.0673454704 2.9626775017
2.7400000000 0.0670760918 2.9636416893
2.7410000000 0.0668053398 2.9646059227
2.7420000000 0.0665331993 2.9655702019
2.7430000000 0.0662596626 2.9665345192
2.7440000000 0.0659847145 2.9674988823
2.7450000000 0.0657083397 2.9684632835
2.7460000000 0.0654305382 2.9694277306
2.7470000000 0.0651512794 2.9703922157
2.7480000000 0.0648705635 2.9713567467
2.7490000000 0.0645883675 2.9723213158
2.7500000000 0.0643046761 2.9732859230
2.7510000000 0.0640194817 2.9742505760
2.7520000000 0.0637327538 2.9752152748
2.7530000000 0.0634444923 2.9761800117
2.7540000000 0.0631546669 2.9771447868
2.7550000000 0.0628632622 2.9781096077
2.7560000000 0.0625702553 2.9790744667
2.7570000000 0.0622756386 2.9800393715
2.7580000000 0.0619793739 2.9810043144
2.7590000000 0.0616814613 2.9819693031
2.7600000000 0.0613818626 2.9829343300
2.7610000000 0.0610805626 2.9838993950
2.7620000000 0.0607775383 2.9848645058
2.7630000000 0.0604727669 2.9858296547
2.7640000000 0.0601662254 2.9867948494
2.7650000000 0.0598578758 2.9877600822
2.7660000000 0.0595477104 2.9887253532
2.7670000000 0.0592356911 2.9896906700
2.7680000000 0.0589217949 2.9906560249
2.7690000000 0.0586059914 2.9916214180
2.7700000000 0.0582882576 2.9925868568
2.7710000000 0.0579685555 2.9935523338
2.7720000000 0.0576468544 2.9945178566
2.7730000000 0.0573231239 2.9954834175
2.7740000000 0.0569973335 2.9964490166
2.7750000000 0.0566694450 2.9974146614
2.7760000000 0.0563394356 2.9983803444
2.7770000000 0.0560072517 2.9993460655
2.7780000000 0.0556728630 3.0003118324
2.7790000000 0.0553362312 3.0012776375
2.7800000000 0.0549973183 3.0022434807
2.7810000000 0.0546560860 3.0032093620
2.7820000000 0.0543124809 3.0041752892
2.7830000000 0.0539664726 3.0051412621
2.7840000000 0.0536180077 3.0061072655
2.7850000000 0.0532670403 3.0070733147
2.7860000000 0.0529135170 3.0080394020
2.7870000000 0.0525573921 3.0090055275
2.7880000000 0.0521986198 3.0099716988
2.7890000000 0.0518371315 3.0109379082
2.7900000000 0.0514728889 3.0119041557
2.7910000000 0.0511058235 3.0128704491
2.7920000000 0.0507358665 3.0138367805
2.7930000000 0.0503629723 3.0148031502
2.7940000000 0.0499870720 3.0157695580
2.7950000000 0.0496080894 3.0167360039
2.7960000000 0.0492259636 3.0177024956
2.7970000000 0.0488406105 3.0186690254
2.7980000000 0.0484519691 3.0196356010
2.7990000000 0.0480599480 3.0206022072
2.8000000000 0.0476644783 3.0215688591
2.8010000000 0.0472654533 3.0225355492
2.8020000000 0.0468628044 3.0235022774
2.8030000000 0.0464564247 3.0244690437
2.8040000000 0.0460462227 3.0254358559
2.8050000000 0.0456320915 3.0264027061
2.8060000000 0.0452139244 3.0273695946
2.8070000000 0.0447916145 3.0283365211
2.8080000000 0.0443650398 3.0293034859
2.8090000000 0.0439340782 3.0302704964
2.8100000000 0.0434986000 3.0312375450
2.8110000000 0.0430584679 3.0322046318
2.8120000000 0.0426135368 3.0331717567
2.8130000000 0.0421636620 3.0341389198
2.8140000000 0.0417086754 3.0351061287
2.8150000000 0.0412484169 3.0360733681
2.8160000000 0.0407827034 3.0370406532
2.8170000000 0.0403113518 3.0380079765
2.8180000000 0.0398341484 3.0389753380
2.8190000000 0.0393509026 3.0399427376
2.8200000000 0.0388613701 3.0409101830
2.8210000000 0.0383653221 3.0418776588
2.8220000000 0.0378624992 3.0428451805
2.8230000000 0.0373526344 3.0438127403
2.8240000000 0.0368354225 3.0447803383
2.8250000000 0.0363105659 3.0457479744
2.8260000000 0.0357777138 3.0467156487
2.8270000000 0.0352365150 3.0476833611
2.8280000000 0.0346865807 3.0486511116
2.8290000000 0.0341274834 3.0496189079
2.8300000000 0.0335587578 3.0505867348
2.8310000000 0.0329799232 3.0515546074
2.8320000000 0.0323904305 3.0525225182
2.8330000000 0.0317896843 3.0534904594
2.8340000000 0.0311770439 3.0544584465
2.8350000000 0.0305517769 3.0554264717
2.8360000000 0.0299131126 3.0563945351
2.8370000000 0.0292601662 3.0573626366
2.8380000000 0.0285919533 3.0583307762
2.8390000000 0.0279073830 3.0592989616
2.8400000000 0.0272052269 3.0602671776
2.8410000000 0.0264840736 3.0612354317
2.8420000000 0.0257423439 3.0622037315
2.8430000000 0.0249781914 3.0631720619
2.8440000000 0.0241894951 3.0641404305
2.8450000000 0.0233737755 3.0651088448
2.8460000000 0.0225280952 3.0660772896
2.8470000000 0.0216489449 3.0670457802
2.8480000000 0.0207320671 3.0680143013
2.8490000000 0.0197722130 3.0689828682
2.8500000000 0.0187627907 3.0699514656
2.8510000000 0.0176953239 3.0709201088
2.8520000000 0.0165585899 3.0718887825
2.8530000000 0.0153371849 3.0728575020
2.8540000000 0.0140089989 3.0738262520
2.8550000000 0.0125401344 3.0747950478
2.8560000000 0.0108737297 3.0757638741
2.8570000000 0.0088995247 3.0767327461
2.8580000000 0.0063360252 3.0777016487
2.8590000000 0.0010340767 3.0786705971
