0.0005001000 1.0000000250
0.0010001000 1.0000001250
0.0015001000 1.0000002750
0.0020001000 1.0000005250
0.0025001000 1.0000007750
0.0030001000 1.0000011250
0.0035001000 1.0000015750
0.0040001000 1.0000020250
0.0045001000 1.0000025750
0.0050001000 1.0000031750
0.0055001000 1.0000038750
0.0060001000 1.0000045750
0.0065001000 1.0000053750
0.0070001000 1.0000062750
0.0075001000 1.0000071750
0.0080001000 1.0000081750
0.0085001000 1.0000092250
0.0090001000 1.0000103250
0.0095001000 1.0000115250
0.0100001000 1.0000127750
0.0105001000 1.0000140750
0.0110001000 1.0000154750
0.0115001000 1.0000168750
0.0120001000 1.0000183750
0.0125001000 1.0000199750
0.0130001000 1.0000215750
0.0135001000 1.0000232750
0.0140001000 1.0000250250
0.0145001000 1.0000268750
0.0150001000 1.0000287250
0.0155001000 1.0000306750
0.0160001000 1.0000326750
0.0165001000 1.0000347750
0.0170001000 1.0000369250
0.0175001000 1.0000391250
0.0180001000 1.0000413750
0.0185001000 1.0000437250
0.0190001000 1.0000461250
0.0195001000 1.0000485750
0.0200001000 1.0000510750
0.0205001000 1.0000536750
0.0210001000 1.0000563250
0.0215001000 1.0000590250
0.0220001000 1.0000618250
0.0225001000 1.0000646750
0.0230001000 1.0000675750
0.0235001000 1.0000705250
0.0240001000 1.0000735750
0.0245001000 1.0000766750
0.0250001000 1.0000798250
0.0255001000 1.0000830250
0.0260001000 1.0000863250
0.0265001000 1.0000896750
0.0270001000 1.0000931250
0.0275001000 1.0000965750
0.0280001000 1.0001001250
0.0285001000 1.0001037250
0.0290001000 1.0001074250
0.0295001000 1.0001111750
0.0300001000 1.0001149750
0.0305001000 1.0001188250
0.0310001000 1.0001227250
0.0315001000 1.0001267250
0.0320001000 1.0001307750
0.0325001000 1.0001349250
0.0330001000 1.0001390750
0.0335001000 1.0001433250
0.0340001000 1.0001476750
0.0345001000 1.0001520250
0.0350001000 1.0001564750
0.0355001000 1.0001609750
0.0360001000 1.0001655250
0.0365001000 1.0001701750
0.0370001000 1.0001748750
0.0375001000 1.0001796250
0.0380001000 1.0001844250
0.0385001000 1.0001893250
0.0390001000 1.0001942750
0.0395001000 1.0001993250
0.0400001000 1.0002043750
0.0405001000 1.0002095250
0.0410001000 1.0002147250
0.0415001000 1.0002200250
0.0420001000 1.0002253250
0.0425001000 1.0002307250
0.0430001000 1.0002361750
0.0435001000 1.0002417250
0.0440001000 1.0002473250
0.0445001000 1.0002529750
0.0450001000 1.0002586750
0.0455001000 1.0002644750
0.0460001000 1.0002703250
0.0465001000 1.0002762250
0.0470001000 1.0002822250
0.0475001000 1.0002882250
0.0480001000 1.0002943250
0.0485001000 1.0003005250
0.0490001000 1.0003067250
0.0495001000 1.0003130250
0.0500001000 1.0003193750
0.0505001000 1.0003258250
0.0510001000 1.0003323250
0.0515001000 1.0003388750
0.0520001000 1.0003454750
0.0525001000 1.0003521250
0.0530001000 1.0003588750
0.0535001000 1.0003656750
0.0540001000 1.0003725750
0.0545001000 1.0003795250
0.0550001000 1.0003865250
0.0555001000 1.0003935750
0.0560001000 1.0004006750
0.0565001000 1.0004078750
0.0570001000 1.0004151250
0.0575001000 1.0004224750
0.0580001000 1.0004298250
0.0585001000 1.0004372750
0.0590001000 1.0004447750
0.0595001000 1.0004523750
0.0600001000 1.0004600250
0.0605001000 1.0004677250
0.0610001000 1.0004754750
0.0615001000 1.0004833250
0.0620001000 1.0004912250
0.0625001000 1.0004991750
0.0630001000 1.0005071750
0.0635001000 1.0005152750
0.0640001000 1.0005234250
0.0645001000 1.0005316750
0.0650001000 1.0005399250
0.0655001000 1.0005482750
0.0660001000 1.0005566750
0.0665001000 1.0005651750
0.0670001000 1.0005736750
0.0675001000 1.0005823250
0.0680001000 1.0005909750
0.0685001000 1.0005996750
0.0690001000 1.0006084750
0.0695001000 1.0006173250
0.0700001000 1.0006262750
0.0705001000 1.0006352750
0.0710001000 1.0006443250
0.0715001000 1.0006534250
0.0720001000 1.0006625750
0.0725001000 1.0006718250
0.0730001000 1.0006811250
0.0735001000 1.0006905250
0.0740001000 1.0006999750
0.0745001000 1.0007094750
0.0750001000 1.0007190250
0.0755001000 1.0007286250
0.0760001000 1.0007383250
0.0765001000 1.0007480750
0.0770001000 1.0007579250
0.0775001000 1.0007678250
0.0780001000 1.0007777750
0.0785001000 1.0007877750
0.0790001000 1.0007978250
0.0795001000 1.0008079750
0.0800001000 1.0008181750
0.0805001000 1.0008284750
0.0810001000 1.0008387750
0.0815001000 1.0008491750
0.0820001000 1.0008596750
0.0825001000 1.0008701750
0.0830001000 1.0008807750
0.0835001000 1.0008914250
0.0840001000 1.0009021750
0.0845001000 1.0009129250
0.0850001000 1.0009237750
0.0855001000 1.0009347250
0.0860001000 1.0009456750
0.0865001000 1.0009567250
0.0870001000 1.0009678250
0.0875001000 1.0009790250
0.0880001000 1.0009902250
0.0885001000 1.0010015250
0.0890001000 1.0010128750
0.0895001000 1.0010243250
0.0900001000 1.0010358250
0.0905001000 1.0010473750
0.0910001000 1.0010589750
0.0915001000 1.0010706750
0.0920001000 1.0010824250
0.0925001000 1.0010942250
0.0930001000 1.0011061250
0.0935001000 1.0011180750
0.0940001000 1.0011300750
0.0945001000 1.0011421750
0.0950001000 1.0011542750
0.0955001000 1.0011664750
0.0960001000 1.0011787750
0.0965001000 1.0011910750
0.0970001000 1.0012034750
0.0975001000 1.0012159250
0.0980001000 1.0012284750
0.0985001000 1.0012410250
0.0990001000 1.0012537250
0.0995001000 1.0012664250
0.1000001000 1.0012791750
0.1005001000 1.0012920250
0.1010001000 1.0013049750
0.1015001000 1.0013179250
0.1020001000 1.0013309750
0.1025001000 1.0013440750
0.1030001000 1.0013572250
0.1035001000 1.0013704750
0.1040001000 1.0013837750
0.1045001000 1.0013971250
0.1050001000 1.0014105750
0.1055001000 1.0014240250
0.1060001000 1.0014376250
0.1065001000 1.0014512250
0.1070001000 1.0014649250
0.1075001000 1.0014786750
0.1080001000 1.0014924750
0.1085001000 1.0015063750
0.1090001000 1.0015202750
0.1095001000 1.0015343250
0.1100001000 1.0015483750
0.1105001000 1.0015625250
0.1110001000 1.0015767250
0.1115001000 1.0015909750
0.1120001000 1.0016053250
0.1125001000 1.0016197250
0.1130001000 1.0016341750
0.1135001000 1.0016486750
0.1140001000 1.0016632750
0.1145001000 1.0016779250
0.1150001000 1.0016926750
0.1155001000 1.0017074250
0.1160001000 1.0017222750
0.1165001000 1.0017371750
0.1170001000 1.0017521750
0.1175001000 1.0017672250
0.1180001000 1.0017823250
0.1185001000 1.0017974750
0.1190001000 1.0018127250
0.1195001000 1.0018280250
0.1200001000 1.0018434250
0.1205001000 1.0018588250
0.1210001000 1.0018743250
0.1215001000 1.0018898750
0.1220001000 1.0019055250
0.1225001000 1.0019212250
0.1230001000 1.0019369750
0.1235001000 1.0019527750
0.1240001000 1.0019686750
0.1245001000 1.0019846250
0.1250001000 1.0020006250
0.1255001000 1.0020167250
0.1260001000 1.0020328750
0.1265001000 1.0020490750
0.1270001000 1.0020653250
0.1275001000 1.0020816750
0.1280001000 1.0020980750
0.1285001000 1.0021145250
0.1290001000 1.0021310750
0.1295001000 1.0021476750
0.1300001000 1.0021643250
0.1305001000 1.0021810750
0.1310001000 1.0021978750
0.1315001000 1.0022147250
0.1320001000 1.0022316250
0.1325001000 1.0022486250
0.1330001000 1.0022656750
0.1335001000 1.0022827750
0.1340001000 1.0022999750
0.1345001000 1.0023172250
0.1350001000 1.0023345250
0.1355001000 1.0023519250
0.1360001000 1.0023693750
0.1365001000 1.0023868750
0.1370001000 1.0024044250
0.1375001000 1.0024220750
0.1380001000 1.0024397750
0.1385001000 1.0024575750
0.1390001000 1.0024753750
0.1395001000 1.0024932750
0.1400001000 1.0025112250
0.1405001000 1.0025292750
0.1410001000 1.0025473750
0.1415001000 1.0025655250
0.1420001000 1.0025837250
0.1425001000 1.0026020250
0.1430001000 1.0026203750
0.1435001000 1.0026388250
0.1440001000 1.0026572750
0.1445001000 1.0026758250
0.1450001000 1.0026944750
0.1455001000 1.0027131250
0.1460001000 1.0027318750
0.1465001000 1.0027506750
0.1470001000 1.0027695750
0.1475001000 1.0027885250
0.1480001000 1.0028075250
0.1485001000 1.0028265750
0.1490001000 1.0028457250
0.1495001000 1.0028649250
0.1500001000 1.0028841750
0.1505001000 1.0029035250
0.1510001000 1.0029229250
0.1515001000 1.0029423750
0.1520001000 1.0029619250
0.1525001000 1.0029815250
0.1530001000 1.0030011750
0.1535001000 1.0030208750
0.1540001000 1.0030406750
0.1545001000 1.0030605250
0.1550001000 1.0030804250
0.1555001000 1.0031004250
0.1560001000 1.0031204750
0.1565001000 1.0031405750
0.1570001000 1.0031607750
0.1575001000 1.0031810250
0.1580001000 1.0032013250
0.1585001000 1.0032217250
0.1590001000 1.0032421750
0.1595001000 1.0032626750
0.1600001000 1.0032832250
0.1605001000 1.0033038750
0.1610001000 1.0033245750
0.1615001000 1.0033453750
0.1620001000 1.0033661750
0.1625001000 1.0033870750
0.1630001000 1.0034080750
0.1635001000 1.0034290750
0.1640001000 1.0034501750
0.1645001000 1.0034713250
0.1650001000 1.0034925750
0.1655001000 1.0035138750
0.1660001000 1.0035352250
0.1665001000 1.0035566750
0.1670001000 1.0035781250
0.1675001000 1.0035997250
0.1680001000 1.0036213250
0.1685001000 1.0036430250
0.1690001000 1.0036647750
0.1695001000 1.0036865750
0.1700001000 1.0037084750
0.1705001000 1.0037304250
0.1710001000 1.0037524250
0.1715001000 1.0037745250
0.1720001000 1.0037966750
0.1725001000 1.0038188750
0.1730001000 1.0038411750
0.1735001000 1.0038635250
0.1740001000 1.0038859250
0.1745001000 1.0039083750
0.1750001000 1.0039309250
0.1755001000 1.0039535250
0.1760001000 1.0039762250
0.1765001000 1.0039989250
0.1770001000 1.0040217750
0.1775001000 1.0040446250
0.1780001000 1.0040675750
0.1785001000 1.0040905750
0.1790001000 1.0041136250
0.1795001000 1.0041367750
0.1800001000 1.0041599750
0.1805001000 1.0041832250
0.1810001000 1.0042065750
0.1815001000 1.0042299750
0.1820001000 1.0042534250
0.1825001000 1.0042769250
0.1830001000 1.0043005250
0.1835001000 1.0043242250
0.1840001000 1.0043479250
0.1845001000 1.0043717250
0.1850001000 1.0043955750
0.1855001000 1.0044195250
0.1860001000 1.0044434750
0.1865001000 1.0044675750
0.1870001000 1.0044916750
0.1875001000 1.0045158750
0.1880001000 1.0045401250
0.1885001000 1.0045644250
0.1890001000 1.0045888250
0.1895001000 1.0046132750
0.1900001000 1.0046377750
0.1905001000 1.0046623750
0.1910001000 1.0046870250
0.1915001000 1.0047117750
0.1920001000 1.0047365250
0.1925001000 1.0047613750
0.1930001000 1.0047862750
0.1935001000 1.0048112750
0.1940001000 1.0048363250
0.1945001000 1.0048614250
0.1950001000 1.0048866250
0.1955001000 1.0049118750
0.1960001000 1.0049371750
0.1965001000 1.0049625750
0.1970001000 1.0049880250
0.1975001000 1.0050135250
0.1980001000 1.0050390750
0.1985001000 1.0050647250
0.1990001000 1.0050904250
0.1995001000 1.0051162250
0.2000001000 1.0051420750
0.2005001000 1.0051679750
0.2010001000 1.0051939250
0.2015001000 1.0052199750
0.2020001000 1.0052460750
0.2025001000 1.0052722750
0.2030001000 1.0052985250
0.2035001000 1.0053248250
0.2040001000 1.0053511750
0.2045001000 1.0053776250
0.2050001000 1.0054041250
0.2055001000 1.0054307250
0.2060001000 1.0054573250
0.2065001000 1.0054840250
0.2070001000 1.0055108250
0.2075001000 1.0055376750
0.2080001000 1.0055645750
0.2085001000 1.0055915250
0.2090001000 1.0056185750
0.2095001000 1.0056456750
0.2100001000 1.0056728250
0.2105001000 1.0057000750
0.2110001000 1.0057273750
0.2115001000 1.0057547750
0.2120001000 1.0057821750
0.2125001000 1.0058096750
0.2130001000 1.0058372750
0.2135001000 1.0058648750
0.2140001000 1.0058925750
0.2145001000 1.0059203750
0.2150001000 1.0059482250
0.2155001000 1.0059761250
0.2160001000 1.0060040750
0.2165001000 1.0060321250
0.2170001000 1.0060602250
0.2175001000 1.0060883750
0.2180001000 1.0061166250
0.2185001000 1.0061449250
0.2190001000 1.0061732750
0.2195001000 1.0062017250
0.2200001000 1.0062302250
0.2205001000 1.0062588250
0.2210001000 1.0062874250
0.2215001000 1.0063161250
0.2220001000 1.0063449250
0.2225001000 1.0063737250
0.2230001000 1.0064026750
0.2235001000 1.0064316250
0.2240001000 1.0064606750
0.2245001000 1.0064897750
0.2250001000 1.0065189250
0.2255001000 1.0065481750
0.2260001000 1.0065774750
0.2265001000 1.0066068250
0.2270001000 1.0066362750
0.2275001000 1.0066657750
0.2280001000 1.0066953750
0.2285001000 1.0067250250
0.2290001000 1.0067547250
0.2295001000 1.0067844750
0.2300001000 1.0068143250
0.2305001000 1.0068442250
0.2310001000 1.0068742250
0.2315001000 1.0069042250
0.2320001000 1.0069343750
0.2325001000 1.0069645250
0.2330001000 1.0069947750
0.2335001000 1.0070250750
0.2340001000 1.0070554750
0.2345001000 1.0070859250
0.2350001000 1.0071164250
0.2355001000 1.0071469750
0.2360001000 1.0071776250
0.2365001000 1.0072083750
0.2370001000 1.0072391250
0.2375001000 1.0072699750
0.2380001000 1.0073008750
0.2385001000 1.0073318750
0.2390001000 1.0073629250
0.2395001000 1.0073940250
0.2400001000 1.0074252250
0.2405001000 1.0074564750
0.2410001000 1.0074877750
0.2415001000 1.0075191750
0.2420001000 1.0075506250
0.2425001000 1.0075821250
0.2430001000 1.0076137250
0.2435001000 1.0076453750
0.2440001000 1.0076771250
0.2445001000 1.0077088750
0.2450001000 1.0077407750
0.2455001000 1.0077726750
0.2460001000 1.0078046750
0.2465001000 1.0078367250
0.2470001000 1.0078688750
0.2475001000 1.0079010250
0.2480001000 1.0079333250
0.2485001000 1.0079656250
0.2490001000 1.0079980250
0.2495001000 1.0080304750
0.2500001000 1.0080630250
0.2505001000 1.0080956250
0.2510001000 1.0081282750
0.2515001000 1.0081610250
0.2520001000 1.0081938250
0.2525001000 1.0082266750
0.2530001000 1.0082596250
0.2535001000 1.0082926250
0.2540001000 1.0083257250
0.2545001000 1.0083588250
0.2550001000 1.0083920250
0.2555001000 1.0084253250
0.2560001000 1.0084586750
0.2565001000 1.0084920750
0.2570001000 1.0085255750
0.2575001000 1.0085590750
0.2580001000 1.0085927250
0.2585001000 1.0086263750
0.2590001000 1.0086601250
0.2595001000 1.0086939750
0.2600001000 1.0087278250
0.2605001000 1.0087617750
0.2610001000 1.0087958250
0.2615001000 1.0088298750
0.2620001000 1.0088640250
0.2625001000 1.0088982750
0.2630001000 1.0089325750
0.2635001000 1.0089669250
0.2640001000 1.0090013250
0.2645001000 1.0090358250
0.2650001000 1.0090703750
0.2655001000 1.0091050250
0.2660001000 1.0091397250
0.2665001000 1.0091744750
0.2670001000 1.0092093250
0.2675001000 1.0092442250
0.2680001000 1.0092791750
0.2685001000 1.0093142250
0.2690001000 1.0093493250
0.2695001000 1.0093845250
0.2700001000 1.0094197750
0.2705001000 1.0094550750
0.2710001000 1.0094904250
0.2715001000 1.0095258750
0.2720001000 1.0095614250
0.2725001000 1.0095969750
0.2730001000 1.0096326250
0.2735001000 1.0096683750
0.2740001000 1.0097041250
0.2745001000 1.0097399750
0.2750001000 1.0097759250
0.2755001000 1.0098119250
0.2760001000 1.0098479750
0.2765001000 1.0098840750
0.2770001000 1.0099202750
0.2775001000 1.0099565750
0.2780001000 1.0099928750
0.2785001000 1.0100292750
0.2790001000 1.0100657750
0.2795001000 1.0101022750
0.2800001000 1.0101388750
0.2805001000 1.0101755750
0.2810001000 1.0102123250
0.2815001000 1.0102491250
0.2820001000 1.0102860250
0.2825001000 1.0103229250
0.2830001000 1.0103599750
0.2835001000 1.0103970250
0.2840001000 1.0104341750
0.2845001000 1.0104714250
0.2850001000 1.0105087250
0.2855001000 1.0105460750
0.2860001000 1.0105834750
0.2865001000 1.0106209750
0.2870001000 1.0106585250
0.2875001000 1.0106961750
0.2880001000 1.0107338750
0.2885001000 1.0107716250
0.2890001000 1.0108094750
0.2895001000 1.0108473750
0.2900001000 1.0108853750
0.2905001000 1.0109234250
0.2910001000 1.0109615250
0.2915001000 1.0109996750
0.2920001000 1.0110379250
0.2925001000 1.0110762750
0.2930001000 1.0111146750
0.2935001000 1.0111531250
0.2940001000 1.0111916250
0.2945001000 1.0112302250
0.2950001000 1.0112688750
0.2955001000 1.0113076250
0.2960001000 1.0113464250
0.2965001000 1.0113852750
0.2970001000 1.0114242250
0.2975001000 1.0114632250
0.2980001000 1.0115022750
0.2985001000 1.0115414250
0.2990001000 1.0115806250
0.2995001000 1.0116199250
0.3000001000 1.0116592750
0.3005001000 1.0116986750
0.3010001000 1.0117381750
0.3015001000 1.0117777250
0.3020001000 1.0118173750
0.3025001000 1.0118570250
0.3030001000 1.0118968250
0.3035001000 1.0119366250
0.3040001000 1.0119765250
0.3045001000 1.0120165250
0.3050001000 1.0120565250
0.3055001000 1.0120966750
0.3060001000 1.0121368250
0.3065001000 1.0121770750
0.3070001000 1.0122173750
0.3075001000 1.0122577750
0.3080001000 1.0122982250
0.3085001000 1.0123387250
0.3090001000 1.0123793250
0.3095001000 1.0124199750
0.3100001000 1.0124607250
0.3105001000 1.0125015250
0.3110001000 1.0125423750
0.3115001000 1.0125833250
0.3120001000 1.0126243250
0.3125001000 1.0126654250
0.3130001000 1.0127065750
0.3135001000 1.0127477750
0.3140001000 1.0127890250
0.3145001000 1.0128304250
0.3150001000 1.0128718250
0.3155001000 1.0129133250
0.3160001000 1.0129548750
0.3165001000 1.0129965250
0.3170001000 1.0130381750
0.3175001000 1.0130799750
0.3180001000 1.0131218250
0.3185001000 1.0131637250
0.3190001000 1.0132056750
0.3195001000 1.0132477250
0.3200001000 1.0132898250
0.3205001000 1.0133320250
0.3210001000 1.0133742750
0.3215001000 1.0134166250
0.3220001000 1.0134589750
0.3225001000 1.0135014750
0.3230001000 1.0135439750
0.3235001000 1.0135865750
0.3240001000 1.0136292750
0.3245001000 1.0136720250
0.3250001000 1.0137148250
0.3255001000 1.0137576750
0.3260001000 1.0138006250
0.3265001000 1.0138436750
0.3270001000 1.0138867250
0.3275001000 1.0139299250
0.3280001000 1.0139731250
0.3285001000 1.0140164250
0.3290001000 1.0140597750
0.3295001000 1.0141032250
0.3300001000 1.0141467250
0.3305001000 1.0141903250
0.3310001000 1.0142339750
0.3315001000 1.0142776750
0.3320001000 1.0143214750
0.3325001000 1.0143653250
0.3330001000 1.0144092250
0.3335001000 1.0144532250
0.3340001000 1.0144972750
0.3345001000 1.0145414250
0.3350001000 1.0145856250
0.3355001000 1.0146299250
0.3360001000 1.0146742750
0.3365001000 1.0147186750
0.3370001000 1.0147631250
0.3375001000 1.0148077250
0.3380001000 1.0148523250
0.3385001000 1.0148970250
0.3390001000 1.0149417750
0.3395001000 1.0149866250
0.3400001000 1.0150315250
0.3405001000 1.0150764750
0.3410001000 1.0151215250
0.3415001000 1.0151666250
0.3420001000 1.0152118250
0.3425001000 1.0152570750
0.3430001000 1.0153024250
0.3435001000 1.0153477750
0.3440001000 1.0153932750
0.3445001000 1.0154387750
0.3450001000 1.0154843750
0.3455001000 1.0155300750
0.3460001000 1.0155758250
0.3465001000 1.0156216250
0.3470001000 1.0156675250
0.3475001000 1.0157134750
0.3480001000 1.0157594750
0.3485001000 1.0158055750
0.3490001000 1.0158517750
0.3495001000 1.0158979750
0.3500001000 1.0159442750
0.3505001000 1.0159906750
0.3510001000 1.0160371250
0.3515001000 1.0160836250
0.3520001000 1.0161302250
0.3525001000 1.0161768750
0.3530001000 1.0162236250
0.3535001000 1.0162704250
0.3540001000 1.0163172750
0.3545001000 1.0163642250
0.3550001000 1.0164112250
0.3555001000 1.0164583250
0.3560001000 1.0165054750
0.3565001000 1.0165526750
0.3570001000 1.0165999750
0.3575001000 1.0166473250
0.3580001000 1.0166947750
0.3585001000 1.0167422750
0.3590001000 1.0167898250
0.3595001000 1.0168374750
0.3600001000 1.0168851750
0.3605001000 1.0169329750
0.3610001000 1.0169808250
0.3615001000 1.0170287750
0.3620001000 1.0170767750
0.3625001000 1.0171248250
0.3630001000 1.0171729750
0.3635001000 1.0172211750
0.3640001000 1.0172694250
0.3645001000 1.0173177750
0.3650001000 1.0173662250
0.3655001000 1.0174147250
0.3660001000 1.0174632750
0.3665001000 1.0175118750
0.3670001000 1.0175606250
0.3675001000 1.0176093750
0.3680001000 1.0176582250
0.3685001000 1.0177071250
0.3690001000 1.0177561250
0.3695001000 1.0178051750
0.3700001000 1.0178543250
0.3705001000 1.0179035250
0.3710001000 1.0179527750
0.3715001000 1.0180021250
0.3720001000 1.0180515250
0.3725001000 1.0181010250
0.3730001000 1.0181505750
0.3735001000 1.0182001750
0.3740001000 1.0182498750
0.3745001000 1.0182996750
0.3750001000 1.0183494750
0.3755001000 1.0183993750
0.3760001000 1.0184493750
0.3765001000 1.0184994250
0.3770001000 1.0185495250
0.3775001000 1.0185997250
0.3780001000 1.0186500250
0.3785001000 1.0187003250
0.3790001000 1.0187507250
0.3795001000 1.0188012250
0.3800001000 1.0188517750
0.3805001000 1.0189023750
0.3810001000 1.0189530750
0.3815001000 1.0190038250
0.3820001000 1.0190546750
0.3825001000 1.0191055750
0.3830001000 1.0191565250
0.3835001000 1.0192075750
0.3840001000 1.0192587250
0.3845001000 1.0193098750
0.3850001000 1.0193611750
0.3855001000 1.0194124750
0.3860001000 1.0194638750
0.3865001000 1.0195153750
0.3870001000 1.0195669250
0.3875001000 1.0196185250
0.3880001000 1.0196702250
0.3885001000 1.0197219750
0.3890001000 1.0197737750
0.3895001000 1.0198256750
0.3900001000 1.0198776750
0.3905001000 1.0199297250
0.3910001000 1.0199818250
0.3915001000 1.0200340250
0.3920001000 1.0200862750
0.3925001000 1.0201386250
0.3930001000 1.0201910250
0.3935001000 1.0202434750
0.3940001000 1.0202960250
0.3945001000 1.0203486250
0.3950001000 1.0204013250
0.3955001000 1.0204540750
0.3960001000 1.0205069250
0.3965001000 1.0205598250
0.3970001000 1.0206127750
0.3975001000 1.0206658250
0.3980001000 1.0207189750
0.3985001000 1.0207721250
0.3990001000 1.0208254250
0.3995001000 1.0208787250
0.4000001000 1.0209321250
0.4005001000 1.0209856250
0.4010001000 1.0210391750
0.4015001000 1.0210927750
0.4020001000 1.0211464750
0.4025001000 1.0212002250
0.4030001000 1.0212540750
0.4035001000 1.0213079750
0.4040001000 1.0213619250
0.4045001000 1.0214159750
0.4050001000 1.0214701250
0.4055001000 1.0215243250
0.4060001000 1.0215785750
0.4065001000 1.0216329250
0.4070001000 1.0216873250
0.4075001000 1.0217417750
0.4080001000 1.0217963250
0.4085001000 1.0218509750
0.4090001000 1.0219056750
0.4095001000 1.0219604250
0.4100001000 1.0220152750
0.4105001000 1.0220701750
0.4110001000 1.0221251750
0.4115001000 1.0221802250
0.4120001000 1.0222353250
0.4125001000 1.0222905250
0.4130001000 1.0223458250
0.4135001000 1.0224011750
0.4140001000 1.0224565750
0.4145001000 1.0225120750
0.4150001000 1.0225676250
0.4155001000 1.0226232250
0.4160001000 1.0226789250
0.4165001000 1.0227347250
0.4170001000 1.0227905750
0.4175001000 1.0228464750
0.4180001000 1.0229024750
0.4185001000 1.0229585250
0.4190001000 1.0230146750
0.4195001000 1.0230708750
0.4200001000 1.0231271750
0.4205001000 1.0231835250
0.4210001000 1.0232399250
0.4215001000 1.0232964250
0.4220001000 1.0233530250
0.4225001000 1.0234096250
0.4230001000 1.0234663750
0.4235001000 1.0235231250
0.4240001000 1.0235800250
0.4245001000 1.0236369250
0.4250001000 1.0236939250
0.4255001000 1.0237510250
0.4260001000 1.0238081750
0.4265001000 1.0238653750
0.4270001000 1.0239226750
0.4275001000 1.0239800250
0.4280001000 1.0240374750
0.4285001000 1.0240949750
0.4290001000 1.0241525750
0.4295001000 1.0242102250
0.4300001000 1.0242679250
0.4305001000 1.0243257250
0.4310001000 1.0243836250
0.4315001000 1.0244415750
0.4320001000 1.0244995750
0.4325001000 1.0245576750
0.4330001000 1.0246158250
0.4335001000 1.0246740750
0.4340001000 1.0247323750
0.4345001000 1.0247907250
0.4350001000 1.0248491750
0.4355001000 1.0249077250
0.4360001000 1.0249663250
0.4365001000 1.0250249750
0.4370001000 1.0250837250
0.4375001000 1.0251425250
0.4380001000 1.0252014250
0.4385001000 1.0252603750
0.4390001000 1.0253194250
0.4395001000 1.0253785250
0.4400001000 1.0254376750
0.4405001000 1.0254969250
0.4410001000 1.0255562750
0.4415001000 1.0256156750
0.4420001000 1.0256751250
0.4425001000 1.0257346750
0.4430001000 1.0257942750
0.4435001000 1.0258539750
0.4440001000 1.0259137250
0.4445001000 1.0259735750
0.4450001000 1.0260334750
0.4455001000 1.0260934250
0.4460001000 1.0261534750
0.4465001000 1.0262136250
0.4470001000 1.0262738250
0.4475001000 1.0263340750
0.4480001000 1.0263944250
0.4485001000 1.0264548250
0.4490001000 1.0265153250
0.4495001000 1.0265758750
0.4500001000 1.0266365250
0.4505001000 1.0266972250
0.4510001000 1.0267580250
0.4515001000 1.0268188750
0.4520001000 1.0268797750
0.4525001000 1.0269407750
0.4530001000 1.0270018750
0.4535001000 1.0270630250
0.4540001000 1.0271242250
0.4545001000 1.0271855250
0.4550001000 1.0272468750
0.4555001000 1.0273083250
0.4560001000 1.0273698250
0.4565001000 1.0274314250
0.4570001000 1.0274930750
0.4575001000 1.0275547750
0.4580001000 1.0276165750
0.4585001000 1.0276784750
0.4590001000 1.0277404250
0.4595001000 1.0278024250
0.4600001000 1.0278645250
0.4605001000 1.0279266750
0.4610001000 1.0279889250
0.4615001000 1.0280512250
0.4620001000 1.0281136250
0.4625001000 1.0281760750
0.4630001000 1.0282386250
0.4635001000 1.0283012250
0.4640001000 1.0283639250
0.4645001000 1.0284266750
0.4650001000 1.0284894750
0.4655001000 1.0285523750
0.4660001000 1.0286153750
0.4665001000 1.0286784250
0.4670001000 1.0287415250
0.4675001000 1.0288047250
0.4680001000 1.0288679750
0.4685001000 1.0289313250
0.4690001000 1.0289947250
0.4695001000 1.0290582250
0.4700001000 1.0291217750
0.4705001000 1.0291854250
0.4710001000 1.0292491250
0.4715001000 1.0293129250
0.4720001000 1.0293767750
0.4725001000 1.0294406750
0.4730001000 1.0295046750
0.4735001000 1.0295687750
0.4740001000 1.0296329250
0.4745001000 1.0296971250
0.4750001000 1.0297614250
0.4755001000 1.0298257750
0.4760001000 1.0298902250
0.4765001000 1.0299547250
0.4770001000 1.0300193250
0.4775001000 1.0300839750
0.4780001000 1.0301487250
0.4785001000 1.0302135250
0.4790001000 1.0302784250
0.4795001000 1.0303433750
0.4800001000 1.0304084250
0.4805001000 1.0304735250
0.4810001000 1.0305386750
0.4815001000 1.0306039250
0.4820001000 1.0306692750
0.4825001000 1.0307346750
0.4830001000 1.0308001250
0.4835001000 1.0308656750
0.4840001000 1.0309312750
0.4845001000 1.0309969750
0.4850001000 1.0310627250
0.4855001000 1.0311285750
0.4860001000 1.0311945250
0.4865001000 1.0312604750
0.4870001000 1.0313265250
0.4875001000 1.0313926750
0.4880001000 1.0314588750
0.4885001000 1.0315251750
0.4890001000 1.0315915250
0.4895001000 1.0316579750
0.4900001000 1.0317244750
0.4905001000 1.0317910250
0.4910001000 1.0318576750
0.4915001000 1.0319244250
0.4920001000 1.0319912250
0.4925001000 1.0320580750
0.4930001000 1.0321250250
0.4935001000 1.0321920250
0.4940001000 1.0322591250
0.4945001000 1.0323263250
0.4950001000 1.0323935750
0.4955001000 1.0324608750
0.4960001000 1.0325282750
0.4965001000 1.0325957250
0.4970001000 1.0326632750
0.4975001000 1.0327308750
0.4980001000 1.0327985750
0.4985001000 1.0328663250
0.4990001000 1.0329341250
0.4995001000 1.0330020750
0.5000001000 1.0330700250
0.5005001000 1.0331380750
0.5010001000 1.0332062250
0.5015001000 1.0332744250
0.5020001000 1.0333426750
0.5025001000 1.0334110250
0.5030001000 1.0334794750
0.5035001000 1.0335479750
0.5040001000 1.0336165250
0.5045001000 1.0336851750
0.5050001000 1.0337539250
0.5055001000 1.0338227250
0.5060001000 1.0338915750
0.5065001000 1.0339605250
0.5070001000 1.0340295250
0.5075001000 1.0340986250
0.5080001000 1.0341677750
0.5085001000 1.0342370250
0.5090001000 1.0343063250
0.5095001000 1.0343757250
0.5100001000 1.0344451750
0.5105001000 1.0345147250
0.5110001000 1.0345843250
0.5115001000 1.0346540250
0.5120001000 1.0347237750
0.5125001000 1.0347936250
0.5130001000 1.0348635250
0.5135001000 1.0349335250
0.5140001000 1.0350035750
0.5145001000 1.0350736750
0.5150001000 1.0351439250
0.5155001000 1.0352141750
0.5160001000 1.0352845250
0.5165001000 1.0353549750
0.5170001000 1.0354254750
0.5175001000 1.0354960250
0.5180001000 1.0355666750
0.5185001000 1.0356374250
0.5190001000 1.0357082250
0.5195001000 1.0357790750
0.5200001000 1.0358500250
0.5205001000 1.0359210750
0.5210001000 1.0359921750
0.5215001000 1.0360633250
0.5220001000 1.0361345750
0.5225001000 1.0362058750
0.5230001000 1.0362772750
0.5235001000 1.0363487250
0.5240001000 1.0364202750
0.5245001000 1.0364919250
0.5250001000 1.0365635750
0.5255001000 1.0366353750
0.5260001000 1.0367072250
0.5265001000 1.0367791250
0.5270001000 1.0368511250
0.5275001000 1.0369231750
0.5280001000 1.0369953250
0.5285001000 1.0370675250
0.5290001000 1.0371398250
0.5295001000 1.0372121750
0.5300001000 1.0372845750
0.5305001000 1.0373571250
0.5310001000 1.0374296750
0.5315001000 1.0375023750
0.5320001000 1.0375750750
0.5325001000 1.0376478750
0.5330001000 1.0377207749
0.5335001000 1.0377937249
0.5340001000 1.0378667749
0.5345001000 1.0379398749
0.5350001000 1.0380130749
0.5355001000 1.0380863249
0.5360001000 1.0381596249
0.5365001000 1.0382330249
0.5370001000 1.0383065249
0.5375001000 1.0383800749
0.5380001000 1.0384537249
0.5385001000 1.0385274249
0.5390001000 1.0386011749
0.5395001000 1.0386750249
0.5400001000 1.0387489749
0.5405001000 1.0388229749
0.5410001000 1.0388970249
0.5415001000 1.0389711749
0.5420001000 1.0390454249
0.5425001000 1.0391197249
0.5430001000 1.0391940749
0.5435001000 1.0392685249
0.5440001000 1.0393430749
0.5445001000 1.0394176749
0.5450001000 1.0394923249
0.5455001000 1.0395670749
0.5460001000 1.0396419249
0.5465001000 1.0397168249
0.5470001000 1.0397917749
0.5475001000 1.0398668249
0.5480001000 1.0399419249
0.5485001000 1.0400171249
0.5490001000 1.0400924249
0.5495001000 1.0401677749
0.5500001000 1.0402431749
0.5505001000 1.0403186749
0.5510001000 1.0403942249
0.5515001000 1.0404698749
0.5520001000 1.0405456249
0.5525001000 1.0406214249
0.5530001000 1.0406972749
0.5535001000 1.0407732249
0.5540001000 1.0408492249
0.5545001000 1.0409253249
0.5550001000 1.0410014749
0.5555001000 1.0410777249
0.5560001000 1.0411540749
0.5565001000 1.0412304249
0.5570001000 1.0413069249
0.5575001000 1.0413834749
0.5580001000 1.0414600749
0.5585001000 1.0415367749
0.5590001000 1.0416135249
0.5595001000 1.0416903749
0.5600001000 1.0417672749
0.5605001000 1.0418442749
0.5610001000 1.0419213749
0.5615001000 1.0419984749
0.5620001000 1.0420757249
0.5625001000 1.0421530249
0.5630001000 1.0422303749
0.5635001000 1.0423078249
0.5640001000 1.0423853249
0.5645001000 1.0424629249
0.5650001000 1.0425405749
0.5655001000 1.0426183249
0.5660001000 1.0426961249
0.5665001000 1.0427740249
0.5670001000 1.0428519749
0.5675001000 1.0429300249
0.5680001000 1.0430081249
0.5685001000 1.0430863249
0.5690001000 1.0431646249
0.5695001000 1.0432429249
0.5700001000 1.0433213749
0.5705001000 1.0433998749
0.5710001000 1.0434784249
0.5715001000 1.0435570749
0.5720001000 1.0436357749
0.5725001000 1.0437145749
0.5730001000 1.0437934249
0.5735001000 1.0438723749
0.5740001000 1.0439513749
0.5745001000 1.0440304749
0.5750001000 1.0441096249
0.5755001000 1.0441888749
0.5760001000 1.0442681749
0.5765001000 1.0443475749
0.5770001000 1.0444270249
0.5775001000 1.0445065749
0.5780001000 1.0445862249
0.5785001000 1.0446658749
0.5790001000 1.0447456749
0.5795001000 1.0448255249
0.5800001000 1.0449054249
0.5805001000 1.0449854249
0.5810001000 1.0450654749
0.5815001000 1.0451456249
0.5820001000 1.0452258249
0.5825001000 1.0453061249
0.5830001000 1.0453864749
0.5835001000 1.0454669249
0.5840001000 1.0455474249
0.5845001000 1.0456280249
0.5850001000 1.0457087249
0.5855001000 1.0457894249
0.5860001000 1.0458702749
0.5865001000 1.0459511249
0.5870001000 1.0460321249
0.5875001000 1.0461131749
0.5880001000 1.0461942749
0.5885001000 1.0462754749
0.5890001000 1.0463567249
0.5895001000 1.0464380749
0.5900001000 1.0465194749
0.5905001000 1.0466009749
0.5910001000 1.0466825749
0.5915001000 1.0467641749
0.5920001000 1.0468459249
0.5925001000 1.0469277249
0.5930001000 1.0470095749
0.5935001000 1.0470915249
0.5940001000 1.0471735249
0.5945001000 1.0472556249
0.5950001000 1.0473377749
0.5955001000 1.0474200249
0.5960001000 1.0475023749
0.5965001000 1.0475847749
0.5970001000 1.0476672249
0.5975001000 1.0477497749
0.5980001000 1.0478323749
0.5985001000 1.0479150749
0.5990001000 1.0479978749
0.5995001000 1.0480806749
0.6000001000 1.0481636249
0.6005001000 1.0482466249
0.6010001000 1.0483296749
0.6015001000 1.0484128249
0.6020001000 1.0484960749
0.6025001000 1.0485793249
0.6030001000 1.0486627249
0.6035001000 1.0487461749
