0.0050010000 0.0000312500
0.0100010000 0.0000312500
0.0150010000 0.0000312500
0.0200010000 0.0000937500
0.0250010000 0.0000937500
0.0300010000 0.0001562500
0.0350010000 0.0002187500
0.0400010000 0.0002812500
0.0450010000 0.0003437500
0.0500010000 0.0004062500
0.0550010000 0.0005312500
0.0600010000 0.0005937500
0.0650010000 0.0007187500
0.0700010000 0.0008437500
0.0750010000 0.0009687500
0.0800010000 0.0010937500
0.0850010000 0.0012187500
0.0900010000 0.0014062500
0.0950010000 0.0015312500
0.1000010000 0.0017187500
0.1050010000 0.0019062500
0.1100010000 0.0020937500
0.1150010000 0.0022812500
0.1200010000 0.0024687500
0.1250010000 0.0026562500
0.1300010000 0.0029062500
0.1350010000 0.0030937500
0.1400010000 0.0033437500
0.1450010000 0.0035937500
0.1500010000 0.0038437500
0.1550010000 0.0040937500
0.1600010000 0.0043437500
0.1650010000 0.0046562500
0.1700010000 0.0049062500
0.1750010000 0.0052187500
0.1800010000 0.0055312500
0.1850010000 0.0057812500
0.1900010000 0.0060937500
0.1950010000 0.0064062500
0.2000010000 0.0067812500
0.2050010000 0.0070937500
0.2100010000 0.0074062500
0.2150010000 0.0077812500
0.2200010000 0.0081562500
0.2250010000 0.0085312500
0.2300010000 0.0089062500
0.2350010000 0.0092812500
0.2400010000 0.0096562500
0.2450010000 0.0100312500
0.2500010000 0.0104062500
0.2550010000 0.0108437500
0.2600010000 0.0112187500
0.2650010000 0.0116562500
0.2700010000 0.0120937500
0.2750010000 0.0125312500
0.2800010000 0.0129687500
0.2850010000 0.0134062500
0.2900010000 0.0138437500
0.2950010000 0.0143437500
0.3000010000 0.0147812500
0.3050010000 0.0152812500
0.3100010000 0.0157187500
0.3150010000 0.0162187500
0.3200010000 0.0167187500
0.3250010000 0.0172187500
0.3300010000 0.0177187500
0.3350010000 0.0182187500
0.3400010000 0.0187187500
0.3450010000 0.0192187500
0.3500010000 0.0197812500
0.3550010000 0.0202812500
0.3600010000 0.0208437500
0.3650010000 0.0214062500
0.3700010000 0.0219062500
0.3750010000 0.0224687500
0.3800010000 0.0230312500
0.3850010000 0.0235937500
0.3900010000 0.0241562500
0.3950010000 0.0247187500
0.4000010000 0.0252812500
0.4050010000 0.0259062500
0.4100010000 0.0264687500
0.4150010000 0.0270937500
0.4200010000 0.0276562500
0.4250010000 0.0282812500
0.4300010000 0.0288437500
0.4350010000 0.0294687500
0.4400010000 0.0300937500
0.4450010000 0.0307187500
0.4500010000 0.0313437500
0.4550010000 0.0319687500
0.4600010000 0.0325937500
0.4650010000 0.0332187500
0.4700010000 0.0338437500
0.4750010000 0.0344687500
0.4800010000 0.0351562500
0.4850010000 0.0357812500
0.4900010000 0.0364062500
0.4950010000 0.0370937500
0.5000010000 0.0377187500
0.5050010000 0.0384062500
0.5100010000 0.0390937500
0.5150010000 0.0397187500
0.5200010000 0.0404062500
0.5250010000 0.0410937500
0.5300010000 0.0417812500
0.5350010000 0.0424687500
0.5400010000 0.0431562500
0.5450010000 0.0438437500
0.5500010000 0.0445312500
0.5550010000 0.0452187500
0.5600010000 0.0459062500
0.5650010000 0.0465937500
0.5700010000 0.0472812500
0.5750010000 0.0479687500
0.5800010000 0.0486562500
0.5850010000 0.0494062500
0.5900010000 0.0500937500
0.5950010000 0.0507812500
0.6000010000 0.0515312500
0.6050010000 0.0522187500
0.6100010000 0.0529687500
0.6150010000 0.0536562500
0.6200010000 0.0544062500
0.6250010000 0.0550937500
0.6300010000 0.0558437500
0.6350010000 0.0565312500
0.6400010000 0.0572812500
0.6450010000 0.0580312500
0.6500010000 0.0587187500
0.6550010000 0.0594687500
0.6600010000 0.0602187500
0.6650010000 0.0609062500
0.6700010000 0.0616562500
0.6750010000 0.0624062500
0.6800010000 0.0630937500
0.6850010000 0.0638437500
0.6900010000 0.0645937500
0.6950010000 0.0653437500
0.7000010000 0.0660937500
0.7050010000 0.0667812500
0.7100010000 0.0675312500
0.7150010000 0.0682812500
0.7200010000 0.0690312500
0.7250010000 0.0697812500
0.7300010000 0.0705312500
0.7350010000 0.0712812500
0.7400010000 0.0719687500
0.7450010000 0.0727187500
0.7500010000 0.0734687500
0.7550010000 0.0742187500
0.7600010000 0.0749687500
0.7650010000 0.0757187500
0.7700010000 0.0764687500
0.7750010000 0.0772187500
0.7800010000 0.0779062500
0.7850010000 0.0786562500
0.7900010000 0.0794062500
0.7950010000 0.0801562500
0.8000010000 0.0809062500
0.8050010000 0.0816562500
0.8100010000 0.0824062500
0.8150010000 0.0831562500
0.8200010000 0.0838437500
0.8250010000 0.0845937500
0.8300010000 0.0853437500
0.8350010000 0.0860937500
0.8400010000 0.0868437500
0.8450010000 0.0875312500
0.8500010000 0.0882812500
0.8550010000 0.0890312500
0.8600010000 0.0897812500
0.8650010000 0.0904687500
0.8700010000 0.0912187500
0.8750010000 0.0919687500
0.8800010000 0.0927187500
0.8850010000 0.0934062500
0.8900010000 0.0941562500
0.8950010000 0.0949062500
0.9000010000 0.0955937500
0.9050010000 0.0963437500
0.9100010000 0.0970312500
0.9150010000 0.0977812500
0.9200010000 0.0984687500
0.9250010000 0.0992187500
0.9300010000 0.0999062500
0.9350010000 0.1006562500
0.9400010000 0.1013437500
0.9450010000 0.1020937500
0.9500010000 0.1027812500
0.9550010000 0.1034687500
0.9600010000 0.1042187500
0.9650010000 0.1049062500
0.9700010000 0.1055937500
0.9750010000 0.1063437500
0.9800010000 0.1070312500
0.9850010000 0.1077187500
0.9900010000 0.1084062500
0.9950010000 0.1090937500
1.0000010000 0.1097812500
1.0050010000 0.1104687500
1.0100010000 0.1111562500
1.0150010000 0.1118437500
1.0200010000 0.1125312500
1.0250010000 0.1132187500
1.0300010000 0.1139062500
1.0350010000 0.1145937500
1.0400010000 0.1152812500
1.0450010000 0.1159687500
1.0500010000 0.1165937500
1.0550010000 0.1172812500
1.0600010000 0.1179687500
1.0650010000 0.1185937500
1.0700010000 0.1192812500
1.0750010000 0.1199062500
1.0800010000 0.1205937500
1.0850010000 0.1212187500
1.0900010000 0.1219062500
1.0950010000 0.1225312500
1.1000010000 0.1231562500
1.1050010000 0.1238437500
1.1100010000 0.1244687500
1.1150010000 0.1250937500
1.1200010000 0.1257187500
1.1250010000 0.1263437500
1.1300010000 0.1269687500
1.1350010000 0.1275937500
1.1400010000 0.1282187500
1.1450010000 0.1288437500
1.1500010000 0.1294687500
1.1550010000 0.1300937500
1.1600010000 0.1307187500
1.1650010000 0.1312812500
1.1700010000 0.1319062500
1.1750010000 0.1324687500
1.1800010000 0.1330937500
1.1850010000 0.1337187500
1.1900010000 0.1342812500
1.1950010000 0.1348437500
1.2000010000 0.1354687500
1.2050010000 0.1360312500
1.2100010000 0.1365937500
1.2150010000 0.1371562500
1.2200010000 0.1377187500
1.2250010000 0.1382812500
1.2300010000 0.1388437500
1.2350010000 0.1394062500
1.2400010000 0.1399687500
1.2450010000 0.1405312500
1.2500010000 0.1410937500
1.2550010000 0.1415937500
1.2600010000 0.1421562500
1.2650010000 0.1427187500
1.2700010000 0.1432187500
1.2750010000 0.1437812500
1.2800010000 0.1442812500
1.2850010000 0.1447812500
1.2900010000 0.1452812500
1.2950010000 0.1458437500
1.3000010000 0.1463437500
1.3050010000 0.1468437500
1.3100010000 0.1473437500
1.3150010000 0.1478437500
1.3200010000 0.1483437500
1.3250010000 0.1487812500
1.3300010000 0.1492812500
1.3350010000 0.1497812500
1.3400010000 0.1502187500
1.3450010000 0.1507187500
1.3500010000 0.1511562500
1.3550010000 0.1515937500
1.3600010000 0.1520937500
1.3650010000 0.1525312500
1.3700010000 0.1529687500
1.3750010000 0.1534062500
1.3800010000 0.1538437500
1.3850010000 0.1542812500
1.3900010000 0.1547187500
1.3950010000 0.1551562500
1.4000010000 0.1555312500
1.4050010000 0.1559687500
1.4100010000 0.1563437500
1.4150010000 0.1567812500
1.4200010000 0.1571562500
1.4250010000 0.1575312500
1.4300010000 0.1579687500
1.4350010000 0.1583437500
1.4400010000 0.1587187500
1.4450010000 0.1590937500
1.4500010000 0.1594687500
1.4550010000 0.1597812500
1.4600010000 0.1601562500
1.4650010000 0.1605312500
1.4700010000 0.1608437500
1.4750010000 0.1611562500
1.4800010000 0.1615312500
1.4850010000 0.1618437500
1.4900010000 0.1621562500
1.4950010000 0.1624687500
1.5000010000 0.1627812500
1.5050010000 0.1630937500
1.5100010000 0.1634062500
1.5150010000 0.1637187500
1.5200010000 0.1639687500
1.5250010000 0.1642812500
1.5300010000 0.1645312500
1.5350010000 0.1647812500
1.5400010000 0.1650937500
1.5450010000 0.1653437500
1.5500010000 0.1655937500
1.5550010000 0.1658437500
1.5600010000 0.1660312500
1.5650010000 0.1662812500
1.5700010000 0.1665312500
1.5750010000 0.1667187500
1.5800010000 0.1669687500
1.5850010000 0.1671562500
1.5900010000 0.1673437500
1.5950010000 0.1675312500
1.6000010000 0.1677187500
1.6050010000 0.1679062500
1.6100010000 0.1680937500
1.6150010000 0.1682187500
1.6200010000 0.1684062500
1.6250010000 0.1685312500
1.6300010000 0.1686562500
1.6350010000 0.1688437500
1.6400010000 0.1689687500
1.6450010000 0.1690937500
1.6500010000 0.1691562500
1.6550010000 0.1692812500
1.6600010000 0.1694062500
1.6650010000 0.1694687500
1.6700010000 0.1695312500
1.6750010000 0.1696562500
1.6800010000 0.1697187500
1.6850010000 0.1697812500
1.6900010000 0.1697812500
1.6950010000 0.1698437500
1.7000010000 0.1699062500
1.7050010000 0.1699062500
1.7100010000 0.1699062500
1.7150010000 0.1699687500
1.7200010000 0.1699687500
1.7250010000 0.1699687500
1.7300010000 0.1699062500
1.7350010000 0.1699062500
1.7400010000 0.1698437500
1.7450010000 0.1698437500
1.7500010000 0.1697812500
1.7550010000 0.1697187500
1.7600010000 0.1696562500
1.7650010000 0.1695937500
1.7700010000 0.1694687500
1.7750010000 0.1694062500
1.7800010000 0.1692812500
1.7850010000 0.1691562500
1.7900010000 0.1690312500
1.7950010000 0.1689062500
1.8000010000 0.1687187500
1.8050010000 0.1685937500
1.8100010000 0.1684062500
1.8150010000 0.1682187500
1.8200010000 0.1680312500
1.8250010000 0.1678437500
1.8300010000 0.1676562500
1.8350010000 0.1674062500
1.8400010000 0.1672187500
1.8450010000 0.1669687500
1.8500010000 0.1667187500
1.8550010000 0.1664062500
1.8600010000 0.1661562500
1.8650010000 0.1658437500
1.8700010000 0.1655312500
1.8750010000 0.1652187500
1.8800010000 0.1649062500
1.8850010000 0.1645937500
1.8900010000 0.1642187500
1.8950010000 0.1638437500
1.9000010000 0.1634687500
1.9050010000 0.1630937500
1.9100010000 0.1626562500
1.9150010000 0.1622812500
1.9200010000 0.1618437500
1.9250010000 0.1614062500
1.9300010000 0.1609062500
1.9350010000 0.1604687500
1.9400010000 0.1599687500
1.9450010000 0.1594687500
1.9500010000 0.1589687500
1.9550010000 0.1584062500
1.9600010000 0.1578437500
1.9650010000 0.1572812500
1.9700010000 0.1567187500
1.9750010000 0.1560937500
1.9800010000 0.1554687500
1.9850010000 0.1548437500
1.9900010000 0.1542187500
1.9950010000 0.1535312500
2.0000010000 0.1528437500
2.0050010000 0.1521562500
2.0100010000 0.1514062500
2.0150010000 0.1507187500
2.0200010000 0.1499062500
2.0250010000 0.1491562500
2.0300010000 0.1483437500
2.0350010000 0.1475312500
2.0400010000 0.1466562500
2.0450010000 0.1457812500
2.0500010000 0.1449062500
2.0550010000 0.1440312500
2.0600010000 0.1430937500
2.0650010000 0.1420937500
2.0700010000 0.1411562500
2.0750010000 0.1400937500
2.0800010000 0.1390937500
2.0850010000 0.1380312500
2.0900010000 0.1369062500
2.0950010000 0.1357812500
2.1000010000 0.1346562500
2.1050010000 0.1334687500
2.1100010000 0.1322812500
2.1150010000 0.1310312500
2.1200010000 0.1297812500
2.1250010000 0.1284687500
2.1300010000 0.1270937500
2.1350010000 0.1257187500
2.1400010000 0.1243437500
2.1450010000 0.1228437500
2.1500010000 0.1213437500
2.1550010000 0.1198437500
2.1600010000 0.1182812500
2.1650010000 0.1165937500
2.1700010000 0.1149687500
2.1750010000 0.1132187500
2.1800010000 0.1114062500
2.1850010000 0.1095937500
2.1900010000 0.1077187500
2.1950010000 0.1057187500
2.2000010000 0.1037187500
2.2050010000 0.1015937500
2.2100010000 0.0994687500
2.2150010000 0.0972187500
2.2200010000 0.0948437500
2.2250010000 0.0924062500
2.2300010000 0.0899062500
2.2350010000 0.0872812500
2.2400010000 0.0845312500
2.2450010000 0.0815937500
2.2500010000 0.0785937500
2.2550010000 0.0754062500
2.2600010000 0.0719687500
2.2650010000 0.0684062500
2.2700010000 0.0645312500
2.2750010000 0.0603437500
2.2800010000 0.0558437500
2.2850010000 0.0508437500
2.2900010000 0.0452187500
2.2950010000 0.0387187500
2.3000010000 0.0307812500
2.3050010000 0.0197187500
