0.0000000010 1.0000250000
0.0500000010 1.0003250000
0.1000000010 1.0012750000
0.1500000010 1.0029250000
0.2000000010 1.0052750000
0.2500000010 1.0083750000
0.3000000010 1.0123250000
0.3500000010 1.0171750000
0.4000000010 1.0229750000
0.4500000010 1.0298250000
0.5000000010 1.0378750000
0.5500000010 1.0470750000
0.6000000010 1.0576250000
0.6500000010 1.0694750000
0.7000000010 1.0827750000
0.7500000010 1.0974750000
0.8000000010 1.1136250000
0.8500000010 1.1312750000
0.9000000010 1.1502750000
0.9500000010 1.1707250000
1.0000000010 1.1924750000
1.0500000010 1.2154750000
1.1000000010 1.2396750000
1.1500000010 1.2649750000
1.2000000010 1.2913250000
1.2500000010 1.3185250000
1.3000000010 1.3464750000
1.3500000010 1.3751750000
1.4000000010 1.4044250000
1.4500000010 1.4340750000
1.5000000010 1.4641250000
1.5500000010 1.4944250000
1.6000000010 1.5247750000
1.6500000010 1.5551250000
1.7000000010 1.5853750000
1.7500000010 1.6152750000
1.8000000010 1.6447750000
1.8500000010 1.6736250000
