0.8100010000 0.0010312500
0.8150010000 0.0020937500
0.8200010000 0.0031562500
0.8250010000 0.0042187500
0.8300010000 0.0052812500
0.8350010000 0.0063437500
0.8400010000 0.0074062500
0.8450010000 0.0084687500
0.8500010000 0.0095312500
0.8550010000 0.0105312500
0.8600010000 0.0115937500
0.8650010000 0.0126562500
0.8700010000 0.0137187500
0.8750010000 0.0147812500
0.8800010000 0.0157812500
0.8850010000 0.0168437500
0.8900010000 0.0179062500
0.8950010000 0.0189062500
0.9000010000 0.0199687500
0.9050010000 0.0210312500
0.9100010000 0.0220312500
0.9150010000 0.0230937500
0.9200010000 0.0241562500
0.9250010000 0.0251562500
0.9300010000 0.0262187500
0.9350010000 0.0272187500
0.9400010000 0.0282812500
0.9450010000 0.0292812500
0.9500010000 0.0303437500
0.9550010000 0.0313437500
0.9600010000 0.0323437500
0.9650010000 0.0334062500
0.9700010000 0.0344062500
0.9750010000 0.0354687500
0.9800010000 0.0364687500
0.9850010000 0.0374687500
0.9900010000 0.0385312500
0.9950010000 0.0395312500
1.0000010000 0.0405312500
1.0050010000 0.0415312500
1.0100010000 0.0425312500
1.0150010000 0.0435937500
1.0200010000 0.0445937500
1.0250010000 0.0455937500
1.0300010000 0.0465937500
1.0350010000 0.0475937500
1.0400010000 0.0485937500
1.0450010000 0.0495937500
1.0500010000 0.0505937500
1.0550010000 0.0515937500
1.0600010000 0.0525937500
1.0650010000 0.0535937500
1.0700010000 0.0545937500
1.0750010000 0.0555937500
1.0800010000 0.0565937500
1.0850010000 0.0575312500
1.0900010000 0.0585312500
1.0950010000 0.0595312500
1.1000010000 0.0605312500
1.1050010000 0.0614687500
1.1100010000 0.0624687500
1.1150010000 0.0634687500
1.1200010000 0.0644062500
1.1250010000 0.0654062500
1.1300010000 0.0664062500
1.1350010000 0.0673437500
1.1400010000 0.0683437500
1.1450010000 0.0692812500
1.1500010000 0.0702812500
1.1550010000 0.0712187500
1.1600010000 0.0722187500
1.1650010000 0.0731562500
1.1700010000 0.0740937500
1.1750010000 0.0750937500
1.1800010000 0.0760312500
1.1850010000 0.0769687500
1.1900010000 0.0779687500
1.1950010000 0.0789062500
1.2000010000 0.0798437500
1.2050010000 0.0807812500
1.2100010000 0.0817187500
1.2150010000 0.0826562500
1.2200010000 0.0835937500
1.2250010000 0.0845937500
1.2300010000 0.0855312500
1.2350010000 0.0864687500
1.2400010000 0.0874062500
1.2450010000 0.0882812500
1.2500010000 0.0892187500
1.2550010000 0.0901562500
1.2600010000 0.0910937500
1.2650010000 0.0920312500
1.2700010000 0.0929687500
1.2750010000 0.0938437500
1.2800010000 0.0947812500
1.2850010000 0.0957187500
1.2900010000 0.0966562500
1.2950010000 0.0975312500
1.3000010000 0.0984687500
1.3050010000 0.0993437500
1.3100010000 0.1002812500
1.3150010000 0.1011562500
1.3200010000 0.1020937500
1.3250010000 0.1029687500
1.3300010000 0.1039062500
1.3350010000 0.1047812500
1.3400010000 0.1056562500
1.3450010000 0.1065937500
1.3500010000 0.1074687500
1.3550010000 0.1083437500
1.3600010000 0.1092812500
1.3650010000 0.1101562500
1.3700010000 0.1110312500
1.3750010000 0.1119062500
1.3800010000 0.1127812500
1.3850010000 0.1136562500
1.3900010000 0.1145312500
1.3950010000 0.1154062500
1.4000010000 0.1162812500
1.4050010000 0.1171562500
1.4100010000 0.1180312500
1.4150010000 0.1189062500
1.4200010000 0.1197812500
1.4250010000 0.1205937500
1.4300010000 0.1214687500
1.4350010000 0.1223437500
1.4400010000 0.1232187500
1.4450010000 0.1240312500
1.4500010000 0.1249062500
1.4550010000 0.1257812500
1.4600010000 0.1265937500
1.4650010000 0.1274687500
1.4700010000 0.1282812500
1.4750010000 0.1291562500
1.4800010000 0.1299687500
1.4850010000 0.1307812500
1.4900010000 0.1316562500
1.4950010000 0.1324687500
1.5000010000 0.1332812500
1.5050010000 0.1341562500
1.5100010000 0.1349687500
1.5150010000 0.1357812500
1.5200010000 0.1365937500
1.5250010000 0.1374062500
1.5300010000 0.1382812500
1.5350010000 0.1390937500
1.5400010000 0.1399062500
1.5450010000 0.1407187500
1.5500010000 0.1415312500
1.5550010000 0.1422812500
1.5600010000 0.1430937500
1.5650010000 0.1439062500
1.5700010000 0.1447187500
1.5750010000 0.1455312500
1.5800010000 0.1463437500
1.5850010000 0.1470937500
1.5900010000 0.1479062500
1.5950010000 0.1487187500
1.6000010000 0.1494687500
1.6050010000 0.1502812500
1.6100010000 0.1510312500
1.6150010000 0.1518437500
1.6200010000 0.1525937500
1.6250010000 0.1534062500
1.6300010000 0.1541562500
1.6350010000 0.1549062500
1.6400010000 0.1557187500
1.6450010000 0.1564687500
1.6500010000 0.1572187500
1.6550010000 0.1579687500
1.6600010000 0.1587812500
1.6650010000 0.1595312500
1.6700010000 0.1602812500
1.6750010000 0.1610312500
1.6800010000 0.1617812500
1.6850010000 0.1625312500
1.6900010000 0.1632812500
1.6950010000 0.1640312500
1.7000010000 0.1647812500
1.7050010000 0.1654687500
1.7100010000 0.1662187500
1.7150010000 0.1669687500
1.7200010000 0.1677187500
1.7250010000 0.1684062500
1.7300010000 0.1691562500
1.7350010000 0.1699062500
1.7400010000 0.1705937500
1.7450010000 0.1713437500
1.7500010000 0.1720312500
1.7550010000 0.1727812500
1.7600010000 0.1734687500
1.7650010000 0.1742187500
1.7700010000 0.1749062500
1.7750010000 0.1755937500
1.7800010000 0.1762812500
1.7850010000 0.1770312500
1.7900010000 0.1777187500
1.7950010000 0.1784062500
1.8000010000 0.1790937500
1.8050010000 0.1797812500
1.8100010000 0.1804687500
1.8150010000 0.1811562500
1.8200010000 0.1818437500
1.8250010000 0.1825312500
1.8300010000 0.1832187500
1.8350010000 0.1839062500
1.8400010000 0.1845937500
1.8450010000 0.1852812500
1.8500010000 0.1859062500
1.8550010000 0.1865937500
1.8600010000 0.1872812500
1.8650010000 0.1879062500
1.8700010000 0.1885937500
1.8750010000 0.1892187500
1.8800010000 0.1899062500
1.8850010000 0.1905312500
1.8900010000 0.1912187500
1.8950010000 0.1918437500
1.9000010000 0.1924687500
1.9050010000 0.1931562500
1.9100010000 0.1937812500
1.9150010000 0.1944062500
1.9200010000 0.1950312500
1.9250010000 0.1957187500
1.9300010000 0.1963437500
1.9350010000 0.1969687500
1.9400010000 0.1975937500
1.9450010000 0.1982187500
1.9500010000 0.1988437500
1.9550010000 0.1994687500
1.9600010000 0.2000312500
1.9650010000 0.2006562500
1.9700010000 0.2012812500
1.9750010000 0.2019062500
1.9800010000 0.2024687500
1.9850010000 0.2030937500
1.9900010000 0.2037187500
1.9950010000 0.2042812500
2.0000010000 0.2049062500
2.0050010000 0.2054687500
2.0100010000 0.2060937500
2.0150010000 0.2066562500
2.0200010000 0.2072187500
2.0250010000 0.2078437500
2.0300010000 0.2084062500
2.0350010000 0.2089687500
2.0400010000 0.2095312500
2.0450010000 0.2101562500
2.0500010000 0.2107187500
2.0550010000 0.2112812500
2.0600010000 0.2118437500
2.0650010000 0.2124062500
2.0700010000 0.2129687500
2.0750010000 0.2134687500
2.0800010000 0.2140312500
2.0850010000 0.2145937500
2.0900010000 0.2151562500
2.0950010000 0.2157187500
2.1000010000 0.2162187500
2.1050010000 0.2167812500
2.1100010000 0.2172812500
2.1150010000 0.2178437500
2.1200010000 0.2184062500
2.1250010000 0.2189062500
2.1300010000 0.2194062500
2.1350010000 0.2199687500
2.1400010000 0.2204687500
2.1450010000 0.2209687500
2.1500010000 0.2215312500
2.1550010000 0.2220312500
2.1600010000 0.2225312500
2.1650010000 0.2230312500
2.1700010000 0.2235312500
2.1750010000 0.2240312500
2.1800010000 0.2245312500
2.1850010000 0.2250312500
2.1900010000 0.2255312500
2.1950010000 0.2260312500
2.2000010000 0.2264687500
2.2050010000 0.2269687500
2.2100010000 0.2274687500
2.2150010000 0.2279062500
2.2200010000 0.2284062500
2.2250010000 0.2289062500
2.2300010000 0.2293437500
2.2350010000 0.2298437500
2.2400010000 0.2302812500
2.2450010000 0.2307187500
2.2500010000 0.2312187500
2.2550010000 0.2316562500
2.2600010000 0.2320937500
2.2650010000 0.2325312500
2.2700010000 0.2329687500
2.2750010000 0.2334062500
2.2800010000 0.2339062500
2.2850010000 0.2342812500
2.2900010000 0.2347187500
2.2950010000 0.2351562500
2.3000010000 0.2355937500
2.3050010000 0.2360312500
2.3100010000 0.2364687500
2.3150010000 0.2368437500
2.3200010000 0.2372812500
2.3250010000 0.2377187500
2.3300010000 0.2380937500
2.3350010000 0.2385312500
2.3400010000 0.2389062500
2.3450010000 0.2392812500
2.3500010000 0.2397187500
2.3550010000 0.2400937500
2.3600010000 0.2404687500
2.3650010000 0.2409062500
2.3700010000 0.2412812500
2.3750010000 0.2416562500
2.3800010000 0.2420312500
2.3850010000 0.2424062500
2.3900010000 0.2427812500
2.3950010000 0.2431562500
2.4000010000 0.2435312500
2.4050010000 0.2438437500
2.4100010000 0.2442187500
2.4150010000 0.2445937500
2.4200010000 0.2449062500
2.4250010000 0.2452812500
2.4300010000 0.2456562500
2.4350010000 0.2459687500
2.4400010000 0.2462812500
2.4450010000 0.2466562500
2.4500010000 0.2469687500
2.4550010000 0.2472812500
2.4600010000 0.2476562500
2.4650010000 0.2479687500
2.4700010000 0.2482812500
2.4750010000 0.2485937500
2.4800010000 0.2489062500
2.4850010000 0.2492187500
2.4900010000 0.2495312500
2.4950010000 0.2498437500
2.5000010000 0.2501562500
2.5050010000 0.2504062500
2.5100010000 0.2507187500
2.5150010000 0.2510312500
2.5200010000 0.2512812500
2.5250010000 0.2515937500
2.5300010000 0.2518437500
2.5350010000 0.2521562500
2.5400010000 0.2524062500
2.5450010000 0.2526562500
2.5500010000 0.2529062500
2.5550010000 0.2532187500
2.5600010000 0.2534687500
2.5650010000 0.2537187500
2.5700010000 0.2539687500
2.5750010000 0.2542187500
2.5800010000 0.2544687500
2.5850010000 0.2547187500
2.5900010000 0.2549062500
2.5950010000 0.2551562500
2.6000010000 0.2554062500
2.6050010000 0.2555937500
2.6100010000 0.2558437500
2.6150010000 0.2560312500
2.6200010000 0.2562812500
2.6250010000 0.2564687500
2.6300010000 0.2567187500
2.6350010000 0.2569062500
2.6400010000 0.2570937500
2.6450010000 0.2572812500
2.6500010000 0.2574687500
2.6550010000 0.2576562500
2.6600010000 0.2578437500
2.6650010000 0.2580312500
2.6700010000 0.2582187500
2.6750010000 0.2584062500
2.6800010000 0.2585937500
2.6850010000 0.2587187500
2.6900010000 0.2589062500
2.6950010000 0.2590312500
2.7000010000 0.2592187500
2.7050010000 0.2593437500
2.7100010000 0.2595312500
2.7150010000 0.2596562500
2.7200010000 0.2597812500
2.7250010000 0.2599062500
2.7300010000 0.2600312500
2.7350010000 0.2601562500
2.7400010000 0.2602812500
2.7450010000 0.2604062500
2.7500010000 0.2605312500
2.7550010000 0.2606562500
2.7600010000 0.2607812500
2.7650010000 0.2608437500
2.7700010000 0.2609687500
2.7750010000 0.2610312500
2.7800010000 0.2611562500
2.7850010000 0.2612187500
2.7900010000 0.2612812500
2.7950010000 0.2614062500
2.8000010000 0.2614687500
2.8050010000 0.2615312500
2.8100010000 0.2615937500
2.8150010000 0.2616562500
2.8200010000 0.2617187500
2.8250010000 0.2617812500
2.8300010000 0.2618437500
2.8350010000 0.2618437500
2.8400010000 0.2619062500
2.8450010000 0.2619062500
2.8500010000 0.2619687500
2.8550010000 0.2619687500
2.8600010000 0.2620312500
2.8650010000 0.2620312500
2.8700010000 0.2620312500
2.8750010000 0.2620312500
2.8800010000 0.2620937500
2.8850010000 0.2620937500
2.8900010000 0.2620312500
2.8950010000 0.2620312500
2.9000010000 0.2620312500
2.9050010000 0.2620312500
2.9100010000 0.2619687500
2.9150010000 0.2619687500
2.9200010000 0.2619687500
2.9250010000 0.2619062500
2.9300010000 0.2618437500
2.9350010000 0.2618437500
2.9400010000 0.2617812500
2.9450010000 0.2617187500
2.9500010000 0.2616562500
2.9550010000 0.2615937500
2.9600010000 0.2615312500
2.9650010000 0.2614687500
2.9700010000 0.2613437500
2.9750010000 0.2612812500
2.9800010000 0.2612187500
2.9850010000 0.2610937500
2.9900010000 0.2609687500
2.9950010000 0.2609062500
3.0000010000 0.2607812500
3.0050010000 0.2606562500
3.0100010000 0.2605312500
3.0150010000 0.2604062500
3.0200010000 0.2602812500
3.0250010000 0.2601562500
3.0300010000 0.2600312500
3.0350010000 0.2599062500
3.0400010000 0.2597187500
3.0450010000 0.2595937500
3.0500010000 0.2594062500
3.0550010000 0.2592812500
3.0600010000 0.2590937500
3.0650010000 0.2589062500
3.0700010000 0.2587187500
3.0750010000 0.2585312500
3.0800010000 0.2583437500
3.0850010000 0.2581562500
3.0900010000 0.2579687500
3.0950010000 0.2577187500
3.1000010000 0.2575312500
3.1050010000 0.2573437500
3.1100010000 0.2570937500
3.1150010000 0.2568437500
3.1200010000 0.2565937500
3.1250010000 0.2564062500
3.1300010000 0.2561562500
3.1350010000 0.2559062500
3.1400010000 0.2556562500
3.1450010000 0.2553437500
3.1500010000 0.2550937500
3.1550010000 0.2548437500
3.1600010000 0.2545312500
3.1650010000 0.2542187500
3.1700010000 0.2539687500
3.1750010000 0.2536562500
3.1800010000 0.2533437500
3.1850010000 0.2530312500
3.1900010000 0.2527187500
3.1950010000 0.2524062500
3.2000010000 0.2520937500
3.2050010000 0.2517187500
3.2100010000 0.2514062500
3.2150010000 0.2510312500
3.2200010000 0.2506562500
3.2250010000 0.2503437500
3.2300010000 0.2499687500
3.2350010000 0.2495937500
3.2400010000 0.2492187500
3.2450010000 0.2487812500
3.2500010000 0.2484062500
3.2550010000 0.2480312500
3.2600010000 0.2475937500
3.2650010000 0.2472187500
3.2700010000 0.2467812500
3.2750010000 0.2463437500
3.2800010000 0.2459062500
3.2850010000 0.2454687500
3.2900010000 0.2450312500
3.2950010000 0.2445937500
3.3000010000 0.2440937500
3.3050010000 0.2436562500
3.3100010000 0.2431562500
3.3150010000 0.2426562500
3.3200010000 0.2422187500
3.3250010000 0.2417187500
3.3300010000 0.2412187500
3.3350010000 0.2406562500
3.3400010000 0.2401562500
3.3450010000 0.2396562500
3.3500010000 0.2390937500
3.3550010000 0.2385312500
3.3600010000 0.2380312500
3.3650010000 0.2374687500
3.3700010000 0.2369062500
3.3750010000 0.2362812500
3.3800010000 0.2357187500
3.3850010000 0.2351562500
3.3900010000 0.2345312500
3.3950010000 0.2339687500
3.4000010000 0.2333437500
3.4050010000 0.2327187500
3.4100010000 0.2320937500
3.4150010000 0.2314062500
3.4200010000 0.2307812500
3.4250010000 0.2301562500
3.4300010000 0.2294687500
3.4350010000 0.2287812500
3.4400010000 0.2280937500
3.4450010000 0.2274062500
3.4500010000 0.2267187500
3.4550010000 0.2260312500
3.4600010000 0.2252812500
3.4650010000 0.2245937500
3.4700010000 0.2238437500
3.4750010000 0.2230937500
3.4800010000 0.2223437500
3.4850010000 0.2215937500
3.4900010000 0.2207812500
3.4950010000 0.2200312500
3.5000010000 0.2192187500
3.5050010000 0.2184062500
3.5100010000 0.2175937500
3.5150010000 0.2167812500
3.5200010000 0.2159687500
3.5250010000 0.2150937500
3.5300010000 0.2142812500
3.5350010000 0.2134062500
3.5400010000 0.2125312500
3.5450010000 0.2116562500
3.5500010000 0.2107812500
3.5550010000 0.2098437500
3.5600010000 0.2089062500
3.5650010000 0.2079687500
3.5700010000 0.2070312500
3.5750010000 0.2060937500
3.5800010000 0.2051562500
3.5850010000 0.2041562500
3.5900010000 0.2031562500
3.5950010000 0.2021562500
3.6000010000 0.2011562500
3.6050010000 0.2001562500
3.6100010000 0.1990937500
3.6150010000 0.1980312500
3.6200010000 0.1969687500
3.6250010000 0.1959062500
3.6300010000 0.1948437500
3.6350010000 0.1937187500
3.6400010000 0.1925937500
3.6450010000 0.1914687500
3.6500010000 0.1903437500
3.6550010000 0.1891562500
3.6600010000 0.1879687500
3.6650010000 0.1867812500
3.6700010000 0.1855937500
3.6750010000 0.1844062500
3.6800010000 0.1831562500
3.6850010000 0.1819062500
3.6900010000 0.1806562500
3.6950010000 0.1793437500
3.7000010000 0.1780312500
3.7050010000 0.1767187500
3.7100010000 0.1754062500
3.7150010000 0.1740312500
3.7200010000 0.1726562500
3.7250010000 0.1712812500
3.7300010000 0.1698437500
3.7350010000 0.1684687500
3.7400010000 0.1670312500
3.7450010000 0.1655312500
3.7500010000 0.1640312500
3.7550010000 0.1625312500
3.7600010000 0.1610312500
3.7650010000 0.1594687500
3.7700010000 0.1579062500
3.7750010000 0.1562812500
3.7800010000 0.1546562500
3.7850010000 0.1530312500
3.7900010000 0.1513437500
3.7950010000 0.1496562500
3.8000010000 0.1479687500
3.8050010000 0.1462187500
3.8100010000 0.1444062500
3.8150010000 0.1425937500
3.8200010000 0.1407812500
3.8250010000 0.1389062500
3.8300010000 0.1370312500
3.8350010000 0.1350937500
3.8400010000 0.1330937500
3.8450010000 0.1310937500
3.8500010000 0.1290937500
3.8550010000 0.1269687500
3.8600010000 0.1249062500
3.8650010000 0.1227187500
3.8700010000 0.1205312500
3.8750010000 0.1182812500
3.8800010000 0.1159687500
3.8850010000 0.1136562500
3.8900010000 0.1112187500
3.8950010000 0.1087812500
3.9000010000 0.1062187500
3.9050010000 0.1036562500
3.9100010000 0.1010312500
3.9150010000 0.0982812500
3.9200010000 0.0954687500
3.9250010000 0.0925937500
3.9300010000 0.0895937500
3.9350010000 0.0865312500
3.9400010000 0.0832812500
3.9450010000 0.0799687500
3.9500010000 0.0764687500
3.9550010000 0.0728437500
3.9600010000 0.0690312500
3.9650010000 0.0650312500
3.9700010000 0.0607187500
3.9750010000 0.0560937500
3.9800010000 0.0511562500
3.9850010000 0.0455937500
3.9900010000 0.0393437500
3.9950010000 0.0319062500
4.0000010000 0.0222187500
