0.8060000000 0.0002062492
0.8070000000 0.0004186134
0.8080000000 0.0006309395
0.8090000000 0.0008432198
0.8100000000 0.0010554543
0.8110000000 0.0012676506
0.8120000000 0.0014798012
0.8130000000 0.0016919136
0.8140000000 0.0019039803
0.8150000000 0.0021160011
0.8160000000 0.0023279839
0.8170000000 0.0025399208
0.8180000000 0.0027518196
0.8190000000 0.0029636726
0.8200000000 0.0031754799
0.8210000000 0.0033872490
0.8220000000 0.0035989723
0.8230000000 0.0038106499
0.8240000000 0.0040222893
0.8250000000 0.0042338829
0.8260000000 0.0044454308
0.8270000000 0.0046569405
0.8280000000 0.0048684044
0.8290000000 0.0050798225
0.8300000000 0.0052912025
0.8310000000 0.0055025368
0.8320000000 0.0057138252
0.8330000000 0.0059250679
0.8340000000 0.0061362724
0.8350000000 0.0063474312
0.8360000000 0.0065585442
0.8370000000 0.0067696114
0.8380000000 0.0069806404
0.8390000000 0.0071916237
0.8400000000 0.0074025612
0.8410000000 0.0076134529
0.8420000000 0.0078242989
0.8430000000 0.0080351067
0.8440000000 0.0082458687
0.8450000000 0.0084565849
0.8460000000 0.0086672554
0.8470000000 0.0088778877
0.8480000000 0.0090884666
0.8490000000 0.0092990074
0.8500000000 0.0095095024
0.8510000000 0.0097199440
0.8520000000 0.0099303474
0.8530000000 0.0101407127
0.8540000000 0.0103510246
0.8550000000 0.0105612907
0.8560000000 0.0107715187
0.8570000000 0.0109816933
0.8580000000 0.0111918221
0.8590000000 0.0114019127
0.8600000000 0.0116119576
0.8610000000 0.0118219490
0.8620000000 0.0120319023
0.8630000000 0.0122418098
0.8640000000 0.0124516640
0.8650000000 0.0126614799
0.8660000000 0.0128712502
0.8670000000 0.0130809669
0.8680000000 0.0132906456
0.8690000000 0.0135002708
0.8700000000 0.0137098579
0.8710000000 0.0139193916
0.8720000000 0.0141288872
0.8730000000 0.0143383293
0.8740000000 0.0145477257
0.8750000000 0.0147570763
0.8760000000 0.0149663811
0.8770000000 0.0151756401
0.8780000000 0.0153848534
0.8790000000 0.0155940132
0.8800000000 0.0158031273
0.8810000000 0.0160122032
0.8820000000 0.0162212257
0.8830000000 0.0164302025
0.8840000000 0.0166391258
0.8850000000 0.0168480110
0.8860000000 0.0170568428
0.8870000000 0.0172656288
0.8880000000 0.0174743690
0.8890000000 0.0176830559
0.8900000000 0.0178916969
0.8910000000 0.0181002922
0.8920000000 0.0183088417
0.8930000000 0.0185173378
0.8940000000 0.0187257881
0.8950000000 0.0189341927
0.8960000000 0.0191425514
0.8970000000 0.0193508568
0.8980000000 0.0195591087
0.8990000000 0.0197673225
0.9000000000 0.0199754829
0.9010000000 0.0201835899
0.9020000000 0.0203916588
0.9030000000 0.0205996666
0.9040000000 0.0208076363
0.9050000000 0.0210155525
0.9060000000 0.0212234154
0.9070000000 0.0214312401
0.9080000000 0.0216390038
0.9090000000 0.0218467216
0.9100000000 0.0220543938
0.9110000000 0.0222620125
0.9120000000 0.0224695854
0.9130000000 0.0226771049
0.9140000000 0.0228845787
0.9150000000 0.0230919991
0.9160000000 0.0232993736
0.9170000000 0.0235066948
0.9180000000 0.0237139626
0.9190000000 0.0239211845
0.9200000000 0.0241283531
0.9210000000 0.0243354759
0.9220000000 0.0245425453
0.9230000000 0.0247495613
0.9240000000 0.0249565315
0.9250000000 0.0251634483
0.9260000000 0.0253703194
0.9270000000 0.0255771294
0.9280000000 0.0257839012
0.9290000000 0.0259906120
0.9300000000 0.0261972771
0.9310000000 0.0264038887
0.9320000000 0.0266104469
0.9330000000 0.0268169518
0.9340000000 0.0270234108
0.9350000000 0.0272298164
0.9360000000 0.0274361687
0.9370000000 0.0276424751
0.9380000000 0.0278487206
0.9390000000 0.0280549202
0.9400000000 0.0282610664
0.9410000000 0.0284671593
0.9420000000 0.0286732063
0.9430000000 0.0288791924
0.9440000000 0.0290851326
0.9450000000 0.0292910118
0.9460000000 0.0294968452
0.9470000000 0.0297026253
0.9480000000 0.0299083519
0.9490000000 0.0301140251
0.9500000000 0.0303196449
0.9510000000 0.0305252113
0.9520000000 0.0307307320
0.9530000000 0.0309361916
0.9540000000 0.0311415977
0.9550000000 0.0313469505
0.9560000000 0.0315522499
0.9570000000 0.0317575035
0.9580000000 0.0319626961
0.9590000000 0.0321678352
0.9600000000 0.0323729210
0.9610000000 0.0325779533
0.9620000000 0.0327829323
0.9630000000 0.0329878578
0.9640000000 0.0331927299
0.9650000000 0.0333975410
0.9660000000 0.0336023064
0.9670000000 0.0338070107
0.9680000000 0.0340116615
0.9690000000 0.0342162590
0.9700000000 0.0344208031
0.9710000000 0.0346252937
0.9720000000 0.0348297310
0.9730000000 0.0350341072
0.9740000000 0.0352384300
0.9750000000 0.0354426994
0.9760000000 0.0356469154
0.9770000000 0.0358510704
0.9780000000 0.0360551720
0.9790000000 0.0362592201
0.9800000000 0.0364632149
0.9810000000 0.0366671486
0.9820000000 0.0368710289
0.9830000000 0.0370748482
0.9840000000 0.0372786217
0.9850000000 0.0374823341
0.9860000000 0.0376859856
0.9870000000 0.0378895912
0.9880000000 0.0380931282
0.9890000000 0.0382966194
0.9900000000 0.0385000496
0.9910000000 0.0387034264
0.9920000000 0.0389067421
0.9930000000 0.0391100044
0.9940000000 0.0393132057
0.9950000000 0.0395163536
0.9960000000 0.0397194405
0.9970000000 0.0399224739
0.9980000000 0.0401254539
0.9990000000 0.0403283730
1.0000000000 0.0405312309
1.0010000000 0.0407340355
1.0020000000 0.0409367867
1.0030000000 0.0411394768
1.0040000000 0.0413421059
1.0050000000 0.0415446815
1.0060000000 0.0417471962
1.0070000000 0.0419496498
1.0080000000 0.0421520500
1.0090000000 0.0423543968
1.0100000000 0.0425566750
1.0110000000 0.0427588997
1.0120000000 0.0429610710
1.0130000000 0.0431631737
1.0140000000 0.0433652306
1.0150000000 0.0435672188
1.0160000000 0.0437691536
1.0170000000 0.0439710274
1.0180000000 0.0441728401
1.0190000000 0.0443745995
1.0200000000 0.0445762901
1.0210000000 0.0447779350
1.0220000000 0.0449795113
1.0230000000 0.0451810265
1.0240000000 0.0453824883
1.0250000000 0.0455838890
1.0260000000 0.0457852287
1.0270000000 0.0459865150
1.0280000000 0.0461877327
1.0290000000 0.0463888969
1.0300000000 0.0465900002
1.0310000000 0.0467910423
1.0320000000 0.0469920235
1.0330000000 0.0471929436
1.0340000000 0.0473938103
1.0350000000 0.0475946083
1.0360000000 0.0477953529
1.0370000000 0.0479960289
1.0380000000 0.0481966515
1.0390000000 0.0483972130
1.0400000000 0.0485977135
1.0410000000 0.0487981529
1.0420000000 0.0489985237
1.0430000000 0.0491988411
1.0440000000 0.0493990974
1.0450000000 0.0495992928
1.0460000000 0.0497994270
1.0470000000 0.0499995003
1.0480000000 0.0501995125
1.0490000000 0.0503994560
1.0500000000 0.0505993462
1.0510000000 0.0507991753
1.0520000000 0.0509989357
1.0530000000 0.0511986427
1.0540000000 0.0513982811
1.0550000000 0.0515978584
1.0560000000 0.0517973747
1.0570000000 0.0519968300
1.0580000000 0.0521962242
1.0590000000 0.0523955574
1.0600000000 0.0525948219
1.0610000000 0.0527940254
1.0620000000 0.0529931755
1.0630000000 0.0531922493
1.0640000000 0.0533912697
1.0650000000 0.0535902290
1.0660000000 0.0537891197
1.0670000000 0.0539879494
1.0680000000 0.0541867180
1.0690000000 0.0543854179
1.0700000000 0.0545840645
1.0710000000 0.0547826424
1.0720000000 0.0549811516
1.0730000000 0.0551796074
1.0740000000 0.0553779945
1.0750000000 0.0555763206
1.0760000000 0.0557745781
1.0770000000 0.0559727745
1.0780000000 0.0561709099
1.0790000000 0.0563689766
1.0800000000 0.0565669823
1.0810000000 0.0567649269
1.0820000000 0.0569628029
1.0830000000 0.0571606178
1.0840000000 0.0573583717
1.0850000000 0.0575560570
1.0860000000 0.0577536736
1.0870000000 0.0579512291
1.0880000000 0.0581487236
1.0890000000 0.0583461494
1.0900000000 0.0585435143
1.0910000000 0.0587408104
1.0920000000 0.0589380455
1.0930000000 0.0591352119
1.0940000000 0.0593323174
1.0950000000 0.0595293617
1.0960000000 0.0597263298
1.0970000000 0.0599232445
1.0980000000 0.0601200829
1.0990000000 0.0603168602
1.1000000000 0.0605135765
1.1010000000 0.0607102242
1.1020000000 0.0609068031
1.1030000000 0.0611033211
1.1040000000 0.0612997704
1.1050000000 0.0614961586
1.1060000000 0.0616924782
1.1070000000 0.0618887291
1.1080000000 0.0620849190
1.1090000000 0.0622810402
1.1100000000 0.0624770927
1.1110000000 0.0626730843
1.1120000000 0.0628690071
1.1130000000 0.0630648613
1.1140000000 0.0632606544
1.1150000000 0.0634563789
1.1160000000 0.0636520348
1.1170000000 0.0638476219
1.1180000000 0.0640431480
1.1190000000 0.0642386055
1.1200000000 0.0644339943
1.1210000000 0.0646293221
1.1220000000 0.0648245811
1.1230000000 0.0650197639
1.1240000000 0.0652148933
1.1250000000 0.0654099464
1.1260000000 0.0656049309
1.1270000000 0.0657998543
1.1280000000 0.0659947090
1.1290000000 0.0661894951
1.1300000000 0.0663842125
1.1310000000 0.0665788612
1.1320000000 0.0667734489
1.1330000000 0.0669679680
1.1340000000 0.0671624107
1.1350000000 0.0673567924
1.1360000000 0.0675511055
1.1370000000 0.0677453499
1.1380000000 0.0679395256
1.1390000000 0.0681336327
1.1400000000 0.0683276711
1.1410000000 0.0685216484
1.1420000000 0.0687155495
1.1430000000 0.0689093819
1.1440000000 0.0691031532
1.1450000000 0.0692968483
1.1460000000 0.0694904747
1.1470000000 0.0696840401
1.1480000000 0.0698775291
1.1490000000 0.0700709572
1.1500000000 0.0702643089
1.1510000000 0.0704575920
1.1520000000 0.0706508141
1.1530000000 0.0708439598
1.1540000000 0.0710370369
1.1550000000 0.0712300453
1.1560000000 0.0714229851
1.1570000000 0.0716158562
1.1580000000 0.0718086586
1.1590000000 0.0720013924
1.1600000000 0.0721940575
1.1610000000 0.0723866463
1.1620000000 0.0725791664
1.1630000000 0.0727716255
1.1640000000 0.0729640083
1.1650000000 0.0731563225
1.1660000000 0.0733485680
1.1670000000 0.0735407372
1.1680000000 0.0737328453
1.1690000000 0.0739248772
1.1700000000 0.0741168404
1.1710000000 0.0743087349
1.1720000000 0.0745005608
1.1730000000 0.0746923103
1.1740000000 0.0748839912
1.1750000000 0.0750756035
1.1760000000 0.0752671471
1.1770000000 0.0754586220
1.1780000000 0.0756500206
1.1790000000 0.0758413506
1.1800000000 0.0760326118
1.1810000000 0.0762237968
1.1820000000 0.0764149132
1.1830000000 0.0766059608
1.1840000000 0.0767969398
1.1850000000 0.0769878426
1.1860000000 0.0771786766
1.1870000000 0.0773694344
1.1880000000 0.0775601234
1.1890000000 0.0777507439
1.1900000000 0.0779412956
1.1910000000 0.0781317711
1.1920000000 0.0783221779
1.1930000000 0.0785125084
1.1940000000 0.0787027702
1.1950000000 0.0788929634
1.1960000000 0.0790830803
1.1970000000 0.0792731285
1.1980000000 0.0794631004
1.1990000000 0.0796530037
1.2000000000 0.0798428307
1.2010000000 0.0800325890
1.2020000000 0.0802222786
1.2030000000 0.0804118919
1.2040000000 0.0806014366
1.2050000000 0.0807909050
1.2060000000 0.0809803047
1.2070000000 0.0811696281
1.2080000000 0.0813588829
1.2090000000 0.0815480614
1.2100000000 0.0817371712
1.2110000000 0.0819262047
1.2120000000 0.0821151695
1.2130000000 0.0823040581
1.2140000000 0.0824928780
1.2150000000 0.0826816216
1.2160000000 0.0828702888
1.2170000000 0.0830588875
1.2180000000 0.0832474098
1.2190000000 0.0834358635
1.2200000000 0.0836242409
1.2210000000 0.0838125496
1.2220000000 0.0840007820
1.2230000000 0.0841889381
1.2240000000 0.0843770256
1.2250000000 0.0845650368
1.2260000000 0.0847529793
1.2270000000 0.0849408455
1.2280000000 0.0851286354
1.2290000000 0.0853163567
1.2300000000 0.0855040016
1.2310000000 0.0856915703
1.2320000000 0.0858790627
1.2330000000 0.0860664864
1.2340000000 0.0862538414
1.2350000000 0.0864411125
1.2360000000 0.0866283150
1.2370000000 0.0868154411
1.2380000000 0.0870024910
1.2390000000 0.0871894722
1.2400000000 0.0873763771
1.2410000000 0.0875632057
1.2420000000 0.0877499657
1.2430000000 0.0879366417
1.2440000000 0.0881232491
1.2450000000 0.0883097878
1.2460000000 0.0884962425
1.2470000000 0.0886826286
1.2480000000 0.0888689308
1.2490000000 0.0890551643
1.2500000000 0.0892413292
1.2510000000 0.0894274101
1.2520000000 0.0896134224
1.2530000000 0.0897993507
1.2540000000 0.0899852104
1.2550000000 0.0901710014
1.2560000000 0.0903567085
1.2570000000 0.0905423393
1.2580000000 0.0907279015
1.2590000000 0.0909133797
1.2600000000 0.0910987892
1.2610000000 0.0912841225
1.2620000000 0.0914693794
1.2630000000 0.0916545677
1.2640000000 0.0918396721
1.2650000000 0.0920247002
1.2660000000 0.0922096596
1.2670000000 0.0923945351
1.2680000000 0.0925793419
1.2690000000 0.0927640648
1.2700000000 0.0929487190
1.2710000000 0.0931332970
1.2720000000 0.0933177986
1.2730000000 0.0935022240
1.2740000000 0.0936865730
1.2750000000 0.0938708458
1.2760000000 0.0940550423
1.2770000000 0.0942391624
1.2780000000 0.0944232063
1.2790000000 0.0946071739
1.2800000000 0.0947910652
1.2810000000 0.0949748802
1.2820000000 0.0951586189
1.2830000000 0.0953422813
1.2840000000 0.0955258598
1.2850000000 0.0957093697
1.2860000000 0.0958928032
1.2870000000 0.0960761604
1.2880000000 0.0962594414
1.2890000000 0.0964426384
1.2900000000 0.0966257668
1.2910000000 0.0968088188
1.2920000000 0.0969917870
1.2930000000 0.0971746788
1.2940000000 0.0973575020
1.2950000000 0.0975402412
1.2960000000 0.0977229042
1.2970000000 0.0979054909
1.2980000000 0.0980880013
1.2990000000 0.0982704277
1.3000000000 0.0984527855
1.3010000000 0.0986350594
1.3020000000 0.0988172646
1.3030000000 0.0989993858
1.3040000000 0.0991814308
1.3050000000 0.0993633919
1.3060000000 0.0995452843
1.3070000000 0.0997271004
1.3080000000 0.0999088326
1.3090000000 0.1000904884
1.3100000000 0.1002720680
1.3110000000 0.1004535713
1.3120000000 0.1006349907
1.3130000000 0.1008163338
1.3140000000 0.1009976006
1.3150000000 0.1011787910
1.3160000000 0.1013599052
1.3170000000 0.1015409355
1.3180000000 0.1017218895
1.3190000000 0.1019027672
1.3200000000 0.1020835686
1.3210000000 0.1022642860
1.3220000000 0.1024449272
1.3230000000 0.1026254921
1.3240000000 0.1028059807
1.3250000000 0.1029863853
1.3260000000 0.1031667137
1.3270000000 0.1033469658
1.3280000000 0.1035271339
1.3290000000 0.1037072258
1.3300000000 0.1038872414
1.3310000000 0.1040671730
1.3320000000 0.1042470284
1.3330000000 0.1044268074
1.3340000000 0.1046065102
1.3350000000 0.1047861290
1.3360000000 0.1049656639
1.3370000000 0.1051451302
1.3380000000 0.1053245125
1.3390000000 0.1055038109
1.3400000000 0.1056830406
1.3410000000 0.1058621864
1.3420000000 0.1060412483
1.3430000000 0.1062202339
1.3440000000 0.1063991432
1.3450000000 0.1065779686
1.3460000000 0.1067567177
1.3470000000 0.1069353905
1.3480000000 0.1071139793
1.3490000000 0.1072924843
1.3500000000 0.1074709206
1.3510000000 0.1076492653
1.3520000000 0.1078275414
1.3530000000 0.1080057335
1.3540000000 0.1081838417
1.3550000000 0.1083618736
1.3560000000 0.1085398293
1.3570000000 0.1087177010
1.3580000000 0.1088954887
1.3590000000 0.1090732002
1.3600000000 0.1092508354
1.3610000000 0.1094283867
1.3620000000 0.1096058617
1.3630000000 0.1097832527
1.3640000000 0.1099605598
1.3650000000 0.1101377907
1.3660000000 0.1103149452
1.3670000000 0.1104920158
1.3680000000 0.1106690102
1.3690000000 0.1108459206
1.3700000000 0.1110227470
1.3710000000 0.1111994972
1.3720000000 0.1113761635
1.3730000000 0.1115527534
1.3740000000 0.1117292595
1.3750000000 0.1119056892
1.3760000000 0.1120820351
1.3770000000 0.1122582970
1.3780000000 0.1124344826
1.3790000000 0.1126105919
1.3800000000 0.1127866096
1.3810000000 0.1129625511
1.3820000000 0.1131384163
1.3830000000 0.1133141975
1.3840000000 0.1134898949
1.3850000000 0.1136655159
1.3860000000 0.1138410530
1.3870000000 0.1140165062
1.3880000000 0.1141918831
1.3890000000 0.1143671761
1.3900000000 0.1145423851
1.3910000000 0.1147175179
1.3920000000 0.1148925667
1.3930000000 0.1150675392
1.3940000000 0.1152424202
1.3950000000 0.1154172249
1.3960000000 0.1155919533
1.3970000000 0.1157665977
1.3980000000 0.1159411583
1.3990000000 0.1161156349
1.4000000000 0.1162900352
1.4010000000 0.1164643440
1.4020000000 0.1166385841
1.4030000000 0.1168127327
1.4040000000 0.1169868050
1.4050000000 0.1171607933
1.4060000000 0.1173346977
1.4070000000 0.1175085258
1.4080000000 0.1176822701
1.4090000000 0.1178559303
1.4100000000 0.1180295067
1.4110000000 0.1182029991
1.4120000000 0.1183764153
1.4130000000 0.1185497475
1.4140000000 0.1187229958
1.4150000000 0.1188961678
1.4160000000 0.1190692482
1.4170000000 0.1192422523
1.4180000000 0.1194151726
1.4190000000 0.1195880165
1.4200000000 0.1197607689
1.4210000000 0.1199334450
1.4220000000 0.1201060371
1.4230000000 0.1202785454
1.4240000000 0.1204509697
1.4250000000 0.1206233101
1.4260000000 0.1207955742
1.4270000000 0.1209677467
1.4280000000 0.1211398430
1.4290000000 0.1213118553
1.4300000000 0.1214837837
1.4310000000 0.1216556282
1.4320000000 0.1218273964
1.4330000000 0.1219990730
1.4340000000 0.1221706734
1.4350000000 0.1223421822
1.4360000000 0.1225136147
1.4370000000 0.1226849632
1.4380000000 0.1228562279
1.4390000000 0.1230274086
1.4400000000 0.1231985130
1.4410000000 0.1233695259
1.4420000000 0.1235404549
1.4430000000 0.1237113075
1.4440000000 0.1238820686
1.4450000000 0.1240527534
1.4460000000 0.1242233543
1.4470000000 0.1243938637
1.4480000000 0.1245642967
1.4490000000 0.1247346458
1.4500000000 0.1249049110
1.4510000000 0.1250750923
1.4520000000 0.1252451897
1.4530000000 0.1254152031
1.4540000000 0.1255851326
1.4550000000 0.1257549782
1.4560000000 0.1259247398
1.4570000000 0.1260944176
1.4580000000 0.1262640114
1.4590000000 0.1264335213
1.4600000000 0.1266029472
1.4610000000 0.1267722893
1.4620000000 0.1269415474
1.4630000000 0.1271107216
1.4640000000 0.1272798119
1.4650000000 0.1274488106
1.4660000000 0.1276177330
1.4670000000 0.1277865715
1.4680000000 0.1279553261
1.4690000000 0.1281239967
1.4700000000 0.1282925758
1.4710000000 0.1284610786
1.4720000000 0.1286294899
1.4730000000 0.1287978249
1.4740000000 0.1289660683
1.4750000000 0.1291342354
1.4760000000 0.1293023109
1.4770000000 0.1294703026
1.4780000000 0.1296382103
1.4790000000 0.1298060341
1.4800000000 0.1299737740
1.4810000000 0.1301414299
1.4820000000 0.1303089943
1.4830000000 0.1304764824
1.4840000000 0.1306438789
1.4850000000 0.1308111916
1.4860000000 0.1309784203
1.4870000000 0.1311455650
1.4880000000 0.1313126259
1.4890000000 0.1314796028
1.4900000000 0.1316464958
1.4910000000 0.1318132973
1.4920000000 0.1319800148
1.4930000000 0.1321466484
1.4940000000 0.1323131981
1.4950000000 0.1324796638
1.4960000000 0.1326460381
1.4970000000 0.1328123360
1.4980000000 0.1329785423
1.4990000000 0.1331446648
1.5000000000 0.1333107033
1.5010000000 0.1334766502
1.5020000000 0.1336425209
1.5030000000 0.1338083000
1.5040000000 0.1339739952
1.5050000000 0.1341395988
1.5060000000 0.1343051262
1.5070000000 0.1344705620
1.5080000000 0.1346359138
1.5090000000 0.1348011818
1.5100000000 0.1349663582
1.5110000000 0.1351314583
1.5120000000 0.1352964668
1.5130000000 0.1354613838
1.5140000000 0.1356262245
1.5150000000 0.1357909737
1.5160000000 0.1359556389
1.5170000000 0.1361202202
1.5180000000 0.1362847099
1.5190000000 0.1364491158
1.5200000000 0.1366134377
1.5210000000 0.1367776680
1.5220000000 0.1369418221
1.5230000000 0.1371058846
1.5240000000 0.1372698555
1.5250000000 0.1374337425
1.5260000000 0.1375975456
1.5270000000 0.1377612648
1.5280000000 0.1379248924
1.5290000000 0.1380884361
1.5300000000 0.1382518959
1.5310000000 0.1384152641
1.5320000000 0.1385785484
1.5330000000 0.1387417488
1.5340000000 0.1389048576
1.5350000000 0.1390678825
1.5360000000 0.1392308159
1.5370000000 0.1393936729
1.5380000000 0.1395564308
1.5390000000 0.1397191124
1.5400000000 0.1398817024
1.5410000000 0.1400442009
1.5420000000 0.1402066231
1.5430000000 0.1403689461
1.5440000000 0.1405311928
1.5450000000 0.1406933479
1.5460000000 0.1408554115
1.5470000000 0.1410173988
1.5480000000 0.1411792870
1.5490000000 0.1413410988
1.5500000000 0.1415028191
1.5510000000 0.1416644478
1.5520000000 0.1418259926
1.5530000000 0.1419874535
1.5540000000 0.1421488228
1.5550000000 0.1423101006
1.5560000000 0.1424713020
1.5570000000 0.1426324043
1.5580000000 0.1427934303
1.5590000000 0.1429543648
1.5600000000 0.1431152077
1.5610000000 0.1432759666
1.5620000000 0.1434366341
1.5630000000 0.1435972176
1.5640000000 0.1437577095
1.5650000000 0.1439181175
1.5660000000 0.1440784416
1.5670000000 0.1442386742
1.5680000000 0.1443988152
1.5690000000 0.1445588722
1.5700000000 0.1447188377
1.5710000000 0.1448787193
1.5720000000 0.1450385094
1.5730000000 0.1451982155
1.5740000000 0.1453578300
1.5750000000 0.1455173607
1.5760000000 0.1456767998
1.5770000000 0.1458361549
1.5780000000 0.1459954185
1.5790000000 0.1461545906
1.5800000000 0.1463136787
1.5810000000 0.1464726753
1.5820000000 0.1466315880
1.5830000000 0.1467904091
1.5840000000 0.1469491463
1.5850000000 0.1471077919
1.5860000000 0.1472663460
1.5870000000 0.1474248161
1.5880000000 0.1475831947
1.5890000000 0.1477414894
1.5900000000 0.1478996925
1.5910000000 0.1480578041
1.5920000000 0.1482158318
1.5930000000 0.1483737679
1.5940000000 0.1485316124
1.5950000000 0.1486893730
1.5960000000 0.1488470421
1.5970000000 0.1490046272
1.5980000000 0.1491621208
1.5990000000 0.1493195229
1.6000000000 0.1494768410
1.6010000000 0.1496340675
1.6020000000 0.1497912025
1.6030000000 0.1499482460
1.6040000000 0.1501052055
1.6050000000 0.1502620811
1.6060000000 0.1504188576
1.6070000000 0.1505755501
1.6080000000 0.1507321510
1.6090000000 0.1508886681
1.6100000000 0.1510450935
1.6110000000 0.1512014275
1.6120000000 0.1513576698
1.6130000000 0.1515138283
1.6140000000 0.1516698952
1.6150000000 0.1518258705
1.6160000000 0.1519817543
1.6170000000 0.1521375542
1.6180000000 0.1522932625
1.6190000000 0.1524488792
1.6200000000 0.1526044121
1.6210000000 0.1527598534
1.6220000000 0.1529152031
1.6230000000 0.1530704613
1.6240000000 0.1532256279
1.6250000000 0.1533807106
1.6260000000 0.1535357018
1.6270000000 0.1536906013
1.6280000000 0.1538454170
1.6290000000 0.1540001335
1.6300000000 0.1541547661
1.6310000000 0.1543093071
1.6320000000 0.1544637566
1.6330000000 0.1546181221
1.6340000000 0.1547723885
1.6350000000 0.1549265709
1.6360000000 0.1550806618
1.6370000000 0.1552346611
1.6380000000 0.1553885689
1.6390000000 0.1555423927
1.6400000000 0.1556961174
1.6410000000 0.1558497581
1.6420000000 0.1560033073
1.6430000000 0.1561567650
1.6440000000 0.1563101311
1.6450000000 0.1564634132
1.6460000000 0.1566165962
1.6470000000 0.1567696953
1.6480000000 0.1569227028
1.6490000000 0.1570756187
1.6500000000 0.1572284431
1.6510000000 0.1573811760
1.6520000000 0.1575338173
1.6530000000 0.1576863670
1.6540000000 0.1578388329
1.6550000000 0.1579911995
1.6560000000 0.1581434822
1.6570000000 0.1582956734
1.6580000000 0.1584477654
1.6590000000 0.1585997734
1.6600000000 0.1587516899
1.6610000000 0.1589035149
1.6620000000 0.1590552483
1.6630000000 0.1592068901
1.6640000000 0.1593584480
1.6650000000 0.1595099068
1.6660000000 0.1596612740
1.6670000000 0.1598125572
1.6680000000 0.1599637413
1.6690000000 0.1601148338
1.6700000000 0.1602658424
1.6710000000 0.1604167519
1.6720000000 0.1605675774
1.6730000000 0.1607183037
1.6740000000 0.1608689384
1.6750000000 0.1610194893
1.6760000000 0.1611699409
1.6770000000 0.1613203087
1.6780000000 0.1614705772
1.6790000000 0.1616207619
1.6800000000 0.1617708473
1.6810000000 0.1619208488
1.6820000000 0.1620707512
1.6830000000 0.1622205620
1.6840000000 0.1623702888
1.6850000000 0.1625199165
1.6860000000 0.1626694527
1.6870000000 0.1628188972
1.6880000000 0.1629682579
1.6890000000 0.1631175194
1.6900000000 0.1632666893
1.6910000000 0.1634157600
1.6920000000 0.1635647469
1.6930000000 0.1637136421
1.6940000000 0.1638624458
1.6950000000 0.1640111504
1.6960000000 0.1641597710
1.6970000000 0.1643082924
1.6980000000 0.1644567299
1.6990000000 0.1646050682
1.7000000000 0.1647533150
1.7010000000 0.1649014702
1.7020000000 0.1650495338
1.7030000000 0.1651975060
1.7040000000 0.1653453789
1.7050000000 0.1654931679
1.7060000000 0.1656408577
1.7070000000 0.1657884560
1.7080000000 0.1659359627
1.7090000000 0.1660833778
1.7100000000 0.1662307014
1.7110000000 0.1663779259
1.7120000000 0.1665250664
1.7130000000 0.1666721077
1.7140000000 0.1668190575
1.7150000000 0.1669659157
1.7160000000 0.1671126823
1.7170000000 0.1672593498
1.7180000000 0.1674059334
1.7190000000 0.1675524178
1.7200000000 0.1676988106
1.7210000000 0.1678451042
1.7220000000 0.1679913139
1.7230000000 0.1681374245
1.7240000000 0.1682834435
1.7250000000 0.1684293709
1.7260000000 0.1685752068
1.7270000000 0.1687209435
1.7280000000 0.1688665886
1.7290000000 0.1690121422
1.7300000000 0.1691576042
1.7310000000 0.1693029671
1.7320000000 0.1694482384
1.7330000000 0.1695934181
1.7340000000 0.1697385063
1.7350000000 0.1698834953
1.7360000000 0.1700283928
1.7370000000 0.1701731987
1.7380000000 0.1703179054
1.7390000000 0.1704625282
1.7400000000 0.1706070442
1.7410000000 0.1707514763
1.7420000000 0.1708958092
1.7430000000 0.1710400505
1.7440000000 0.1711842003
1.7450000000 0.1713282509
1.7460000000 0.1714722099
1.7470000000 0.1716160774
1.7480000000 0.1717598457
1.7490000000 0.1719035225
1.7500000000 0.1720471077
1.7510000000 0.1721905937
1.7520000000 0.1723339882
1.7530000000 0.1724772911
1.7540000000 0.1726204948
1.7550000000 0.1727636070
1.7560000000 0.1729066277
1.7570000000 0.1730495491
1.7580000000 0.1731923714
1.7590000000 0.1733351097
1.7600000000 0.1734777489
1.7610000000 0.1736202888
1.7620000000 0.1737627449
1.7630000000 0.1739050941
1.7640000000 0.1740473595
1.7650000000 0.1741895256
1.7660000000 0.1743315926
1.7670000000 0.1744735680
1.7680000000 0.1746154518
1.7690000000 0.1747572365
1.7700000000 0.1748989296
1.7710000000 0.1750405235
1.7720000000 0.1751820259
1.7730000000 0.1753234367
1.7740000000 0.1754647484
1.7750000000 0.1756059608
1.7760000000 0.1757470818
1.7770000000 0.1758881111
1.7780000000 0.1760290413
1.7790000000 0.1761698799
1.7800000000 0.1763106194
1.7810000000 0.1764512672
1.7820000000 0.1765918159
1.7830000000 0.1767322731
1.7840000000 0.1768726311
1.7850000000 0.1770128899
1.7860000000 0.1771530647
1.7870000000 0.1772931328
1.7880000000 0.1774331093
1.7890000000 0.1775729942
1.7900000000 0.1777127800
1.7910000000 0.1778524666
1.7920000000 0.1779920616
1.7930000000 0.1781315651
1.7940000000 0.1782709618
1.7950000000 0.1784102745
1.7960000000 0.1785494804
1.7970000000 0.1786886024
1.7980000000 0.1788276176
1.7990000000 0.1789665413
1.8000000000 0.1791053734
1.8010000000 0.1792440987
1.8020000000 0.1793827400
1.8030000000 0.1795212746
1.8040000000 0.1796597176
1.8050000000 0.1797980690
1.8060000000 0.1799363213
1.8070000000 0.1800744743
1.8080000000 0.1802125282
1.8090000000 0.1803504906
1.8100000000 0.1804883614
1.8110000000 0.1806261253
1.8120000000 0.1807637978
1.8130000000 0.1809013786
1.8140000000 0.1810388527
1.8150000000 0.1811762352
1.8160000000 0.1813135262
1.8170000000 0.1814507179
1.8180000000 0.1815878105
1.8190000000 0.1817248039
1.8200000000 0.1818617058
1.8210000000 0.1819985085
1.8220000000 0.1821352119
1.8230000000 0.1822718239
1.8240000000 0.1824083366
1.8250000000 0.1825447502
1.8260000000 0.1826810646
1.8270000000 0.1828172874
1.8280000000 0.1829534111
1.8290000000 0.1830894356
1.8300000000 0.1832253685
1.8310000000 0.1833612022
1.8320000000 0.1834969368
1.8330000000 0.1836325722
1.8340000000 0.1837681160
1.8350000000 0.1839035606
1.8360000000 0.1840389061
1.8370000000 0.1841741524
1.8380000000 0.1843093071
1.8390000000 0.1844443626
1.8400000000 0.1845793190
1.8410000000 0.1847141762
1.8420000000 0.1848489342
1.8430000000 0.1849836006
1.8440000000 0.1851181679
1.8450000000 0.1852526360
1.8460000000 0.1853870049
1.8470000000 0.1855212746
1.8480000000 0.1856554527
1.8490000000 0.1857895317
1.8500000000 0.1859235039
1.8510000000 0.1860573921
1.8520000000 0.1861911736
1.8530000000 0.1863248558
1.8540000000 0.1864584465
1.8550000000 0.1865919304
1.8560000000 0.1867253227
1.8570000000 0.1868586159
1.8580000000 0.1869918098
1.8590000000 0.1871249046
1.8600000000 0.1872579002
1.8610000000 0.1873908043
1.8620000000 0.1875236015
1.8630000000 0.1876563072
1.8640000000 0.1877889061
1.8650000000 0.1879214134
1.8660000000 0.1880538216
1.8670000000 0.1881861305
1.8680000000 0.1883183403
1.8690000000 0.1884504509
1.8700000000 0.1885824623
1.8710000000 0.1887143745
1.8720000000 0.1888461952
1.8730000000 0.1889779091
1.8740000000 0.1891095238
1.8750000000 0.1892410393
1.8760000000 0.1893724632
1.8770000000 0.1895037804
1.8780000000 0.1896350060
1.8790000000 0.1897661247
1.8800000000 0.1898971519
1.8810000000 0.1900280724
1.8820000000 0.1901589012
1.8830000000 0.1902896233
1.8840000000 0.1904202461
1.8850000000 0.1905507774
1.8860000000 0.1906812019
1.8870000000 0.1908115349
1.8880000000 0.1909417610
1.8890000000 0.1910718880
1.8900000000 0.1912019234
1.8910000000 0.1913318520
1.8920000000 0.1914616814
1.8930000000 0.1915914116
1.8940000000 0.1917210426
1.8950000000 0.1918505745
1.8960000000 0.1919800072
1.8970000000 0.1921093407
1.8980000000 0.1922385750
1.8990000000 0.1923677025
1.9000000000 0.1924967384
1.9010000000 0.1926256676
1.9020000000 0.1927545052
1.9030000000 0.1928832359
1.9040000000 0.1930118675
1.9050000000 0.1931403999
1.9060000000 0.1932688332
1.9070000000 0.1933971596
1.9080000000 0.1935253944
1.9090000000 0.1936535225
1.9100000000 0.1937815590
1.9110000000 0.1939094887
1.9120000000 0.1940373192
1.9130000000 0.1941650505
1.9140000000 0.1942926750
1.9150000000 0.1944202080
1.9160000000 0.1945476341
1.9170000000 0.1946749611
1.9180000000 0.1948021889
1.9190000000 0.1949293175
1.9200000000 0.1950563393
1.9210000000 0.1951832619
1.9220000000 0.1953100929
1.9230000000 0.1954368095
1.9240000000 0.1955634346
1.9250000000 0.1956899529
1.9260000000 0.1958163719
1.9270000000 0.1959426918
1.9280000000 0.1960689125
1.9290000000 0.1961950264
1.9300000000 0.1963210487
1.9310000000 0.1964469566
1.9320000000 0.1965727730
1.9330000000 0.1966984825
1.9340000000 0.1968240929
1.9350000000 0.1969496040
1.9360000000 0.1970750160
1.9370000000 0.1972003212
1.9380000000 0.1973255272
1.9390000000 0.1974506264
1.9400000000 0.1975756264
1.9410000000 0.1977005272
1.9420000000 0.1978253288
1.9430000000 0.1979500237
1.9440000000 0.1980746193
1.9450000000 0.1981991158
1.9460000000 0.1983235054
1.9470000000 0.1984477959
1.9480000000 0.1985719795
1.9490000000 0.1986960640
1.9500000000 0.1988200493
1.9510000000 0.1989439278
1.9520000000 0.1990677071
1.9530000000 0.1991913872
1.9540000000 0.1993149605
1.9550000000 0.1994384346
1.9560000000 0.1995618095
1.9570000000 0.1996850777
1.9580000000 0.1998082390
1.9590000000 0.1999313011
1.9600000000 0.2000542641
1.9610000000 0.2001771202
1.9620000000 0.2002998772
1.9630000000 0.2004225349
1.9640000000 0.2005450859
1.9650000000 0.2006675301
1.9660000000 0.2007898750
1.9670000000 0.2009121208
1.9680000000 0.2010342598
1.9690000000 0.2011562920
1.9700000000 0.2012782249
1.9710000000 0.2014000587
1.9720000000 0.2015217857
1.9730000000 0.2016434135
1.9740000000 0.2017649345
1.9750000000 0.2018863564
1.9760000000 0.2020076714
1.9770000000 0.2021288795
1.9780000000 0.2022499886
1.9790000000 0.2023709984
1.9800000000 0.2024919014
1.9810000000 0.2026126976
1.9820000000 0.2027333946
1.9830000000 0.2028539848
1.9840000000 0.2029744759
1.9850000000 0.2030948601
1.9860000000 0.2032151451
1.9870000000 0.2033353233
1.9880000000 0.2034553947
1.9890000000 0.2035753670
1.9900000000 0.2036952324
1.9910000000 0.2038149910
1.9920000000 0.2039346504
1.9930000000 0.2040542107
1.9940000000 0.2041736565
1.9950000000 0.2042930107
1.9960000000 0.2044122505
1.9970000000 0.2045313911
1.9980000000 0.2046504250
1.9990000000 0.2047693520
2.0000000000 0.2048881798
2.0010000000 0.2050069008
2.0020000000 0.2051255226
2.0030000000 0.2052440376
2.0040000000 0.2053624458
2.0050000000 0.2054807472
2.0060000000 0.2055989494
2.0070000000 0.2057170448
2.0080000000 0.2058350334
2.0090000000 0.2059529228
2.0100000000 0.2060706978
2.0110000000 0.2061883812
2.0120000000 0.2063059502
2.0130000000 0.2064234200
2.0140000000 0.2065407829
2.0150000000 0.2066580391
2.0160000000 0.2067751884
2.0170000000 0.2068922386
2.0180000000 0.2070091820
2.0190000000 0.2071260185
2.0200000000 0.2072427483
2.0210000000 0.2073593712
2.0220000000 0.2074758949
2.0230000000 0.2075923119
2.0240000000 0.2077086220
2.0250000000 0.2078248253
2.0260000000 0.2079409294
2.0270000000 0.2080569191
2.0280000000 0.2081728096
2.0290000000 0.2082885933
2.0300000000 0.2084042702
2.0310000000 0.2085198479
2.0320000000 0.2086353111
2.0330000000 0.2087506676
2.0340000000 0.2088659248
2.0350000000 0.2089810753
2.0360000000 0.2090961189
2.0370000000 0.2092110558
2.0380000000 0.2093258858
2.0390000000 0.2094406090
2.0400000000 0.2095552254
2.0410000000 0.2096697426
2.0420000000 0.2097841454
2.0430000000 0.2098984489
2.0440000000 0.2100126457
2.0450000000 0.2101267281
2.0460000000 0.2102407112
2.0470000000 0.2103545876
2.0480000000 0.2104683571
2.0490000000 0.2105820122
2.0500000000 0.2106955681
2.0510000000 0.2108090172
2.0520000000 0.2109223595
2.0530000000 0.2110355949
2.0540000000 0.2111487236
2.0550000000 0.2112617455
2.0560000000 0.2113746605
2.0570000000 0.2114874687
2.0580000000 0.2116001701
2.0590000000 0.2117127647
2.0600000000 0.2118252449
2.0610000000 0.2119376259
2.0620000000 0.2120499001
2.0630000000 0.2121620674
2.0640000000 0.2122741203
2.0650000000 0.2123860741
2.0660000000 0.2124979134
2.0670000000 0.2126096535
2.0680000000 0.2127212791
2.0690000000 0.2128327980
2.0700000000 0.2129442101
2.0710000000 0.2130555153
2.0720000000 0.2131667137
2.0730000000 0.2132778053
2.0740000000 0.2133887901
2.0750000000 0.2134996605
2.0760000000 0.2136104317
2.0770000000 0.2137210884
2.0780000000 0.2138316383
2.0790000000 0.2139420815
2.0800000000 0.2140524178
2.0810000000 0.2141626396
2.0820000000 0.2142727623
2.0830000000 0.2143827705
2.0840000000 0.2144926720
2.0850000000 0.2146024666
2.0860000000 0.2147121468
2.0870000000 0.2148217278
2.0880000000 0.2149311943
2.0890000000 0.2150405540
2.0900000000 0.2151498070
2.0910000000 0.2152589455
2.0920000000 0.2153679848
2.0930000000 0.2154769096
2.0940000000 0.2155857277
2.0950000000 0.2156944313
2.0960000000 0.2158030281
2.0970000000 0.2159115181
2.0980000000 0.2160199013
2.0990000000 0.2161281700
2.1000000000 0.2162363396
2.1010000000 0.2163443871
2.1020000000 0.2164523354
2.1030000000 0.2165601692
2.1040000000 0.2166678963
2.1050000000 0.2167755089
2.1060000000 0.2168830147
2.1070000000 0.2169904137
2.1080000000 0.2170977058
2.1090000000 0.2172048836
2.1100000000 0.2173119545
2.1110000000 0.2174189110
2.1120000000 0.2175257607
2.1130000000 0.2176325035
2.1140000000 0.2177391319
2.1150000000 0.2178456535
2.1160000000 0.2179520607
2.1170000000 0.2180583611
2.1180000000 0.2181645546
2.1190000000 0.2182706337
2.1200000000 0.2183766060
2.1210000000 0.2184824638
2.1220000000 0.2185882149
2.1230000000 0.2186938515
2.1240000000 0.2187993813
2.1250000000 0.2189048042
2.1260000000 0.2190101128
2.1270000000 0.2191153069
2.1280000000 0.2192203941
2.1290000000 0.2193253746
2.1300000000 0.2194302406
2.1310000000 0.2195349922
2.1320000000 0.2196396370
2.1330000000 0.2197441750
2.1340000000 0.2198485985
2.1350000000 0.2199529076
2.1360000000 0.2200571098
2.1370000000 0.2201611977
2.1380000000 0.2202651787
2.1390000000 0.2203690453
2.1400000000 0.2204728050
2.1410000000 0.2205764503
2.1420000000 0.2206799812
2.1430000000 0.2207834053
2.1440000000 0.2208867149
2.1450000000 0.2209899178
2.1460000000 0.2210930061
2.1470000000 0.2211959801
2.1480000000 0.2212988472
2.1490000000 0.2214015999
2.1500000000 0.2215042458
2.1510000000 0.2216067696
2.1520000000 0.2217091942
2.1530000000 0.2218114967
2.1540000000 0.2219136925
2.1550000000 0.2220157738
2.1560000000 0.2221177483
2.1570000000 0.2222196007
2.1580000000 0.2223213463
2.1590000000 0.2224229851
2.1600000000 0.2225245094
2.1610000000 0.2226259117
2.1620000000 0.2227272148
2.1630000000 0.2228283958
2.1640000000 0.2229294701
2.1650000000 0.2230304298
2.1660000000 0.2231312752
2.1670000000 0.2232320061
2.1680000000 0.2233326302
2.1690000000 0.2234331398
2.1700000000 0.2235335350
2.1710000000 0.2236338158
2.1720000000 0.2237339897
2.1730000000 0.2238340492
2.1740000000 0.2239339943
2.1750000000 0.2240338249
2.1760000000 0.2241335411
2.1770000000 0.2242331429
2.1780000000 0.2243326378
2.1790000000 0.2244320107
2.1800000000 0.2245312767
2.1810000000 0.2246304283
2.1820000000 0.2247294655
2.1830000000 0.2248283882
2.1840000000 0.2249272041
2.1850000000 0.2250258980
2.1860000000 0.2251244850
2.1870000000 0.2252229500
2.1880000000 0.2253213081
2.1890000000 0.2254195518
2.1900000000 0.2255176735
2.1910000000 0.2256156883
2.1920000000 0.2257135887
2.1930000000 0.2258113747
2.1940000000 0.2259090462
2.1950000000 0.2260066032
2.1960000000 0.2261040459
2.1970000000 0.2262013741
2.1980000000 0.2262985878
2.1990000000 0.2263956871
2.2000000000 0.2264926720
2.2010000000 0.2265895424
2.2020000000 0.2266862984
2.2030000000 0.2267829399
2.2040000000 0.2268794670
2.2050000000 0.2269758797
2.2060000000 0.2270721703
2.2070000000 0.2271683540
2.2080000000 0.2272644234
2.2090000000 0.2273603706
2.2100000000 0.2274562111
2.2110000000 0.2275519295
2.2120000000 0.2276475334
2.2130000000 0.2277430305
2.2140000000 0.2278384056
2.2150000000 0.2279336662
2.2160000000 0.2280288048
2.2170000000 0.2281238365
2.2180000000 0.2282187538
2.2190000000 0.2283135490
2.2200000000 0.2284082298
2.2210000000 0.2285027962
2.2220000000 0.2285972481
2.2230000000 0.2286915779
2.2240000000 0.2287858009
2.2250000000 0.2288799019
2.2260000000 0.2289738884
2.2270000000 0.2290677605
2.2280000000 0.2291615105
2.2290000000 0.2292551537
2.2300000000 0.2293486748
2.2310000000 0.2294420815
2.2320000000 0.2295353661
2.2330000000 0.2296285439
2.2340000000 0.2297215996
2.2350000000 0.2298145332
2.2360000000 0.2299073601
2.2370000000 0.2300000648
2.2380000000 0.2300926552
2.2390000000 0.2301851234
2.2400000000 0.2302774773
2.2410000000 0.2303697166
2.2420000000 0.2304618416
2.2430000000 0.2305538445
2.2440000000 0.2306457329
2.2450000000 0.2307374992
2.2460000000 0.2308291512
2.2470000000 0.2309206886
2.2480000000 0.2310121117
2.2490000000 0.2311034050
2.2500000000 0.2311945915
2.2510000000 0.2312856560
2.2520000000 0.2313766060
2.2530000000 0.2314674339
2.2540000000 0.2315581474
2.2550000000 0.2316487389
2.2560000000 0.2317392159
2.2570000000 0.2318295784
2.2580000000 0.2319198189
2.2590000000 0.2320099373
2.2600000000 0.2320999413
2.2610000000 0.2321898308
2.2620000000 0.2322795982
2.2630000000 0.2323692513
2.2640000000 0.2324587822
2.2650000000 0.2325481911
2.2660000000 0.2326374855
2.2670000000 0.2327266579
2.2680000000 0.2328157158
2.2690000000 0.2329046593
2.2700000000 0.2329934731
2.2710000000 0.2330821800
2.2720000000 0.2331707573
2.2730000000 0.2332592201
2.2740000000 0.2333475685
2.2750000000 0.2334357872
2.2760000000 0.2335238991
2.2770000000 0.2336118813
2.2780000000 0.2336997490
2.2790000000 0.2337874947
2.2800000000 0.2338751259
2.2810000000 0.2339626350
2.2820000000 0.2340500221
2.2830000000 0.2341372948
2.2840000000 0.2342244453
2.2850000000 0.2343114738
2.2860000000 0.2343983879
2.2870000000 0.2344851723
2.2880000000 0.2345718422
2.2890000000 0.2346583977
2.2900000000 0.2347448311
2.2910000000 0.2348311348
2.2920000000 0.2349173317
2.2930000000 0.2350033989
2.2940000000 0.2350893517
2.2950000000 0.2351751747
2.2960000000 0.2352608910
2.2970000000 0.2353464775
2.2980000000 0.2354319420
2.2990000000 0.2355172920
2.3000000000 0.2356025200
2.3010000000 0.2356876259
2.3020000000 0.2357726097
2.3030000000 0.2358574715
2.3040000000 0.2359422188
2.3050000000 0.2360268364
2.3060000000 0.2361113396
2.3070000000 0.2361957207
2.3080000000 0.2362799797
2.3090000000 0.2363641167
2.3100000000 0.2364481316
2.3110000000 0.2365320244
2.3120000000 0.2366158028
2.3130000000 0.2366994514
2.3140000000 0.2367829781
2.3150000000 0.2368663902
2.3160000000 0.2369496803
2.3170000000 0.2370328407
2.3180000000 0.2371158867
2.3190000000 0.2371988029
2.3200000000 0.2372816048
2.3210000000 0.2373642769
2.3220000000 0.2374468346
2.3230000000 0.2375292702
2.3240000000 0.2376115761
2.3250000000 0.2376937675
2.3260000000 0.2377758293
2.3270000000 0.2378577690
2.3280000000 0.2379395943
2.3290000000 0.2380212898
2.3300000000 0.2381028633
2.3310000000 0.2381843147
2.3320000000 0.2382656441
2.3330000000 0.2383468513
2.3340000000 0.2384279366
2.3350000000 0.2385088997
2.3360000000 0.2385897331
2.3370000000 0.2386704445
2.3380000000 0.2387510414
2.3390000000 0.2388315086
2.3400000000 0.2389118462
2.3410000000 0.2389920692
2.3420000000 0.2390721703
2.3430000000 0.2391521416
2.3440000000 0.2392319908
2.3450000000 0.2393117180
2.3460000000 0.2393913155
2.3470000000 0.2394707985
2.3480000000 0.2395501518
2.3490000000 0.2396293831
2.3500000000 0.2397084846
2.3510000000 0.2397874718
2.3520000000 0.2398663292
2.3530000000 0.2399450569
2.3540000000 0.2400236702
2.3550000000 0.2401021538
2.3560000000 0.2401805153
2.3570000000 0.2402587471
2.3580000000 0.2403368568
2.3590000000 0.2404148445
2.3600000000 0.2404927101
2.3610000000 0.2405704460
2.3620000000 0.2406480598
2.3630000000 0.2407255440
2.3640000000 0.2408029060
2.3650000000 0.2408801384
2.3660000000 0.2409572487
2.3670000000 0.2410342369
2.3680000000 0.2411110954
2.3690000000 0.2411878319
2.3700000000 0.2412644463
2.3710000000 0.2413409233
2.3720000000 0.2414172859
2.3730000000 0.2414935188
2.3740000000 0.2415696220
2.3750000000 0.2416456032
2.3760000000 0.2417214622
2.3770000000 0.2417971916
2.3780000000 0.2418727913
2.3790000000 0.2419482689
2.3800000000 0.2420236168
2.3810000000 0.2420988426
2.3820000000 0.2421739388
2.3830000000 0.2422489128
2.3840000000 0.2423237572
2.3850000000 0.2423984795
2.3860000000 0.2424730644
2.3870000000 0.2425475349
2.3880000000 0.2426218681
2.3890000000 0.2426960793
2.3900000000 0.2427701683
2.3910000000 0.2428441200
2.3920000000 0.2429179497
2.3930000000 0.2429916573
2.3940000000 0.2430652351
2.3950000000 0.2431386833
2.3960000000 0.2432120018
2.3970000000 0.2432851906
2.3980000000 0.2433582573
2.3990000000 0.2434311943
2.4000000000 0.2435040092
2.4010000000 0.2435766945
2.4020000000 0.2436492424
2.4030000000 0.2437216759
2.4040000000 0.2437939720
2.4050000000 0.2438661461
2.4060000000 0.2439381828
2.4070000000 0.2440100975
2.4080000000 0.2440818825
2.4090000000 0.2441535454
2.4100000000 0.2442250710
2.4110000000 0.2442964745
2.4120000000 0.2443677483
2.4130000000 0.2444388924
2.4140000000 0.2445099068
2.4150000000 0.2445807915
2.4160000000 0.2446515465
2.4170000000 0.2447221718
2.4180000000 0.2447926750
2.4190000000 0.2448630409
2.4200000000 0.2449332848
2.4210000000 0.2450033989
2.4220000000 0.2450733757
2.4230000000 0.2451432304
2.4240000000 0.2452129555
2.4250000000 0.2452825432
2.4260000000 0.2453520088
2.4270000000 0.2454213448
2.4280000000 0.2454905510
2.4290000000 0.2455596199
2.4300000000 0.2456285667
2.4310000000 0.2456973763
2.4320000000 0.2457660637
2.4330000000 0.2458346138
2.4340000000 0.2459030418
2.4350000000 0.2459713326
2.4360000000 0.2460394936
2.4370000000 0.2461075249
2.4380000000 0.2461754265
2.4390000000 0.2462431984
2.4400000000 0.2463108406
2.4410000000 0.2463783531
2.4420000000 0.2464457283
2.4430000000 0.2465129738
2.4440000000 0.2465800896
2.4450000000 0.2466470757
2.4460000000 0.2467139320
2.4470000000 0.2467806511
2.4480000000 0.2468472404
2.4490000000 0.2469137001
2.4500000000 0.2469800301
2.4510000000 0.2470462227
2.4520000000 0.2471122932
2.4530000000 0.2471782265
2.4540000000 0.2472440224
2.4550000000 0.2473096962
2.4560000000 0.2473752327
2.4570000000 0.2474406319
2.4580000000 0.2475059090
2.4590000000 0.2475710487
2.4600000000 0.2476360512
2.4610000000 0.2477009315
2.4620000000 0.2477656746
2.4630000000 0.2478302803
2.4640000000 0.2478947563
2.4650000000 0.2479591026
2.4660000000 0.2480233192
2.4670000000 0.2480873985
2.4680000000 0.2481513405
2.4690000000 0.2482151527
2.4700000000 0.2482788353
2.4710000000 0.2483423805
2.4720000000 0.2484057961
2.4730000000 0.2484690742
2.4740000000 0.2485322151
2.4750000000 0.2485952339
2.4760000000 0.2486581078
2.4770000000 0.2487208519
2.4780000000 0.2487834663
2.4790000000 0.2488459435
2.4800000000 0.2489082832
2.4810000000 0.2489704933
2.4820000000 0.2490325737
2.4830000000 0.2490945091
2.4840000000 0.2491563148
2.4850000000 0.2492179909
2.4860000000 0.2492795296
2.4870000000 0.2493409309
2.4880000000 0.2494021950
2.4890000000 0.2494633293
2.4900000000 0.2495243340
2.4910000000 0.2495851936
2.4920000000 0.2496459236
2.4930000000 0.2497065163
2.4940000000 0.2497669716
2.4950000000 0.2498272972
2.4960000000 0.2498874855
2.4970000000 0.2499475365
2.4980000000 0.2500074577
2.4990000000 0.2500672340
2.5000000000 0.2501268806
2.5010000000 0.2501863899
2.5020000000 0.2502457619
2.5030000000 0.2503050041
2.5040000000 0.2503641014
2.5050000000 0.2504230690
2.5060000000 0.2504818993
2.5070000000 0.2505405922
2.5080000000 0.2505991478
2.5090000000 0.2506575737
2.5100000000 0.2507158546
2.5110000000 0.2507739983
2.5120000000 0.2508320122
2.5130000000 0.2508898888
2.5140000000 0.2509476204
2.5150000000 0.2510052223
2.5160000000 0.2510626869
2.5170000000 0.2511200066
2.5180000000 0.2511771965
2.5190000000 0.2512342491
2.5200000000 0.2512911644
2.5210000000 0.2513479424
2.5220000000 0.2514045753
2.5230000000 0.2514610786
2.5240000000 0.2515174446
2.5250000000 0.2515736656
2.5260000000 0.2516297493
2.5270000000 0.2516857033
2.5280000000 0.2517415123
2.5290000000 0.2517971840
2.5300000000 0.2518527184
2.5310000000 0.2519081154
2.5320000000 0.2519633751
2.5330000000 0.2520184898
2.5340000000 0.2520734749
2.5350000000 0.2521283150
2.5360000000 0.2521830177
2.5370000000 0.2522375832
2.5380000000 0.2522920036
2.5390000000 0.2523462944
2.5400000000 0.2524004402
2.5410000000 0.2524544487
2.5420000000 0.2525083122
2.5430000000 0.2525620384
2.5440000000 0.2526156273
2.5450000000 0.2526690788
2.5460000000 0.2527223854
2.5470000000 0.2527755547
2.5480000000 0.2528285866
2.5490000000 0.2528814735
2.5500000000 0.2529342232
2.5510000000 0.2529868355
2.5520000000 0.2530393028
2.5530000000 0.2530916328
2.5540000000 0.2531438179
2.5550000000 0.2531958656
2.5560000000 0.2532477760
2.5570000000 0.2532995415
2.5580000000 0.2533511696
2.5590000000 0.2534026527
2.5600000000 0.2534539909
2.5610000000 0.2535051994
2.5620000000 0.2535562553
2.5630000000 0.2536071739
2.5640000000 0.2536579552
2.5650000000 0.2537085915
2.5660000000 0.2537590828
2.5670000000 0.2538094368
2.5680000000 0.2538596535
2.5690000000 0.2539097176
2.5700000000 0.2539596519
2.5710000000 0.2540094337
2.5720000000 0.2540590782
2.5730000000 0.2541085777
2.5740000000 0.2541579399
2.5750000000 0.2542071571
2.5760000000 0.2542562294
2.5770000000 0.2543051567
2.5780000000 0.2543539467
2.5790000000 0.2544025917
2.5800000000 0.2544510994
2.5810000000 0.2544994545
2.5820000000 0.2545476723
2.5830000000 0.2545957451
2.5840000000 0.2546436806
2.5850000000 0.2546914635
2.5860000000 0.2547391090
2.5870000000 0.2547866096
2.5880000000 0.2548339653
2.5890000000 0.2548811760
2.5900000000 0.2549282417
2.5910000000 0.2549751701
2.5920000000 0.2550219536
2.5930000000 0.2550685844
2.5940000000 0.2551150780
2.5950000000 0.2551614265
2.5960000000 0.2552076302
2.5970000000 0.2552536888
2.5980000000 0.2552996025
2.5990000000 0.2553453712
2.6000000000 0.2553909950
2.6010000000 0.2554364738
2.6020000000 0.2554818077
2.6030000000 0.2555269966
2.6040000000 0.2555720406
2.6050000000 0.2556169395
2.6060000000 0.2556616936
2.6070000000 0.2557063026
2.6080000000 0.2557507668
2.6090000000 0.2557950783
2.6100000000 0.2558392525
2.6110000000 0.2558832741
2.6120000000 0.2559271507
2.6130000000 0.2559708824
2.6140000000 0.2560144691
2.6150000000 0.2560579109
2.6160000000 0.2561012077
2.6170000000 0.2561443520
2.6180000000 0.2561873512
2.6190000000 0.2562302055
2.6200000000 0.2562729149
2.6210000000 0.2563154716
2.6220000000 0.2563578835
2.6230000000 0.2564001503
2.6240000000 0.2564422646
2.6250000000 0.2564842415
2.6260000000 0.2565260582
2.6270000000 0.2565677376
2.6280000000 0.2566092644
2.6290000000 0.2566506462
2.6300000000 0.2566918755
2.6310000000 0.2567329597
2.6320000000 0.2567738991
2.6330000000 0.2568146858
2.6340000000 0.2568553276
2.6350000000 0.2568958168
2.6360000000 0.2569361610
2.6370000000 0.2569763603
2.6380000000 0.2570164070
2.6390000000 0.2570563011
2.6400000000 0.2570960503
2.6410000000 0.2571356468
2.6420000000 0.2571750984
2.6430000000 0.2572143974
2.6440000000 0.2572535515
2.6450000000 0.2572925529
2.6460000000 0.2573314095
2.6470000000 0.2573701057
2.6480000000 0.2574086647
2.6490000000 0.2574470634
2.6500000000 0.2574853172
2.6510000000 0.2575234261
2.6520000000 0.2575613747
2.6530000000 0.2575991783
2.6540000000 0.2576368294
2.6550000000 0.2576743355
2.6560000000 0.2577116890
2.6570000000 0.2577488899
2.6580000000 0.2577859383
2.6590000000 0.2578228340
2.6600000000 0.2578595848
2.6610000000 0.2578961830
2.6620000000 0.2579326286
2.6630000000 0.2579689217
2.6640000000 0.2580050621
2.6650000000 0.2580410576
2.6660000000 0.2580769005
2.6670000000 0.2581125832
2.6680000000 0.2581481209
2.6690000000 0.2581835060
2.6700000000 0.2582187386
2.6710000000 0.2582538185
2.6720000000 0.2582887459
2.6730000000 0.2583235207
2.6740000000 0.2583581429
2.6750000000 0.2583926125
2.6760000000 0.2584269295
2.6770000000 0.2584610939
2.6780000000 0.2584951057
2.6790000000 0.2585289650
2.6800000000 0.2585626717
2.6810000000 0.2585962257
2.6820000000 0.2586296272
2.6830000000 0.2586628685
2.6840000000 0.2586959572
2.6850000000 0.2587289009
2.6860000000 0.2587616844
2.6870000000 0.2587943153
2.6880000000 0.2588267860
2.6890000000 0.2588591118
2.6900000000 0.2588912773
2.6910000000 0.2589232903
2.6920000000 0.2589551506
2.6930000000 0.2589868507
2.6940000000 0.2590184059
2.6950000000 0.2590497932
2.6960000000 0.2590810356
2.6970000000 0.2591121178
2.6980000000 0.2591430473
2.6990000000 0.2591738243
2.7000000000 0.2592044411
2.7010000000 0.2592349052
2.7020000000 0.2592652092
2.7030000000 0.2592953606
2.7040000000 0.2593253593
2.7050000000 0.2593551979
2.7060000000 0.2593848839
2.7070000000 0.2594144096
2.7080000000 0.2594437828
2.7090000000 0.2594729958
2.7100000000 0.2595020485
2.7110000000 0.2595309563
2.7120000000 0.2595596962
2.7130000000 0.2595882835
2.7140000000 0.2596167183
2.7150000000 0.2596449852
2.7160000000 0.2596731071
2.7170000000 0.2597010612
2.7180000000 0.2597288628
2.7190000000 0.2597565041
2.7200000000 0.2597839928
2.7210000000 0.2598113213
2.7220000000 0.2598384895
2.7230000000 0.2598655052
2.7240000000 0.2598923531
2.7250000000 0.2599190483
2.7260000000 0.2599455910
2.7270000000 0.2599719658
2.7280000000 0.2599981880
2.7290000000 0.2600242500
2.7300000000 0.2600501518
2.7310000000 0.2600758934
2.7320000000 0.2601014748
2.7330000000 0.2601268959
2.7340000000 0.2601521645
2.7350000000 0.2601772728
2.7360000000 0.2602022133
2.7370000000 0.2602270012
2.7380000000 0.2602516289
2.7390000000 0.2602760963
2.7400000000 0.2603004036
2.7410000000 0.2603245430
2.7420000000 0.2603485298
2.7430000000 0.2603723564
2.7440000000 0.2603960228
2.7450000000 0.2604195213
2.7460000000 0.2604428673
2.7470000000 0.2604660454
2.7480000000 0.2604890709
2.7490000000 0.2605119286
2.7500000000 0.2605346260
2.7510000000 0.2605571632
2.7520000000 0.2605795403
2.7530000000 0.2606017494
2.7540000000 0.2606238060
2.7550000000 0.2606456947
2.7560000000 0.2606674232
2.7570000000 0.2606889839
2.7580000000 0.2607103920
2.7590000000 0.2607316322
2.7600000000 0.2607527046
2.7610000000 0.2607736244
2.7620000000 0.2607943764
2.7630000000 0.2608149681
2.7640000000 0.2608353920
2.7650000000 0.2608556557
2.7660000000 0.2608757515
2.7670000000 0.2608956871
2.7680000000 0.2609154625
2.7690000000 0.2609350700
2.7700000000 0.2609545174
2.7710000000 0.2609737968
2.7720000000 0.2609929161
2.7730000000 0.2610118675
2.7740000000 0.2610306587
2.7750000000 0.2610492821
2.7760000000 0.2610677376
2.7770000000 0.2610860329
2.7780000000 0.2611041679
2.7790000000 0.2611221275
2.7800000000 0.2611399269
2.7810000000 0.2611575661
2.7820000000 0.2611750298
2.7830000000 0.2611923332
2.7840000000 0.2612094765
2.7850000000 0.2612264442
2.7860000000 0.2612432518
2.7870000000 0.2612598915
2.7880000000 0.2612763634
2.7890000000 0.2612926750
2.7900000000 0.2613088188
2.7910000000 0.2613247948
2.7920000000 0.2613406029
2.7930000000 0.2613562431
2.7940000000 0.2613717155
2.7950000000 0.2613870201
2.7960000000 0.2614021645
2.7970000000 0.2614171333
2.7980000000 0.2614319420
2.7990000000 0.2614465752
2.8000000000 0.2614610481
2.8010000000 0.2614753456
2.8020000000 0.2614894829
2.8030000000 0.2615034523
2.8040000000 0.2615172462
2.8050000000 0.2615308723
2.8060000000 0.2615443382
2.8070000000 0.2615576286
2.8080000000 0.2615707512
2.8090000000 0.2615837059
2.8100000000 0.2615964928
2.8110000000 0.2616091042
2.8120000000 0.2616215553
2.8130000000 0.2616338310
2.8140000000 0.2616459389
2.8150000000 0.2616578712
2.8160000000 0.2616696434
2.8170000000 0.2616812401
2.8180000000 0.2616926689
2.8190000000 0.2617039223
2.8200000000 0.2617150078
2.8210000000 0.2617259254
2.8220000000 0.2617366676
2.8230000000 0.2617472420
2.8240000000 0.2617576485
2.8250000000 0.2617678795
2.8260000000 0.2617779427
2.8270000000 0.2617878304
2.8280000000 0.2617975502
2.8290000000 0.2618070946
2.8300000000 0.2618164711
2.8310000000 0.2618256721
2.8320000000 0.2618347054
2.8330000000 0.2618435631
2.8340000000 0.2618522453
2.8350000000 0.2618607597
2.8360000000 0.2618690987
2.8370000000 0.2618772697
2.8380000000 0.2618852577
2.8390000000 0.2618930855
2.8400000000 0.2619007301
2.8410000000 0.2619082069
2.8420000000 0.2619155083
2.8430000000 0.2619226341
2.8440000000 0.2619295845
2.8450000000 0.2619363670
2.8460000000 0.2619429741
2.8470000000 0.2619494057
2.8480000000 0.2619556618
2.8490000000 0.2619617424
2.8500000000 0.2619676476
2.8510000000 0.2619733849
2.8520000000 0.2619789391
2.8530000000 0.2619843254
2.8540000000 0.2619895287
2.8550000000 0.2619945641
2.8560000000 0.2619994164
2.8570000000 0.2620041008
2.8580000000 0.2620086021
2.8590000000 0.2620129356
2.8600000000 0.2620170860
2.8610000000 0.2620210609
2.8620000000 0.2620248604
2.8630000000 0.2620284843
2.8640000000 0.2620319328
2.8650000000 0.2620351982
2.8660000000 0.2620382957
2.8670000000 0.2620412102
2.8680000000 0.2620439415
2.8690000000 0.2620465050
2.8700000000 0.2620488853
2.8710000000 0.2620510902
2.8720000000 0.2620531197
2.8730000000 0.2620549660
2.8740000000 0.2620566368
2.8750000000 0.2620581322
2.8760000000 0.2620594444
2.8770000000 0.2620605812
2.8780000000 0.2620615349
2.8790000000 0.2620623131
2.8800000000 0.2620629082
2.8810000000 0.2620633278
2.8820000000 0.2620635643
2.8830000000 0.2620636253
2.8840000000 0.2620635033
2.8850000000 0.2620632057
2.8860000000 0.2620627251
2.8870000000 0.2620620689
2.8880000000 0.2620612221
2.8890000000 0.2620601997
2.8900000000 0.2620590019
2.8910000000 0.2620576134
2.8920000000 0.2620560493
2.8930000000 0.2620543098
2.8940000000 0.2620523796
2.8950000000 0.2620502739
2.8960000000 0.2620479851
2.8970000000 0.2620455132
2.8980000000 0.2620428581
2.8990000000 0.2620400200
2.9000000000 0.2620370064
2.9010000000 0.2620338020
2.9020000000 0.2620304222
2.9030000000 0.2620268517
2.9040000000 0.2620231056
2.9050000000 0.2620191765
2.9060000000 0.2620150566
2.9070000000 0.2620107613
2.9080000000 0.2620062752
2.9090000000 0.2620016136
2.9100000000 0.2619967613
2.9110000000 0.2619917259
2.9120000000 0.2619865074
2.9130000000 0.2619811058
2.9140000000 0.2619755211
2.9150000000 0.2619697533
2.9160000000 0.2619637947
2.9170000000 0.2619576530
2.9180000000 0.2619513283
2.9190000000 0.2619448128
2.9200000000 0.2619381142
2.9210000000 0.2619312325
2.9220000000 0.2619241676
2.9230000000 0.2619169121
2.9240000000 0.2619094658
2.9250000000 0.2619018440
2.9260000000 0.2618940239
2.9270000000 0.2618860283
2.9280000000 0.2618778419
2.9290000000 0.2618694649
2.9300000000 0.2618609047
2.9310000000 0.2618521538
2.9320000000 0.2618432198
2.9330000000 0.2618340950
2.9340000000 0.2618247795
2.9350000000 0.2618152809
2.9360000000 0.2618055916
2.9370000000 0.2617957191
2.9380000000 0.2617856560
2.9390000000 0.2617754021
2.9400000000 0.2617649574
2.9410000000 0.2617543221
2.9420000000 0.2617435036
2.9430000000 0.2617324944
2.9440000000 0.2617212944
2.9450000000 0.2617099037
2.9460000000 0.2616983299
2.9470000000 0.2616865578
2.9480000000 0.2616745949
2.9490000000 0.2616624489
2.9500000000 0.2616501045
2.9510000000 0.2616375771
2.9520000000 0.2616248512
2.9530000000 0.2616119423
2.9540000000 0.2615988350
2.9550000000 0.2615855370
2.9560000000 0.2615720558
2.9570000000 0.2615583763
2.9580000000 0.2615445061
2.9590000000 0.2615304375
2.9600000000 0.2615161858
2.9610000000 0.2615017357
2.9620000000 0.2614870949
2.9630000000 0.2614722633
2.9640000000 0.2614572334
2.9650000000 0.2614420128
2.9660000000 0.2614266014
2.9670000000 0.2614109917
2.9680000000 0.2613951912
2.9690000000 0.2613792000
2.9700000000 0.2613630104
2.9710000000 0.2613466225
2.9720000000 0.2613300438
2.9730000000 0.2613132744
2.9740000000 0.2612963066
2.9750000000 0.2612791481
2.9760000000 0.2612617912
2.9770000000 0.2612442360
2.9780000000 0.2612264900
2.9790000000 0.2612085457
2.9800000000 0.2611904030
2.9810000000 0.2611720695
2.9820000000 0.2611535378
2.9830000000 0.2611348076
2.9840000000 0.2611158791
2.9850000000 0.2610967598
2.9860000000 0.2610774422
2.9870000000 0.2610579185
2.9880000000 0.2610382118
2.9890000000 0.2610182991
2.9900000000 0.2609981880
2.9910000000 0.2609778786
2.9920000000 0.2609573708
2.9930000000 0.2609366722
2.9940000000 0.2609157677
2.9950000000 0.2608946648
2.9960000000 0.2608733635
2.9970000000 0.2608518639
2.9980000000 0.2608301659
2.9990000000 0.2608082695
3.0000000000 0.2607861748
3.0010000000 0.2607638741
3.0020000000 0.2607413750
3.0030000000 0.2607186775
3.0040000000 0.2606957817
3.0050000000 0.2606726799
3.0060000000 0.2606493797
3.0070000000 0.2606258812
3.0080000000 0.2606021767
3.0090000000 0.2605782738
3.0100000000 0.2605541725
3.0110000000 0.2605298653
3.0120000000 0.2605053520
3.0130000000 0.2604806404
3.0140000000 0.2604557304
3.0150000000 0.2604306145
3.0160000000 0.2604052925
3.0170000000 0.2603797722
3.0180000000 0.2603540459
3.0190000000 0.2603281136
3.0200000000 0.2603019829
3.0210000000 0.2602756462
3.0220000000 0.2602491112
3.0230000000 0.2602223625
3.0240000000 0.2601954155
3.0250000000 0.2601682625
3.0260000000 0.2601409035
3.0270000000 0.2601133385
3.0280000000 0.2600855751
3.0290000000 0.2600575981
3.0300000000 0.2600294228
3.0310000000 0.2600010338
3.0320000000 0.2599724464
3.0330000000 0.2599436455
3.0340000000 0.2599146461
3.0350000000 0.2598854332
3.0360000000 0.2598560143
3.0370000000 0.2598263893
3.0380000000 0.2597965584
3.0390000000 0.2597665215
3.0400000000 0.2597362785
3.0410000000 0.2597058220
3.0420000000 0.2596751595
3.0430000000 0.2596442909
3.0440000000 0.2596132088
3.0450000000 0.2595819206
3.0460000000 0.2595504265
3.0470000000 0.2595187187
3.0480000000 0.2594868050
3.0490000000 0.2594546776
3.0500000000 0.2594223442
3.0510000000 0.2593897972
3.0520000000 0.2593570442
3.0530000000 0.2593240776
3.0540000000 0.2592909050
3.0550000000 0.2592575188
3.0560000000 0.2592239189
3.0570000000 0.2591901131
3.0580000000 0.2591560936
3.0590000000 0.2591218605
3.0600000000 0.2590874138
3.0610000000 0.2590527611
3.0620000000 0.2590178947
3.0630000000 0.2589828148
3.0640000000 0.2589475212
3.0650000000 0.2589120140
3.0660000000 0.2588762932
3.0670000000 0.2588403587
3.0680000000 0.2588042107
3.0690000000 0.2587678490
3.0700000000 0.2587312737
3.0710000000 0.2586944847
3.0720000000 0.2586574821
3.0730000000 0.2586202660
3.0740000000 0.2585828285
3.0750000000 0.2585451851
3.0760000000 0.2585073204
3.0770000000 0.2584692421
3.0780000000 0.2584309425
3.0790000000 0.2583924370
3.0800000000 0.2583537025
3.0810000000 0.2583147621
3.0820000000 0.2582756004
3.0830000000 0.2582362251
3.0840000000 0.2581966286
3.0850000000 0.2581568184
3.0860000000 0.2581167870
3.0870000000 0.2580765343
3.0880000000 0.2580360680
3.0890000000 0.2579953880
3.0900000000 0.2579544792
3.0910000000 0.2579133568
3.0920000000 0.2578720207
3.0930000000 0.2578304558
3.0940000000 0.2577886772
3.0950000000 0.2577466774
3.0960000000 0.2577044563
3.0970000000 0.2576620140
3.0980000000 0.2576193581
3.0990000000 0.2575764732
3.1000000000 0.2575333748
3.1010000000 0.2574900475
3.1020000000 0.2574465065
3.1030000000 0.2574027367
3.1040000000 0.2573587532
3.1050000000 0.2573145409
3.1060000000 0.2572701073
3.1070000000 0.2572254524
3.1080000000 0.2571805763
3.1090000000 0.2571354713
3.1100000000 0.2570901451
3.1110000000 0.2570445976
3.1120000000 0.2569988289
3.1130000000 0.2569528313
3.1140000000 0.2569066124
3.1150000000 0.2568601646
3.1160000000 0.2568134956
3.1170000000 0.2567665977
3.1180000000 0.2567194786
3.1190000000 0.2566721382
3.1200000000 0.2566245613
3.1210000000 0.2565767708
3.1220000000 0.2565287437
3.1230000000 0.2564804955
3.1240000000 0.2564320183
3.1250000000 0.2563833122
3.1260000000 0.2563343849
3.1270000000 0.2562852211
3.1280000000 0.2562358360
3.1290000000 0.2561862221
3.1300000000 0.2561363792
3.1310000000 0.2560863075
3.1320000000 0.2560360069
3.1330000000 0.2559854774
3.1340000000 0.2559347191
3.1350000000 0.2558837318
3.1360000000 0.2558325157
3.1370000000 0.2557810707
3.1380000000 0.2557293892
3.1390000000 0.2556774788
3.1400000000 0.2556253395
3.1410000000 0.2555729713
3.1420000000 0.2555203743
3.1430000000 0.2554675407
3.1440000000 0.2554144707
3.1450000000 0.2553611794
3.1460000000 0.2553076439
3.1470000000 0.2552538872
3.1480000000 0.2551998863
3.1490000000 0.2551456566
3.1500000000 0.2550911980
3.1510000000 0.2550365028
3.1520000000 0.2549815712
3.1530000000 0.2549264107
3.1540000000 0.2548710136
3.1550000000 0.2548153801
3.1560000000 0.2547595100
3.1570000000 0.2547034035
3.1580000000 0.2546470680
3.1590000000 0.2545904961
3.1600000000 0.2545336800
3.1610000000 0.2544766350
3.1620000000 0.2544193535
3.1630000000 0.2543618279
3.1640000000 0.2543040733
3.1650000000 0.2542460747
3.1660000000 0.2541878395
3.1670000000 0.2541293678
3.1680000000 0.2540706596
3.1690000000 0.2540117149
3.1700000000 0.2539525261
3.1710000000 0.2538931007
3.1720000000 0.2538334312
3.1730000000 0.2537735252
3.1740000000 0.2537133827
3.1750000000 0.2536529961
3.1760000000 0.2535923729
3.1770000000 0.2535315056
3.1780000000 0.2534703941
3.1790000000 0.2534090462
3.1800000000 0.2533474541
3.1810000000 0.2532856255
3.1820000000 0.2532235451
3.1830000000 0.2531612282
3.1840000000 0.2530986671
3.1850000000 0.2530358620
3.1860000000 0.2529728127
3.1870000000 0.2529095268
3.1880000000 0.2528459892
3.1890000000 0.2527822075
3.1900000000 0.2527181892
3.1910000000 0.2526539192
3.1920000000 0.2525894051
3.1930000000 0.2525246468
3.1940000000 0.2524596367
3.1950000000 0.2523943901
3.1960000000 0.2523288918
3.1970000000 0.2522631493
3.1980000000 0.2521971550
3.1990000000 0.2521309166
3.2000000000 0.2520644341
3.2010000000 0.2519976997
3.2020000000 0.2519307137
3.2030000000 0.2518634834
3.2040000000 0.2517960091
3.2050000000 0.2517282829
3.2060000000 0.2516603050
3.2070000000 0.2515920753
3.2080000000 0.2515236015
3.2090000000 0.2514548683
3.2100000000 0.2513858910
3.2110000000 0.2513166618
3.2120000000 0.2512471886
3.2130000000 0.2511774559
3.2140000000 0.2511074715
3.2150000000 0.2510372353
3.2160000000 0.2509667473
3.2170000000 0.2508960075
3.2180000000 0.2508250160
3.2190000000 0.2507537651
3.2200000000 0.2506822701
3.2210000000 0.2506105156
3.2220000000 0.2505385017
3.2230000000 0.2504662437
3.2240000000 0.2503937263
3.2250000000 0.2503209496
3.2260000000 0.2502479210
3.2270000000 0.2501746330
3.2280000000 0.2501010933
3.2290000000 0.2500272942
3.2300000000 0.2499532433
3.2310000000 0.2498789330
3.2320000000 0.2498043633
3.2330000000 0.2497295341
3.2340000000 0.2496544456
3.2350000000 0.2495791054
3.2360000000 0.2495035057
3.2370000000 0.2494276390
3.2380000000 0.2493515205
3.2390000000 0.2492751350
3.2400000000 0.2491984978
3.2410000000 0.2491215935
3.2420000000 0.2490444298
3.2430000000 0.2489670067
3.2440000000 0.2488893242
3.2450000000 0.2488113747
3.2460000000 0.2487331657
3.2470000000 0.2486546974
3.2480000000 0.2485759621
3.2490000000 0.2484969597
3.2500000000 0.2484176979
3.2510000000 0.2483381767
3.2520000000 0.2482583885
3.2530000000 0.2481783333
3.2540000000 0.2480980110
3.2550000000 0.2480174294
3.2560000000 0.2479365807
3.2570000000 0.2478554649
3.2580000000 0.2477740822
3.2590000000 0.2476924324
3.2600000000 0.2476105156
3.2610000000 0.2475283318
3.2620000000 0.2474458809
3.2630000000 0.2473631630
3.2640000000 0.2472801781
3.2650000000 0.2471969261
3.2660000000 0.2471133995
3.2670000000 0.2470296059
3.2680000000 0.2469455376
3.2690000000 0.2468612022
3.2700000000 0.2467765999
3.2710000000 0.2466917229
3.2720000000 0.2466065788
3.2730000000 0.2465211601
3.2740000000 0.2464354668
3.2750000000 0.2463494987
3.2760000000 0.2462632637
3.2770000000 0.2461767540
3.2780000000 0.2460899773
3.2790000000 0.2460029182
3.2800000000 0.2459155846
3.2810000000 0.2458279839
3.2820000000 0.2457401009
3.2830000000 0.2456519432
3.2840000000 0.2455635109
3.2850000000 0.2454748039
3.2860000000 0.2453858223
3.2870000000 0.2452965584
3.2880000000 0.2452070274
3.2890000000 0.2451172066
3.2900000000 0.2450271111
3.2910000000 0.2449367409
3.2920000000 0.2448460884
3.2930000000 0.2447551613
3.2940000000 0.2446639519
3.2950000000 0.2445724602
3.2960000000 0.2444806938
3.2970000000 0.2443886452
3.2980000000 0.2442963066
3.2990000000 0.2442036934
3.3000000000 0.2441108055
3.3010000000 0.2440176277
3.3020000000 0.2439241676
3.3030000000 0.2438304253
3.3040000000 0.2437363930
3.3050000000 0.2436420860
3.3060000000 0.2435474892
3.3070000000 0.2434526100
3.3080000000 0.2433574486
3.3090000000 0.2432619972
3.3100000000 0.2431662636
3.3110000000 0.2430702400
3.3120000000 0.2429739342
3.3130000000 0.2428773308
3.3140000000 0.2427804527
3.3150000000 0.2426832771
3.3160000000 0.2425858192
3.3170000000 0.2424880714
3.3180000000 0.2423900337
3.3190000000 0.2422917061
3.3200000000 0.2421930885
3.3210000000 0.2420941811
3.3220000000 0.2419949837
3.3230000000 0.2418954964
3.3240000000 0.2417957115
3.3250000000 0.2416956367
3.3260000000 0.2415952721
3.3270000000 0.2414946175
3.3280000000 0.2413936577
3.3290000000 0.2412924156
3.3300000000 0.2411908760
3.3310000000 0.2410890388
3.3320000000 0.2409869118
3.3330000000 0.2408844795
3.3340000000 0.2407817574
3.3350000000 0.2406787453
3.3360000000 0.2405754280
3.3370000000 0.2404718132
3.3380000000 0.2403679008
3.3390000000 0.2402636986
3.3400000000 0.2401591911
3.3410000000 0.2400543785
3.3420000000 0.2399492760
3.3430000000 0.2398438683
3.3440000000 0.2397381630
3.3450000000 0.2396321526
3.3460000000 0.2395258446
3.3470000000 0.2394192390
3.3480000000 0.2393123283
3.3490000000 0.2392051125
3.3500000000 0.2390975914
3.3510000000 0.2389897652
3.3520000000 0.2388816414
3.3530000000 0.2387732124
3.3540000000 0.2386644783
3.3550000000 0.2385554314
3.3560000000 0.2384460869
3.3570000000 0.2383364296
3.3580000000 0.2382264748
3.3590000000 0.2381162071
3.3600000000 0.2380056267
3.3610000000 0.2378947411
3.3620000000 0.2377835503
3.3630000000 0.2376720467
3.3640000000 0.2375602379
3.3650000000 0.2374481163
3.3660000000 0.2373356819
3.3670000000 0.2372229347
3.3680000000 0.2371098824
3.3690000000 0.2369965096
3.3700000000 0.2368828316
3.3710000000 0.2367688408
3.3720000000 0.2366545296
3.3730000000 0.2365399055
3.3740000000 0.2364249687
3.3750000000 0.2363097191
3.3760000000 0.2361941490
3.3770000000 0.2360782661
3.3780000000 0.2359620705
3.3790000000 0.2358455467
3.3800000000 0.2357287178
3.3810000000 0.2356115608
3.3820000000 0.2354940910
3.3830000000 0.2353763008
3.3840000000 0.2352581902
3.3850000000 0.2351397591
3.3860000000 0.2350210075
3.3870000000 0.2349019279
3.3880000000 0.2347825356
3.3890000000 0.2346628151
3.3900000000 0.2345427742
3.3910000000 0.2344224129
3.3920000000 0.2343017235
3.3930000000 0.2341807137
3.3940000000 0.2340593758
3.3950000000 0.2339377174
3.3960000000 0.2338157234
3.3970000000 0.2336934090
3.3980000000 0.2335707664
3.3990000000 0.2334477959
3.4000000000 0.2333245049
3.4010000000 0.2332008781
3.4020000000 0.2330769157
3.4030000000 0.2329526329
3.4040000000 0.2328280144
3.4050000000 0.2327030678
3.4060000000 0.2325777931
3.4070000000 0.2324521751
3.4080000000 0.2323262367
3.4090000000 0.2321999550
3.4100000000 0.2320733452
3.4110000000 0.2319463997
3.4120000000 0.2318191261
3.4130000000 0.2316915092
3.4140000000 0.2315635567
3.4150000000 0.2314352684
3.4160000000 0.2313066444
3.4170000000 0.2311776848
3.4180000000 0.2310483818
3.4190000000 0.2309187431
3.4200000000 0.2307887611
3.4210000000 0.2306584435
3.4220000000 0.2305277824
3.4230000000 0.2303967781
3.4240000000 0.2302654381
3.4250000000 0.2301337547
3.4260000000 0.2300017204
3.4270000000 0.2298693504
3.4280000000 0.2297366371
3.4290000000 0.2296035728
3.4300000000 0.2294701653
3.4310000000 0.2293364143
3.4320000000 0.2292023125
3.4330000000 0.2290678673
3.4340000000 0.2289330711
3.4350000000 0.2287979240
3.4360000000 0.2286624336
3.4370000000 0.2285265923
3.4380000000 0.2283903999
3.4390000000 0.2282538567
3.4400000000 0.2281169624
3.4410000000 0.2279797096
3.4420000000 0.2278421135
3.4430000000 0.2277041588
3.4440000000 0.2275658531
3.4450000000 0.2274271889
3.4460000000 0.2272881660
3.4470000000 0.2271487923
3.4480000000 0.2270090599
3.4490000000 0.2268689690
3.4500000000 0.2267285271
3.4510000000 0.2265877190
3.4520000000 0.2264465523
3.4530000000 0.2263050270
3.4540000000 0.2261631432
3.4550000000 0.2260208931
3.4560000000 0.2258782845
3.4570000000 0.2257353172
3.4580000000 0.2255919762
3.4590000000 0.2254482765
3.4600000000 0.2253042183
3.4610000000 0.2251597862
3.4620000000 0.2250149879
3.4630000000 0.2248698311
3.4640000000 0.2247243004
3.4650000000 0.2245783958
3.4660000000 0.2244321327
3.4670000000 0.2242854958
3.4680000000 0.2241384850
3.4690000000 0.2239911079
3.4700000000 0.2238433571
3.4710000000 0.2236952400
3.4720000000 0.2235467415
3.4730000000 0.2233978691
3.4740000000 0.2232486305
3.4750000000 0.2230990105
3.4760000000 0.2229490166
3.4770000000 0.2227986412
3.4780000000 0.2226478920
3.4790000000 0.2224967613
3.4800000000 0.2223452568
3.4810000000 0.2221933708
3.4820000000 0.2220411034
3.4830000000 0.2218884544
3.4840000000 0.2217354240
3.4850000000 0.2215820122
3.4860000000 0.2214282188
3.4870000000 0.2212740364
3.4880000000 0.2211194725
3.4890000000 0.2209645195
3.4900000000 0.2208091850
3.4910000000 0.2206534615
3.4920000000 0.2204973488
3.4930000000 0.2203408470
3.4940000000 0.2201839561
3.4950000000 0.2200266762
3.4960000000 0.2198689995
3.4970000000 0.2197109337
3.4980000000 0.2195524788
3.4990000000 0.2193936272
3.5000000000 0.2192343788
3.5010000000 0.2190747414
3.5020000000 0.2189147072
3.5030000000 0.2187542686
3.5040000000 0.2185934410
3.5050000000 0.2184322090
3.5060000000 0.2182705803
3.5070000000 0.2181085548
3.5080000000 0.2179461250
3.5090000000 0.2177832909
3.5100000000 0.2176200523
3.5110000000 0.2174564171
3.5120000000 0.2172923775
3.5130000000 0.2171279259
3.5140000000 0.2169630775
3.5150000000 0.2167978172
3.5160000000 0.2166321449
3.5170000000 0.2164660683
3.5180000000 0.2162995872
3.5190000000 0.2161326866
3.5200000000 0.2159653816
3.5210000000 0.2157976646
3.5220000000 0.2156295280
3.5230000000 0.2154609871
3.5240000000 0.2152920265
3.5250000000 0.2151226463
3.5260000000 0.2149528542
3.5270000000 0.2147826424
3.5280000000 0.2146120110
3.5290000000 0.2144409676
3.5300000000 0.2142694969
3.5310000000 0.2140976067
3.5320000000 0.2139252968
3.5330000000 0.2137525597
3.5340000000 0.2135794029
3.5350000000 0.2134058189
3.5360000000 0.2132318077
3.5370000000 0.2130573692
3.5380000000 0.2128825111
3.5390000000 0.2127072182
3.5400000000 0.2125314980
3.5410000000 0.2123553429
3.5420000000 0.2121787605
3.5430000000 0.2120017433
3.5440000000 0.2118242912
3.5450000000 0.2116464043
3.5460000000 0.2114680824
3.5470000000 0.2112893257
3.5480000000 0.2111101341
3.5490000000 0.2109305000
3.5500000000 0.2107504311
3.5510000000 0.2105699196
3.5520000000 0.2103889656
3.5530000000 0.2102075615
3.5540000000 0.2100257225
3.5550000000 0.2098434410
3.5560000000 0.2096607094
3.5570000000 0.2094775276
3.5580000000 0.2092939034
3.5590000000 0.2091098289
3.5600000000 0.2089253044
3.5610000000 0.2087403297
3.5620000000 0.2085549049
3.5630000000 0.2083690224
3.5640000000 0.2081826897
3.5650000000 0.2079958992
3.5660000000 0.2078086586
3.5670000000 0.2076209526
3.5680000000 0.2074327888
3.5690000000 0.2072441673
3.5700000000 0.2070550880
3.5710000000 0.2068655434
3.5720000000 0.2066755333
3.5730000000 0.2064850655
3.5740000000 0.2062941246
3.5750000000 0.2061027184
3.5760000000 0.2059108543
3.5770000000 0.2057185097
3.5780000000 0.2055256996
3.5790000000 0.2053324242
3.5800000000 0.2051386681
3.5810000000 0.2049444389
3.5820000000 0.2047497368
3.5830000000 0.2045545616
3.5840000000 0.2043589058
3.5850000000 0.2041627769
3.5860000000 0.2039661674
3.5870000000 0.2037690697
3.5880000000 0.2035714989
3.5890000000 0.2033734398
3.5900000000 0.2031749001
3.5910000000 0.2029758720
3.5920000000 0.2027763557
3.5930000000 0.2025763512
3.5940000000 0.2023758659
3.5950000000 0.2021748772
3.5960000000 0.2019734077
3.5970000000 0.2017714348
3.5980000000 0.2015689735
3.5990000000 0.2013660164
3.6000000000 0.2011625633
3.6010000000 0.2009586067
3.6020000000 0.2007541542
3.6030000000 0.2005491982
3.6040000000 0.2003437386
3.6050000000 0.2001377831
3.6060000000 0.1999313164
3.6070000000 0.1997243385
3.6080000000 0.1995168648
3.6090000000 0.1993088722
3.6100000000 0.1991003685
3.6110000000 0.1988913612
3.6120000000 0.1986818352
3.6130000000 0.1984717903
3.6140000000 0.1982612343
3.6150000000 0.1980501595
3.6160000000 0.1978385658
3.6170000000 0.1976264534
3.6180000000 0.1974138145
3.6190000000 0.1972006569
3.6200000000 0.1969869652
3.6210000000 0.1967727547
3.6220000000 0.1965580177
3.6230000000 0.1963427467
3.6240000000 0.1961269493
3.6250000000 0.1959106178
3.6260000000 0.1956937523
3.6270000000 0.1954763451
3.6280000000 0.1952584114
3.6290000000 0.1950399361
3.6300000000 0.1948209190
3.6310000000 0.1946013603
3.6320000000 0.1943812523
3.6330000000 0.1941606102
3.6340000000 0.1939394112
3.6350000000 0.1937176704
3.6360000000 0.1934953804
3.6370000000 0.1932725410
3.6380000000 0.1930491447
3.6390000000 0.1928251915
3.6400000000 0.1926006889
3.6410000000 0.1923756218
3.6420000000 0.1921499977
3.6430000000 0.1919238167
3.6440000000 0.1916970634
3.6450000000 0.1914697533
3.6460000000 0.1912418709
3.6470000000 0.1910134239
3.6480000000 0.1907844124
3.6490000000 0.1905548210
3.6500000000 0.1903246574
3.6510000000 0.1900939217
3.6520000000 0.1898626060
3.6530000000 0.1896307182
3.6540000000 0.1893982430
3.6550000000 0.1891651878
3.6560000000 0.1889315453
3.6570000000 0.1886973228
3.6580000000 0.1884625053
3.6590000000 0.1882271080
3.6600000000 0.1879911079
3.6610000000 0.1877545204
3.6620000000 0.1875173378
3.6630000000 0.1872795525
3.6640000000 0.1870411720
3.6650000000 0.1868021889
3.6660000000 0.1865626106
3.6670000000 0.1863224144
3.6680000000 0.1860816154
3.6690000000 0.1858402138
3.6700000000 0.1855981941
3.6710000000 0.1853555641
3.6720000000 0.1851123161
3.6730000000 0.1848684502
3.6740000000 0.1846239662
3.6750000000 0.1843788643
3.6760000000 0.1841331367
3.6770000000 0.1838867836
3.6780000000 0.1836398048
3.6790000000 0.1833921928
3.6800000000 0.1831439476
3.6810000000 0.1828950691
3.6820000000 0.1826455574
3.6830000000 0.1823953972
3.6840000000 0.1821446037
3.6850000000 0.1818931694
3.6860000000 0.1816410866
3.6870000000 0.1813883553
3.6880000000 0.1811349754
3.6890000000 0.1808809471
3.6900000000 0.1806262550
3.6910000000 0.1803709145
3.6920000000 0.1801149101
3.6930000000 0.1798582497
3.6940000000 0.1796009178
3.6950000000 0.1793429222
3.6960000000 0.1790842552
3.6970000000 0.1788249245
3.6980000000 0.1785649147
3.6990000000 0.1783042259
3.7000000000 0.1780428658
3.7010000000 0.1777808189
3.7020000000 0.1775180931
3.7030000000 0.1772546730
3.7040000000 0.1769905739
3.7050000000 0.1767257729
3.7060000000 0.1764602852
3.7070000000 0.1761940956
3.7080000000 0.1759272118
3.7090000000 0.1756596260
3.7100000000 0.1753913307
3.7110000000 0.1751223335
3.7120000000 0.1748526192
3.7130000000 0.1745821953
3.7140000000 0.1743110542
3.7150000000 0.1740391960
3.7160000000 0.1737666206
3.7170000000 0.1734933128
3.7180000000 0.1732192802
3.7190000000 0.1729445229
3.7200000000 0.1726690254
3.7210000000 0.1723927956
3.7220000000 0.1721158257
3.7230000000 0.1718381157
3.7240000000 0.1715596581
3.7250000000 0.1712804604
3.7260000000 0.1710004997
3.7270000000 0.1707197914
3.7280000000 0.1704383278
3.7290000000 0.1701561012
3.7300000000 0.1698731117
3.7310000000 0.1695893517
3.7320000000 0.1693048210
3.7330000000 0.1690195198
3.7340000000 0.1687334480
3.7350000000 0.1684465904
3.7360000000 0.1681589470
3.7370000000 0.1678705177
3.7380000000 0.1675813026
3.7390000000 0.1672912865
3.7400000000 0.1670004845
3.7410000000 0.1667088737
3.7420000000 0.1664164619
3.7430000000 0.1661232414
3.7440000000 0.1658292122
3.7450000000 0.1655343666
3.7460000000 0.1652386971
3.7470000000 0.1649422112
3.7480000000 0.1646449013
3.7490000000 0.1643467598
3.7500000000 0.1640477867
3.7510000000 0.1637479744
3.7520000000 0.1634473152
3.7530000000 0.1631458168
3.7540000000 0.1628434715
3.7550000000 0.1625402718
3.7560000000 0.1622362175
3.7570000000 0.1619313011
3.7580000000 0.1616255150
3.7590000000 0.1613188591
3.7600000000 0.1610113335
3.7610000000 0.1607029305
3.7620000000 0.1603936501
3.7630000000 0.1600834770
3.7640000000 0.1597724190
3.7650000000 0.1594604607
3.7660000000 0.1591476021
3.7670000000 0.1588338432
3.7680000000 0.1585191765
3.7690000000 0.1582035942
3.7700000000 0.1578871040
3.7710000000 0.1575696831
3.7720000000 0.1572513390
3.7730000000 0.1569320564
3.7740000000 0.1566118431
3.7750000000 0.1562906914
3.7760000000 0.1559685936
3.7770000000 0.1556455421
3.7780000000 0.1553215294
3.7790000000 0.1549965630
3.7800000000 0.1546706276
3.7810000000 0.1543437233
3.7820000000 0.1540158424
3.7830000000 0.1536869774
3.7840000000 0.1533571281
3.7850000000 0.1530262871
3.7860000000 0.1526944466
3.7870000000 0.1523616066
3.7880000000 0.1520277519
3.7890000000 0.1516928902
3.7900000000 0.1513569984
3.7910000000 0.1510200920
3.7920000000 0.1506821480
3.7930000000 0.1503431664
3.7940000000 0.1500031395
3.7950000000 0.1496620674
3.7960000000 0.1493199348
3.7970000000 0.1489767494
3.7980000000 0.1486324883
3.7990000000 0.1482871513
3.8000000000 0.1479407387
3.8010000000 0.1475932426
3.8020000000 0.1472446480
3.8030000000 0.1468949547
3.8040000000 0.1465441551
3.8050000000 0.1461922417
3.8060000000 0.1458392067
3.8070000000 0.1454850426
3.8080000000 0.1451297493
3.8090000000 0.1447733116
3.8100000000 0.1444157295
3.8110000000 0.1440569878
3.8120000000 0.1436970863
3.8130000000 0.1433360100
3.8140000000 0.1429737587
3.8150000000 0.1426103249
3.8160000000 0.1422456932
3.8170000000 0.1418798561
3.8180000000 0.1415128212
3.8190000000 0.1411445580
3.8200000000 0.1407750816
3.8210000000 0.1404043617
3.8220000000 0.1400324059
3.8230000000 0.1396591911
3.8240000000 0.1392847252
3.8250000000 0.1389089928
3.8260000000 0.1385319786
3.8270000000 0.1381536827
3.8280000000 0.1377740974
3.8290000000 0.1373931999
3.8300000000 0.1370109978
3.8310000000 0.1366274681
3.8320000000 0.1362426109
3.8330000000 0.1358564034
3.8340000000 0.1354688530
3.8350000000 0.1350799370
3.8360000000 0.1346896553
3.8370000000 0.1342979851
3.8380000000 0.1339049339
3.8390000000 0.1335104713
3.8400000000 0.1331145973
3.8410000000 0.1327172966
3.8420000000 0.1323185692
3.8430000000 0.1319183846
3.8440000000 0.1315167503
3.8450000000 0.1311136436
3.8460000000 0.1307090569
3.8470000000 0.1303029823
3.8480000000 0.1298953972
3.8490000000 0.1294862938
3.8500000000 0.1290756645
3.8510000000 0.1286634941
3.8520000000 0.1282497673
3.8530000000 0.1278344688
3.8540000000 0.1274175911
3.8550000000 0.1269991188
3.8560000000 0.1265790443
3.8570000000 0.1261573372
3.8580000000 0.1257339973
3.8590000000 0.1253090096
3.8600000000 0.1248823586
3.8610000000 0.1244540215
3.8620000000 0.1240239906
3.8630000000 0.1235922432
3.8640000000 0.1231587791
3.8650000000 0.1227235603
3.8660000000 0.1222865944
3.8670000000 0.1218478432
3.8680000000 0.1214073067
3.8690000000 0.1209649620
3.8700000000 0.1205207863
3.8710000000 0.1200747643
3.8720000000 0.1196268883
3.8730000000 0.1191771202
3.8740000000 0.1187254601
3.8750000000 0.1182718849
3.8760000000 0.1178163643
3.8770000000 0.1173588829
3.8780000000 0.1168994331
3.8790000000 0.1164379768
3.8800000000 0.1159745064
3.8810000000 0.1155089912
3.8820000000 0.1150414085
3.8830000000 0.1145717506
3.8840000000 0.1140999794
3.8850000000 0.1136260719
3.8860000000 0.1131500130
3.8870000000 0.1126717796
3.8880000000 0.1121913338
3.8890000000 0.1117086678
3.8900000000 0.1112237434
3.8910000000 0.1107365379
3.8920000000 0.1102470207
3.8930000000 0.1097551689
3.8940000000 0.1092609596
3.8950000000 0.1087643547
3.8960000000 0.1082653236
3.8970000000 0.1077638435
3.8980000000 0.1072598839
3.8990000000 0.1067534065
3.9000000000 0.1062443810
3.9010000000 0.1057327843
3.9020000000 0.1052185631
3.9030000000 0.1047017021
3.9040000000 0.1041821556
3.9050000000 0.1036598930
3.9060000000 0.1031348763
3.9070000000 0.1026070595
3.9080000000 0.1020764122
3.9090000000 0.1015428886
3.9100000000 0.1010064507
3.9110000000 0.1004670601
3.9120000000 0.0999246635
3.9130000000 0.0993792305
3.9140000000 0.0988306999
3.9150000000 0.0982790337
3.9160000000 0.0977241783
3.9170000000 0.0971660881
3.9180000000 0.0966047173
3.9190000000 0.0960400047
3.9200000000 0.0954718971
3.9210000000 0.0949003410
3.9220000000 0.0943252754
3.9230000000 0.0937466469
3.9240000000 0.0931643944
3.9250000000 0.0925784492
3.9260000000 0.0919887505
3.9270000000 0.0913952370
3.9280000000 0.0907978249
3.9290000000 0.0901964607
3.9300000000 0.0895910606
3.9310000000 0.0889815483
3.9320000000 0.0883678474
3.9330000000 0.0877498741
3.9340000000 0.0871275444
3.9350000000 0.0865007820
3.9360000000 0.0858694801
3.9370000000 0.0852335548
3.9380000000 0.0845929070
3.9390000000 0.0839474297
3.9400000000 0.0832970314
3.9410000000 0.0826415977
3.9420000000 0.0819810066
3.9430000000 0.0813151512
3.9440000000 0.0806439095
3.9450000000 0.0799671516
3.9460000000 0.0792847404
3.9470000000 0.0785965385
3.9480000000 0.0779024086
3.9490000000 0.0772021980
3.9500000000 0.0764957390
3.9510000000 0.0757828789
3.9520000000 0.0750634346
3.9530000000 0.0743372307
3.9540000000 0.0736040840
3.9550000000 0.0728637810
3.9560000000 0.0721161232
3.9570000000 0.0713608818
3.9580000000 0.0705978355
3.9590000000 0.0698267326
3.9600000000 0.0690473137
3.9610000000 0.0682593117
3.9620000000 0.0674624367
3.9630000000 0.0666563835
3.9640000000 0.0658408241
3.9650000000 0.0650154152
3.9660000000 0.0641797981
3.9670000000 0.0633335762
3.9680000000 0.0624763374
3.9690000000 0.0616076317
3.9700000000 0.0607269936
3.9710000000 0.0598339043
3.9720000000 0.0589278069
3.9730000000 0.0580081291
3.9740000000 0.0570742149
3.9750000000 0.0561253777
3.9760000000 0.0551608696
3.9770000000 0.0541798744
3.9780000000 0.0531814995
3.9790000000 0.0521647606
3.9800000000 0.0511285973
3.9810000000 0.0500718193
3.9820000000 0.0489931221
3.9830000000 0.0478910408
3.9840000000 0.0467639503
3.9850000000 0.0456100349
3.9860000000 0.0444272194
3.9870000000 0.0432131767
3.9880000000 0.0419652138
3.9890000000 0.0406802483
3.9900000000 0.0393546867
3.9910000000 0.0379843254
3.9920000000 0.0365641670
3.9930000000 0.0350881920
3.9940000000 0.0335490990
3.9950000000 0.0319378090
3.9960000000 0.0302428246
3.9970000000 0.0284492531
3.9980000000 0.0265371819
3.9990000000 0.0244789238
4.0000000000 0.0222339821
4.0010000000 0.0197388802
4.0020000000 0.0168831444
4.0030000000 0.0134389763
4.0040000000 0.0087363167
