2.1000000010 2.3469731885
2.2000000010 2.4392578662
2.3000000010 2.5322616650
2.4000000010 2.6259096631
2.5000000010 2.7201369775
2.6000000010 2.8148872510
2.7000000010 2.9101113818
2.8000000010 3.0057664502
2.9000000010 3.1018148291
3.0000000010 3.1982234326
3.1000000010 3.2949631104
3.2000000010 3.3920081201
3.3000000010 3.4893356690
3.4000000010 3.5869255322
3.5000000010 3.6847597803
3.6000000010 3.7828224365
3.7000000010 3.8810992920
3.8000000010 3.9795777100
3.9000000010 4.0782463916
4.0000000010 4.1770953272
4.1000000010 4.2761155713
4.2000000010 4.3752992041
4.3000000010 4.4746391846
4.4000000010 4.5741293018
4.5000000010 4.6737641064
4.6000000010 4.7735388135
4.7000000010 4.8734492920
4.8000000010 4.9734919775
4.9000000010 5.0736638818
