0.0650010000 1.0005312500 2.1010937500
0.0700010000 1.0006562500 2.1012187500
0.0750010000 1.0007187500 2.1014062500
0.0800010000 1.0008437500 2.1015937500
0.0850010000 1.0009062500 2.1018437500
0.0900010000 1.0010312500 2.1020312500
0.0950010000 1.0011562500 2.1022812500
0.1000010000 1.0012812500 2.1025312500
0.1050010000 1.0014062500 2.1027812500
0.1100010000 1.0015312500 2.1030312500
0.1150010000 1.0016562500 2.1033437500
0.1200010000 1.0018437500 2.1036562500
0.1250010000 1.0019687500 2.1039687500
0.1300010000 1.0021562500 2.1042812500
0.1350010000 1.0023437500 2.1045937500
0.1400010000 1.0024687500 2.1049687500
0.1450010000 1.0026562500 2.1052812500
0.1500010000 1.0028437500 2.1056562500
0.1550010000 1.0030312500 2.1060312500
0.1600010000 1.0032812500 2.1064687500
0.1650010000 1.0034687500 2.1068437500
0.1700010000 1.0036562500 2.1072812500
0.1750010000 1.0039062500 2.1077187500
0.1800010000 1.0040937500 2.1081562500
0.1850010000 1.0043437500 2.1085937500
0.1900010000 1.0045937500 2.1090937500
0.1950010000 1.0048437500 2.1095937500
0.2000010000 1.0050937500 2.1100937500
0.2050010000 1.0053437500 2.1105937500
0.2100010000 1.0055937500 2.1110937500
0.2150010000 1.0058437500 2.1116562500
0.2200010000 1.0061562500 2.1121562500
0.2250010000 1.0064062500 2.1127187500
0.2300010000 1.0067187500 2.1133437500
0.2350010000 1.0070312500 2.1139062500
0.2400010000 1.0072812500 2.1144687500
0.2450010000 1.0075937500 2.1150937500
0.2500010000 1.0079062500 2.1157187500
0.2550010000 1.0082187500 2.1163437500
0.2600010000 1.0085937500 2.1170312500
0.2650010000 1.0089062500 2.1176562500
0.2700010000 1.0092187500 2.1183437500
0.2750010000 1.0095937500 2.1190312500
0.2800010000 1.0099062500 2.1197187500
0.2850010000 1.0102812500 2.1204062500
0.2900010000 1.0106562500 2.1211562500
0.2950010000 1.0110312500 2.1218437500
0.3000010000 1.0114062500 2.1225937500
0.3050010000 1.0117812500 2.1233437500
0.3100010000 1.0121562500 2.1241562500
0.3150010000 1.0125312500 2.1249062500
0.3200010000 1.0129062500 2.1257187500
0.3250010000 1.0133437500 2.1265312500
0.3300010000 1.0137187500 2.1273437500
0.3350010000 1.0141562500 2.1281562500
0.3400010000 1.0145937500 2.1290312500
0.3450010000 1.0149687500 2.1298437500
0.3500010000 1.0154062500 2.1307187500
0.3550010000 1.0158437500 2.1315937500
0.3600010000 1.0162812500 2.1325312500
0.3650010000 1.0167812500 2.1334062500
0.3700010000 1.0172187500 2.1343437500
0.3750010000 1.0176562500 2.1352812500
0.3800010000 1.0181562500 2.1362187500
0.3850010000 1.0185937500 2.1371562500
0.3900010000 1.0190937500 2.1380937500
0.3950010000 1.0195937500 2.1390937500
0.4000010000 1.0200937500 2.1400937500
0.4050010000 1.0205312500 2.1410937500
0.4100010000 1.0210937500 2.1420937500
0.4150010000 1.0215937500 2.1431562500
0.4200010000 1.0220937500 2.1441562500
0.4250010000 1.0225937500 2.1452187500
0.4300010000 1.0231562500 2.1462812500
0.4350010000 1.0236562500 2.1473437500
0.4400010000 1.0242187500 2.1484687500
0.4450010000 1.0247187500 2.1495312500
0.4500010000 1.0252812500 2.1506562500
0.4550010000 1.0258437500 2.1517812500
0.4600010000 1.0264062500 2.1529062500
0.4650010000 1.0269687500 2.1540312500
0.4700010000 1.0275312500 2.1552187500
0.4750010000 1.0280937500 2.1564062500
0.4800010000 1.0286562500 2.1575312500
0.4850010000 1.0292812500 2.1587812500
0.4900010000 1.0298437500 2.1599687500
0.4950010000 1.0304687500 2.1611562500
0.5000010000 1.0310312500 2.1624062500
0.5050010000 1.0316562500 2.1636562500
0.5100010000 1.0322812500 2.1649062500
0.5150010000 1.0329062500 2.1661562500
0.5200010000 1.0335312500 2.1674687500
0.5250010000 1.0341562500 2.1687187500
0.5300010000 1.0347812500 2.1700312500
0.5350010000 1.0354062500 2.1713437500
0.5400010000 1.0360312500 2.1726562500
0.5450010000 1.0367187500 2.1739687500
0.5500010000 1.0373437500 2.1753437500
0.5550010000 1.0380312500 2.1767187500
0.5600010000 1.0387187500 2.1780937500
0.5650010000 1.0393437500 2.1794687500
0.5700010000 1.0400312500 2.1808437500
0.5750010000 1.0407187500 2.1822812500
0.5800010000 1.0414062500 2.1836562500
0.5850010000 1.0420937500 2.1850937500
0.5900010000 1.0427812500 2.1865312500
0.5950010000 1.0435312500 2.1879687500
0.6000010000 1.0442187500 2.1894687500
0.6050010000 1.0449062500 2.1909062500
0.6100010000 1.0456562500 2.1924062500
0.6150010000 1.0463437500 2.1939062500
0.6200010000 1.0470937500 2.1954062500
0.6250010000 1.0478437500 2.1969062500
0.6300010000 1.0485937500 2.1984687500
0.6350010000 1.0492812500 2.2000312500
0.6400010000 1.0500312500 2.2015937500
0.6450010000 1.0507812500 2.2031562500
0.6500010000 1.0515937500 2.2047187500
0.6550010000 1.0523437500 2.2062812500
0.6600010000 1.0530937500 2.2079062500
0.6650010000 1.0538437500 2.2095312500
0.6700010000 1.0546562500 2.2111562500
0.6750010000 1.0554062500 2.2127812500
0.6800010000 1.0562187500 2.2144062500
0.6850010000 1.0570312500 2.2160312500
0.6900010000 1.0577812500 2.2177187500
0.6950010000 1.0585937500 2.2194062500
0.7000010000 1.0594062500 2.2210937500
0.7050010000 1.0602187500 2.2227812500
0.7100010000 1.0610312500 2.2245312500
0.7150010000 1.0618437500 2.2262187500
0.7200010000 1.0626562500 2.2279687500
0.7250010000 1.0635312500 2.2297187500
0.7300010000 1.0643437500 2.2314687500
0.7350010000 1.0652187500 2.2332187500
0.7400010000 1.0660312500 2.2350312500
0.7450010000 1.0669062500 2.2367812500
0.7500010000 1.0677187500 2.2385937500
0.7550010000 1.0685937500 2.2404062500
0.7600010000 1.0694687500 2.2422187500
0.7650010000 1.0703437500 2.2440312500
0.7700010000 1.0712187500 2.2459062500
0.7750010000 1.0720937500 2.2477812500
0.7800010000 1.0729687500 2.2495937500
0.7850010000 1.0738437500 2.2514687500
0.7900010000 1.0747187500 2.2534062500
0.7950010000 1.0756562500 2.2552812500
0.8000010000 1.0765312500 2.2572187500
0.8050010000 1.0774062500 2.2590937500
0.8100010000 1.0783437500 2.2610312500
0.8150010000 1.0792187500 2.2629687500
0.8200010000 1.0801562500 2.2649062500
0.8250010000 1.0810937500 2.2669062500
0.8300010000 1.0820312500 2.2688437500
0.8350010000 1.0829687500 2.2708437500
0.8400010000 1.0839062500 2.2728437500
0.8450010000 1.0848437500 2.2748437500
0.8500010000 1.0857812500 2.2768437500
0.8550010000 1.0867187500 2.2788437500
0.8600010000 1.0876562500 2.2809062500
0.8650010000 1.0885937500 2.2829687500
0.8700010000 1.0895937500 2.2850312500
0.8750010000 1.0905312500 2.2870937500
0.8800010000 1.0915312500 2.2891562500
0.8850010000 1.0924687500 2.2912187500
0.8900010000 1.0934687500 2.2933437500
0.8950010000 1.0944687500 2.2954687500
0.9000010000 1.0954062500 2.2975312500
0.9050010000 1.0964062500 2.2996562500
0.9100010000 1.0974062500 2.3018437500
0.9150010000 1.0984062500 2.3039687500
0.9200010000 1.0994062500 2.3061562500
0.9250010000 1.1004062500 2.3082812500
0.9300010000 1.1014062500 2.3104687500
0.9350010000 1.1024062500 2.3126562500
0.9400010000 1.1034687500 2.3148437500
0.9450010000 1.1044687500 2.3170937500
0.9500010000 1.1055312500 2.3192812500
0.9550010000 1.1065312500 2.3215312500
0.9600010000 1.1075937500 2.3237812500
0.9650010000 1.1085937500 2.3260312500
0.9700010000 1.1096562500 2.3282812500
0.9750010000 1.1107187500 2.3305312500
0.9800010000 1.1117187500 2.3327812500
0.9850010000 1.1127812500 2.3350937500
0.9900010000 1.1138437500 2.3374062500
0.9950010000 1.1149062500 2.3397187500
1.0000010000 1.1159687500 2.3420312500
1.0050010000 1.1170312500 2.3443437500
1.0100010000 1.1181562500 2.3466562500
1.0150010000 1.1192187500 2.3490312500
1.0200010000 1.1202812500 2.3514062500
1.0250010000 1.1214062500 2.3537187500
1.0300010000 1.1224687500 2.3560937500
1.0350010000 1.1235312500 2.3585312500
1.0400010000 1.1246562500 2.3609062500
1.0450010000 1.1257812500 2.3632812500
1.0500010000 1.1268437500 2.3657187500
1.0550010000 1.1279687500 2.3681562500
1.0600010000 1.1290937500 2.3705937500
1.0650010000 1.1302187500 2.3730312500
1.0700010000 1.1313437500 2.3754687500
1.0750010000 1.1324687500 2.3779062500
1.0800010000 1.1335937500 2.3804062500
1.0850010000 1.1347187500 2.3829062500
1.0900010000 1.1358437500 2.3853437500
1.0950010000 1.1369687500 2.3878437500
1.1000010000 1.1380937500 2.3903437500
1.1050010000 1.1392812500 2.3929062500
1.1100010000 1.1404062500 2.3954062500
1.1150010000 1.1415937500 2.3979687500
1.1200010000 1.1427187500 2.4004687500
1.1250010000 1.1439062500 2.4030312500
1.1300010000 1.1450312500 2.4055937500
1.1350010000 1.1462187500 2.4081562500
1.1400010000 1.1474062500 2.4107812500
1.1450010000 1.1485312500 2.4133437500
1.1500010000 1.1497187500 2.4159687500
1.1550010000 1.1509062500 2.4185312500
1.1600010000 1.1520937500 2.4211562500
1.1650010000 1.1532812500 2.4237812500
1.1700010000 1.1544687500 2.4264062500
1.1750010000 1.1556562500 2.4290937500
1.1800010000 1.1569062500 2.4317187500
1.1850010000 1.1580937500 2.4344062500
1.1900010000 1.1592812500 2.4370312500
1.1950010000 1.1605312500 2.4397187500
1.2000010000 1.1617187500 2.4424062500
1.2050010000 1.1629062500 2.4450937500
1.2100010000 1.1641562500 2.4478437500
1.2150010000 1.1654062500 2.4505312500
1.2200010000 1.1665937500 2.4532812500
1.2250010000 1.1678437500 2.4559687500
1.2300010000 1.1690937500 2.4587187500
1.2350010000 1.1702812500 2.4614687500
1.2400010000 1.1715312500 2.4642187500
1.2450010000 1.1727812500 2.4670312500
1.2500010000 1.1740312500 2.4697812500
1.2550010000 1.1752812500 2.4725312500
1.2600010000 1.1765312500 2.4753437500
1.2650010000 1.1777812500 2.4781562500
1.2700010000 1.1790937500 2.4809687500
1.2750010000 1.1803437500 2.4837812500
1.2800010000 1.1815937500 2.4865937500
1.2850010000 1.1829062500 2.4894062500
1.2900010000 1.1841562500 2.4922812500
1.2950010000 1.1854062500 2.4950937500
1.3000010000 1.1867187500 2.4979687500
1.3050010000 1.1879687500 2.5008437500
1.3100010000 1.1892812500 2.5037187500
1.3150010000 1.1905937500 2.5065937500
1.3200010000 1.1918437500 2.5094687500
1.3250010000 1.1931562500 2.5124062500
1.3300010000 1.1944687500 2.5152812500
1.3350010000 1.1957812500 2.5182187500
1.3400010000 1.1970937500 2.5210937500
1.3450010000 1.1984062500 2.5240312500
1.3500010000 1.1997187500 2.5269687500
1.3550010000 1.2010312500 2.5299062500
1.3600010000 1.2023437500 2.5329062500
1.3650010000 1.2036562500 2.5358437500
1.3700010000 1.2050312500 2.5388437500
1.3750010000 1.2063437500 2.5417812500
1.3800010000 1.2076562500 2.5447812500
1.3850010000 1.2090312500 2.5477812500
1.3900010000 1.2103437500 2.5507812500
1.3950010000 1.2117187500 2.5537812500
1.4000010000 1.2130312500 2.5567812500
1.4050010000 1.2144062500 2.5598437500
1.4100010000 1.2157187500 2.5628437500
1.4150010000 1.2170937500 2.5659062500
1.4200010000 1.2184687500 2.5689062500
1.4250010000 1.2198437500 2.5719687500
1.4300010000 1.2212187500 2.5750312500
1.4350010000 1.2225937500 2.5780937500
1.4400010000 1.2239687500 2.5812187500
1.4450010000 1.2253437500 2.5842812500
1.4500010000 1.2267187500 2.5874062500
1.4550010000 1.2280937500 2.5904687500
1.4600010000 1.2294687500 2.5935937500
1.4650010000 1.2308437500 2.5967187500
1.4700010000 1.2322187500 2.5998437500
1.4750010000 1.2336562500 2.6029687500
1.4800010000 1.2350312500 2.6060937500
1.4850010000 1.2364687500 2.6092187500
1.4900010000 1.2378437500 2.6124062500
1.4950010000 1.2392812500 2.6155312500
1.5000010000 1.2406562500 2.6187187500
1.5050010000 1.2420937500 2.6219062500
1.5100010000 1.2434687500 2.6250312500
1.5150010000 1.2449062500 2.6282187500
1.5200010000 1.2463437500 2.6314062500
1.5250010000 1.2477812500 2.6346562500
1.5300010000 1.2492187500 2.6378437500
1.5350010000 1.2505937500 2.6410312500
1.5400010000 1.2520312500 2.6442812500
1.5450010000 1.2534687500 2.6475312500
1.5500010000 1.2549687500 2.6507187500
1.5550010000 1.2564062500 2.6539687500
1.5600010000 1.2578437500 2.6572187500
1.5650010000 1.2592812500 2.6604687500
1.5700010000 1.2607187500 2.6637812500
1.5750010000 1.2622187500 2.6670312500
1.5800010000 1.2636562500 2.6703437500
1.5850010000 1.2650937500 2.6735937500
1.5900010000 1.2665937500 2.6769062500
1.5950010000 1.2680312500 2.6801562500
1.6000010000 1.2695312500 2.6834687500
1.6050010000 1.2710312500 2.6867812500
1.6100010000 1.2724687500 2.6900937500
1.6150010000 1.2739687500 2.6934687500
1.6200010000 1.2754687500 2.6967812500
1.6250010000 1.2769062500 2.7000937500
1.6300010000 1.2784062500 2.7034687500
1.6350010000 1.2799062500 2.7067812500
1.6400010000 1.2814062500 2.7101562500
1.6450010000 1.2829062500 2.7135312500
1.6500010000 1.2844062500 2.7169062500
1.6550010000 1.2859062500 2.7202812500
1.6600010000 1.2874062500 2.7236562500
1.6650010000 1.2889687500 2.7270312500
1.6700010000 1.2904687500 2.7304687500
1.6750010000 1.2919687500 2.7338437500
1.6800010000 1.2935312500 2.7372812500
1.6850010000 1.2950312500 2.7406562500
1.6900010000 1.2965312500 2.7440937500
1.6950010000 1.2980937500 2.7475312500
1.7000010000 1.2995937500 2.7509687500
1.7050010000 1.3011562500 2.7544062500
1.7100010000 1.3027187500 2.7578437500
1.7150010000 1.3042187500 2.7612812500
1.7200010000 1.3057812500 2.7647812500
1.7250010000 1.3073437500 2.7682187500
1.7300010000 1.3089062500 2.7717187500
1.7350010000 1.3104062500 2.7751562500
1.7400010000 1.3119687500 2.7786562500
1.7450010000 1.3135312500 2.7821562500
1.7500010000 1.3150937500 2.7856562500
1.7550010000 1.3166562500 2.7891562500
1.7600010000 1.3182187500 2.7926562500
1.7650010000 1.3198437500 2.7961562500
1.7700010000 1.3214062500 2.7997187500
1.7750010000 1.3229687500 2.8032187500
1.7800010000 1.3245312500 2.8067812500
1.7850010000 1.3261562500 2.8102812500
1.7900010000 1.3277187500 2.8138437500
1.7950010000 1.3293437500 2.8174062500
1.8000010000 1.3309062500 2.8209687500
1.8050010000 1.3325312500 2.8245312500
1.8100010000 1.3340937500 2.8280937500
1.8150010000 1.3357187500 2.8316562500
1.8200010000 1.3372812500 2.8352187500
1.8250010000 1.3389062500 2.8388437500
1.8300010000 1.3405312500 2.8424062500
1.8350010000 1.3421562500 2.8460312500
1.8400010000 1.3437812500 2.8495937500
1.8450010000 1.3453437500 2.8532187500
1.8500010000 1.3469687500 2.8568437500
1.8550010000 1.3485937500 2.8604687500
1.8600010000 1.3502812500 2.8640937500
1.8650010000 1.3519062500 2.8677187500
1.8700010000 1.3535312500 2.8713437500
1.8750010000 1.3551562500 2.8749687500
1.8800010000 1.3567812500 2.8786562500
1.8850010000 1.3584062500 2.8822812500
1.8900010000 1.3600937500 2.8859062500
1.8950010000 1.3617187500 2.8895937500
1.9000010000 1.3634062500 2.8932812500
1.9050010000 1.3650312500 2.8969687500
1.9100010000 1.3667187500 2.9005937500
1.9150010000 1.3683437500 2.9042812500
1.9200010000 1.3700312500 2.9079687500
1.9250010000 1.3717187500 2.9117187500
1.9300010000 1.3733437500 2.9154062500
1.9350010000 1.3750312500 2.9190937500
1.9400010000 1.3767187500 2.9227812500
1.9450010000 1.3784062500 2.9265312500
1.9500010000 1.3800937500 2.9302187500
1.9550010000 1.3817812500 2.9339687500
1.9600010000 1.3834687500 2.9377187500
1.9650010000 1.3851562500 2.9414687500
1.9700010000 1.3868437500 2.9452187500
1.9750010000 1.3885312500 2.9489062500
1.9800010000 1.3902187500 2.9527187500
1.9850010000 1.3919062500 2.9564687500
1.9900010000 1.3936562500 2.9602187500
1.9950010000 1.3953437500 2.9639687500
2.0000010000 1.3970312500 2.9677812500
2.0050010000 1.3987812500 2.9715312500
2.0100010000 1.4004687500 2.9753437500
2.0150010000 1.4022187500 2.9790937500
2.0200010000 1.4039062500 2.9829062500
2.0250010000 1.4056562500 2.9867187500
2.0300010000 1.4073437500 2.9904687500
2.0350010000 1.4090937500 2.9942812500
2.0400010000 1.4108437500 2.9980937500
2.0450010000 1.4125937500 3.0019062500
2.0500010000 1.4143437500 3.0057812500
2.0550010000 1.4160312500 3.0095937500
2.0600010000 1.4177812500 3.0134062500
2.0650010000 1.4195312500 3.0172812500
2.0700010000 1.4212812500 3.0210937500
2.0750010000 1.4230312500 3.0249687500
2.0800010000 1.4248437500 3.0287812500
2.0850010000 1.4265937500 3.0326562500
2.0900010000 1.4283437500 3.0365312500
2.0950010000 1.4300937500 3.0404062500
2.1000010000 1.4319062500 3.0442812500
2.1050010000 1.4336562500 3.0481562500
2.1100010000 1.4354062500 3.0520312500
2.1150010000 1.4372187500 3.0559062500
2.1200010000 1.4389687500 3.0597812500
2.1250010000 1.4407812500 3.0636562500
2.1300010000 1.4425312500 3.0675937500
2.1350010000 1.4443437500 3.0714687500
2.1400010000 1.4461562500 3.0754062500
2.1450010000 1.4479687500 3.0792812500
2.1500010000 1.4497187500 3.0832187500
2.1550010000 1.4515312500 3.0871562500
2.1600010000 1.4533437500 3.0910312500
2.1650010000 1.4551562500 3.0949687500
2.1700010000 1.4569687500 3.0989062500
2.1750010000 1.4587812500 3.1028437500
2.1800010000 1.4605937500 3.1067812500
2.1850010000 1.4624062500 3.1107812500
2.1900010000 1.4642187500 3.1147187500
2.1950010000 1.4660937500 3.1186562500
2.2000010000 1.4679062500 3.1225937500
2.2050010000 1.4697187500 3.1265937500
2.2100010000 1.4715312500 3.1305312500
2.2150010000 1.4734062500 3.1345312500
2.2200010000 1.4752187500 3.1385312500
2.2250010000 1.4770937500 3.1424687500
2.2300010000 1.4789062500 3.1464687500
2.2350010000 1.4807812500 3.1504687500
2.2400010000 1.4826562500 3.1544687500
2.2450010000 1.4844687500 3.1584687500
2.2500010000 1.4863437500 3.1624687500
2.2550010000 1.4882187500 3.1664687500
2.2600010000 1.4900937500 3.1704687500
2.2650010000 1.4919062500 3.1745312500
2.2700010000 1.4937812500 3.1785312500
2.2750010000 1.4956562500 3.1825312500
2.2800010000 1.4975312500 3.1865937500
2.2850010000 1.4994062500 3.1905937500
2.2900010000 1.5013437500 3.1946562500
2.2950010000 1.5032187500 3.1986562500
2.3000010000 1.5050937500 3.2027187500
2.3050010000 1.5069687500 3.2067812500
2.3100010000 1.5088437500 3.2108437500
2.3150010000 1.5107812500 3.2149062500
2.3200010000 1.5126562500 3.2189687500
2.3250010000 1.5145937500 3.2230312500
2.3300010000 1.5164687500 3.2270937500
2.3350010000 1.5184062500 3.2311562500
2.3400010000 1.5202812500 3.2352187500
2.3450010000 1.5222187500 3.2393437500
2.3500010000 1.5240937500 3.2434062500
2.3550010000 1.5260312500 3.2474687500
2.3600010000 1.5279687500 3.2515937500
2.3650010000 1.5299062500 3.2556562500
2.3700010000 1.5318437500 3.2597812500
2.3750010000 1.5337812500 3.2639062500
2.3800010000 1.5357187500 3.2679687500
2.3850010000 1.5376562500 3.2720937500
2.3900010000 1.5395937500 3.2762187500
2.3950010000 1.5415312500 3.2803437500
2.4000010000 1.5434687500 3.2844687500
2.4050010000 1.5454062500 3.2885937500
2.4100010000 1.5473437500 3.2927187500
2.4150010000 1.5493437500 3.2968437500
2.4200010000 1.5512812500 3.3009687500
2.4250010000 1.5532187500 3.3051562500
2.4300010000 1.5552187500 3.3092812500
2.4350010000 1.5571562500 3.3134062500
2.4400010000 1.5591562500 3.3175937500
2.4450010000 1.5610937500 3.3217187500
2.4500010000 1.5630937500 3.3259062500
2.4550010000 1.5650937500 3.3300312500
2.4600010000 1.5670312500 3.3342187500
2.4650010000 1.5690312500 3.3384062500
2.4700010000 1.5710312500 3.3425937500
2.4750010000 1.5730312500 3.3467187500
2.4800010000 1.5750312500 3.3509062500
2.4850010000 1.5770312500 3.3550937500
2.4900010000 1.5790312500 3.3592812500
2.4950010000 1.5810312500 3.3634687500
2.5000010000 1.5830312500 3.3677187500
2.5050010000 1.5850312500 3.3719062500
2.5100010000 1.5870312500 3.3760937500
2.5150010000 1.5890312500 3.3802812500
2.5200010000 1.5910937500 3.3845312500
2.5250010000 1.5930937500 3.3887187500
2.5300010000 1.5950937500 3.3929687500
2.5350010000 1.5971562500 3.3971562500
2.5400010000 1.5991562500 3.4014062500
2.5450010000 1.6012187500 3.4055937500
2.5500010000 1.6032187500 3.4098437500
2.5550010000 1.6052812500 3.4140937500
2.5600010000 1.6073437500 3.4182812500
2.5650010000 1.6093437500 3.4225312500
2.5700010000 1.6114062500 3.4267812500
2.5750010000 1.6134687500 3.4310312500
2.5800010000 1.6155312500 3.4352812500
2.5850010000 1.6175937500 3.4395312500
2.5900010000 1.6196562500 3.4437812500
2.5950010000 1.6217187500 3.4480312500
2.6000010000 1.6237812500 3.4523437500
2.6050010000 1.6258437500 3.4565937500
2.6100010000 1.6279062500 3.4608437500
2.6150010000 1.6299687500 3.4651562500
2.6200010000 1.6320312500 3.4694062500
2.6250010000 1.6341562500 3.4737187500
2.6300010000 1.6362187500 3.4779687500
2.6350010000 1.6382812500 3.4822812500
2.6400010000 1.6404062500 3.4865312500
2.6450010000 1.6424687500 3.4908437500
2.6500010000 1.6445937500 3.4951562500
2.6550010000 1.6466562500 3.4994062500
2.6600010000 1.6487812500 3.5037187500
2.6650010000 1.6509062500 3.5080312500
2.6700010000 1.6529687500 3.5123437500
2.6750010000 1.6550937500 3.5166562500
2.6800010000 1.6572187500 3.5209687500
2.6850010000 1.6593437500 3.5252812500
2.6900010000 1.6614687500 3.5295937500
2.6950010000 1.6635937500 3.5339062500
2.7000010000 1.6657187500 3.5382812500
2.7050010000 1.6678437500 3.5425937500
2.7100010000 1.6699687500 3.5469062500
2.7150010000 1.6720937500 3.5512812500
2.7200010000 1.6742187500 3.5555937500
2.7250010000 1.6763437500 3.5599687500
2.7300010000 1.6785312500 3.5642812500
2.7350010000 1.6806562500 3.5686562500
2.7400010000 1.6827812500 3.5729687500
2.7450010000 1.6849687500 3.5773437500
2.7500010000 1.6870937500 3.5817187500
2.7550010000 1.6892812500 3.5860312500
2.7600010000 1.6914062500 3.5904062500
2.7650010000 1.6935937500 3.5947812500
2.7700010000 1.6957812500 3.5991562500
2.7750010000 1.6979062500 3.6035312500
2.7800010000 1.7000937500 3.6079062500
2.7850010000 1.7022812500 3.6122812500
2.7900010000 1.7044687500 3.6166562500
2.7950010000 1.7066562500 3.6210312500
2.8000010000 1.7088437500 3.6254062500
2.8050010000 1.7110312500 3.6297812500
2.8100010000 1.7132187500 3.6342187500
2.8150010000 1.7154062500 3.6385937500
2.8200010000 1.7175937500 3.6429687500
2.8250010000 1.7197812500 3.6474062500
2.8300010000 1.7220312500 3.6517812500
2.8350010000 1.7242187500 3.6562187500
2.8400010000 1.7264062500 3.6605937500
2.8450010000 1.7286562500 3.6650312500
2.8500010000 1.7308437500 3.6694062500
2.8550010000 1.7330937500 3.6738437500
2.8600010000 1.7352812500 3.6782812500
2.8650010000 1.7375312500 3.6826562500
2.8700010000 1.7397187500 3.6870937500
2.8750010000 1.7419687500 3.6915312500
2.8800010000 1.7442187500 3.6959687500
2.8850010000 1.7464687500 3.7004062500
2.8900010000 1.7486562500 3.7048437500
2.8950010000 1.7509062500 3.7092812500
2.9000010000 1.7531562500 3.7137187500
2.9050010000 1.7554062500 3.7181562500
2.9100010000 1.7576562500 3.7225937500
2.9150010000 1.7599062500 3.7270312500
2.9200010000 1.7621562500 3.7315312500
2.9250010000 1.7644687500 3.7359687500
2.9300010000 1.7667187500 3.7404062500
2.9350010000 1.7689687500 3.7448437500
2.9400010000 1.7712187500 3.7493437500
2.9450010000 1.7735312500 3.7537812500
2.9500010000 1.7757812500 3.7582812500
2.9550010000 1.7780937500 3.7627187500
2.9600010000 1.7803437500 3.7672187500
2.9650010000 1.7826562500 3.7716562500
2.9700010000 1.7849062500 3.7761562500
2.9750010000 1.7872187500 3.7806562500
2.9800010000 1.7895312500 3.7850937500
2.9850010000 1.7917812500 3.7895937500
2.9900010000 1.7940937500 3.7940937500
2.9950010000 1.7964062500 3.7985937500
3.0000010000 1.7987187500 3.8030937500
3.0050010000 1.8010312500 3.8075937500
3.0100010000 1.8033437500 3.8120937500
3.0150010000 1.8056562500 3.8165937500
3.0200010000 1.8079687500 3.8210937500
3.0250010000 1.8102812500 3.8255937500
3.0300010000 1.8125937500 3.8300937500
3.0350010000 1.8149687500 3.8345937500
3.0400010000 1.8172812500 3.8390937500
3.0450010000 1.8195937500 3.8435937500
3.0500010000 1.8219687500 3.8481562500
3.0550010000 1.8242812500 3.8526562500
3.0600010000 1.8265937500 3.8571562500
3.0650010000 1.8289687500 3.8617187500
3.0700010000 1.8313437500 3.8662187500
3.0750010000 1.8336562500 3.8707812500
3.0800010000 1.8360312500 3.8752812500
3.0850010000 1.8384062500 3.8798437500
3.0900010000 1.8407187500 3.8843437500
3.0950010000 1.8430937500 3.8889062500
3.1000010000 1.8454687500 3.8934062500
3.1050010000 1.8478437500 3.8979687500
3.1100010000 1.8502187500 3.9025312500
3.1150010000 1.8525937500 3.9070937500
3.1200010000 1.8549687500 3.9115937500
3.1250010000 1.8573437500 3.9161562500
3.1300010000 1.8597187500 3.9207187500
3.1350010000 1.8621562500 3.9252812500
3.1400010000 1.8645312500 3.9298437500
3.1450010000 1.8669062500 3.9344062500
3.1500010000 1.8692812500 3.9389687500
3.1550010000 1.8717187500 3.9435312500
3.1600010000 1.8740937500 3.9480937500
3.1650010000 1.8765312500 3.9526562500
3.1700010000 1.8789062500 3.9572187500
3.1750010000 1.8813437500 3.9618437500
3.1800010000 1.8837812500 3.9664062500
3.1850010000 1.8861562500 3.9709687500
3.1900010000 1.8885937500 3.9755312500
3.1950010000 1.8910312500 3.9801562500
3.2000010000 1.8934687500 3.9847187500
3.2050010000 1.8959062500 3.9893437500
3.2100010000 1.8982812500 3.9939062500
3.2150010000 1.9007187500 3.9985312500
3.2200010000 1.9032187500 4.0030937500
3.2250010000 1.9056562500 4.0077187500
3.2300010000 1.9080937500 4.0122812500
3.2350010000 1.9105312500 4.0169062500
3.2400010000 1.9129687500 4.0215312500
3.2450010000 1.9154062500 4.0260937500
3.2500010000 1.9179062500 4.0307187500
3.2550010000 1.9203437500 4.0353437500
3.2600010000 1.9228437500 4.0399062500
3.2650010000 1.9252812500 4.0445312500
3.2700010000 1.9277812500 4.0491562500
3.2750010000 1.9302187500 4.0537812500
3.2800010000 1.9327187500 4.0584062500
3.2850010000 1.9351562500 4.0630312500
3.2900010000 1.9376562500 4.0676562500
3.2950010000 1.9401562500 4.0722812500
3.3000010000 1.9426562500 4.0769062500
3.3050010000 1.9451562500 4.0815312500
3.3100010000 1.9476562500 4.0861562500
3.3150010000 1.9501562500 4.0907812500
3.3200010000 1.9526562500 4.0954687500
3.3250010000 1.9551562500 4.1000937500
3.3300010000 1.9576562500 4.1047187500
3.3350010000 1.9601562500 4.1093437500
3.3400010000 1.9626562500 4.1140312500
3.3450010000 1.9651562500 4.1186562500
3.3500010000 1.9677187500 4.1233437500
3.3550010000 1.9702187500 4.1279687500
3.3600010000 1.9727187500 4.1325937500
3.3650010000 1.9752812500 4.1372812500
3.3700010000 1.9777812500 4.1419062500
3.3750010000 1.9803437500 4.1465937500
3.3800010000 1.9829062500 4.1512812500
3.3850010000 1.9854062500 4.1559062500
3.3900010000 1.9879687500 4.1605937500
3.3950010000 1.9905312500 4.1652812500
3.4000010000 1.9930312500 4.1699062500
3.4050010000 1.9955937500 4.1745937500
3.4100010000 1.9981562500 4.1792812500
3.4150010000 2.0007187500 4.1839687500
3.4200010000 2.0032812500 4.1885937500
3.4250010000 2.0058437500 4.1932812500
3.4300010000 2.0084062500 4.1979687500
3.4350010000 2.0109687500 4.2026562500
3.4400010000 2.0135937500 4.2073437500
3.4450010000 2.0161562500 4.2120312500
3.4500010000 2.0187187500 4.2167187500
3.4550010000 2.0212812500 4.2214062500
3.4600010000 2.0239062500 4.2260937500
3.4650010000 2.0264687500 4.2307812500
3.4700010000 2.0290937500 4.2354687500
3.4750010000 2.0316562500 4.2402187500
3.4800010000 2.0342812500 4.2449062500
3.4850010000 2.0369062500 4.2495937500
3.4900010000 2.0394687500 4.2542812500
3.4950010000 2.0420937500 4.2590312500
3.5000010000 2.0447187500 4.2637187500
3.5050010000 2.0473437500 4.2684062500
3.5100010000 2.0499062500 4.2731562500
3.5150010000 2.0525312500 4.2778437500
3.5200010000 2.0551562500 4.2825937500
3.5250010000 2.0577812500 4.2872812500
3.5300010000 2.0604062500 4.2920312500
3.5350010000 2.0630937500 4.2967187500
3.5400010000 2.0657187500 4.3014687500
3.5450010000 2.0683437500 4.3061562500
3.5500010000 2.0709687500 4.3109062500
3.5550010000 2.0736562500 4.3155937500
3.5600010000 2.0762812500 4.3203437500
3.5650010000 2.0789062500 4.3250937500
3.5700010000 2.0815937500 4.3298437500
3.5750010000 2.0842187500 4.3345312500
3.5800010000 2.0869062500 4.3392812500
3.5850010000 2.0895937500 4.3440312500
3.5900010000 2.0922187500 4.3487812500
3.5950010000 2.0949062500 4.3535312500
3.6000010000 2.0975937500 4.3582812500
3.6050010000 2.1002812500 4.3630312500
3.6100010000 2.1029062500 4.3677187500
3.6150010000 2.1055937500 4.3724687500
3.6200010000 2.1082812500 4.3772187500
3.6250010000 2.1109687500 4.3820312500
3.6300010000 2.1136562500 4.3867812500
3.6350010000 2.1163437500 4.3915312500
3.6400010000 2.1190937500 4.3962812500
3.6450010000 2.1217812500 4.4010312500
3.6500010000 2.1244687500 4.4057812500
3.6550010000 2.1271562500 4.4105312500
3.6600010000 2.1299062500 4.4153437500
3.6650010000 2.1325937500 4.4200937500
3.6700010000 2.1353437500 4.4248437500
3.6750010000 2.1380312500 4.4295937500
3.6800010000 2.1407812500 4.4344062500
3.6850010000 2.1434687500 4.4391562500
3.6900010000 2.1462187500 4.4439687500
3.6950010000 2.1489687500 4.4487187500
3.7000010000 2.1516562500 4.4534687500
3.7050010000 2.1544062500 4.4582812500
3.7100010000 2.1571562500 4.4630312500
3.7150010000 2.1599062500 4.4678437500
3.7200010000 2.1626562500 4.4726562500
3.7250010000 2.1654062500 4.4774062500
3.7300010000 2.1681562500 4.4822187500
3.7350010000 2.1709062500 4.4869687500
3.7400010000 2.1736562500 4.4917812500
3.7450010000 2.1764062500 4.4965937500
3.7500010000 2.1792187500 4.5013437500
3.7550010000 2.1819687500 4.5061562500
3.7600010000 2.1847187500 4.5109687500
3.7650010000 2.1875312500 4.5157812500
3.7700010000 2.1902812500 4.5205937500
3.7750010000 2.1930937500 4.5253437500
3.7800010000 2.1958437500 4.5301562500
3.7850010000 2.1986562500 4.5349687500
3.7900010000 2.2014062500 4.5397812500
3.7950010000 2.2042187500 4.5445937500
3.8000010000 2.2070312500 4.5494062500
3.8050010000 2.2098437500 4.5542187500
3.8100010000 2.2125937500 4.5590312500
3.8150010000 2.2154062500 4.5638437500
3.8200010000 2.2182187500 4.5686562500
3.8250010000 2.2210312500 4.5734687500
3.8300010000 2.2238437500 4.5782812500
3.8350010000 2.2266562500 4.5831562500
3.8400010000 2.2294687500 4.5879687500
3.8450010000 2.2323437500 4.5927812500
3.8500010000 2.2351562500 4.5975937500
3.8550010000 2.2379687500 4.6024062500
3.8600010000 2.2408437500 4.6072812500
3.8650010000 2.2436562500 4.6120937500
3.8700010000 2.2464687500 4.6169062500
3.8750010000 2.2493437500 4.6217812500
3.8800010000 2.2521562500 4.6265937500
3.8850010000 2.2550312500 4.6314062500
3.8900010000 2.2579062500 4.6362812500
3.8950010000 2.2607187500 4.6410937500
3.9000010000 2.2635937500 4.6459687500
3.9050010000 2.2664687500 4.6507812500
3.9100010000 2.2693437500 4.6556562500
3.9150010000 2.2721562500 4.6604687500
3.9200010000 2.2750312500 4.6653437500
3.9250010000 2.2779062500 4.6702187500
3.9300010000 2.2807812500 4.6750312500
3.9350010000 2.2836562500 4.6799062500
3.9400010000 2.2865937500 4.6847187500
3.9450010000 2.2894687500 4.6895937500
3.9500010000 2.2923437500 4.6944687500
3.9550010000 2.2952187500 4.6993437500
3.9600010000 2.2981562500 4.7041562500
3.9650010000 2.3010312500 4.7090312500
3.9700010000 2.3039062500 4.7139062500
3.9750010000 2.3068437500 4.7187812500
3.9800010000 2.3097187500 4.7236562500
3.9850010000 2.3126562500 4.7285312500
3.9900010000 2.3155937500 4.7333437500
3.9950010000 2.3184687500 4.7382187500
4.0000010000 2.3214062500 4.7430937500
4.0050010000 2.3243437500 4.7479687500
4.0100010000 2.3272812500 4.7528437500
4.0150010000 2.3301562500 4.7577187500
4.0200010000 2.3330937500 4.7625937500
4.0250010000 2.3360312500 4.7674687500
4.0300010000 2.3389687500 4.7724062500
4.0350010000 2.3419062500 4.7772812500
4.0400010000 2.3448437500 4.7821562500
4.0450010000 2.3478437500 4.7870312500
4.0500010000 2.3507812500 4.7919062500
4.0550010000 2.3537187500 4.7967812500
4.0600010000 2.3566562500 4.8017187500
4.0650010000 2.3596562500 4.8065937500
4.0700010000 2.3625937500 4.8114687500
4.0750010000 2.3655937500 4.8163437500
4.0800010000 2.3685312500 4.8212812500
4.0850010000 2.3715312500 4.8261562500
4.0900010000 2.3744687500 4.8310312500
4.0950010000 2.3774687500 4.8359687500
4.1000010000 2.3804687500 4.8408437500
4.1050010000 2.3834062500 4.8457812500
4.1100010000 2.3864062500 4.8506562500
4.1150010000 2.3894062500 4.8555937500
4.1200010000 2.3924062500 4.8604687500
4.1250010000 2.3954062500 4.8654062500
4.1300010000 2.3984062500 4.8702812500
4.1350010000 2.4014062500 4.8752187500
4.1400010000 2.4044062500 4.8800937500
4.1450010000 2.4074062500 4.8850312500
4.1500010000 2.4104687500 4.8899062500
4.1550010000 2.4134687500 4.8948437500
4.1600010000 2.4164687500 4.8997812500
4.1650010000 2.4194687500 4.9046562500
4.1700010000 2.4225312500 4.9095937500
4.1750010000 2.4255312500 4.9145312500
4.1800010000 2.4285937500 4.9194687500
4.1850010000 2.4315937500 4.9243437500
4.1900010000 2.4346562500 4.9292812500
4.1950010000 2.4377187500 4.9342187500
4.2000010000 2.4407187500 4.9391562500
4.2050010000 2.4437812500 4.9440937500
4.2100010000 2.4468437500 4.9490312500
4.2150010000 2.4499062500 4.9539687500
4.2200010000 2.4529687500 4.9589062500
4.2250010000 2.4560312500 4.9637812500
4.2300010000 2.4590937500 4.9687187500
4.2350010000 2.4621562500 4.9736562500
4.2400010000 2.4652187500 4.9785937500
4.2450010000 2.4682812500 4.9835312500
4.2500010000 2.4713437500 4.9885312500
4.2550010000 2.4744062500 4.9934687500
4.2600010000 2.4775312500 4.9984062500
4.2650010000 2.4805937500 5.0033437500
4.2700010000 2.4836562500 5.0082812500
4.2750010000 2.4867812500 5.0132187500
4.2800010000 2.4898437500 5.0181562500
4.2850010000 2.4929687500 5.0231562500
4.2900010000 2.4960312500 5.0280937500
4.2950010000 2.4991562500 5.0330312500
4.3000010000 2.5022812500 5.0379687500
4.3050010000 2.5053437500 5.0429687500
4.3100010000 2.5084687500 5.0479062500
4.3150010000 2.5115937500 5.0528437500
4.3200010000 2.5147187500 5.0578437500
4.3250010000 2.5178437500 5.0627812500
4.3300010000 2.5209687500 5.0677187500
4.3350010000 2.5240937500 5.0727187500
4.3400010000 2.5272187500 5.0776562500
4.3450010000 2.5303437500 5.0826562500
4.3500010000 2.5334687500 5.0875937500
4.3550010000 2.5366562500 5.0925937500
4.3600010000 2.5397812500 5.0975312500
4.3650010000 2.5429062500 5.1025312500
4.3700010000 2.5460937500 5.1074687500
4.3750010000 2.5492187500 5.1124687500
4.3800010000 2.5524062500 5.1174062500
4.3850010000 2.5555312500 5.1224062500
4.3900010000 2.5587187500 5.1274062500
4.3950010000 2.5618437500 5.1323437500
4.4000010000 2.5650312500 5.1373437500
4.4050010000 2.5682187500 5.1423437500
4.4100010000 2.5713437500 5.1472812500
4.4150010000 2.5745312500 5.1522812500
4.4200010000 2.5777187500 5.1572812500
4.4250010000 2.5809062500 5.1622187500
4.4300010000 2.5840937500 5.1672187500
4.4350010000 2.5872812500 5.1722187500
4.4400010000 2.5904687500 5.1772187500
4.4450010000 2.5936562500 5.1822187500
4.4500010000 2.5968437500 5.1872187500
4.4550010000 2.6000937500 5.1922187500
4.4600010000 2.6032812500 5.1971562500
4.4650010000 2.6064687500 5.2021562500
4.4700010000 2.6097187500 5.2071562500
4.4750010000 2.6129062500 5.2121562500
4.4800010000 2.6161562500 5.2171562500
4.4850010000 2.6193437500 5.2221562500
4.4900010000 2.6225937500 5.2271562500
4.4950010000 2.6257812500 5.2321562500
4.5000010000 2.6290312500 5.2371562500
4.5050010000 2.6322812500 5.2421562500
4.5100010000 2.6354687500 5.2472187500
4.5150010000 2.6387187500 5.2522187500
4.5200010000 2.6419687500 5.2572187500
4.5250010000 2.6452187500 5.2622187500
4.5300010000 2.6484687500 5.2672187500
4.5350010000 2.6517187500 5.2722187500
4.5400010000 2.6549687500 5.2772812500
4.5450010000 2.6582187500 5.2822812500
4.5500010000 2.6614687500 5.2872812500
4.5550010000 2.6647812500 5.2922812500
4.5600010000 2.6680312500 5.2973437500
4.5650010000 2.6712812500 5.3023437500
4.5700010000 2.6745937500 5.3073437500
4.5750010000 2.6778437500 5.3124062500
4.5800010000 2.6810937500 5.3174062500
4.5850010000 2.6844062500 5.3224062500
4.5900010000 2.6877187500 5.3274687500
4.5950010000 2.6909687500 5.3324687500
4.6000010000 2.6942812500 5.3375312500
4.6050010000 2.6975937500 5.3425312500
4.6100010000 2.7008437500 5.3475937500
4.6150010000 2.7041562500 5.3525937500
4.6200010000 2.7074687500 5.3576562500
4.6250010000 2.7107812500 5.3626562500
4.6300010000 2.7140937500 5.3677187500
4.6350010000 2.7174062500 5.3727187500
4.6400010000 2.7207187500 5.3777812500
4.6450010000 2.7240312500 5.3828437500
4.6500010000 2.7273437500 5.3878437500
4.6550010000 2.7306562500 5.3929062500
4.6600010000 2.7340312500 5.3979062500
4.6650010000 2.7373437500 5.4029687500
4.6700010000 2.7406562500 5.4080312500
4.6750010000 2.7440312500 5.4130937500
4.6800010000 2.7473437500 5.4180937500
4.6850010000 2.7507187500 5.4231562500
4.6900010000 2.7540312500 5.4282187500
4.6950010000 2.7574062500 5.4332812500
4.7000010000 2.7607187500 5.4382812500
4.7050010000 2.7640937500 5.4433437500
4.7100010000 2.7674687500 5.4484062500
4.7150010000 2.7708437500 5.4534687500
4.7200010000 2.7742187500 5.4585312500
4.7250010000 2.7775312500 5.4635937500
4.7300010000 2.7809062500 5.4686562500
4.7350010000 2.7842812500 5.4737187500
4.7400010000 2.7876562500 5.4787812500
4.7450010000 2.7910937500 5.4838437500
4.7500010000 2.7944687500 5.4889062500
4.7550010000 2.7978437500 5.4939687500
4.7600010000 2.8012187500 5.4990312500
4.7650010000 2.8045937500 5.5040937500
4.7700010000 2.8080312500 5.5091562500
4.7750010000 2.8114062500 5.5142187500
4.7800010000 2.8148437500 5.5192812500
4.7850010000 2.8182187500 5.5243437500
4.7900010000 2.8216562500 5.5294062500
4.7950010000 2.8250312500 5.5344687500
4.8000010000 2.8284687500 5.5395937500
4.8050010000 2.8319062500 5.5446562500
4.8100010000 2.8352812500 5.5497187500
4.8150010000 2.8387187500 5.5547812500
4.8200010000 2.8421562500 5.5598437500
4.8250010000 2.8455937500 5.5649687500
4.8300010000 2.8490312500 5.5700312500
4.8350010000 2.8524687500 5.5750937500
4.8400010000 2.8559062500 5.5802187500
4.8450010000 2.8593437500 5.5852812500
4.8500010000 2.8627812500 5.5903437500
4.8550010000 2.8662187500 5.5954687500
4.8600010000 2.8696562500 5.6005312500
4.8650010000 2.8731562500 5.6055937500
4.8700010000 2.8765937500 5.6107187500
4.8750010000 2.8800312500 5.6157812500
4.8800010000 2.8835312500 5.6209062500
4.8850010000 2.8869687500 5.6259687500
4.8900010000 2.8904687500 5.6310937500
4.8950010000 2.8939062500 5.6361562500
4.9000010000 2.8974062500 5.6412812500
4.9050010000 2.9009062500 5.6463437500
4.9100010000 2.9043437500 5.6514687500
4.9150010000 2.9078437500 5.6565312500
4.9200010000 2.9113437500 5.6616562500
4.9250010000 2.9148437500 5.6667812500
4.9300010000 2.9183437500 5.6718437500
4.9350010000 2.9218437500 5.6769687500
4.9400010000 2.9253437500 5.6820937500
4.9450010000 2.9288437500 5.6871562500
4.9500010000 2.9323437500 5.6922812500
4.9550010000 2.9358437500 5.6974062500
4.9600010000 2.9393437500 5.7024687500
4.9650010000 2.9429062500 5.7075937500
4.9700010000 2.9464062500 5.7127187500
4.9750010000 2.9499062500 5.7178437500
4.9800010000 2.9534687500 5.7229062500
4.9850010000 2.9569687500 5.7280312500
4.9900010000 2.9605312500 5.7331562500
4.9950010000 2.9640312500 5.7382812500
