2.4000000010 3.2518589307
2.5000000010 3.3037642432
2.6000000010 3.3563134131
2.7000000010 3.4104205225
2.8000000010 3.4669085010
2.9000000010 3.5263047608
3.0000000010 3.5887957861
3.1000000010 3.6543113819
3.2000000010 3.7226416748
3.3000000010 3.7935260010
3.4000000010 3.8667027881
3.5000000010 3.9419316748
3.6000000010 4.0190001611
3.7000000010 4.0977233057
3.8000000010 4.1779406787
3.9000000010 4.2595128760
4.0000000010 4.3423181006
4.1000000010 4.4262493311
4.2000000010 4.5112119775
4.3000000010 4.5971219580
4.4000000010 4.6839041943
4.5000000010 4.7714913135
4.6000000010 4.8598226904
4.7000000010 4.9488435693
4.8000000010 5.0385043213
4.9000000010 5.1287598877
