3.830000 0.064648 5.089414
3.835000 0.093398 5.094570
3.840000 0.115273 5.099648
3.845000 0.133711 5.104805
3.850000 0.149961 5.109961
3.855000 0.164727 5.115039
3.860000 0.178320 5.120195
3.865000 0.190977 5.125352
3.870000 0.202930 5.130430
3.875000 0.214258 5.135586
3.880000 0.225039 5.140742
3.885000 0.235430 5.145898
3.890000 0.245430 5.150977
3.895000 0.255039 5.156133
3.900000 0.264336 5.161289
3.905000 0.273398 5.166445
3.910000 0.282227 5.171602
3.915000 0.290820 5.176758
3.920000 0.299180 5.181836
3.925000 0.307383 5.186992
3.930000 0.315352 5.192148
3.935000 0.323242 5.197305
3.940000 0.330898 5.202461
3.945000 0.338477 5.207617
3.950000 0.345898 5.212773
3.955000 0.353164 5.217930
3.960000 0.360352 5.223086
3.965000 0.367461 5.228242
3.970000 0.374414 5.233398
3.975000 0.381289 5.238555
3.980000 0.388086 5.243789
3.985000 0.394805 5.248945
3.990000 0.401445 5.254102
3.995000 0.408008 5.259258
4.000000 0.414492 5.264414
4.005000 0.420898 5.269570
4.010000 0.427227 5.274805
4.015000 0.433477 5.279961
4.020000 0.439648 5.285117
4.025000 0.445820 5.290273
4.030000 0.451914 5.295508
4.035000 0.457930 5.300664
4.040000 0.463945 5.305820
4.045000 0.469883 5.311055
4.050000 0.475742 5.316211
4.055000 0.481602 5.321445
4.060000 0.487383 5.326602
4.065000 0.493164 5.331758
4.070000 0.498867 5.336992
4.075000 0.504570 5.342148
4.080000 0.510195 5.347383
4.085000 0.515742 5.352539
4.090000 0.521289 5.357773
4.095000 0.526836 5.362930
4.100000 0.532305 5.368164
4.105000 0.537773 5.373320
4.110000 0.543242 5.378555
4.115000 0.548633 5.383789
4.120000 0.553945 5.388945
4.125000 0.559336 5.394180
4.130000 0.564648 5.399336
4.135000 0.569883 5.404570
4.140000 0.575195 5.409805
4.145000 0.580430 5.415039
4.150000 0.585586 5.420195
4.155000 0.590742 5.425430
4.160000 0.595898 5.430664
4.165000 0.601055 5.435898
4.170000 0.606211 5.441055
4.175000 0.611289 5.446289
4.180000 0.616367 5.451523
4.185000 0.621367 5.456758
4.190000 0.626445 5.461992
4.195000 0.631445 5.467227
4.200000 0.636445 5.472383
4.205000 0.641367 5.477617
4.210000 0.646367 5.482852
4.215000 0.651289 5.488086
4.220000 0.656211 5.493320
4.225000 0.661055 5.498555
4.230000 0.665977 5.503789
4.235000 0.670820 5.509023
4.240000 0.675664 5.514258
4.245000 0.680508 5.519492
4.250000 0.685352 5.524727
4.255000 0.690195 5.530039
4.260000 0.694961 5.535273
4.265000 0.699727 5.540508
4.270000 0.704492 5.545742
4.275000 0.709258 5.550977
4.280000 0.714023 5.556211
4.285000 0.718711 5.561445
4.290000 0.723398 5.566758
4.295000 0.728164 5.571992
4.300000 0.732852 5.577227
4.305000 0.737539 5.582461
4.310000 0.742148 5.587773
4.315000 0.746836 5.593008
4.320000 0.751445 5.598242
4.325000 0.756133 5.603555
4.330000 0.760742 5.608789
4.335000 0.765352 5.614023
4.340000 0.769961 5.619336
4.345000 0.774570 5.624570
4.350000 0.779102 5.629883
4.355000 0.783711 5.635117
4.360000 0.788242 5.640352
4.365000 0.792852 5.645664
4.370000 0.797383 5.650898
4.375000 0.801914 5.656211
4.380000 0.806445 5.661445
4.385000 0.810977 5.666758
4.390000 0.815508 5.671992
4.395000 0.819961 5.677305
4.400000 0.824492 5.682617
4.405000 0.828945 5.687852
4.410000 0.833477 5.693164
4.415000 0.837930 5.698398
4.420000 0.842383 5.703711
4.425000 0.846836 5.709023
4.430000 0.851289 5.714258
4.435000 0.855742 5.719570
4.440000 0.860195 5.724883
4.445000 0.864648 5.730195
4.450000 0.869102 5.735430
4.455000 0.873477 5.740742
4.460000 0.877930 5.746055
4.465000 0.882305 5.751367
4.470000 0.886680 5.756680
4.475000 0.891133 5.761914
4.480000 0.895508 5.767227
4.485000 0.899883 5.772539
4.490000 0.904258 5.777852
4.495000 0.908633 5.783164
4.500000 0.913008 5.788477
4.505000 0.917383 5.793789
4.510000 0.921758 5.799102
4.515000 0.926055 5.804414
4.520000 0.930430 5.809727
4.525000 0.934805 5.815039
4.530000 0.939102 5.820352
4.535000 0.943477 5.825664
4.540000 0.947773 5.830977
4.545000 0.952070 5.836289
4.550000 0.956445 5.841602
4.555000 0.960742 5.846914
4.560000 0.965039 5.852227
4.565000 0.969336 5.857539
4.570000 0.973633 5.862852
4.575000 0.978008 5.868242
4.580000 0.982305 5.873555
4.585000 0.986523 5.878867
4.590000 0.990820 5.884180
4.595000 0.995117 5.889492
4.600000 0.999414 5.894883
4.605000 1.003711 5.900195
4.610000 1.007930 5.905508
4.615000 1.012227 5.910820
4.620000 1.016523 5.916211
4.625000 1.020742 5.921523
4.630000 1.025039 5.926836
4.635000 1.029258 5.932227
4.640000 1.033555 5.937539
4.645000 1.037773 5.942930
4.650000 1.042070 5.948242
4.655000 1.046289 5.953555
4.660000 1.050508 5.958945
4.665000 1.054805 5.964258
4.670000 1.059023 5.969648
4.675000 1.063242 5.974961
4.680000 1.067461 5.980352
4.685000 1.071680 5.985664
4.690000 1.075977 5.991055
4.695000 1.080195 5.996367
4.700000 1.084414 6.001758
4.705000 1.088633 6.007148
4.710000 1.092852 6.012461
4.715000 1.097070 6.017852
4.720000 1.101289 6.023164
4.725000 1.105430 6.028555
4.730000 1.109648 6.033945
4.735000 1.113867 6.039258
4.740000 1.118086 6.044648
4.745000 1.122305 6.050039
4.750000 1.126523 6.055430
4.755000 1.130664 6.060742
4.760000 1.134883 6.066133
4.765000 1.139102 6.071523
4.770000 1.143242 6.076914
4.775000 1.147461 6.082227
4.780000 1.151680 6.087617
4.785000 1.155820 6.093008
4.790000 1.160039 6.098398
4.795000 1.164180 6.103789
4.800000 1.168398 6.109180
4.805000 1.172617 6.114570
4.810000 1.176758 6.119961
4.815000 1.180977 6.125273
4.820000 1.185117 6.130664
4.825000 1.189258 6.136055
4.830000 1.193477 6.141445
4.835000 1.197617 6.146836
4.840000 1.201836 6.152227
4.845000 1.205977 6.157617
4.850000 1.210195 6.163086
4.855000 1.214336 6.168477
4.860000 1.218477 6.173867
4.865000 1.222695 6.179258
4.870000 1.226836 6.184648
4.875000 1.230977 6.190039
4.880000 1.235117 6.195430
4.885000 1.239336 6.200820
4.890000 1.243477 6.206211
4.895000 1.247617 6.211680
4.900000 1.251836 6.217070
4.905000 1.255977 6.222461
4.910000 1.260117 6.227852
4.915000 1.264258 6.233320
4.920000 1.268398 6.238711
4.925000 1.272617 6.244102
4.930000 1.276758 6.249492
4.935000 1.280898 6.254961
4.940000 1.285039 6.260352
4.945000 1.289180 6.265742
4.950000 1.293320 6.271211
4.955000 1.297539 6.276602
4.960000 1.301680 6.282070
4.965000 1.305820 6.287461
4.970000 1.309961 6.292852
4.975000 1.314102 6.298320
4.980000 1.318242 6.303711
4.985000 1.322383 6.309180
4.990000 1.326523 6.314570
4.995000 1.330742 6.320039
