1.385000 2.820273
1.390000 2.824180
1.395000 2.828164
1.400000 2.832070
1.405000 2.836055
1.410000 2.840039
1.415000 2.844023
1.420000 2.847930
1.425000 2.851914
1.430000 2.855898
1.435000 2.859883
1.440000 2.863867
1.445000 2.867852
1.450000 2.871914
1.455000 2.875898
1.460000 2.879883
1.465000 2.883867
1.470000 2.887930
1.475000 2.891914
1.480000 2.895977
1.485000 2.899961
1.490000 2.904023
1.495000 2.908008
1.500000 2.912070
1.505000 2.916133
1.510000 2.920195
1.515000 2.924258
1.520000 2.928242
1.525000 2.932305
1.530000 2.936367
1.535000 2.940430
1.540000 2.944570
1.545000 2.948633
1.550000 2.952695
1.555000 2.956758
1.560000 2.960898
1.565000 2.964961
1.570000 2.969023
1.575000 2.973164
1.580000 2.977227
1.585000 2.981367
1.590000 2.985508
1.595000 2.989570
1.600000 2.993711
1.605000 2.997852
1.610000 3.001914
1.615000 3.006055
1.620000 3.010195
1.625000 3.014336
1.630000 3.018477
1.635000 3.022617
1.640000 3.026758
1.645000 3.030898
1.650000 3.035117
1.655000 3.039258
1.660000 3.043398
1.665000 3.047617
1.670000 3.051758
1.675000 3.055898
1.680000 3.060117
1.685000 3.064258
1.690000 3.068477
1.695000 3.072695
1.700000 3.076836
1.705000 3.081055
1.710000 3.085273
1.715000 3.089414
1.720000 3.093633
1.725000 3.097852
1.730000 3.102070
1.735000 3.106289
1.740000 3.110508
1.745000 3.114727
1.750000 3.118945
1.755000 3.123164
1.760000 3.127383
1.765000 3.131680
1.770000 3.135898
1.775000 3.140117
1.780000 3.144414
1.785000 3.148633
1.790000 3.152852
1.795000 3.157148
1.800000 3.161367
1.805000 3.165664
1.810000 3.169961
1.815000 3.174180
1.820000 3.178477
1.825000 3.182773
1.830000 3.187070
1.835000 3.191289
1.840000 3.195586
1.845000 3.199883
1.850000 3.204180
1.855000 3.208477
1.860000 3.212773
1.865000 3.217070
1.870000 3.221367
1.875000 3.225664
1.880000 3.230039
1.885000 3.234336
1.890000 3.238633
1.895000 3.242930
1.900000 3.247305
1.905000 3.251602
1.910000 3.255898
1.915000 3.260273
1.920000 3.264570
1.925000 3.268945
1.930000 3.273320
1.935000 3.277617
1.940000 3.281992
1.945000 3.286367
1.950000 3.290664
1.955000 3.295039
1.960000 3.299414
1.965000 3.303789
1.970000 3.308164
1.975000 3.312461
1.980000 3.316836
1.985000 3.321211
1.990000 3.325586
1.995000 3.330039
2.000000 3.334414
2.005000 3.338789
2.010000 3.343164
2.015000 3.347539
2.020000 3.351914
2.025000 3.356367
2.030000 3.360742
2.035000 3.365117
2.040000 3.369570
2.045000 3.373945
2.050000 3.378398
2.055000 3.382773
2.060000 3.387227
2.065000 3.391602
2.070000 3.396055
2.075000 3.400508
2.080000 3.404883
2.085000 3.409336
2.090000 3.413789
2.095000 3.418242
2.100000 3.422617
2.105000 3.427070
2.110000 3.431523
2.115000 3.435977
2.120000 3.440430
2.125000 3.444883
2.130000 3.449336
2.135000 3.453789
2.140000 3.458242
2.145000 3.462773
2.150000 3.467227
2.155000 3.471680
2.160000 3.476133
2.165000 3.480664
2.170000 3.485117
2.175000 3.489570
2.180000 3.494102
2.185000 3.498555
2.190000 3.503008
2.195000 3.507539
2.200000 3.511992
2.205000 3.516523
2.210000 3.521055
2.215000 3.525508
2.220000 3.530039
2.225000 3.534570
2.230000 3.539023
2.235000 3.543555
2.240000 3.548086
2.245000 3.552617
2.250000 3.557070
2.255000 3.561602
2.260000 3.566133
2.265000 3.570664
2.270000 3.575195
2.275000 3.579727
2.280000 3.584258
2.285000 3.588789
2.290000 3.593320
2.295000 3.597930
2.300000 3.602461
2.305000 3.606992
2.310000 3.611523
2.315000 3.616133
2.320000 3.620664
2.325000 3.625195
2.330000 3.629727
2.335000 3.634336
2.340000 3.638867
2.345000 3.643477
2.350000 3.648008
2.355000 3.652617
2.360000 3.657148
2.365000 3.661758
2.370000 3.666367
2.375000 3.670898
2.380000 3.675508
2.385000 3.680117
2.390000 3.684648
2.395000 3.689258
2.400000 3.693867
2.405000 3.698477
2.410000 3.703086
2.415000 3.707617
2.420000 3.712227
2.425000 3.716836
2.430000 3.721445
2.435000 3.726055
2.440000 3.730664
2.445000 3.735273
2.450000 3.739961
2.455000 3.744570
2.460000 3.749180
2.465000 3.753789
2.470000 3.758398
2.475000 3.763008
2.480000 3.767695
2.485000 3.772305
2.490000 3.776914
2.495000 3.781602
2.500000 3.786211
2.505000 3.790898
2.510000 3.795508
2.515000 3.800117
2.520000 3.804805
2.525000 3.809492
2.530000 3.814102
2.535000 3.818789
2.540000 3.823398
2.545000 3.828086
2.550000 3.832773
2.555000 3.837383
2.560000 3.842070
2.565000 3.846758
2.570000 3.851445
2.575000 3.856055
2.580000 3.860742
2.585000 3.865430
2.590000 3.870117
2.595000 3.874805
2.600000 3.879492
2.605000 3.884180
2.610000 3.888867
2.615000 3.893555
2.620000 3.898242
2.625000 3.902930
2.630000 3.907617
2.635000 3.912383
2.640000 3.917070
2.645000 3.921758
2.650000 3.926445
2.655000 3.931133
2.660000 3.935898
2.665000 3.940586
2.670000 3.945273
2.675000 3.950039
2.680000 3.954727
2.685000 3.959492
2.690000 3.964180
2.695000 3.968945
2.700000 3.973633
2.705000 3.978398
2.710000 3.983086
2.715000 3.987852
2.720000 3.992539
2.725000 3.997305
2.730000 4.002070
2.735000 4.006758
2.740000 4.011523
2.745000 4.016289
2.750000 4.021055
2.755000 4.025742
2.760000 4.030508
2.765000 4.035273
2.770000 4.040039
2.775000 4.044805
2.780000 4.049570
2.785000 4.054336
2.790000 4.059102
2.795000 4.063867
2.800000 4.068633
2.805000 4.073398
2.810000 4.078164
2.815000 4.082930
2.820000 4.087695
2.825000 4.092539
2.830000 4.097305
2.835000 4.102070
2.840000 4.106836
2.845000 4.111602
2.850000 4.116445
2.855000 4.121211
2.860000 4.125977
2.865000 4.130820
2.870000 4.135586
2.875000 4.140430
2.880000 4.145195
2.885000 4.149961
2.890000 4.154805
2.895000 4.159648
2.900000 4.164414
2.905000 4.169258
2.910000 4.174023
2.915000 4.178867
2.920000 4.183711
2.925000 4.188477
2.930000 4.193320
2.935000 4.198164
2.940000 4.202930
2.945000 4.207773
2.950000 4.212617
2.955000 4.217461
2.960000 4.222305
2.965000 4.227070
2.970000 4.231914
2.975000 4.236758
2.980000 4.241602
2.985000 4.246445
2.990000 4.251289
2.995000 4.256133
3.000000 4.260977
3.005000 4.265820
3.010000 4.270664
3.015000 4.275508
3.020000 4.280430
3.025000 4.285273
3.030000 4.290117
3.035000 4.294961
3.040000 4.299805
3.045000 4.304727
3.050000 4.309570
3.055000 4.314414
3.060000 4.319258
3.065000 4.324180
3.070000 4.329023
3.075000 4.333945
3.080000 4.338789
3.085000 4.343633
3.090000 4.348555
3.095000 4.353398
3.100000 4.358320
3.105000 4.363164
3.110000 4.368086
3.115000 4.373008
3.120000 4.377852
3.125000 4.382773
3.130000 4.387617
3.135000 4.392539
3.140000 4.397461
3.145000 4.402383
3.150000 4.407227
3.155000 4.412148
3.160000 4.417070
3.165000 4.421992
3.170000 4.426836
3.175000 4.431758
3.180000 4.436680
3.185000 4.441602
3.190000 4.446523
3.195000 4.451445
3.200000 4.456367
3.205000 4.461289
3.210000 4.466211
3.215000 4.471133
3.220000 4.476055
3.225000 4.480977
3.230000 4.485898
3.235000 4.490820
3.240000 4.495742
3.245000 4.500742
3.250000 4.505664
3.255000 4.510586
3.260000 4.515508
3.265000 4.520508
3.270000 4.525430
3.275000 4.530352
3.280000 4.535273
3.285000 4.540273
3.290000 4.545195
3.295000 4.550195
3.300000 4.555117
3.305000 4.560039
3.310000 4.565039
3.315000 4.569961
3.320000 4.574961
3.325000 4.579883
3.330000 4.584883
3.335000 4.589805
3.340000 4.594805
3.345000 4.599805
3.350000 4.604727
3.355000 4.609727
3.360000 4.614727
3.365000 4.619648
3.370000 4.624648
3.375000 4.629648
3.380000 4.634570
3.385000 4.639570
3.390000 4.644570
3.395000 4.649570
3.400000 4.654570
3.405000 4.659570
3.410000 4.664492
3.415000 4.669492
3.420000 4.674492
3.425000 4.679492
3.430000 4.684492
3.435000 4.689492
3.440000 4.694492
3.445000 4.699492
3.450000 4.704492
3.455000 4.709492
3.460000 4.714492
3.465000 4.719570
3.470000 4.724570
3.475000 4.729570
3.480000 4.734570
3.485000 4.739570
3.490000 4.744570
3.495000 4.749648
3.500000 4.754648
3.505000 4.759648
3.510000 4.764727
3.515000 4.769727
3.520000 4.774727
3.525000 4.779805
3.530000 4.784805
3.535000 4.789805
3.540000 4.794883
3.545000 4.799883
3.550000 4.804961
3.555000 4.809961
3.560000 4.815039
3.565000 4.820039
3.570000 4.825117
3.575000 4.830117
3.580000 4.835195
3.585000 4.840195
3.590000 4.845273
3.595000 4.850352
3.600000 4.855352
3.605000 4.860430
3.610000 4.865508
3.615000 4.870586
3.620000 4.875586
3.625000 4.880664
3.630000 4.885742
3.635000 4.890820
3.640000 4.895820
3.645000 4.900898
3.650000 4.905977
3.655000 4.911055
3.660000 4.916133
3.665000 4.921211
3.670000 4.926289
3.675000 4.931367
3.680000 4.936445
3.685000 4.941523
3.690000 4.946602
3.695000 4.951680
3.700000 4.956758
3.705000 4.961836
3.710000 4.966914
3.715000 4.971992
3.720000 4.977070
3.725000 4.982148
3.730000 4.987305
3.735000 4.992383
3.740000 4.997461
3.745000 5.002539
3.750000 5.007695
3.755000 5.012773
3.760000 5.017852
3.765000 5.022930
3.770000 5.028086
3.775000 5.033164
3.780000 5.038242
3.785000 5.043398
3.790000 5.048477
3.795000 5.053633
3.800000 5.058711
3.805000 5.063867
3.810000 5.068945
3.815000 5.074102
3.820000 5.079180
3.825000 5.084336
