2.347900 0.000508
2.348000 0.001523
2.348100 0.002070
2.348200 0.002461
2.348300 0.002852
2.348400 0.003164
2.348500 0.003477
2.348600 0.003789
2.348700 0.004023
2.348800 0.004258
2.348900 0.004492
2.349000 0.004727
2.349100 0.004883
2.349200 0.005117
2.349300 0.005273
2.349400 0.005430
2.349500 0.005664
2.349600 0.005820
2.349700 0.005977
2.349800 0.006133
2.349900 0.006289
2.350000 0.006445
2.350100 0.006523
2.350200 0.006680
2.350300 0.006836
2.350400 0.006992
2.350500 0.007148
2.350600 0.007227
2.350700 0.007383
2.350800 0.007461
2.350900 0.007617
2.351000 0.007695
2.351100 0.007852
2.351200 0.007930
2.351300 0.008086
2.351400 0.008164
2.351500 0.008320
2.351600 0.008398
2.351700 0.008555
2.351800 0.008633
2.351900 0.008711
2.352000 0.008789
2.352100 0.008945
2.352200 0.009023
2.352300 0.009102
2.352400 0.009180
2.352500 0.009336
2.352600 0.009414
2.352700 0.009492
2.352800 0.009570
2.352900 0.009648
2.353000 0.009805
2.353100 0.009883
2.353200 0.009961
2.353300 0.010039
2.353400 0.010117
2.353500 0.010195
2.353600 0.010273
2.353700 0.010352
2.353800 0.010430
2.353900 0.010508
2.354000 0.010586
2.354100 0.010664
2.354200 0.010742
2.354300 0.010820
2.354400 0.010898
2.354500 0.010977
2.354600 0.011055
2.354700 0.011133
2.354800 0.011211
2.354900 0.011289
2.355000 0.011367
2.355100 0.011445
2.355200 0.011523
2.355300 0.011523
2.355400 0.011602
2.355500 0.011680
2.355600 0.011758
2.355700 0.011836
2.355800 0.011914
2.355900 0.011992
2.356000 0.011992
2.356100 0.012070
2.356200 0.012148
2.356300 0.012227
2.356400 0.012305
2.356500 0.012305
2.356600 0.012383
2.356700 0.012461
2.356800 0.012539
2.356900 0.012617
2.357000 0.012617
2.357100 0.012695
2.357200 0.012773
2.357300 0.012852
2.357400 0.012852
2.357500 0.012930
2.357600 0.013008
2.357700 0.013086
2.357800 0.013086
2.357900 0.013164
2.358000 0.013242
2.358100 0.013242
2.358200 0.013320
2.358300 0.013398
2.358400 0.013398
2.358500 0.013477
2.358600 0.013555
2.358700 0.013555
2.358800 0.013633
2.358900 0.013711
2.359000 0.013711
2.359100 0.013789
2.359200 0.013867
2.359300 0.013867
2.359400 0.013945
2.359500 0.014023
2.359600 0.014023
2.359700 0.014102
2.359800 0.014102
2.359900 0.014180
2.360000 0.014258
2.360100 0.014258
2.360200 0.014336
2.360300 0.014336
2.360400 0.014414
2.360500 0.014492
2.360600 0.014492
2.360700 0.014570
2.360800 0.014570
2.360900 0.014648
2.361000 0.014648
2.361100 0.014727
2.361200 0.014805
2.361300 0.014805
2.361400 0.014883
2.361500 0.014883
2.361600 0.014961
2.361700 0.014961
2.361800 0.015039
2.361900 0.015039
2.362000 0.015117
2.362100 0.015117
2.362200 0.015195
2.362300 0.015195
2.362400 0.015273
2.362500 0.015273
2.362600 0.015352
2.362700 0.015352
2.362800 0.015430
2.362900 0.015430
2.363000 0.015508
2.363100 0.015508
2.363200 0.015586
2.363300 0.015586
2.363400 0.015664
2.363500 0.015664
2.363600 0.015742
2.363700 0.015742
2.363800 0.015820
2.363900 0.015820
2.364000 0.015820
2.364100 0.015898
2.364200 0.015898
2.364300 0.015977
2.364400 0.015977
2.364500 0.016055
2.364600 0.016055
2.364700 0.016055
2.364800 0.016133
2.364900 0.016133
2.365000 0.016211
2.365100 0.016211
2.365200 0.016289
2.365300 0.016289
2.365400 0.016289
2.365500 0.016367
2.365600 0.016367
2.365700 0.016445
2.365800 0.016445
2.365900 0.016445
2.366000 0.016523
2.366100 0.016523
2.366200 0.016602
2.366300 0.016602
2.366400 0.016602
2.366500 0.016680
2.366600 0.016680
2.366700 0.016680
2.366800 0.016758
2.366900 0.016758
2.367000 0.016836
2.367100 0.016836
2.367200 0.016836
2.367300 0.016914
2.367400 0.016914
2.367500 0.016914
2.367600 0.016992
2.367700 0.016992
2.367800 0.016992
2.367900 0.017070
2.368000 0.017070
2.368100 0.017070
2.368200 0.017148
2.368300 0.017148
2.368400 0.017148
2.368500 0.017227
2.368600 0.017227
2.368700 0.017227
2.368800 0.017305
2.368900 0.017305
2.369000 0.017305
2.369100 0.017305
2.369200 0.017383
2.369300 0.017383
2.369400 0.017383
2.369500 0.017461
2.369600 0.017461
2.369700 0.017461
2.369800 0.017539
2.369900 0.017539
2.370000 0.017539
2.370100 0.017539
2.370200 0.017617
2.370300 0.017617
2.370400 0.017617
2.370500 0.017695
2.370600 0.017695
2.370700 0.017695
2.370800 0.017695
2.370900 0.017773
2.371000 0.017773
2.371100 0.017773
2.371200 0.017773
2.371300 0.017852
2.371400 0.017852
2.371500 0.017852
2.371600 0.017852
2.371700 0.017930
2.371800 0.017930
2.371900 0.017930
2.372000 0.017930
2.372100 0.018008
2.372200 0.018008
2.372300 0.018008
2.372400 0.018008
2.372500 0.018008
2.372600 0.018086
2.372700 0.018086
2.372800 0.018086
2.372900 0.018086
2.373000 0.018164
2.373100 0.018164
2.373200 0.018164
2.373300 0.018164
2.373400 0.018164
2.373500 0.018242
2.373600 0.018242
2.373700 0.018242
2.373800 0.018242
2.373900 0.018242
2.374000 0.018320
2.374100 0.018320
2.374200 0.018320
2.374300 0.018320
2.374400 0.018320
2.374500 0.018398
2.374600 0.018398
2.374700 0.018398
2.374800 0.018398
2.374900 0.018398
2.375000 0.018398
2.375100 0.018477
2.375200 0.018477
2.375300 0.018477
2.375400 0.018477
2.375500 0.018477
2.375600 0.018477
2.375700 0.018555
2.375800 0.018555
2.375900 0.018555
2.376000 0.018555
2.376100 0.018555
2.376200 0.018555
2.376300 0.018633
2.376400 0.018633
2.376500 0.018633
2.376600 0.018633
2.376700 0.018633
2.376800 0.018633
2.376900 0.018633
2.377000 0.018711
2.377100 0.018711
2.377200 0.018711
2.377300 0.018711
2.377400 0.018711
2.377500 0.018711
2.377600 0.018711
2.377700 0.018711
2.377800 0.018789
2.377900 0.018789
2.378000 0.018789
2.378100 0.018789
2.378200 0.018789
2.378300 0.018789
2.378400 0.018789
2.378500 0.018789
2.378600 0.018789
2.378700 0.018789
2.378800 0.018867
2.378900 0.018867
2.379000 0.018867
2.379100 0.018867
2.379200 0.018867
2.379300 0.018867
2.379400 0.018867
2.379500 0.018867
2.379600 0.018867
2.379700 0.018867
2.379800 0.018867
2.379900 0.018945
2.380000 0.018945
2.380100 0.018945
2.380200 0.018945
2.380300 0.018945
2.380400 0.018945
2.380500 0.018945
2.380600 0.018945
2.380700 0.018945
2.380800 0.018945
2.380900 0.018945
2.381000 0.018945
2.381100 0.018945
2.381200 0.018945
2.381300 0.018945
2.381400 0.018945
2.381500 0.018945
2.381600 0.019023
2.381700 0.019023
2.381800 0.019023
2.381900 0.019023
2.382000 0.019023
2.382100 0.019023
2.382200 0.019023
2.382300 0.019023
2.382400 0.019023
2.382500 0.019023
2.382600 0.019023
2.382700 0.019023
2.382800 0.019023
2.382900 0.019023
2.383000 0.019023
2.383100 0.019023
2.383200 0.019023
2.383300 0.019023
2.383400 0.019023
2.383500 0.019023
2.383600 0.019023
2.383700 0.019023
2.383800 0.019023
2.383900 0.019023
2.384000 0.019023
2.384100 0.019023
2.384200 0.019023
2.384300 0.019023
2.384400 0.019023
2.384500 0.019023
2.384600 0.019023
2.384700 0.019023
2.384800 0.019023
2.384900 0.019023
2.385000 0.019023
2.385100 0.019023
2.385200 0.019023
2.385300 0.019023
2.385400 0.019023
2.385500 0.019023
2.385600 0.019023
2.385700 0.019023
2.385800 0.019023
2.385900 0.019023
2.386000 0.019023
2.386100 0.019023
2.386200 0.019023
2.386300 0.019023
2.386400 0.018945
2.386500 0.018945
2.386600 0.018945
2.386700 0.018945
2.386800 0.018945
2.386900 0.018945
2.387000 0.018945
2.387100 0.018945
2.387200 0.018945
2.387300 0.018945
2.387400 0.018945
2.387500 0.018945
2.387600 0.018945
2.387700 0.018945
2.387800 0.018945
2.387900 0.018945
2.388000 0.018867
2.388100 0.018867
2.388200 0.018867
2.388300 0.018867
2.388400 0.018867
2.388500 0.018867
2.388600 0.018867
2.388700 0.018867
2.388800 0.018867
2.388900 0.018867
2.389000 0.018867
2.389100 0.018789
2.389200 0.018789
2.389300 0.018789
2.389400 0.018789
2.389500 0.018789
2.389600 0.018789
2.389700 0.018789
2.389800 0.018789
2.389900 0.018789
2.390000 0.018789
2.390100 0.018711
2.390200 0.018711
2.390300 0.018711
2.390400 0.018711
2.390500 0.018711
2.390600 0.018711
2.390700 0.018711
2.390800 0.018711
2.390900 0.018633
2.391000 0.018633
2.391100 0.018633
2.391200 0.018633
2.391300 0.018633
2.391400 0.018633
2.391500 0.018633
2.391600 0.018555
2.391700 0.018555
2.391800 0.018555
2.391900 0.018555
2.392000 0.018555
2.392100 0.018555
2.392200 0.018555
2.392300 0.018477
2.392400 0.018477
2.392500 0.018477
2.392600 0.018477
2.392700 0.018477
2.392800 0.018477
2.392900 0.018398
2.393000 0.018398
2.393100 0.018398
2.393200 0.018398
2.393300 0.018398
2.393400 0.018320
2.393500 0.018320
2.393600 0.018320
2.393700 0.018320
2.393800 0.018320
2.393900 0.018242
2.394000 0.018242
2.394100 0.018242
2.394200 0.018242
2.394300 0.018242
2.394400 0.018164
2.394500 0.018164
2.394600 0.018164
2.394700 0.018164
2.394800 0.018164
2.394900 0.018086
2.395000 0.018086
2.395100 0.018086
2.395200 0.018086
2.395300 0.018086
2.395400 0.018008
2.395500 0.018008
2.395600 0.018008
2.395700 0.018008
2.395800 0.017930
2.395900 0.017930
2.396000 0.017930
2.396100 0.017930
2.396200 0.017852
2.396300 0.017852
2.396400 0.017852
2.396500 0.017852
2.396600 0.017773
2.396700 0.017773
2.396800 0.017773
2.396900 0.017773
2.397000 0.017695
2.397100 0.017695
2.397200 0.017695
2.397300 0.017695
2.397400 0.017617
2.397500 0.017617
2.397600 0.017617
2.397700 0.017539
2.397800 0.017539
2.397900 0.017539
2.398000 0.017539
2.398100 0.017461
2.398200 0.017461
2.398300 0.017461
2.398400 0.017383
2.398500 0.017383
2.398600 0.017383
2.398700 0.017383
2.398800 0.017305
2.398900 0.017305
2.399000 0.017305
2.399100 0.017227
2.399200 0.017227
2.399300 0.017227
2.399400 0.017148
2.399500 0.017148
2.399600 0.017148
2.399700 0.017070
2.399800 0.017070
2.399900 0.017070
2.400000 0.016992
2.400100 0.016992
2.400200 0.016992
2.400300 0.016914
2.400400 0.016914
2.400500 0.016914
2.400600 0.016836
2.400700 0.016836
2.400800 0.016836
2.400900 0.016758
2.401000 0.016758
2.401100 0.016680
2.401200 0.016680
2.401300 0.016680
2.401400 0.016602
2.401500 0.016602
2.401600 0.016602
2.401700 0.016523
2.401800 0.016523
2.401900 0.016445
2.402000 0.016445
2.402100 0.016445
2.402200 0.016367
2.402300 0.016367
2.402400 0.016289
2.402500 0.016289
2.402600 0.016289
2.402700 0.016211
2.402800 0.016211
2.402900 0.016133
2.403000 0.016133
2.403100 0.016133
2.403200 0.016055
2.403300 0.016055
2.403400 0.015977
2.403500 0.015977
2.403600 0.015898
2.403700 0.015898
2.403800 0.015898
2.403900 0.015820
2.404000 0.015820
2.404100 0.015742
2.404200 0.015742
2.404300 0.015664
2.404400 0.015664
2.404500 0.015586
2.404600 0.015586
2.404700 0.015508
2.404800 0.015508
2.404900 0.015430
2.405000 0.015430
2.405100 0.015352
2.405200 0.015352
2.405300 0.015273
2.405400 0.015273
2.405500 0.015195
2.405600 0.015195
2.405700 0.015117
2.405800 0.015117
2.405900 0.015039
2.406000 0.015039
2.406100 0.014961
2.406200 0.014961
2.406300 0.014883
2.406400 0.014883
2.406500 0.014805
2.406600 0.014805
2.406700 0.014727
2.406800 0.014648
2.406900 0.014648
2.407000 0.014570
2.407100 0.014570
2.407200 0.014492
2.407300 0.014492
2.407400 0.014414
2.407500 0.014336
2.407600 0.014336
2.407700 0.014258
2.407800 0.014258
2.407900 0.014180
2.408000 0.014102
2.408100 0.014102
2.408200 0.014023
2.408300 0.014023
2.408400 0.013945
2.408500 0.013867
2.408600 0.013867
2.408700 0.013789
2.408800 0.013711
2.408900 0.013711
2.409000 0.013633
2.409100 0.013555
2.409200 0.013555
2.409300 0.013477
2.409400 0.013398
2.409500 0.013398
2.409600 0.013320
2.409700 0.013242
2.409800 0.013242
2.409900 0.013164
2.410000 0.013086
2.410100 0.013086
2.410200 0.013008
2.410300 0.012930
2.410400 0.012852
2.410500 0.012852
2.410600 0.012773
2.410700 0.012695
2.410800 0.012617
2.410900 0.012617
2.411000 0.012539
2.411100 0.012461
2.411200 0.012383
2.411300 0.012383
2.411400 0.012305
2.411500 0.012227
2.411600 0.012148
2.411700 0.012070
2.411800 0.011992
2.411900 0.011992
2.412000 0.011914
2.412100 0.011836
2.412200 0.011758
2.412300 0.011680
2.412400 0.011602
2.412500 0.011523
2.412600 0.011523
2.412700 0.011445
2.412800 0.011367
2.412900 0.011289
2.413000 0.011211
2.413100 0.011133
2.413200 0.011055
2.413300 0.010977
2.413400 0.010898
2.413500 0.010820
2.413600 0.010742
2.413700 0.010664
2.413800 0.010586
2.413900 0.010508
2.414000 0.010430
2.414100 0.010352
2.414200 0.010273
2.414300 0.010195
2.414400 0.010117
2.414500 0.010039
2.414600 0.009961
2.414700 0.009883
2.414800 0.009805
2.414900 0.009648
2.415000 0.009570
2.415100 0.009492
2.415200 0.009414
2.415300 0.009336
2.415400 0.009180
2.415500 0.009102
2.415600 0.009023
2.415700 0.008945
2.415800 0.008789
2.415900 0.008711
2.416000 0.008633
2.416100 0.008477
2.416200 0.008398
2.416300 0.008320
2.416400 0.008164
2.416500 0.008086
2.416600 0.007930
2.416700 0.007852
2.416800 0.007695
2.416900 0.007617
2.417000 0.007461
2.417100 0.007383
2.417200 0.007227
2.417300 0.007070
2.417400 0.006992
2.417500 0.006836
2.417600 0.006680
2.417700 0.006523
2.417800 0.006445
2.417900 0.006289
2.418000 0.006133
2.418100 0.005977
2.418200 0.005820
2.418300 0.005586
2.418400 0.005430
2.418500 0.005273
2.418600 0.005039
2.418700 0.004883
2.418800 0.004648
2.418900 0.004492
2.419000 0.004258
2.419100 0.004023
2.419200 0.003711
2.419300 0.003477
2.419400 0.003164
2.419500 0.002852
2.419600 0.002461
2.419700 0.001992
2.419800 0.001445
2.419900 0.000195
