2.990000
2.995000
3.000000
3.005000
3.010000
3.015000
3.020000
3.025000
3.030000
3.035000
3.040000
3.045000
3.050000
3.055000
3.060000
3.065000
3.070000
3.075000
3.080000
3.085000
3.090000
3.095000
3.100000
3.105000
3.110000
3.115000
3.120000
3.125000
3.130000
3.135000
3.140000
3.145000
3.150000
3.155000
3.160000
3.165000
3.170000
3.175000
3.180000
3.185000
3.190000
3.195000
3.200000
3.205000
3.210000
3.215000
3.220000
3.225000
3.230000
3.235000
3.240000
3.245000
3.250000
3.255000
3.260000
3.265000
3.270000
3.275000
3.280000
3.285000
3.290000
3.295000
3.300000
3.305000
3.310000
3.315000
3.320000
3.325000
3.330000
3.335000
3.340000
3.345000
3.350000
3.355000
3.360000
3.365000
3.370000
3.375000
3.380000
3.385000
3.390000
3.395000
3.400000
3.405000
3.410000
3.415000
3.420000
3.425000
3.430000
3.435000
3.440000
3.445000
3.450000
3.455000
3.460000
3.465000
3.470000
3.475000
3.480000
3.485000
3.490000
3.495000
3.500000
3.505000
3.510000
3.515000
3.520000
3.525000
3.530000
3.535000
3.540000
3.545000
3.550000
3.555000
3.560000
3.565000
3.570000
3.575000
3.580000
3.585000
3.590000
3.595000
3.600000
3.605000
3.610000
3.615000
3.620000
3.625000
3.630000
3.635000
3.640000
3.645000
3.650000
3.655000
3.660000
3.665000
3.670000
3.675000
3.680000
3.685000
3.690000
3.695000
3.700000
3.705000
3.710000
3.715000
3.720000
3.725000
3.730000
3.735000
3.740000
3.745000
3.750000
3.755000
3.760000
3.765000
3.770000
3.775000
3.780000
3.785000
3.790000
3.795000
3.800000
3.805000
3.810000
3.815000
3.820000
3.825000
3.830000
3.835000
3.840000
3.845000
3.850000
3.855000
3.860000
3.865000
3.870000
3.875000
3.880000
3.885000
3.890000
3.895000
3.900000
3.905000
3.910000
3.915000
3.920000
3.925000
3.930000
3.935000
3.940000
3.945000
3.950000
3.955000
3.960000
3.965000
3.970000
3.975000
3.980000
3.985000
3.990000
3.995000
4.000000
4.005000
4.010000
4.015000
4.020000
4.025000
4.030000
4.035000
4.040000
4.045000
4.050000
4.055000
4.060000
4.065000
4.070000
4.075000
4.080000
4.085000
4.090000
4.095000
4.100000
4.105000
4.110000
4.115000
4.120000
4.125000
4.130000
4.135000
4.140000
4.145000
4.150000
4.155000
4.160000
4.165000
4.170000
4.175000
4.180000
4.185000
4.190000
4.195000
4.200000
4.205000
4.210000
4.215000
4.220000
4.225000
4.230000
4.235000
4.240000
4.245000
4.250000
4.255000
4.260000
4.265000
4.270000
4.275000
4.280000
4.285000
4.290000
4.295000
4.300000
4.305000
4.310000
4.315000
4.320000
4.325000
4.330000
4.335000
4.340000
4.345000
4.350000
4.355000
4.360000
4.365000
4.370000
4.375000
4.380000
4.385000
4.390000
4.395000
4.400000
4.405000
4.410000
4.415000
4.420000
4.425000
4.430000
4.435000
4.440000
4.445000
4.450000
4.455000
4.460000
4.465000
4.470000
4.475000
4.480000
4.485000
4.490000
4.495000
4.500000
4.505000
4.510000
4.515000
4.520000
4.525000
4.530000
4.535000
4.540000
4.545000
4.550000
4.555000
4.560000
4.565000
4.570000
4.575000
4.580000
4.585000
4.590000
4.595000
4.600000
4.605000
4.610000
4.615000
4.620000
4.625000
4.630000
4.635000
4.640000
4.645000
4.650000
4.655000
4.660000
4.665000
4.670000
4.675000
4.680000
4.685000
4.690000
4.695000
4.700000
4.705000
4.710000
4.715000
4.720000
4.725000
4.730000
4.735000
4.740000
4.745000
4.750000
4.755000
4.760000
4.765000
4.770000
4.775000
4.780000
4.785000
4.790000
4.795000
4.800000
4.805000
4.810000
4.815000
4.820000
4.825000
4.830000
4.835000
4.840000
4.845000
4.850000
4.855000
4.860000
4.865000
4.870000
4.875000
4.880000
4.885000
4.890000
4.895000
4.900000
4.905000
4.910000
4.915000
4.920000
4.925000
4.930000
4.935000
4.940000
4.945000
4.950000
4.955000
4.960000
4.965000
4.970000
4.975000
4.980000
4.985000
4.990000
4.995000
