1.4000000010 0.3635350000 0.6737350000 1.3714450000 2.4211150000 2.8168550000
1.5000000010 0.3583050000 0.7310150000 1.4318450000 2.4522350000 2.8739950000
1.6000000010 0.3613750000 0.7879350000 1.4933350000 2.4826850000 2.9327950000
1.7000000010 0.3653850000 0.8444450000 1.5546750000 2.5117750000 2.9932250000
1.8000000010 0.3717750000 0.9003650000 1.6142150000 2.5385650000 3.0552950000
1.9000000010 0.3812250000 0.9554950000 1.6691250000 2.5616250000 3.1190050000
2.0000000010 0.3939750000 1.0096450000 1.7105450000 2.5787550000 3.1843850000
2.1000000010 0.4557950000 1.0625750000 1.7801150000 2.5860850000 3.2514450000
2.2000000010 0.5258550000 1.1140050000 1.8989850000 2.5755850000 3.3201950000
2.3000000010 0.6008350000 1.1635850000 2.0849650000 2.5223650000 3.3906850000
