0.1000000010 0.0436850000 1.0005850000 2.1029950000 2.3072750000
0.2000000010 0.0867750000 1.0025350000 2.1117250000 2.3191950000
0.3000000010 0.1287450000 1.0064050000 2.1254950000 2.3383750000
0.4000000010 0.1692250000 1.0130450000 2.1433850000 2.3639250000
0.5000000010 0.2083850000 1.0234850000 2.1645050000 2.3949250000
0.6000000010 0.2483150000 1.0387550000 2.1880950000 2.4305150000
0.7000000010 0.2848250000 1.0597650000 2.2135750000 2.4699250000
0.8000000010 0.3159850000 1.0871150000 2.2405550000 2.5125750000
0.9000000010 0.3413350000 1.1209850000 2.2687550000 2.5579850000
1.0000000010 0.3597150000 1.1611750000 2.2979550000 2.6057950000
1.1000000010 0.3704450000 1.2071450000 2.3279850000 2.6557550000
1.2000000010 0.3737350000 1.2581150000 2.3586750000 2.7076550000
1.3000000010 0.3707850000 1.3132050000 2.3898050000 2.7613850000
