2.9000000010 3.8503250000
3.0000000010 3.9311250000
3.1000000010 4.0128750000
3.2000000010 4.0955750000
3.3000000010 4.1792150000
3.4000000010 4.2637950000
3.5000000010 4.3492950000
3.6000000010 4.4356950000
3.7000000010 4.5229750000
3.8000000010 4.6111050000
3.9000000010 4.7000850000
4.0000000010 4.7898750000
4.1000000010 4.8804550000
4.2000000010 4.9718050000
4.3000000010 5.0639050000
4.4000000010 5.1567450000
4.5000000010 5.2502950000
4.6000000010 5.3445450000
4.7000000010 5.4394850000
4.8000000010 5.5351050000
4.9000000010 5.6313850000
