1.2000000010 0.2757871045 1.1370971924 2.5219360303 2.5889156983
1.3000000010 0.2345690381 1.1876139600 2.5231283350 2.6679163721
1.4000000010 0.1808452588 1.2421163428 2.5352475733 2.7369001611
1.5000000010 0.1088236475 1.2993928857 2.5500301123 2.8035792627
1.6000000010 0.8256389111 1.3583209424 2.5650298975 2.8697149854
1.7000000010 0.8876508643 1.4178276611 2.5786642725 2.9360373486
1.8000000010 0.9494847510 1.4768185205 2.5894756201 3.0029287940
1.9000000010 1.0111968213 1.5340561279 2.5958455811 3.0706198975
2.0000000010 1.0727698779 1.5879076416 2.5957620166 3.1392641943
2.1000000010 1.1341892236 1.6355592432 2.5864803858 3.2089716260
2.2000000010 1.1954520947 1.6701789990 2.5638369483 3.2798249658
