0.0700000000 0.0190426000
0.0705000000 0.0191826000
0.0710000000 0.0193176000
0.0715000000 0.0194526000
0.0720000000 0.0195876000
0.0725000000 0.0197226000
0.0730000000 0.0198626000
0.0735000000 0.0199976000
0.0740000000 0.0201326000
0.0745000000 0.0202676000
0.0750000000 0.0204076000
0.0755000000 0.0205426000
0.0760000000 0.0206776000
0.0765000000 0.0208126000
0.0770000000 0.0209526000
0.0775000000 0.0210876000
0.0780000000 0.0212226000
0.0785000000 0.0213576000
0.0790000000 0.0214926000
0.0795000000 0.0216326000
0.0800000000 0.0217676000
0.0805000000 0.0219026000
0.0810000000 0.0220376000
0.0815000000 0.0221776000
0.0820000000 0.0223126000
0.0825000000 0.0224476000
0.0830000000 0.0225826000
0.0835000000 0.0227226000
0.0840000000 0.0228576000
0.0845000000 0.0229926000
0.0850000000 0.0231276000
0.0855000000 0.0232676000
0.0860000000 0.0234026000
0.0865000000 0.0235376000
0.0870000000 0.0236726000
0.0875000000 0.0238126000
0.0880000000 0.0239476000
0.0885000000 0.0240826000
0.0890000000 0.0242176000
0.0895000000 0.0243576000
0.0900000000 0.0244926000
0.0905000000 0.0246276000
0.0910000000 0.0247626000
0.0915000000 0.0249026000
0.0920000000 0.0250376000
0.0925000000 0.0251726000
0.0930000000 0.0253076000
0.0935000000 0.0254476000
0.0940000000 0.0255826000
0.0945000000 0.0257176000
0.0950000000 0.0258526000
0.0955000000 0.0259926000
0.0960000000 0.0261276000
0.0965000000 0.0262626000
0.0970000000 0.0263976000
0.0975000000 0.0265376000
0.0980000000 0.0266726000
0.0985000000 0.0268076000
0.0990000000 0.0269426000
0.0995000000 0.0270826000
0.1000000000 0.0272176000
0.1005000000 0.0273526000
0.1010000000 0.0274876000
0.1015000000 0.0276276000
0.1020000000 0.0277626000
0.1025000000 0.0278976000
0.1030000000 0.0280376000
0.1035000000 0.0281726000
0.1040000000 0.0283076000
0.1045000000 0.0284426000
0.1050000000 0.0285826000
0.1055000000 0.0287176000
0.1060000000 0.0288526000
0.1065000000 0.0289876000
0.1070000000 0.0291276000
0.1075000000 0.0292626000
0.1080000000 0.0293976000
0.1085000000 0.0295376000
0.1090000000 0.0296726000
0.1095000000 0.0298076000
0.1100000000 0.0299426000
0.1105000000 0.0300826000
0.1110000000 0.0302176000
0.1115000000 0.0303526000
0.1120000000 0.0304926000
0.1125000000 0.0306276000
0.1130000000 0.0307626000
0.1135000000 0.0308976000
0.1140000000 0.0310376000
0.1145000000 0.0311726000
0.1150000000 0.0313076000
0.1155000000 0.0314476000
0.1160000000 0.0315826000
0.1165000000 0.0317176000
0.1170000000 0.0318526000
0.1175000000 0.0319926000
0.1180000000 0.0321276000
0.1185000000 0.0322626000
0.1190000000 0.0324026000
0.1195000000 0.0325376000
0.1200000000 0.0326726000
0.1205000000 0.0328126000
0.1210000000 0.0329476000
0.1215000000 0.0330826000
0.1220000000 0.0332176000
0.1225000000 0.0333576000
0.1230000000 0.0334926000
0.1235000000 0.0336276000
0.1240000000 0.0337676000
0.1245000000 0.0339026000
0.1250000000 0.0340376000
0.1255000000 0.0341776000
0.1260000000 0.0343126000
0.1265000000 0.0344476000
0.1270000000 0.0345876000
0.1275000000 0.0347226000
0.1280000000 0.0348576000
0.1285000000 0.0349976000
0.1290000000 0.0351326000
0.1295000000 0.0352676000
0.1300000000 0.0354076000
0.1305000000 0.0355426000
0.1310000000 0.0356776000
0.1315000000 0.0358176000
0.1320000000 0.0359526000
0.1325000000 0.0360876000
0.1330000000 0.0362276000
0.1335000000 0.0363626000
0.1340000000 0.0364976000
0.1345000000 0.0366376000
0.1350000000 0.0367726000
0.1355000000 0.0369076000
0.1360000000 0.0370476000
0.1365000000 0.0371826000
0.1370000000 0.0373176000
0.1375000000 0.0374576000
0.1380000000 0.0375926000
0.1385000000 0.0377276000
0.1390000000 0.0378676000
0.1395000000 0.0380026000
0.1400000000 0.0381376000
0.1405000000 0.0382776000
0.1410000000 0.0384126000
0.1415000000 0.0385526000
0.1420000000 0.0386876000
0.1425000000 0.0388226000
0.1430000000 0.0389626000
0.1435000000 0.0390976000
0.1440000000 0.0392326000
0.1445000000 0.0393726000
0.1450000000 0.0395076000
0.1455000000 0.0396426000
0.1460000000 0.0397826000
0.1465000000 0.0399176000
0.1470000000 0.0400576000
0.1475000000 0.0401926000
0.1480000000 0.0403276000
0.1485000000 0.0404676000
0.1490000000 0.0406026000
0.1495000000 0.0407426000
0.1500000000 0.0408776000
0.1505000000 0.0410126000
0.1510000000 0.0411526000
0.1515000000 0.0412876000
0.1520000000 0.0414276000
0.1525000000 0.0415626000
0.1530000000 0.0416976000
0.1535000000 0.0418376000
0.1540000000 0.0419726000
0.1545000000 0.0421126000
0.1550000000 0.0422476000
0.1555000000 0.0423826000
0.1560000000 0.0425226000
0.1565000000 0.0426576000
0.1570000000 0.0427976000
0.1575000000 0.0429326000
0.1580000000 0.0430676000
0.1585000000 0.0432076000
0.1590000000 0.0433426000
0.1595000000 0.0434826000
0.1600000000 0.0436176000
0.1605000000 0.0437576000
0.1610000000 0.0438926000
0.1615000000 0.0440326000
0.1620000000 0.0441676000
0.1625000000 0.0443026000
0.1630000000 0.0444426000
0.1635000000 0.0445776000
0.1640000000 0.0447176000
0.1645000000 0.0448526000
0.1650000000 0.0449926000
0.1655000000 0.0451276000
0.1660000000 0.0452676000
0.1665000000 0.0454026000
0.1670000000 0.0455426000
0.1675000000 0.0456776000
0.1680000000 0.0458126000
0.1685000000 0.0459526000
0.1690000000 0.0460876000
0.1695000000 0.0462276000
0.1700000000 0.0463626000
0.1705000000 0.0465026000
0.1710000000 0.0466376000
0.1715000000 0.0467776000
0.1720000000 0.0469126000
0.1725000000 0.0470526000
0.1730000000 0.0471876000
0.1735000000 0.0473276000
0.1740000000 0.0474626000
0.1745000000 0.0476026000
0.1750000000 0.0477376000
0.1755000000 0.0478776000
0.1760000000 0.0480126000
0.1765000000 0.0481526000
0.1770000000 0.0482876000
0.1775000000 0.0484276000
0.1780000000 0.0485626000
0.1785000000 0.0487026000
0.1790000000 0.0488426000
0.1795000000 0.0489776000
0.1800000000 0.0491176000
0.1805000000 0.0492526000
0.1810000000 0.0493926000
0.1815000000 0.0495276000
0.1820000000 0.0496676000
0.1825000000 0.0498026000
0.1830000000 0.0499426000
0.1835000000 0.0500776000
0.1840000000 0.0502176000
0.1845000000 0.0503576000
0.1850000000 0.0504926000
0.1855000000 0.0506326000
0.1860000000 0.0507676000
0.1865000000 0.0509076000
0.1870000000 0.0510426000
0.1875000000 0.0511826000
0.1880000000 0.0513226000
0.1885000000 0.0514576000
0.1890000000 0.0515976000
0.1895000000 0.0517326000
0.1900000000 0.0518726000
0.1905000000 0.0520126000
0.1910000000 0.0521476000
0.1915000000 0.0522876000
0.1920000000 0.0524276000
0.1925000000 0.0525626000
0.1930000000 0.0527026000
0.1935000000 0.0528376000
0.1940000000 0.0529776000
0.1945000000 0.0531176000
0.1950000000 0.0532526000
0.1955000000 0.0533926000
0.1960000000 0.0535326000
0.1965000000 0.0536676000
0.1970000000 0.0538076000
0.1975000000 0.0539476000
0.1980000000 0.0540826000
0.1985000000 0.0542226000
0.1990000000 0.0543626000
0.1995000000 0.0544976000
0.2000000000 0.0546376000
0.2005000000 0.0547776000
0.2010000000 0.0549126000
0.2015000000 0.0550526000
0.2020000000 0.0551926000
0.2025000000 0.0553276000
0.2030000000 0.0554676000
0.2035000000 0.0556076000
0.2040000000 0.0557476000
0.2045000000 0.0558826000
0.2050000000 0.0560226000
0.2055000000 0.0561626000
0.2060000000 0.0562976000
0.2065000000 0.0564376000
0.2070000000 0.0565776000
0.2075000000 0.0567176000
0.2080000000 0.0568526000
0.2085000000 0.0569926000
0.2090000000 0.0571326000
0.2095000000 0.0572726000
0.2100000000 0.0574126000
0.2105000000 0.0575476000
0.2110000000 0.0576876000
0.2115000000 0.0578276000
0.2120000000 0.0579676000
0.2125000000 0.0581076000
0.2130000000 0.0582426000
0.2135000000 0.0583826000
0.2140000000 0.0585226000
0.2145000000 0.0586626000
0.2150000000 0.0588026000
0.2155000000 0.0589376000
0.2160000000 0.0590776000
0.2165000000 0.0592176000
0.2170000000 0.0593576000
0.2175000000 0.0594976000
0.2180000000 0.0596376000
0.2185000000 0.0597776000
0.2190000000 0.0599126000
0.2195000000 0.0600526000
0.2200000000 0.0601926000
0.2205000000 0.0603326000
0.2210000000 0.0604726000
0.2215000000 0.0606126000
0.2220000000 0.0607526000
0.2225000000 0.0608926000
0.2230000000 0.0610326000
0.2235000000 0.0611726000
0.2240000000 0.0613126000
0.2245000000 0.0614476000
0.2250000000 0.0615876000
0.2255000000 0.0617276000
0.2260000000 0.0618676000
0.2265000000 0.0620076000
0.2270000000 0.0621476000
0.2275000000 0.0622876000
0.2280000000 0.0624276000
0.2285000000 0.0625676000
0.2290000000 0.0627076000
0.2295000000 0.0628476000
0.2300000000 0.0629876000
0.2305000000 0.0631276000
0.2310000000 0.0632676000
0.2315000000 0.0634076000
0.2320000000 0.0635476000
0.2325000000 0.0636926000
0.2330000000 0.0638326000
0.2335000000 0.0639726000
0.2340000000 0.0641126000
0.2345000000 0.0642526000
0.2350000000 0.0643926000
0.2355000000 0.0645326000
0.2360000000 0.0646726000
0.2365000000 0.0648126000
0.2370000000 0.0649526000
0.2375000000 0.0650976000
0.2380000000 0.0652376000
0.2385000000 0.0653776000
0.2390000000 0.0655176000
0.2395000000 0.0656576000
0.2400000000 0.0657976000
0.2405000000 0.0659426000
0.2410000000 0.0660826000
0.2415000000 0.0662226000
0.2420000000 0.0663626000
0.2425000000 0.0665076000
0.2430000000 0.0666476000
0.2435000000 0.0667876000
0.2440000000 0.0669276000
0.2445000000 0.0670726000
0.2450000000 0.0672126000
0.2455000000 0.0673526000
0.2460000000 0.0674976000
0.2465000000 0.0676376000
0.2470000000 0.0677776000
0.2475000000 0.0679226000
0.2480000000 0.0680626000
0.2485000000 0.0682026000
0.2490000000 0.0683476000
0.2495000000 0.0684876000
0.2500000000 0.0686276000
0.2505000000 0.0687726000
0.2510000000 0.0689126000
0.2515000000 0.0690576000
0.2520000000 0.0691976000
0.2525000000 0.0693426000
0.2530000000 0.0694826000
0.2535000000 0.0696276000
0.2540000000 0.0697676000
0.2545000000 0.0699126000
0.2550000000 0.0700526000
0.2555000000 0.0701976000
0.2560000000 0.0703426000
0.2565000000 0.0704826000
0.2570000000 0.0706276000
0.2575000000 0.0707726000
0.2580000000 0.0709126000
0.2585000000 0.0710576000
0.2590000000 0.0712026000
0.2595000000 0.0713426000
0.2600000000 0.0714876000
0.2605000000 0.0716326000
0.2610000000 0.0717776000
0.2615000000 0.0719226000
0.2620000000 0.0720676000
0.2625000000 0.0722126000
0.2630000000 0.0723576000
0.2635000000 0.0725026000
0.2640000000 0.0726476000
0.2645000000 0.0727926000
0.2650000000 0.0729376000
0.2655000000 0.0730826000
0.2660000000 0.0732276000
0.2665000000 0.0733726000
0.2670000000 0.0735176000
0.2675000000 0.0736576000
0.2680000000 0.0738026000
0.2685000000 0.0739476000
0.2690000000 0.0740926000
0.2695000000 0.0742376000
0.2700000000 0.0743826000
0.2705000000 0.0745226000
0.2710000000 0.0746676000
0.2715000000 0.0748126000
0.2720000000 0.0749576000
0.2725000000 0.0750976000
0.2730000000 0.0752426000
0.2735000000 0.0753876000
0.2740000000 0.0755326000
0.2745000000 0.0756776000
0.2750000000 0.0758176000
0.2755000000 0.0759626000
0.2760000000 0.0761076000
0.2765000000 0.0762526000
0.2770000000 0.0763926000
0.2775000000 0.0765376000
0.2780000000 0.0766826000
0.2785000000 0.0768276000
0.2790000000 0.0769676000
0.2795000000 0.0771126000
0.2800000000 0.0772576000
0.2805000000 0.0774026000
0.2810000000 0.0775476000
0.2815000000 0.0776876000
0.2820000000 0.0778326000
0.2825000000 0.0779776000
0.2830000000 0.0781226000
0.2835000000 0.0782676000
0.2840000000 0.0784076000
0.2845000000 0.0785526000
0.2850000000 0.0786976000
0.2855000000 0.0788426000
0.2860000000 0.0789876000
0.2865000000 0.0791326000
0.2870000000 0.0792726000
0.2875000000 0.0794176000
0.2880000000 0.0795626000
0.2885000000 0.0797076000
0.2890000000 0.0798526000
0.2895000000 0.0799976000
0.2900000000 0.0801426000
0.2905000000 0.0802826000
0.2910000000 0.0804276000
0.2915000000 0.0805726000
0.2920000000 0.0807176000
0.2925000000 0.0808626000
0.2930000000 0.0810076000
0.2935000000 0.0811526000
0.2940000000 0.0812976000
0.2945000000 0.0814426000
0.2950000000 0.0815876000
0.2955000000 0.0817326000
0.2960000000 0.0818776000
0.2965000000 0.0820226000
0.2970000000 0.0821676000
0.2975000000 0.0823076000
0.2980000000 0.0824526000
0.2985000000 0.0825976000
0.2990000000 0.0827426000
0.2995000000 0.0828876000
0.3000000000 0.0830376000
0.3005000000 0.0831826000
0.3010000000 0.0833276000
0.3015000000 0.0834726000
0.3020000000 0.0836176000
0.3025000000 0.0837626000
0.3030000000 0.0839076000
0.3035000000 0.0840526000
0.3040000000 0.0841976000
0.3045000000 0.0843426000
0.3050000000 0.0844876000
0.3055000000 0.0846326000
0.3060000000 0.0847776000
0.3065000000 0.0849276000
0.3070000000 0.0850726000
0.3075000000 0.0852176000
0.3080000000 0.0853626000
0.3085000000 0.0855076000
0.3090000000 0.0856526000
0.3095000000 0.0858026000
0.3100000000 0.0859476000
0.3105000000 0.0860926000
0.3110000000 0.0862376000
0.3115000000 0.0863826000
0.3120000000 0.0865326000
0.3125000000 0.0866776000
0.3130000000 0.0868226000
0.3135000000 0.0869676000
0.3140000000 0.0871176000
0.3145000000 0.0872626000
0.3150000000 0.0874076000
0.3155000000 0.0875576000
0.3160000000 0.0877026000
0.3165000000 0.0878476000
0.3170000000 0.0879976000
0.3175000000 0.0881426000
0.3180000000 0.0882876000
0.3185000000 0.0884376000
0.3190000000 0.0885826000
0.3195000000 0.0887276000
0.3200000000 0.0888776000
0.3205000000 0.0890226000
0.3210000000 0.0891726000
0.3215000000 0.0893176000
0.3220000000 0.0894676000
0.3225000000 0.0896126000
0.3230000000 0.0897626000
0.3235000000 0.0899076000
0.3240000000 0.0900576000
0.3245000000 0.0902026000
0.3250000000 0.0903526000
0.3255000000 0.0904976000
0.3260000000 0.0906476000
0.3265000000 0.0907926000
0.3270000000 0.0909426000
0.3275000000 0.0910926000
0.3280000000 0.0912376000
0.3285000000 0.0913876000
0.3290000000 0.0915326000
0.3295000000 0.0916826000
0.3300000000 0.0918326000
0.3305000000 0.0919776000
0.3310000000 0.0921276000
0.3315000000 0.0922776000
0.3320000000 0.0924276000
0.3325000000 0.0925726000
