4.692500 1.599180 2.321367 2.330039 5.816836
4.692600 1.599258 2.320820 2.330586 5.816914
4.692700 1.599336 2.320352 2.331211 5.817070
4.692800 1.599414 2.319883 2.331680 5.817148
4.692900 1.599414 2.319492 2.332148 5.817227
4.693000 1.599492 2.319180 2.332617 5.817383
4.693100 1.599570 2.318789 2.333008 5.817461
4.693200 1.599648 2.318477 2.333477 5.817539
4.693300 1.599648 2.318164 2.333867 5.817695
4.693400 1.599727 2.317930 2.334180 5.817773
4.693500 1.599805 2.317617 2.334570 5.817930
4.693600 1.599883 2.317383 2.334961 5.818008
4.693700 1.599883 2.317148 2.335273 5.818086
4.693800 1.599961 2.316914 2.335586 5.818242
4.693900 1.600039 2.316680 2.335898 5.818320
4.694000 1.600117 2.316445 2.336211 5.818477
4.694100 1.600117 2.316211 2.336523 5.818555
4.694200 1.600195 2.315977 2.336836 5.818633
4.694300 1.600273 2.315742 2.337148 5.818789
4.694400 1.600352 2.315586 2.337461 5.818867
4.694500 1.600352 2.315352 2.337695 5.819023
4.694600 1.600430 2.315195 2.338008 5.819102
4.694700 1.600508 2.315039 2.338242 5.819180
4.694800 1.600586 2.314805 2.338555 5.819336
4.694900 1.600586 2.314648 2.338789 5.819414
4.695000 1.600664 2.314492 2.339023 5.819492
4.695100 1.600742 2.314336 2.339336 5.819648
4.695200 1.600820 2.314102 2.339570 5.819727
4.695300 1.600820 2.313945 2.339805 5.819883
4.695400 1.600898 2.313789 2.340039 5.819961
4.695500 1.600977 2.313633 2.340273 5.820039
4.695600 1.601055 2.313477 2.340508 5.820195
4.695700 1.601055 2.313320 2.340820 5.820273
4.695800 1.601133 2.313242 2.341055 5.820430
4.695900 1.601211 2.313086 2.341289 5.820508
4.696000 1.601289 2.312930 2.341445 5.820586
4.696100 1.601367 2.312773 2.341680 5.820742
4.696200 1.601367 2.312617 2.341914 5.820820
4.696300 1.601445 2.312539 2.342148 5.820977
4.696400 1.601523 2.312383 2.342383 5.821055
4.696500 1.601602 2.312227 2.342617 5.821133
4.696600 1.601602 2.312148 2.342852 5.821289
4.696700 1.601680 2.311992 2.343008 5.821367
4.696800 1.601758 2.311836 2.343242 5.821445
4.696900 1.601836 2.311758 2.343477 5.821602
4.697000 1.601836 2.311602 2.343633 5.821680
4.697100 1.601914 2.311523 2.343867 5.821836
4.697200 1.601992 2.311367 2.344102 5.821914
4.697300 1.602070 2.311289 2.344258 5.821992
4.697400 1.602070 2.311133 2.344492 5.822148
4.697500 1.602148 2.311055 2.344648 5.822227
4.697600 1.602227 2.310898 2.344883 5.822383
4.697700 1.602305 2.310820 2.345117 5.822461
4.697800 1.602305 2.310664 2.345273 5.822539
4.697900 1.602383 2.310586 2.345508 5.822695
4.698000 1.602461 2.310508 2.345664 5.822773
4.698100 1.602539 2.310352 2.345898 5.822930
4.698200 1.602539 2.310273 2.346055 5.823008
4.698300 1.602617 2.310195 2.346289 5.823086
4.698400 1.602695 2.310039 2.346445 5.823242
4.698500 1.602773 2.309961 2.346602 5.823320
4.698600 1.602773 2.309883 2.346836 5.823477
4.698700 1.602852 2.309805 2.346992 5.823555
4.698800 1.602930 2.309648 2.347227 5.823633
4.698900 1.603008 2.309570 2.347383 5.823789
4.699000 1.603008 2.309492 2.347539 5.823867
4.699100 1.603086 2.309414 2.347773 5.823945
4.699200 1.603164 2.309258 2.347930 5.824102
4.699300 1.603242 2.309180 2.348086 5.824180
4.699400 1.603242 2.309102 2.348242 5.824336
4.699500 1.603320 2.309023 2.348477 5.824414
4.699600 1.603398 2.308945 2.348633 5.824492
4.699700 1.603477 2.308867 2.348789 5.824648
4.699800 1.603477 2.308711 2.349023 5.824727
4.699900 1.603555 2.308633 2.349180 5.824883
4.700000 1.603633 2.308555 2.349336 5.824961
4.700100 1.603711 2.308477 2.349492 5.825039
4.700200 1.603711 2.308398 2.349648 5.825195
4.700300 1.603789 2.308320 2.349883 5.825273
4.700400 1.603867 2.308242 2.350039 5.825430
4.700500 1.603945 2.308164 2.350195 5.825508
4.700600 1.603945 2.308086 2.350352 5.825586
4.700700 1.604023 2.308008 2.350508 5.825742
4.700800 1.604102 2.307930 2.350664 5.825820
4.700900 1.604180 2.307852 2.350898 5.825898
4.701000 1.604180 2.307773 2.351055 5.826055
4.701100 1.604258 2.307695 2.351211 5.826133
4.701200 1.604336 2.307617 2.351367 5.826289
4.701300 1.604414 2.307539 2.351523 5.826367
4.701400 1.604414 2.307461 2.351680 5.826445
4.701500 1.604492 2.307383 2.351836 5.826602
4.701600 1.604570 2.307305 2.351992 5.826680
4.701700 1.604648 2.307227 2.352148 5.826836
4.701800 1.604727 2.307148 2.352305 5.826914
4.701900 1.604727 2.307070 2.352461 5.826992
4.702000 1.604805 2.306992 2.352695 5.827148
4.702100 1.604883 2.306914 2.352852 5.827227
4.702200 1.604961 2.306836 2.353008 5.827383
4.702300 1.604961 2.306758 2.353164 5.827461
4.702400 1.605039 2.306758 2.353320 5.827539
4.702500 1.605117 2.306680 2.353477 5.827695
4.702600 1.605195 2.306602 2.353633 5.827773
4.702700 1.605195 2.306523 2.353789 5.827852
4.702800 1.605273 2.306445 2.353945 5.828008
4.702900 1.605352 2.306367 2.354102 5.828086
4.703000 1.605430 2.306289 2.354258 5.828242
4.703100 1.605430 2.306289 2.354414 5.828320
4.703200 1.605508 2.306211 2.354570 5.828398
4.703300 1.605586 2.306133 2.354648 5.828555
4.703400 1.605664 2.306055 2.354805 5.828633
4.703500 1.605664 2.305977 2.354961 5.828789
4.703600 1.605742 2.305898 2.355117 5.828867
4.703700 1.605820 2.305898 2.355273 5.828945
4.703800 1.605898 2.305820 2.355430 5.829102
4.703900 1.605898 2.305742 2.355586 5.829180
4.704000 1.605977 2.305664 2.355742 5.829336
4.704100 1.606055 2.305586 2.355898 5.829414
4.704200 1.606133 2.305586 2.356055 5.829492
4.704300 1.606133 2.305508 2.356211 5.829648
4.704400 1.606211 2.305430 2.356367 5.829727
4.704500 1.606289 2.305352 2.356523 5.829805
4.704600 1.606367 2.305352 2.356602 5.829961
4.704700 1.606367 2.305273 2.356758 5.830039
4.704800 1.606445 2.305195 2.356914 5.830195
4.704900 1.606523 2.305117 2.357070 5.830273
4.705000 1.606602 2.305117 2.357227 5.830352
4.705100 1.606602 2.305039 2.357383 5.830508
4.705200 1.606680 2.304961 2.357539 5.830586
4.705300 1.606758 2.304883 2.357617 5.830742
4.705400 1.606836 2.304883 2.357773 5.830820
4.705500 1.606836 2.304805 2.357930 5.830898
4.705600 1.606914 2.304727 2.358086 5.831055
4.705700 1.606992 2.304727 2.358242 5.831133
4.705800 1.607070 2.304648 2.358398 5.831289
4.705900 1.607070 2.304570 2.358477 5.831367
4.706000 1.607148 2.304570 2.358633 5.831445
4.706100 1.607227 2.304492 2.358789 5.831602
4.706200 1.607305 2.304414 2.358945 5.831680
4.706300 1.607383 2.304414 2.359102 5.831836
4.706400 1.607383 2.304336 2.359180 5.831914
4.706500 1.607461 2.304258 2.359336 5.831992
4.706600 1.607539 2.304258 2.359492 5.832148
4.706700 1.607617 2.304180 2.359648 5.832227
4.706800 1.607617 2.304102 2.359805 5.832305
4.706900 1.607695 2.304102 2.359883 5.832461
4.707000 1.607773 2.304023 2.360039 5.832539
4.707100 1.607852 2.303945 2.360195 5.832695
4.707200 1.607852 2.303945 2.360352 5.832773
4.707300 1.607930 2.303867 2.360430 5.832852
4.707400 1.608008 2.303789 2.360586 5.833008
4.707500 1.608086 2.303789 2.360742 5.833086
4.707600 1.608086 2.303711 2.360898 5.833242
4.707700 1.608164 2.303711 2.360977 5.833320
4.707800 1.608242 2.303633 2.361133 5.833398
4.707900 1.608320 2.303555 2.361289 5.833555
4.708000 1.608320 2.303555 2.361445 5.833633
4.708100 1.608398 2.303477 2.361523 5.833789
4.708200 1.608477 2.303477 2.361680 5.833867
4.708300 1.608555 2.303398 2.361836 5.833945
4.708400 1.608555 2.303320 2.361992 5.834102
4.708500 1.608633 2.303320 2.362070 5.834180
4.708600 1.608711 2.303242 2.362227 5.834258
4.708700 1.608789 2.303242 2.362383 5.834414
4.708800 1.608789 2.303164 2.362461 5.834492
4.708900 1.608867 2.303086 2.362617 5.834648
4.709000 1.608945 2.303086 2.362773 5.834727
4.709100 1.609023 2.303008 2.362852 5.834805
4.709200 1.609023 2.303008 2.363008 5.834961
4.709300 1.609102 2.302930 2.363164 5.835039
4.709400 1.609180 2.302930 2.363320 5.835195
4.709500 1.609258 2.302852 2.363398 5.835273
4.709600 1.609258 2.302852 2.363555 5.835352
4.709700 1.609336 2.302773 2.363711 5.835508
4.709800 1.609414 2.302695 2.363789 5.835586
4.709900 1.609492 2.302695 2.363945 5.835742
4.710000 1.609492 2.302617 2.364102 5.835820
4.710100 1.609570 2.302617 2.364180 5.835898
4.710200 1.609648 2.302539 2.364336 5.836055
4.710300 1.609727 2.302539 2.364492 5.836133
4.710400 1.609805 2.302461 2.364570 5.836211
4.710500 1.609805 2.302461 2.364727 5.836367
4.710600 1.609883 2.302383 2.364883 5.836445
4.710700 1.609961 2.302383 2.364961 5.836602
4.710800 1.610039 2.302305 2.365117 5.836680
4.710900 1.610039 2.302305 2.365195 5.836758
4.711000 1.610117 2.302227 2.365352 5.836914
4.711100 1.610195 2.302227 2.365508 5.836992
4.711200 1.610273 2.302148 2.365586 5.837148
4.711300 1.610273 2.302148 2.365742 5.837227
4.711400 1.610352 2.302070 2.365898 5.837305
4.711500 1.610430 2.302070 2.365977 5.837461
4.711600 1.610508 2.301992 2.366133 5.837539
4.711700 1.610508 2.301992 2.366211 5.837695
4.711800 1.610586 2.301914 2.366367 5.837773
4.711900 1.610664 2.301914 2.366523 5.837852
4.712000 1.610742 2.301836 2.366602 5.838008
4.712100 1.610742 2.301836 2.366758 5.838086
4.712200 1.610820 2.301758 2.366836 5.838242
4.712300 1.610898 2.301758 2.366992 5.838320
4.712400 1.610977 2.301680 2.367148 5.838398
4.712500 1.610977 2.301680 2.367227 5.838555
4.712600 1.611055 2.301602 2.367383 5.838633
4.712700 1.611133 2.301602 2.367461 5.838711
4.712800 1.611211 2.301602 2.367617 5.838867
4.712900 1.611211 2.301523 2.367773 5.838945
4.713000 1.611289 2.301523 2.367852 5.839102
4.713100 1.611367 2.301445 2.368008 5.839180
4.713200 1.611445 2.301445 2.368086 5.839258
4.713300 1.611445 2.301367 2.368242 5.839414
4.713400 1.611523 2.301367 2.368398 5.839492
4.713500 1.611602 2.301289 2.368477 5.839648
4.713600 1.611680 2.301289 2.368633 5.839727
4.713700 1.611758 2.301289 2.368711 5.839805
4.713800 1.611758 2.301211 2.368867 5.839961
4.713900 1.611836 2.301211 2.368945 5.840039
4.714000 1.611914 2.301133 2.369102 5.840195
4.714100 1.611992 2.301133 2.369180 5.840273
4.714200 1.611992 2.301055 2.369336 5.840352
4.714300 1.612070 2.301055 2.369492 5.840508
4.714400 1.612148 2.301055 2.369570 5.840586
4.714500 1.612227 2.300977 2.369727 5.840664
4.714600 1.612227 2.300977 2.369805 5.840820
4.714700 1.612305 2.300898 2.369961 5.840898
4.714800 1.612383 2.300898 2.370039 5.841055
4.714900 1.612461 2.300898 2.370195 5.841133
4.715000 1.612461 2.300820 2.370273 5.841211
4.715100 1.612539 2.300820 2.370430 5.841367
4.715200 1.612617 2.300742 2.370508 5.841445
4.715300 1.612695 2.300742 2.370664 5.841602
4.715400 1.612695 2.300664 2.370820 5.841680
4.715500 1.612773 2.300664 2.370898 5.841758
4.715600 1.612852 2.300664 2.371055 5.841914
4.715700 1.612930 2.300586 2.371133 5.841992
4.715800 1.612930 2.300586 2.371289 5.842148
4.715900 1.613008 2.300586 2.371367 5.842227
4.716000 1.613086 2.300508 2.371523 5.842305
4.716100 1.613164 2.300508 2.371602 5.842461
4.716200 1.613164 2.300430 2.371758 5.842539
4.716300 1.613242 2.300430 2.371836 5.842695
4.716400 1.613320 2.300430 2.371992 5.842773
4.716500 1.613398 2.300352 2.372070 5.842852
4.716600 1.613398 2.300352 2.372227 5.843008
4.716700 1.613477 2.300352 2.372305 5.843086
4.716800 1.613555 2.300273 2.372461 5.843164
4.716900 1.613633 2.300273 2.372539 5.843320
4.717000 1.613711 2.300195 2.372695 5.843398
4.717100 1.613711 2.300195 2.372773 5.843555
4.717200 1.613789 2.300195 2.372930 5.843633
4.717300 1.613867 2.300117 2.373008 5.843711
4.717400 1.613945 2.300117 2.373164 5.843867
4.717500 1.613945 2.300117 2.373242 5.843945
4.717600 1.614023 2.300039 2.373398 5.844102
4.717700 1.614102 2.300039 2.373477 5.844180
4.717800 1.614180 2.300039 2.373633 5.844258
4.717900 1.614180 2.299961 2.373711 5.844414
4.718000 1.614258 2.299961 2.373867 5.844492
4.718100 1.614336 2.299961 2.373945 5.844648
4.718200 1.614414 2.299883 2.374102 5.844727
4.718300 1.614414 2.299883 2.374180 5.844805
4.718400 1.614492 2.299883 2.374336 5.844961
4.718500 1.614570 2.299805 2.374414 5.845039
4.718600 1.614648 2.299805 2.374492 5.845195
4.718700 1.614648 2.299805 2.374648 5.845273
4.718800 1.614727 2.299727 2.374727 5.845352
4.718900 1.614805 2.299727 2.374883 5.845508
4.719000 1.614883 2.299727 2.374961 5.845586
4.719100 1.614883 2.299648 2.375117 5.845664
4.719200 1.614961 2.299648 2.375195 5.845820
4.719300 1.615039 2.299648 2.375352 5.845898
4.719400 1.615117 2.299570 2.375430 5.846055
4.719500 1.615117 2.299570 2.375586 5.846133
4.719600 1.615195 2.299570 2.375664 5.846211
4.719700 1.615273 2.299492 2.375820 5.846367
4.719800 1.615352 2.299492 2.375898 5.846445
4.719900 1.615430 2.299492 2.375977 5.846602
4.720000 1.615430 2.299414 2.376133 5.846680
4.720100 1.615508 2.299414 2.376211 5.846758
4.720200 1.615586 2.299414 2.376367 5.846914
4.720300 1.615664 2.299336 2.376445 5.846992
4.720400 1.615664 2.299336 2.376602 5.847148
4.720500 1.615742 2.299336 2.376680 5.847227
4.720600 1.615820 2.299258 2.376836 5.847305
4.720700 1.615898 2.299258 2.376914 5.847461
4.720800 1.615898 2.299258 2.376992 5.847539
4.720900 1.615977 2.299258 2.377148 5.847695
4.721000 1.616055 2.299180 2.377227 5.847773
4.721100 1.616133 2.299180 2.377383 5.847852
4.721200 1.616133 2.299180 2.377461 5.848008
4.721300 1.616211 2.299102 2.377617 5.848086
4.721400 1.616289 2.299102 2.377695 5.848164
4.721500 1.616367 2.299102 2.377773 5.848320
4.721600 1.616367 2.299102 2.377930 5.848398
4.721700 1.616445 2.299023 2.378008 5.848555
4.721800 1.616523 2.299023 2.378164 5.848633
4.721900 1.616602 2.299023 2.378242 5.848711
4.722000 1.616602 2.298945 2.378398 5.848867
4.722100 1.616680 2.298945 2.378477 5.848945
4.722200 1.616758 2.298945 2.378555 5.849102
4.722300 1.616836 2.298945 2.378711 5.849180
4.722400 1.616836 2.298867 2.378789 5.849258
4.722500 1.616914 2.298867 2.378945 5.849414
4.722600 1.616992 2.298867 2.379023 5.849492
4.722700 1.617070 2.298789 2.379102 5.849648
4.722800 1.617148 2.298789 2.379258 5.849727
4.722900 1.617148 2.298789 2.379336 5.849805
4.723000 1.617227 2.298789 2.379492 5.849961
4.723100 1.617305 2.298711 2.379570 5.850039
4.723200 1.617383 2.298711 2.379648 5.850117
4.723300 1.617383 2.298711 2.379805 5.850273
4.723400 1.617461 2.298711 2.379883 5.850352
4.723500 1.617539 2.298633 2.380039 5.850508
4.723600 1.617617 2.298633 2.380117 5.850586
4.723700 1.617617 2.298633 2.380195 5.850664
4.723800 1.617695 2.298633 2.380352 5.850820
4.723900 1.617773 2.298555 2.380430 5.850898
4.724000 1.617852 2.298555 2.380586 5.851055
4.724100 1.617852 2.298555 2.380664 5.851133
4.724200 1.617930 2.298555 2.380742 5.851211
4.724300 1.618008 2.298477 2.380898 5.851367
4.724400 1.618086 2.298477 2.380977 5.851445
4.724500 1.618086 2.298477 2.381133 5.851602
4.724600 1.618164 2.298477 2.381211 5.851680
4.724700 1.618242 2.298398 2.381289 5.851758
4.724800 1.618320 2.298398 2.381445 5.851914
4.724900 1.618320 2.298398 2.381523 5.851992
4.725000 1.618398 2.298398 2.381602 5.852148
4.725100 1.618477 2.298320 2.381758 5.852227
4.725200 1.618555 2.298320 2.381836 5.852305
4.725300 1.618555 2.298320 2.381992 5.852461
4.725400 1.618633 2.298320 2.382070 5.852539
4.725500 1.618711 2.298242 2.382148 5.852617
4.725600 1.618789 2.298242 2.382305 5.852773
4.725700 1.618867 2.298242 2.382383 5.852852
4.725800 1.618867 2.298242 2.382461 5.853008
4.725900 1.618945 2.298242 2.382617 5.853086
4.726000 1.619023 2.298164 2.382695 5.853164
4.726100 1.619102 2.298164 2.382852 5.853320
4.726200 1.619102 2.298164 2.382930 5.853398
4.726300 1.619180 2.298164 2.383008 5.853555
4.726400 1.619258 2.298086 2.383164 5.853633
4.726500 1.619336 2.298086 2.383242 5.853711
4.726600 1.619336 2.298086 2.383320 5.853867
4.726700 1.619414 2.298086 2.383477 5.853945
4.726800 1.619492 2.298086 2.383555 5.854102
4.726900 1.619570 2.298008 2.383633 5.854180
4.727000 1.619570 2.298008 2.383789 5.854258
4.727100 1.619648 2.298008 2.383867 5.854414
4.727200 1.619727 2.298008 2.383945 5.854492
4.727300 1.619805 2.297930 2.384102 5.854648
4.727400 1.619805 2.297930 2.384180 5.854727
4.727500 1.619883 2.297930 2.384336 5.854805
4.727600 1.619961 2.297930 2.384414 5.854961
4.727700 1.620039 2.297930 2.384492 5.855039
4.727800 1.620039 2.297852 2.384648 5.855117
4.727900 1.620117 2.297852 2.384727 5.855273
4.728000 1.620195 2.297852 2.384805 5.855352
4.728100 1.620273 2.297852 2.384961 5.855508
4.728200 1.620352 2.297852 2.385039 5.855586
4.728300 1.620352 2.297773 2.385117 5.855664
4.728400 1.620430 2.297773 2.385273 5.855820
4.728500 1.620508 2.297773 2.385352 5.855898
4.728600 1.620586 2.297773 2.385430 5.856055
4.728700 1.620586 2.297773 2.385586 5.856133
4.728800 1.620664 2.297695 2.385664 5.856211
4.728900 1.620742 2.297695 2.385742 5.856367
4.729000 1.620820 2.297695 2.385898 5.856445
4.729100 1.620820 2.297695 2.385977 5.856602
4.729200 1.620898 2.297695 2.386055 5.856680
4.729300 1.620977 2.297617 2.386211 5.856758
4.729400 1.621055 2.297617 2.386289 5.856914
4.729500 1.621055 2.297617 2.386367 5.856992
4.729600 1.621133 2.297617 2.386523 5.857148
4.729700 1.621211 2.297617 2.386602 5.857227
4.729800 1.621289 2.297617 2.386680 5.857305
4.729900 1.621289 2.297539 2.386836 5.857461
4.730000 1.621367 2.297539 2.386914 5.857539
4.730100 1.621445 2.297539 2.386992 5.857695
4.730200 1.621523 2.297539 2.387148 5.857773
4.730300 1.621523 2.297539 2.387227 5.857852
4.730400 1.621602 2.297461 2.387305 5.858008
4.730500 1.621680 2.297461 2.387461 5.858086
4.730600 1.621758 2.297461 2.387539 5.858164
4.730700 1.621836 2.297461 2.387617 5.858320
4.730800 1.621836 2.297461 2.387773 5.858398
4.730900 1.621914 2.297461 2.387852 5.858555
4.731000 1.621992 2.297383 2.387930 5.858633
4.731100 1.622070 2.297383 2.388008 5.858711
4.731200 1.622070 2.297383 2.388164 5.858867
4.731300 1.622148 2.297383 2.388242 5.858945
4.731400 1.622227 2.297383 2.388320 5.859102
4.731500 1.622305 2.297383 2.388477 5.859180
4.731600 1.622305 2.297305 2.388555 5.859258
4.731700 1.622383 2.297305 2.388633 5.859414
4.731800 1.622461 2.297305 2.388789 5.859492
4.731900 1.622539 2.297305 2.388867 5.859648
4.732000 1.622539 2.297305 2.388945 5.859727
4.732100 1.622617 2.297305 2.389102 5.859805
4.732200 1.622695 2.297227 2.389180 5.859961
4.732300 1.622773 2.297227 2.389258 5.860039
4.732400 1.622773 2.297227 2.389336 5.860195
4.732500 1.622852 2.297227 2.389492 5.860273
4.732600 1.622930 2.297227 2.389570 5.860352
4.732700 1.623008 2.297227 2.389648 5.860508
4.732800 1.623086 2.297148 2.389805 5.860586
4.732900 1.623086 2.297148 2.389883 5.860664
4.733000 1.623164 2.297148 2.389961 5.860820
4.733100 1.623242 2.297148 2.390117 5.860898
4.733200 1.623320 2.297148 2.390195 5.861055
4.733300 1.623320 2.297148 2.390273 5.861133
4.733400 1.623398 2.297148 2.390352 5.861211
4.733500 1.623477 2.297070 2.390508 5.861367
4.733600 1.623555 2.297070 2.390586 5.861445
4.733700 1.623555 2.297070 2.390664 5.861602
4.733800 1.623633 2.297070 2.390820 5.861680
4.733900 1.623711 2.297070 2.390898 5.861758
4.734000 1.623789 2.297070 2.390977 5.861914
4.734100 1.623789 2.297070 2.391055 5.861992
4.734200 1.623867 2.296992 2.391211 5.862148
4.734300 1.623945 2.296992 2.391289 5.862227
4.734400 1.624023 2.296992 2.391367 5.862305
4.734500 1.624023 2.296992 2.391523 5.862461
4.734600 1.624102 2.296992 2.391602 5.862539
4.734700 1.624180 2.296992 2.391680 5.862695
4.734800 1.624258 2.296992 2.391758 5.862773
4.734900 1.624336 2.296914 2.391914 5.862852
4.735000 1.624336 2.296914 2.391992 5.863008
4.735100 1.624414 2.296914 2.392070 5.863086
4.735200 1.624492 2.296914 2.392227 5.863164
4.735300 1.624570 2.296914 2.392305 5.863320
4.735400 1.624570 2.296914 2.392383 5.863398
4.735500 1.624648 2.296914 2.392461 5.863555
4.735600 1.624727 2.296836 2.392617 5.863633
4.735700 1.624805 2.296836 2.392695 5.863711
4.735800 1.624805 2.296836 2.392773 5.863867
4.735900 1.624883 2.296836 2.392852 5.863945
4.736000 1.624961 2.296836 2.393008 5.864102
4.736100 1.625039 2.296836 2.393086 5.864180
4.736200 1.625039 2.296836 2.393164 5.864258
4.736300 1.625117 2.296836 2.393320 5.864414
4.736400 1.625195 2.296758 2.393398 5.864492
4.736500 1.625273 2.296758 2.393477 5.864648
4.736600 1.625273 2.296758 2.393555 5.864727
4.736700 1.625352 2.296758 2.393711 5.864805
4.736800 1.625430 2.296758 2.393789 5.864961
4.736900 1.625508 2.296758 2.393867 5.865039
4.737000 1.625586 2.296758 2.393945 5.865195
4.737100 1.625586 2.296758 2.394102 5.865273
4.737200 1.625664 2.296758 2.394180 5.865352
4.737300 1.625742 2.296680 2.394258 5.865508
4.737400 1.625820 2.296680 2.394336 5.865586
4.737500 1.625820 2.296680 2.394492 5.865742
4.737600 1.625898 2.296680 2.394570 5.865820
4.737700 1.625977 2.296680 2.394648 5.865898
4.737800 1.626055 2.296680 2.394805 5.866055
4.737900 1.626055 2.296680 2.394883 5.866133
4.738000 1.626133 2.296680 2.394961 5.866211
4.738100 1.626211 2.296602 2.395039 5.866367
4.738200 1.626289 2.296602 2.395195 5.866445
4.738300 1.626289 2.296602 2.395273 5.866602
4.738400 1.626367 2.296602 2.395352 5.866680
4.738500 1.626445 2.296602 2.395430 5.866758
4.738600 1.626523 2.296602 2.395586 5.866914
4.738700 1.626523 2.296602 2.395664 5.866992
4.738800 1.626602 2.296602 2.395742 5.867148
4.738900 1.626680 2.296602 2.395820 5.867227
4.739000 1.626758 2.296602 2.395977 5.867305
4.739100 1.626836 2.296523 2.396055 5.867461
4.739200 1.626836 2.296523 2.396133 5.867539
4.739300 1.626914 2.296523 2.396211 5.867695
4.739400 1.626992 2.296523 2.396367 5.867773
4.739500 1.627070 2.296523 2.396445 5.867852
4.739600 1.627070 2.296523 2.396523 5.868008
4.739700 1.627148 2.296523 2.396602 5.868086
4.739800 1.627227 2.296523 2.396758 5.868242
4.739900 1.627305 2.296523 2.396836 5.868320
4.740000 1.627305 2.296523 2.396914 5.868398
4.740100 1.627383 2.296445 2.396992 5.868555
4.740200 1.627461 2.296445 2.397070 5.868633
4.740300 1.627539 2.296445 2.397227 5.868711
4.740400 1.627539 2.296445 2.397305 5.868867
4.740500 1.627617 2.296445 2.397383 5.868945
4.740600 1.627695 2.296445 2.397461 5.869102
4.740700 1.627773 2.296445 2.397617 5.869180
4.740800 1.627773 2.296445 2.397695 5.869258
4.740900 1.627852 2.296445 2.397773 5.869414
4.741000 1.627930 2.296445 2.397852 5.869492
4.741100 1.628008 2.296445 2.398008 5.869648
4.741200 1.628086 2.296367 2.398086 5.869727
4.741300 1.628086 2.296367 2.398164 5.869805
4.741400 1.628164 2.296367 2.398242 5.869961
4.741500 1.628242 2.296367 2.398398 5.870039
4.741600 1.628320 2.296367 2.398477 5.870195
4.741700 1.628320 2.296367 2.398555 5.870273
4.741800 1.628398 2.296367 2.398633 5.870352
4.741900 1.628477 2.296367 2.398789 5.870508
4.742000 1.628555 2.296367 2.398867 5.870586
4.742100 1.628555 2.296367 2.398945 5.870742
4.742200 1.628633 2.296367 2.399023 5.870820
4.742300 1.628711 2.296367 2.399102 5.870898
4.742400 1.628789 2.296289 2.399258 5.871055
4.742500 1.628789 2.296289 2.399336 5.871133
4.742600 1.628867 2.296289 2.399414 5.871289
4.742700 1.628945 2.296289 2.399492 5.871367
4.742800 1.629023 2.296289 2.399648 5.871445
4.742900 1.629023 2.296289 2.399727 5.871602
4.743000 1.629102 2.296289 2.399805 5.871680
4.743100 1.629180 2.296289 2.399883 5.871758
4.743200 1.629258 2.296289 2.399961 5.871914
4.743300 1.629336 2.296289 2.400117 5.871992
4.743400 1.629336 2.296289 2.400195 5.872148
4.743500 1.629414 2.296289 2.400273 5.872227
4.743600 1.629492 2.296289 2.400352 5.872305
4.743700 1.629570 2.296289 2.400508 5.872461
4.743800 1.629570 2.296211 2.400586 5.872539
4.743900 1.629648 2.296211 2.400664 5.872695
4.744000 1.629727 2.296211 2.400742 5.872773
4.744100 1.629805 2.296211 2.400820 5.872852
4.744200 1.629805 2.296211 2.400977 5.873008
4.744300 1.629883 2.296211 2.401055 5.873086
4.744400 1.629961 2.296211 2.401133 5.873242
4.744500 1.630039 2.296211 2.401211 5.873320
4.744600 1.630039 2.296211 2.401289 5.873398
4.744700 1.630117 2.296211 2.401445 5.873555
4.744800 1.630195 2.296211 2.401523 5.873633
4.744900 1.630273 2.296211 2.401602 5.873789
4.745000 1.630352 2.296211 2.401680 5.873867
4.745100 1.630352 2.296211 2.401836 5.873945
4.745200 1.630430 2.296211 2.401914 5.874102
4.745300 1.630508 2.296211 2.401992 5.874180
4.745400 1.630586 2.296133 2.402070 5.874336
4.745500 1.630586 2.296133 2.402148 5.874414
4.745600 1.630664 2.296133 2.402305 5.874492
4.745700 1.630742 2.296133 2.402383 5.874648
4.745800 1.630820 2.296133 2.402461 5.874727
4.745900 1.630820 2.296133 2.402539 5.874805
4.746000 1.630898 2.296133 2.402617 5.874961
4.746100 1.630977 2.296133 2.402773 5.875039
4.746200 1.631055 2.296133 2.402852 5.875195
4.746300 1.631055 2.296133 2.402930 5.875273
4.746400 1.631133 2.296133 2.403008 5.875352
4.746500 1.631211 2.296133 2.403086 5.875508
4.746600 1.631289 2.296133 2.403242 5.875586
4.746700 1.631289 2.296133 2.403320 5.875742
4.746800 1.631367 2.296133 2.403398 5.875820
4.746900 1.631445 2.296133 2.403477 5.875898
4.747000 1.631523 2.296133 2.403555 5.876055
4.747100 1.631602 2.296133 2.403711 5.876133
4.747200 1.631602 2.296055 2.403789 5.876289
4.747300 1.631680 2.296055 2.403867 5.876367
4.747400 1.631758 2.296055 2.403945 5.876445
4.747500 1.631836 2.296055 2.404023 5.876602
4.747600 1.631836 2.296055 2.404180 5.876680
4.747700 1.631914 2.296055 2.404258 5.876836
4.747800 1.631992 2.296055 2.404336 5.876914
4.747900 1.632070 2.296055 2.404414 5.876992
4.748000 1.632070 2.296055 2.404492 5.877148
4.748100 1.632148 2.296055 2.404648 5.877227
4.748200 1.632227 2.296055 2.404727 5.877383
4.748300 1.632305 2.296055 2.404805 5.877461
4.748400 1.632305 2.296055 2.404883 5.877539
4.748500 1.632383 2.296055 2.404961 5.877695
4.748600 1.632461 2.296055 2.405117 5.877773
4.748700 1.632539 2.296055 2.405195 5.877852
4.748800 1.632617 2.296055 2.405273 5.878008
4.748900 1.632617 2.296055 2.405352 5.878086
4.749000 1.632695 2.296055 2.405430 5.878242
4.749100 1.632773 2.296055 2.405586 5.878320
4.749200 1.632852 2.296055 2.405664 5.878398
4.749300 1.632852 2.296055 2.405742 5.878555
4.749400 1.632930 2.296055 2.405820 5.878633
4.749500 1.633008 2.296055 2.405898 5.878789
4.749600 1.633086 2.296055 2.405977 5.878867
4.749700 1.633086 2.296055 2.406133 5.878945
4.749800 1.633164 2.295977 2.406211 5.879102
4.749900 1.633242 2.295977 2.406289 5.879180
4.750000 1.633320 2.295977 2.406367 5.879336
4.750100 1.633320 2.295977 2.406445 5.879414
4.750200 1.633398 2.295977 2.406602 5.879492
4.750300 1.633477 2.295977 2.406680 5.879648
4.750400 1.633555 2.295977 2.406758 5.879727
4.750500 1.633633 2.295977 2.406836 5.879883
4.750600 1.633633 2.295977 2.406914 5.879961
4.750700 1.633711 2.295977 2.406992 5.880039
4.750800 1.633789 2.295977 2.407148 5.880195
4.750900 1.633867 2.295977 2.407227 5.880273
4.751000 1.633867 2.295977 2.407305 5.880430
4.751100 1.633945 2.295977 2.407383 5.880508
4.751200 1.634023 2.295977 2.407461 5.880586
4.751300 1.634102 2.295977 2.407617 5.880742
4.751400 1.634102 2.295977 2.407695 5.880820
4.751500 1.634180 2.295977 2.407773 5.880898
4.751600 1.634258 2.295977 2.407852 5.881055
4.751700 1.634336 2.295977 2.407930 5.881133
4.751800 1.634336 2.295977 2.408008 5.881289
4.751900 1.634414 2.295977 2.408164 5.881367
4.752000 1.634492 2.295977 2.408242 5.881445
4.752100 1.634570 2.295977 2.408320 5.881602
4.752200 1.634648 2.295977 2.408398 5.881680
4.752300 1.634648 2.295977 2.408477 5.881836
4.752400 1.634727 2.295977 2.408555 5.881914
4.752500 1.634805 2.295977 2.408711 5.881992
4.752600 1.634883 2.295977 2.408789 5.882148
4.752700 1.634883 2.295977 2.408867 5.882227
4.752800 1.634961 2.295977 2.408945 5.882383
4.752900 1.635039 2.295977 2.409023 5.882461
4.753000 1.635117 2.295977 2.409180 5.882539
4.753100 1.635117 2.295977 2.409258 5.882695
4.753200 1.635195 2.295977 2.409336 5.882773
4.753300 1.635273 2.295977 2.409414 5.882930
4.753400 1.635352 2.295977 2.409492 5.883008
4.753500 1.635352 2.295977 2.409570 5.883086
4.753600 1.635430 2.295977 2.409727 5.883242
4.753700 1.635508 2.295977 2.409805 5.883320
4.753800 1.635586 2.295977 2.409883 5.883477
4.753900 1.635664 2.295977 2.409961 5.883555
4.754000 1.635664 2.295977 2.410039 5.883633
4.754100 1.635742 2.295977 2.410117 5.883789
4.754200 1.635820 2.295977 2.410273 5.883867
4.754300 1.635898 2.295977 2.410352 5.884023
4.754400 1.635898 2.295977 2.410430 5.884102
4.754500 1.635977 2.295977 2.410508 5.884180
4.754600 1.636055 2.295977 2.410586 5.884336
4.754700 1.636133 2.295977 2.410664 5.884414
4.754800 1.636133 2.295977 2.410742 5.884492
4.754900 1.636211 2.295977 2.410898 5.884648
4.755000 1.636289 2.295977 2.410977 5.884727
4.755100 1.636367 2.295977 2.411055 5.884883
4.755200 1.636367 2.295977 2.411133 5.884961
4.755300 1.636445 2.295977 2.411211 5.885039
4.755400 1.636523 2.295977 2.411289 5.885195
4.755500 1.636602 2.295977 2.411445 5.885273
4.755600 1.636680 2.295977 2.411523 5.885430
4.755700 1.636680 2.295977 2.411602 5.885508
4.755800 1.636758 2.295977 2.411680 5.885586
4.755900 1.636836 2.295977 2.411758 5.885742
4.756000 1.636914 2.295977 2.411836 5.885820
4.756100 1.636914 2.295977 2.411992 5.885977
4.756200 1.636992 2.295977 2.412070 5.886055
4.756300 1.637070 2.295977 2.412148 5.886133
4.756400 1.637148 2.295977 2.412227 5.886289
4.756500 1.637148 2.295977 2.412305 5.886367
4.756600 1.637227 2.295977 2.412383 5.886523
4.756700 1.637305 2.295977 2.412461 5.886602
4.756800 1.637383 2.295977 2.412617 5.886680
4.756900 1.637461 2.295977 2.412695 5.886836
4.757000 1.637461 2.295977 2.412773 5.886914
4.757100 1.637539 2.295977 2.412852 5.887070
4.757200 1.637617 2.295977 2.412930 5.887148
4.757300 1.637695 2.295977 2.413008 5.887227
4.757400 1.637695 2.295977 2.413164 5.887383
4.757500 1.637773 2.295977 2.413242 5.887461
4.757600 1.637852 2.295977 2.413320 5.887539
4.757700 1.637930 2.295977 2.413398 5.887695
4.757800 1.637930 2.295977 2.413477 5.887773
4.757900 1.638008 2.295977 2.413555 5.887930
4.758000 1.638086 2.295977 2.413633 5.888008
4.758100 1.638164 2.295977 2.413789 5.888086
4.758200 1.638164 2.295977 2.413867 5.888242
4.758300 1.638242 2.295977 2.413945 5.888320
4.758400 1.638320 2.295977 2.414023 5.888477
4.758500 1.638398 2.295977 2.414102 5.888555
4.758600 1.638477 2.295977 2.414180 5.888633
4.758700 1.638477 2.295977 2.414258 5.888789
4.758800 1.638555 2.295977 2.414414 5.888867
4.758900 1.638633 2.295977 2.414492 5.889023
4.759000 1.638711 2.295977 2.414570 5.889102
4.759100 1.638711 2.295977 2.414648 5.889180
4.759200 1.638789 2.295977 2.414727 5.889336
4.759300 1.638867 2.295977 2.414805 5.889414
4.759400 1.638945 2.295977 2.414883 5.889570
4.759500 1.638945 2.295977 2.415039 5.889648
4.759600 1.639023 2.295977 2.415117 5.889727
4.759700 1.639102 2.295977 2.415195 5.889883
4.759800 1.639180 2.295977 2.415273 5.889961
4.759900 1.639180 2.295977 2.415352 5.890117
4.760000 1.639258 2.295977 2.415430 5.890195
4.760100 1.639336 2.295977 2.415508 5.890273
4.760200 1.639414 2.295977 2.415664 5.890430
4.760300 1.639492 2.295977 2.415742 5.890508
4.760400 1.639492 2.295977 2.415820 5.890664
4.760500 1.639570 2.295977 2.415898 5.890742
4.760600 1.639648 2.295977 2.415977 5.890820
4.760700 1.639727 2.295977 2.416055 5.890977
4.760800 1.639727 2.295977 2.416133 5.891055
4.760900 1.639805 2.295977 2.416289 5.891133
4.761000 1.639883 2.295977 2.416367 5.891289
4.761100 1.639961 2.295977 2.416445 5.891367
4.761200 1.639961 2.295977 2.416523 5.891523
4.761300 1.640039 2.295977 2.416602 5.891602
4.761400 1.640117 2.295977 2.416680 5.891680
4.761500 1.640195 2.295977 2.416758 5.891836
4.761600 1.640273 2.295977 2.416914 5.891914
4.761700 1.640273 2.295977 2.416992 5.892070
4.761800 1.640352 2.295977 2.417070 5.892148
4.761900 1.640430 2.295977 2.417148 5.892227
4.762000 1.640508 2.295977 2.417227 5.892383
4.762100 1.640508 2.295977 2.417305 5.892461
4.762200 1.640586 2.295977 2.417383 5.892617
4.762300 1.640664 2.296055 2.417461 5.892695
4.762400 1.640742 2.296055 2.417617 5.892773
4.762500 1.640742 2.296055 2.417695 5.892930
4.762600 1.640820 2.296055 2.417773 5.893008
4.762700 1.640898 2.296055 2.417852 5.893164
4.762800 1.640977 2.296055 2.417930 5.893242
4.762900 1.640977 2.296055 2.418008 5.893320
4.763000 1.641055 2.296055 2.418086 5.893477
4.763100 1.641133 2.296055 2.418164 5.893555
4.763200 1.641211 2.296055 2.418320 5.893711
4.763300 1.641289 2.296055 2.418398 5.893789
4.763400 1.641289 2.296055 2.418477 5.893867
4.763500 1.641367 2.296055 2.418555 5.894023
4.763600 1.641445 2.296055 2.418633 5.894102
4.763700 1.641523 2.296055 2.418711 5.894258
4.763800 1.641523 2.296055 2.418789 5.894336
4.763900 1.641602 2.296055 2.418867 5.894414
4.764000 1.641680 2.296055 2.419023 5.894570
4.764100 1.641758 2.296055 2.419102 5.894648
4.764200 1.641758 2.296055 2.419180 5.894727
4.764300 1.641836 2.296055 2.419258 5.894883
4.764400 1.641914 2.296055 2.419336 5.894961
4.764500 1.641992 2.296055 2.419414 5.895117
4.764600 1.642070 2.296055 2.419492 5.895195
4.764700 1.642070 2.296055 2.419570 5.895273
4.764800 1.642148 2.296055 2.419727 5.895430
4.764900 1.642227 2.296055 2.419805 5.895508
4.765000 1.642305 2.296055 2.419883 5.895664
4.765100 1.642305 2.296133 2.419961 5.895742
4.765200 1.642383 2.296133 2.420039 5.895820
4.765300 1.642461 2.296133 2.420117 5.895977
4.765400 1.642539 2.296133 2.420195 5.896055
4.765500 1.642539 2.296133 2.420273 5.896211
4.765600 1.642617 2.296133 2.420430 5.896289
4.765700 1.642695 2.296133 2.420508 5.896367
4.765800 1.642773 2.296133 2.420586 5.896523
4.765900 1.642852 2.296133 2.420664 5.896602
4.766000 1.642852 2.296133 2.420742 5.896758
4.766100 1.642930 2.296133 2.420820 5.896836
4.766200 1.643008 2.296133 2.420898 5.896914
4.766300 1.643086 2.296133 2.420977 5.897070
4.766400 1.643086 2.296133 2.421055 5.897148
4.766500 1.643164 2.296133 2.421211 5.897305
4.766600 1.643242 2.296133 2.421289 5.897383
4.766700 1.643320 2.296133 2.421367 5.897461
4.766800 1.643320 2.296133 2.421445 5.897617
4.766900 1.643398 2.296133 2.421523 5.897695
4.767000 1.643477 2.296133 2.421602 5.897852
4.767100 1.643555 2.296133 2.421680 5.897930
4.767200 1.643555 2.296133 2.421758 5.898008
4.767300 1.643633 2.296211 2.421914 5.898164
4.767400 1.643711 2.296211 2.421992 5.898242
4.767500 1.643789 2.296211 2.422070 5.898398
4.767600 1.643867 2.296211 2.422148 5.898477
4.767700 1.643867 2.296211 2.422227 5.898555
4.767800 1.643945 2.296211 2.422305 5.898711
4.767900 1.644023 2.296211 2.422383 5.898789
4.768000 1.644102 2.296211 2.422461 5.898867
4.768100 1.644102 2.296211 2.422539 5.899023
4.768200 1.644180 2.296211 2.422695 5.899102
4.768300 1.644258 2.296211 2.422773 5.899258
4.768400 1.644336 2.296211 2.422852 5.899336
4.768500 1.644336 2.296211 2.422930 5.899414
4.768600 1.644414 2.296211 2.423008 5.899570
4.768700 1.644492 2.296211 2.423086 5.899648
4.768800 1.644570 2.296211 2.423164 5.899805
4.768900 1.644648 2.296211 2.423242 5.899883
4.769000 1.644648 2.296211 2.423320 5.899961
4.769100 1.644727 2.296211 2.423477 5.900117
4.769200 1.644805 2.296289 2.423555 5.900195
4.769300 1.644883 2.296289 2.423633 5.900352
4.769400 1.644883 2.296289 2.423711 5.900430
4.769500 1.644961 2.296289 2.423789 5.900508
4.769600 1.645039 2.296289 2.423867 5.900664
4.769700 1.645117 2.296289 2.423945 5.900742
4.769800 1.645117 2.296289 2.424023 5.900898
4.769900 1.645195 2.296289 2.424102 5.900977
4.770000 1.645273 2.296289 2.424180 5.901055
4.770100 1.645352 2.296289 2.424336 5.901211
4.770200 1.645430 2.296289 2.424414 5.901289
4.770300 1.645430 2.296289 2.424492 5.901445
4.770400 1.645508 2.296289 2.424570 5.901523
4.770500 1.645586 2.296289 2.424648 5.901602
4.770600 1.645664 2.296289 2.424727 5.901758
4.770700 1.645664 2.296289 2.424805 5.901836
4.770800 1.645742 2.296367 2.424883 5.901992
4.770900 1.645820 2.296367 2.424961 5.902070
4.771000 1.645898 2.296367 2.425117 5.902148
4.771100 1.645898 2.296367 2.425195 5.902305
4.771200 1.645977 2.296367 2.425273 5.902383
4.771300 1.646055 2.296367 2.425352 5.902539
4.771400 1.646133 2.296367 2.425430 5.902617
4.771500 1.646211 2.296367 2.425508 5.902695
4.771600 1.646211 2.296367 2.425586 5.902852
4.771700 1.646289 2.296367 2.425664 5.902930
4.771800 1.646367 2.296367 2.425742 5.903008
4.771900 1.646445 2.296367 2.425820 5.903164
4.772000 1.646445 2.296367 2.425977 5.903242
4.772100 1.646523 2.296367 2.426055 5.903398
4.772200 1.646602 2.296367 2.426133 5.903477
4.772300 1.646680 2.296367 2.426211 5.903555
4.772400 1.646680 2.296445 2.426289 5.903711
4.772500 1.646758 2.296445 2.426367 5.903789
4.772600 1.646836 2.296445 2.426445 5.903945
4.772700 1.646914 2.296445 2.426523 5.904023
4.772800 1.646992 2.296445 2.426602 5.904102
4.772900 1.646992 2.296445 2.426680 5.904258
4.773000 1.647070 2.296445 2.426758 5.904336
4.773100 1.647148 2.296445 2.426914 5.904492
4.773200 1.647227 2.296445 2.426992 5.904570
4.773300 1.647227 2.296445 2.427070 5.904648
4.773400 1.647305 2.296445 2.427148 5.904805
4.773500 1.647383 2.296445 2.427227 5.904883
4.773600 1.647461 2.296445 2.427305 5.905039
4.773700 1.647461 2.296445 2.427383 5.905117
4.773800 1.647539 2.296523 2.427461 5.905195
4.773900 1.647617 2.296523 2.427539 5.905352
4.774000 1.647695 2.296523 2.427617 5.905430
4.774100 1.647773 2.296523 2.427773 5.905586
4.774200 1.647773 2.296523 2.427852 5.905664
4.774300 1.647852 2.296523 2.427930 5.905742
4.774400 1.647930 2.296523 2.428008 5.905898
4.774500 1.648008 2.296523 2.428086 5.905977
4.774600 1.648008 2.296523 2.428164 5.906133
4.774700 1.648086 2.296523 2.428242 5.906211
4.774800 1.648164 2.296523 2.428320 5.906289
4.774900 1.648242 2.296523 2.428398 5.906445
4.775000 1.648242 2.296523 2.428477 5.906523
4.775100 1.648320 2.296602 2.428555 5.906680
4.775200 1.648398 2.296602 2.428711 5.906758
4.775300 1.648477 2.296602 2.428789 5.906836
4.775400 1.648555 2.296602 2.428867 5.906992
4.775500 1.648555 2.296602 2.428945 5.907070
4.775600 1.648633 2.296602 2.429023 5.907148
4.775700 1.648711 2.296602 2.429102 5.907305
4.775800 1.648789 2.296602 2.429180 5.907383
4.775900 1.648789 2.296602 2.429258 5.907539
4.776000 1.648867 2.296602 2.429336 5.907617
4.776100 1.648945 2.296602 2.429414 5.907695
4.776200 1.649023 2.296602 2.429492 5.907852
4.776300 1.649023 2.296680 2.429570 5.907930
4.776400 1.649102 2.296680 2.429727 5.908086
4.776500 1.649180 2.296680 2.429805 5.908164
4.776600 1.649258 2.296680 2.429883 5.908242
4.776700 1.649336 2.296680 2.429961 5.908398
4.776800 1.649336 2.296680 2.430039 5.908477
4.776900 1.649414 2.296680 2.430117 5.908633
4.777000 1.649492 2.296680 2.430195 5.908711
4.777100 1.649570 2.296680 2.430273 5.908789
4.777200 1.649570 2.296680 2.430352 5.908945
4.777300 1.649648 2.296680 2.430430 5.909023
4.777400 1.649727 2.296680 2.430508 5.909180
4.777500 1.649805 2.296758 2.430664 5.909258
4.777600 1.649805 2.296758 2.430742 5.909336
4.777700 1.649883 2.296758 2.430820 5.909492
4.777800 1.649961 2.296758 2.430898 5.909570
4.777900 1.650039 2.296758 2.430977 5.909727
4.778000 1.650117 2.296758 2.431055 5.909805
4.778100 1.650117 2.296758 2.431133 5.909883
4.778200 1.650195 2.296758 2.431211 5.910039
4.778300 1.650273 2.296758 2.431289 5.910117
4.778400 1.650352 2.296758 2.431367 5.910273
4.778500 1.650352 2.296758 2.431445 5.910352
4.778600 1.650430 2.296836 2.431523 5.910430
4.778700 1.650508 2.296836 2.431602 5.910586
4.778800 1.650586 2.296836 2.431758 5.910664
4.778900 1.650586 2.296836 2.431836 5.910820
4.779000 1.650664 2.296836 2.431914 5.910898
4.779100 1.650742 2.296836 2.431992 5.910977
4.779200 1.650820 2.296836 2.432070 5.911133
4.779300 1.650898 2.296836 2.432148 5.911211
4.779400 1.650898 2.296836 2.432227 5.911367
4.779500 1.650977 2.296836 2.432305 5.911445
4.779600 1.651055 2.296836 2.432383 5.911523
4.779700 1.651133 2.296914 2.432461 5.911680
4.779800 1.651133 2.296914 2.432539 5.911758
4.779900 1.651211 2.296914 2.432617 5.911836
4.780000 1.651289 2.296914 2.432695 5.911992
4.780100 1.651367 2.296914 2.432852 5.912070
4.780200 1.651367 2.296914 2.432930 5.912227
4.780300 1.651445 2.296914 2.433008 5.912305
4.780400 1.651523 2.296914 2.433086 5.912383
4.780500 1.651602 2.296914 2.433164 5.912539
4.780600 1.651680 2.296914 2.433242 5.912617
4.780700 1.651680 2.296914 2.433320 5.912773
4.780800 1.651758 2.296992 2.433398 5.912852
4.780900 1.651836 2.296992 2.433477 5.912930
4.781000 1.651914 2.296992 2.433555 5.913086
4.781100 1.651914 2.296992 2.433633 5.913164
4.781200 1.651992 2.296992 2.433711 5.913320
4.781300 1.652070 2.296992 2.433789 5.913398
4.781400 1.652148 2.296992 2.433945 5.913477
4.781500 1.652148 2.296992 2.434023 5.913633
4.781600 1.652227 2.296992 2.434102 5.913711
4.781700 1.652305 2.296992 2.434180 5.913867
4.781800 1.652383 2.297070 2.434258 5.913945
4.781900 1.652461 2.297070 2.434336 5.914023
4.782000 1.652461 2.297070 2.434414 5.914180
4.782100 1.652539 2.297070 2.434492 5.914258
4.782200 1.652617 2.297070 2.434570 5.914414
4.782300 1.652695 2.297070 2.434648 5.914492
4.782400 1.652695 2.297070 2.434727 5.914570
4.782500 1.652773 2.297070 2.434805 5.914727
4.782600 1.652852 2.297070 2.434883 5.914805
4.782700 1.652930 2.297070 2.434961 5.914961
4.782800 1.653008 2.297148 2.435117 5.915039
4.782900 1.653008 2.297148 2.435195 5.915117
4.783000 1.653086 2.297148 2.435273 5.915273
4.783100 1.653164 2.297148 2.435352 5.915352
4.783200 1.653242 2.297148 2.435430 5.915508
4.783300 1.653242 2.297148 2.435508 5.915586
4.783400 1.653320 2.297148 2.435586 5.915664
4.783500 1.653398 2.297148 2.435664 5.915820
4.783600 1.653477 2.297148 2.435742 5.915898
4.783700 1.653477 2.297227 2.435820 5.916055
4.783800 1.653555 2.297227 2.435898 5.916133
4.783900 1.653633 2.297227 2.435977 5.916211
4.784000 1.653711 2.297227 2.436055 5.916367
4.784100 1.653789 2.297227 2.436133 5.916445
4.784200 1.653789 2.297227 2.436211 5.916523
4.784300 1.653867 2.297227 2.436367 5.916680
4.784400 1.653945 2.297227 2.436445 5.916758
4.784500 1.654023 2.297227 2.436523 5.916914
4.784600 1.654023 2.297227 2.436602 5.916992
4.784700 1.654102 2.297305 2.436680 5.917070
4.784800 1.654180 2.297305 2.436758 5.917227
4.784900 1.654258 2.297305 2.436836 5.917305
4.785000 1.654258 2.297305 2.436914 5.917461
4.785100 1.654336 2.297305 2.436992 5.917539
4.785200 1.654414 2.297305 2.437070 5.917617
4.785300 1.654492 2.297305 2.437148 5.917773
4.785400 1.654570 2.297305 2.437227 5.917852
4.785500 1.654570 2.297305 2.437305 5.918008
4.785600 1.654648 2.297383 2.437383 5.918086
4.785700 1.654727 2.297383 2.437461 5.918164
4.785800 1.654805 2.297383 2.437617 5.918320
4.785900 1.654805 2.297383 2.437695 5.918398
4.786000 1.654883 2.297383 2.437773 5.918555
4.786100 1.654961 2.297383 2.437852 5.918633
4.786200 1.655039 2.297383 2.437930 5.918711
4.786300 1.655039 2.297383 2.438008 5.918867
4.786400 1.655117 2.297383 2.438086 5.918945
4.786500 1.655195 2.297461 2.438164 5.919102
4.786600 1.655273 2.297461 2.438242 5.919180
4.786700 1.655352 2.297461 2.438320 5.919258
4.786800 1.655352 2.297461 2.438398 5.919414
4.786900 1.655430 2.297461 2.438477 5.919492
4.787000 1.655508 2.297461 2.438555 5.919648
4.787100 1.655586 2.297461 2.438633 5.919727
4.787200 1.655586 2.297461 2.438711 5.919805
4.787300 1.655664 2.297539 2.438789 5.919961
4.787400 1.655742 2.297539 2.438867 5.920039
4.787500 1.655820 2.297539 2.439023 5.920195
4.787600 1.655898 2.297539 2.439102 5.920273
4.787700 1.655898 2.297539 2.439180 5.920352
4.787800 1.655977 2.297539 2.439258 5.920508
4.787900 1.656055 2.297539 2.439336 5.920586
4.788000 1.656133 2.297539 2.439414 5.920742
4.788100 1.656133 2.297539 2.439492 5.920820
4.788200 1.656211 2.297617 2.439570 5.920898
4.788300 1.656289 2.297617 2.439648 5.921055
4.788400 1.656367 2.297617 2.439727 5.921133
4.788500 1.656367 2.297617 2.439805 5.921289
4.788600 1.656445 2.297617 2.439883 5.921367
4.788700 1.656523 2.297617 2.439961 5.921445
4.788800 1.656602 2.297617 2.440039 5.921602
4.788900 1.656680 2.297617 2.440117 5.921680
4.789000 1.656680 2.297695 2.440195 5.921758
4.789100 1.656758 2.297695 2.440273 5.921914
4.789200 1.656836 2.297695 2.440352 5.921992
4.789300 1.656914 2.297695 2.440508 5.922148
4.789400 1.656914 2.297695 2.440586 5.922227
4.789500 1.656992 2.297695 2.440664 5.922305
4.789600 1.657070 2.297695 2.440742 5.922461
4.789700 1.657148 2.297695 2.440820 5.922539
4.789800 1.657227 2.297773 2.440898 5.922695
4.789900 1.657227 2.297773 2.440977 5.922773
4.790000 1.657305 2.297773 2.441055 5.922852
4.790100 1.657383 2.297773 2.441133 5.923008
4.790200 1.657461 2.297773 2.441211 5.923086
4.790300 1.657461 2.297773 2.441289 5.923242
4.790400 1.657539 2.297773 2.441367 5.923320
4.790500 1.657617 2.297773 2.441445 5.923398
4.790600 1.657695 2.297852 2.441523 5.923555
4.790700 1.657695 2.297852 2.441602 5.923633
4.790800 1.657773 2.297852 2.441680 5.923789
4.790900 1.657852 2.297852 2.441758 5.923867
4.791000 1.657930 2.297852 2.441836 5.923945
4.791100 1.658008 2.297852 2.441914 5.924102
4.791200 1.658008 2.297852 2.442070 5.924180
4.791300 1.658086 2.297852 2.442148 5.924336
4.791400 1.658164 2.297930 2.442227 5.924414
4.791500 1.658242 2.297930 2.442305 5.924492
4.791600 1.658242 2.297930 2.442383 5.924648
4.791700 1.658320 2.297930 2.442461 5.924727
4.791800 1.658398 2.297930 2.442539 5.924883
4.791900 1.658477 2.297930 2.442617 5.924961
4.792000 1.658555 2.297930 2.442695 5.925039
4.792100 1.658555 2.297930 2.442773 5.925195
4.792200 1.658633 2.298008 2.442852 5.925273
4.792300 1.658711 2.298008 2.442930 5.925430
4.792400 1.658789 2.298008 2.443008 5.925508
4.792500 1.658789 2.298008 2.443086 5.925586
4.792600 1.658867 2.298008 2.443164 5.925742
4.792700 1.658945 2.298008 2.443242 5.925820
4.792800 1.659023 2.298008 2.443320 5.925977
4.792900 1.659023 2.298008 2.443398 5.926055
4.793000 1.659102 2.298086 2.443477 5.926133
4.793100 1.659180 2.298086 2.443555 5.926289
4.793200 1.659258 2.298086 2.443711 5.926367
4.793300 1.659336 2.298086 2.443789 5.926523
4.793400 1.659336 2.298086 2.443867 5.926602
4.793500 1.659414 2.298086 2.443945 5.926680
4.793600 1.659492 2.298086 2.444023 5.926836
4.793700 1.659570 2.298164 2.444102 5.926914
4.793800 1.659570 2.298164 2.444180 5.927070
4.793900 1.659648 2.298164 2.444258 5.927148
4.794000 1.659727 2.298164 2.444336 5.927227
4.794100 1.659805 2.298164 2.444414 5.927383
4.794200 1.659883 2.298164 2.444492 5.927461
4.794300 1.659883 2.298164 2.444570 5.927539
4.794400 1.659961 2.298164 2.444648 5.927695
4.794500 1.660039 2.298242 2.444727 5.927773
4.794600 1.660117 2.298242 2.444805 5.927930
4.794700 1.660117 2.298242 2.444883 5.928008
4.794800 1.660195 2.298242 2.444961 5.928086
4.794900 1.660273 2.298242 2.445039 5.928242
4.795000 1.660352 2.298242 2.445117 5.928320
4.795100 1.660352 2.298242 2.445195 5.928477
4.795200 1.660430 2.298320 2.445273 5.928555
4.795300 1.660508 2.298320 2.445352 5.928633
4.795400 1.660586 2.298320 2.445430 5.928789
4.795500 1.660664 2.298320 2.445586 5.928867
4.795600 1.660664 2.298320 2.445664 5.929023
4.795700 1.660742 2.298320 2.445742 5.929102
4.795800 1.660820 2.298320 2.445820 5.929180
4.795900 1.660898 2.298398 2.445898 5.929336
4.796000 1.660898 2.298398 2.445977 5.929414
4.796100 1.660977 2.298398 2.446055 5.929570
4.796200 1.661055 2.298398 2.446133 5.929648
4.796300 1.661133 2.298398 2.446211 5.929727
4.796400 1.661211 2.298398 2.446289 5.929883
4.796500 1.661211 2.298398 2.446367 5.929961
4.796600 1.661289 2.298477 2.446445 5.930117
4.796700 1.661367 2.298477 2.446523 5.930195
4.796800 1.661445 2.298477 2.446602 5.930273
4.796900 1.661445 2.298477 2.446680 5.930430
4.797000 1.661523 2.298477 2.446758 5.930508
4.797100 1.661602 2.298477 2.446836 5.930664
4.797200 1.661680 2.298477 2.446914 5.930742
4.797300 1.661680 2.298477 2.446992 5.930820
4.797400 1.661758 2.298555 2.447070 5.930977
4.797500 1.661836 2.298555 2.447148 5.931055
4.797600 1.661914 2.298555 2.447227 5.931211
4.797700 1.661992 2.298555 2.447305 5.931289
4.797800 1.661992 2.298555 2.447383 5.931367
4.797900 1.662070 2.298555 2.447461 5.931523
4.798000 1.662148 2.298633 2.447617 5.931602
4.798100 1.662227 2.298633 2.447695 5.931758
4.798200 1.662227 2.298633 2.447773 5.931836
4.798300 1.662305 2.298633 2.447852 5.931914
4.798400 1.662383 2.298633 2.447930 5.932070
4.798500 1.662461 2.298633 2.448008 5.932148
4.798600 1.662539 2.298633 2.448086 5.932305
4.798700 1.662539 2.298711 2.448164 5.932383
4.798800 1.662617 2.298711 2.448242 5.932461
4.798900 1.662695 2.298711 2.448320 5.932617
4.799000 1.662773 2.298711 2.448398 5.932695
4.799100 1.662773 2.298711 2.448477 5.932852
4.799200 1.662852 2.298711 2.448555 5.932930
4.799300 1.662930 2.298711 2.448633 5.933008
4.799400 1.663008 2.298789 2.448711 5.933164
4.799500 1.663086 2.298789 2.448789 5.933242
4.799600 1.663086 2.298789 2.448867 5.933398
4.799700 1.663164 2.298789 2.448945 5.933477
4.799800 1.663242 2.298789 2.449023 5.933555
4.799900 1.663320 2.298789 2.449102 5.933711
4.800000 1.663320 2.298789 2.449180 5.933789
4.800100 1.663398 2.298867 2.449258 5.933867
4.800200 1.663477 2.298867 2.449336 5.934023
4.800300 1.663555 2.298867 2.449414 5.934102
4.800400 1.663555 2.298867 2.449492 5.934258
4.800500 1.663633 2.298867 2.449570 5.934336
4.800600 1.663711 2.298867 2.449648 5.934414
4.800700 1.663789 2.298867 2.449727 5.934570
4.800800 1.663867 2.298945 2.449805 5.934648
4.800900 1.663867 2.298945 2.449883 5.934805
4.801000 1.663945 2.298945 2.450039 5.934883
4.801100 1.664023 2.298945 2.450117 5.934961
4.801200 1.664102 2.298945 2.450195 5.935117
4.801300 1.664102 2.298945 2.450273 5.935195
4.801400 1.664180 2.299023 2.450352 5.935352
4.801500 1.664258 2.299023 2.450430 5.935430
4.801600 1.664336 2.299023 2.450508 5.935508
4.801700 1.664414 2.299023 2.450586 5.935664
4.801800 1.664414 2.299023 2.450664 5.935742
4.801900 1.664492 2.299023 2.450742 5.935898
4.802000 1.664570 2.299023 2.450820 5.935977
4.802100 1.664648 2.299102 2.450898 5.936055
4.802200 1.664648 2.299102 2.450977 5.936211
4.802300 1.664727 2.299102 2.451055 5.936289
4.802400 1.664805 2.299102 2.451133 5.936445
4.802500 1.664883 2.299102 2.451211 5.936523
4.802600 1.664961 2.299102 2.451289 5.936602
4.802700 1.664961 2.299180 2.451367 5.936758
4.802800 1.665039 2.299180 2.451445 5.936836
4.802900 1.665117 2.299180 2.451523 5.936992
4.803000 1.665195 2.299180 2.451602 5.937070
4.803100 1.665195 2.299180 2.451680 5.937148
4.803200 1.665273 2.299180 2.451758 5.937305
4.803300 1.665352 2.299180 2.451836 5.937383
4.803400 1.665430 2.299258 2.451914 5.937539
4.803500 1.665508 2.299258 2.451992 5.937617
4.803600 1.665508 2.299258 2.452070 5.937695
4.803700 1.665586 2.299258 2.452148 5.937852
4.803800 1.665664 2.299258 2.452227 5.937930
4.803900 1.665742 2.299258 2.452305 5.938086
4.804000 1.665742 2.299336 2.452383 5.938164
4.804100 1.665820 2.299336 2.452461 5.938242
4.804200 1.665898 2.299336 2.452539 5.938398
4.804300 1.665977 2.299336 2.452617 5.938477
4.804400 1.665977 2.299336 2.452695 5.938633
4.804500 1.666055 2.299336 2.452852 5.938711
4.804600 1.666133 2.299414 2.452930 5.938789
4.804700 1.666211 2.299414 2.453008 5.938945
4.804800 1.666289 2.299414 2.453086 5.939023
4.804900 1.666289 2.299414 2.453164 5.939180
4.805000 1.666367 2.299414 2.453242 5.939258
4.805100 1.666445 2.299414 2.453320 5.939336
4.805200 1.666523 2.299492 2.453398 5.939492
4.805300 1.666523 2.299492 2.453477 5.939570
4.805400 1.666602 2.299492 2.453555 5.939727
4.805500 1.666680 2.299492 2.453633 5.939805
4.805600 1.666758 2.299492 2.453711 5.939883
4.805700 1.666836 2.299492 2.453789 5.940039
4.805800 1.666836 2.299492 2.453867 5.940117
4.805900 1.666914 2.299570 2.453945 5.940273
4.806000 1.666992 2.299570 2.454023 5.940352
4.806100 1.667070 2.299570 2.454102 5.940430
4.806200 1.667070 2.299570 2.454180 5.940586
4.806300 1.667148 2.299570 2.454258 5.940664
4.806400 1.667227 2.299570 2.454336 5.940820
4.806500 1.667305 2.299648 2.454414 5.940898
4.806600 1.667383 2.299648 2.454492 5.940977
4.806700 1.667383 2.299648 2.454570 5.941133
4.806800 1.667461 2.299648 2.454648 5.941211
4.806900 1.667539 2.299648 2.454727 5.941367
4.807000 1.667617 2.299648 2.454805 5.941445
4.807100 1.667617 2.299727 2.454883 5.941523
4.807200 1.667695 2.299727 2.454961 5.941680
4.807300 1.667773 2.299727 2.455039 5.941758
4.807400 1.667852 2.299727 2.455117 5.941836
4.807500 1.667930 2.299727 2.455195 5.941992
4.807600 1.667930 2.299727 2.455273 5.942070
4.807700 1.668008 2.299805 2.455352 5.942227
4.807800 1.668086 2.299805 2.455430 5.942305
4.807900 1.668164 2.299805 2.455508 5.942383
4.808000 1.668164 2.299805 2.455586 5.942539
4.808100 1.668242 2.299805 2.455664 5.942617
4.808200 1.668320 2.299805 2.455742 5.942773
4.808300 1.668398 2.299883 2.455820 5.942852
4.808400 1.668477 2.299883 2.455898 5.942930
4.808500 1.668477 2.299883 2.455977 5.943086
4.808600 1.668555 2.299883 2.456055 5.943164
4.808700 1.668633 2.299883 2.456133 5.943320
4.808800 1.668711 2.299883 2.456211 5.943398
4.808900 1.668711 2.299961 2.456289 5.943477
4.809000 1.668789 2.299961 2.456367 5.943633
4.809100 1.668867 2.299961 2.456445 5.943711
4.809200 1.668945 2.299961 2.456602 5.943867
4.809300 1.668945 2.299961 2.456680 5.943945
4.809400 1.669023 2.300039 2.456758 5.944023
4.809500 1.669102 2.300039 2.456836 5.944180
4.809600 1.669180 2.300039 2.456914 5.944258
4.809700 1.669258 2.300039 2.456992 5.944414
4.809800 1.669258 2.300039 2.457070 5.944492
4.809900 1.669336 2.300039 2.457148 5.944570
4.810000 1.669414 2.300117 2.457227 5.944727
4.810100 1.669492 2.300117 2.457305 5.944805
4.810200 1.669492 2.300117 2.457383 5.944961
4.810300 1.669570 2.300117 2.457461 5.945039
4.810400 1.669648 2.300117 2.457539 5.945117
4.810500 1.669727 2.300117 2.457617 5.945273
4.810600 1.669805 2.300195 2.457695 5.945352
4.810700 1.669805 2.300195 2.457773 5.945508
4.810800 1.669883 2.300195 2.457852 5.945586
4.810900 1.669961 2.300195 2.457930 5.945664
4.811000 1.670039 2.300195 2.458008 5.945820
4.811100 1.670039 2.300195 2.458086 5.945898
4.811200 1.670117 2.300273 2.458164 5.946055
4.811300 1.670195 2.300273 2.458242 5.946133
4.811400 1.670273 2.300273 2.458320 5.946211
4.811500 1.670352 2.300273 2.458398 5.946367
4.811600 1.670352 2.300273 2.458477 5.946445
4.811700 1.670430 2.300273 2.458555 5.946602
4.811800 1.670508 2.300352 2.458633 5.946680
4.811900 1.670586 2.300352 2.458711 5.946758
4.812000 1.670586 2.300352 2.458789 5.946914
4.812100 1.670664 2.300352 2.458867 5.946992
4.812200 1.670742 2.300352 2.458945 5.947148
4.812300 1.670820 2.300430 2.459023 5.947227
4.812400 1.670898 2.300430 2.459102 5.947305
4.812500 1.670898 2.300430 2.459180 5.947461
4.812600 1.670977 2.300430 2.459258 5.947539
4.812700 1.671055 2.300430 2.459336 5.947695
4.812800 1.671133 2.300430 2.459414 5.947773
4.812900 1.671133 2.300508 2.459492 5.947852
4.813000 1.671211 2.300508 2.459570 5.948008
4.813100 1.671289 2.300508 2.459648 5.948086
4.813200 1.671367 2.300508 2.459727 5.948242
4.813300 1.671445 2.300508 2.459805 5.948320
4.813400 1.671445 2.300586 2.459883 5.948398
4.813500 1.671523 2.300586 2.459961 5.948555
4.813600 1.671602 2.300586 2.460039 5.948633
4.813700 1.671680 2.300586 2.460117 5.948789
4.813800 1.671680 2.300586 2.460195 5.948867
4.813900 1.671758 2.300586 2.460273 5.948945
4.814000 1.671836 2.300664 2.460352 5.949102
4.814100 1.671914 2.300664 2.460430 5.949180
4.814200 1.671992 2.300664 2.460508 5.949336
4.814300 1.671992 2.300664 2.460586 5.949414
4.814400 1.672070 2.300664 2.460664 5.949492
4.814500 1.672148 2.300664 2.460742 5.949648
4.814600 1.672227 2.300742 2.460820 5.949727
4.814700 1.672227 2.300742 2.460898 5.949883
4.814800 1.672305 2.300742 2.460977 5.949961
4.814900 1.672383 2.300742 2.461055 5.950039
4.815000 1.672461 2.300742 2.461133 5.950195
4.815100 1.672539 2.300820 2.461211 5.950273
4.815200 1.672539 2.300820 2.461289 5.950430
4.815300 1.672617 2.300820 2.461367 5.950508
4.815400 1.672695 2.300820 2.461445 5.950586
4.815500 1.672773 2.300820 2.461523 5.950742
4.815600 1.672773 2.300820 2.461602 5.950820
4.815700 1.672852 2.300898 2.461680 5.950977
4.815800 1.672930 2.300898 2.461758 5.951055
4.815900 1.673008 2.300898 2.461836 5.951133
4.816000 1.673086 2.300898 2.461914 5.951289
4.816100 1.673086 2.300898 2.461992 5.951367
4.816200 1.673164 2.300977 2.462070 5.951445
4.816300 1.673242 2.300977 2.462148 5.951602
4.816400 1.673320 2.300977 2.462227 5.951680
4.816500 1.673320 2.300977 2.462305 5.951836
4.816600 1.673398 2.300977 2.462383 5.951914
4.816700 1.673477 2.301055 2.462461 5.951992
4.816800 1.673555 2.301055 2.462539 5.952148
4.816900 1.673633 2.301055 2.462617 5.952227
4.817000 1.673633 2.301055 2.462695 5.952383
4.817100 1.673711 2.301055 2.462773 5.952461
4.817200 1.673789 2.301055 2.462852 5.952539
4.817300 1.673867 2.301133 2.462930 5.952695
4.817400 1.673867 2.301133 2.463008 5.952773
4.817500 1.673945 2.301133 2.463086 5.952930
4.817600 1.674023 2.301133 2.463164 5.953008
4.817700 1.674102 2.301133 2.463242 5.953086
4.817800 1.674180 2.301211 2.463320 5.953242
4.817900 1.674180 2.301211 2.463398 5.953320
4.818000 1.674258 2.301211 2.463477 5.953477
4.818100 1.674336 2.301211 2.463555 5.953555
4.818200 1.674414 2.301211 2.463633 5.953633
4.818300 1.674414 2.301289 2.463711 5.953789
4.818400 1.674492 2.301289 2.463789 5.953867
4.818500 1.674570 2.301289 2.463867 5.954023
4.818600 1.674648 2.301289 2.463945 5.954102
4.818700 1.674727 2.301289 2.464023 5.954180
4.818800 1.674727 2.301289 2.464102 5.954336
4.818900 1.674805 2.301367 2.464180 5.954414
4.819000 1.674883 2.301367 2.464336 5.954570
4.819100 1.674961 2.301367 2.464414 5.954648
4.819200 1.674961 2.301367 2.464492 5.954727
4.819300 1.675039 2.301367 2.464570 5.954883
4.819400 1.675117 2.301445 2.464648 5.954961
4.819500 1.675195 2.301445 2.464727 5.955117
4.819600 1.675273 2.301445 2.464805 5.955195
4.819700 1.675273 2.301445 2.464883 5.955273
4.819800 1.675352 2.301445 2.464961 5.955430
4.819900 1.675430 2.301523 2.465039 5.955508
4.820000 1.675508 2.301523 2.465117 5.955664
4.820100 1.675508 2.301523 2.465195 5.955742
4.820200 1.675586 2.301523 2.465273 5.955820
4.820300 1.675664 2.301523 2.465352 5.955977
4.820400 1.675742 2.301602 2.465430 5.956055
4.820500 1.675820 2.301602 2.465508 5.956211
4.820600 1.675820 2.301602 2.465586 5.956289
4.820700 1.675898 2.301602 2.465664 5.956367
4.820800 1.675977 2.301602 2.465742 5.956523
4.820900 1.676055 2.301680 2.465820 5.956602
4.821000 1.676055 2.301680 2.465898 5.956758
4.821100 1.676133 2.301680 2.465977 5.956836
4.821200 1.676211 2.301680 2.466055 5.956914
4.821300 1.676289 2.301680 2.466133 5.957070
4.821400 1.676367 2.301680 2.466211 5.957148
4.821500 1.676367 2.301758 2.466289 5.957305
4.821600 1.676445 2.301758 2.466367 5.957383
4.821700 1.676523 2.301758 2.466445 5.957461
4.821800 1.676602 2.301758 2.466523 5.957617
4.821900 1.676602 2.301758 2.466602 5.957695
4.822000 1.676680 2.301836 2.466680 5.957852
4.822100 1.676758 2.301836 2.466758 5.957930
4.822200 1.676836 2.301836 2.466836 5.958008
4.822300 1.676914 2.301836 2.466914 5.958164
4.822400 1.676914 2.301836 2.466992 5.958242
4.822500 1.676992 2.301914 2.467070 5.958398
4.822600 1.677070 2.301914 2.467148 5.958477
4.822700 1.677148 2.301914 2.467227 5.958555
4.822800 1.677148 2.301914 2.467305 5.958711
4.822900 1.677227 2.301914 2.467383 5.958789
4.823000 1.677305 2.301992 2.467461 5.958945
4.823100 1.677383 2.301992 2.467539 5.959023
4.823200 1.677461 2.301992 2.467617 5.959102
4.823300 1.677461 2.301992 2.467695 5.959258
4.823400 1.677539 2.301992 2.467773 5.959336
4.823500 1.677617 2.302070 2.467852 5.959492
4.823600 1.677695 2.302070 2.467852 5.959570
4.823700 1.677695 2.302070 2.467930 5.959648
4.823800 1.677773 2.302070 2.468008 5.959805
4.823900 1.677852 2.302070 2.468086 5.959883
4.824000 1.677930 2.302148 2.468164 5.960039
4.824100 1.678008 2.302148 2.468242 5.960117
4.824200 1.678008 2.302148 2.468320 5.960195
4.824300 1.678086 2.302148 2.468398 5.960352
4.824400 1.678164 2.302148 2.468477 5.960430
4.824500 1.678242 2.302227 2.468555 5.960586
4.824600 1.678242 2.302227 2.468633 5.960664
4.824700 1.678320 2.302227 2.468711 5.960742
4.824800 1.678398 2.302227 2.468789 5.960898
4.824900 1.678477 2.302227 2.468867 5.960977
4.825000 1.678555 2.302305 2.468945 5.961133
4.825100 1.678555 2.302305 2.469023 5.961211
4.825200 1.678633 2.302305 2.469102 5.961289
4.825300 1.678711 2.302305 2.469180 5.961445
4.825400 1.678789 2.302305 2.469258 5.961523
4.825500 1.678867 2.302383 2.469336 5.961680
4.825600 1.678867 2.302383 2.469414 5.961758
4.825700 1.678945 2.302383 2.469492 5.961836
4.825800 1.679023 2.302383 2.469570 5.961992
4.825900 1.679102 2.302383 2.469648 5.962070
4.826000 1.679102 2.302461 2.469727 5.962227
4.826100 1.679180 2.302461 2.469805 5.962305
4.826200 1.679258 2.302461 2.469883 5.962383
4.826300 1.679336 2.302461 2.469961 5.962539
4.826400 1.679414 2.302461 2.470039 5.962617
4.826500 1.679414 2.302539 2.470117 5.962773
4.826600 1.679492 2.302539 2.470195 5.962852
4.826700 1.679570 2.302539 2.470273 5.962930
4.826800 1.679648 2.302539 2.470352 5.963086
4.826900 1.679648 2.302539 2.470430 5.963164
4.827000 1.679727 2.302617 2.470508 5.963320
4.827100 1.679805 2.302617 2.470586 5.963398
4.827200 1.679883 2.302617 2.470664 5.963477
4.827300 1.679961 2.302617 2.470742 5.963633
4.827400 1.679961 2.302695 2.470820 5.963711
4.827500 1.680039 2.302695 2.470898 5.963867
4.827600 1.680117 2.302695 2.470977 5.963945
4.827700 1.680195 2.302695 2.471055 5.964023
4.827800 1.680195 2.302695 2.471133 5.964180
4.827900 1.680273 2.302773 2.471211 5.964258
4.828000 1.680352 2.302773 2.471289 5.964414
4.828100 1.680430 2.302773 2.471367 5.964492
4.828200 1.680508 2.302773 2.471445 5.964570
4.828300 1.680508 2.302773 2.471523 5.964727
4.828400 1.680586 2.302852 2.471602 5.964805
4.828500 1.680664 2.302852 2.471680 5.964961
4.828600 1.680742 2.302852 2.471758 5.965039
4.828700 1.680742 2.302852 2.471836 5.965117
4.828800 1.680820 2.302852 2.471914 5.965273
4.828900 1.680898 2.302930 2.471992 5.965352
4.829000 1.680977 2.302930 2.472070 5.965508
4.829100 1.681055 2.302930 2.472148 5.965586
4.829200 1.681055 2.302930 2.472227 5.965664
4.829300 1.681133 2.302930 2.472305 5.965820
4.829400 1.681211 2.303008 2.472383 5.965898
4.829500 1.681289 2.303008 2.472461 5.966055
4.829600 1.681289 2.303008 2.472539 5.966133
4.829700 1.681367 2.303008 2.472617 5.966211
4.829800 1.681445 2.303086 2.472695 5.966367
4.829900 1.681523 2.303086 2.472773 5.966445
4.830000 1.681602 2.303086 2.472852 5.966523
4.830100 1.681602 2.303086 2.472930 5.966680
4.830200 1.681680 2.303086 2.473008 5.966758
4.830300 1.681758 2.303164 2.473086 5.966914
4.830400 1.681836 2.303164 2.473164 5.966992
4.830500 1.681914 2.303164 2.473242 5.967070
4.830600 1.681914 2.303164 2.473320 5.967227
4.830700 1.681992 2.303164 2.473398 5.967305
4.830800 1.682070 2.303242 2.473477 5.967461
4.830900 1.682148 2.303242 2.473555 5.967539
4.831000 1.682148 2.303242 2.473633 5.967617
4.831100 1.682227 2.303242 2.473711 5.967773
4.831200 1.682305 2.303242 2.473789 5.967852
4.831300 1.682383 2.303320 2.473867 5.968008
4.831400 1.682461 2.303320 2.473945 5.968086
4.831500 1.682461 2.303320 2.474023 5.968164
4.831600 1.682539 2.303320 2.474102 5.968320
4.831700 1.682617 2.303398 2.474180 5.968398
4.831800 1.682695 2.303398 2.474258 5.968555
4.831900 1.682695 2.303398 2.474336 5.968633
4.832000 1.682773 2.303398 2.474414 5.968711
4.832100 1.682852 2.303398 2.474492 5.968867
4.832200 1.682930 2.303477 2.474570 5.968945
4.832300 1.683008 2.303477 2.474648 5.969102
4.832400 1.683008 2.303477 2.474727 5.969180
4.832500 1.683086 2.303477 2.474805 5.969258
4.832600 1.683164 2.303477 2.474883 5.969414
4.832700 1.683242 2.303555 2.474961 5.969492
4.832800 1.683242 2.303555 2.475039 5.969648
4.832900 1.683320 2.303555 2.475117 5.969727
4.833000 1.683398 2.303555 2.475195 5.969805
4.833100 1.683477 2.303633 2.475273 5.969961
4.833200 1.683555 2.303633 2.475352 5.970039
4.833300 1.683555 2.303633 2.475430 5.970195
4.833400 1.683633 2.303633 2.475508 5.970273
4.833500 1.683711 2.303633 2.475586 5.970352
4.833600 1.683789 2.303711 2.475664 5.970508
4.833700 1.683789 2.303711 2.475742 5.970586
4.833800 1.683867 2.303711 2.475820 5.970742
4.833900 1.683945 2.303711 2.475898 5.970820
4.834000 1.684023 2.303789 2.475977 5.970898
4.834100 1.684102 2.303789 2.475977 5.971055
4.834200 1.684102 2.303789 2.476055 5.971133
4.834300 1.684180 2.303789 2.476133 5.971289
4.834400 1.684258 2.303789 2.476211 5.971367
4.834500 1.684336 2.303867 2.476289 5.971445
4.834600 1.684414 2.303867 2.476367 5.971602
4.834700 1.684414 2.303867 2.476445 5.971680
4.834800 1.684492 2.303867 2.476523 5.971836
4.834900 1.684570 2.303867 2.476602 5.971914
4.835000 1.684648 2.303945 2.476680 5.971992
4.835100 1.684648 2.303945 2.476758 5.972148
4.835200 1.684727 2.303945 2.476836 5.972227
4.835300 1.684805 2.303945 2.476914 5.972383
4.835400 1.684883 2.304023 2.476992 5.972461
4.835500 1.684961 2.304023 2.477070 5.972539
4.835600 1.684961 2.304023 2.477148 5.972695
4.835700 1.685039 2.304023 2.477227 5.972773
4.835800 1.685117 2.304023 2.477305 5.972930
4.835900 1.685195 2.304102 2.477383 5.973008
4.836000 1.685195 2.304102 2.477461 5.973086
4.836100 1.685273 2.304102 2.477539 5.973242
4.836200 1.685352 2.304102 2.477617 5.973320
4.836300 1.685430 2.304180 2.477695 5.973477
4.836400 1.685508 2.304180 2.477773 5.973555
4.836500 1.685508 2.304180 2.477852 5.973633
4.836600 1.685586 2.304180 2.477930 5.973789
4.836700 1.685664 2.304180 2.478008 5.973867
4.836800 1.685742 2.304258 2.478086 5.974023
4.836900 1.685820 2.304258 2.478164 5.974102
4.837000 1.685820 2.304258 2.478242 5.974180
4.837100 1.685898 2.304258 2.478320 5.974336
4.837200 1.685977 2.304336 2.478398 5.974414
4.837300 1.686055 2.304336 2.478477 5.974570
4.837400 1.686055 2.304336 2.478555 5.974648
4.837500 1.686133 2.304336 2.478633 5.974727
4.837600 1.686211 2.304336 2.478711 5.974883
4.837700 1.686289 2.304414 2.478789 5.974961
4.837800 1.686367 2.304414 2.478867 5.975117
4.837900 1.686367 2.304414 2.478945 5.975195
4.838000 1.686445 2.304414 2.479023 5.975273
4.838100 1.686523 2.304492 2.479102 5.975430
4.838200 1.686602 2.304492 2.479180 5.975508
4.838300 1.686602 2.304492 2.479258 5.975664
4.838400 1.686680 2.304492 2.479336 5.975742
4.838500 1.686758 2.304492 2.479414 5.975820
4.838600 1.686836 2.304570 2.479492 5.975977
4.838700 1.686914 2.304570 2.479570 5.976055
4.838800 1.686914 2.304570 2.479648 5.976211
4.838900 1.686992 2.304570 2.479727 5.976289
4.839000 1.687070 2.304648 2.479805 5.976367
4.839100 1.687148 2.304648 2.479883 5.976523
4.839200 1.687148 2.304648 2.479961 5.976602
4.839300 1.687227 2.304648 2.480039 5.976758
4.839400 1.687305 2.304648 2.480117 5.976836
4.839500 1.687383 2.304727 2.480117 5.976914
4.839600 1.687461 2.304727 2.480195 5.977070
4.839700 1.687461 2.304727 2.480273 5.977148
4.839800 1.687539 2.304727 2.480352 5.977305
4.839900 1.687617 2.304805 2.480430 5.977383
4.840000 1.687695 2.304805 2.480508 5.977461
4.840100 1.687773 2.304805 2.480586 5.977617
4.840200 1.687773 2.304805 2.480664 5.977695
4.840300 1.687852 2.304883 2.480742 5.977852
4.840400 1.687930 2.304883 2.480820 5.977930
4.840500 1.688008 2.304883 2.480898 5.978008
4.840600 1.688008 2.304883 2.480977 5.978164
4.840700 1.688086 2.304883 2.481055 5.978242
4.840800 1.688164 2.304961 2.481133 5.978398
4.840900 1.688242 2.304961 2.481211 5.978477
4.841000 1.688320 2.304961 2.481289 5.978555
4.841100 1.688320 2.304961 2.481367 5.978711
4.841200 1.688398 2.305039 2.481445 5.978789
4.841300 1.688477 2.305039 2.481523 5.978945
4.841400 1.688555 2.305039 2.481602 5.979023
4.841500 1.688555 2.305039 2.481680 5.979102
4.841600 1.688633 2.305117 2.481758 5.979258
4.841700 1.688711 2.305117 2.481836 5.979336
4.841800 1.688789 2.305117 2.481914 5.979492
4.841900 1.688867 2.305117 2.481992 5.979570
4.842000 1.688867 2.305117 2.482070 5.979648
4.842100 1.688945 2.305195 2.482148 5.979805
4.842200 1.689023 2.305195 2.482227 5.979883
4.842300 1.689102 2.305195 2.482305 5.980039
4.842400 1.689180 2.305195 2.482383 5.980117
4.842500 1.689180 2.305273 2.482461 5.980195
4.842600 1.689258 2.305273 2.482539 5.980352
4.842700 1.689336 2.305273 2.482617 5.980430
4.842800 1.689414 2.305273 2.482695 5.980586
4.842900 1.689414 2.305352 2.482773 5.980664
4.843000 1.689492 2.305352 2.482852 5.980742
4.843100 1.689570 2.305352 2.482930 5.980898
4.843200 1.689648 2.305352 2.483008 5.980977
4.843300 1.689727 2.305352 2.483086 5.981133
4.843400 1.689727 2.305430 2.483164 5.981211
4.843500 1.689805 2.305430 2.483242 5.981289
4.843600 1.689883 2.305430 2.483320 5.981445
4.843700 1.689961 2.305430 2.483320 5.981523
4.843800 1.690039 2.305508 2.483398 5.981680
4.843900 1.690039 2.305508 2.483477 5.981758
4.844000 1.690117 2.305508 2.483555 5.981836
4.844100 1.690195 2.305508 2.483633 5.981992
4.844200 1.690273 2.305586 2.483711 5.982070
4.844300 1.690273 2.305586 2.483789 5.982227
4.844400 1.690352 2.305586 2.483867 5.982305
4.844500 1.690430 2.305586 2.483945 5.982383
4.844600 1.690508 2.305586 2.484023 5.982539
4.844700 1.690586 2.305664 2.484102 5.982617
4.844800 1.690586 2.305664 2.484180 5.982773
4.844900 1.690664 2.305664 2.484258 5.982852
4.845000 1.690742 2.305664 2.484336 5.982930
4.845100 1.690820 2.305742 2.484414 5.983086
4.845200 1.690820 2.305742 2.484492 5.983164
4.845300 1.690898 2.305742 2.484570 5.983320
4.845400 1.690977 2.305742 2.484648 5.983398
4.845500 1.691055 2.305820 2.484727 5.983477
4.845600 1.691133 2.305820 2.484805 5.983633
4.845700 1.691133 2.305820 2.484883 5.983711
4.845800 1.691211 2.305820 2.484961 5.983867
4.845900 1.691289 2.305898 2.485039 5.983945
4.846000 1.691367 2.305898 2.485117 5.984023
4.846100 1.691445 2.305898 2.485195 5.984180
4.846200 1.691445 2.305898 2.485273 5.984258
4.846300 1.691523 2.305977 2.485352 5.984414
4.846400 1.691602 2.305977 2.485430 5.984492
4.846500 1.691680 2.305977 2.485508 5.984570
4.846600 1.691680 2.305977 2.485586 5.984727
4.846700 1.691758 2.305977 2.485664 5.984805
4.846800 1.691836 2.306055 2.485742 5.984961
4.846900 1.691914 2.306055 2.485820 5.985039
4.847000 1.691992 2.306055 2.485898 5.985117
4.847100 1.691992 2.306055 2.485977 5.985273
4.847200 1.692070 2.306133 2.486055 5.985352
4.847300 1.692148 2.306133 2.486055 5.985508
4.847400 1.692227 2.306133 2.486133 5.985586
4.847500 1.692227 2.306133 2.486211 5.985664
4.847600 1.692305 2.306211 2.486289 5.985820
4.847700 1.692383 2.306211 2.486367 5.985898
4.847800 1.692461 2.306211 2.486445 5.986055
4.847900 1.692539 2.306211 2.486523 5.986133
4.848000 1.692539 2.306289 2.486602 5.986211
4.848100 1.692617 2.306289 2.486680 5.986367
4.848200 1.692695 2.306289 2.486758 5.986445
4.848300 1.692773 2.306289 2.486836 5.986602
4.848400 1.692852 2.306367 2.486914 5.986680
4.848500 1.692852 2.306367 2.486992 5.986758
4.848600 1.692930 2.306367 2.487070 5.986914
4.848700 1.693008 2.306367 2.487148 5.986992
4.848800 1.693086 2.306367 2.487227 5.987148
4.848900 1.693086 2.306445 2.487305 5.987227
4.849000 1.693164 2.306445 2.487383 5.987305
4.849100 1.693242 2.306445 2.487461 5.987461
4.849200 1.693320 2.306445 2.487539 5.987539
4.849300 1.693398 2.306523 2.487617 5.987695
4.849400 1.693398 2.306523 2.487695 5.987773
4.849500 1.693477 2.306523 2.487773 5.987852
4.849600 1.693555 2.306523 2.487852 5.988008
4.849700 1.693633 2.306602 2.487930 5.988086
4.849800 1.693711 2.306602 2.488008 5.988242
4.849900 1.693711 2.306602 2.488086 5.988320
4.850000 1.693789 2.306602 2.488164 5.988398
4.850100 1.693867 2.306680 2.488242 5.988555
4.850200 1.693945 2.306680 2.488320 5.988633
4.850300 1.693945 2.306680 2.488398 5.988789
4.850400 1.694023 2.306680 2.488477 5.988867
4.850500 1.694102 2.306758 2.488555 5.988945
4.850600 1.694180 2.306758 2.488555 5.989102
4.850700 1.694258 2.306758 2.488633 5.989180
4.850800 1.694258 2.306758 2.488711 5.989336
4.850900 1.694336 2.306836 2.488789 5.989414
4.851000 1.694414 2.306836 2.488867 5.989492
4.851100 1.694492 2.306836 2.488945 5.989648
4.851200 1.694570 2.306836 2.489023 5.989727
4.851300 1.694570 2.306914 2.489102 5.989883
4.851400 1.694648 2.306914 2.489180 5.989961
4.851500 1.694727 2.306914 2.489258 5.990039
4.851600 1.694805 2.306914 2.489336 5.990195
4.851700 1.694805 2.306992 2.489414 5.990273
4.851800 1.694883 2.306992 2.489492 5.990430
4.851900 1.694961 2.306992 2.489570 5.990508
4.852000 1.695039 2.306992 2.489648 5.990586
4.852100 1.695117 2.307070 2.489727 5.990742
4.852200 1.695117 2.307070 2.489805 5.990820
4.852300 1.695195 2.307070 2.489883 5.990977
4.852400 1.695273 2.307070 2.489961 5.991055
4.852500 1.695352 2.307148 2.490039 5.991133
4.852600 1.695430 2.307148 2.490117 5.991289
4.852700 1.695430 2.307148 2.490195 5.991367
4.852800 1.695508 2.307148 2.490273 5.991523
4.852900 1.695586 2.307227 2.490352 5.991602
4.853000 1.695664 2.307227 2.490430 5.991680
4.853100 1.695664 2.307227 2.490508 5.991836
4.853200 1.695742 2.307227 2.490586 5.991914
4.853300 1.695820 2.307227 2.490664 5.992070
4.853400 1.695898 2.307305 2.490742 5.992148
4.853500 1.695977 2.307305 2.490742 5.992227
4.853600 1.695977 2.307305 2.490820 5.992383
4.853700 1.696055 2.307305 2.490898 5.992461
4.853800 1.696133 2.307383 2.490977 5.992617
4.853900 1.696211 2.307383 2.491055 5.992695
4.854000 1.696289 2.307383 2.491133 5.992773
4.854100 1.696289 2.307383 2.491211 5.992930
4.854200 1.696367 2.307461 2.491289 5.993008
4.854300 1.696445 2.307461 2.491367 5.993164
4.854400 1.696523 2.307461 2.491445 5.993242
4.854500 1.696523 2.307461 2.491523 5.993320
4.854600 1.696602 2.307539 2.491602 5.993477
4.854700 1.696680 2.307539 2.491680 5.993555
4.854800 1.696758 2.307539 2.491758 5.993711
4.854900 1.696836 2.307539 2.491836 5.993789
4.855000 1.696836 2.307617 2.491914 5.993867
4.855100 1.696914 2.307617 2.491992 5.994023
4.855200 1.696992 2.307617 2.492070 5.994102
4.855300 1.697070 2.307617 2.492148 5.994258
4.855400 1.697148 2.307695 2.492227 5.994336
4.855500 1.697148 2.307695 2.492305 5.994492
4.855600 1.697227 2.307695 2.492383 5.994570
4.855700 1.697305 2.307695 2.492461 5.994648
4.855800 1.697383 2.307773 2.492539 5.994805
4.855900 1.697383 2.307773 2.492617 5.994883
4.856000 1.697461 2.307773 2.492695 5.995039
4.856100 1.697539 2.307773 2.492773 5.995117
4.856200 1.697617 2.307852 2.492852 5.995195
4.856300 1.697695 2.307852 2.492852 5.995352
4.856400 1.697695 2.307852 2.492930 5.995430
4.856500 1.697773 2.307852 2.493008 5.995586
4.856600 1.697852 2.307930 2.493086 5.995664
4.856700 1.697930 2.307930 2.493164 5.995742
4.856800 1.698008 2.307930 2.493242 5.995898
4.856900 1.698008 2.308008 2.493320 5.995977
4.857000 1.698086 2.308008 2.493398 5.996133
4.857100 1.698164 2.308008 2.493477 5.996211
4.857200 1.698242 2.308008 2.493555 5.996289
4.857300 1.698242 2.308086 2.493633 5.996445
4.857400 1.698320 2.308086 2.493711 5.996523
4.857500 1.698398 2.308086 2.493789 5.996680
4.857600 1.698477 2.308086 2.493867 5.996758
4.857700 1.698555 2.308164 2.493945 5.996836
4.857800 1.698555 2.308164 2.494023 5.996992
4.857900 1.698633 2.308164 2.494102 5.997070
4.858000 1.698711 2.308164 2.494180 5.997227
4.858100 1.698789 2.308242 2.494258 5.997305
4.858200 1.698867 2.308242 2.494336 5.997383
4.858300 1.698867 2.308242 2.494414 5.997539
4.858400 1.698945 2.308242 2.494492 5.997617
4.858500 1.699023 2.308320 2.494570 5.997773
4.858600 1.699102 2.308320 2.494648 5.997852
4.858700 1.699102 2.308320 2.494727 5.997930
4.858800 1.699180 2.308320 2.494805 5.998086
4.858900 1.699258 2.308398 2.494805 5.998164
4.859000 1.699336 2.308398 2.494883 5.998320
4.859100 1.699414 2.308398 2.494961 5.998398
4.859200 1.699414 2.308398 2.495039 5.998477
4.859300 1.699492 2.308477 2.495117 5.998633
4.859400 1.699570 2.308477 2.495195 5.998711
4.859500 1.699648 2.308477 2.495273 5.998867
4.859600 1.699727 2.308477 2.495352 5.998945
4.859700 1.699727 2.308555 2.495430 5.999023
4.859800 1.699805 2.308555 2.495508 5.999180
4.859900 1.699883 2.308555 2.495586 5.999258
4.860000 1.699961 2.308555 2.495664 5.999414
4.860100 1.699961 2.308633 2.495742 5.999492
4.860200 1.700039 2.308633 2.495820 5.999570
4.860300 1.700117 2.308633 2.495898 5.999727
4.860400 1.700195 2.308633 2.495977 5.999805
4.860500 1.700273 2.308711 2.496055 5.999961
4.860600 1.700273 2.308711 2.496133 6.000039
4.860700 1.700352 2.308711 2.496211 6.000117
4.860800 1.700430 2.308711 2.496289 6.000273
4.860900 1.700508 2.308789 2.496367 6.000352
4.861000 1.700586 2.308789 2.496445 6.000508
4.861100 1.700586 2.308789 2.496523 6.000586
4.861200 1.700664 2.308867 2.496602 6.000664
4.861300 1.700742 2.308867 2.496602 6.000820
4.861400 1.700820 2.308867 2.496680 6.000898
4.861500 1.700820 2.308867 2.496758 6.001055
4.861600 1.700898 2.308945 2.496836 6.001133
4.861700 1.700977 2.308945 2.496914 6.001211
4.861800 1.701055 2.308945 2.496992 6.001367
4.861900 1.701133 2.308945 2.497070 6.001445
4.862000 1.701133 2.309023 2.497148 6.001602
4.862100 1.701211 2.309023 2.497227 6.001680
4.862200 1.701289 2.309023 2.497305 6.001758
4.862300 1.701367 2.309023 2.497383 6.001914
4.862400 1.701445 2.309102 2.497461 6.001992
4.862500 1.701445 2.309102 2.497539 6.002148
4.862600 1.701523 2.309102 2.497617 6.002227
4.862700 1.701602 2.309102 2.497695 6.002305
4.862800 1.701680 2.309180 2.497773 6.002461
4.862900 1.701680 2.309180 2.497852 6.002539
4.863000 1.701758 2.309180 2.497930 6.002695
4.863100 1.701836 2.309180 2.498008 6.002773
4.863200 1.701914 2.309258 2.498086 6.002852
4.863300 1.701992 2.309258 2.498164 6.003008
4.863400 1.701992 2.309258 2.498242 6.003086
4.863500 1.702070 2.309336 2.498320 6.003242
4.863600 1.702148 2.309336 2.498398 6.003320
4.863700 1.702227 2.309336 2.498398 6.003398
4.863800 1.702305 2.309336 2.498477 6.003555
4.863900 1.702305 2.309414 2.498555 6.003633
4.864000 1.702383 2.309414 2.498633 6.003789
4.864100 1.702461 2.309414 2.498711 6.003867
4.864200 1.702539 2.309414 2.498789 6.003945
4.864300 1.702617 2.309492 2.498867 6.004102
4.864400 1.702617 2.309492 2.498945 6.004180
4.864500 1.702695 2.309492 2.499023 6.004336
4.864600 1.702773 2.309492 2.499102 6.004414
4.864700 1.702852 2.309570 2.499180 6.004492
4.864800 1.702852 2.309570 2.499258 6.004648
4.864900 1.702930 2.309570 2.499336 6.004727
4.865000 1.703008 2.309570 2.499414 6.004883
4.865100 1.703086 2.309648 2.499492 6.004961
4.865200 1.703164 2.309648 2.499570 6.005039
4.865300 1.703164 2.309648 2.499648 6.005195
4.865400 1.703242 2.309727 2.499727 6.005273
4.865500 1.703320 2.309727 2.499805 6.005430
4.865600 1.703398 2.309727 2.499883 6.005508
4.865700 1.703477 2.309727 2.499961 6.005586
4.865800 1.703477 2.309805 2.500039 6.005742
4.865900 1.703555 2.309805 2.500039 6.005820
4.866000 1.703633 2.309805 2.500117 6.005977
4.866100 1.703711 2.309805 2.500195 6.006055
4.866200 1.703711 2.309883 2.500273 6.006133
4.866300 1.703789 2.309883 2.500352 6.006289
4.866400 1.703867 2.309883 2.500430 6.006367
4.866500 1.703945 2.309883 2.500508 6.006523
4.866600 1.704023 2.309961 2.500586 6.006602
4.866700 1.704023 2.309961 2.500664 6.006680
4.866800 1.704102 2.309961 2.500742 6.006836
4.866900 1.704180 2.309961 2.500820 6.006914
4.867000 1.704258 2.310039 2.500898 6.007070
4.867100 1.704336 2.310039 2.500977 6.007148
4.867200 1.704336 2.310039 2.501055 6.007227
4.867300 1.704414 2.310117 2.501133 6.007383
4.867400 1.704492 2.310117 2.501211 6.007461
4.867500 1.704570 2.310117 2.501289 6.007617
4.867600 1.704648 2.310117 2.501367 6.007695
4.867700 1.704648 2.310195 2.501445 6.007773
4.867800 1.704727 2.310195 2.501523 6.007930
4.867900 1.704805 2.310195 2.501602 6.008008
4.868000 1.704883 2.310195 2.501680 6.008164
4.868100 1.704883 2.310273 2.501680 6.008242
4.868200 1.704961 2.310273 2.501758 6.008320
4.868300 1.705039 2.310273 2.501836 6.008477
4.868400 1.705117 2.310352 2.501914 6.008555
4.868500 1.705195 2.310352 2.501992 6.008711
4.868600 1.705195 2.310352 2.502070 6.008789
4.868700 1.705273 2.310352 2.502148 6.008867
4.868800 1.705352 2.310430 2.502227 6.009023
4.868900 1.705430 2.310430 2.502305 6.009102
4.869000 1.705508 2.310430 2.502383 6.009258
4.869100 1.705508 2.310430 2.502461 6.009336
4.869200 1.705586 2.310508 2.502539 6.009492
4.869300 1.705664 2.310508 2.502617 6.009570
4.869400 1.705742 2.310508 2.502695 6.009648
4.869500 1.705742 2.310508 2.502773 6.009805
4.869600 1.705820 2.310586 2.502852 6.009883
