1.711100 2.111281
1.711200 2.111344
1.711300 2.111469
1.711400 2.111594
1.711500 2.111656
1.711600 2.111781
1.711700 2.111844
1.711800 2.111969
1.711900 2.112031
1.712000 2.112156
1.712100 2.112281
1.712200 2.112344
1.712300 2.112469
1.712400 2.112531
1.712500 2.112656
1.712600 2.112781
1.712700 2.112844
1.712800 2.112969
1.712900 2.113031
1.713000 2.113156
1.713100 2.113281
1.713200 2.113344
1.713300 2.113469
1.713400 2.113531
1.713500 2.113656
1.713600 2.113781
1.713700 2.113844
1.713800 2.113969
1.713900 2.114031
1.714000 2.114156
1.714100 2.114281
1.714200 2.114344
1.714300 2.114469
1.714400 2.114531
1.714500 2.114656
1.714600 2.114719
1.714700 2.114844
1.714800 2.114969
1.714900 2.115031
1.715000 2.115156
