1.716800 2.116969
1.716900 2.117031
1.717000 2.117156
1.717100 2.117219
1.717200 2.117344
1.717300 2.117469
1.717400 2.117531
1.717500 2.117656
1.717600 2.117719
1.717700 2.117844
1.717800 2.117906
1.717900 2.118031
1.718000 2.118156
1.718100 2.118219
1.718200 2.118344
1.718300 2.118406
1.718400 2.118531
1.718500 2.118656
1.718600 2.118719
1.718700 2.118844
1.718800 2.118906
1.718900 2.119031
1.719000 2.119156
1.719100 2.119219
1.719200 2.119344
1.719300 2.119406
1.719400 2.119531
1.719500 2.119656
1.719600 2.119719
1.719700 2.119844
1.719800 2.119906
1.719900 2.120031
