2.4000000010 0.3887250000 1.3125250000 3.5158950000
2.5000000010 0.4218150000 1.3711450000 3.5907950000
2.6000000010 0.5698850000 1.4290750000 3.6674850000
2.7000000010 0.6813650000 1.4862550000 3.7460450000
2.8000000010 0.7851650000 1.5426750000 3.8266950000
2.9000000010 0.8883350000 1.5984150000 3.9094650000
3.0000000010 0.9934850000 1.6538850000 3.9925350000
3.1000000010 1.1022850000 1.7123250000 4.0762150000
3.2000000010 1.2163150000 1.7688350000 4.1606150000
3.3000000010 1.3375450000 1.8168750000 4.2457350000
3.4000000010 1.4691950000 1.8580850000 4.3315950000
3.5000000010 1.6170850000 1.8898150000 4.4181950000
3.6000000010 1.7738850000 1.9043350000 4.5055250000
