0.1000000010 0.0464250000 0.9999950000 2.1030050000 2.3274350000
0.2000000010 0.0921650000 1.0002250000 2.1117450000 2.3400650000
0.3000000010 0.1365650000 1.0013750000 2.1254850000 2.3603450000
0.4000000010 0.1791050000 1.0045150000 2.1432850000 2.3873150000
0.5000000010 0.2197150000 1.0109950000 2.1642150000 2.4199550000
0.6000000010 0.2600750000 1.0222250000 2.1875250000 2.4573150000
0.7000000010 0.2976050000 1.0394650000 2.2126450000 2.4985950000
0.8000000010 0.3266350000 1.0636250000 2.2391950000 2.5431250000
0.9000000010 0.3466150000 1.0950850000 2.2669250000 2.5904150000
1.0000000010 0.3555050000 1.1336850000 2.2956250000 2.6400750000
1.1000000010 0.3523050000 1.1787850000 2.3251450000 2.6918150000
1.2000000010 0.3403250000 1.2295050000 2.3553050000 2.7454450000
1.3000000010 0.3355450000 1.2847650000 2.3859050000 2.8008250000
1.4000000010 0.3239950000 1.3434850000 2.4166750000 2.8578650000
1.5000000010 0.3105250000 1.4045250000 2.4472550000 2.9165050000
1.6000000010 0.2981250000 1.4667150000 2.4771250000 2.9767250000
