2.3300000000 3.1274659767
2.3310000000 3.1278965263
2.3320000000 3.1283274193
2.3330000000 3.1287586479
2.3340000000 3.1291902275
2.3350000000 3.1296221581
2.3360000000 3.1300544319
2.3370000000 3.1304870567
2.3380000000 3.1309200401
2.3390000000 3.1313533745
2.3400000000 3.1317870750
2.3410000000 3.1322211342
2.3420000000 3.1326555595
2.3430000000 3.1330903435
2.3440000000 3.1335255013
2.3450000000 3.1339610329
2.3460000000 3.1343969383
2.3470000000 3.1348332100
2.3480000000 3.1352698708
2.3490000000 3.1357069054
2.3500000000 3.1361443214
2.3510000000 3.1365821266
2.3520000000 3.1370203133
2.3530000000 3.1374588890
2.3540000000 3.1378978615
2.3550000000 3.1383372231
2.3560000000 3.1387769814
2.3570000000 3.1392171364
2.3580000000 3.1396576958
2.3590000000 3.1400986519
2.3600000000 3.1405400200
2.3610000000 3.1409817848
2.3620000000 3.1414239616
2.3630000000 3.1418665504
2.3640000000 3.1423095512
2.3650000000 3.1427529716
2.3660000000 3.1431968040
2.3670000000 3.1436410561
2.3680000000 3.1440857277
2.3690000000 3.1445308189
2.3700000000 3.1449763451
2.3710000000 3.1454222908
2.3720000000 3.1458686638
2.3730000000 3.1463154716
2.3740000000 3.1467627144
2.3750000000 3.1472103844
2.3760000000 3.1476584969
2.3770000000 3.1481070442
2.3780000000 3.1485560341
2.3790000000 3.1490054665
2.3800000000 3.1494553413
2.3810000000 3.1499056664
2.3820000000 3.1503564339
2.3830000000 3.1508076515
2.3840000000 3.1512593269
2.3850000000 3.1517114449
2.3860000000 3.1521640282
2.3870000000 3.1526170616
2.3880000000 3.1530705528
2.3890000000 3.1535245094
2.3900000000 3.1539789238
2.3910000000 3.1544338036
2.3920000000 3.1548891411
2.3930000000 3.1553449516
2.3940000000 3.1558012276
2.3950000000 3.1562579765
2.3960000000 3.1567151985
2.3970000000 3.1571728935
2.3980000000 3.1576310539
2.3990000000 3.1580897026
2.4000000000 3.1585488243
2.4010000000 3.1590084190
2.4020000000 3.1594685020
2.4030000000 3.1599290657
2.4040000000 3.1603901100
2.4050000000 3.1608516426
2.4060000000 3.1613136559
2.4070000000 3.1617761650
2.4080000000 3.1622391624
2.4090000000 3.1627026482
2.4100000000 3.1631666222
2.4110000000 3.1636310921
2.4120000000 3.1640960579
2.4130000000 3.1645615196
2.4140000000 3.1650274773
2.4150000000 3.1654939384
2.4160000000 3.1659608955
2.4170000000 3.1664283562
2.4180000000 3.1668963127
2.4190000000 3.1673647804
2.4200000000 3.1678337517
2.4210000000 3.1683032265
2.4220000000 3.1687732048
2.4230000000 3.1692436943
2.4240000000 3.1697146950
2.4250000000 3.1701862068
2.4260000000 3.1706582222
2.4270000000 3.1711307564
2.4280000000 3.1716038094
2.4290000000 3.1720773659
2.4300000000 3.1725514488
2.4310000000 3.1730260429
2.4320000000 3.1735011559
2.4330000000 3.1739767876
2.4340000000 3.1744529381
2.4350000000 3.1749296074
2.4360000000 3.1754067955
2.4370000000 3.1758845100
2.4380000000 3.1763627510
2.4390000000 3.1768415184
2.4400000000 3.1773208046
2.4410000000 3.1778006172
2.4420000000 3.1782809563
2.4430000000 3.1787618217
2.4440000000 3.1792432213
2.4450000000 3.1797251472
2.4460000000 3.1802075996
2.4470000000 3.1806905861
2.4480000000 3.1811740990
2.4490000000 3.1816581535
2.4500000000 3.1821427345
2.4510000000 3.1826278496
2.4520000000 3.1831134987
2.4530000000 3.1835996819
2.4540000000 3.1840863991
2.4550000000 3.1845736580
2.4560000000 3.1850614510
2.4570000000 3.1855497780
2.4580000000 3.1860386467
2.4590000000 3.1865280495
2.4600000000 3.1870179939
2.4610000000 3.1875084801
2.4620000000 3.1879995003
2.4630000000 3.1884910622
2.4640000000 3.1889831734
2.4650000000 3.1894758186
2.4660000000 3.1899690056
2.4670000000 3.1904627342
2.4680000000 3.1909570045
2.4690000000 3.1914518242
2.4700000000 3.1919471855
2.4710000000 3.1924430885
2.4720000000 3.1929395332
2.4730000000 3.1934365273
2.4740000000 3.1939340630
2.4750000000 3.1944321480
2.4760000000 3.1949307747
2.4770000000 3.1954299507
2.4780000000 3.1959296684
2.4790000000 3.1964299355
2.4800000000 3.1969307518
2.4810000000 3.1974321098
2.4820000000 3.1979340172
2.4830000000 3.1984364738
2.4840000000 3.1989394798
2.4850000000 3.1994430275
2.4860000000 3.1999471245
2.4870000000 3.2004517708
2.4880000000 3.2009569664
2.4890000000 3.2014627113
2.4900000000 3.2019689980
2.4910000000 3.2024758415
2.4920000000 3.2029832268
2.4930000000 3.2034911613
2.4940000000 3.2039996529
2.4950000000 3.2045086861
2.4960000000 3.2050182686
2.4970000000 3.2055284004
2.4980000000 3.2060390816
2.4990000000 3.2065503120
2.5000000000 3.2070620995
2.5010000000 3.2075744286
2.5020000000 3.2080872993
2.5030000000 3.2086007271
2.5040000000 3.2091147041
2.5050000000 3.2096292305
2.5060000000 3.2101443062
2.5070000000 3.2106599236
2.5080000000 3.2111760979
2.5090000000 3.2116928139
2.5100000000 3.2122100868
2.5110000000 3.2127279015
2.5120000000 3.2132462654
2.5130000000 3.2137651787
2.5140000000 3.2142846336
2.5150000000 3.2148046455
2.5160000000 3.2153251991
2.5170000000 3.2158463020
2.5180000000 3.2163679543
2.5190000000 3.2168901482
2.5200000000 3.2174128914
2.5210000000 3.2179361763
2.5220000000 3.2184600182
2.5230000000 3.2189843941
2.5240000000 3.2195093269
2.5250000000 3.2200347939
2.5260000000 3.2205608177
2.5270000000 3.2210873756
2.5280000000 3.2216144829
2.5290000000 3.2221421318
2.5300000000 3.2226703300
2.5310000000 3.2231990700
2.5320000000 3.2237283516
2.5330000000 3.2242581749
2.5340000000 3.2247885475
2.5350000000 3.2253194542
2.5360000000 3.2258509102
2.5370000000 3.2263829002
2.5380000000 3.2269154320
2.5390000000 3.2274485130
2.5400000000 3.2279821281
2.5410000000 3.2285162773
2.5420000000 3.2290509758
2.5430000000 3.2295862083
2.5440000000 3.2301219826
2.5450000000 3.2306582909
2.5460000000 3.2311951408
2.5470000000 3.2317325249
2.5480000000 3.2322704506
2.5490000000 3.2328089104
2.5500000000 3.2333479042
2.5510000000 3.2338874397
2.5520000000 3.2344275017
2.5530000000 3.2349681053
2.5540000000 3.2355092354
2.5550000000 3.2360509071
2.5560000000 3.2365931053
2.5570000000 3.2371358376
2.5580000000 3.2376791039
2.5590000000 3.2382228966
2.5600000000 3.2387672234
2.5610000000 3.2393120842
2.5620000000 3.2398574715
2.5630000000 3.2404033852
2.5640000000 3.2409498329
2.5650000000 3.2414968071
2.5660000000 3.2420443077
2.5670000000 3.2425923347
2.5680000000 3.2431408882
2.5690000000 3.2436899605
2.5700000000 3.2442395668
2.5710000000 3.2447896996
2.5720000000 3.2453403511
2.5730000000 3.2458915215
2.5740000000 3.2464432259
2.5750000000 3.2469954414
2.5760000000 3.2475481834
2.5770000000 3.2481014519
2.5780000000 3.2486552315
2.5790000000 3.2492095299
2.5800000000 3.2497643547
2.5810000000 3.2503196907
2.5820000000 3.2508755531
2.5830000000 3.2514319267
2.5840000000 3.2519888115
2.5850000000 3.2525462151
2.5860000000 3.2531041374
2.5870000000 3.2536625710
2.5880000000 3.2542215233
2.5890000000 3.2547809792
2.5900000000 3.2553409538
2.5910000000 3.2559014397
2.5920000000 3.2564624290
2.5930000000 3.2570239372
2.5940000000 3.2575859489
2.5950000000 3.2581484718
2.5960000000 3.2587115059
2.5970000000 3.2592750435
2.5980000000 3.2598390846
2.5990000000 3.2604036369
2.6000000000 3.2609686928
2.6010000000 3.2615342522
2.6020000000 3.2621003151
2.6030000000 3.2626668739
2.6040000000 3.2632339439
2.6050000000 3.2638015175
2.6060000000 3.2643695869
2.6070000000 3.2649381523
2.6080000000 3.2655072212
2.6090000000 3.2660767860
2.6100000000 3.2666468544
2.6110000000 3.2672174110
2.6120000000 3.2677884712
2.6130000000 3.2683600197
2.6140000000 3.2689320717
2.6150000000 3.2695046120
2.6160000000 3.2700776405
2.6170000000 3.2706511726
2.6180000000 3.2712251854
2.6190000000 3.2717996941
2.6200000000 3.2723746910
2.6210000000 3.2729501762
2.6220000000 3.2735261574
2.6230000000 3.2741026192
2.6240000000 3.2746795692
2.6250000000 3.2752570000
2.6260000000 3.2758349266
2.6270000000 3.2764133263
2.6280000000 3.2769922142
2.6290000000 3.2775715904
2.6300000000 3.2781514397
2.6310000000 3.2787317772
2.6320000000 3.2793125954
2.6330000000 3.2798938866
2.6340000000 3.2804756584
2.6350000000 3.2810579109
2.6360000000 3.2816406441
2.6370000000 3.2822238502
2.6380000000 3.2828075294
2.6390000000 3.2833916893
2.6400000000 3.2839763145
2.6410000000 3.2845614204
2.6420000000 3.2851469917
2.6430000000 3.2857330437
2.6440000000 3.2863195610
2.6450000000 3.2869065437
2.6460000000 3.2874940071
2.6470000000 3.2880819283
2.6480000000 3.2886703224
2.6490000000 3.2892591820
2.6500000000 3.2898485069
2.6510000000 3.2904382973
2.6520000000 3.2910285530
2.6530000000 3.2916192665
2.6540000000 3.2922104530
2.6550000000 3.2928020897
2.6560000000 3.2933941994
2.6570000000 3.2939867592
2.6580000000 3.2945797844
2.6590000000 3.2951732674
2.6600000000 3.2957672081
2.6610000000 3.2963615990
2.6620000000 3.2969564552
2.6630000000 3.2975517616
2.6640000000 3.2981475258
2.6650000000 3.2987437401
2.6660000000 3.2993404045
2.6670000000 3.2999375267
2.6680000000 3.3005350990
2.6690000000 3.3011331215
2.6700000000 3.3017315941
2.6710000000 3.3023305092
2.6720000000 3.3029298820
2.6730000000 3.3035296898
2.6740000000 3.3041299553
2.6750000000 3.3047306633
2.6760000000 3.3053318138
2.6770000000 3.3059334068
2.6780000000 3.3065354424
2.6790000000 3.3071379280
2.6800000000 3.3077408485
2.6810000000 3.3083442039
2.6820000000 3.3089480095
2.6830000000 3.3095522499
2.6840000000 3.3101569252
2.6850000000 3.3107620430
2.6860000000 3.3113675957
2.6870000000 3.3119735832
2.6880000000 3.3125800056
2.6890000000 3.3131868629
2.6900000000 3.3137941475
2.6910000000 3.3144018745
2.6920000000 3.3150100288
2.6930000000 3.3156186104
2.6940000000 3.3162276268
2.6950000000 3.3168370705
2.6960000000 3.3174469414
2.6970000000 3.3180572395
2.6980000000 3.3186679649
2.6990000000 3.3192791176
2.7000000000 3.3198906898
2.7010000000 3.3205026894
2.7020000000 3.3211151161
2.7030000000 3.3217279625
2.7040000000 3.3223412285
2.7050000000 3.3229549217
2.7060000000 3.3235690346
2.7070000000 3.3241835594
2.7080000000 3.3247985115
2.7090000000 3.3254138756
2.7100000000 3.3260296593
2.7110000000 3.3266458626
2.7120000000 3.3272624779
2.7130000000 3.3278795052
2.7140000000 3.3284969444
2.7150000000 3.3291148033
2.7160000000 3.3297330742
2.7170000000 3.3303517570
2.7180000000 3.3309708443
2.7190000000 3.3315903435
2.7200000000 3.3322102547
2.7210000000 3.3328305779
2.7220000000 3.3334513054
2.7230000000 3.3340724373
2.7240000000 3.3346939735
2.7250000000 3.3353159218
2.7260000000 3.3359382668
2.7270000000 3.3365610237
2.7280000000 3.3371841774
2.7290000000 3.3378077354
2.7300000000 3.3384316902
2.7310000000 3.3390560570
2.7320000000 3.3396808128
2.7330000000 3.3403059731
2.7340000000 3.3409315300
2.7350000000 3.3415574837
2.7360000000 3.3421838341
2.7370000000 3.3428105812
2.7380000000 3.3434377251
2.7390000000 3.3440652580
2.7400000000 3.3446931953
2.7410000000 3.3453215141
2.7420000000 3.3459502296
2.7430000000 3.3465793419
2.7440000000 3.3472088356
2.7450000000 3.3478387260
2.7460000000 3.3484690056
2.7470000000 3.3490996666
2.7480000000 3.3497307243
2.7490000000 3.3503621635
2.7500000000 3.3509939919
2.7510000000 3.3516262016
2.7520000000 3.3522588005
2.7530000000 3.3528917809
2.7540000000 3.3535251427
2.7550000000 3.3541588936
2.7560000000 3.3547930183
2.7570000000 3.3554275322
2.7580000000 3.3560624199
2.7590000000 3.3566976891
2.7600000000 3.3573333397
2.7610000000 3.3579693642
2.7620000000 3.3586057701
2.7630000000 3.3592425499
2.7640000000 3.3598797035
2.7650000000 3.3605172386
2.7660000000 3.3611551399
2.7670000000 3.3617934227
2.7680000000 3.3624320717
2.7690000000 3.3630711021
2.7700000000 3.3637104988
2.7710000000 3.3643502693
2.7720000000 3.3649904060
2.7730000000 3.3656309090
2.7740000000 3.3662717857
2.7750000000 3.3669130363
2.7760000000 3.3675546455
2.7770000000 3.3681966209
2.7780000000 3.3688389702
2.7790000000 3.3694816780
2.7800000000 3.3701247520
2.7810000000 3.3707681923
2.7820000000 3.3714119911
2.7830000000 3.3720561562
2.7840000000 3.3727006798
2.7850000000 3.3733455696
2.7860000000 3.3739908180
2.7870000000 3.3746364250
2.7880000000 3.3752823906
2.7890000000 3.3759287148
2.7900000000 3.3765753975
2.7910000000 3.3772224388
2.7920000000 3.3778698311
2.7930000000 3.3785175896
2.7940000000 3.3791656914
2.7950000000 3.3798141518
2.7960000000 3.3804629707
2.7970000000 3.3811121330
2.7980000000 3.3817616539
2.7990000000 3.3824115257
2.8000000000 3.3830617485
2.8010000000 3.3837123222
2.8020000000 3.3843632469
2.8030000000 3.3850145149
2.8040000000 3.3856661339
2.8050000000 3.3863181038
2.8060000000 3.3869704170
2.8070000000 3.3876230812
2.8080000000 3.3882760887
2.8090000000 3.3889294395
2.8100000000 3.3895831337
2.8110000000 3.3902371712
2.8120000000 3.3908915596
2.8130000000 3.3915462837
2.8140000000 3.3922013512
2.8150000000 3.3928567619
2.8160000000 3.3935125084
2.8170000000 3.3941685982
2.8180000000 3.3948250313
2.8190000000 3.3954817924
2.8200000000 3.3961388969
2.8210000000 3.3967963448
2.8220000000 3.3974541206
2.8230000000 3.3981122398
2.8240000000 3.3987706871
2.8250000000 3.3994294777
2.8260000000 3.4000885963
2.8270000000 3.4007480507
2.8280000000 3.4014078407
2.8290000000 3.4020679588
2.8300000000 3.4027284126
2.8310000000 3.4033891945
2.8320000000 3.4040503044
2.8330000000 3.4047117500
2.8340000000 3.4053735237
2.8350000000 3.4060356255
2.8360000000 3.4066980553
2.8370000000 3.4073608131
2.8380000000 3.4080238914
2.8390000000 3.4086873055
2.8400000000 3.4093510399
2.8410000000 3.4100151024
2.8420000000 3.4106794930
2.8430000000 3.4113441963
2.8440000000 3.4120092354
2.8450000000 3.4126745872
2.8460000000 3.4133402672
2.8470000000 3.4140062675
2.8480000000 3.4146725883
2.8490000000 3.4153392296
2.8500000000 3.4160061913
2.8510000000 3.4166734734
2.8520000000 3.4173410759
2.8530000000 3.4180089912
2.8540000000 3.4186772270
2.8550000000 3.4193457832
2.8560000000 3.4200146523
2.8570000000 3.4206838341
2.8580000000 3.4213533363
2.8590000000 3.4220231514
2.8600000000 3.4226932793
2.8610000000 3.4233637199
2.8620000000 3.4240344734
2.8630000000 3.4247055473
2.8640000000 3.4253769264
2.8650000000 3.4260486183
2.8660000000 3.4267206154
2.8670000000 3.4273929329
2.8680000000 3.4280655556
2.8690000000 3.4287384834
2.8700000000 3.4294117241
2.8710000000 3.4300852699
2.8720000000 3.4307591286
2.8730000000 3.4314332924
2.8740000000 3.4321077614
2.8750000000 3.4327825356
2.8760000000 3.4334576149
2.8770000000 3.4341329994
2.8780000000 3.4348086891
2.8790000000 3.4354846764
2.8800000000 3.4361609764
2.8810000000 3.4368375740
2.8820000000 3.4375144768
2.8830000000 3.4381916771
2.8840000000 3.4388691826
2.8850000000 3.4395469856
2.8860000000 3.4402250862
2.8870000000 3.4409034920
2.8880000000 3.4415821953
2.8890000000 3.4422611885
2.8900000000 3.4429404945
2.8910000000 3.4436200905
2.8920000000 3.4442999763
2.8930000000 3.4449801674
2.8940000000 3.4456606560
2.8950000000 3.4463414345
2.8960000000 3.4470225105
2.8970000000 3.4477038765
2.8980000000 3.4483855400
2.8990000000 3.4490675011
2.9000000000 3.4497497444
2.9010000000 3.4504322929
2.9020000000 3.4511151237
2.9030000000 3.4517982445
2.9040000000 3.4524816627
2.9050000000 3.4531653709
2.9060000000 3.4538493690
2.9070000000 3.4545336494
2.9080000000 3.4552182274
2.9090000000 3.4559030876
2.9100000000 3.4565882378
2.9110000000 3.4572736702
2.9120000000 3.4579594002
2.9130000000 3.4586454048
2.9140000000 3.4593317070
2.9150000000 3.4600182838
2.9160000000 3.4607051506
2.9170000000 3.4613923073
2.9180000000 3.4620797386
2.9190000000 3.4627674599
2.9200000000 3.4634554634
2.9210000000 3.4641437416
2.9220000000 3.4648323097
2.9230000000 3.4655211601
2.9240000000 3.4662102852
2.9250000000 3.4668996925
2.9260000000 3.4675893822
2.9270000000 3.4682793541
2.9280000000 3.4689696007
2.9290000000 3.4696601295
2.9300000000 3.4703509407
2.9310000000 3.4710420189
2.9320000000 3.4717333794
2.9330000000 3.4724250221
2.9340000000 3.4731169319
2.9350000000 3.4738091240
2.9360000000 3.4745015907
2.9370000000 3.4751943321
2.9380000000 3.4758873482
2.9390000000 3.4765806389
2.9400000000 3.4772741966
2.9410000000 3.4779680367
2.9420000000 3.4786621437
2.9430000000 3.4793565331
2.9440000000 3.4800511818
2.9450000000 3.4807461128
2.9460000000 3.4814413033
2.9470000000 3.4821367760
2.9480000000 3.4828325081
2.9490000000 3.4835285225
2.9500000000 3.4842247963
2.9510000000 3.4849213448
2.9520000000 3.4856181526
2.9530000000 3.4863152351
2.9540000000 3.4870125847
2.9550000000 3.4877102013
2.9560000000 3.4884080849
2.9570000000 3.4891062355
2.9580000000 3.4898046532
2.9590000000 3.4905033379
2.9600000000 3.4912022820
2.9610000000 3.4919014931
2.9620000000 3.4926009636
2.9630000000 3.4933007088
2.9640000000 3.4940007057
2.9650000000 3.4947009697
2.9660000000 3.4954015007
2.9670000000 3.4961022911
2.9680000000 3.4968033409
2.9690000000 3.4975046501
2.9700000000 3.4982062263
2.9710000000 3.4989080620
2.9720000000 3.4996101570
2.9730000000 3.5003125114
2.9740000000 3.5010151176
2.9750000000 3.5017179909
2.9760000000 3.5024211235
2.9770000000 3.5031245079
2.9780000000 3.5038281517
2.9790000000 3.5045320549
2.9800000000 3.5052362175
2.9810000000 3.5059406319
2.9820000000 3.5066453056
2.9830000000 3.5073502312
2.9840000000 3.5080554161
2.9850000000 3.5087608528
2.9860000000 3.5094665413
2.9870000000 3.5101724892
2.9880000000 3.5108786888
2.9890000000 3.5115851402
2.9900000000 3.5122918434
2.9910000000 3.5129988060
2.9920000000 3.5137060127
2.9930000000 3.5144134712
2.9940000000 3.5151211891
2.9950000000 3.5158291512
2.9960000000 3.5165373650
2.9970000000 3.5172458305
2.9980000000 3.5179545403
2.9990000000 3.5186635094
3.0000000000 3.5193727226
3.0010000000 3.5200821800
3.0020000000 3.5207918892
3.0030000000 3.5215018501
3.0040000000 3.5222120476
3.0050000000 3.5229225044
3.0060000000 3.5236331978
3.0070000000 3.5243441429
3.0080000000 3.5250553398
3.0090000000 3.5257667732
3.0100000000 3.5264784508
3.0110000000 3.5271903801
3.0120000000 3.5279025536
3.0130000000 3.5286149635
3.0140000000 3.5293276253
3.0150000000 3.5300405312
3.0160000000 3.5307536736
3.0170000000 3.5314670601
3.0180000000 3.5321806908
3.0190000000 3.5328945656
3.0200000000 3.5336086769
3.0210000000 3.5343230324
3.0220000000 3.5350376320
3.0230000000 3.5357524681
3.0240000000 3.5364675407
3.0250000000 3.5371828575
3.0260000000 3.5378984184
3.0270000000 3.5386142159
3.0280000000 3.5393302498
3.0290000000 3.5400465202
3.0300000000 3.5407630272
3.0310000000 3.5414797783
3.0320000000 3.5421967659
3.0330000000 3.5429139900
3.0340000000 3.5436314430
3.0350000000 3.5443491402
3.0360000000 3.5450670738
3.0370000000 3.5457852440
3.0380000000 3.5465036430
3.0390000000 3.5472222862
3.0400000000 3.5479411583
3.0410000000 3.5486602592
3.0420000000 3.5493796043
3.0430000000 3.5500991783
3.0440000000 3.5508189888
3.0450000000 3.5515390282
3.0460000000 3.5522592964
3.0470000000 3.5529798088
3.0480000000 3.5537005424
3.0490000000 3.5544215126
3.0500000000 3.5551427116
3.0510000000 3.5558641472
3.0520000000 3.5565858040
3.0530000000 3.5573076973
3.0540000000 3.5580298195
3.0550000000 3.5587521706
3.0560000000 3.5594747581
3.0570000000 3.5601975670
3.0580000000 3.5609206047
3.0590000000 3.5616438713
3.0600000000 3.5623673668
3.0610000000 3.5630910912
3.0620000000 3.5638150444
3.0630000000 3.5645392189
3.0640000000 3.5652636223
3.0650000000 3.5659882545
3.0660000000 3.5667131157
3.0670000000 3.5674381981
3.0680000000 3.5681635017
3.0690000000 3.5688890419
3.0700000000 3.5696147957
3.0710000000 3.5703407784
3.0720000000 3.5710669899
3.0730000000 3.5717934227
3.0740000000 3.5725200768
3.0750000000 3.5732469521
3.0760000000 3.5739740562
3.0770000000 3.5747013741
3.0780000000 3.5754289207
3.0790000000 3.5761566887
3.0800000000 3.5768846855
3.0810000000 3.5776128960
3.0820000000 3.5783413277
3.0830000000 3.5790699806
3.0840000000 3.5797988548
3.0850000000 3.5805279503
3.0860000000 3.5812572670
3.0870000000 3.5819867973
3.0880000000 3.5827165489
3.0890000000 3.5834465218
3.0900000000 3.5841767159
3.0910000000 3.5849071236
3.0920000000 3.5856377525
3.0930000000 3.5863686028
3.0940000000 3.5870996666
3.0950000000 3.5878309441
3.0960000000 3.5885624428
3.0970000000 3.5892941551
3.0980000000 3.5900260887
3.0990000000 3.5907582359
3.1000000000 3.5914905968
3.1010000000 3.5922231789
3.1020000000 3.5929559746
3.1030000000 3.5936889763
3.1040000000 3.5944222069
3.1050000000 3.5951556435
3.1060000000 3.5958892937
3.1070000000 3.5966231575
3.1080000000 3.5973572350
3.1090000000 3.5980915337
3.1100000000 3.5988260384
3.1110000000 3.5995607567
3.1120000000 3.6002956886
3.1130000000 3.6010308266
3.1140000000 3.6017661858
3.1150000000 3.6025017509
3.1160000000 3.6032375298
3.1170000000 3.6039735146
3.1180000000 3.6047097130
3.1190000000 3.6054461250
3.1200000000 3.6061827431
3.1210000000 3.6069195747
3.1220000000 3.6076566124
3.1230000000 3.6083938637
3.1240000000 3.6091313210
3.1250000000 3.6098689919
3.1260000000 3.6106068687
3.1270000000 3.6113449516
3.1280000000 3.6120832405
3.1290000000 3.6128217430
3.1300000000 3.6135604439
3.1310000000 3.6142993584
3.1320000000 3.6150384865
3.1330000000 3.6157778130
3.1340000000 3.6165173454
3.1350000000 3.6172570839
3.1360000000 3.6179970284
3.1370000000 3.6187371864
3.1380000000 3.6194775429
3.1390000000 3.6202181053
3.1400000000 3.6209588737
3.1410000000 3.6216998405
3.1420000000 3.6224410210
3.1430000000 3.6231823997
3.1440000000 3.6239239845
3.1450000000 3.6246657677
3.1460000000 3.6254077568
3.1470000000 3.6261499519
3.1480000000 3.6268923531
3.1490000000 3.6276349525
3.1500000000 3.6283777504
3.1510000000 3.6291207542
3.1520000000 3.6298639565
3.1530000000 3.6306073647
3.1540000000 3.6313509712
3.1550000000 3.6320947838
3.1560000000 3.6328387871
3.1570000000 3.6335829964
3.1580000000 3.6343274117
3.1590000000 3.6350720177
3.1600000000 3.6358168297
3.1610000000 3.6365618401
3.1620000000 3.6373070488
3.1630000000 3.6380524559
3.1640000000 3.6387980614
3.1650000000 3.6395438652
3.1660000000 3.6402898674
3.1670000000 3.6410360680
3.1680000000 3.6417824669
3.1690000000 3.6425290642
3.1700000000 3.6432758522
3.1710000000 3.6440228462
3.1720000000 3.6447700310
3.1730000000 3.6455174141
3.1740000000 3.6462649956
3.1750000000 3.6470127678
3.1760000000 3.6477607384
3.1770000000 3.6485089073
3.1780000000 3.6492572670
3.1790000000 3.6500058250
3.1800000000 3.6507545815
3.1810000000 3.6515035286
3.1820000000 3.6522526665
3.1830000000 3.6530020027
3.1840000000 3.6537515297
3.1850000000 3.6545012550
3.1860000000 3.6552511711
3.1870000000 3.6560012779
3.1880000000 3.6567515831
3.1890000000 3.6575020790
3.1900000000 3.6582527657
3.1910000000 3.6590036430
3.1920000000 3.6597547188
3.1930000000 3.6605059776
3.1940000000 3.6612574348
3.1950000000 3.6620090828
3.1960000000 3.6627609215
3.1970000000 3.6635129433
3.1980000000 3.6642651634
3.1990000000 3.6650175743
3.2000000000 3.6657701759
3.2010000000 3.6665229607
3.2020000000 3.6672759438
3.2030000000 3.6680291100
3.2040000000 3.6687824669
3.2050000000 3.6695360146
3.2060000000 3.6702897530
3.2070000000 3.6710436745
3.2080000000 3.6717977867
3.2090000000 3.6725520897
3.2100000000 3.6733065834
3.2110000000 3.6740612602
3.2120000000 3.6748161201
3.2130000000 3.6755711708
3.2140000000 3.6763264122
3.2150000000 3.6770818367
3.2160000000 3.6778374443
3.2170000000 3.6785932426
3.2180000000 3.6793492317
3.2190000000 3.6801053963
3.2200000000 3.6808617592
3.2210000000 3.6816182976
3.2220000000 3.6823750267
3.2230000000 3.6831319389
3.2240000000 3.6838890343
3.2250000000 3.6846463127
3.2260000000 3.6854037819
3.2270000000 3.6861614265
3.2280000000 3.6869192619
3.2290000000 3.6876772804
3.2300000000 3.6884354820
3.2310000000 3.6891938667
3.2320000000 3.6899524345
3.2330000000 3.6907111855
3.2340000000 3.6914701195
3.2350000000 3.6922292366
3.2360000000 3.6929885368
3.2370000000 3.6937480125
3.2380000000 3.6945076790
3.2390000000 3.6952675209
3.2400000000 3.6960275459
3.2410000000 3.6967877541
3.2420000000 3.6975481377
3.2430000000 3.6983087044
3.2440000000 3.6990694542
3.2450000000 3.6998303871
3.2460000000 3.7005914955
3.2470000000 3.7013527870
3.2480000000 3.7021142540
3.2490000000 3.7028759041
3.2500000000 3.7036377296
3.2510000000 3.7043997383
3.2520000000 3.7051619301
3.2530000000 3.7059242973
3.2540000000 3.7066868401
3.2550000000 3.7074495583
3.2560000000 3.7082124596
3.2570000000 3.7089755363
3.2580000000 3.7097387962
3.2590000000 3.7105022316
3.2600000000 3.7112658424
3.2610000000 3.7120296288
3.2620000000 3.7127935982
3.2630000000 3.7135577354
3.2640000000 3.7143220558
3.2650000000 3.7150865517
3.2660000000 3.7158512230
3.2670000000 3.7166160698
3.2680000000 3.7173810921
3.2690000000 3.7181462975
3.2700000000 3.7189116707
3.2710000000 3.7196772194
3.2720000000 3.7204429436
3.2730000000 3.7212088432
3.2740000000 3.7219749184
3.2750000000 3.7227411613
3.2760000000 3.7235075874
3.2770000000 3.7242741814
3.2780000000 3.7250409508
3.2790000000 3.7258078957
3.2800000000 3.7265750160
3.2810000000 3.7273423042
3.2820000000 3.7281097679
3.2830000000 3.7288774071
3.2840000000 3.7296452141
3.2850000000 3.7304131966
3.2860000000 3.7311813545
3.2870000000 3.7319496803
3.2880000000 3.7327181816
3.2890000000 3.7334868507
3.2900000000 3.7342556877
3.2910000000 3.7350247002
3.2920000000 3.7357938881
3.2930000000 3.7365632439
3.2940000000 3.7373327675
3.2950000000 3.7381024666
3.2960000000 3.7388723335
3.2970000000 3.7396423683
3.2980000000 3.7404125786
3.2990000000 3.7411829567
3.3000000000 3.7419535027
3.3010000000 3.7427242165
3.3020000000 3.7434951057
3.3030000000 3.7442661629
3.3040000000 3.7450373878
3.3050000000 3.7458087807
3.3060000000 3.7465803413
3.3070000000 3.7473520699
3.3080000000 3.7481239662
3.3090000000 3.7488960304
3.3100000000 3.7496682701
3.3110000000 3.7504406700
3.3120000000 3.7512132378
3.3130000000 3.7519859734
3.3140000000 3.7527588768
3.3150000000 3.7535319481
3.3160000000 3.7543051872
3.3170000000 3.7550785942
3.3180000000 3.7558521614
3.3190000000 3.7566258965
3.3200000000 3.7573997993
3.3210000000 3.7581738701
3.3220000000 3.7589481087
3.3230000000 3.7597225075
3.3240000000 3.7604970741
3.3250000000 3.7612718010
3.3260000000 3.7620466957
3.3270000000 3.7628217583
3.3280000000 3.7635969810
3.3290000000 3.7643723717
3.3300000000 3.7651479301
3.3310000000 3.7659236488
3.3320000000 3.7666995277
3.3330000000 3.7674755745
3.3340000000 3.7682517815
3.3350000000 3.7690281563
3.3360000000 3.7698046913
3.3370000000 3.7705813942
3.3380000000 3.7713582573
3.3390000000 3.7721352806
3.3400000000 3.7729124718
3.3410000000 3.7736898155
3.3420000000 3.7744673347
3.3430000000 3.7752450066
3.3440000000 3.7760228462
3.3450000000 3.7768008385
3.3460000000 3.7775789986
3.3470000000 3.7783573189
3.3480000000 3.7791358070
3.3490000000 3.7799144478
3.3500000000 3.7806932564
3.3510000000 3.7814722176
3.3520000000 3.7822513466
3.3530000000 3.7830306282
3.3540000000 3.7838100777
3.3550000000 3.7845896873
3.3560000000 3.7853694496
3.3570000000 3.7861493797
3.3580000000 3.7869294624
3.3590000000 3.7877097054
3.3600000000 3.7884901161
3.3610000000 3.7892706795
3.3620000000 3.7900513954
3.3630000000 3.7908322792
3.3640000000 3.7916133232
3.3650000000 3.7923945198
3.3660000000 3.7931758766
3.3670000000 3.7939573860
3.3680000000 3.7947390633
3.3690000000 3.7955208931
3.3700000000 3.7963028831
3.3710000000 3.7970850258
3.3720000000 3.7978673286
3.3730000000 3.7986497917
3.3740000000 3.7994324074
3.3750000000 3.8002151756
3.3760000000 3.8009981117
3.3770000000 3.8017811928
3.3780000000 3.8025644417
3.3790000000 3.8033478355
3.3800000000 3.8041313972
3.3810000000 3.8049151039
3.3820000000 3.8056989708
3.3830000000 3.8064829979
3.3840000000 3.8072671700
3.3850000000 3.8080515022
3.3860000000 3.8088359947
3.3870000000 3.8096206322
3.3880000000 3.8104054298
3.3890000000 3.8111903877
3.3900000000 3.8119754906
3.3910000000 3.8127607536
3.3920000000 3.8135461693
3.3930000000 3.8143317375
3.3940000000 3.8151174583
3.3950000000 3.8159033394
3.3960000000 3.8166893654
3.3970000000 3.8174755516
3.3980000000 3.8182618904
3.3990000000 3.8190483742
3.4000000000 3.8198350182
3.4010000000 3.8206218147
3.4020000000 3.8214087639
3.4030000000 3.8221958656
3.4040000000 3.8229831123
3.4050000000 3.8237705193
3.4060000000 3.8245580788
3.4070000000 3.8253457832
3.4080000000 3.8261336479
3.4090000000 3.8269216576
3.4100000000 3.8277098198
3.4110000000 3.8284981346
3.4120000000 3.8292866020
3.4130000000 3.8300752144
3.4140000000 3.8308639870
3.4150000000 3.8316529045
3.4160000000 3.8324419670
3.4170000000 3.8332311897
3.4180000000 3.8340205574
3.4190000000 3.8348100777
3.4200000000 3.8355997429
3.4210000000 3.8363895607
3.4220000000 3.8371795311
3.4230000000 3.8379696465
3.4240000000 3.8387599144
3.4250000000 3.8395503273
3.4260000000 3.8403408928
3.4270000000 3.8411316032
3.4280000000 3.8419224663
3.4290000000 3.8427134819
3.4300000000 3.8435046349
3.4310000000 3.8442959480
3.4320000000 3.8450873985
3.4330000000 3.8458790016
3.4340000000 3.8466707573
3.4350000000 3.8474626503
3.4360000000 3.8482547035
3.4370000000 3.8490468941
3.4380000000 3.8498392372
3.4390000000 3.8506317253
3.4400000000 3.8514243584
3.4410000000 3.8522171364
3.4420000000 3.8530100670
3.4430000000 3.8538031425
3.4440000000 3.8545963631
3.4450000000 3.8553897285
3.4460000000 3.8561832466
3.4470000000 3.8569769020
3.4480000000 3.8577707100
3.4490000000 3.8585646629
3.4500000000 3.8593587608
3.4510000000 3.8601530037
3.4520000000 3.8609473839
3.4530000000 3.8617419167
3.4540000000 3.8625365944
3.4550000000 3.8633314171
3.4560000000 3.8641263847
3.4570000000 3.8649214973
3.4580000000 3.8657167549
3.4590000000 3.8665121498
3.4600000000 3.8673076973
3.4610000000 3.8681033821
3.4620000000 3.8688992195
3.4630000000 3.8696951942
3.4640000000 3.8704913139
3.4650000000 3.8712875710
3.4660000000 3.8720839806
3.4670000000 3.8728805275
3.4680000000 3.8736772194
3.4690000000 3.8744740562
3.4700000000 3.8752710304
3.4710000000 3.8760681496
3.4720000000 3.8768654137
3.4730000000 3.8776628227
3.4740000000 3.8784603691
3.4750000000 3.8792580605
3.4760000000 3.8800558891
3.4770000000 3.8808538628
3.4780000000 3.8816519737
3.4790000000 3.8824502296
3.4800000000 3.8832486305
3.4810000000 3.8840471687
3.4820000000 3.8848458443
3.4830000000 3.8856446648
3.4840000000 3.8864436302
3.4850000000 3.8872427330
3.4860000000 3.8880419731
3.4870000000 3.8888413582
3.4880000000 3.8896408806
3.4890000000 3.8904405479
3.4900000000 3.8912403526
3.4910000000 3.8920402946
3.4920000000 3.8928403740
3.4930000000 3.8936405983
3.4940000000 3.8944409599
3.4950000000 3.8952414665
3.4960000000 3.8960421028
3.4970000000 3.8968428841
3.4980000000 3.8976438026
3.4990000000 3.8984448662
3.5000000000 3.8992460594
3.5010000000 3.9000473976
3.5020000000 3.9008488731
3.5030000000 3.9016504860
3.5040000000 3.9024522362
3.5050000000 3.9032541237
3.5060000000 3.9040561485
3.5070000000 3.9048583107
3.5080000000 3.9056606178
3.5090000000 3.9064630547
3.5100000000 3.9072656288
3.5110000000 3.9080683479
3.5120000000 3.9088711967
3.5130000000 3.9096741829
3.5140000000 3.9104773140
3.5150000000 3.9112805748
3.5160000000 3.9120839729
3.5170000000 3.9128875084
3.5180000000 3.9136911812
3.5190000000 3.9144949837
3.5200000000 3.9152989311
3.5210000000 3.9161030083
3.5220000000 3.9169072227
3.5230000000 3.9177115746
3.5240000000 3.9185160637
3.5250000000 3.9193206902
3.5260000000 3.9201254463
3.5270000000 3.9209303398
3.5280000000 3.9217353706
3.5290000000 3.9225405312
3.5300000000 3.9233458290
3.5310000000 3.9241512642
3.5320000000 3.9249568291
3.5330000000 3.9257625313
3.5340000000 3.9265683708
3.5350000000 3.9273743401
3.5360000000 3.9281804466
3.5370000000 3.9289866829
3.5380000000 3.9297930565
3.5390000000 3.9305995674
3.5400000000 3.9314062080
3.5410000000 3.9322129784
3.5420000000 3.9330198860
3.5430000000 3.9338269310
3.5440000000 3.9346340981
3.5450000000 3.9354414101
3.5460000000 3.9362488441
3.5470000000 3.9370564156
3.5480000000 3.9378641243
3.5490000000 3.9386719627
3.5500000000 3.9394799309
3.5510000000 3.9402880363
3.5520000000 3.9410962715
3.5530000000 3.9419046364
3.5540000000 3.9427131310
3.5550000000 3.9435217628
3.5560000000 3.9443305244
3.5570000000 3.9451394157
3.5580000000 3.9459484444
3.5590000000 3.9467575951
3.5600000000 3.9475668831
3.5610000000 3.9483763008
3.5620000000 3.9491858559
3.5630000000 3.9499955330
3.5640000000 3.9508053474
3.5650000000 3.9516152840
3.5660000000 3.9524253578
3.5670000000 3.9532355614
3.5680000000 3.9540458946
3.5690000000 3.9548563576
3.5700000000 3.9556669502
3.5710000000 3.9564776726
3.5720000000 3.9572885246
3.5730000000 3.9580995064
3.5740000000 3.9589106178
3.5750000000 3.9597218590
3.5760000000 3.9605332298
3.5770000000 3.9613447227
3.5780000000 3.9621563530
3.5790000000 3.9629681129
3.5800000000 3.9637799950
3.5810000000 3.9645920143
3.5820000000 3.9654041557
3.5830000000 3.9662164268
3.5840000000 3.9670288277
3.5850000000 3.9678413582
3.5860000000 3.9686540108
3.5870000000 3.9694668007
3.5880000000 3.9702797127
3.5890000000 3.9710927467
3.5900000000 3.9719059181
3.5910000000 3.9727192116
3.5920000000 3.9735326347
3.5930000000 3.9743461876
3.5940000000 3.9751598625
3.5950000000 3.9759736671
3.5960000000 3.9767876015
3.5970000000 3.9776016579
3.5980000000 3.9784158440
3.5990000000 3.9792301521
3.6000000000 3.9800445900
3.6010000000 3.9808591576
3.6020000000 3.9816738472
3.6030000000 3.9824886665
3.6040000000 3.9833036079
3.6050000000 3.9841186790
3.6060000000 3.9849338722
3.6070000000 3.9857491951
3.6080000000 3.9865646400
3.6090000000 3.9873802147
3.6100000000 3.9881959114
3.6110000000 3.9890117302
3.6120000000 3.9898276787
3.6130000000 3.9906437492
3.6140000000 3.9914599495
3.6150000000 3.9922762718
3.6160000000 3.9930927162
3.6170000000 3.9939092903
3.6180000000 3.9947259865
3.6190000000 3.9955428047
3.6200000000 3.9963597527
3.6210000000 3.9971768227
3.6220000000 3.9979940147
3.6230000000 3.9988113289
3.6240000000 3.9996287727
3.6250000000 4.0004463387
3.6260000000 4.0012640266
3.6270000000 4.0020818367
3.6280000000 4.0028997688
3.6290000000 4.0037178307
3.6300000000 4.0045360146
3.6310000000 4.0053543129
3.6320000000 4.0061727409
3.6330000000 4.0069912910
3.6340000000 4.0078099709
3.6350000000 4.0086287651
3.6360000000 4.0094476814
3.6370000000 4.0102667198
3.6380000000 4.0110858879
3.6390000000 4.0119051704
3.6400000000 4.0127245750
3.6410000000 4.0135441093
3.6420000000 4.0143637581
3.6430000000 4.0151835289
3.6440000000 4.0160034218
3.6450000000 4.0168234444
3.6460000000 4.0176435814
3.6470000000 4.0184638405
3.6480000000 4.0192842140
3.6490000000 4.0201047173
3.6500000000 4.0209253426
3.6510000000 4.0217460823
3.6520000000 4.0225669441
3.6530000000 4.0233879280
3.6540000000 4.0242090340
3.6550000000 4.0250302620
3.6560000000 4.0258516045
3.6570000000 4.0266730766
3.6580000000 4.0274946632
3.6590000000 4.0283163643
3.6600000000 4.0291381950
3.6610000000 4.0299601402
3.6620000000 4.0307822075
3.6630000000 4.0316043892
3.6640000000 4.0324266930
3.6650000000 4.0332491188
3.6660000000 4.0340716667
3.6670000000 4.0348943291
3.6680000000 4.0357171059
3.6690000000 4.0365400124
3.6700000000 4.0373630257
3.6710000000 4.0381861687
3.6720000000 4.0390094261
3.6730000000 4.0398327980
3.6740000000 4.0406562996
3.6750000000 4.0414799080
3.6760000000 4.0423036385
3.6770000000 4.0431274910
3.6780000000 4.0439514580
3.6790000000 4.0447755394
3.6800000000 4.0455997429
3.6810000000 4.0464240685
3.6820000000 4.0472485085
3.6830000000 4.0480730629
3.6840000000 4.0488977318
3.6850000000 4.0497225227
3.6860000000 4.0505474358
3.6870000000 4.0513724632
3.6880000000 4.0521976051
3.6890000000 4.0530228615
3.6900000000 4.0538482399
3.6910000000 4.0546737328
3.6920000000 4.0554993401
3.6930000000 4.0563250694
3.6940000000 4.0571509056
3.6950000000 4.0579768715
3.6960000000 4.0588029442
3.6970000000 4.0596291313
3.6980000000 4.0604554405
3.6990000000 4.0612818642
3.7000000000 4.0621084023
3.7010000000 4.0629350624
3.7020000000 4.0637618294
3.7030000000 4.0645887184
3.7040000000 4.0654157143
3.7050000000 4.0662428322
3.7060000000 4.0670700645
3.7070000000 4.0678974113
3.7080000000 4.0687248726
3.7090000000 4.0695524559
3.7100000000 4.0703801460
3.7110000000 4.0712079506
3.7120000000 4.0720358696
3.7130000000 4.0728639107
3.7140000000 4.0736920586
3.7150000000 4.0745203209
3.7160000000 4.0753487053
3.7170000000 4.0761771965
3.7180000000 4.0770058022
3.7190000000 4.0778345222
3.7200000000 4.0786633568
3.7210000000 4.0794923058
3.7220000000 4.0803213692
3.7230000000 4.0811505470
3.7240000000 4.0819798317
3.7250000000 4.0828092384
3.7260000000 4.0836387520
3.7270000000 4.0844683800
3.7280000000 4.0852981224
3.7290000000 4.0861279793
3.7300000000 4.0869579430
3.7310000000 4.0877880287
3.7320000000 4.0886182213
3.7330000000 4.0894485283
3.7340000000 4.0902789421
3.7350000000 4.0911094780
3.7360000000 4.0919401207
3.7370000000 4.0927708778
3.7380000000 4.0936017418
3.7390000000 4.0944327202
3.7400000000 4.0952638130
3.7410000000 4.0960950127
3.7420000000 4.0969263344
3.7430000000 4.0977577553
3.7440000000 4.0985892982
3.7450000000 4.0994209480
3.7460000000 4.1002527046
3.7470000000 4.1010845757
3.7480000000 4.1019165611
3.7490000000 4.1027486534
3.7500000000 4.1035808601
3.7510000000 4.1044131737
3.7520000000 4.1052456017
3.7530000000 4.1060781441
3.7540000000 4.1069107857
3.7550000000 4.1077435493
3.7560000000 4.1085764198
3.7570000000 4.1094093971
3.7580000000 4.1102424889
3.7590000000 4.1110756874
3.7600000000 4.1119089928
3.7610000000 4.1127424126
3.7620000000 4.1135759468
3.7630000000 4.1144095802
3.7640000000 4.1152433357
3.7650000000 4.1160771904
3.7660000000 4.1169111595
3.7670000000 4.1177452354
3.7680000000 4.1185794182
3.7690000000 4.1194137154
3.7700000000 4.1202481194
3.7710000000 4.1210826378
3.7720000000 4.1219172554
3.7730000000 4.1227519875
3.7740000000 4.1235868263
3.7750000000 4.1244217796
3.7760000000 4.1252568321
3.7770000000 4.1260919991
3.7780000000 4.1269272728
3.7790000000 4.1277626610
3.7800000000 4.1285981483
3.7810000000 4.1294337502
3.7820000000 4.1302694511
3.7830000000 4.1311052666
3.7840000000 4.1319411888
3.7850000000 4.1327772179
3.7860000000 4.1336133537
3.7870000000 4.1344496040
3.7880000000 4.1352859535
3.7890000000 4.1361224174
3.7900000000 4.1369589806
3.7910000000 4.1377956581
3.7920000000 4.1386324348
3.7930000000 4.1394693260
3.7940000000 4.1403063240
3.7950000000 4.1411434212
3.7960000000 4.1419806328
3.7970000000 4.1428179512
3.7980000000 4.1436553688
3.7990000000 4.1444929008
3.8000000000 4.1453305321
3.8010000000 4.1461682701
3.8020000000 4.1470061226
3.8030000000 4.1478440742
3.8040000000 4.1486821327
3.8050000000 4.1495202980
3.8060000000 4.1503585701
3.8070000000 4.1511969490
3.8080000000 4.1520354271
3.8090000000 4.1528740196
3.8100000000 4.1537127113
3.8110000000 4.1545515099
3.8120000000 4.1553904152
3.8130000000 4.1562294197
3.8140000000 4.1570685387
3.8150000000 4.1579077568
3.8160000000 4.1587470818
3.8170000000 4.1595865059
3.8180000000 4.1604260445
3.8190000000 4.1612656822
3.8200000000 4.1621054268
3.8210000000 4.1629452705
3.8220000000 4.1637852287
3.8230000000 4.1646252785
3.8240000000 4.1654654427
3.8250000000 4.1663057060
3.8260000000 4.1671460762
3.8270000000 4.1679865456
3.8280000000 4.1688271294
3.8290000000 4.1696678047
3.8300000000 4.1705085869
3.8310000000 4.1713494759
3.8320000000 4.1721904716
3.8330000000 4.1730315666
3.8340000000 4.1738727608
3.8350000000 4.1747140617
3.8360000000 4.1755554695
3.8370000000 4.1763969765
3.8380000000 4.1772385902
3.8390000000 4.1780803032
3.8400000000 4.1789221153
3.8410000000 4.1797640419
3.8420000000 4.1806060600
3.8430000000 4.1814481850
3.8440000000 4.1822904091
3.8450000000 4.1831327400
3.8460000000 4.1839751778
3.8470000000 4.1848177071
3.8480000000 4.1856603432
3.8490000000 4.1865030861
3.8500000000 4.1873459206
3.8510000000 4.1881888695
3.8520000000 4.1890319099
3.8530000000 4.1898750572
3.8540000000 4.1907183037
3.8550000000 4.1915616570
3.8560000000 4.1924051018
3.8570000000 4.1932486534
3.8580000000 4.1940923119
3.8590000000 4.1949360619
3.8600000000 4.1957799187
3.8610000000 4.1966238747
3.8620000000 4.1974679375
3.8630000000 4.1983120918
3.8640000000 4.1991563530
3.8650000000 4.2000007133
3.8660000000 4.2008451729
3.8670000000 4.2016897392
3.8680000000 4.2025343971
3.8690000000 4.2033791618
3.8700000000 4.2042240257
3.8710000000 4.2050689888
3.8720000000 4.2059140511
3.8730000000 4.2067592125
3.8740000000 4.2076044807
3.8750000000 4.2084498405
3.8760000000 4.2092953072
3.8770000000 4.2101408653
3.8780000000 4.2109865303
3.8790000000 4.2118322945
3.8800000000 4.2126781578
3.8810000000 4.2135241127
3.8820000000 4.2143701744
3.8830000000 4.2152163353
3.8840000000 4.2160625954
3.8850000000 4.2169089546
3.8860000000 4.2177554131
3.8870000000 4.2186019630
3.8880000000 4.2194486198
3.8890000000 4.2202953758
3.8900000000 4.2211422234
3.8910000000 4.2219891777
3.8920000000 4.2228362236
3.8930000000 4.2236833763
3.8940000000 4.2245306206
3.8950000000 4.2253779640
3.8960000000 4.2262254066
3.8970000000 4.2270729485
3.8980000000 4.2279205818
3.8990000000 4.2287683220
3.9000000000 4.2296161537
3.9010000000 4.2304640923
3.9020000000 4.2313121223
3.9030000000 4.2321602440
3.9040000000 4.2330084724
3.9050000000 4.2338567924
3.9060000000 4.2347052116
3.9070000000 4.2355537300
3.9080000000 4.2364023476
3.9090000000 4.2372510567
3.9100000000 4.2380998650
3.9110000000 4.2389487724
3.9120000000 4.2397977791
3.9130000000 4.2406468773
3.9140000000 4.2414960747
3.9150000000 4.2423453636
3.9160000000 4.2431947517
3.9170000000 4.2440442390
3.9180000000 4.2448938255
3.9190000000 4.2457435036
3.9200000000 4.2465932808
3.9210000000 4.2474431496
3.9220000000 4.2482931175
3.9230000000 4.2491431770
3.9240000000 4.2499933434
3.9250000000 4.2508435936
3.9260000000 4.2516939430
3.9270000000 4.2525443916
3.9280000000 4.2533949394
3.9290000000 4.2542455711
3.9300000000 4.2550963097
3.9310000000 4.2559471397
3.9320000000 4.2567980614
3.9330000000 4.2576490822
3.9340000000 4.2585001945
3.9350000000 4.2593514061
3.9360000000 4.2602027092
3.9370000000 4.2610541115
3.9380000000 4.2619056053
3.9390000000 4.2627571983
3.9400000000 4.2636088829
3.9410000000 4.2644606590
3.9420000000 4.2653125343
3.9430000000 4.2661645012
3.9440000000 4.2670165672
3.9450000000 4.2678687248
3.9460000000 4.2687209740
3.9470000000 4.2695733223
3.9480000000 4.2704257545
3.9490000000 4.2712782936
3.9500000000 4.2721309166
3.9510000000 4.2729836388
3.9520000000 4.2738364525
3.9530000000 4.2746893654
3.9540000000 4.2755423698
3.9550000000 4.2763954659
3.9560000000 4.2772486534
3.9570000000 4.2781019325
3.9580000000 4.2789553108
3.9590000000 4.2798087807
3.9600000000 4.2806623421
3.9610000000 4.2815160027
3.9620000000 4.2823697472
3.9630000000 4.2832235909
3.9640000000 4.2840775261
3.9650000000 4.2849315529
3.9660000000 4.2857856789
3.9670000000 4.2866398888
3.9680000000 4.2874941978
3.9690000000 4.2883485909
3.9700000000 4.2892030830
3.9710000000 4.2900576668
3.9720000000 4.2909123421
3.9730000000 4.2917671089
3.9740000000 4.2926219673
3.9750000000 4.2934769173
3.9760000000 4.2943319664
3.9770000000 4.2951870995
3.9780000000 4.2960423317
3.9790000000 4.2968976479
3.9800000000 4.2977530556
3.9810000000 4.2986085625
3.9820000000 4.2994641533
3.9830000000 4.3003198433
3.9840000000 4.3011756172
3.9850000000 4.3020314903
3.9860000000 4.3028874474
3.9870000000 4.3037434959
3.9880000000 4.3045996361
3.9890000000 4.3054558754
3.9900000000 4.3063121986
3.9910000000 4.3071686134
3.9920000000 4.3080251198
3.9930000000 4.3088817101
3.9940000000 4.3097383995
3.9950000000 4.3105951805
3.9960000000 4.3114520454
3.9970000000 4.3123090019
3.9980000000 4.3131660576
3.9990000000 4.3140231972
4.0000000000 4.3148804207
4.0010000000 4.3157377434
4.0020000000 4.3165951500
4.0030000000 4.3174526558
4.0040000000 4.3183102455
4.0050000000 4.3191679192
4.0060000000 4.3200256920
4.0070000000 4.3208835487
4.0080000000 4.3217414970
4.0090000000 4.3225995369
4.0100000000 4.3234576683
4.0110000000 4.3243158836
4.0120000000 4.3251741905
4.0130000000 4.3260325890
4.0140000000 4.3268910713
4.0150000000 4.3277496452
4.0160000000 4.3286083107
4.0170000000 4.3294670601
4.0180000000 4.3303259010
4.0190000000 4.3311848335
4.0200000000 4.3320438499
4.0210000000 4.3329029579
4.0220000000 4.3337621574
4.0230000000 4.3346214409
4.0240000000 4.3354808159
4.0250000000 4.3363402748
4.0260000000 4.3371998253
4.0270000000 4.3380594673
4.0280000000 4.3389191933
4.0290000000 4.3397790108
4.0300000000 4.3406389122
4.0310000000 4.3414989052
4.0320000000 4.3423589821
4.0330000000 4.3432191505
4.0340000000 4.3440794029
4.0350000000 4.3449397469
4.0360000000 4.3458001747
4.0370000000 4.3466606941
4.0380000000 4.3475212975
4.0390000000 4.3483819923
4.0400000000 4.3492427711
4.0410000000 4.3501036415
4.0420000000 4.3509645958
4.0430000000 4.3518256340
4.0440000000 4.3526867638
4.0450000000 4.3535479851
4.0460000000 4.3544092827
4.0470000000 4.3552706718
4.0480000000 4.3561321526
4.0490000000 4.3569937172
4.0500000000 4.3578553658
4.0510000000 4.3587171059
4.0520000000 4.3595789223
4.0530000000 4.3604408379
4.0540000000 4.3613028297
4.0550000000 4.3621649132
4.0560000000 4.3630270805
4.0570000000 4.3638893394
4.0580000000 4.3647516823
4.0590000000 4.3656141090
4.0600000000 4.3664766197
4.0610000000 4.3673392220
4.0620000000 4.3682019081
4.0630000000 4.3690646782
4.0640000000 4.3699275322
4.0650000000 4.3707904778
4.0660000000 4.3716534996
4.0670000000 4.3725166130
4.0680000000 4.3733798180
4.0690000000 4.3742430992
4.0700000000 4.3751064644
4.0710000000 4.3759699211
4.0720000000 4.3768334618
4.0730000000 4.3776970863
4.0740000000 4.3785607948
4.0750000000 4.3794245949
4.0760000000 4.3802884712
4.0770000000 4.3811524391
4.0780000000 4.3820164909
4.0790000000 4.3828806190
4.0800000000 4.3837448387
4.0810000000 4.3846091423
4.0820000000 4.3854735298
4.0830000000 4.3863380089
4.0840000000 4.3872025642
4.0850000000 4.3880672035
4.0860000000 4.3889319267
4.0870000000 4.3897967415
4.0880000000 4.3906616325
4.0890000000 4.3915266075
4.0900000000 4.3923916740
4.0910000000 4.3932568169
4.0920000000 4.3941220512
4.0930000000 4.3949873619
4.0940000000 4.3958527565
4.0950000000 4.3967182350
4.0960000000 4.3975838051
4.0970000000 4.3984494514
4.0980000000 4.3993151817
4.0990000000 4.4001809959
4.1000000000 4.4010468941
4.1010000000 4.4019128761
4.1020000000 4.4027789421
4.1030000000 4.4036450844
4.1040000000 4.4045113182
4.1050000000 4.4053776283
4.1060000000 4.4062440300
4.1070000000 4.4071105080
4.1080000000 4.4079770699
4.1090000000 4.4088437157
4.1100000000 4.4097104454
4.1110000000 4.4105772514
4.1120000000 4.4114441414
4.1130000000 4.4123111229
4.1140000000 4.4131781807
4.1150000000 4.4140453148
4.1160000000 4.4149125404
4.1170000000 4.4157798424
4.1180000000 4.4166472282
4.1190000000 4.4175146980
4.1200000000 4.4183822517
4.1210000000 4.4192498817
4.1220000000 4.4201175957
4.1230000000 4.4209853935
4.1240000000 4.4218532677
4.1250000000 4.4227212257
4.1260000000 4.4235892677
4.1270000000 4.4244573936
4.1280000000 4.4253255959
4.1290000000 4.4261938820
4.1300000000 4.4270622520
4.1310000000 4.4279306984
4.1320000000 4.4287992287
4.1330000000 4.4296678429
4.1340000000 4.4305365334
4.1350000000 4.4314053078
4.1360000000 4.4322741585
4.1370000000 4.4331430931
4.1380000000 4.4340121117
4.1390000000 4.4348812065
4.1400000000 4.4357503853
4.1410000000 4.4366196404
4.1420000000 4.4374889793
4.1430000000 4.4383583946
4.1440000000 4.4392278938
4.1450000000 4.4400974770
4.1460000000 4.4409671364
4.1470000000 4.4418368797
4.1480000000 4.4427066994
4.1490000000 4.4435766029
4.1500000000 4.4444465828
4.1510000000 4.4453166389
4.1520000000 4.4461867867
4.1530000000 4.4470570030
4.1540000000 4.4479273033
4.1550000000 4.4487976875
4.1560000000 4.4496681480
4.1570000000 4.4505386848
4.1580000000 4.4514093056
4.1590000000 4.4522800026
4.1600000000 4.4531507835
4.1610000000 4.4540216408
4.1620000000 4.4548925819
4.1630000000 4.4557635994
4.1640000000 4.4566346931
4.1650000000 4.4575058708
4.1660000000 4.4583771248
4.1670000000 4.4592484550
4.1680000000 4.4601198692
4.1690000000 4.4609913597
4.1700000000 4.4618629265
4.1710000000 4.4627345772
4.1720000000 4.4636063042
4.1730000000 4.4644781151
4.1740000000 4.4653499947
4.1750000000 4.4662219582
4.1760000000 4.4670939980
4.1770000000 4.4679661217
4.1780000000 4.4688383217
4.1790000000 4.4697105980
4.1800000000 4.4705829506
4.1810000000 4.4714553871
4.1820000000 4.4723278999
4.1830000000 4.4732004890
4.1840000000 4.4740731544
4.1850000000 4.4749459038
4.1860000000 4.4758187218
4.1870000000 4.4766916237
4.1880000000 4.4775646019
4.1890000000 4.4784376640
4.1900000000 4.4793107948
4.1910000000 4.4801840096
4.1920000000 4.4810572929
4.1930000000 4.4819306602
4.1940000000 4.4828041115
4.1950000000 4.4836776314
4.1960000000 4.4845512276
4.1970000000 4.4854249077
4.1980000000 4.4862986565
4.1990000000 4.4871724892
4.2000000000 4.4880463982
4.2010000000 4.4889203835
4.2020000000 4.4897944450
4.2030000000 4.4906685829
4.2040000000 4.4915427971
4.2050000000 4.4924170876
4.2060000000 4.4932914543
4.2070000000 4.4941658974
4.2080000000 4.4950404243
4.2090000000 4.4959150200
4.2100000000 4.4967896919
4.2110000000 4.4976644478
4.2120000000 4.4985392723
4.2130000000 4.4994141731
4.2140000000 4.5002891579
4.2150000000 4.5011642113
4.2160000000 4.5020393410
4.2170000000 4.5029145470
4.2180000000 4.5037898369
4.2190000000 4.5046651955
4.2200000000 4.5055406303
4.2210000000 4.5064161415
4.2220000000 4.5072917290
4.2230000000 4.5081673927
4.2240000000 4.5090431328
4.2250000000 4.5099189415
4.2260000000 4.5107948341
4.2270000000 4.5116707954
4.2280000000 4.5125468407
4.2290000000 4.5134229546
4.2300000000 4.5142991447
4.2310000000 4.5151754112
4.2320000000 4.5160517540
4.2330000000 4.5169281654
4.2340000000 4.5178046608
4.2350000000 4.5186812248
4.2360000000 4.5195578651
4.2370000000 4.5204345818
4.2380000000 4.5213113747
4.2390000000 4.5221882439
4.2400000000 4.5230651817
4.2410000000 4.5239421959
4.2420000000 4.5248192863
4.2430000000 4.5256964531
4.2440000000 4.5265736885
4.2450000000 4.5274510002
4.2460000000 4.5283283882
4.2470000000 4.5292058525
4.2480000000 4.5300833855
4.2490000000 4.5309609947
4.2500000000 4.5318386803
4.2510000000 4.5327164421
4.2520000000 4.5335942726
4.2530000000 4.5344721794
4.2540000000 4.5353501549
4.2550000000 4.5362282143
4.2560000000 4.5371063347
4.2570000000 4.5379845390
4.2580000000 4.5388628120
4.2590000000 4.5397411613
4.2600000000 4.5406195869
4.2610000000 4.5414980812
4.2620000000 4.5423766518
4.2630000000 4.5432552910
4.2640000000 4.5441340065
4.2650000000 4.5450127983
4.2660000000 4.5458916588
4.2670000000 4.5467705956
4.2680000000 4.5476496010
4.2690000000 4.5485286827
4.2700000000 4.5494078407
4.2710000000 4.5502870674
4.2720000000 4.5511663704
4.2730000000 4.5520457420
4.2740000000 4.5529251823
4.2750000000 4.5538047066
4.2760000000 4.5546842918
4.2770000000 4.5555639610
4.2780000000 4.5564436989
4.2790000000 4.5573235054
4.2800000000 4.5582033882
4.2810000000 4.5590833397
4.2820000000 4.5599633675
4.2830000000 4.5608434639
4.2840000000 4.5617236366
4.2850000000 4.5626038780
4.2860000000 4.5634841881
4.2870000000 4.5643645744
4.2880000000 4.5652450371
4.2890000000 4.5661255684
4.2900000000 4.5670061684
4.2910000000 4.5678868446
4.2920000000 4.5687675896
4.2930000000 4.5696484108
4.2940000000 4.5705292931
4.2950000000 4.5714102592
4.2960000000 4.5722912865
4.2970000000 4.5731723976
4.2980000000 4.5740535698
4.2990000000 4.5749348183
4.3000000000 4.5758161354
4.3010000000 4.5766975212
4.3020000000 4.5775789833
4.3030000000 4.5784605141
4.3040000000 4.5793421211
4.3050000000 4.5802237892
4.3060000000 4.5811055412
4.3070000000 4.5819873543
4.3080000000 4.5828692436
4.3090000000 4.5837512016
4.3100000000 4.5846332283
4.3110000000 4.5855153236
4.3120000000 4.5863974953
4.3130000000 4.5872797356
4.3140000000 4.5881620445
4.3150000000 4.5890444298
4.3160000000 4.5899268837
4.3170000000 4.5908093987
4.3180000000 4.5916919975
4.3190000000 4.5925746574
4.3200000000 4.5934573936
4.3210000000 4.5943401985
4.3220000000 4.5952230721
4.3230000000 4.5961060143
4.3240000000 4.5969890251
4.3250000000 4.5978721123
4.3260000000 4.5987552605
4.3270000000 4.5996384850
4.3280000000 4.6005217781
4.3290000000 4.6014051399
4.3300000000 4.6022885780
4.3310000000 4.6031720772
4.3320000000 4.6040556526
4.3330000000 4.6049392891
4.3340000000 4.6058230019
4.3350000000 4.6067067833
4.3360000000 4.6075906334
4.3370000000 4.6084745522
4.3380000000 4.6093585396
4.3390000000 4.6102425957
4.3400000000 4.6111267281
4.3410000000 4.6120109215
4.3420000000 4.6128951836
4.3430000000 4.6137795219
4.3440000000 4.6146639214
4.3450000000 4.6155483971
4.3460000000 4.6164329338
4.3470000000 4.6173175468
4.3480000000 4.6182022285
4.3490000000 4.6190869713
4.3500000000 4.6199717903
4.3510000000 4.6208566704
4.3520000000 4.6217416267
4.3530000000 4.6226266518
4.3540000000 4.6235117378
4.3550000000 4.6243969002
4.3560000000 4.6252821236
4.3570000000 4.6261674156
4.3580000000 4.6270527840
4.3590000000 4.6279382133
4.3600000000 4.6288237114
4.3610000000 4.6297092781
4.3620000000 4.6305949211
4.3630000000 4.6314806252
4.3640000000 4.6323663902
4.3650000000 4.6332522316
4.3660000000 4.6341381416
4.3670000000 4.6350241127
4.3680000000 4.6359101601
4.3690000000 4.6367962685
4.3700000000 4.6376824455
4.3710000000 4.6385686913
4.3720000000 4.6394550056
4.3730000000 4.6403413887
4.3740000000 4.6412278404
4.3750000000 4.6421143532
4.3760000000 4.6430009346
4.3770000000 4.6438875847
4.3780000000 4.6447743034
4.3790000000 4.6456610909
4.3800000000 4.6465479393
4.3810000000 4.6474348564
4.3820000000 4.6483218422
4.3830000000 4.6492088966
4.3840000000 4.6500960197
4.3850000000 4.6509832039
4.3860000000 4.6518704567
4.3870000000 4.6527577782
4.3880000000 4.6536451683
4.3890000000 4.6545326195
4.3900000000 4.6554201393
4.3910000000 4.6563077278
4.3920000000 4.6571953773
4.3930000000 4.6580831032
4.3940000000 4.6589708900
4.3950000000 4.6598587379
4.3960000000 4.6607466621
4.3970000000 4.6616346474
4.3980000000 4.6625226936
4.3990000000 4.6634108162
4.4000000000 4.6642989998
4.4010000000 4.6651872444
4.4020000000 4.6660755653
4.4030000000 4.6669639473
4.4040000000 4.6678523903
4.4050000000 4.6687409096
4.4060000000 4.6696294823
4.4070000000 4.6705181313
4.4080000000 4.6714068413
4.4090000000 4.6722956200
4.4100000000 4.6731844597
4.4110000000 4.6740733681
4.4120000000 4.6749623451
4.4130000000 4.6758513832
4.4140000000 4.6767404823
4.4150000000 4.6776296577
4.4160000000 4.6785188866
4.4170000000 4.6794081917
4.4180000000 4.6802975578
4.4190000000 4.6811869850
4.4200000000 4.6820764809
4.4210000000 4.6829660454
4.4220000000 4.6838556709
4.4230000000 4.6847453575
4.4240000000 4.6856351204
4.4250000000 4.6865249367
4.4260000000 4.6874148216
4.4270000000 4.6883047752
4.4280000000 4.6891947899
4.4290000000 4.6900848732
4.4300000000 4.6909750175
4.4310000000 4.6918652229
4.4320000000 4.6927554970
4.4330000000 4.6936458321
4.4340000000 4.6945362358
4.4350000000 4.6954267082
4.4360000000 4.6963172340
4.4370000000 4.6972078362
4.4380000000 4.6980984917
4.4390000000 4.6989892159
4.4400000000 4.6998800087
4.4410000000 4.7007708549
4.4420000000 4.7016617775
4.4430000000 4.7025527534
4.4440000000 4.7034437981
4.4450000000 4.7043349113
4.4460000000 4.7052260780
4.4470000000 4.7061173210
4.4480000000 4.7070086174
4.4490000000 4.7078999825
4.4500000000 4.7087914085
4.4510000000 4.7096829033
4.4520000000 4.7105744591
4.4530000000 4.7114660759
4.4540000000 4.7123577538
4.4550000000 4.7132495003
4.4560000000 4.7141413078
4.4570000000 4.7150331841
4.4580000000 4.7159251213
4.4590000000 4.7168171196
4.4600000000 4.7177091789
4.4610000000 4.7186013069
4.4620000000 4.7194934959
4.4630000000 4.7203857460
4.4640000000 4.7212780571
4.4650000000 4.7221704369
4.4660000000 4.7230628777
4.4670000000 4.7239553795
4.4680000000 4.7248479424
4.4690000000 4.7257405739
4.4700000000 4.7266332664
4.4710000000 4.7275260200
4.4720000000 4.7284188347
4.4730000000 4.7293117180
4.4740000000 4.7302046623
4.4750000000 4.7310976601
4.4760000000 4.7319907341
4.4770000000 4.7328838615
4.4780000000 4.7337770500
4.4790000000 4.7346703072
4.4800000000 4.7355636253
4.4810000000 4.7364570045
4.4820000000 4.7373504448
4.4830000000 4.7382439461
4.4840000000 4.7391375160
4.4850000000 4.7400311394
4.4860000000 4.7409248314
4.4870000000 4.7418185844
4.4880000000 4.7427123909
4.4890000000 4.7436062660
4.4900000000 4.7445002098
4.4910000000 4.7453942070
4.4920000000 4.7462882652
4.4930000000 4.7471823921
4.4940000000 4.7480765724
4.4950000000 4.7489708214
4.4960000000 4.7498651237
4.4970000000 4.7507594948
4.4980000000 4.7516539268
4.4990000000 4.7525484123
4.5000000000 4.7534429665
4.5010000000 4.7543375816
4.5020000000 4.7552322578
4.5030000000 4.7561269951
4.5040000000 4.7570217934
4.5050000000 4.7579166527
4.5060000000 4.7588115730
4.5070000000 4.7597065544
4.5080000000 4.7606015968
4.5090000000 4.7614967003
4.5100000000 4.7623918648
4.5110000000 4.7632870903
4.5120000000 4.7641823769
4.5130000000 4.7650777245
4.5140000000 4.7659731255
4.5150000000 4.7668685951
4.5160000000 4.7677641258
4.5170000000 4.7686597176
4.5180000000 4.7695553627
4.5190000000 4.7704510765
4.5200000000 4.7713468437
4.5210000000 4.7722426796
4.5220000000 4.7731385689
4.5230000000 4.7740345268
4.5240000000 4.7749305382
4.5250000000 4.7758266106
4.5260000000 4.7767227440
4.5270000000 4.7776189384
4.5280000000 4.7785151863
4.5290000000 4.7794115028
4.5300000000 4.7803078728
4.5310000000 4.7812043114
4.5320000000 4.7821008034
4.5330000000 4.7829973564
4.5340000000 4.7838939705
4.5350000000 4.7847906380
4.5360000000 4.7856873741
4.5370000000 4.7865841637
4.5380000000 4.7874810219
4.5390000000 4.7883779335
4.5400000000 4.7892749062
4.5410000000 4.7901719322
4.5420000000 4.7910690269
4.5430000000 4.7919661751
4.5440000000 4.7928633842
4.5450000000 4.7937606544
4.5460000000 4.7946579781
4.5470000000 4.7955553703
4.5480000000 4.7964528160
4.5490000000 4.7973503227
4.5500000000 4.7982478828
4.5510000000 4.7991455116
4.5520000000 4.8000431938
4.5530000000 4.8009409370
4.5540000000 4.8018387337
4.5550000000 4.8027365990
4.5560000000 4.8036345177
4.5570000000 4.8045324974
4.5580000000 4.8054305305
4.5590000000 4.8063286247
4.5600000000 4.8072267799
4.5610000000 4.8081249962
4.5620000000 4.8090232658
4.5630000000 4.8099215965
4.5640000000 4.8108199883
4.5650000000 4.8117184334
4.5660000000 4.8126169395
4.5670000000 4.8135155067
4.5680000000 4.8144141273
4.5690000000 4.8153128090
4.5700000000 4.8162115440
4.5710000000 4.8171103477
4.5720000000 4.8180091972
4.5730000000 4.8189081154
4.5740000000 4.8198070869
4.5750000000 4.8207061195
4.5760000000 4.8216052055
4.5770000000 4.8225043526
4.5780000000 4.8234035530
4.5790000000 4.8243028221
4.5800000000 4.8252021370
4.5810000000 4.8261015205
4.5820000000 4.8270009499
4.5830000000 4.8279004478
4.5840000000 4.8287999992
4.5850000000 4.8296996040
4.5860000000 4.8305992775
4.5870000000 4.8314989967
4.5880000000 4.8323987770
4.5890000000 4.8332986183
4.5900000000 4.8341985130
4.5910000000 4.8350984688
4.5920000000 4.8359984856
4.5930000000 4.8368985481
4.5940000000 4.8377986794
4.5950000000 4.8386988640
4.5960000000 4.8395991020
4.5970000000 4.8404994011
4.5980000000 4.8413997536
4.5990000000 4.8423001671
4.6000000000 4.8432006340
4.6010000000 4.8441011620
4.6020000000 4.8450017433
4.6030000000 4.8459023857
4.6040000000 4.8468030815
4.6050000000 4.8477038383
4.6060000000 4.8486046486
4.6070000000 4.8495055122
4.6080000000 4.8504064369
4.6090000000 4.8513074226
4.6100000000 4.8522084541
4.6110000000 4.8531095543
4.6120000000 4.8540107002
4.6130000000 4.8549119072
4.6140000000 4.8558131752
4.6150000000 4.8567144890
4.6160000000 4.8576158714
4.6170000000 4.8585172997
4.6180000000 4.8594187889
4.6190000000 4.8603203392
4.6200000000 4.8612219353
4.6210000000 4.8621235924
4.6220000000 4.8630253105
4.6230000000 4.8639270821
4.6240000000 4.8648289070
4.6250000000 4.8657307854
4.6260000000 4.8666327248
4.6270000000 4.8675347176
4.6280000000 4.8684367714
4.6290000000 4.8693388786
4.6300000000 4.8702410393
4.6310000000 4.8711432533
4.6320000000 4.8720455284
4.6330000000 4.8729478569
4.6340000000 4.8738502464
4.6350000000 4.8747526817
4.6360000000 4.8756551781
4.6370000000 4.8765577354
4.6380000000 4.8774603386
4.6390000000 4.8783630028
4.6400000000 4.8792657204
4.6410000000 4.8801684914
4.6420000000 4.8810713234
4.6430000000 4.8819742088
4.6440000000 4.8828771477
4.6450000000 4.8837801399
4.6460000000 4.8846831856
4.6470000000 4.8855862923
4.6480000000 4.8864894524
4.6490000000 4.8873926659
4.6500000000 4.8882959404
4.6510000000 4.8891992607
4.6520000000 4.8901026421
4.6530000000 4.8910060768
4.6540000000 4.8919095726
4.6550000000 4.8928131142
4.6560000000 4.8937167168
4.6570000000 4.8946203651
4.6580000000 4.8955240746
4.6590000000 4.8964278374
4.6600000000 4.8973316612
4.6610000000 4.8982355309
4.6620000000 4.8991394615
4.6630000000 4.9000434380
4.6640000000 4.9009474754
4.6650000000 4.9018515663
4.6660000000 4.9027557106
4.6670000000 4.9036599159
4.6680000000 4.9045641670
4.6690000000 4.9054684792
4.6700000000 4.9063728371
4.6710000000 4.9072772560
4.6720000000 4.9081817284
4.6730000000 4.9090862541
4.6740000000 4.9099908333
4.6750000000 4.9108954659
4.6760000000 4.9118001518
4.6770000000 4.9127048912
4.6780000000 4.9136096840
4.6790000000 4.9145145378
4.6800000000 4.9154194374
4.6810000000 4.9163243980
4.6820000000 4.9172294044
4.6830000000 4.9181344719
4.6840000000 4.9190395927
4.6850000000 4.9199447594
4.6860000000 4.9208499870
4.6870000000 4.9217552681
4.6880000000 4.9226605949
4.6890000000 4.9235659828
4.6900000000 4.9244714241
4.6910000000 4.9253769188
4.6920000000 4.9262824669
4.6930000000 4.9271880608
4.6940000000 4.9280937157
4.6950000000 4.9289994240
4.6960000000 4.9299051857
4.6970000000 4.9308109932
4.6980000000 4.9317168617
4.6990000000 4.9326227837
4.7000000000 4.9335287514
4.7010000000 4.9344347801
4.7020000000 4.9353408546
4.7030000000 4.9362469902
4.7040000000 4.9371531715
4.7050000000 4.9380594139
4.7060000000 4.9389657021
4.7070000000 4.9398720436
4.7080000000 4.9407784386
4.7090000000 4.9416848869
4.7100000000 4.9425913887
4.7110000000 4.9434979439
4.7120000000 4.9444045525
4.7130000000 4.9453112068
4.7140000000 4.9462179222
4.7150000000 4.9471246834
4.7160000000 4.9480315056
4.7170000000 4.9489383736
4.7180000000 4.9498452950
4.7190000000 4.9507522697
4.7200000000 4.9516592979
4.7210000000 4.9525663719
4.7220000000 4.9534735069
4.7230000000 4.9543806877
4.7240000000 4.9552879219
4.7250000000 4.9561952095
4.7260000000 4.9571025505
4.7270000000 4.9580099449
4.7280000000 4.9589173851
4.7290000000 4.9598248863
4.7300000000 4.9607324333
4.7310000000 4.9616400337
4.7320000000 4.9625476875
4.7330000000 4.9634553871
4.7340000000 4.9643631477
4.7350000000 4.9652709541
4.7360000000 4.9661788139
4.7370000000 4.9670867195
4.7380000000 4.9679946861
4.7390000000 4.9689026985
4.7400000000 4.9698107643
4.7410000000 4.9707188835
4.7420000000 4.9716270561
4.7430000000 4.9725352745
4.7440000000 4.9734435463
4.7450000000 4.9743518715
4.7460000000 4.9752602425
4.7470000000 4.9761686745
4.7480000000 4.9770771523
4.7490000000 4.9779856758
4.7500000000 4.9788942604
4.7510000000 4.9798028908
4.7520000000 4.9807115746
4.7530000000 4.9816203041
4.7540000000 4.9825290947
4.7550000000 4.9834379311
4.7560000000 4.9843468132
4.7570000000 4.9852557564
4.7580000000 4.9861647453
4.7590000000 4.9870737801
4.7600000000 4.9879828758
4.7610000000 4.9888920174
4.7620000000 4.9898012123
4.7630000000 4.9907104530
4.7640000000 4.9916197472
4.7650000000 4.9925290947
4.7660000000 4.9934384880
4.7670000000 4.9943479347
4.7680000000 4.9952574348
4.7690000000 4.9961669807
4.7700000000 4.9970765800
4.7710000000 4.9979862251
4.7720000000 4.9988959236
4.7730000000 4.9998056755
4.7740000000 5.0007154732
4.7750000000 5.0016253242
4.7760000000 5.0025352287
4.7770000000 5.0034451790
4.7780000000 5.0043551750
4.7790000000 5.0052652321
4.7800000000 5.0061753349
4.7810000000 5.0070854836
4.7820000000 5.0079956856
4.7830000000 5.0089059410
4.7840000000 5.0098162422
4.7850000000 5.0107265892
4.7860000000 5.0116369972
4.7870000000 5.0125474434
4.7880000000 5.0134579506
4.7890000000 5.0143685036
4.7900000000 5.0152791023
4.7910000000 5.0161897545
4.7920000000 5.0171004524
4.7930000000 5.0180112038
4.7940000000 5.0189220085
4.7950000000 5.0198328590
4.7960000000 5.0207437553
4.7970000000 5.0216547050
4.7980000000 5.0225657082
4.7990000000 5.0234767570
4.8000000000 5.0243878517
4.8010000000 5.0252989998
4.8020000000 5.0262102013
4.8030000000 5.0271214485
4.8040000000 5.0280327415
4.8050000000 5.0289440880
4.8060000000 5.0298554802
4.8070000000 5.0307669258
4.8080000000 5.0316784172
4.8090000000 5.0325899620
4.8100000000 5.0335015526
4.8110000000 5.0344131889
4.8120000000 5.0353248787
4.8130000000 5.0362366219
4.8140000000 5.0371484108
4.8150000000 5.0380602455
4.8160000000 5.0389721336
4.8170000000 5.0398840675
4.8180000000 5.0407960472
4.8190000000 5.0417080803
4.8200000000 5.0426201668
4.8210000000 5.0435322914
4.8220000000 5.0444444695
4.8230000000 5.0453567009
4.8240000000 5.0462689781
4.8250000000 5.0471813011
4.8260000000 5.0480936775
4.8270000000 5.0490060921
4.8280000000 5.0499185677
4.8290000000 5.0508310890
4.8300000000 5.0517436562
4.8310000000 5.0526562691
4.8320000000 5.0535689354
4.8330000000 5.0544816475
4.8340000000 5.0553944054
4.8350000000 5.0563072166
4.8360000000 5.0572200737
4.8370000000 5.0581329842
4.8380000000 5.0590459328
4.8390000000 5.0599589348
4.8400000000 5.0608719902
4.8410000000 5.0617850838
4.8420000000 5.0626982307
4.8430000000 5.0636114311
4.8440000000 5.0645246696
4.8450000000 5.0654379616
4.8460000000 5.0663512993
4.8470000000 5.0672646904
4.8480000000 5.0681781197
4.8490000000 5.0690916023
4.8500000000 5.0700051308
4.8510000000 5.0709187126
4.8520000000 5.0718323402
4.8530000000 5.0727460136
4.8540000000 5.0736597328
4.8550000000 5.0745735054
4.8560000000 5.0754873161
4.8570000000 5.0764011803
4.8580000000 5.0773150978
4.8590000000 5.0782290535
4.8600000000 5.0791430626
4.8610000000 5.0800571175
4.8620000000 5.0809712181
4.8630000000 5.0818853645
4.8640000000 5.0827995567
4.8650000000 5.0837138023
4.8660000000 5.0846280937
4.8670000000 5.0855424309
4.8680000000 5.0864568214
4.8690000000 5.0873712502
4.8700000000 5.0882857323
4.8710000000 5.0892002602
4.8720000000 5.0901148338
4.8730000000 5.0910294533
4.8740000000 5.0919441185
4.8750000000 5.0928588371
4.8760000000 5.0937736015
4.8770000000 5.0946884041
4.8780000000 5.0956032600
4.8790000000 5.0965181694
4.8800000000 5.0974331169
4.8810000000 5.0983481102
4.8820000000 5.0992631569
4.8830000000 5.1001782417
4.8840000000 5.1010933800
4.8850000000 5.1020085640
4.8860000000 5.1029237938
4.8870000000 5.1038390694
4.8880000000 5.1047543983
4.8890000000 5.1056697655
4.8900000000 5.1065851784
4.8910000000 5.1075006447
4.8920000000 5.1084161568
4.8930000000 5.1093317070
4.8940000000 5.1102473106
4.8950000000 5.1111629601
4.8960000000 5.1120786552
4.8970000000 5.1129943962
4.8980000000 5.1139101830
4.8990000000 5.1148260155
4.9000000000 5.1157418938
4.9010000000 5.1166578255
4.9020000000 5.1175737953
4.9030000000 5.1184898109
4.9040000000 5.1194058800
4.9050000000 5.1203219872
4.9060000000 5.1212381401
4.9070000000 5.1221543465
4.9080000000 5.1230705910
4.9090000000 5.1239868889
4.9100000000 5.1249032326
4.9110000000 5.1258196144
4.9120000000 5.1267360497
4.9130000000 5.1276525230
4.9140000000 5.1285690498
4.9150000000 5.1294856148
4.9160000000 5.1304022331
4.9170000000 5.1313188896
4.9180000000 5.1322355995
4.9190000000 5.1331523476
4.9200000000 5.1340691490
4.9210000000 5.1349859886
4.9220000000 5.1359028816
4.9230000000 5.1368198128
4.9240000000 5.1377367897
4.9250000000 5.1386538200
4.9260000000 5.1395708885
4.9270000000 5.1404880028
4.9280000000 5.1414051628
4.9290000000 5.1423223686
4.9300000000 5.1432396202
4.9310000000 5.1441569176
4.9320000000 5.1450742607
4.9330000000 5.1459916496
4.9340000000 5.1469090843
4.9350000000 5.1478265572
4.9360000000 5.1487440834
4.9370000000 5.1496616478
4.9380000000 5.1505792656
4.9390000000 5.1514969215
4.9400000000 5.1524146233
4.9410000000 5.1533323708
4.9420000000 5.1542501640
4.9430000000 5.1551680031
4.9440000000 5.1560858803
4.9450000000 5.1570038109
4.9460000000 5.1579217796
4.9470000000 5.1588397942
4.9480000000 5.1597578621
4.9490000000 5.1606759682
4.9500000000 5.1615941124
4.9510000000 5.1625123100
4.9520000000 5.1634305534
4.9530000000 5.1643488350
4.9540000000 5.1652671623
4.9550000000 5.1661855354
4.9560000000 5.1671039543
4.9570000000 5.1680224190
4.9580000000 5.1689409294
4.9590000000 5.1698594780
4.9600000000 5.1707780724
4.9610000000 5.1716967125
4.9620000000 5.1726153984
4.9630000000 5.1735341301
4.9640000000 5.1744528999
4.9650000000 5.1753717155
4.9660000000 5.1762905769
4.9670000000 5.1772094841
4.9680000000 5.1781284370
4.9690000000 5.1790474281
4.9700000000 5.1799664650
4.9710000000 5.1808855476
4.9720000000 5.1818046761
4.9730000000 5.1827238426
4.9740000000 5.1836430550
4.9750000000 5.1845623131
4.9760000000 5.1854816170
4.9770000000 5.1864009590
4.9780000000 5.1873203468
4.9790000000 5.1882397804
4.9800000000 5.1891592598
4.9810000000 5.1900787849
4.9820000000 5.1909983482
4.9830000000 5.1919179573
4.9840000000 5.1928376045
4.9850000000 5.1937572975
4.9860000000 5.1946770363
4.9870000000 5.1955968208
4.9880000000 5.1965166512
4.9890000000 5.1974365196
4.9900000000 5.1983564339
4.9910000000 5.1992763863
4.9920000000 5.2001963844
4.9930000000 5.2011164284
4.9940000000 5.2020365181
4.9950000000 5.2029566460
4.9960000000 5.2038768196
4.9970000000 5.2047970390
4.9980000000 5.2057172966
4.9990000000 5.2066375999
