0.6470000000 0.2255453224 0.2374823570 1.0956616707 2.2042319527 2.3738221474
0.6480000000 0.2259017906 0.2378939476 1.0959798851 2.2045097694 2.3741579857
0.6490000000 0.2262583656 0.2383049660 1.0962986794 2.2047878304 2.3744941444
0.6500000000 0.2266150398 0.2387155647 1.0966180458 2.2050661354 2.3748306313
0.6510000000 0.2269718132 0.2391258202 1.0969379921 2.2053446693 2.3751674385
0.6520000000 0.2273286934 0.2395357933 1.0972585106 2.2056234398 2.3755045662
0.6530000000 0.2276856804 0.2399455223 1.0975796089 2.2059024544 2.3758420143
0.6540000000 0.2280427666 0.2403550301 1.0979012871 2.2061816978 2.3761797829
0.6550000000 0.2283999672 0.2407643394 1.0982235374 2.2064611778 2.3765178795
0.6560000000 0.2287572670 0.2411734734 1.0985463600 2.2067408943 2.3768562889
0.6570000000 0.2291146812 0.2415824394 1.0988697624 2.2070208473 2.3771950188
0.6580000000 0.2294722023 0.2419912453 1.0991937447 2.2073010368 2.3775340614
0.6590000000 0.2298298378 0.2423998985 1.0995182991 2.2075814552 2.3778734322
0.6600000000 0.2301875801 0.2428084221 1.0998434258 2.2078621178 2.3782131157
0.6610000000 0.2305454369 0.2432168083 1.1001691322 2.2081430016 2.3785531197
0.6620000000 0.2309034081 0.2436250648 1.1004954185 2.2084241295 2.3788934364
0.6630000000 0.2312614937 0.2440331993 1.1008222771 2.2087054863 2.3792340736
0.6640000000 0.2316197014 0.2444412193 1.1011497078 2.2089870720 2.3795750237
0.6650000000 0.2319780159 0.2448491173 1.1014777184 2.2092688942 2.3799162941
0.6660000000 0.2323364601 0.2452569084 1.1018063087 2.2095509529 2.3802578697
0.6670000000 0.2326950188 0.2456645927 1.1021354713 2.2098332329 2.3805997734
0.6680000000 0.2330536919 0.2460721703 1.1024652061 2.2101157494 2.3809419823
0.6690000000 0.2334124947 0.2464796410 1.1027955208 2.2103985023 2.3812845116
0.6700000000 0.2337714195 0.2468870049 1.1031264076 2.2106814766 2.3816273460
0.6710000000 0.2341304665 0.2472942696 1.1034578743 2.2109646873 2.3819705009
0.6720000000 0.2344896431 0.2477014351 1.1037899132 2.2112481270 2.3823139610
0.6730000000 0.2348489418 0.2481085091 1.1041225319 2.2115317955 2.3826577415
0.6740000000 0.2352083702 0.2485154762 1.1044557228 2.2118156929 2.3830018272
0.6750000000 0.2355679283 0.2489223442 1.1047894859 2.2120998268 2.3833462257
0.6760000000 0.2359276161 0.2493291206 1.1051238289 2.2123841820 2.3836909370
0.6770000000 0.2362874413 0.2497357979 1.1054587440 2.2126687660 2.3840359612
0.6780000000 0.2366473885 0.2501423759 1.1057942390 2.2129535789 2.3843812904
0.6790000000 0.2370074730 0.2505488625 1.1061303062 2.2132386208 2.3847269325
0.6800000000 0.2373676949 0.2509552498 1.1064669533 2.2135238914 2.3850728798
0.6810000000 0.2377280540 0.2513615379 1.1068041649 2.2138093834 2.3854191399
0.6820000000 0.2380885506 0.2517677345 1.1071419563 2.2140951042 2.3857657051
0.6830000000 0.2384491920 0.2521738396 1.1074803276 2.2143810539 2.3861125832
0.6840000000 0.2388099709 0.2525798378 1.1078192711 2.2146672325 2.3864597588
0.6850000000 0.2391708870 0.2529857445 1.1081587868 2.2149536324 2.3868072472
0.6860000000 0.2395319481 0.2533915596 1.1084988747 2.2152402611 2.3871550484
0.6870000000 0.2398931541 0.2537972679 1.1088395424 2.2155271111 2.3875031471
0.6880000000 0.2402545052 0.2542028770 1.1091807823 2.2158141899 2.3878515511
0.6890000000 0.2406160088 0.2546083946 1.1095225945 2.2161014900 2.3882002678
0.6900000000 0.2409776573 0.2550138054 1.1098649864 2.2163890190 2.3885492821
0.6910000000 0.2413394585 0.2554191170 1.1102079430 2.2166767693 2.3888986015
0.6920000000 0.2417014122 0.2558243294 1.1105514793 2.2169647408 2.3892482262
0.6930000000 0.2420635185 0.2562294426 1.1108955956 2.2172529411 2.3895981560
0.6940000000 0.2424257774 0.2566344490 1.1112402763 2.2175413551 2.3899483910
0.6950000000 0.2427881889 0.2570393486 1.1115855370 2.2178300056 2.3902989235
0.6960000000 0.2431507683 0.2574441490 1.1119313622 2.2181188698 2.3906497612
0.6970000000 0.2435135002 0.2578488426 1.1122777672 2.2184079552 2.3910009041
0.6980000000 0.2438763924 0.2582534294 1.1126247444 2.2186972694 2.3913523445
0.6990000000 0.2442394524 0.2586579094 1.1129723015 2.2189867973 2.3917040825
0.7000000000 0.2446026726 0.2590622749 1.1133204231 2.2192765541 2.3920561256
0.7010000000 0.2449660530 0.2594665337 1.1136691246 2.2195665245 2.3924084740
0.7020000000 0.2453296089 0.2598706779 1.1140183907 2.2198567238 2.3927611122
0.7030000000 0.2456933327 0.2602747154 1.1143682365 2.2201471367 2.3931140556
0.7040000000 0.2460572243 0.2606786308 1.1147186470 2.2204377708 2.3934672966
0.7050000000 0.2464212837 0.2610824394 1.1150696373 2.2207286263 2.3938208351
0.7060000000 0.2467855186 0.2614861259 1.1154211998 2.2210197029 2.3941746788
0.7070000000 0.2471499367 0.2618896980 1.1157733345 2.2213110008 2.3945288124
0.7080000000 0.2475145226 0.2622931480 1.1161260338 2.2216025124 2.3948832512
0.7090000000 0.2478792915 0.2626964760 1.1164793129 2.2218942451 2.3952379799
0.7100000000 0.2482442436 0.2630996895 1.1168331642 2.2221861992 2.3955930061
0.7110000000 0.2486093712 0.2635027733 1.1171875801 2.2224783669 2.3959483299
0.7120000000 0.2489746895 0.2639057274 1.1175425758 2.2227707558 2.3963039513
0.7130000000 0.2493401909 0.2643085594 1.1178981361 2.2230633583 2.3966598701
0.7140000000 0.2497058754 0.2647112694 1.1182542686 2.2233561821 2.3970160789
0.7150000000 0.2500717506 0.2651138420 1.1186109810 2.2236492195 2.3973725853
0.7160000000 0.2504378242 0.2655162849 1.1189682503 2.2239424782 2.3977293816
0.7170000000 0.2508040886 0.2659185905 1.1193260994 2.2242359505 2.3980864754
0.7180000000 0.2511705437 0.2663207664 1.1196845207 2.2245296364 2.3984438667
0.7190000000 0.2515371971 0.2667228050 1.1200435066 2.2248235435 2.3988015480
0.7200000000 0.2519040489 0.2671246986 1.1204030647 2.2251176643 2.3991595192
0.7210000000 0.2522710991 0.2675264549 1.1207631950 2.2254119987 2.3995177879
0.7220000000 0.2526383553 0.2679280739 1.1211238976 2.2257065468 2.3998763466
0.7230000000 0.2530058174 0.2683295479 1.1214851646 2.2260013161 2.4002351952
0.7240000000 0.2533734856 0.2687308693 1.1218470039 2.2262962990 2.4005943336
0.7250000000 0.2537413673 0.2691320457 1.1222094154 2.2265914879 2.4009537697
0.7260000000 0.2541094551 0.2695330772 1.1225723915 2.2268868980 2.4013134880
0.7270000000 0.2544777489 0.2699339485 1.1229359398 2.2271825218 2.4016735039
0.7280000000 0.2548462639 0.2703346748 1.1233000526 2.2274783592 2.4020338097
0.7290000000 0.2552150002 0.2707352409 1.1236647377 2.2277744102 2.4023943977
0.7300000000 0.2555839500 0.2711356468 1.1240299950 2.2280706749 2.4027552757
0.7310000000 0.2559531288 0.2715359001 1.1243958168 2.2283671455 2.4031164513
0.7320000000 0.2563225212 0.2719359856 1.1247622032 2.2286638374 2.4034779091
0.7330000000 0.2566921501 0.2723359032 1.1251291618 2.2289607353 2.4038396568
0.7340000000 0.2570620003 0.2727356606 1.1254966927 2.2292578545 2.4042016869
0.7350000000 0.2574320869 0.2731352501 1.1258647804 2.2295551720 2.4045640068
0.7360000000 0.2578024025 0.2735346642 1.1262334480 2.2298527107 2.4049266167
0.7370000000 0.2581729469 0.2739339027 1.1266026726 2.2301504555 2.4052895088
0.7380000000 0.2585437355 0.2743329735 1.1269724693 2.2304484138 2.4056526909
0.7390000000 0.2589147682 0.2747318611 1.1273428307 2.2307465858 2.4060161552
0.7400000000 0.2592860374 0.2751305733 1.1277137642 2.2310449638 2.4063799095
0.7410000000 0.2596575584 0.2755291023 1.1280852623 2.2313435555 2.4067439461
0.7420000000 0.2600293159 0.2759274406 1.1284573250 2.2316423531 2.4071082649
0.7430000000 0.2604013329 0.2763255959 1.1288299522 2.2319413643 2.4074728737
0.7440000000 0.2607736015 0.2767235603 1.1292031441 2.2322405815 2.4078377571
0.7450000000 0.2611461220 0.2771213264 1.1295769081 2.2325400124 2.4082029305
0.7460000000 0.2615189018 0.2775189018 1.1299512367 2.2328396492 2.4085683861
0.7470000000 0.2618919411 0.2779162788 1.1303261223 2.2331394997 2.4089341240
0.7480000000 0.2622652473 0.2783134575 1.1307015800 2.2334395561 2.4093001518
0.7490000000 0.2626388130 0.2787104301 1.1310776024 2.2337398186 2.4096664543
0.7500000000 0.2630126534 0.2791071968 1.1314541893 2.2340402870 2.4100330391
0.7510000000 0.2633867607 0.2795037575 1.1318313408 2.2343409691 2.4103999062
0.7520000000 0.2637611504 0.2799001045 1.1322090569 2.2346418571 2.4107670555
0.7530000000 0.2641358070 0.2802962379 1.1325873375 2.2349429512 2.4111344795
0.7540000000 0.2645107536 0.2806921577 1.1329661751 2.2352442513 2.4115021935
0.7550000000 0.2648859749 0.2810878487 1.1333455849 2.2355457573 2.4118701820
0.7560000000 0.2652614861 0.2814833183 1.1337255516 2.2358474770 2.4122384529
0.7570000000 0.2656372871 0.2818785667 1.1341060829 2.2361493950 2.4126069984
0.7580000000 0.2660133781 0.2822735863 1.1344871788 2.2364515190 2.4129758263
0.7590000000 0.2663897667 0.2826683693 1.1348688393 2.2367538567 2.4133449364
0.7600000000 0.2667664528 0.2830629158 1.1352510567 2.2370563927 2.4137143211
0.7610000000 0.2671434441 0.2834572258 1.1356338387 2.2373591423 2.4140839806
0.7620000000 0.2675207405 0.2838512917 1.1360171852 2.2376620903 2.4144539223
0.7630000000 0.2678983421 0.2842451134 1.1364010887 2.2379652443 2.4148241386
0.7640000000 0.2682762566 0.2846386833 1.1367855568 2.2382686043 2.4151946373
0.7650000000 0.2686544838 0.2850320091 1.1371705894 2.2385721703 2.4155654030
0.7660000000 0.2690330315 0.2854250755 1.1375561790 2.2388759422 2.4159364510
0.7670000000 0.2694119072 0.2858178749 1.1379423256 2.2391799126 2.4163077812
0.7680000000 0.2697911034 0.2862104225 1.1383290367 2.2394840965 2.4166793785
0.7690000000 0.2701706276 0.2866026955 1.1387163048 2.2397884712 2.4170512505
0.7700000000 0.2705504875 0.2869947090 1.1391041374 2.2400930595 2.4174234047
0.7710000000 0.2709306831 0.2873864403 1.1394925270 2.2403978462 2.4177958260
0.7720000000 0.2713112144 0.2877778969 1.1398814735 2.2407028389 2.4181685295
0.7730000000 0.2716920967 0.2881690712 1.1402709846 2.2410080299 2.4185415001
0.7740000000 0.2720733299 0.2885599556 1.1406610527 2.2413134270 2.4189147453
0.7750000000 0.2724549065 0.2889505577 1.1410516777 2.2416190300 2.4192882652
0.7760000000 0.2728368492 0.2893408623 1.1414428596 2.2419248314 2.4196620598
0.7770000000 0.2732191505 0.2897308769 1.1418345985 2.2422308311 2.4200361290
0.7780000000 0.2736018105 0.2901205788 1.1422269020 2.2425370369 2.4204104652
0.7790000000 0.2739848442 0.2905099831 1.1426197548 2.2428434486 2.4207850761
0.7800000000 0.2743682518 0.2908990746 1.1430131721 2.2431500587 2.4211599617
0.7810000000 0.2747520332 0.2912878532 1.1434071388 2.2434568672 2.4215351143
0.7820000000 0.2751362038 0.2916763115 1.1438016701 2.2437638741 2.4219105415
0.7830000000 0.2755207558 0.2920644493 1.1441967506 2.2440710869 2.4222862358
0.7840000000 0.2759056969 0.2924522591 1.1445923882 2.2443784981 2.4226622047
0.7850000000 0.2762910347 0.2928397331 1.1449885902 2.2446861153 2.4230384407
0.7860000000 0.2766767769 0.2932268715 1.1453853416 2.2449939232 2.4234149513
0.7870000000 0.2770629234 0.2936136665 1.1457826424 2.2453019371 2.4237917290
0.7880000000 0.2774494820 0.2940001106 1.1461805077 2.2456101494 2.4241687737
0.7890000000 0.2778364525 0.2943862114 1.1465789223 2.2459185600 2.4245460854
0.7900000000 0.2782238503 0.2947719460 1.1469778862 2.2462271767 2.4249236717
0.7910000000 0.2786116676 0.2951573219 1.1473774147 2.2465359840 2.4253015251
0.7920000000 0.2789999199 0.2955423317 1.1477774925 2.2468449898 2.4256796455
0.7930000000 0.2793886070 0.2959269676 1.1481781197 2.2471542015 2.4260580330
0.7940000000 0.2797777367 0.2963112221 1.1485793037 2.2474636116 2.4264366875
0.7950000000 0.2801673164 0.2966950951 1.1489810371 2.2477732124 2.4268156090
0.7960000000 0.2805573463 0.2970785713 1.1493833275 2.2480830193 2.4271947975
0.7970000000 0.2809478416 0.2974616585 1.1497861671 2.2483930168 2.4275742531
0.7980000000 0.2813387947 0.2978443413 1.1501895561 2.2487032204 2.4279539757
0.7990000000 0.2817302208 0.2982266197 1.1505935020 2.2490136147 2.4283339653
0.8000000000 0.2821221275 0.2986084785 1.1509979973 2.2493242073 2.4287142220
0.8010000000 0.2825145226 0.2989899254 1.1514030418 2.2496349983 2.4290947380
0.8020000000 0.2829073982 0.2993709373 1.1518086433 2.2499459877 2.4294755287
0.8030000000 0.2833007774 0.2997515144 1.1522147865 2.2502571754 2.4298565788
0.8040000000 0.2836946602 0.3001316566 1.1526214790 2.2505685539 2.4302378883
0.8050000000 0.2840890541 0.3005113487 1.1530287285 2.2508801384 2.4306194649
0.8060000000 0.2844839668 0.3008905907 1.1534365196 2.2511919136 2.4310013084
0.8070000000 0.2848793983 0.3012693672 1.1538448677 2.2515038795 2.4313834190
0.8080000000 0.2852753639 0.3016476784 1.1542537575 2.2518160515 2.4317657890
0.8090000000 0.2856718712 0.3020255089 1.1546631966 2.2521284142 2.4321484184
0.8100000000 0.2860689278 0.3024028587 1.1550731850 2.2524409676 2.4325313148
0.8110000000 0.2864665413 0.3027797203 1.1554837227 2.2527537270 2.4329144707
0.8120000000 0.2868647118 0.3031560783 1.1558948097 2.2530666695 2.4332978935
0.8130000000 0.2872634621 0.3035319328 1.1563064384 2.2533798180 2.4336815758
0.8140000000 0.2876627846 0.3039072685 1.1567186165 2.2536931572 2.4340655174
0.8150000000 0.2880627022 0.3042820778 1.1571313362 2.2540066872 2.4344497185
0.8160000000 0.2884632149 0.3046563530 1.1575446053 2.2543204155 2.4348341866
0.8170000000 0.2888643303 0.3050300865 1.1579584160 2.2546343422 2.4352189140
0.8180000000 0.2892660637 0.3054032707 1.1583727760 2.2549484520 2.4356039009
0.8190000000 0.2896684227 0.3057758980 1.1587876778 2.2552627678 2.4359891472
0.8200000000 0.2900714226 0.3061479454 1.1592031288 2.2555772667 2.4363746605
0.8210000000 0.2904750633 0.3065194130 1.1596191216 2.2558919640 2.4367604256
0.8220000000 0.2908793526 0.3068902931 1.1600356560 2.2562068596 2.4371464500
0.8230000000 0.2912843132 0.3072605705 1.1604527397 2.2565219460 2.4375327415
0.8240000000 0.2916899529 0.3076302376 1.1608703575 2.2568372231 2.4379192848
0.8250000000 0.2920962791 0.3079992790 1.1612885246 2.2571526909 2.4383060875
0.8260000000 0.2925033073 0.3083676872 1.1617072258 2.2574683571 2.4386931496
0.8270000000 0.2929110451 0.3087354469 1.1621264763 2.2577842064 2.4390804710
0.8280000000 0.2933195000 0.3091025505 1.1625462685 2.2581002617 2.4394680443
0.8290000000 0.2937286949 0.3094689827 1.1629666023 2.2584165001 2.4398558846
0.8300000000 0.2941386452 0.3098347282 1.1633874702 2.2587329292 2.4402439766
0.8310000000 0.2945493507 0.3101997795 1.1638088875 2.2590495567 2.4406323280
0.8320000000 0.2949608269 0.3105641212 1.1642308388 2.2593663750 2.4410209312
0.8330000000 0.2953730965 0.3109277382 1.1646533318 2.2596833839 2.4414097939
0.8340000000 0.2957861748 0.3112906151 1.1650763588 2.2600005760 2.4417989159
0.8350000000 0.2962000694 0.3116527367 1.1654999275 2.2603179665 2.4421882896
0.8360000000 0.2966147957 0.3120140877 1.1659240379 2.2606355553 2.4425779228
0.8370000000 0.2970303688 0.3123746605 1.1663486824 2.2609533272 2.4429678078
0.8380000000 0.2974468193 0.3127344246 1.1667738686 2.2612712898 2.4433579521
0.8390000000 0.2978641472 0.3130933800 1.1671995888 2.2615894432 2.4437483482
0.8400000000 0.2982823753 0.3134514885 1.1676258507 2.2619077873 2.4441389961
0.8410000000 0.2987015190 0.3138087502 1.1680526466 2.2622263222 2.4445299034
0.8420000000 0.2991216087 0.3141651344 1.1684799767 2.2625450478 2.4449210625
0.8430000000 0.2995426521 0.3145206261 1.1689078484 2.2628639641 2.4453124809
0.8440000000 0.2999646797 0.3148752098 1.1693362465 2.2631830635 2.4457041435
0.8450000000 0.3003877068 0.3152288551 1.1697651863 2.2635023613 2.4460960655
0.8460000000 0.3008117485 0.3155815468 1.1701946602 2.2638218422 2.4464882393
0.8470000000 0.3012368355 0.3159332619 1.1706246605 2.2641415215 2.4468806648
0.8480000000 0.3016629982 0.3162839699 1.1710552025 2.2644613838 2.4472733498
0.8490000000 0.3020902443 0.3166336555 1.1714862785 2.2647814293 2.4476662788
0.8500000000 0.3025186195 0.3169822884 1.1719178810 2.2651016731 2.4480594673
0.8510000000 0.3029481316 0.3173298454 1.1723500252 2.2654221001 2.4484528999
0.8520000000 0.3033788185 0.3176762886 1.1727826958 2.2657427177 2.4488465919
0.8530000000 0.3038107109 0.3180215950 1.1732158928 2.2660635262 2.4492405281
0.8540000000 0.3042438393 0.3183657341 1.1736496315 2.2663845253 2.4496347237
0.8550000000 0.3046782341 0.3187086830 1.1740838966 2.2667057075 2.4500291634
0.8560000000 0.3051139183 0.3190503883 1.1745186882 2.2670270729 2.4504238548
0.8570000000 0.3055509453 0.3193908348 1.1749540138 2.2673486366 2.4508187981
0.8580000000 0.3059893456 0.3197299690 1.1753898659 2.2676703835 2.4512139931
0.8590000000 0.3064291496 0.3200677605 1.1758262520 2.2679923134 2.4516094398
0.8600000000 0.3068704109 0.3204041710 1.1762631645 2.2683144341 2.4520051308
0.8610000000 0.3073131676 0.3207391548 1.1767006111 2.2686367455 2.4524010735
0.8620000000 0.3077574654 0.3210726585 1.1771385765 2.2689592400 2.4527972679
0.8630000000 0.3082033501 0.3214046440 1.1775770760 2.2692819252 2.4531937141
0.8640000000 0.3086508751 0.3217350578 1.1780160942 2.2696047935 2.4535904045
0.8650000000 0.3091000938 0.3220638466 1.1784556465 2.2699278526 2.4539873390
0.8660000000 0.3095510674 0.3223909492 1.1788957253 2.2702510948 2.4543845253
0.8670000000 0.3100038567 0.3227163048 1.1793363304 2.2705745201 2.4547819633
0.8680000000 0.3104585152 0.3230398521 1.1797774544 2.2708981361 2.4551796455
0.8690000000 0.3109151344 0.3233615227 1.1802191048 2.2712219429 2.4555775795
0.8700000000 0.3113737679 0.3236812325 1.1806612816 2.2715459251 2.4559757576
0.8710000000 0.3118344994 0.3239989128 1.1811039848 2.2718701057 2.4563741875
0.8720000000 0.3122974281 0.3243144722 1.1815472145 2.2721944618 2.4567728615
0.8730000000 0.3127626381 0.3246278267 1.1819909554 2.2725190086 2.4571717796
0.8740000000 0.3132302208 0.3249388618 1.1824352303 2.2728437386 2.4575709496
0.8750000000 0.3137002983 0.3252474785 1.1828800240 2.2731686516 2.4579703636
0.8760000000 0.3141729774 0.3255535545 1.1833253365 2.2734937553 2.4583700218
0.8770000000 0.3146483955 0.3258569679 1.1837711754 2.2738190422 2.4587699318
0.8780000000 0.3151266899 0.3261575813 1.1842175331 2.2741445122 2.4591700783
0.8790000000 0.3156080055 0.3264552345 1.1846644096 2.2744701653 2.4595704765
0.8800000000 0.3160925179 0.3267497597 1.1851118050 2.2747960091 2.4599711189
0.8810000000 0.3165804100 0.3270409813 1.1855597191 2.2751220360 2.4603720055
0.8820000000 0.3170718956 0.3273286705 1.1860081596 2.2754482460 2.4607731438
0.8830000000 0.3175672035 0.3276126137 1.1864571114 2.2757746391 2.4611745186
0.8840000000 0.3180665932 0.3278925514 1.1869065819 2.2761012154 2.4615761452
0.8850000000 0.3185703545 0.3281681786 1.1873565712 2.2764279747 2.4619780083
0.8860000000 0.3190788307 0.3284391670 1.1878070793 2.2767549248 2.4623801155
0.8870000000 0.3195923958 0.3287051353 1.1882581062 2.2770820503 2.4627824745
0.8880000000 0.3201114922 0.3289656410 1.1887096443 2.2774093666 2.4631850700
0.8890000000 0.3206366386 0.3292201729 1.1891617012 2.2777368584 2.4635879097
0.8900000000 0.3211684456 0.3294681129 1.1896142769 2.2780645409 2.4639909935
0.8910000000 0.3217076302 0.3297087517 1.1900673637 2.2783924065 2.4643943214
0.8920000000 0.3222550697 0.3299411964 1.1905209618 2.2787204475 2.4647978935
0.8930000000 0.3228118477 0.3301643867 1.1909750786 2.2790486794 2.4652017097
0.8940000000 0.3233793144 0.3303769569 1.1914297066 2.2793770943 2.4656057625
0.8950000000 0.3239592094 0.3305771675 1.1918848457 2.2797056847 2.4660100594
0.8960000000 0.3245538292 0.3307627296 1.1923405037 2.2800344658 2.4664146004
0.8970000000 0.3251663322 0.3309304848 1.1927966652 2.2803634224 2.4668193855
0.8980000000 0.3258012505 0.3310758858 1.1932533455 2.2806925697 2.4672244072
0.8990000000 0.3264655724 0.3311919670 1.1937105293 2.2810218925 2.4676296730
0.9000000000 0.3271710930 0.3312669182 1.1941682320 2.2813513985 2.4680351830
0.9010000000 0.3279410362 0.3312775154 1.1946264381 2.2816810875 2.4684409294
0.9020000000 0.3288369408 0.3311622429 1.1950851631 2.2820109596 2.4688469200
