0.0001000000 1.0000000049
0.0011000000 1.0000002490
0.0021000000 1.0000008936
0.0031000000 1.0000019580
0.0041000000 1.0000034229
0.0051000000 1.0000052979
0.0061000000 1.0000075732
0.0071000000 1.0000102588
0.0081000000 1.0000133545
0.0091000000 1.0000168506
0.0101000000 1.0000207666
0.0111000000 1.0000250830
0.0121000000 1.0000297998
0.0131000000 1.0000349268
0.0141000000 1.0000404639
0.0151000000 1.0000464111
0.0161000000 1.0000527588
0.0171000000 1.0000595264
0.0181000000 1.0000666846
0.0191000000 1.0000742627
0.0201000000 1.0000822412
0.0211000000 1.0000906299
0.0221000000 1.0000994287
0.0231000000 1.0001086279
0.0241000000 1.0001182373
0.0251000000 1.0001282568
0.0261000000 1.0001386865
0.0271000000 1.0001495166
0.0281000000 1.0001607568
0.0291000000 1.0001724072
0.0301000000 1.0001844678
0.0311000000 1.0001969385
0.0321000000 1.0002098096
0.0331000000 1.0002230908
0.0341000000 1.0002367822
0.0351000000 1.0002508740
0.0361000000 1.0002653857
0.0371000000 1.0002802979
0.0381000000 1.0002956201
0.0391000000 1.0003113525
0.0401000000 1.0003274951
0.0411000000 1.0003440381
0.0421000000 1.0003610010
0.0431000000 1.0003783643
0.0441000000 1.0003961377
0.0451000000 1.0004143213
0.0461000000 1.0004329150
0.0471000000 1.0004519189
0.0481000000 1.0004713232
0.0491000000 1.0004911475
0.0501000000 1.0005113818
0.0511000000 1.0005320166
0.0521000000 1.0005530713
0.0531000000 1.0005745264
0.0541000000 1.0005963916
0.0551000000 1.0006186768
0.0561000000 1.0006413623
0.0571000000 1.0006644580
0.0581000000 1.0006879736
0.0591000000 1.0007118896
0.0601000000 1.0007362158
0.0611000000 1.0007609619
0.0621000000 1.0007861084
0.0631000000 1.0008116748
0.0641000000 1.0008376416
0.0651000000 1.0008640283
0.0661000000 1.0008908252
0.0671000000 1.0009180322
0.0681000000 1.0009456494
0.0691000000 1.0009736768
0.0701000000 1.0010021143
0.0711000000 1.0010309717
0.0721000000 1.0010602295
0.0731000000 1.0010899072
0.0741000000 1.0011200049
0.0751000000 1.0011505029
0.0761000000 1.0011814111
0.0771000000 1.0012127393
0.0781000000 1.0012444775
0.0791000000 1.0012766357
0.0801000000 1.0013092041
0.0811000000 1.0013421826
0.0821000000 1.0013755713
0.0831000000 1.0014093799
0.0841000000 1.0014435986
0.0851000000 1.0014782275
0.0861000000 1.0015132764
0.0871000000 1.0015487354
0.0881000000 1.0015846143
0.0891000000 1.0016209033
0.0901000000 1.0016576123
0.0911000000 1.0016947314
0.0921000000 1.0017322705
0.0931000000 1.0017702197
0.0941000000 1.0018085791
0.0951000000 1.0018473682
0.0961000000 1.0018865576
0.0971000000 1.0019261768
0.0981000000 1.0019662061
0.0991000000 1.0020066455
0.1001000000 1.0020475146
0.1011000000 1.0020887939
0.1021000000 1.0021304834
0.1031000000 1.0021726025
0.1041000000 1.0022151318
0.1051000000 1.0022580811
0.1061000000 1.0023014404
0.1071000000 1.0023452295
0.1081000000 1.0023894287
0.1091000000 1.0024340479
0.1101000000 1.0024790869
0.1111000000 1.0025245361
0.1121000000 1.0025704150
0.1131000000 1.0026167139
0.1141000000 1.0026634229
0.1151000000 1.0027105615
0.1161000000 1.0027581104
0.1171000000 1.0028060791
0.1181000000 1.0028544775
0.1191000000 1.0029032861
0.1201000000 1.0029525244
0.1211000000 1.0030021729
0.1221000000 1.0030522510
0.1231000000 1.0031027490
0.1241000000 1.0031536670
0.1251000000 1.0032050049
0.1261000000 1.0032567725
0.1271000000 1.0033089600
0.1281000000 1.0033615576
0.1291000000 1.0034145947
0.1301000000 1.0034680420
0.1311000000 1.0035219189
0.1321000000 1.0035762158
0.1331000000 1.0036309424
0.1341000000 1.0036860889
0.1351000000 1.0037416553
0.1361000000 1.0037976514
0.1371000000 1.0038540674
0.1381000000 1.0039109131
0.1391000000 1.0039681787
0.1401000000 1.0040258740
0.1411000000 1.0040839990
0.1421000000 1.0041425439
0.1431000000 1.0042015186
0.1441000000 1.0042609131
0.1451000000 1.0043207373
0.1461000000 1.0043809912
0.1471000000 1.0044416650
0.1481000000 1.0045027783
0.1491000000 1.0045643115
0.1501000000 1.0046262744
0.1511000000 1.0046886572
0.1521000000 1.0047514795
0.1531000000 1.0048147217
0.1541000000 1.0048784033
0.1551000000 1.0049425049
0.1561000000 1.0050070459
0.1571000000 1.0050720068
0.1581000000 1.0051374072
0.1591000000 1.0052032275
0.1601000000 1.0052694873
0.1611000000 1.0053361768
0.1621000000 1.0054032959
0.1631000000 1.0054708447
0.1641000000 1.0055388232
0.1651000000 1.0056072412
0.1661000000 1.0056760889
0.1671000000 1.0057453662
0.1681000000 1.0058150732
0.1691000000 1.0058852197
0.1701000000 1.0059557959
0.1711000000 1.0060268115
0.1721000000 1.0060982568
0.1731000000 1.0061701416
0.1741000000 1.0062424561
0.1751000000 1.0063152100
0.1761000000 1.0063883936
0.1771000000 1.0064620166
0.1781000000 1.0065360791
0.1791000000 1.0066105713
0.1801000000 1.0066855029
0.1811000000 1.0067608740
0.1821000000 1.0068366846
0.1831000000 1.0069129248
0.1841000000 1.0069896045
0.1851000000 1.0070667236
0.1861000000 1.0071442822
0.1871000000 1.0072222803
0.1881000000 1.0073007178
0.1891000000 1.0073795947
0.1901000000 1.0074589014
0.1911000000 1.0075386572
0.1921000000 1.0076188525
0.1931000000 1.0076994971
0.1941000000 1.0077805713
0.1951000000 1.0078620947
0.1961000000 1.0079440479
0.1971000000 1.0080264600
0.1981000000 1.0081093018
0.1991000000 1.0081925928
0.2001000000 1.0082763232
0.2011000000 1.0083604932
0.2021000000 1.0084451123
0.2031000000 1.0085301807
0.2041000000 1.0086156787
0.2051000000 1.0087016357
0.2061000000 1.0087880322
0.2071000000 1.0088748779
0.2081000000 1.0089621631
0.2091000000 1.0090498975
0.2101000000 1.0091380811
0.2111000000 1.0092267041
0.2121000000 1.0093157764
0.2131000000 1.0094053076
0.2141000000 1.0094952783
0.2151000000 1.0095856885
0.2161000000 1.0096765576
0.2171000000 1.0097678760
0.2181000000 1.0098596436
0.2191000000 1.0099518604
0.2201000000 1.0100445166
0.2211000000 1.0101376416
0.2221000000 1.0102312061
0.2231000000 1.0103252197
0.2241000000 1.0104196924
0.2251000000 1.0105146143
0.2261000000 1.0106099854
0.2271000000 1.0107058057
0.2281000000 1.0108020850
0.2291000000 1.0108988135
0.2301000000 1.0109960010
0.2311000000 1.0110936377
0.2321000000 1.0111917334
0.2331000000 1.0112902783
0.2341000000 1.0113892822
0.2351000000 1.0114887451
0.2361000000 1.0115886572
0.2371000000 1.0116890283
0.2381000000 1.0117898584
0.2391000000 1.0118911377
0.2401000000 1.0119928857
0.2411000000 1.0120950830
0.2421000000 1.0121977393
0.2431000000 1.0123008545
0.2441000000 1.0124044287
0.2451000000 1.0125084619
0.2461000000 1.0126129541
0.2471000000 1.0127179053
0.2481000000 1.0128233252
0.2491000000 1.0129291943
0.2501000000 1.0130355322
0.2511000000 1.0131423291
0.2521000000 1.0132495850
0.2531000000 1.0133573096
0.2541000000 1.0134654932
0.2551000000 1.0135741455
0.2561000000 1.0136832471
0.2571000000 1.0137928271
0.2581000000 1.0139028662
0.2591000000 1.0140133643
0.2601000000 1.0141243311
0.2611000000 1.0142357666
0.2621000000 1.0143476709
0.2631000000 1.0144600342
0.2641000000 1.0145728662
0.2651000000 1.0146861572
0.2661000000 1.0147999268
0.2671000000 1.0149141650
0.2681000000 1.0150288623
0.2691000000 1.0151440283
0.2701000000 1.0152596729
0.2711000000 1.0153757764
0.2721000000 1.0154923584
0.2731000000 1.0156094092
0.2741000000 1.0157269287
0.2751000000 1.0158449170
0.2761000000 1.0159633740
0.2771000000 1.0160823096
0.2781000000 1.0162017139
0.2791000000 1.0163215869
0.2801000000 1.0164419385
0.2811000000 1.0165627588
0.2821000000 1.0166840576
0.2831000000 1.0168058252
0.2841000000 1.0169280713
0.2851000000 1.0170507959
0.2861000000 1.0171739893
0.2871000000 1.0172976611
0.2881000000 1.0174218115
0.2891000000 1.0175464307
0.2901000000 1.0176715283
0.2911000000 1.0177971143
0.2921000000 1.0179231689
0.2931000000 1.0180497021
0.2941000000 1.0181767139
0.2951000000 1.0183042041
0.2961000000 1.0184321729
0.2971000000 1.0185606201
0.2981000000 1.0186895557
0.2991000000 1.0188189697
