0.3000000000 0.1037890968 1.0189358482 2.1256328316 2.2807379875
0.3010000000 0.1041321449 1.0190661736 2.1257960777 2.2809261818
0.3020000000 0.1044752083 1.0191969795 2.1259597664 2.2811149178
0.3030000000 0.1048183022 1.0193282661 2.1261239052 2.2813041954
0.3040000000 0.1051614265 1.0194600410 2.1262884941 2.2814940147
0.3050000000 0.1055045738 1.0195922966 2.1264535255 2.2816843758
0.3060000000 0.1058477592 1.0197250328 2.1266189995 2.2818752708
0.3070000000 0.1061909676 1.0198582573 2.1267849159 2.2820667076
0.3080000000 0.1065342064 1.0199919624 2.1269512825 2.2822586861
0.3090000000 0.1068774834 1.0201261482 2.1271180840 2.2824511986
0.3100000000 0.1072207985 1.0202608223 2.1272853355 2.2826442528
0.3110000000 0.1075641518 1.0203959846 2.1274530220 2.2828378410
0.3120000000 0.1079075356 1.0205316353 2.1276211433 2.2830319633
0.3130000000 0.1082509651 1.0206677666 2.1277897148 2.2832266197
0.3140000000 0.1085944328 1.0208043861 2.1279587135 2.2834218178
0.3150000000 0.1089379387 1.0209414940 2.1281281624 2.2836175423
0.3160000000 0.1092814980 1.0210790901 2.1282980385 2.2838138008
0.3170000000 0.1096250954 1.0212171669 2.1284683571 2.2840105934
0.3180000000 0.1099687462 1.0213557396 2.1286391029 2.2842079124
0.3190000000 0.1103124504 1.0214948006 2.1288102913 2.2844057655
0.3200000000 0.1106562004 1.0216343498 2.1289819069 2.2846041450
0.3210000000 0.1110000038 1.0217743874 2.1291539650 2.2848030586
0.3220000000 0.1113438606 1.0219149132 2.1293264427 2.2850024986
0.3230000000 0.1116877785 1.0220559349 2.1294993629 2.2852024651
0.3240000000 0.1120317497 1.0221974373 2.1296727104 2.2854029655
0.3250000000 0.1123757820 1.0223394432 2.1298464851 2.2856039848
0.3260000000 0.1127198753 1.0224819298 2.1300206871 2.2858055305
0.3270000000 0.1130640373 1.0226249199 2.1301953239 2.2860076027
0.3280000000 0.1134082680 1.0227683907 2.1303703880 2.2862102013
0.3290000000 0.1137525597 1.0229123650 2.1305458717 2.2864133186
0.3300000000 0.1140969276 1.0230568275 2.1307217903 2.2866169624
0.3310000000 0.1144413643 1.0232017784 2.1308981285 2.2868211327
0.3320000000 0.1147858772 1.0233472328 2.1310748940 2.2870258141
0.3330000000 0.1151304665 1.0234931755 2.1312520866 2.2872310219
0.3340000000 0.1154751396 1.0236396141 2.1314296913 2.2874367485
0.3350000000 0.1158198891 1.0237865486 2.1316077309 2.2876429939
0.3360000000 0.1161647301 1.0239339790 2.1317861824 2.2878497581
0.3370000000 0.1165096550 1.0240819054 2.1319650612 2.2880570412
0.3380000000 0.1168546638 1.0242303276 2.1321443596 2.2882648430
0.3390000000 0.1171997719 1.0243792458 2.1323240700 2.2884731560
0.3400000000 0.1175449638 1.0245286674 2.1325042076 2.2886819878
0.3410000000 0.1178902626 1.0246785774 2.1326847572 2.2888913383
0.3420000000 0.1182356606 1.0248289909 2.1328657265 2.2891012001
0.3430000000 0.1185811577 1.0249799080 2.1330471077 2.2893115730
0.3440000000 0.1189267616 1.0251313133 2.1332289085 2.2895224571
0.3450000000 0.1192724724 1.0252832298 2.1334111214 2.2897338524
0.3460000000 0.1196182976 1.0254356346 2.1335937538 2.2899457664
0.3470000000 0.1199642296 1.0255885506 2.1337767982 2.2901581841
0.3480000000 0.1203102913 1.0257419548 2.1339602470 2.2903711205
0.3490000000 0.1206564674 1.0258958702 2.1341441154 2.2905845604
0.3500000000 0.1210027657 1.0260502815 2.1343283882 2.2907985039
0.3510000000 0.1213491936 1.0262051964 2.1345130730 2.2910129585
0.3520000000 0.1216957512 1.0263606148 2.1346981697 2.2912279243
0.3530000000 0.1220424461 1.0265165367 2.1348836784 2.2914433937
0.3540000000 0.1223892860 1.0266729622 2.1350695915 2.2916593666
0.3550000000 0.1227362633 1.0268298912 2.1352559090 2.2918758507
0.3560000000 0.1230833855 1.0269873161 2.1354426308 2.2920928307
0.3570000000 0.1234306526 1.0271452522 2.1356297646 2.2923103218
0.3580000000 0.1237780876 1.0273036919 2.1358173027 2.2925283089
0.3590000000 0.1241256752 1.0274626427 2.1360052376 2.2927467995
0.3600000000 0.1244734230 1.0276220894 2.1361935844 2.2929657936
0.3610000000 0.1248213387 1.0277820473 2.1363823280 2.2931852837
0.3620000000 0.1251694298 1.0279425087 2.1365714760 2.2934052773
0.3630000000 0.1255177040 1.0281034813 2.1367610207 2.2936257744
0.3640000000 0.1258661537 1.0282649574 2.1369509697 2.2938467674
0.3650000000 0.1262147942 1.0284269447 2.1371413231 2.2940682564
0.3660000000 0.1265636330 1.0285894356 2.1373320656 2.2942902412
0.3670000000 0.1269126701 1.0287524376 2.1375232124 2.2945127220
0.3680000000 0.1272619057 1.0289159431 2.1377147560 2.2947356987
0.3690000000 0.1276113548 1.0290799599 2.1379066887 2.2949591713
0.3700000000 0.1279610252 1.0292444954 2.1380990257 2.2951831398
0.3710000000 0.1283109245 1.0294095268 2.1382917519 2.2954075966
0.3720000000 0.1286610451 1.0295750771 2.1384848747 2.2956325493
0.3730000000 0.1290114174 1.0297411385 2.1386783943 2.2958579903
0.3740000000 0.1293620262 1.0299077110 2.1388723030 2.2960839272
0.3750000000 0.1297128944 1.0300747948 2.1390666084 2.2963103523
0.3760000000 0.1300640221 1.0302423897 2.1392613029 2.2965372734
0.3770000000 0.1304154243 1.0304104958 2.1394563866 2.2967646751
0.3780000000 0.1307671089 1.0305791130 2.1396518593 2.2969925728
0.3790000000 0.1311190910 1.0307482491 2.1398477211 2.2972209511
0.3800000000 0.1314713707 1.0309178963 2.1400439720 2.2974498177
0.3810000000 0.1318239632 1.0310880547 2.1402406120 2.2976791725
0.3820000000 0.1321768837 1.0312587318 2.1404376335 2.2979090157
0.3830000000 0.1325301399 1.0314299202 2.1406350441 2.2981393394
0.3840000000 0.1328837547 1.0316016273 2.1408328438 2.2983701439
0.3850000000 0.1332377357 1.0317738457 2.1410310249 2.2986014366
0.3860000000 0.1335920982 1.0319465828 2.1412295952 2.2988332176
0.3870000000 0.1339468727 1.0321198387 2.1414285393 2.2990654716
0.3880000000 0.1343020668 1.0322936058 2.1416278725 2.2992982063
0.3890000000 0.1346577034 1.0324678917 2.1418275871 2.2995314293
0.3900000000 0.1350138130 1.0326426964 2.1420276756 2.2997651253
0.3910000000 0.1353704262 1.0328180199 2.1422281532 2.2999993019
0.3920000000 0.1357275734 1.0329938622 2.1424290047 2.3002339592
0.3930000000 0.1360852852 1.0331702232 2.1426302376 2.3004690895
0.3940000000 0.1364436150 1.0333471031 2.1428318520 2.3007047005
0.3950000000 0.1368026085 1.0335245018 2.1430338402 2.3009407921
0.3960000000 0.1371623497 1.0337024193 2.1432362022 2.3011773567
0.3970000000 0.1375229149 1.0338808556 2.1434389458 2.3014143867
0.3980000000 0.1378844337 1.0340598183 2.1436420631 2.3016519051
0.3990000000 0.1382471046 1.0342392998 2.1438455544 2.3018898888
0.4000000000 0.1386112709 1.0344193001 2.1440494118 2.3021283455
0.4010000000 0.1389779854 1.0345998268 2.1442536507 2.3023672752
0.4020000000 0.1393455391 1.0347808723 2.1444582634 2.3026066780
0.4030000000 0.1397100945 1.0349624367 2.1446632423 2.3028465462
0.4040000000 0.1400731163 1.0351445351 2.1448685951 2.3030868874
0.4050000000 0.1404350014 1.0353271446 2.1450743217 2.3033277016
0.4060000000 0.1407959480 1.0355102882 2.1452804070 2.3035689812
0.4070000000 0.1411561012 1.0356939507 2.1454868736 2.3038107262
0.4080000000 0.1415155373 1.0358781395 2.1456936989 2.3040529366
0.4090000000 0.1418743553 1.0360628471 2.1459008980 2.3042956200
0.4100000000 0.1422325935 1.0362480888 2.1461084557 2.3045387688
0.4110000000 0.1425903053 1.0364338493 2.1463163872 2.3047823753
0.4120000000 0.1429475441 1.0366201439 2.1465246773 2.3050264549
0.4130000000 0.1433043404 1.0368069572 2.1467333412 2.3052709923
0.4140000000 0.1436607246 1.0369943047 2.1469423637 2.3055159950
0.4150000000 0.1440167274 1.0371821709 2.1471517448 2.3057614555
0.4160000000 0.1443723717 1.0373705711 2.1473614922 2.3060073814
0.4170000000 0.1447276802 1.0375594978 2.1475716057 2.3062537651
0.4180000000 0.1450826759 1.0377489510 2.1477820778 2.3065006142
0.4190000000 0.1454373817 1.0379389381 2.1479929085 2.3067479210
0.4200000000 0.1457918053 1.0381294441 2.1482040977 2.3069956856
0.4210000000 0.1461459694 1.0383204918 2.1484156456 2.3072439079
0.4220000000 0.1464998894 1.0385120583 2.1486275520 2.3074925880
0.4230000000 0.1468535805 1.0387041664 2.1488398170 2.3077417259
0.4240000000 0.1472070503 1.0388967934 2.1490524406 2.3079913139
0.4250000000 0.1475603065 1.0390899620 2.1492654152 2.3082413673
0.4260000000 0.1479133720 1.0392836571 2.1494787483 2.3084918633
0.4270000000 0.1482662544 1.0394778786 2.1496924400 2.3087428246
0.4280000000 0.1486189537 1.0396726341 2.1499064827 2.3089942284
0.4290000000 0.1489714928 1.0398679314 2.1501208763 2.3092460899
0.4300000000 0.1493238640 1.0400637550 2.1503356285 2.3094984016
0.4310000000 0.1496760902 1.0402601051 2.1505507240 2.3097511711
0.4320000000 0.1500281715 1.0404569969 2.1507661781 2.3100043831
0.4330000000 0.1503801155 1.0406544228 2.1509819832 2.3102580452
0.4340000000 0.1507319298 1.0408523827 2.1511981316 2.3105121574
0.4350000000 0.1510836220 1.0410508766 2.1514146385 2.3107667198
0.4360000000 0.1514351921 1.0412499046 2.1516314888 2.3110217323
0.4370000000 0.1517866554 1.0414494667 2.1518486900 2.3112771873
0.4380000000 0.1521380119 1.0416495628 2.1520662346 2.3115330925
0.4390000000 0.1524892616 1.0418501930 2.1522841225 2.3117894402
0.4400000000 0.1528404121 1.0420513649 2.1525023613 2.3120462303
0.4410000000 0.1531914787 1.0422530785 2.1527209511 2.3123034706
0.4420000000 0.1535424461 1.0424553185 2.1529398766 2.3125611458
0.4430000000 0.1538933372 1.0426581001 2.1531591454 2.3128192711
0.4440000000 0.1542441444 1.0428614235 2.1533787651 2.3130778389
0.4450000000 0.1545948753 1.0430652809 2.1535987206 2.3133368416
0.4460000000 0.1549455299 1.0432696724 2.1538190193 2.3135962944
0.4470000000 0.1552961159 1.0434746132 2.1540396614 2.3138561821
0.4480000000 0.1556466331 1.0436800804 2.1542606468 2.3141165047
0.4490000000 0.1559970894 1.0438860970 2.1544819679 2.3143772697
0.4500000000 0.1563474770 1.0440926476 2.1547036324 2.3146384773
0.4510000000 0.1566978111 1.0442997475 2.1549256325 2.3149001198
0.4520000000 0.1570480919 1.0445073814 2.1551479683 2.3151621971
0.4530000000 0.1573983192 1.0447155495 2.1553706398 2.3154247093
0.4540000000 0.1577484932 1.0449242668 2.1555936546 2.3156876564
0.4550000000 0.1580986214 1.0451335258 2.1558170052 2.3159510460
0.4560000000 0.1584486961 1.0453433266 2.1560406837 2.3162148628
0.4570000000 0.1587987328 1.0455536690 2.1562647057 2.3164791145
0.4580000000 0.1591487236 1.0457645531 2.1564890556 2.3167437935
0.4590000000 0.1594986763 1.0459759789 2.1567137413 2.3170089149
0.4600000000 0.1598485909 1.0461879463 2.1569387627 2.3172744560
0.4610000000 0.1601984673 1.0464004631 2.1571641121 2.3175404396
0.4620000000 0.1605483055 1.0466135139 2.1573897972 2.3178068428
0.4630000000 0.1608981209 1.0468271217 2.1576158104 2.3180736809
0.4640000000 0.1612478981 1.0470412636 2.1578421516 2.3183409462
0.4650000000 0.1615976448 1.0472559547 2.1580688210 2.3186086464
0.4660000000 0.1619473610 1.0474711876 2.1582958260 2.3188767662
0.4670000000 0.1622970543 1.0476869698 2.1585231514 2.3191453133
0.4680000000 0.1626467247 1.0479033012 2.1587508125 2.3194142876
0.4690000000 0.1629963646 1.0481201744 2.1589787941 2.3196836891
0.4700000000 0.1633459816 1.0483375893 2.1592071114 2.3199535103
0.4710000000 0.1636955833 1.0485555611 2.1594357491 2.3202237587
0.4720000000 0.1640451622 1.0487740746 2.1596647072 2.3204944267
0.4730000000 0.1643947182 1.0489931297 2.1598939934 2.3207655220
0.4740000000 0.1647442589 1.0492127419 2.1601236076 2.3210370369
0.4750000000 0.1650937843 1.0494328957 2.1603535423 2.3213089790
0.4760000000 0.1654432945 1.0496535988 2.1605837975 2.3215813332
0.4770000000 0.1657927895 1.0498748512 2.1608143730 2.3218541145
0.4780000000 0.1661422691 1.0500966530 2.1610452766 2.3221273155
0.4790000000 0.1664917336 1.0503190041 2.1612765007 2.3224009285
0.4800000000 0.1668411903 1.0505419044 2.1615080376 2.3226749611
0.4810000000 0.1671906395 1.0507653542 2.1617399025 2.3229494133
0.4820000000 0.1675400734 1.0509893608 2.1619720802 2.3232242851
0.4830000000 0.1678894997 1.0512139091 2.1622045784 2.3234995689
0.4840000000 0.1682389183 1.0514390068 2.1624373970 2.3237752724
0.4850000000 0.1685883369 1.0516646614 2.1626705284 2.3240513878
0.4860000000 0.1689377403 1.0518908653 2.1629039803 2.3243279152
0.4870000000 0.1692871437 1.0521176186 2.1631377449 2.3246048622
0.4880000000 0.1696365395 1.0523449287 2.1633718224 2.3248822136
0.4890000000 0.1699859352 1.0525727882 2.1636062202 2.3251599846
0.4900000000 0.1703353233 1.0528011971 2.1638409309 2.3254381676
0.4910000000 0.1706847115 1.0530301628 2.1640759544 2.3257167549
0.4920000000 0.1710340996 1.0532596855 2.1643112907 2.3259957542
0.4930000000 0.1713834877 1.0534897499 2.1645469398 2.3262751656
0.4940000000 0.1717328758 1.0537203789 2.1647829018 2.3265549889
0.4950000000 0.1720822639 1.0539515572 2.1650191689 2.3268352165
0.4960000000 0.1724316597 1.0541832924 2.1652557564 2.3271158562
0.4970000000 0.1727810478 1.0544155769 2.1654926491 2.3273969002
0.4980000000 0.1731304436 1.0546484184 2.1657298470 2.3276783485
0.4990000000 0.1734798470 1.0548818169 2.1659673576 2.3279602013
0.5000000000 0.1738292503 1.0551157646 2.1662051735 2.3282424660
0.5010000000 0.1741786537 1.0553502769 2.1664433022 2.3285251274
0.5020000000 0.1745280724 1.0555853386 2.1666817360 2.3288082008
0.5030000000 0.1748774910 1.0558209572 2.1669204750 2.3290916710
0.5040000000 0.1752269173 1.0560571327 2.1671595192 2.3293755531
0.5050000000 0.1755763588 1.0562938652 2.1673988686 2.3296598320
0.5060000000 0.1759258003 1.0565311546 2.1676385307 2.3299445076
0.5070000000 0.1762752495 1.0567690086 2.1678784904 2.3302295876
0.5080000000 0.1766247139 1.0570074120 2.1681187477 2.3305150719
0.5090000000 0.1769741859 1.0572463722 2.1683593178 2.3308009529
0.5100000000 0.1773236732 1.0574858894 2.1686001854 2.3310872307
0.5110000000 0.1776731606 1.0577259712 2.1688413582 2.3313739052
0.5120000000 0.1780226707 1.0579666100 2.1690828285 2.3316609840
0.5130000000 0.1783721886 1.0582077980 2.1693246040 2.3319484520
0.5140000000 0.1787217216 1.0584495583 2.1695666771 2.3322363243
0.5150000000 0.1790712624 1.0586918678 2.1698090477 2.3325245857
0.5160000000 0.1794208183 1.0589347420 2.1700517159 2.3328132515
0.5170000000 0.1797703972 1.0591781731 2.1702946892 2.3331023064
0.5180000000 0.1801199837 1.0594221687 2.1705379524 2.3333917503
0.5190000000 0.1804695854 1.0596667213 2.1707815208 2.3336815910
0.5200000000 0.1808192024 1.0599118385 2.1710253868 2.3339718285
0.5210000000 0.1811688423 1.0601575127 2.1712695427 2.3342624550
0.5220000000 0.1815184975 1.0604037437 2.1715139961 2.3345534782
0.5230000000 0.1818681679 1.0606505394 2.1717587471 2.3348448830
0.5240000000 0.1822178612 1.0608978996 2.1720037880 2.3351366844
0.5250000000 0.1825675697 1.0611458168 2.1722491264 2.3354288750
0.5260000000 0.1829172935 1.0613942986 2.1724947548 2.3357214546
0.5270000000 0.1832670479 1.0616433449 2.1727406807 2.3360144234
0.5280000000 0.1836168175 1.0618929482 2.1729868965 2.3363077736
0.5290000000 0.1839666023 1.0621431160 2.1732334099 2.3366015205
0.5300000000 0.1843164177 1.0623938484 2.1734802055 2.3368956490
0.5310000000 0.1846662483 1.0626451454 2.1737272987 2.3371901588
0.5320000000 0.1850161018 1.0628969994 2.1739746819 2.3374850655
0.5330000000 0.1853659859 1.0631494255 2.1742223549 2.3377803459
0.5340000000 0.1857158852 1.0634024086 2.1744703102 2.3380760155
0.5350000000 0.1860658150 1.0636559563 2.1747185631 2.3383720741
0.5360000000 0.1864157677 1.0639100685 2.1749670982 2.3386685066
0.5370000000 0.1867657433 1.0641647453 2.1752159233 2.3389653282
0.5380000000 0.1871157494 1.0644199867 2.1754650307 2.3392625313
0.5390000000 0.1874657784 1.0646757927 2.1757144356 2.3395601158
0.5400000000 0.1878158302 1.0649321632 2.1759641151 2.3398580742
0.5410000000 0.1881659126 1.0651891060 2.1762140846 2.3401564217
0.5420000000 0.1885160255 1.0654466057 2.1764643440 2.3404551430
0.5430000000 0.1888661613 1.0657046700 2.1767148781 2.3407542458
0.5440000000 0.1892163277 1.0659633064 2.1769657021 2.3410537224
0.5450000000 0.1895665245 1.0662225075 2.1772168083 2.3413535805
0.5460000000 0.1899167519 1.0664822731 2.1774681969 2.3416538200
0.5470000000 0.1902670097 1.0667426033 2.1777198753 2.3419544334
0.5480000000 0.1906172981 1.0670035057 2.1779718285 2.3422554207
0.5490000000 0.1909676170 1.0672649651 2.1782240639 2.3425567818
0.5500000000 0.1913179665 1.0675270042 2.1784765739 2.3428585243
0.5510000000 0.1916683540 1.0677896004 2.1787293739 2.3431606331
0.5520000000 0.1920187645 1.0680527687 2.1789824486 2.3434631233
0.5530000000 0.1923692207 1.0683165016 2.1792358055 2.3437659798
0.5540000000 0.1927196999 1.0685808067 2.1794894371 2.3440692101
0.5550000000 0.1930702171 1.0688456764 2.1797433510 2.3443728142
0.5560000000 0.1934207726 1.0691111183 2.1799975471 2.3446767921
0.5570000000 0.1937713585 1.0693771248 2.1802520103 2.3449811363
0.5580000000 0.1941219902 1.0696436958 2.1805067558 2.3452858543
0.5590000000 0.1944726524 1.0699108391 2.1807617760 2.3455909386
0.5600000000 0.1948233452 1.0701785545 2.1810170784 2.3458963966
0.5610000000 0.1951740837 1.0704468346 2.1812726479 2.3462022209
0.5620000000 0.1955248604 1.0707156868 2.1815284996 2.3465084114
0.5630000000 0.1958756752 1.0709851036 2.1817846184 2.3468149681
0.5640000000 0.1962265282 1.0712550926 2.1820410194 2.3471218987
0.5650000000 0.1965774193 1.0715256538 2.1822976875 2.3474291878
0.5660000000 0.1969283562 1.0717967873 2.1825546303 2.3477368507
0.5670000000 0.1972793236 1.0720684853 2.1828118401 2.3480448723
0.5680000000 0.1976303444 1.0723407555 2.1830693321 2.3483532600
0.5690000000 0.1979814034 1.0726135902 2.1833270912 2.3486620140
0.5700000000 0.1983325005 1.0728870049 2.1835851173 2.3489711266
0.5710000000 0.1986836433 1.0731609840 2.1838434181 2.3492806053
0.5720000000 0.1990348320 1.0734355354 2.1841019859 2.3495904427
0.5730000000 0.1993860664 1.0737106590 2.1843608284 2.3499006462
0.5740000000 0.1997373390 1.0739863472 2.1846199379 2.3502112083
0.5750000000 0.2000886650 1.0742626152 2.1848793144 2.3505221367
0.5760000000 0.2004400291 1.0745394478 2.1851389580 2.3508334236
0.5770000000 0.2007914467 1.0748168526 2.1853988762 2.3511450615
0.5780000000 0.2011429100 1.0750948372 2.1856590538 2.3514570656
0.5790000000 0.2014944191 1.0753733864 2.1859194984 2.3517694283
0.5800000000 0.2018459816 1.0756525078 2.1861802177 2.3520821495
0.5810000000 0.2021975899 1.0759322014 2.1864411964 2.3523952293
0.5820000000 0.2025492439 1.0762124672 2.1867024422 2.3527086601
0.5830000000 0.2029009514 1.0764933052 2.1869639473 2.3530224495
0.5840000000 0.2032527122 1.0767747154 2.1872257271 2.3533365974
0.5850000000 0.2036045189 1.0770567055 2.1874877663 2.3536510963
0.5860000000 0.2039563789 1.0773392601 2.1877500648 2.3539659538
0.5870000000 0.2043082924 1.0776223869 2.1880126305 2.3542811623
0.5880000000 0.2046602592 1.0779060860 2.1882754631 2.3545967293
0.5890000000 0.2050122871 1.0781903648 2.1885385475 2.3549126472
0.5900000000 0.2053643608 1.0784752159 2.1888019066 2.3552289162
0.5910000000 0.2057164879 1.0787606316 2.1890655174 2.3555455360
0.5920000000 0.2060686760 1.0790466270 2.1893293953 2.3558625069
0.5930000000 0.2064209175 1.0793331947 2.1895935249 2.3561798286
0.5940000000 0.2067732201 1.0796203346 2.1898579216 2.3564975090
0.5950000000 0.2071255760 1.0799080544 2.1901225777 2.3568155327
0.5960000000 0.2074779930 1.0801963463 2.1903874931 2.3571338997
0.5970000000 0.2078304710 1.0804852028 2.1906526604 2.3574526253
0.5980000000 0.2081830025 1.0807746391 2.1909180946 2.3577716942
0.5990000000 0.2085355949 1.0810646553 2.1911837807 2.3580911140
0.6000000000 0.2088882561 1.0813552361 2.1914497261 2.3584108772
0.6010000000 0.2092409706 1.0816463966 2.1917159309 2.3587309914
0.6020000000 0.2095937538 1.0819381294 2.1919823952 2.3590514488
0.6030000000 0.2099465981 1.0822304420 2.1922491112 2.3593722496
0.6040000000 0.2102995033 1.0825233192 2.1925160789 2.3596934013
0.6050000000 0.2106524696 1.0828167763 2.1927833061 2.3600148964
0.6060000000 0.2110055046 1.0831108131 2.1930507851 2.3603367348
0.6070000000 0.2113586082 1.0834054146 2.1933185234 2.3606589165
0.6080000000 0.2117117805 1.0837005959 2.1935865135 2.3609814415
0.6090000000 0.2120650139 1.0839963570 2.1938547554 2.3613043098
0.6100000000 0.2124183159 1.0842926903 2.1941232567 2.3616275139
0.6110000000 0.2127716866 1.0845895958 2.1943920021 2.3619510689
0.6120000000 0.2131251259 1.0848870735 2.1946610069 2.3622749596
0.6130000000 0.2134786415 1.0851851311 2.1949302635 2.3625991936
0.6140000000 0.2138322258 1.0854837685 2.1951997643 2.3629237633
0.6150000000 0.2141858788 1.0857829704 2.1954695244 2.3632486763
0.6160000000 0.2145396004 1.0860827522 2.1957395287 2.3635739250
0.6170000000 0.2148933983 1.0863831139 2.1960097847 2.3638995171
0.6180000000 0.2152472725 1.0866840477 2.1962802925 2.3642254448
0.6190000000 0.2156012230 1.0869855537 2.1965510521 2.3645517082
0.6200000000 0.2159552422 1.0872876396 2.1968220558 2.3648783073
0.6210000000 0.2163093452 1.0875903053 2.1970933113 2.3652052498
0.6220000000 0.2166635170 1.0878935356 2.1973648186 2.3655325203
0.6230000000 0.2170177727 1.0881973534 2.1976365700 2.3658601341
0.6240000000 0.2173721046 1.0885017433 2.1979085655 2.3661880760
0.6250000000 0.2177265129 1.0888067055 2.1981808128 2.3665163536
0.6260000000 0.2180810051 1.0891122475 2.1984533043 2.3668449669
0.6270000000 0.2184355812 1.0894183617 2.1987260399 2.3671739159
0.6280000000 0.2187902336 1.0897250481 2.1989990273 2.3675031929
0.6290000000 0.2191449699 1.0900323219 2.1992722588 2.3678328056
0.6300000000 0.2194997902 1.0903401604 2.1995457344 2.3681627541
0.6310000000 0.2198546944 1.0906485863 2.1998194542 2.3684930305
0.6320000000 0.2202096825 1.0909575768 2.2000934181 2.3688236351
0.6330000000 0.2205647545 1.0912671547 2.2003676262 2.3691545753
0.6340000000 0.2209199181 1.0915772972 2.2006420784 2.3694858437
0.6350000000 0.2212751656 1.0918880272 2.2009167747 2.3698174400
0.6360000000 0.2216305046 1.0921993294 2.2011917076 2.3701493645
0.6370000000 0.2219859352 1.0925112038 2.2014668922 2.3704816246
0.6380000000 0.2223414497 1.0928236580 2.2017423134 2.3708142052
0.6390000000 0.2226970558 1.0931366844 2.2020179787 2.3711471138
0.6400000000 0.2230527611 1.0934502907 2.2022938805 2.3714803581
0.6410000000 0.2234085503 1.0937644768 2.2025700340 2.3718139229
0.6420000000 0.2237644386 1.0940792351 2.2028464165 2.3721478081
0.6430000000 0.2241204262 1.0943945656 2.2031230431 2.3724820290
0.6440000000 0.2244765053 1.0947104759 2.2033999138 2.3728165703
0.6450000000 0.2248326759 1.0950269661 2.2036770210 2.3731514397
0.6460000000 0.2251889534 1.0953440285 2.2039543648 2.3734866295
