2.3600000000 3.0992812500
2.3700000000 3.1058437500
2.3800000000 3.1124687500
2.3900000000 3.1190312500
2.4000000000 3.1257187500
2.4100000000 3.1323437500
2.4200000000 3.1390312500
2.4300000000 3.1457187500
2.4400000000 3.1524687500
2.4500000000 3.1592187500
2.4600000000 3.1659687500
2.4700000000 3.1727187500
2.4800000000 3.1795312500
2.4900000000 3.1864062500
2.5000000000 3.1932187500
2.5100000000 3.2000937500
2.5200000000 3.2069687500
2.5300000000 3.2139062500
2.5400000000 3.2208437500
2.5500000000 3.2277812500
2.5600000000 3.2347812500
2.5700000000 3.2417812500
2.5800000000 3.2487812500
2.5900000000 3.2557812500
2.6000000000 3.2628437500
2.6100000000 3.2699687500
2.6200000000 3.2770312500
2.6300000000 3.2841562500
2.6400000000 3.2912812500
2.6500000000 3.2984062500
2.6600000000 3.3055937500
2.6700000000 3.3127812500
2.6800000000 3.3200312500
2.6900000000 3.3272187500
2.7000000000 3.3344687500
2.7100000000 3.3417812500
2.7200000000 3.3490312500
2.7300000000 3.3563437500
2.7400000000 3.3636562500
2.7500000000 3.3710312500
2.7600000000 3.3784062500
2.7700000000 3.3857812500
2.7800000000 3.3931562500
2.7900000000 3.4005937500
2.8000000000 3.4080312500
2.8100000000 3.4154687500
2.8200000000 3.4229687500
2.8300000000 3.4304062500
2.8400000000 3.4379062500
2.8500000000 3.4454687500
2.8600000000 3.4530312500
2.8700000000 3.4605312500
2.8800000000 3.4681562500
2.8900000000 3.4757187500
2.9000000000 3.4833437500
2.9100000000 3.4909687500
2.9200000000 3.4986562500
2.9300000000 3.5062812500
2.9400000000 3.5139687500
2.9500000000 3.5216562500
2.9600000000 3.5294062500
2.9700000000 3.5370937500
2.9800000000 3.5448437500
2.9900000000 3.5526562500
3.0000000000 3.5604062500
3.0100000000 3.5682187500
3.0200000000 3.5760312500
3.0300000000 3.5838437500
3.0400000000 3.5917187500
3.0500000000 3.5995937500
3.0600000000 3.6074687500
3.0700000000 3.6153437500
3.0800000000 3.6232812500
3.0900000000 3.6312187500
3.1000000000 3.6391562500
3.1100000000 3.6470937500
3.1200000000 3.6550937500
3.1300000000 3.6630937500
3.1400000000 3.6710937500
3.1500000000 3.6790937500
3.1600000000 3.6871562500
3.1700000000 3.6952187500
3.1800000000 3.7032812500
3.1900000000 3.7113437500
3.2000000000 3.7194687500
3.2100000000 3.7275937500
3.2200000000 3.7357187500
3.2300000000 3.7438437500
3.2400000000 3.7520312500
3.2500000000 3.7602187500
3.2600000000 3.7684062500
3.2700000000 3.7765937500
3.2800000000 3.7847812500
3.2900000000 3.7930312500
3.3000000000 3.8012812500
3.3100000000 3.8095937500
3.3200000000 3.8178437500
3.3300000000 3.8261562500
3.3400000000 3.8344687500
3.3500000000 3.8427812500
3.3600000000 3.8510937500
3.3700000000 3.8594687500
3.3800000000 3.8678437500
3.3900000000 3.8762187500
3.4000000000 3.8845937500
3.4100000000 3.8929687500
3.4200000000 3.9014062500
3.4300000000 3.9098437500
3.4400000000 3.9182812500
3.4500000000 3.9267812500
3.4600000000 3.9352187500
3.4700000000 3.9437187500
3.4800000000 3.9522187500
3.4900000000 3.9607187500
3.5000000000 3.9692812500
3.5100000000 3.9778437500
3.5200000000 3.9864062500
3.5300000000 3.9949687500
3.5400000000 4.0035312500
3.5500000000 4.0120937500
3.5600000000 4.0207187500
3.5700000000 4.0293437500
3.5800000000 4.0379687500
3.5900000000 4.0466562500
3.6000000000 4.0552812500
3.6100000000 4.0639687500
3.6200000000 4.0726562500
3.6300000000 4.0813437500
3.6400000000 4.0900312500
3.6500000000 4.0987812500
3.6600000000 4.1075312500
3.6700000000 4.1162812500
3.6800000000 4.1250312500
3.6900000000 4.1337812500
3.7000000000 4.1425937500
3.7100000000 4.1513437500
3.7200000000 4.1601562500
3.7300000000 4.1689687500
3.7400000000 4.1778437500
3.7500000000 4.1866562500
3.7600000000 4.1955312500
3.7700000000 4.2044062500
3.7800000000 4.2132812500
3.7900000000 4.2221562500
3.8000000000 4.2310312500
3.8100000000 4.2399687500
3.8200000000 4.2489062500
3.8300000000 4.2578437500
3.8400000000 4.2667812500
3.8500000000 4.2757187500
3.8600000000 4.2846562500
3.8700000000 4.2936562500
3.8800000000 4.3026562500
3.8900000000 4.3116562500
3.9000000000 4.3206562500
3.9100000000 4.3296562500
3.9200000000 4.3387187500
3.9300000000 4.3477812500
3.9400000000 4.3567812500
3.9500000000 4.3658437500
3.9600000000 4.3749687500
3.9700000000 4.3840312500
3.9800000000 4.3931562500
3.9900000000 4.4022187500
4.0000000000 4.4113437500
4.0100000000 4.4204687500
4.0200000000 4.4295937500
4.0300000000 4.4387187500
4.0400000000 4.4479062500
4.0500000000 4.4570312500
4.0600000000 4.4662187500
4.0700000000 4.4754062500
4.0800000000 4.4845937500
4.0900000000 4.4937812500
4.1000000000 4.5030312500
4.1100000000 4.5122187500
4.1200000000 4.5214687500
4.1300000000 4.5307187500
4.1400000000 4.5399687500
4.1500000000 4.5492187500
4.1600000000 4.5584687500
4.1700000000 4.5677187500
4.1800000000 4.5770312500
4.1900000000 4.5863437500
4.2000000000 4.5955937500
4.2100000000 4.6049062500
4.2200000000 4.6142187500
4.2300000000 4.6235312500
4.2400000000 4.6329062500
4.2500000000 4.6422187500
4.2600000000 4.6515937500
4.2700000000 4.6609687500
4.2800000000 4.6702812500
4.2900000000 4.6796562500
4.3000000000 4.6890312500
4.3100000000 4.6984687500
4.3200000000 4.7078437500
4.3300000000 4.7172187500
4.3400000000 4.7266562500
4.3500000000 4.7360937500
4.3600000000 4.7454687500
4.3700000000 4.7549062500
4.3800000000 4.7643437500
4.3900000000 4.7737812500
4.4000000000 4.7832812500
4.4100000000 4.7927187500
4.4200000000 4.8022187500
4.4300000000 4.8116562500
4.4400000000 4.8211562500
4.4500000000 4.8306562500
4.4600000000 4.8401562500
4.4700000000 4.8495937500
4.4800000000 4.8591562500
4.4900000000 4.8686562500
4.5000000000 4.8781562500
4.5100000000 4.8876562500
4.5200000000 4.8972187500
4.5300000000 4.9067812500
4.5400000000 4.9162812500
4.5500000000 4.9258437500
4.5600000000 4.9354062500
4.5700000000 4.9449687500
4.5800000000 4.9545312500
4.5900000000 4.9640937500
4.6000000000 4.9736562500
4.6100000000 4.9832812500
4.6200000000 4.9928437500
4.6300000000 5.0024062500
4.6400000000 5.0120312500
4.6500000000 5.0216562500
4.6600000000 5.0312187500
4.6700000000 5.0408437500
4.6800000000 5.0504687500
4.6900000000 5.0600937500
4.7000000000 5.0697187500
4.7100000000 5.0793437500
4.7200000000 5.0889687500
4.7300000000 5.0986562500
4.7400000000 5.1082812500
4.7500000000 5.1179062500
4.7600000000 5.1275937500
4.7700000000 5.1372812500
4.7800000000 5.1469062500
4.7900000000 5.1565937500
4.8000000000 5.1662812500
4.8100000000 5.1759062500
4.8200000000 5.1855937500
4.8300000000 5.1952812500
4.8400000000 5.2049687500
4.8500000000 5.2146562500
4.8600000000 5.2244062500
4.8700000000 5.2340937500
4.8800000000 5.2437812500
4.8900000000 5.2534687500
4.9000000000 5.2632187500
4.9100000000 5.2729062500
4.9200000000 5.2826562500
4.9300000000 5.2923437500
4.9400000000 5.3020937500
4.9500000000 5.3117812500
4.9600000000 5.3215312500
4.9700000000 5.3312812500
4.9800000000 5.3410312500
4.9900000000 5.3507812500
5.0000000000 5.3605312500
