0.9680000000 0.3557916069 0.3860118065 1.4050905113
0.9690000000 0.3561862221 0.3864782906 1.4058216515
0.9700000000 0.3565810509 0.3869442863 1.4065532036
0.9710000000 0.3569760780 0.3874098930 1.4072851601
0.9720000000 0.3573713264 0.3878751640 1.4080175209
0.9730000000 0.3577667809 0.3883401451 1.4087502937
0.9740000000 0.3581624413 0.3888048744 1.4094834633
0.9750000000 0.3585583229 0.3892693672 1.4102170372
0.9760000000 0.3589544182 0.3897336617 1.4109510078
0.9770000000 0.3593507271 0.3901977577 1.4116853905
0.9780000000 0.3597472496 0.3906616783 1.4124201698
0.9790000000 0.3601439934 0.3911254311 1.4131553459
0.9800000000 0.3605409508 0.3915890312 1.4138909264
0.9810000000 0.3609381294 0.3920524864 1.4146269035
0.9820000000 0.3613355293 0.3925158043 1.4153632851
0.9830000000 0.3617331505 0.3929789848 1.4161000557
0.9840000000 0.3621309929 0.3934420433 1.4168372307
0.9850000000 0.3625290565 0.3939049797 1.4175748024
0.9860000000 0.3629273415 0.3943678017 1.4183127708
0.9870000000 0.3633258553 0.3948305168 1.4190511284
0.9880000000 0.3637245979 0.3952931175 1.4197898903
0.9890000000 0.3641235695 0.3957556190 1.4205290413
0.9900000000 0.3645227623 0.3962180214 1.4212685890
0.9910000000 0.3649221916 0.3966803246 1.4220085258
0.9920000000 0.3653218422 0.3971425285 1.4227488594
0.9930000000 0.3657217293 0.3976046410 1.4234895821
0.9940000000 0.3661218529 0.3980666618 1.4242307014
0.9950000000 0.3665222054 0.3985285988 1.4249722023
0.9960000000 0.3669227943 0.3989904442 1.4257140999
0.9970000000 0.3673236198 0.3994522057 1.4264563866
0.9980000000 0.3677246819 0.3999138832 1.4271990623
0.9990000000 0.3681259804 0.4003754768 1.4279421272
1.0000000000 0.3685275154 0.4008369865 1.4286855812
1.0010000000 0.3689292946 0.4012984200 1.4294294167
1.0020000000 0.3693313179 0.4017597694 1.4301736412
1.0030000000 0.3697335777 0.4022210426 1.4309182549
1.0040000000 0.3701360817 0.4026822395 1.4316632500
1.0050000000 0.3705388298 0.4031433525 1.4324086342
1.0060000000 0.3709418297 0.4036043968 1.4331543999
1.0070000000 0.3713450661 0.4040653572 1.4339005470
1.0080000000 0.3717485619 0.4045262489 1.4346470833
1.0090000000 0.3721523018 0.4049870567 1.4353939934
1.0100000000 0.3725562859 0.4054477959 1.4361412926
1.0110000000 0.3729605293 0.4059084587 1.4368889732
1.0120000000 0.3733650246 0.4063690453 1.4376370277
1.0130000000 0.3737697716 0.4068295555 1.4383854637
1.0140000000 0.3741747704 0.4072899971 1.4391342888
1.0150000000 0.3745800285 0.4077503624 1.4398834801
1.0160000000 0.3749855461 0.4082106514 1.4406330605
1.0170000000 0.3753913231 0.4086708717 1.4413830147
1.0180000000 0.3757973518 0.4091310081 1.4421333427
1.0190000000 0.3762036476 0.4095910759 1.4428840446
1.0200000000 0.3766102028 0.4100510750 1.4436351280
1.0210000000 0.3770170250 0.4105109901 1.4443865852
1.0220000000 0.3774241066 0.4109708366 1.4451384239
1.0230000000 0.3778314552 0.4114305992 1.4458906288
1.0240000000 0.3782390785 0.4118902931 1.4466432076
1.0250000000 0.3786469612 0.4123499107 1.4473961601
1.0260000000 0.3790551109 0.4128094521 1.4481494865
1.0270000000 0.3794635429 0.4132689171 1.4489031868
1.0280000000 0.3798722343 0.4137283058 1.4496572533
1.0290000000 0.3802812080 0.4141876183 1.4504116936
1.0300000000 0.3806904488 0.4146468544 1.4511665077
1.0310000000 0.3810999718 0.4151060066 1.4519216881
1.0320000000 0.3815097694 0.4155650826 1.4526772346
1.0330000000 0.3819198418 0.4160240822 1.4534331474
1.0340000000 0.3823301964 0.4164829979 1.4541894341
1.0350000000 0.3827408333 0.4169418373 1.4549460869
1.0360000000 0.3831517525 0.4174006004 1.4557031059
1.0370000000 0.3835629539 0.4178592720 1.4564604912
1.0380000000 0.3839744377 0.4183178673 1.4572182426
1.0390000000 0.3843862114 0.4187763786 1.4579763603
1.0400000000 0.3847982750 0.4192348137 1.4587348366
1.0410000000 0.3852106209 0.4196931572 1.4594936790
1.0420000000 0.3856232643 0.4201514168 1.4602528877
1.0430000000 0.3860361900 0.4206095924 1.4610124550
1.0440000000 0.3864494133 0.4210676842 1.4617723885
1.0450000000 0.3868629341 0.4215256844 1.4625326805
1.0460000000 0.3872767448 0.4219836082 1.4632933388
1.0470000000 0.3876908607 0.4224414330 1.4640543556
1.0480000000 0.3881052666 0.4228991737 1.4648157234
1.0490000000 0.3885199776 0.4233568230 1.4655774574
1.0500000000 0.3889349861 0.4238143806 1.4663395500
1.0510000000 0.3893502998 0.4242718468 1.4671020012
1.0520000000 0.3897659187 0.4247292213 1.4678648109
1.0530000000 0.3901818428 0.4251865044 1.4686279793
1.0540000000 0.3905980721 0.4256436958 1.4693914986
1.0550000000 0.3910146065 0.4261007881 1.4701553764
1.0560000000 0.3914314613 0.4265577888 1.4709196129
1.0570000000 0.3918486214 0.4270146904 1.4716842003
1.0580000000 0.3922660942 0.4274714928 1.4724491463
1.0590000000 0.3926838799 0.4279281960 1.4732144432
1.0600000000 0.3931019859 0.4283848000 1.4739800911
1.0610000000 0.3935204048 0.4288413048 1.4747460976
1.0620000000 0.3939391441 0.4292977104 1.4755124474
1.0630000000 0.3943582115 0.4297540092 1.4762791557
1.0640000000 0.3947775917 0.4302102013 1.4770462151
1.0650000000 0.3951973000 0.4306662941 1.4778136177
1.0660000000 0.3956173286 0.4311222801 1.4785813789
1.0670000000 0.3960376930 0.4315781593 1.4793494835
1.0680000000 0.3964583778 0.4320339317 1.4801179390
1.0690000000 0.3968793983 0.4324895897 1.4808867455
1.0700000000 0.3973007469 0.4329451408 1.4816558952
1.0710000000 0.3977224236 0.4334005852 1.4824253960
1.0720000000 0.3981444435 0.4338559074 1.4831952400
1.0730000000 0.3985667992 0.4343111229 1.4839654350
1.0740000000 0.3989894905 0.4347662239 1.4847359734
1.0750000000 0.3994125252 0.4352212029 1.4855068550
1.0760000000 0.3998358955 0.4356760674 1.4862780800
1.0770000000 0.4002596169 0.4361308174 1.4870496483
1.0780000000 0.4006836739 0.4365854378 1.4878215675
1.0790000000 0.4011080818 0.4370399437 1.4885938225
1.0800000000 0.4015328407 0.4374943275 1.4893664207
1.0810000000 0.4019579506 0.4379485893 1.4901393623
1.0820000000 0.4023834038 0.4384027214 1.4909126472
1.0830000000 0.4028092232 0.4388567238 1.4916862679
1.0840000000 0.4032353859 0.4393106041 1.4924602318
1.0850000000 0.4036619148 0.4397643547 1.4932345390
1.0860000000 0.4040887947 0.4402179756 1.4940091820
1.0870000000 0.4045160408 0.4406714592 1.4947841606
1.0880000000 0.4049436455 0.4411248207 1.4955594749
1.0890000000 0.4053716240 0.4415780373 1.4963351326
1.0900000000 0.4057999611 0.4420311165 1.4971111259
1.0910000000 0.4062286644 0.4424840660 1.4978874626
1.0920000000 0.4066577415 0.4429368706 1.4986641273
1.0930000000 0.4070871925 0.4433895378 1.4994411278
1.0940000000 0.4075170097 0.4438420601 1.5002184639
1.0950000000 0.4079472084 0.4442944374 1.5009961357
1.0960000000 0.4083777885 0.4447466774 1.5017741432
1.0970000000 0.4088087425 0.4451987648 1.5025524788
1.0980000000 0.4092400780 0.4456506996 1.5033311501
1.0990000000 0.4096718025 0.4461024895 1.5041101494
1.1000000000 0.4101039085 0.4465541267 1.5048894844
1.1010000000 0.4105364037 0.4470056114 1.5056691551
1.1020000000 0.4109692879 0.4474569435 1.5064491539
1.1030000000 0.4114025612 0.4479081154 1.5072294807
1.1040000000 0.4118362312 0.4483591347 1.5080101357
1.1050000000 0.4122702980 0.4488099861 1.5087911263
1.1060000000 0.4127047615 0.4492606773 1.5095724373
1.1070000000 0.4131396217 0.4497112083 1.5103540840
1.1080000000 0.4135748863 0.4501615715 1.5111360512
1.1090000000 0.4140105629 0.4506117744 1.5119183540
1.1100000000 0.4144466362 0.4510618019 1.5127009773
1.1110000000 0.4148831215 0.4515116615 1.5134839287
1.1120000000 0.4153200188 0.4519613457 1.5142672081
1.1130000000 0.4157573280 0.4524108543 1.5150508080
1.1140000000 0.4161950569 0.4528601875 1.5158347359
1.1150000000 0.4166331978 0.4533093452 1.5166189842
1.1160000000 0.4170717583 0.4537583199 1.5174035606
1.1170000000 0.4175107460 0.4542071190 1.5181884575
1.1180000000 0.4179501610 0.4546557274 1.5189736748
1.1190000000 0.4183899956 0.4551041527 1.5197592201
1.1200000000 0.4188302650 0.4555523872 1.5205450859
1.1210000000 0.4192709618 0.4560004311 1.5213312721
1.1220000000 0.4197120934 0.4564482841 1.5221177711
1.1230000000 0.4201536674 0.4568959465 1.5229045982
1.1240000000 0.4205956764 0.4573434105 1.5236917458
1.1250000000 0.4210381279 0.4577906761 1.5244792061
1.1260000000 0.4214810219 0.4582377357 1.5252669945
1.1270000000 0.4219243660 0.4586845970 1.5260550957
1.1280000000 0.4223681526 0.4591312523 1.5268435097
1.1290000000 0.4228123970 0.4595777016 1.5276322441
1.1300000000 0.4232570915 0.4600239372 1.5284212990
1.1310000000 0.4237022514 0.4604699669 1.5292106667
1.1320000000 0.4241478615 0.4609157753 1.5300003548
1.1330000000 0.4245939445 0.4613613777 1.5307903557
1.1340000000 0.4250404854 0.4618067513 1.5315806694
1.1350000000 0.4254874916 0.4622519035 1.5323712959
1.1360000000 0.4259349785 0.4626968346 1.5331622353
1.1370000000 0.4263829308 0.4631415367 1.5339534950
1.1380000000 0.4268313637 0.4635860176 1.5347450600
1.1390000000 0.4272802696 0.4640302620 1.5355369377
1.1400000000 0.4277296638 0.4644742699 1.5363291283
1.1410000000 0.4281795387 0.4649180412 1.5371216316
1.1420000000 0.4286299095 0.4653615761 1.5379144478
1.1430000000 0.4290807610 0.4658048668 1.5387075691
1.1440000000 0.4295321159 0.4662479134 1.5395010033
1.1450000000 0.4299839668 0.4666907158 1.5402947502
1.1460000000 0.4304363136 0.4671332664 1.5410888023
1.1470000000 0.4308891640 0.4675755577 1.5418831596
1.1480000000 0.4313425179 0.4680176048 1.5426778297
1.1490000000 0.4317963905 0.4684593849 1.5434728050
1.1500000000 0.4322507668 0.4689009056 1.5442680855
1.1510000000 0.4327056694 0.4693421593 1.5450636711
1.1520000000 0.4331610832 0.4697831459 1.5458595695
1.1530000000 0.4336170235 0.4702238655 1.5466557655
1.1540000000 0.4340734901 0.4706643105 1.5474522743
1.1550000000 0.4345304832 0.4711044807 1.5482490807
1.1560000000 0.4349880104 0.4715443687 1.5490461922
1.1570000000 0.4354460716 0.4719839668 1.5498436089
1.1580000000 0.4359046822 0.4724232903 1.5506413307
1.1590000000 0.4363638268 0.4728623161 1.5514393578
1.1600000000 0.4368235283 0.4733010521 1.5522376823
1.1610000000 0.4372837715 0.4737394905 1.5530363045
1.1620000000 0.4377445717 0.4741776314 1.5538352318
1.1630000000 0.4382059364 0.4746154671 1.5546344643
1.1640000000 0.4386678581 0.4750529976 1.5554339943
1.1650000000 0.4391303520 0.4754902153 1.5562338219
1.1660000000 0.4395934105 0.4759271202 1.5570339470
1.1670000000 0.4400570412 0.4763637047 1.5578343773
1.1680000000 0.4405212593 0.4767999687 1.5586350975
1.1690000000 0.4409860497 0.4772359123 1.5594361229
1.1700000000 0.4414514351 0.4776715202 1.5602374458
1.1710000000 0.4419174080 0.4781068001 1.5610390587
1.1720000000 0.4423839684 0.4785417442 1.5618409767
1.1730000000 0.4428511391 0.4789763451 1.5626431847
1.1740000000 0.4433189125 0.4794106026 1.5634456902
1.1750000000 0.4437872887 0.4798445091 1.5642484932
1.1760000000 0.4442562752 0.4802780571 1.5650515862
1.1770000000 0.4447258873 0.4807112541 1.5658549767
1.1780000000 0.4451961174 0.4811440926 1.5666586571
1.1790000000 0.4456669731 0.4815765572 1.5674626350
1.1800000000 0.4461384621 0.4820086555 1.5682669106
1.1810000000 0.4466105843 0.4824403725 1.5690714684
1.1820000000 0.4470833473 0.4828717155 1.5698763237
1.1830000000 0.4475567589 0.4833026695 1.5706814690
1.1840000000 0.4480308266 0.4837332344 1.5714869041
1.1850000000 0.4485055428 0.4841634102 1.5722926369
1.1860000000 0.4489809227 0.4845931816 1.5730986519
1.1870000000 0.4494569740 0.4850225487 1.5739049568
1.1880000000 0.4499336891 0.4854515114 1.5747115517
1.1890000000 0.4504110832 0.4858800545 1.5755184441
1.1900000000 0.4508891640 0.4863081779 1.5763256111
1.1910000000 0.4513679390 0.4867358818 1.5771330757
1.1920000000 0.4518474007 0.4871631508 1.5779408226
1.1930000000 0.4523275642 0.4875899773 1.5787488594
1.1940000000 0.4528084373 0.4880163689 1.5795571861
1.1950000000 0.4532900200 0.4884423180 1.5803657951
1.1960000000 0.4537723198 0.4888678017 1.5811746864
1.1970000000 0.4542553444 0.4892928352 1.5819838676
1.1980000000 0.4547391014 0.4897173958 1.5827933311
1.1990000000 0.4552235985 0.4901414909 1.5836030769
1.2000000000 0.4557088432 0.4905651054 1.5844131126
1.2010000000 0.4561948280 0.4909882317 1.5852234306
1.2020000000 0.4566815834 0.4914108696 1.5860340233
1.2030000000 0.4571690941 0.4918330116 1.5868449059
1.2040000000 0.4576573830 0.4922546501 1.5876560707
1.2050000000 0.4581464424 0.4926757774 1.5884675179
1.2060000000 0.4586362953 0.4930963783 1.5892792473
1.2070000000 0.4591269417 0.4935164604 1.5900912514
1.2080000000 0.4596183891 0.4939360085 1.5909035378
1.2090000000 0.4601106453 0.4943550148 1.5917161064
1.2100000000 0.4606037178 0.4947734718 1.5925289574
1.2110000000 0.4610976219 0.4951913719 1.5933420830
1.2120000000 0.4615923576 0.4956087074 1.5941554909
1.2130000000 0.4620879326 0.4960254707 1.5949691734
1.2140000000 0.4625843544 0.4964416542 1.5957831306
1.2150000000 0.4630816460 0.4968572502 1.5965973701
1.2160000000 0.4635797997 0.4972722435 1.5974118843
1.2170000000 0.4640788307 0.4976866341 1.5982266808
1.2180000000 0.4645787544 0.4981004066 1.5990417519
1.2190000000 0.4650795708 0.4985135612 1.5998570900
1.2200000000 0.4655812950 0.4989260674 1.6006727104
1.2210000000 0.4660839348 0.4993379402 1.6014886055
1.2220000000 0.4665875053 0.4997491493 1.6023047752
1.2230000000 0.4670920067 0.5001597023 1.6031212196
1.2240000000 0.4675974617 0.5005695763 1.6039379311
1.2250000000 0.4681038704 0.5009787636 1.6047549248
1.2260000000 0.4686112556 0.5013872566 1.6055721855
1.2270000000 0.4691196175 0.5017950325 1.6063897209
1.2280000000 0.4696289787 0.5022020988 1.6072075233
1.2290000000 0.4701393394 0.5026084328 1.6080256004
1.2300000000 0.4706507225 0.5030140190 1.6088439445
1.2310000000 0.4711631355 0.5034188499 1.6096625710
1.2320000000 0.4716765862 0.5038229103 1.6104814568
1.2330000000 0.4721910973 0.5042261925 1.6113006172
1.2340000000 0.4727066841 0.5046286736 1.6121200447
1.2350000000 0.4732233543 0.5050303535 1.6129397392
1.2360000000 0.4737411232 0.5054312019 1.6137597084
1.2370000000 0.4742600060 0.5058312187 1.6145799370
1.2380000000 0.4747800179 0.5062303810 1.6154004402
1.2390000000 0.4753011742 0.5066286736 1.6162212105
1.2400000000 0.4758234901 0.5070260811 1.6170422401
1.2410000000 0.4763469887 0.5074225883 1.6178635445
1.2420000000 0.4768716774 0.5078181801 1.6186851158
1.2430000000 0.4773975868 0.5082128334 1.6195069466
1.2440000000 0.4779247169 0.5086065407 1.6203290443
1.2450000000 0.4784531059 0.5089992714 1.6211514091
1.2460000000 0.4789827614 0.5093910103 1.6219740334
1.2470000000 0.4795136986 0.5097817421 1.6227969322
1.2480000000 0.4800459557 0.5101714439 1.6236200829
1.2490000000 0.4805795326 0.5105600929 1.6244435005
1.2500000000 0.4811144676 0.5109476662 1.6252671852
1.2510000000 0.4816507759 0.5113341484 1.6260911293
1.2520000000 0.4821884880 0.5117195168 1.6269153328
1.2530000000 0.4827276115 0.5121037331 1.6277398033
1.2540000000 0.4832681923 0.5124867897 1.6285645256
1.2550000000 0.4838102455 0.5128686562 1.6293895149
1.2560000000 0.4843537941 0.5132492943 1.6302147636
1.2570000000 0.4848988762 0.5136286888 1.6310402718
1.2580000000 0.4854455147 0.5140068092 1.6318660469
1.2590000000 0.4859937401 0.5143836174 1.6326920738
1.2600000000 0.4865435905 0.5147590981 1.6335183601
1.2610000000 0.4870950813 0.5151332054 1.6343449059
1.2620000000 0.4876482658 0.5155059090 1.6351717033
1.2630000000 0.4882031670 0.5158771706 1.6359987679
1.2640000000 0.4887598305 0.5162469673 1.6368260841
1.2650000000 0.4893182869 0.5166152458 1.6376536598
1.2660000000 0.4898785744 0.5169819756 1.6384814873
1.2670000000 0.4904407463 0.5173471107 1.6393095741
1.2680000000 0.4910048332 0.5177106056 1.6401379204
1.2690000000 0.4915708885 0.5180724220 1.6409665184
1.2700000000 0.4921389656 0.5184325066 1.6417953682
1.2710000000 0.4927091026 0.5187908058 1.6426244774
1.2720000000 0.4932813530 0.5191472816 1.6434538383
1.2730000000 0.4938557854 0.5195018654 1.6442834511
1.2740000000 0.4944324455 0.5198544960 1.6451133156
1.2750000000 0.4950113945 0.5202051277 1.6459434395
1.2760000000 0.4955927010 0.5205536842 1.6467738075
1.2770000000 0.4961764412 0.5209001045 1.6476044350
1.2780000000 0.4967626762 0.5212443123 1.6484353142
1.2790000000 0.4973514824 0.5215862312 1.6492664375
1.2800000000 0.4979429512 0.5219257851 1.6500978203
1.2810000000 0.4985371590 0.5222628746 1.6509294472
1.2820000000 0.4991341972 0.5225974236 1.6517613258
1.2830000000 0.4997341652 0.5229293327 1.6525934563
1.2840000000 0.5003371773 0.5232584877 1.6534258385
1.2850000000 0.5009433327 0.5235847893 1.6542584648
1.2860000000 0.5015527534 0.5239081078 1.6550913353
1.2870000000 0.5021655693 0.5242283287 1.6559244652
1.2880000000 0.5027819099 0.5245452995 1.6567578316
1.2890000000 0.5034019432 0.5248588753 1.6575914574
1.2900000000 0.5040258064 0.5251689110 1.6584253197
1.2910000000 0.5046536980 0.5254752083 1.6592594337
1.2920000000 0.5052857857 0.5257775993 1.6600937920
1.2930000000 0.5059222832 0.5260758629 1.6609284019
1.2940000000 0.5065634270 0.5263697777 1.6617632484
1.2950000000 0.5072094536 0.5266590996 1.6625983467
1.2960000000 0.5078606377 0.5269435539 1.6634336891
1.2970000000 0.5085172844 0.5272228355 1.6642692757
1.2980000000 0.5091797371 0.5274966087 1.6651051064
1.2990000000 0.5098483620 0.5277644997 1.6659411812
1.3000000000 0.5105235863 0.5280260811 1.6667774925
1.3010000000 0.5112058830 0.5282808723 1.6676140556
1.3020000000 0.5118958015 0.5285283394 1.6684508553
1.3030000000 0.5125939674 0.5287678566 1.6692878990
1.3040000000 0.5133010902 0.5289987068 1.6701251869
1.3050000000 0.5140180168 0.5292200508 1.6709627190
1.3060000000 0.5147457314 0.5294308968 1.6718004875
1.3070000000 0.5154854088 0.5296300697 1.6726384926
1.3080000000 0.5162384758 0.5298161507 1.6734767418
1.3090000000 0.5170066795 0.5299873848 1.6743152351
1.3100000000 0.5177921944 0.5301415977 1.6751539650
1.3110000000 0.5185978355 0.5302759895 1.6759929314
1.3120000000 0.5194272728 0.5303868675 1.6768321419
1.3130000000 0.5202855339 0.5304692268 1.6776715889
1.3140000000 0.5211797676 0.5305159035 1.6785112724
1.3150000000 0.5221208382 0.5305160408 1.6793512001
1.3160000000 0.5231267204 0.5304516640 1.6801913567
1.3170000000 0.5242315025 0.5302886772 1.6810317574
1.3180000000 0.5255185509 0.5299437218 1.6818723869
1.3190000000 0.5274386787 0.5289659767 1.6827132607
