0.2190000000 0.0804551125 1.0237841988
0.2200000000 0.0808174400 1.0240000954
0.2210000000 0.0811797142 1.0242169533
0.2220000000 0.0815419273 1.0244347496
0.2230000000 0.0819040794 1.0246535072
0.2240000000 0.0822661781 1.0248732033
0.2250000000 0.0826282158 1.0250938530
0.2260000000 0.0829901924 1.0253154564
0.2270000000 0.0833521156 1.0255380058
0.2280000000 0.0837139778 1.0257615013
0.2290000000 0.0840757866 1.0259859428
0.2300000000 0.0844375267 1.0262113304
0.2310000000 0.0847992210 1.0264376640
0.2320000000 0.0851608467 1.0266649513
0.2330000000 0.0855224190 1.0268931770
0.2340000000 0.0858839378 1.0271223488
0.2350000000 0.0862453880 1.0273524666
0.2360000000 0.0866067848 1.0275835228
0.2370000000 0.0869681282 1.0278155327
0.2380000000 0.0873294106 1.0280484810
0.2390000000 0.0876906319 1.0282823677
0.2400000000 0.0880517998 1.0285172005
0.2410000000 0.0884129066 1.0287529716
0.2420000000 0.0887739601 1.0289896889
0.2430000000 0.0891349525 1.0292273445
0.2440000000 0.0894958839 1.0294659462
0.2450000000 0.0898567619 1.0297054787
0.2460000000 0.0902175789 1.0299459572
0.2470000000 0.0905783424 1.0301873741
0.2480000000 0.0909390450 1.0304297218
0.2490000000 0.0912996941 1.0306730156
0.2500000000 0.0916602821 1.0309172478
0.2510000000 0.0920208168 1.0311624107
0.2520000000 0.0923812904 1.0314085121
0.2530000000 0.0927417107 1.0316555519
0.2540000000 0.0931020699 1.0319035225
0.2550000000 0.0934623756 1.0321524315
0.2560000000 0.0938226204 1.0324022713
0.2570000000 0.0941828117 1.0326530495
0.2580000000 0.0945429497 1.0329047585
0.2590000000 0.0949030266 1.0331573982
0.2600000000 0.0952630501 1.0334109764
0.2610000000 0.0956230125 1.0336654854
0.2620000000 0.0959829292 1.0339209175
0.2630000000 0.0963427773 1.0341772881
0.2640000000 0.0967025795 1.0344345894
0.2650000000 0.0970623207 1.0346928215
0.2660000000 0.0974220085 1.0349519768
0.2670000000 0.0977816429 1.0352120628
0.2680000000 0.0981412163 1.0354730797
0.2690000000 0.0985007439 1.0357350273
0.2700000000 0.0988602104 1.0359978905
0.2710000000 0.0992196236 1.0362616920
0.2720000000 0.0995789833 1.0365264168
0.2730000000 0.0999382896 1.0367920647
0.2740000000 0.1002975349 1.0370586357
0.2750000000 0.1006567345 1.0373261375
0.2760000000 0.1010158806 1.0375945625
0.2770000000 0.1013749657 1.0378639030
0.2780000000 0.1017340050 1.0381341743
0.2790000000 0.1020929832 1.0384053688
0.2800000000 0.1024519157 1.0386774788
0.2810000000 0.1028107948 1.0389505119
0.2820000000 0.1031696205 1.0392244682
0.2830000000 0.1035283928 1.0394993477
0.2840000000 0.1038871117 1.0397751427
0.2850000000 0.1042457848 1.0400518532
0.2860000000 0.1046044044 1.0403294868
0.2870000000 0.1049629707 1.0406080360
0.2880000000 0.1053214836 1.0408875084
0.2890000000 0.1056799507 1.0411678886
0.2900000000 0.1060383644 1.0414491920
0.2910000000 0.1063967323 1.0417314110
0.2920000000 0.1067550468 1.0420145454
0.2930000000 0.1071133080 1.0422985954
0.2940000000 0.1074715233 1.0425835533
0.2950000000 0.1078296928 1.0428694267
0.2960000000 0.1081878090 1.0431562157
0.2970000000 0.1085458794 1.0434439201
0.2980000000 0.1089038963 1.0437325325
0.2990000000 0.1092618675 1.0440220528
0.3000000000 0.1096197929 1.0443124886
0.3010000000 0.1099776726 1.0446038322
0.3020000000 0.1103355064 1.0448960838
0.3030000000 0.1106932869 1.0451892433
0.3040000000 0.1110510216 1.0454833183
0.3050000000 0.1114087181 1.0457782936
0.3060000000 0.1117663612 1.0460741844
0.3070000000 0.1121239662 1.0463709755
0.3080000000 0.1124815178 1.0466686745
0.3090000000 0.1128390312 1.0469672737
0.3100000000 0.1131964989 1.0472667885
0.3110000000 0.1135539207 1.0475671959
0.3120000000 0.1139112968 1.0478685188
0.3130000000 0.1142686348 1.0481707344
0.3140000000 0.1146259270 1.0484738579
0.3150000000 0.1149831810 1.0487778816
0.3160000000 0.1153403893 1.0490828056
0.3170000000 0.1156975594 1.0493886299
0.3180000000 0.1160546837 1.0496953545
0.3190000000 0.1164117699 1.0500029869
0.3200000000 0.1167688179 1.0503115044
0.3210000000 0.1171258202 1.0506209297
0.3220000000 0.1174827919 1.0509312477
0.3230000000 0.1178397179 1.0512424660
0.3240000000 0.1181966057 1.0515545769
0.3250000000 0.1185534554 1.0518675880
0.3260000000 0.1189102669 1.0521814919
0.3270000000 0.1192670403 1.0524962883
0.3280000000 0.1196237831 1.0528119850
0.3290000000 0.1199804802 1.0531285744
0.3300000000 0.1203371468 1.0534460487
0.3310000000 0.1206937828 1.0537644234
0.3320000000 0.1210503807 1.0540836830
0.3330000000 0.1214069405 1.0544038353
0.3340000000 0.1217634697 1.0547248802
0.3350000000 0.1221199608 1.0550468102
0.3360000000 0.1224764214 1.0553696327
0.3370000000 0.1228328514 1.0556933403
0.3380000000 0.1231892509 1.0560179405
0.3390000000 0.1235456200 1.0563434258
0.3400000000 0.1239019508 1.0566697960
0.3410000000 0.1242582588 1.0569970512
0.3420000000 0.1246145363 1.0573251915
0.3430000000 0.1249707832 1.0576542168
0.3440000000 0.1253269997 1.0579841270
0.3450000000 0.1256831932 1.0583149223
0.3460000000 0.1260393562 1.0586466026
0.3470000000 0.1263954887 1.0589791603
0.3480000000 0.1267515984 1.0593125954
0.3490000000 0.1271076851 1.0596469154
0.3500000000 0.1274637489 1.0599821129
0.3510000000 0.1278197823 1.0603181953
0.3520000000 0.1281757927 1.0606551476
0.3530000000 0.1285317802 1.0609929848
0.3540000000 0.1288877525 1.0613316994
0.3550000000 0.1292436943 1.0616712914
0.3560000000 0.1295996208 1.0620117531
0.3570000000 0.1299555244 1.0623530922
0.3580000000 0.1303114052 1.0626953087
0.3590000000 0.1306672707 1.0630383949
0.3600000000 0.1310231133 1.0633823586
0.3610000000 0.1313789406 1.0637271996
0.3620000000 0.1317347527 1.0640729027
0.3630000000 0.1320905495 1.0644194832
0.3640000000 0.1324463310 1.0647669334
0.3650000000 0.1328020973 1.0651152534
0.3660000000 0.1331578484 1.0654644432
0.3670000000 0.1335135841 1.0658144951
0.3680000000 0.1338693047 1.0661654243
0.3690000000 0.1342250175 1.0665172157
0.3700000000 0.1345807228 1.0668698769
0.3710000000 0.1349364128 1.0672234001
0.3720000000 0.1352920952 1.0675777931
0.3730000000 0.1356477699 1.0679330482
0.3740000000 0.1360034294 1.0682891655
0.3750000000 0.1363590889 1.0686461449
0.3760000000 0.1367147408 1.0690039940
0.3770000000 0.1370703850 1.0693626976
0.3780000000 0.1374260292 1.0697222633
0.3790000000 0.1377816658 1.0700826988
0.3800000000 0.1381373024 1.0704439812
0.3810000000 0.1384929390 1.0708061333
0.3820000000 0.1388485680 1.0711691399
0.3830000000 0.1392041969 1.0715330009
0.3840000000 0.1395598335 1.0718977165
0.3850000000 0.1399154625 1.0722632942
0.3860000000 0.1402710991 1.0726297264
0.3870000000 0.1406267357 1.0729970131
0.3880000000 0.1409823799 1.0733651543
0.3890000000 0.1413380318 1.0737341499
0.3900000000 0.1416936836 1.0741040001
0.3910000000 0.1420493507 1.0744746971
0.3920000000 0.1424050179 1.0748462486
0.3930000000 0.1427607002 1.0752186546
0.3940000000 0.1431163826 1.0755919075
0.3950000000 0.1434720879 1.0759660072
0.3960000000 0.1438278008 1.0763409538
0.3970000000 0.1441835213 1.0767167549
0.3980000000 0.1445392647 1.0770934029
0.3990000000 0.1448950233 1.0774708900
0.4000000000 0.1452507896 1.0778492317
0.4010000000 0.1456065788 1.0782284126
0.4020000000 0.1459623909 1.0786084404
0.4030000000 0.1463182182 1.0789893074
0.4040000000 0.1466740608 1.0793710213
0.4050000000 0.1470299339 1.0797535744
0.4060000000 0.1473858223 1.0801369743
0.4070000000 0.1477417412 1.0805212059
0.4080000000 0.1480976830 1.0809062843
0.4090000000 0.1484536552 1.0812922020
0.4100000000 0.1488096504 1.0816789589
0.4110000000 0.1491656761 1.0820665474
0.4120000000 0.1495217323 1.0824549751
0.4130000000 0.1498778191 1.0828442421
0.4140000000 0.1502339363 1.0832343483
0.4150000000 0.1505900917 1.0836252861
0.4160000000 0.1509462776 1.0840170555
0.4170000000 0.1513025017 1.0844096565
0.4180000000 0.1516587639 1.0848030968
0.4190000000 0.1520150719 1.0851973610
0.4200000000 0.1523714104 1.0855924644
0.4210000000 0.1527277946 1.0859883919
0.4220000000 0.1530842247 1.0863851509
0.4230000000 0.1534406929 1.0867827415
0.4240000000 0.1537972069 1.0871811562
0.4250000000 0.1541537743 1.0875804024
0.4260000000 0.1545103874 1.0879804726
0.4270000000 0.1548670540 1.0883813744
0.4280000000 0.1552237663 1.0887830925
0.4290000000 0.1555805397 1.0891856422
0.4300000000 0.1559373589 1.0895890160
0.4310000000 0.1562942390 1.0899932060
0.4320000000 0.1566511803 1.0903982201
0.4330000000 0.1570081749 1.0908040581
0.4340000000 0.1573652306 1.0912107201
0.4350000000 0.1577223549 1.0916181984
0.4360000000 0.1580795326 1.0920264931
0.4370000000 0.1584367867 1.0924356117
0.4380000000 0.1587941017 1.0928455467
0.4390000000 0.1591514931 1.0932562981
0.4400000000 0.1595089455 1.0936678658
0.4410000000 0.1598664742 1.0940802498
0.4420000000 0.1602240791 1.0944934502
0.4430000000 0.1605817604 1.0949074593
0.4440000000 0.1609395180 1.0953222847
0.4450000000 0.1612973595 1.0957379189
0.4460000000 0.1616552773 1.0961543694
0.4470000000 0.1620132790 1.0965716286
0.4480000000 0.1623713646 1.0969896965
0.4490000000 0.1627295418 1.0974085808
0.4500000000 0.1630878105 1.0978282661
0.4510000000 0.1634461632 1.0982487602
0.4520000000 0.1638046150 1.0986700706
0.4530000000 0.1641631584 1.0990921745
0.4540000000 0.1645217934 1.0995150948
0.4550000000 0.1648805351 1.0999388084
0.4560000000 0.1652393761 1.1003633385
0.4570000000 0.1655983238 1.1007886620
0.4580000000 0.1659573784 1.1012147942
0.4590000000 0.1663165398 1.1016417274
0.4600000000 0.1666758080 1.1020694542
0.4610000000 0.1670351906 1.1024979897
0.4620000000 0.1673946877 1.1029273186
0.4630000000 0.1677542992 1.1033574486
0.4640000000 0.1681140404 1.1037883797
0.4650000000 0.1684738960 1.1042201042
0.4660000000 0.1688338737 1.1046526299
0.4670000000 0.1691939812 1.1050859413
0.4680000000 0.1695542259 1.1055200539
0.4690000000 0.1699145927 1.1059549599
0.4700000000 0.1702750969 1.1063906593
0.4710000000 0.1706357460 1.1068271523
0.4720000000 0.1709965248 1.1072644386
0.4730000000 0.1713574562 1.1077025108
0.4740000000 0.1717185249 1.1081413689
0.4750000000 0.1720797462 1.1085810280
0.4760000000 0.1724411201 1.1090214653
0.4770000000 0.1728026543 1.1094626961
0.4780000000 0.1731643410 1.1099047127
0.4790000000 0.1735261879 1.1103475151
0.4800000000 0.1738882027 1.1107911034
0.4810000000 0.1742503853 1.1112354698
0.4820000000 0.1746127357 1.1116806297
0.4830000000 0.1749752617 1.1121265678
0.4840000000 0.1753379631 1.1125732841
0.4850000000 0.1757008476 1.1130207863
0.4860000000 0.1760639229 1.1134690742
0.4870000000 0.1764271812 1.1139181328
0.4880000000 0.1767906303 1.1143679771
0.4890000000 0.1771542778 1.1148185921
0.4900000000 0.1775181313 1.1152699928
0.4910000000 0.1778821831 1.1157221642
0.4920000000 0.1782464485 1.1161751137
0.4930000000 0.1786109200 1.1166288414
0.4940000000 0.1789756126 1.1170833397
0.4950000000 0.1793405266 1.1175386086
0.4960000000 0.1797056694 1.1179946480
0.4970000000 0.1800710411 1.1184514656
0.4980000000 0.1804366493 1.1189090538
0.4990000000 0.1808025017 1.1193674126
0.5000000000 0.1811685982 1.1198265343
0.5010000000 0.1815349464 1.1202864342
0.5020000000 0.1819015541 1.1207470970
0.5030000000 0.1822684288 1.1212085228
0.5040000000 0.1826355705 1.1216707191
0.5050000000 0.1830029869 1.1221336784
0.5060000000 0.1833706779 1.1225974083
0.5070000000 0.1837386665 1.1230618935
0.5080000000 0.1841069450 1.1235271492
0.5090000000 0.1844755363 1.1239931602
0.5100000000 0.1848444252 1.1244599419
0.5110000000 0.1852136421 1.1249274712
0.5120000000 0.1855831795 1.1253957710
0.5130000000 0.1859530525 1.1258648262
0.5140000000 0.1863232689 1.1263346367
0.5150000000 0.1866938362 1.1268052101
0.5160000000 0.1870647621 1.1272765312
0.5170000000 0.1874360695 1.1277486153
0.5180000000 0.1878077583 1.1282214546
0.5190000000 0.1881798439 1.1286950417
0.5200000000 0.1885523338 1.1291693916
0.5210000000 0.1889252510 1.1296444817
0.5220000000 0.1892985954 1.1301203346
0.5230000000 0.1896723976 1.1305969353
0.5240000000 0.1900466652 1.1310742836
0.5250000000 0.1904214134 1.1315523796
0.5260000000 0.1907966728 1.1320312233
0.5270000000 0.1911724510 1.1325108223
0.5280000000 0.1915487862 1.1329911613
0.5290000000 0.1919256935 1.1334722481
0.5300000000 0.1923032036 1.1339540749
0.5310000000 0.1926813469 1.1344366493
0.5320000000 0.1930601768 1.1349199715
0.5330000000 0.1934397163 1.1354040337
0.5340000000 0.1938200417 1.1358888359
0.5350000000 0.1942011986 1.1363743782
0.5360000000 0.1945832710 1.1368606606
0.5370000000 0.1949663734 1.1373476830
0.5380000000 0.1953506432 1.1378354454
0.5390000000 0.1957363014 1.1383239479
0.5400000000 0.1961237297 1.1388131828
0.5410000000 0.1965139122 1.1393031578
0.5420000000 0.1969066887 1.1397938652
0.5430000000 0.1972954597 1.1402853050
0.5440000000 0.1976821480 1.1407774849
0.5450000000 0.1980673103 1.1412703896
0.5460000000 0.1984512367 1.1417640266
0.5470000000 0.1988341103 1.1422584038
0.5480000000 0.1992160378 1.1427535057
0.5490000000 0.1995971184 1.1432493324
0.5500000000 0.1999774284 1.1437458916
0.5510000000 0.2003570213 1.1442431831
0.5520000000 0.2007359581 1.1447411919
0.5530000000 0.2011142693 1.1452399330
0.5540000000 0.2014919930 1.1457393990
0.5550000000 0.2018691750 1.1462395897
0.5560000000 0.2022458382 1.1467405052
0.5570000000 0.2026220055 1.1472421379
0.5580000000 0.2029977150 1.1477444954
0.5590000000 0.2033729744 1.1482475777
0.5600000000 0.2037478065 1.1487513771
0.5610000000 0.2041222420 1.1492558937
0.5620000000 0.2044962883 1.1497611351
0.5630000000 0.2048699760 1.1502670937
0.5640000000 0.2052432976 1.1507737617
0.5650000000 0.2056162910 1.1512811546
0.5660000000 0.2059889565 1.1517892570
0.5670000000 0.2063613167 1.1522980766
0.5680000000 0.2067333717 1.1528076057
0.5690000000 0.2071051445 1.1533178520
0.5700000000 0.2074766426 1.1538288078
0.5710000000 0.2078478813 1.1543404808
0.5720000000 0.2082188606 1.1548528557
0.5730000000 0.2085895958 1.1553659477
0.5740000000 0.2089600945 1.1558797417
0.5750000000 0.2093303642 1.1563942528
0.5760000000 0.2097004204 1.1569094582
0.5770000000 0.2100702629 1.1574253807
0.5780000000 0.2104399071 1.1579420052
0.5790000000 0.2108093529 1.1584593315
0.5800000000 0.2111786079 1.1589773598
0.5810000000 0.2115476875 1.1594960976
0.5820000000 0.2119165840 1.1600155373
0.5830000000 0.2122853203 1.1605356712
0.5840000000 0.2126538887 1.1610565071
0.5850000000 0.2130222969 1.1615780449
0.5860000000 0.2133905525 1.1621002846
0.5870000000 0.2137586632 1.1626232185
0.5880000000 0.2141266365 1.1631468544
0.5890000000 0.2144944649 1.1636711769
0.5900000000 0.2148621635 1.1641962013
0.5910000000 0.2152297325 1.1647219200
0.5920000000 0.2155971794 1.1652483330
0.5930000000 0.2159645042 1.1657754326
0.5940000000 0.2163317146 1.1663032341
0.5950000000 0.2166988182 1.1668317146
0.5960000000 0.2170658073 1.1673608971
0.5970000000 0.2174326973 1.1678907661
0.5980000000 0.2177994804 1.1684213219
0.5990000000 0.2181661720 1.1689525642
0.6000000000 0.2185327644 1.1694844933
0.6010000000 0.2188992729 1.1700171089
0.6020000000 0.2192656822 1.1705504112
0.6030000000 0.2196320152 1.1710844002
0.6040000000 0.2199982643 1.1716190681
0.6050000000 0.2203644371 1.1721544228
0.6060000000 0.2207305260 1.1726904564
0.6070000000 0.2210965462 1.1732271767
0.6080000000 0.2214624901 1.1737645760
0.6090000000 0.2218283653 1.1743026466
0.6100000000 0.2221941795 1.1748414040
0.6110000000 0.2225599251 1.1753808403
0.6120000000 0.2229256096 1.1759209480
0.6130000000 0.2232912331 1.1764617348
0.6140000000 0.2236567955 1.1770031929
0.6150000000 0.2240223045 1.1775453300
0.6160000000 0.2243877602 1.1780881386
0.6170000000 0.2247531624 1.1786316261
0.6180000000 0.2251185188 1.1791757774
0.6190000000 0.2254838219 1.1797206001
0.6200000000 0.2258490868 1.1802661018
0.6210000000 0.2262142982 1.1808122673
0.6220000000 0.2265794716 1.1813590965
0.6230000000 0.2269446068 1.1819065971
0.6240000000 0.2273096962 1.1824547691
0.6250000000 0.2276747475 1.1830036049
0.6260000000 0.2280397682 1.1835531044
0.6270000000 0.2284047508 1.1841032677
0.6280000000 0.2287696953 1.1846540947
0.6290000000 0.2291346092 1.1852055855
0.6300000000 0.2294995003 1.1857577400
0.6310000000 0.2298643532 1.1863105583
0.6320000000 0.2302291832 1.1868640327
0.6330000000 0.2305939903 1.1874181633
0.6340000000 0.2309587669 1.1879729576
0.6350000000 0.2313235207 1.1885284081
0.6360000000 0.2316882515 1.1890845146
0.6370000000 0.2320529594 1.1896412773
0.6380000000 0.2324176521 1.1901986961
0.6390000000 0.2327823219 1.1907567711
0.6400000000 0.2331469765 1.1913155022
0.6410000000 0.2335116081 1.1918748817
0.6420000000 0.2338762321 1.1924349098
0.6430000000 0.2342408333 1.1929955940
0.6440000000 0.2346054268 1.1935569267
0.6450000000 0.2349700050 1.1941189079
0.6460000000 0.2353345757 1.1946815453
0.6470000000 0.2356991386 1.1952448235
0.6480000000 0.2360636864 1.1958087502
0.6490000000 0.2364282265 1.1963733253
0.6500000000 0.2367927589 1.1969385414
0.6510000000 0.2371572838 1.1975043983
0.6520000000 0.2375218010 1.1980709114
0.6530000000 0.2378863182 1.1986380577
0.6540000000 0.2382508354 1.1992058449
0.6550000000 0.2386153450 1.1997742805
0.6560000000 0.2389798470 1.2003433495
0.6570000000 0.2393443565 1.2009130669
0.6580000000 0.2397088585 1.2014834175
0.6590000000 0.2400733681 1.2020544014
0.6600000000 0.2404378777 1.2026260262
0.6610000000 0.2408023872 1.2031982918
0.6620000000 0.2411669044 1.2037711830
0.6630000000 0.2415314217 1.2043447151
0.6640000000 0.2418959389 1.2049188805
0.6650000000 0.2422604713 1.2054936790
0.6660000000 0.2426250038 1.2060691109
0.6670000000 0.2429895439 1.2066451759
0.6680000000 0.2433540916 1.2072218666
0.6690000000 0.2437186470 1.2077991829
0.6700000000 0.2440832176 1.2083771324
0.6710000000 0.2444477959 1.2089557152
0.6720000000 0.2448123817 1.2095349159
0.6730000000 0.2451769753 1.2101147499
0.6740000000 0.2455415916 1.2106952095
0.6750000000 0.2459062157 1.2112762871
0.6760000000 0.2462708473 1.2118579903
0.6770000000 0.2466355019 1.2124403191
0.6780000000 0.2470001717 1.2130232735
0.6790000000 0.2473648491 1.2136068382
0.6800000000 0.2477295494 1.2141910362
0.6810000000 0.2480942650 1.2147758446
0.6820000000 0.2484589958 1.2153612785
0.6830000000 0.2488237495 1.2159473228
0.6840000000 0.2491885185 1.2165339928
0.6850000000 0.2495533104 1.2171212730
0.6860000000 0.2499181175 1.2177091713
0.6870000000 0.2502829475 1.2182976799
0.6880000000 0.2506478004 1.2188868065
0.6890000000 0.2510126762 1.2194765511
0.6900000000 0.2513775749 1.2200668983
0.6910000000 0.2517424889 1.2206578636
0.6920000000 0.2521074333 1.2212494392
0.6930000000 0.2524724083 1.2218416176
0.6940000000 0.2528373985 1.2224344139
0.6950000000 0.2532024193 1.2230278130
0.6960000000 0.2535674629 1.2236218224
0.6970000000 0.2539325371 1.2242164345
0.6980000000 0.2542976418 1.2248116570
0.6990000000 0.2546627693 1.2254074821
0.7000000000 0.2550279274 1.2260039101
0.7010000000 0.2553931160 1.2266009407
0.7020000000 0.2557583351 1.2271985741
0.7030000000 0.2561235771 1.2277968102
0.7040000000 0.2564888573 1.2283956490
0.7050000000 0.2568541679 1.2289950829
0.7060000000 0.2572195168 1.2295951195
0.7070000000 0.2575848885 1.2301957588
0.7080000000 0.2579502983 1.2307969933
0.7090000000 0.2583157463 1.2313988152
0.7100000000 0.2586812248 1.2320012474
0.7110000000 0.2590467339 1.2326042671
0.7120000000 0.2594122810 1.2332078819
0.7130000000 0.2597778664 1.2338120842
0.7140000000 0.2601434898 1.2344168892
0.7150000000 0.2605091515 1.2350222816
0.7160000000 0.2608748512 1.2356282616
0.7170000000 0.2612405815 1.2362348366
0.7180000000 0.2616063576 1.2368419991
0.7190000000 0.2619721718 1.2374497490
0.7200000000 0.2623380318 1.2380580940
0.7210000000 0.2627039223 1.2386670189
0.7220000000 0.2630698662 1.2392765312
0.7230000000 0.2634358406 1.2398866310
0.7240000000 0.2638018608 1.2404973106
0.7250000000 0.2641679268 1.2411085777
0.7260000000 0.2645340385 1.2417204247
0.7270000000 0.2649001884 1.2423328590
0.7280000000 0.2652663841 1.2429458733
0.7290000000 0.2656326256 1.2435594673
0.7300000000 0.2659989128 1.2441736412
0.7310000000 0.2663652458 1.2447883949
0.7320000000 0.2667316246 1.2454037209
0.7330000000 0.2670980568 1.2460196266
0.7340000000 0.2674645271 1.2466361122
0.7350000000 0.2678310509 1.2472531776
0.7360000000 0.2681976280 1.2478708076
0.7370000000 0.2685642433 1.2484890175
0.7380000000 0.2689309196 1.2491077995
0.7390000000 0.2692976418 1.2497271538
0.7400000000 0.2696644173 1.2503470802
0.7410000000 0.2700312386 1.2509675789
0.7420000000 0.2703981209 1.2515886497
0.7430000000 0.2707650490 1.2522102852
0.7440000000 0.2711320305 1.2528324928
0.7450000000 0.2714990654 1.2534552650
0.7460000000 0.2718661613 1.2540786095
0.7470000000 0.2722333031 1.2547025108
0.7480000000 0.2726005058 1.2553269844
0.7490000000 0.2729677696 1.2559520226
0.7500000000 0.2733350792 1.2565776253
0.7510000000 0.2737024498 1.2572037849
0.7520000000 0.2740698814 1.2578305092
0.7530000000 0.2744373665 1.2584577980
0.7540000000 0.2748049126 1.2590856438
0.7550000000 0.2751725197 1.2597140541
0.7560000000 0.2755401802 1.2603430214
0.7570000000 0.2759079094 1.2609725456
0.7580000000 0.2762756920 1.2616026268
0.7590000000 0.2766435356 1.2622332649
0.7600000000 0.2770114479 1.2628644600
0.7610000000 0.2773794136 1.2634962120
0.7620000000 0.2777474480 1.2641285133
0.7630000000 0.2781155510 1.2647613716
0.7640000000 0.2784837074 1.2653947868
0.7650000000 0.2788519325 1.2660287437
0.7660000000 0.2792202263 1.2666632576
0.7670000000 0.2795885811 1.2672983208
0.7680000000 0.2799570045 1.2679339333
0.7690000000 0.2803254967 1.2685701027
0.7700000000 0.2806940575 1.2692068062
0.7710000000 0.2810626793 1.2698440666
0.7720000000 0.2814313698 1.2704818687
0.7730000000 0.2818001366 1.2711202202
0.7740000000 0.2821689644 1.2717591133
0.7750000000 0.2825378685 1.2723985558
0.7760000000 0.2829068413 1.2730385399
0.7770000000 0.2832758827 1.2736790581
0.7780000000 0.2836450005 1.2743201256
0.7790000000 0.2840141869 1.2749617348
0.7800000000 0.2843834496 1.2756038857
0.7810000000 0.2847527809 1.2762465706
0.7820000000 0.2851221886 1.2768897972
0.7830000000 0.2854916725 1.2775335579
0.7840000000 0.2858612251 1.2781778603
0.7850000000 0.2862308617 1.2788226967
0.7860000000 0.2866005669 1.2794680748
0.7870000000 0.2869703560 1.2801139793
0.7880000000 0.2873402138 1.2807604256
0.7890000000 0.2877101555 1.2814073982
0.7900000000 0.2880801735 1.2820549049
0.7910000000 0.2884502754 1.2827029457
0.7920000000 0.2888204536 1.2833515129
0.7930000000 0.2891907082 1.2840006142
0.7940000000 0.2895610466 1.2846502495
0.7950000000 0.2899314690 1.2853004036
0.7960000000 0.2903019676 1.2859510918
0.7970000000 0.2906725502 1.2866023064
0.7980000000 0.2910432167 1.2872540474
0.7990000000 0.2914139671 1.2879063148
0.8000000000 0.2917848015 1.2885591011
0.8010000000 0.2921557198 1.2892124214
0.8020000000 0.2925267220 1.2898662529
0.8030000000 0.2928978157 1.2905206184
0.8040000000 0.2932689934 1.2911755028
0.8050000000 0.2936402550 1.2918309059
0.8060000000 0.2940116005 1.2924868279
0.8070000000 0.2943830452 1.2931432686
0.8080000000 0.2947545662 1.2938002357
0.8090000000 0.2951261864 1.2944577141
0.8100000000 0.2954978905 1.2951157112
0.8110000000 0.2958696861 1.2957742271
0.8120000000 0.2962415733 1.2964332542
0.8130000000 0.2966135521 1.2970928001
0.8140000000 0.2969856224 1.2977528572
0.8150000000 0.2973577919 1.2984134331
0.8160000000 0.2977300453 1.2990745201
0.8170000000 0.2981023979 1.2997361183
0.8180000000 0.2984748421 1.3003982277
0.8190000000 0.2988473854 1.3010608406
0.8200000000 0.2992200203 1.3017239723
0.8210000000 0.2995927544 1.3023876076
0.8220000000 0.2999655876 1.3030517540
0.8230000000 0.3003385124 1.3037164116
0.8240000000 0.3007115440 1.3043815727
0.8250000000 0.3010846672 1.3050472374
0.8260000000 0.3014578896 1.3057134056
0.8270000000 0.3018312111 1.3063800850
0.8280000000 0.3022046394 1.3070472679
0.8290000000 0.3025781670 1.3077149467
0.8300000000 0.3029517937 1.3083831367
0.8310000000 0.3033255272 1.3090518227
0.8320000000 0.3036993599 1.3097210121
0.8330000000 0.3040732918 1.3103906975
0.8340000000 0.3044473381 1.3110608864
0.8350000000 0.3048214836 1.3117315712
0.8360000000 0.3051957359 1.3124027519
0.8370000000 0.3055700874 1.3130744362
0.8380000000 0.3059445534 1.3137466087
0.8390000000 0.3063191261 1.3144192848
0.8400000000 0.3066938057 1.3150924492
0.8410000000 0.3070685921 1.3157661171
0.8420000000 0.3074434929 1.3164402733
0.8430000000 0.3078185005 1.3171149178
0.8440000000 0.3081936150 1.3177900581
0.8450000000 0.3085688438 1.3184656868
0.8460000000 0.3089441872 1.3191418114
0.8470000000 0.3093196449 1.3198184242
0.8480000000 0.3096952095 1.3204955254
0.8490000000 0.3100708885 1.3211731148
0.8500000000 0.3104466820 1.3218511925
0.8510000000 0.3108225899 1.3225297585
0.8520000000 0.3111986198 1.3232088051
0.8530000000 0.3115747566 1.3238883400
0.8540000000 0.3119510155 1.3245683632
0.8550000000 0.3123273964 1.3252488670
0.8560000000 0.3127038918 1.3259298515
0.8570000000 0.3130805016 1.3266113243
0.8580000000 0.3134572334 1.3272932701
0.8590000000 0.3138340874 1.3279757042
0.8600000000 0.3142110634 1.3286586189
0.8610000000 0.3145881615 1.3293420143
0.8620000000 0.3149653740 1.3300258827
0.8630000000 0.3153427162 1.3307102318
0.8640000000 0.3157201805 1.3313950615
0.8650000000 0.3160977745 1.3320803642
0.8660000000 0.3164754829 1.3327661476
0.8670000000 0.3168533211 1.3334524040
0.8680000000 0.3172312889 1.3341391335
0.8690000000 0.3176093788 1.3348263435
0.8700000000 0.3179875984 1.3355140190
0.8710000000 0.3183659477 1.3362021675
0.8720000000 0.3187444267 1.3368907890
0.8730000000 0.3191230354 1.3375798836
0.8740000000 0.3195017738 1.3382694511
0.8750000000 0.3198806419 1.3389594841
0.8760000000 0.3202596397 1.3396499825
0.8770000000 0.3206387749 1.3403409538
0.8780000000 0.3210180397 1.3410323906
0.8790000000 0.3213974419 1.3417243004
0.8800000000 0.3217769737 1.3424166679
0.8810000000 0.3221566429 1.3431095085
0.8820000000 0.3225364494 1.3438028069
0.8830000000 0.3229163933 1.3444965782
0.8840000000 0.3232964668 1.3451908073
0.8850000000 0.3236766853 1.3458854942
0.8860000000 0.3240570412 1.3465806465
0.8870000000 0.3244375420 1.3472762642
0.8880000000 0.3248181801 1.3479723396
0.8890000000 0.3251989555 1.3486688805
0.8900000000 0.3255798759 1.3493658714
0.8910000000 0.3259609337 1.3500633278
0.8920000000 0.3263421364 1.3507612343
0.8930000000 0.3267234840 1.3514596062
0.8940000000 0.3271049767 1.3521584282
0.8950000000 0.3274866142 1.3528577080
0.8960000000 0.3278684044 1.3535574455
0.8970000000 0.3282503319 1.3542576332
0.8980000000 0.3286324120 1.3549582787
0.8990000000 0.3290146370 1.3556593742
0.9000000000 0.3293970146 1.3563609276
0.9010000000 0.3297795372 1.3570629234
0.9020000000 0.3301622124 1.3577653770
0.9030000000 0.3305450401 1.3584682808
0.9040000000 0.3309280205 1.3591716270
0.9050000000 0.3313111534 1.3598754311
0.9060000000 0.3316944389 1.3605796776
0.9070000000 0.3320778847 1.3612843742
0.9080000000 0.3324614754 1.3619895134
0.9090000000 0.3328452263 1.3626951027
0.9100000000 0.3332291374 1.3634011345
0.9110000000 0.3336132011 1.3641076164
0.9120000000 0.3339974251 1.3648145409
0.9130000000 0.3343818092 1.3655219078
0.9140000000 0.3347663460 1.3662297173
0.9150000000 0.3351510506 1.3669379692
0.9160000000 0.3355359154 1.3676466560
0.9170000000 0.3359209404 1.3683557930
0.9180000000 0.3363061333 1.3690653648
0.9190000000 0.3366914864 1.3697753792
0.9200000000 0.3370769997 1.3704858284
0.9210000000 0.3374626808 1.3711967201
0.9220000000 0.3378485298 1.3719080467
0.9230000000 0.3382345467 1.3726198082
0.9240000000 0.3386207314 1.3733320122
0.9250000000 0.3390070839 1.3740446434
0.9260000000 0.3393936043 1.3747577171
0.9270000000 0.3397802925 1.3754712181
0.9280000000 0.3401671562 1.3761851540
0.9290000000 0.3405541878 1.3768995247
0.9300000000 0.3409413948 1.3776143303
0.9310000000 0.3413287773 1.3783295631
0.9320000000 0.3417163277 1.3790452232
0.9330000000 0.3421040611 1.3797613182
0.9340000000 0.3424919624 1.3804778404
0.9350000000 0.3428800468 1.3811947975
0.9360000000 0.3432683067 1.3819121742
0.9370000000 0.3436567421 1.3826299858
0.9380000000 0.3440453606 1.3833482170
0.9390000000 0.3444341621 1.3840668831
0.9400000000 0.3448231392 1.3847859688
0.9410000000 0.3452122993 1.3855054817
0.9420000000 0.3456016426 1.3862254143
0.9430000000 0.3459911690 1.3869457741
0.9440000000 0.3463808784 1.3876665535
0.9450000000 0.3467707787 1.3883877602
0.9460000000 0.3471608620 1.3891093864
0.9470000000 0.3475511284 1.3898314323
0.9480000000 0.3479415855 1.3905538979
0.9490000000 0.3483322334 1.3912767830
0.9500000000 0.3487230721 1.3920000877
0.9510000000 0.3491141014 1.3927238121
0.9520000000 0.3495053139 1.3934479561
0.9530000000 0.3498967247 1.3941725121
0.9540000000 0.3502883339 1.3948974876
0.9550000000 0.3506801338 1.3956228828
0.9560000000 0.3510721245 1.3963486900
0.9570000000 0.3514643135 1.3970749092
0.9580000000 0.3518567009 1.3978015404
0.9590000000 0.3522492867 1.3985285912
0.9600000000 0.3526420708 1.3992560463
0.9610000000 0.3530350533 1.3999839211
0.9620000000 0.3534282341 1.4007122078
0.9630000000 0.3538216209 1.4014408989
0.9640000000 0.3542152138 1.4021700020
0.9650000000 0.3546090050 1.4028995171
0.9660000000 0.3550030022 1.4036294365
0.9670000000 0.3553971977 1.4043597679
