0.6690000000 0.2384726000 0.2498876000
0.6695000000 0.2386576000 0.2500926000
0.6700000000 0.2388476000 0.2502976000
0.6705000000 0.2390376000 0.2505076000
0.6710000000 0.2392226000 0.2507126000
0.6715000000 0.2394126000 0.2509176000
0.6720000000 0.2396026000 0.2511276000
0.6725000000 0.2397876000 0.2513326000
0.6730000000 0.2399776000 0.2515376000
0.6735000000 0.2401676000 0.2517476000
0.6740000000 0.2403576000 0.2519526000
0.6745000000 0.2405426000 0.2521576000
0.6750000000 0.2407326000 0.2523626000
0.6755000000 0.2409226000 0.2525726000
0.6760000000 0.2411126000 0.2527776000
0.6765000000 0.2412976000 0.2529826000
0.6770000000 0.2414876000 0.2531876000
0.6775000000 0.2416776000 0.2533976000
0.6780000000 0.2418676000 0.2536026000
0.6785000000 0.2420576000 0.2538076000
0.6790000000 0.2422426000 0.2540126000
0.6795000000 0.2424326000 0.2542226000
0.6800000000 0.2426226000 0.2544276000
0.6805000000 0.2428126000 0.2546326000
0.6810000000 0.2430026000 0.2548376000
0.6815000000 0.2431926000 0.2550476000
0.6820000000 0.2433826000 0.2552526000
0.6825000000 0.2435676000 0.2554576000
0.6830000000 0.2437576000 0.2556626000
0.6835000000 0.2439476000 0.2558676000
0.6840000000 0.2441376000 0.2560726000
0.6845000000 0.2443276000 0.2562826000
0.6850000000 0.2445176000 0.2564876000
0.6855000000 0.2447076000 0.2566926000
0.6860000000 0.2448976000 0.2568976000
0.6865000000 0.2450876000 0.2571026000
0.6870000000 0.2452776000 0.2573076000
0.6875000000 0.2454676000 0.2575176000
0.6880000000 0.2456576000 0.2577226000
0.6885000000 0.2458476000 0.2579276000
0.6890000000 0.2460376000 0.2581326000
0.6895000000 0.2462276000 0.2583376000
0.6900000000 0.2464176000 0.2585426000
0.6905000000 0.2466076000 0.2587476000
0.6910000000 0.2468026000 0.2589526000
0.6915000000 0.2469926000 0.2591626000
0.6920000000 0.2471826000 0.2593676000
0.6925000000 0.2473726000 0.2595726000
0.6930000000 0.2475626000 0.2597776000
0.6935000000 0.2477526000 0.2599826000
0.6940000000 0.2479426000 0.2601876000
0.6945000000 0.2481376000 0.2603926000
0.6950000000 0.2483276000 0.2605976000
0.6955000000 0.2485176000 0.2608026000
0.6960000000 0.2487076000 0.2610076000
0.6965000000 0.2488976000 0.2612126000
0.6970000000 0.2490926000 0.2614176000
0.6975000000 0.2492826000 0.2616226000
0.6980000000 0.2494726000 0.2618276000
0.6985000000 0.2496626000 0.2620326000
0.6990000000 0.2498576000 0.2622376000
0.6995000000 0.2500476000 0.2624426000
0.7000000000 0.2502376000 0.2626476000
0.7005000000 0.2504326000 0.2628526000
0.7010000000 0.2506226000 0.2630576000
0.7015000000 0.2508126000 0.2632626000
0.7020000000 0.2510076000 0.2634676000
0.7025000000 0.2511976000 0.2636726000
0.7030000000 0.2513876000 0.2638776000
0.7035000000 0.2515826000 0.2640826000
0.7040000000 0.2517726000 0.2642876000
0.7045000000 0.2519676000 0.2644926000
0.7050000000 0.2521576000 0.2646976000
0.7055000000 0.2523526000 0.2649026000
0.7060000000 0.2525426000 0.2651076000
0.7065000000 0.2527326000 0.2653126000
0.7070000000 0.2529276000 0.2655176000
0.7075000000 0.2531176000 0.2657226000
0.7080000000 0.2533126000 0.2659276000
0.7085000000 0.2535076000 0.2661326000
0.7090000000 0.2536976000 0.2663376000
0.7095000000 0.2538926000 0.2665376000
0.7100000000 0.2540826000 0.2667426000
0.7105000000 0.2542776000 0.2669476000
0.7110000000 0.2544676000 0.2671526000
0.7115000000 0.2546626000 0.2673576000
0.7120000000 0.2548576000 0.2675626000
0.7125000000 0.2550476000 0.2677676000
0.7130000000 0.2552426000 0.2679676000
0.7135000000 0.2554376000 0.2681726000
0.7140000000 0.2556276000 0.2683776000
0.7145000000 0.2558226000 0.2685826000
0.7150000000 0.2560176000 0.2687876000
0.7155000000 0.2562076000 0.2689926000
0.7160000000 0.2564026000 0.2691926000
0.7165000000 0.2565976000 0.2693976000
0.7170000000 0.2567926000 0.2696026000
0.7175000000 0.2569826000 0.2698076000
0.7180000000 0.2571776000 0.2700126000
0.7185000000 0.2573726000 0.2702126000
0.7190000000 0.2575676000 0.2704176000
0.7195000000 0.2577626000 0.2706226000
0.7200000000 0.2579576000 0.2708276000
0.7205000000 0.2581526000 0.2710276000
0.7210000000 0.2583426000 0.2712326000
0.7215000000 0.2585376000 0.2714376000
0.7220000000 0.2587326000 0.2716376000
0.7225000000 0.2589276000 0.2718426000
0.7230000000 0.2591226000 0.2720476000
0.7235000000 0.2593176000 0.2722526000
0.7240000000 0.2595126000 0.2724526000
0.7245000000 0.2597076000 0.2726576000
0.7250000000 0.2599026000 0.2728626000
0.7255000000 0.2600976000 0.2730626000
0.7260000000 0.2602926000 0.2732676000
0.7265000000 0.2604876000 0.2734676000
0.7270000000 0.2606826000 0.2736726000
0.7275000000 0.2608776000 0.2738776000
0.7280000000 0.2610726000 0.2740776000
0.7285000000 0.2612726000 0.2742826000
0.7290000000 0.2614676000 0.2744876000
0.7295000000 0.2616626000 0.2746876000
0.7300000000 0.2618576000 0.2748926000
0.7305000000 0.2620526000 0.2750926000
0.7310000000 0.2622476000 0.2752976000
0.7315000000 0.2624476000 0.2754976000
0.7320000000 0.2626426000 0.2757026000
0.7325000000 0.2628376000 0.2759026000
0.7330000000 0.2630326000 0.2761076000
0.7335000000 0.2632326000 0.2763126000
0.7340000000 0.2634276000 0.2765126000
0.7345000000 0.2636226000 0.2767176000
0.7350000000 0.2638226000 0.2769176000
0.7355000000 0.2640176000 0.2771176000
0.7360000000 0.2642126000 0.2773226000
0.7365000000 0.2644126000 0.2775226000
0.7370000000 0.2646076000 0.2777276000
0.7375000000 0.2648076000 0.2779276000
0.7380000000 0.2650026000 0.2781326000
0.7385000000 0.2651976000 0.2783326000
0.7390000000 0.2653976000 0.2785376000
0.7395000000 0.2655926000 0.2787376000
0.7400000000 0.2657926000 0.2789376000
0.7405000000 0.2659876000 0.2791426000
0.7410000000 0.2661876000 0.2793426000
0.7415000000 0.2663876000 0.2795426000
0.7420000000 0.2665826000 0.2797476000
0.7425000000 0.2667826000 0.2799476000
0.7430000000 0.2669776000 0.2801476000
0.7435000000 0.2671776000 0.2803526000
0.7440000000 0.2673776000 0.2805526000
0.7445000000 0.2675726000 0.2807526000
0.7450000000 0.2677726000 0.2809576000
0.7455000000 0.2679726000 0.2811576000
0.7460000000 0.2681726000 0.2813576000
0.7465000000 0.2683676000 0.2815576000
0.7470000000 0.2685676000 0.2817626000
0.7475000000 0.2687676000 0.2819626000
0.7480000000 0.2689676000 0.2821626000
0.7485000000 0.2691626000 0.2823626000
0.7490000000 0.2693626000 0.2825626000
0.7495000000 0.2695626000 0.2827676000
0.7500000000 0.2697626000 0.2829676000
0.7505000000 0.2699626000 0.2831676000
0.7510000000 0.2701626000 0.2833676000
0.7515000000 0.2703626000 0.2835676000
0.7520000000 0.2705626000 0.2837676000
0.7525000000 0.2707626000 0.2839676000
0.7530000000 0.2709626000 0.2841676000
0.7535000000 0.2711626000 0.2843726000
0.7540000000 0.2713626000 0.2845726000
0.7545000000 0.2715626000 0.2847726000
0.7550000000 0.2717626000 0.2849726000
0.7555000000 0.2719626000 0.2851726000
0.7560000000 0.2721626000 0.2853726000
0.7565000000 0.2723626000 0.2855726000
0.7570000000 0.2725676000 0.2857726000
0.7575000000 0.2727676000 0.2859726000
0.7580000000 0.2729676000 0.2861726000
0.7585000000 0.2731676000 0.2863726000
0.7590000000 0.2733726000 0.2865726000
0.7595000000 0.2735726000 0.2867676000
0.7600000000 0.2737726000 0.2869676000
0.7605000000 0.2739776000 0.2871676000
0.7610000000 0.2741776000 0.2873676000
0.7615000000 0.2743776000 0.2875676000
0.7620000000 0.2745826000 0.2877676000
0.7625000000 0.2747826000 0.2879676000
0.7630000000 0.2749876000 0.2881626000
0.7635000000 0.2751876000 0.2883626000
0.7640000000 0.2753876000 0.2885626000
0.7645000000 0.2755926000 0.2887626000
0.7650000000 0.2757976000 0.2889626000
0.7655000000 0.2759976000 0.2891576000
0.7660000000 0.2762026000 0.2893576000
0.7665000000 0.2764026000 0.2895576000
0.7670000000 0.2766076000 0.2897526000
0.7675000000 0.2768126000 0.2899526000
0.7680000000 0.2770126000 0.2901526000
0.7685000000 0.2772176000 0.2903476000
0.7690000000 0.2774226000 0.2905476000
0.7695000000 0.2776226000 0.2907476000
0.7700000000 0.2778276000 0.2909426000
0.7705000000 0.2780326000 0.2911426000
0.7710000000 0.2782376000 0.2913376000
0.7715000000 0.2784426000 0.2915376000
0.7720000000 0.2786476000 0.2917326000
0.7725000000 0.2788476000 0.2919326000
0.7730000000 0.2790526000 0.2921276000
0.7735000000 0.2792576000 0.2923276000
0.7740000000 0.2794626000 0.2925226000
0.7745000000 0.2796676000 0.2927226000
0.7750000000 0.2798726000 0.2929176000
0.7755000000 0.2800776000 0.2931176000
0.7760000000 0.2802876000 0.2933126000
0.7765000000 0.2804926000 0.2935076000
0.7770000000 0.2806976000 0.2937076000
0.7775000000 0.2809026000 0.2939026000
0.7780000000 0.2811076000 0.2940976000
0.7785000000 0.2813126000 0.2942926000
0.7790000000 0.2815226000 0.2944926000
0.7795000000 0.2817276000 0.2946876000
0.7800000000 0.2819326000 0.2948826000
0.7805000000 0.2821426000 0.2950776000
0.7810000000 0.2823476000 0.2952776000
0.7815000000 0.2825526000 0.2954726000
0.7820000000 0.2827626000 0.2956676000
0.7825000000 0.2829676000 0.2958626000
0.7830000000 0.2831776000 0.2960576000
0.7835000000 0.2833826000 0.2962526000
0.7840000000 0.2835926000 0.2964476000
0.7845000000 0.2837976000 0.2966426000
0.7850000000 0.2840076000 0.2968376000
0.7855000000 0.2842176000 0.2970326000
0.7860000000 0.2844226000 0.2972276000
0.7865000000 0.2846326000 0.2974226000
0.7870000000 0.2848426000 0.2976176000
0.7875000000 0.2850476000 0.2978126000
0.7880000000 0.2852576000 0.2980076000
0.7885000000 0.2854676000 0.2982026000
0.7890000000 0.2856776000 0.2983926000
0.7895000000 0.2858876000 0.2985876000
0.7900000000 0.2860976000 0.2987826000
0.7905000000 0.2863076000 0.2989776000
0.7910000000 0.2865176000 0.2991676000
0.7915000000 0.2867276000 0.2993626000
0.7920000000 0.2869376000 0.2995576000
0.7925000000 0.2871476000 0.2997476000
0.7930000000 0.2873576000 0.2999426000
0.7935000000 0.2875676000 0.3001376000
0.7940000000 0.2877776000 0.3003276000
0.7945000000 0.2879926000 0.3005226000
0.7950000000 0.2882026000 0.3007126000
0.7955000000 0.2884126000 0.3009076000
0.7960000000 0.2886226000 0.3010976000
0.7965000000 0.2888376000 0.3012926000
0.7970000000 0.2890476000 0.3014826000
0.7975000000 0.2892626000 0.3016726000
0.7980000000 0.2894726000 0.3018676000
0.7985000000 0.2896876000 0.3020576000
0.7990000000 0.2898976000 0.3022476000
0.7995000000 0.2901126000 0.3024426000
0.8000000000 0.2903276000 0.3026326000
0.8005000000 0.2905376000 0.3028226000
0.8010000000 0.2907526000 0.3030126000
0.8015000000 0.2909676000 0.3032026000
0.8020000000 0.2911776000 0.3033926000
0.8025000000 0.2913926000 0.3035876000
0.8030000000 0.2916076000 0.3037776000
0.8035000000 0.2918226000 0.3039676000
0.8040000000 0.2920376000 0.3041576000
0.8045000000 0.2922526000 0.3043426000
0.8050000000 0.2924676000 0.3045326000
0.8055000000 0.2926826000 0.3047226000
0.8060000000 0.2928976000 0.3049126000
0.8065000000 0.2931126000 0.3051026000
0.8070000000 0.2933326000 0.3052926000
0.8075000000 0.2935476000 0.3054776000
0.8080000000 0.2937626000 0.3056676000
0.8085000000 0.2939826000 0.3058576000
0.8090000000 0.2941976000 0.3060426000
0.8095000000 0.2944126000 0.3062326000
0.8100000000 0.2946326000 0.3064176000
0.8105000000 0.2948476000 0.3066076000
0.8110000000 0.2950676000 0.3067926000
0.8115000000 0.2952876000 0.3069826000
0.8120000000 0.2955026000 0.3071676000
0.8125000000 0.2957226000 0.3073526000
0.8130000000 0.2959426000 0.3075426000
0.8135000000 0.2961626000 0.3077276000
0.8140000000 0.2963826000 0.3079126000
0.8145000000 0.2966026000 0.3080976000
0.8150000000 0.2968226000 0.3082876000
0.8155000000 0.2970426000 0.3084726000
0.8160000000 0.2972626000 0.3086576000
0.8165000000 0.2974826000 0.3088426000
0.8170000000 0.2977026000 0.3090276000
0.8175000000 0.2979226000 0.3092076000
0.8180000000 0.2981476000 0.3093926000
0.8185000000 0.2983676000 0.3095776000
0.8190000000 0.2985876000 0.3097626000
0.8195000000 0.2988126000 0.3099476000
0.8200000000 0.2990326000 0.3101276000
0.8205000000 0.2992576000 0.3103126000
0.8210000000 0.2994826000 0.3104926000
0.8215000000 0.2997026000 0.3106776000
0.8220000000 0.2999276000 0.3108576000
0.8225000000 0.3001526000 0.3110426000
0.8230000000 0.3003776000 0.3112226000
0.8235000000 0.3006026000 0.3114026000
0.8240000000 0.3008276000 0.3115826000
0.8245000000 0.3010526000 0.3117676000
0.8250000000 0.3012776000 0.3119476000
0.8255000000 0.3015076000 0.3121276000
0.8260000000 0.3017326000 0.3123076000
0.8265000000 0.3019576000 0.3124876000
0.8270000000 0.3021876000 0.3126626000
0.8275000000 0.3024126000 0.3128426000
0.8280000000 0.3026426000 0.3130226000
0.8285000000 0.3028726000 0.3131976000
0.8290000000 0.3031026000 0.3133776000
0.8295000000 0.3033276000 0.3135576000
0.8300000000 0.3035576000 0.3137326000
0.8305000000 0.3037876000 0.3139076000
0.8310000000 0.3040176000 0.3140876000
0.8315000000 0.3042526000 0.3142626000
0.8320000000 0.3044826000 0.3144376000
0.8325000000 0.3047126000 0.3146126000
0.8330000000 0.3049476000 0.3147876000
0.8335000000 0.3051776000 0.3149626000
0.8340000000 0.3054126000 0.3151376000
0.8345000000 0.3056476000 0.3153076000
0.8350000000 0.3058776000 0.3154826000
0.8355000000 0.3061126000 0.3156576000
0.8360000000 0.3063476000 0.3158276000
0.8365000000 0.3065876000 0.3159976000
0.8370000000 0.3068226000 0.3161726000
0.8375000000 0.3070576000 0.3163426000
0.8380000000 0.3072976000 0.3165126000
0.8385000000 0.3075326000 0.3166826000
0.8390000000 0.3077726000 0.3168526000
0.8395000000 0.3080126000 0.3170176000
0.8400000000 0.3082526000 0.3171876000
0.8405000000 0.3084926000 0.3173526000
0.8410000000 0.3087326000 0.3175226000
0.8415000000 0.3089726000 0.3176876000
0.8420000000 0.3092126000 0.3178526000
0.8425000000 0.3094576000 0.3180176000
0.8430000000 0.3097026000 0.3181826000
0.8435000000 0.3099476000 0.3183476000
0.8440000000 0.3101926000 0.3185076000
0.8445000000 0.3104376000 0.3186726000
0.8450000000 0.3106826000 0.3188326000
0.8455000000 0.3109326000 0.3189926000
0.8460000000 0.3111776000 0.3191526000
0.8465000000 0.3114276000 0.3193126000
0.8470000000 0.3116776000 0.3194726000
0.8475000000 0.3119326000 0.3196276000
0.8480000000 0.3121826000 0.3197826000
0.8485000000 0.3124376000 0.3199376000
0.8490000000 0.3126876000 0.3200926000
0.8495000000 0.3129426000 0.3202476000
0.8500000000 0.3132026000 0.3203976000
0.8505000000 0.3134576000 0.3205476000
0.8510000000 0.3137176000 0.3206976000
0.8515000000 0.3139776000 0.3208476000
0.8520000000 0.3142426000 0.3209926000
0.8525000000 0.3145026000 0.3211426000
0.8530000000 0.3147676000 0.3212826000
0.8535000000 0.3150326000 0.3214276000
0.8540000000 0.3153026000 0.3215676000
0.8545000000 0.3155726000 0.3217076000
0.8550000000 0.3158476000 0.3218426000
0.8555000000 0.3161176000 0.3219776000
0.8560000000 0.3163976000 0.3221126000
0.8565000000 0.3166726000 0.3222426000
0.8570000000 0.3169576000 0.3223676000
0.8575000000 0.3172426000 0.3224926000
0.8580000000 0.3175276000 0.3226176000
0.8585000000 0.3178176000 0.3227326000
0.8590000000 0.3181126000 0.3228476000
0.8595000000 0.3184126000 0.3229576000
0.8600000000 0.3187176000 0.3230626000
0.8605000000 0.3190276000 0.3231626000
0.8610000000 0.3193426000 0.3232576000
0.8615000000 0.3196676000 0.3233426000
0.8620000000 0.3200026000 0.3234176000
0.8625000000 0.3203476000 0.3234826000
0.8630000000 0.3207026000 0.3235326000
0.8635000000 0.3210826000 0.3235626000
0.8640000000 0.3214976000 0.3235626000
0.8645000000 0.3219626000 0.3235076000
0.8650000000 0.3225926000 0.3232876000
