0.0025001000 0.0008857075
0.0030001000 0.0010628425
0.0035001000 0.0012399775
0.0040001000 0.0014171125
0.0045001000 0.0015942475
0.0050001000 0.0017713775
0.0055001000 0.0019485125
0.0060001000 0.0021256425
0.0065001000 0.0023027775
0.0070001000 0.0024799075
0.0075001000 0.0026570375
0.0080001000 0.0028341675
0.0085001000 0.0030112975
0.0090001000 0.0031884275
0.0095001000 0.0033655575
0.0100001000 0.0035426825
0.0105001000 0.0037198125
0.0110001000 0.0038969375
0.0115001000 0.0040740625
0.0120001000 0.0042511875
0.0125001000 0.0044283075
0.0130001000 0.0046054325
0.0135001000 0.0047825525
0.0140001000 0.0049596725
0.0145001000 0.0051367925
0.0150001000 0.0053139125
0.0155001000 0.0054910275
0.0160001000 0.0056681425
0.0165001000 0.0058452575
0.0170001000 0.0060223725
0.0175001000 0.0061994825
0.0180001000 0.0063765925
0.0185001000 0.0065537025
0.0190001000 0.0067308125
0.0195001000 0.0069079175
0.0200001000 0.0070850225
0.0205001000 0.0072621225
0.0210001000 0.0074392275
0.0215001000 0.0076163275
0.0220001000 0.0077934225
0.0225001000 0.0079705225
0.0230001000 0.0081476175
0.0235001000 0.0083247075
0.0240001000 0.0085018025
0.0245001000 0.0086788875
0.0250001000 0.0088559775
0.0255001000 0.0090330625
0.0260001000 0.0092101475
0.0265001000 0.0093872275
0.0270001000 0.0095643075
0.0275001000 0.0097413825
0.0280001000 0.0099184575
0.0285001000 0.0100955325
0.0290001000 0.0102726025
0.0295001000 0.0104496725
0.0300001000 0.0106267375
0.0305001000 0.0108038025
0.0310001000 0.0109808625
0.0315001000 0.0111579225
0.0320001000 0.0113349825
0.0325001000 0.0115120325
0.0330001000 0.0116890875
0.0335001000 0.0118661375
0.0340001000 0.0120431825
0.0345001000 0.0122202275
0.0350001000 0.0123972675
0.0355001000 0.0125743075
0.0360001000 0.0127513425
0.0365001000 0.0129283775
0.0370001000 0.0131054075
0.0375001000 0.0132824375
0.0380001000 0.0134594625
0.0385001000 0.0136364825
0.0390001000 0.0138135025
0.0395001000 0.0139905175
0.0400001000 0.0141675325
0.0405001000 0.0143445425
0.0410001000 0.0145215475
0.0415001000 0.0146985525
0.0420001000 0.0148755525
0.0425001000 0.0150525475
0.0430001000 0.0152295425
0.0435001000 0.0154065325
0.0440001000 0.0155835225
0.0445001000 0.0157605025
0.0450001000 0.0159374875
0.0455001000 0.0161144625
0.0460001000 0.0162914375
0.0465001000 0.0164684075
0.0470001000 0.0166453725
0.0475001000 0.0168223375
0.0480001000 0.0169992975
0.0485001000 0.0171762525
0.0490001000 0.0173532025
0.0495001000 0.0175301525
0.0500001000 0.0177070975
0.0505001000 0.0178840375
0.0510001000 0.0180609775
0.0515001000 0.0182379125
0.0520001000 0.0184148375
0.0525001000 0.0185917675
0.0530001000 0.0187686875
0.0535001000 0.0189456025
0.0540001000 0.0191225175
0.0545001000 0.0192994275
0.0550001000 0.0194763325
0.0555001000 0.0196532325
0.0560001000 0.0198301325
