0.0000010000 1.0000312500
0.0050010000 1.0000312500
0.0100010000 1.0000312500
0.0150010000 1.0000937500
0.0200010000 1.0000937500
0.0250010000 1.0002187500
0.0300010000 1.0002812500
0.0350010000 1.0004062500
0.0400010000 1.0004687500
0.0450010000 1.0006562500
0.0500010000 1.0007812500
0.0550010000 1.0009687500
0.0600010000 1.0010937500
0.0650010000 1.0013437500
0.0700010000 1.0015312500
0.0750010000 1.0017812500
0.0800010000 1.0019687500
0.0850010000 1.0022812500
0.0900010000 1.0025312500
0.0950010000 1.0028437500
0.1000010000 1.0030937500
0.1050010000 1.0034062500
0.1100010000 1.0037812500
0.1150010000 1.0040937500
0.1200010000 1.0044687500
0.1250010000 1.0048437500
0.1300010000 1.0052812500
0.1350010000 1.0056562500
0.1400010000 1.0060937500
0.1450010000 1.0065312500
0.1500010000 1.0069687500
0.1550010000 1.0074687500
0.1600010000 1.0079687500
0.1650010000 1.0084687500
0.1700010000 1.0089687500
0.1750010000 1.0094687500
0.1800010000 1.0100312500
0.1850010000 1.0105937500
0.1900010000 1.0111562500
0.1950010000 1.0117812500
0.2000010000 1.0124062500
0.2050010000 1.0129687500
0.2100010000 1.0136562500
0.2150010000 1.0142812500
0.2200010000 1.0149687500
0.2250010000 1.0156562500
0.2300010000 1.0163437500
0.2350010000 1.0170312500
0.2400010000 1.0177812500
0.2450010000 1.0184687500
0.2500010000 1.0192187500
0.2550010000 1.0200312500
0.2600010000 1.0207812500
0.2650010000 1.0215937500
0.2700010000 1.0224062500
0.2750010000 1.0232187500
0.2800010000 1.0240312500
0.2850010000 1.0249062500
0.2900010000 1.0257812500
0.2950010000 1.0266562500
0.3000010000 1.0275312500
0.3050010000 1.0284062500
0.3100010000 1.0293437500
0.3150010000 1.0302812500
0.3200010000 1.0312187500
0.3250010000 1.0322187500
0.3300010000 1.0331562500
0.3350010000 1.0341562500
0.3400010000 1.0351562500
0.3450010000 1.0361562500
0.3500010000 1.0372187500
0.3550010000 1.0382187500
0.3600010000 1.0392812500
0.3650010000 1.0403437500
0.3700010000 1.0414062500
0.3750010000 1.0425312500
0.3800010000 1.0436562500
0.3850010000 1.0447812500
0.3900010000 1.0459062500
0.3950010000 1.0470312500
0.4000010000 1.0481562500
0.4050010000 1.0493437500
0.4100010000 1.0505312500
0.4150010000 1.0517187500
0.4200010000 1.0529062500
0.4250010000 1.0541562500
0.4300010000 1.0553437500
0.4350010000 1.0565937500
0.4400010000 1.0578437500
0.4450010000 1.0591562500
0.4500010000 1.0604062500
0.4550010000 1.0617187500
0.4600010000 1.0629687500
0.4650010000 1.0642812500
0.4700010000 1.0656562500
0.4750010000 1.0669687500
0.4800010000 1.0682812500
0.4850010000 1.0696562500
0.4900010000 1.0710312500
0.4950010000 1.0724062500
0.5000010000 1.0737812500
0.5050010000 1.0752187500
0.5100010000 1.0765937500
0.5150010000 1.0780312500
0.5200010000 1.0794687500
0.5250010000 1.0809062500
0.5300010000 1.0824062500
0.5350010000 1.0838437500
0.5400010000 1.0853437500
0.5450010000 1.0868437500
0.5500010000 1.0882812500
0.5550010000 1.0898437500
0.5600010000 1.0913437500
0.5650010000 1.0928437500
0.5700010000 1.0944062500
0.5750010000 1.0959687500
0.5800010000 1.0975312500
0.5850010000 1.0990937500
0.5900010000 1.1006562500
0.5950010000 1.1022187500
0.6000010000 1.1038437500
0.6050010000 1.1054687500
0.6100010000 1.1070312500
0.6150010000 1.1086562500
0.6200010000 1.1102812500
0.6250010000 1.1119687500
0.6300010000 1.1135937500
0.6350010000 1.1152812500
0.6400010000 1.1169062500
0.6450010000 1.1185937500
0.6500010000 1.1202812500
0.6550010000 1.1219687500
0.6600010000 1.1237187500
0.6650010000 1.1254062500
0.6700010000 1.1271562500
0.6750010000 1.1288437500
0.6800010000 1.1305937500
0.6850010000 1.1323437500
0.6900010000 1.1340937500
0.6950010000 1.1358437500
0.7000010000 1.1375937500
0.7050010000 1.1394062500
0.7100010000 1.1411562500
0.7150010000 1.1429687500
0.7200010000 1.1447812500
0.7250010000 1.1465937500
0.7300010000 1.1484062500
0.7350010000 1.1502187500
0.7400010000 1.1520312500
0.7450010000 1.1539062500
0.7500010000 1.1557187500
0.7550010000 1.1575937500
0.7600010000 1.1594062500
0.7650010000 1.1612812500
0.7700010000 1.1631562500
0.7750010000 1.1650312500
0.7800010000 1.1669062500
0.7850010000 1.1688437500
0.7900010000 1.1707187500
0.7950010000 1.1725937500
0.8000010000 1.1745312500
0.8050010000 1.1764687500
0.8100010000 1.1783437500
0.8150010000 1.1802812500
0.8200010000 1.1822187500
0.8250010000 1.1841562500
0.8300010000 1.1860937500
0.8350010000 1.1880937500
0.8400010000 1.1900312500
0.8450010000 1.1919687500
0.8500010000 1.1939687500
0.8550010000 1.1959062500
0.8600010000 1.1979062500
0.8650010000 1.1999062500
0.8700010000 1.2019062500
0.8750010000 1.2039062500
0.8800010000 1.2059062500
0.8850010000 1.2079062500
0.8900010000 1.2099062500
0.8950010000 1.2119062500
0.9000010000 1.2139687500
0.9050010000 1.2159687500
0.9100010000 1.2179687500
0.9150010000 1.2200312500
0.9200010000 1.2220937500
0.9250010000 1.2240937500
0.9300010000 1.2261562500
0.9350010000 1.2282187500
0.9400010000 1.2302812500
0.9450010000 1.2323437500
0.9500010000 1.2344062500
0.9550010000 1.2364687500
0.9600010000 1.2385312500
0.9650010000 1.2405937500
0.9700010000 1.2426562500
0.9750010000 1.2447812500
0.9800010000 1.2468437500
0.9850010000 1.2489687500
0.9900010000 1.2510312500
0.9950010000 1.2531562500
1.0000010000 1.2552187500
1.0050010000 1.2573437500
1.0100010000 1.2594687500
1.0150010000 1.2615937500
1.0200010000 1.2636562500
1.0250010000 1.2657812500
1.0300010000 1.2679062500
1.0350010000 1.2700312500
1.0400010000 1.2721562500
1.0450010000 1.2742812500
1.0500010000 1.2764062500
1.0550010000 1.2785937500
1.0600010000 1.2807187500
1.0650010000 1.2828437500
1.0700010000 1.2849687500
1.0750010000 1.2871562500
1.0800010000 1.2892812500
1.0850010000 1.2914062500
1.0900010000 1.2935937500
1.0950010000 1.2957187500
1.1000010000 1.2979062500
1.1050010000 1.3000312500
1.1100010000 1.3022187500
1.1150010000 1.3044062500
1.1200010000 1.3065312500
1.1250010000 1.3087187500
1.1300010000 1.3109062500
1.1350010000 1.3130312500
1.1400010000 1.3152187500
1.1450010000 1.3174062500
1.1500010000 1.3195937500
1.1550010000 1.3217812500
1.1600010000 1.3239062500
1.1650010000 1.3260937500
1.1700010000 1.3282812500
1.1750010000 1.3304687500
1.1800010000 1.3326562500
1.1850010000 1.3348437500
1.1900010000 1.3370312500
1.1950010000 1.3392187500
1.2000010000 1.3414062500
1.2050010000 1.3435937500
1.2100010000 1.3457812500
1.2150010000 1.3479687500
1.2200010000 1.3501562500
1.2250010000 1.3523437500
1.2300010000 1.3545312500
1.2350010000 1.3567812500
1.2400010000 1.3589687500
1.2450010000 1.3611562500
1.2500010000 1.3633437500
1.2550010000 1.3655312500
1.2600010000 1.3677187500
1.2650010000 1.3699687500
1.2700010000 1.3721562500
1.2750010000 1.3743437500
1.2800010000 1.3765312500
1.2850010000 1.3787187500
1.2900010000 1.3809687500
1.2950010000 1.3831562500
1.3000010000 1.3853437500
1.3050010000 1.3875312500
1.3100010000 1.3897187500
1.3150010000 1.3919687500
1.3200010000 1.3941562500
1.3250010000 1.3963437500
1.3300010000 1.3985312500
1.3350010000 1.4007812500
1.3400010000 1.4029687500
1.3450010000 1.4051562500
1.3500010000 1.4073437500
1.3550010000 1.4095312500
1.3600010000 1.4117812500
1.3650010000 1.4139687500
1.3700010000 1.4161562500
1.3750010000 1.4183437500
1.3800010000 1.4205312500
1.3850010000 1.4227812500
1.3900010000 1.4249687500
1.3950010000 1.4271562500
1.4000010000 1.4293437500
1.4050010000 1.4315312500
1.4100010000 1.4337187500
