1.4150010000 1.4359687500 2.4889687500 2.4921562500
1.4200010000 1.4381562500 2.4773437500 2.5067812500
1.4250010000 1.4403437500 2.4727187500 2.5142812500
1.4300010000 1.4425312500 2.4695312500 2.5204687500
1.4350010000 1.4447187500 2.4670312500 2.5259062500
1.4400010000 1.4469062500 2.4649687500 2.5309687500
1.4450010000 1.4490937500 2.4632187500 2.5356562500
1.4500010000 1.4512812500 2.4617187500 2.5400937500
1.4550010000 1.4534687500 2.4604062500 2.5443437500
1.4600010000 1.4556562500 2.4592812500 2.5484687500
1.4650010000 1.4578437500 2.4582187500 2.5524687500
1.4700010000 1.4600312500 2.4573437500 2.5563437500
1.4750010000 1.4622187500 2.4565312500 2.5601562500
1.4800010000 1.4644062500 2.4557812500 2.5638437500
1.4850010000 1.4665937500 2.4550937500 2.5675312500
1.4900010000 1.4687812500 2.4545312500 2.5710937500
1.4950010000 1.4709687500 2.4539687500 2.5746562500
1.5000010000 1.4731562500 2.4535312500 2.5780937500
1.5050010000 1.4752812500 2.4530937500 2.5815312500
1.5100010000 1.4774687500 2.4527187500 2.5849062500
1.5150010000 1.4796562500 2.4523437500 2.5882812500
1.5200010000 1.4818437500 2.4520312500 2.5915937500
1.5250010000 1.4840312500 2.4517812500 2.5949062500
1.5300010000 1.4861562500 2.4515312500 2.5981562500
1.5350010000 1.4883437500 2.4512812500 2.6013437500
1.5400010000 1.4905312500 2.4511562500 2.6045937500
1.5450010000 1.4927187500 2.4509687500 2.6077812500
1.5500010000 1.4948437500 2.4508437500 2.6109062500
1.5550010000 1.4970312500 2.4507187500 2.6140312500
1.5600010000 1.4992187500 2.4506562500 2.6171562500
1.5650010000 1.5013437500 2.4505937500 2.6202812500
1.5700010000 1.5035312500 2.4505312500 2.6233437500
1.5750010000 1.5056562500 2.4505312500 2.6264062500
1.5800010000 1.5078437500 2.4505312500 2.6294687500
1.5850010000 1.5099687500 2.4505312500 2.6325312500
1.5900010000 1.5121562500 2.4505312500 2.6355312500
1.5950010000 1.5142812500 2.4505937500 2.6385312500
1.6000010000 1.5164687500 2.4506562500 2.6415312500
1.6050010000 1.5185937500 2.4507187500 2.6445312500
1.6100010000 1.5207812500 2.4508437500 2.6475312500
1.6150010000 1.5229062500 2.4509062500 2.6504687500
1.6200010000 1.5250312500 2.4510312500 2.6534062500
1.6250010000 1.5272187500 2.4511562500 2.6563437500
1.6300010000 1.5293437500 2.4512812500 2.6592812500
1.6350010000 1.5314687500 2.4514687500 2.6622187500
1.6400010000 1.5336562500 2.4515937500 2.6651562500
1.6450010000 1.5357812500 2.4517812500 2.6680312500
1.6500010000 1.5379062500 2.4519687500 2.6709687500
1.6550010000 1.5400312500 2.4521562500 2.6738437500
1.6600010000 1.5421562500 2.4523437500 2.6767187500
1.6650010000 1.5442812500 2.4525937500 2.6795937500
1.6700010000 1.5464062500 2.4527812500 2.6824687500
1.6750010000 1.5485312500 2.4530312500 2.6853437500
1.6800010000 1.5507187500 2.4532812500 2.6881562500
1.6850010000 1.5528437500 2.4535312500 2.6910312500
1.6900010000 1.5549062500 2.4537812500 2.6938437500
1.6950010000 1.5570312500 2.4540312500 2.6967187500
1.7000010000 1.5591562500 2.4543437500 2.6995312500
1.7050010000 1.5612812500 2.4545937500 2.7023437500
1.7100010000 1.5634062500 2.4549062500 2.7051562500
1.7150010000 1.5655312500 2.4551562500 2.7079687500
1.7200010000 1.5676562500 2.4554687500 2.7107187500
1.7250010000 1.5697187500 2.4557812500 2.7135312500
1.7300010000 1.5718437500 2.4560937500 2.7163437500
1.7350010000 1.5739687500 2.4564062500 2.7190937500
1.7400010000 1.5760937500 2.4567812500 2.7218437500
1.7450010000 1.5781562500 2.4570937500 2.7245937500
1.7500010000 1.5802812500 2.4574062500 2.7273437500
1.7550010000 1.5824062500 2.4577812500 2.7300937500
1.7600010000 1.5844687500 2.4581562500 2.7327812500
1.7650010000 1.5865937500 2.4584687500 2.7354687500
1.7700010000 1.5886562500 2.4588437500 2.7381562500
1.7750010000 1.5907812500 2.4592187500 2.7407812500
1.7800010000 1.5928437500 2.4595937500 2.7435312500
1.7850010000 1.5949062500 2.4599687500 2.7462187500
1.7900010000 1.5970312500 2.4603437500 2.7489687500
1.7950010000 1.5990937500 2.4607812500 2.7517187500
1.8000010000 1.6012187500 2.4611562500 2.7545312500
1.8050010000 1.6032812500 2.4615312500 2.7573437500
1.8100010000 1.6053437500 2.4619687500 2.7601562500
1.8150010000 1.6074062500 2.4623437500 2.7629687500
1.8200010000 1.6095312500 2.4627812500 2.7658437500
1.8250010000 1.6115937500 2.4632187500 2.7686562500
1.8300010000 1.6136562500 2.4636562500 2.7715312500
1.8350010000 1.6157187500 2.4640312500 2.7744687500
1.8400010000 1.6177812500 2.4644687500 2.7773437500
1.8450010000 1.6198437500 2.4649062500 2.7802187500
1.8500010000 1.6219062500 2.4654062500 2.7831562500
1.8550010000 1.6239687500 2.4658437500 2.7860937500
1.8600010000 1.6260312500 2.4662812500 2.7890312500
1.8650010000 1.6280937500 2.4667187500 2.7919687500
1.8700010000 1.6301562500 2.4671562500 2.7949687500
1.8750010000 1.6322187500 2.4676562500 2.7979062500
1.8800010000 1.6342812500 2.4680937500 2.8009062500
1.8850010000 1.6362812500 2.4685937500 2.8039062500
1.8900010000 1.6383437500 2.4690312500 2.8069062500
1.8950010000 1.6404062500 2.4695312500 2.8099062500
1.9000010000 1.6424687500 2.4700312500 2.8129687500
1.9050010000 1.6444687500 2.4705312500 2.8159687500
1.9100010000 1.6465312500 2.4709687500 2.8190312500
1.9150010000 1.6485937500 2.4714687500 2.8220937500
1.9200010000 1.6505937500 2.4719687500 2.8251562500
1.9250010000 1.6526562500 2.4724687500 2.8282187500
1.9300010000 1.6546562500 2.4729687500 2.8312812500
1.9350010000 1.6567187500 2.4734687500 2.8344062500
1.9400010000 1.6587187500 2.4740312500 2.8375312500
1.9450010000 1.6607812500 2.4745312500 2.8405937500
1.9500010000 1.6627812500 2.4750312500 2.8437187500
1.9550010000 1.6647812500 2.4755312500 2.8468437500
1.9600010000 1.6668437500 2.4760937500 2.8500312500
1.9650010000 1.6688437500 2.4765937500 2.8531562500
1.9700010000 1.6708437500 2.4771562500 2.8562812500
1.9750010000 1.6729062500 2.4776562500 2.8594687500
1.9800010000 1.6749062500 2.4782187500 2.8626562500
1.9850010000 1.6769062500 2.4787187500 2.8658437500
1.9900010000 1.6789062500 2.4792812500 2.8690312500
1.9950010000 1.6809062500 2.4798437500 2.8722187500
2.0000010000 1.6829062500 2.4803437500 2.8754062500
2.0050010000 1.6849687500 2.4809062500 2.8786562500
2.0100010000 1.6869687500 2.4814687500 2.8819062500
2.0150010000 1.6889687500 2.4820312500 2.8850937500
2.0200010000 1.6909687500 2.4825937500 2.8883437500
2.0250010000 1.6929687500 2.4831562500 2.8915937500
2.0300010000 1.6949062500 2.4837187500 2.8948437500
2.0350010000 1.6969062500 2.4842812500 2.8981562500
2.0400010000 1.6989062500 2.4848437500 2.9014062500
2.0450010000 1.7009062500 2.4854062500 2.9047187500
2.0500010000 1.7029062500 2.4859687500 2.9079687500
2.0550010000 1.7049062500 2.4865937500 2.9112812500
2.0600010000 1.7068437500 2.4871562500 2.9145937500
2.0650010000 1.7088437500 2.4877187500 2.9179062500
2.0700010000 1.7108437500 2.4883437500 2.9212187500
2.0750010000 1.7128437500 2.4889062500 2.9245312500
2.0800010000 1.7147812500 2.4894687500 2.9279062500
2.0850010000 1.7167812500 2.4900937500 2.9312187500
2.0900010000 1.7187187500 2.4906562500 2.9345937500
2.0950010000 1.7207187500 2.4912812500 2.9379687500
2.1000010000 1.7227187500 2.4919062500 2.9413437500
2.1050010000 1.7246562500 2.4924687500 2.9447187500
2.1100010000 1.7266562500 2.4930937500 2.9480937500
2.1150010000 1.7285937500 2.4937187500 2.9514687500
2.1200010000 1.7305312500 2.4942812500 2.9549062500
2.1250010000 1.7325312500 2.4949062500 2.9582812500
2.1300010000 1.7344687500 2.4955312500 2.9617187500
2.1350010000 1.7364687500 2.4961562500 2.9651562500
2.1400010000 1.7384062500 2.4967812500 2.9685937500
2.1450010000 1.7403437500 2.4974062500 2.9720312500
2.1500010000 1.7422812500 2.4980312500 2.9754687500
2.1550010000 1.7442812500 2.4986562500 2.9789062500
2.1600010000 1.7462187500 2.4992812500 2.9823437500
2.1650010000 1.7481562500 2.4999062500 2.9858437500
2.1700010000 1.7500937500 2.5005312500 2.9892812500
2.1750010000 1.7520312500 2.5011562500 2.9927812500
2.1800010000 1.7540312500 2.5017812500 2.9962812500
2.1850010000 1.7559687500 2.5024062500 2.9997812500
2.1900010000 1.7579062500 2.5030312500 3.0032812500
2.1950010000 1.7598437500 2.5037187500 3.0067812500
2.2000010000 1.7617812500 2.5043437500 3.0102812500
2.2050010000 1.7637187500 2.5049687500 3.0137812500
2.2100010000 1.7656562500 2.5056562500 3.0173437500
2.2150010000 1.7675937500 2.5062812500 3.0208437500
2.2200010000 1.7695312500 2.5069687500 3.0244062500
2.2250010000 1.7714062500 2.5075937500 3.0279687500
2.2300010000 1.7733437500 2.5082187500 3.0315312500
2.2350010000 1.7752812500 2.5089062500 3.0350937500
2.2400010000 1.7772187500 2.5095937500 3.0386562500
2.2450010000 1.7791562500 2.5102187500 3.0422187500
2.2500010000 1.7810937500 2.5109062500 3.0458437500
2.2550010000 1.7829687500 2.5115312500 3.0494062500
2.2600010000 1.7849062500 2.5122187500 3.0530312500
2.2650010000 1.7868437500 2.5129062500 3.0565937500
2.2700010000 1.7887187500 2.5135312500 3.0602187500
2.2750010000 1.7906562500 2.5142187500 3.0638437500
2.2800010000 1.7925937500 2.5149062500 3.0674687500
2.2850010000 1.7944687500 2.5155937500 3.0710937500
2.2900010000 1.7964062500 2.5162812500 3.0747187500
2.2950010000 1.7983437500 2.5169062500 3.0783437500
2.3000010000 1.8002187500 2.5175937500 3.0820312500
2.3050010000 1.8021562500 2.5182812500 3.0856562500
2.3100010000 1.8040312500 2.5189687500 3.0893437500
2.3150010000 1.8059687500 2.5196562500 3.0929687500
2.3200010000 1.8078437500 2.5203437500 3.0966562500
2.3250010000 1.8097812500 2.5210312500 3.1003437500
2.3300010000 1.8116562500 2.5217187500 3.1040312500
2.3350010000 1.8135312500 2.5224062500 3.1077187500
2.3400010000 1.8154687500 2.5230937500 3.1114062500
2.3450010000 1.8173437500 2.5238437500 3.1151562500
2.3500010000 1.8192812500 2.5245312500 3.1188437500
2.3550010000 1.8211562500 2.5252187500 3.1225937500
2.3600010000 1.8230312500 2.5259062500 3.1262812500
2.3650010000 1.8249062500 2.5265937500 3.1300312500
2.3700010000 1.8268437500 2.5273437500 3.1337187500
2.3750010000 1.8287187500 2.5280312500 3.1374687500
2.3800010000 1.8305937500 2.5287187500 3.1412187500
2.3850010000 1.8324687500 2.5294687500 3.1449687500
2.3900010000 1.8344062500 2.5301562500 3.1487187500
2.3950010000 1.8362812500 2.5308437500 3.1525312500
2.4000010000 1.8381562500 2.5315937500 3.1562812500
2.4050010000 1.8400312500 2.5322812500 3.1600312500
2.4100010000 1.8419062500 2.5330312500 3.1638437500
2.4150010000 1.8437812500 2.5337187500 3.1676562500
2.4200010000 1.8456562500 2.5344687500 3.1714062500
2.4250010000 1.8475312500 2.5351562500 3.1752187500
2.4300010000 1.8494062500 2.5359062500 3.1790312500
2.4350010000 1.8512812500 2.5365937500 3.1828437500
2.4400010000 1.8531562500 2.5373437500 3.1866562500
2.4450010000 1.8550312500 2.5380312500 3.1904687500
2.4500010000 1.8569062500 2.5387812500 3.1942812500
2.4550010000 1.8587812500 2.5395312500 3.1981562500
2.4600010000 1.8606562500 2.5402187500 3.2019687500
2.4650010000 1.8625312500 2.5409687500 3.2057812500
2.4700010000 1.8644062500 2.5417187500 3.2096562500
2.4750010000 1.8662812500 2.5424062500 3.2135312500
2.4800010000 1.8681562500 2.5431562500 3.2173437500
2.4850010000 1.8700312500 2.5439062500 3.2212187500
2.4900010000 1.8719062500 2.5446562500 3.2250937500
2.4950010000 1.8737187500 2.5454062500 3.2289687500
2.5000010000 1.8755937500 2.5460937500 3.2328437500
2.5050010000 1.8774687500 2.5468437500 3.2367187500
2.5100010000 1.8793437500 2.5475937500 3.2406562500
2.5150010000 1.8812187500 2.5483437500 3.2445312500
2.5200010000 1.8830312500 2.5490937500 3.2484687500
2.5250010000 1.8849062500 2.5498437500 3.2523437500
2.5300010000 1.8867812500 2.5505937500 3.2562812500
2.5350010000 1.8886562500 2.5513437500 3.2601562500
2.5400010000 1.8904687500 2.5520937500 3.2640937500
2.5450010000 1.8923437500 2.5528437500 3.2680312500
2.5500010000 1.8942187500 2.5535937500 3.2719687500
2.5550010000 1.8960312500 2.5543437500 3.2759062500
2.5600010000 1.8979062500 2.5550937500 3.2798437500
2.5650010000 1.8997812500 2.5558437500 3.2837812500
2.5700010000 1.9015937500 2.5565937500 3.2877187500
2.5750010000 1.9034687500 2.5573437500 3.2917187500
2.5800010000 1.9052812500 2.5580937500 3.2956562500
2.5850010000 1.9071562500 2.5588437500 3.2996562500
2.5900010000 1.9089687500 2.5596562500 3.3035937500
2.5950010000 1.9108437500 2.5604062500 3.3075937500
2.6000010000 1.9127187500 2.5611562500 3.3115312500
2.6050010000 1.9145312500 2.5619062500 3.3155312500
2.6100010000 1.9164062500 2.5626562500 3.3195312500
2.6150010000 1.9182187500 2.5634687500 3.3235312500
2.6200010000 1.9200937500 2.5642187500 3.3275312500
2.6250010000 1.9219062500 2.5649687500 3.3315312500
2.6300010000 1.9237187500 2.5657187500 3.3355312500
2.6350010000 1.9255937500 2.5665312500 3.3395937500
2.6400010000 1.9274062500 2.5672812500 3.3435937500
2.6450010000 1.9292812500 2.5680312500 3.3475937500
2.6500010000 1.9310937500 2.5688437500 3.3516562500
2.6550010000 1.9329687500 2.5695937500 3.3556562500
2.6600010000 1.9347812500 2.5704062500 3.3597187500
2.6650010000 1.9365937500 2.5711562500 3.3637812500
2.6700010000 1.9384687500 2.5719062500 3.3678437500
2.6750010000 1.9402812500 2.5727187500 3.3718437500
2.6800010000 1.9420937500 2.5734687500 3.3759062500
2.6850010000 1.9439687500 2.5742812500 3.3799687500
2.6900010000 1.9457812500 2.5750312500 3.3840312500
2.6950010000 1.9475937500 2.5758437500 3.3880937500
2.7000010000 1.9494687500 2.5765937500 3.3922187500
2.7050010000 1.9512812500 2.5773437500 3.3962812500
2.7100010000 1.9530937500 2.5781562500 3.4003437500
2.7150010000 1.9549062500 2.5789687500 3.4044687500
2.7200010000 1.9567812500 2.5797187500 3.4085312500
2.7250010000 1.9585937500 2.5805312500 3.4126562500
2.7300010000 1.9604062500 2.5812812500 3.4167187500
2.7350010000 1.9622187500 2.5820937500 3.4208437500
2.7400010000 1.9640312500 2.5828437500 3.4249687500
2.7450010000 1.9659062500 2.5836562500 3.4290937500
2.7500010000 1.9677187500 2.5844062500 3.4332187500
2.7550010000 1.9695312500 2.5852187500 3.4372812500
2.7600010000 1.9713437500 2.5860312500 3.4414687500
2.7650010000 1.9731562500 2.5867812500 3.4455937500
2.7700010000 1.9750312500 2.5875937500 3.4497187500
2.7750010000 1.9768437500 2.5884062500 3.4538437500
2.7800010000 1.9786562500 2.5891562500 3.4579687500
2.7850010000 1.9804687500 2.5899687500 3.4621562500
2.7900010000 1.9822812500 2.5907812500 3.4662812500
2.7950010000 1.9840937500 2.5915312500 3.4704687500
2.8000010000 1.9859062500 2.5923437500 3.4745937500
2.8050010000 1.9877187500 2.5931562500 3.4787812500
2.8100010000 1.9895312500 2.5939062500 3.4829062500
2.8150010000 1.9913437500 2.5947187500 3.4870937500
2.8200010000 1.9931562500 2.5955312500 3.4912812500
2.8250010000 1.9949687500 2.5962812500 3.4954687500
2.8300010000 1.9968437500 2.5970937500 3.4996562500
2.8350010000 1.9986562500 2.5979062500 3.5038437500
2.8400010000 2.0004687500 2.5987187500 3.5080312500
2.8450010000 2.0022812500 2.5994687500 3.5122187500
2.8500010000 2.0040937500 2.6002812500 3.5164062500
2.8550010000 2.0059062500 2.6010937500 3.5205937500
2.8600010000 2.0076562500 2.6019062500 3.5248437500
2.8650010000 2.0094687500 2.6026562500 3.5290312500
2.8700010000 2.0112812500 2.6034687500 3.5332812500
2.8750010000 2.0130937500 2.6042812500 3.5374687500
2.8800010000 2.0149062500 2.6050937500 3.5417187500
2.8850010000 2.0167187500 2.6059062500 3.5459062500
2.8900010000 2.0185312500 2.6066562500 3.5501562500
2.8950010000 2.0203437500 2.6074687500 3.5544062500
2.9000010000 2.0221562500 2.6082812500 3.5586562500
2.9050010000 2.0239687500 2.6090937500 3.5628437500
2.9100010000 2.0257812500 2.6099062500 3.5670937500
2.9150010000 2.0275937500 2.6106562500 3.5713437500
2.9200010000 2.0293437500 2.6114687500 3.5755937500
2.9250010000 2.0311562500 2.6122812500 3.5798437500
2.9300010000 2.0329687500 2.6130937500 3.5841562500
2.9350010000 2.0347812500 2.6139062500 3.5884062500
2.9400010000 2.0365937500 2.6146562500 3.5926562500
2.9450010000 2.0383437500 2.6154687500 3.5969062500
2.9500010000 2.0401562500 2.6162812500 3.6012187500
2.9550010000 2.0419687500 2.6170937500 3.6054687500
2.9600010000 2.0437812500 2.6179062500 3.6097812500
2.9650010000 2.0455937500 2.6187187500 3.6140312500
2.9700010000 2.0473437500 2.6194687500 3.6183437500
2.9750010000 2.0491562500 2.6202812500 3.6225937500
2.9800010000 2.0509687500 2.6210937500 3.6269062500
2.9850010000 2.0527812500 2.6219062500 3.6312187500
2.9900010000 2.0545312500 2.6227187500 3.6355312500
2.9950010000 2.0563437500 2.6234687500 3.6398437500
3.0000010000 2.0581562500 2.6242812500 3.6441562500
3.0050010000 2.0599062500 2.6250937500 3.6484687500
3.0100010000 2.0617187500 2.6259062500 3.6527812500
3.0150010000 2.0635312500 2.6267187500 3.6570937500
3.0200010000 2.0652812500 2.6274687500 3.6614062500
3.0250010000 2.0670937500 2.6282812500 3.6657187500
3.0300010000 2.0688437500 2.6290937500 3.6700312500
3.0350010000 2.0706562500 2.6299062500 3.6744062500
3.0400010000 2.0724687500 2.6307187500 3.6787187500
3.0450010000 2.0742187500 2.6314687500 3.6830312500
3.0500010000 2.0760312500 2.6322812500 3.6874062500
3.0550010000 2.0777812500 2.6330937500 3.6917187500
3.0600010000 2.0795937500 2.6339062500 3.6960937500
3.0650010000 2.0813437500 2.6346562500 3.7004687500
3.0700010000 2.0831562500 2.6354687500 3.7047812500
3.0750010000 2.0849062500 2.6362812500 3.7091562500
3.0800010000 2.0867187500 2.6370937500 3.7135312500
3.0850010000 2.0884687500 2.6378437500 3.7179062500
3.0900010000 2.0902812500 2.6386562500 3.7222812500
3.0950010000 2.0920312500 2.6394687500 3.7266562500
3.1000010000 2.0937812500 2.6402187500 3.7309687500
3.1050010000 2.0955937500 2.6410312500 3.7354062500
3.1100010000 2.0973437500 2.6418437500 3.7397812500
3.1150010000 2.0990937500 2.6425937500 3.7441562500
3.1200010000 2.1009062500 2.6434062500 3.7485312500
3.1250010000 2.1026562500 2.6442187500 3.7529062500
3.1300010000 2.1044062500 2.6449687500 3.7572812500
3.1350010000 2.1062187500 2.6457812500 3.7617187500
3.1400010000 2.1079687500 2.6465937500 3.7660937500
3.1450010000 2.1097187500 2.6473437500 3.7705312500
3.1500010000 2.1114687500 2.6481562500 3.7749062500
3.1550010000 2.1132187500 2.6489062500 3.7793437500
3.1600010000 2.1149687500 2.6497187500 3.7837187500
3.1650010000 2.1167812500 2.6504687500 3.7881562500
3.1700010000 2.1185312500 2.6512812500 3.7925312500
3.1750010000 2.1202812500 2.6520312500 3.7969687500
3.1800010000 2.1220312500 2.6528437500 3.8014062500
3.1850010000 2.1237812500 2.6535937500 3.8058437500
3.1900010000 2.1255312500 2.6544062500 3.8102812500
3.1950010000 2.1272812500 2.6551562500 3.8146562500
3.2000010000 2.1289687500 2.6559687500 3.8190937500
3.2050010000 2.1307187500 2.6567187500 3.8235312500
3.2100010000 2.1324687500 2.6575312500 3.8279687500
3.2150010000 2.1342187500 2.6582812500 3.8324062500
3.2200010000 2.1359687500 2.6590312500 3.8369062500
3.2250010000 2.1376562500 2.6598437500 3.8413437500
3.2300010000 2.1394062500 2.6605937500 3.8457812500
3.2350010000 2.1411562500 2.6613437500 3.8502187500
3.2400010000 2.1428437500 2.6620937500 3.8547187500
3.2450010000 2.1445937500 2.6629062500 3.8591562500
3.2500010000 2.1462812500 2.6636562500 3.8635937500
3.2550010000 2.1479687500 2.6644062500 3.8680937500
3.2600010000 2.1497187500 2.6651562500 3.8725312500
3.2650010000 2.1514062500 2.6659062500 3.8770312500
3.2700010000 2.1530937500 2.6666562500 3.8814687500
3.2750010000 2.1547812500 2.6674062500 3.8859687500
3.2800010000 2.1564687500 2.6682187500 3.8904687500
3.2850010000 2.1581562500 2.6689687500 3.8949062500
3.2900010000 2.1598437500 2.6697187500 3.8994062500
3.2950010000 2.1614687500 2.6704687500 3.9039062500
3.3000010000 2.1631562500 2.6711562500 3.9084062500
3.3050010000 2.1647812500 2.6719062500 3.9128437500
3.3100010000 2.1664062500 2.6726562500 3.9173437500
3.3150010000 2.1680312500 2.6734062500 3.9218437500
3.3200010000 2.1695937500 2.6741562500 3.9263437500
3.3250010000 2.1711562500 2.6749062500 3.9308437500
3.3300010000 2.1727812500 2.6755937500 3.9353437500
3.3350010000 2.1744062500 2.6763437500 3.9399062500
3.3400010000 2.1760937500 2.6770937500 3.9444062500
3.3450010000 2.1777812500 2.6777812500 3.9489062500
3.3500010000 2.1794687500 2.6785312500 3.9534062500
3.3550010000 2.1812187500 2.6792812500 3.9579062500
3.3600010000 2.1829062500 2.6799687500 3.9624687500
3.3650010000 2.1846562500 2.6807187500 3.9669687500
3.3700010000 2.1864687500 2.6814062500 3.9715312500
3.3750010000 2.1882187500 2.6821562500 3.9760312500
3.3800010000 2.1900312500 2.6828437500 3.9805312500
3.3850010000 2.1918437500 2.6835312500 3.9850937500
3.3900010000 2.1936562500 2.6842187500 3.9896562500
3.3950010000 2.1955312500 2.6849687500 3.9941562500
3.4000010000 2.1974062500 2.6856562500 3.9987187500
3.4050010000 2.1992812500 2.6863437500 4.0032812500
3.4100010000 2.2011562500 2.6870312500 4.0077812500
3.4150010000 2.2030312500 2.6877187500 4.0123437500
3.4200010000 2.2049687500 2.6884062500 4.0169062500
3.4250010000 2.2068437500 2.6890937500 4.0214687500
3.4300010000 2.2087812500 2.6897812500 4.0260312500
3.4350010000 2.2107812500 2.6904687500 4.0305312500
3.4400010000 2.2127187500 2.6911562500 4.0350937500
3.4450010000 2.2146562500 2.6917812500 4.0396562500
3.4500010000 2.2166562500 2.6924687500 4.0442187500
3.4550010000 2.2186562500 2.6931562500 4.0487812500
3.4600010000 2.2207187500 2.6937812500 4.0534062500
3.4650010000 2.2227187500 2.6944687500 4.0579687500
3.4700010000 2.2247812500 2.6950937500 4.0625312500
3.4750010000 2.2267812500 2.6957187500 4.0670937500
3.4800010000 2.2288437500 2.6964062500 4.0716562500
3.4850010000 2.2309687500 2.6970312500 4.0762812500
3.4900010000 2.2330312500 2.6976562500 4.0808437500
3.4950010000 2.2351562500 2.6982812500 4.0854062500
3.5000010000 2.2372812500 2.6989062500 4.0900312500
3.5050010000 2.2394062500 2.6995312500 4.0945937500
3.5100010000 2.2415312500 2.7001562500 4.0992187500
3.5150010000 2.2437187500 2.7007812500 4.1037812500
3.5200010000 2.2458437500 2.7014062500 4.1084062500
3.5250010000 2.2480312500 2.7019687500 4.1129687500
3.5300010000 2.2502187500 2.7025937500 4.1175937500
3.5350010000 2.2524687500 2.7032187500 4.1222187500
3.5400010000 2.2546562500 2.7037812500 4.1267812500
3.5450010000 2.2569062500 2.7043437500 4.1314062500
3.5500010000 2.2591562500 2.7049687500 4.1360312500
3.5550010000 2.2614062500 2.7055312500 4.1406562500
3.5600010000 2.2637187500 2.7060937500 4.1452187500
3.5650010000 2.2659687500 2.7066562500 4.1498437500
3.5700010000 2.2682812500 2.7072187500 4.1544687500
3.5750010000 2.2706562500 2.7077812500 4.1590937500
3.5800010000 2.2729687500 2.7082812500 4.1637187500
3.5850010000 2.2752812500 2.7088437500 4.1683437500
3.5900010000 2.2776562500 2.7093437500 4.1729687500
3.5950010000 2.2800312500 2.7099062500 4.1775937500
3.6000010000 2.2824687500 2.7104062500 4.1822187500
3.6050010000 2.2848437500 2.7109062500 4.1868437500
3.6100010000 2.2872812500 2.7114062500 4.1915312500
3.6150010000 2.2897187500 2.7119062500 4.1961562500
3.6200010000 2.2921562500 2.7124062500 4.2007812500
3.6250010000 2.2946562500 2.7129062500 4.2054062500
3.6300010000 2.2970937500 2.7134062500 4.2100937500
3.6350010000 2.2995937500 2.7138437500 4.2147187500
3.6400010000 2.3021562500 2.7142812500 4.2193437500
3.6450010000 2.3046562500 2.7147812500 4.2240312500
3.6500010000 2.3072187500 2.7152187500 4.2286562500
3.6550010000 2.3097812500 2.7156562500 4.2333437500
3.6600010000 2.3123437500 2.7160937500 4.2379687500
3.6650010000 2.3149687500 2.7164687500 4.2426562500
3.6700010000 2.3175937500 2.7169062500 4.2472812500
3.6750010000 2.3202187500 2.7172812500 4.2519687500
3.6800010000 2.3228437500 2.7176562500 4.2565937500
3.6850010000 2.3255312500 2.7180312500 4.2612812500
3.6900010000 2.3282187500 2.7184062500 4.2659687500
3.6950010000 2.3309062500 2.7187812500 4.2706562500
3.7000010000 2.3336562500 2.7191562500 4.2752812500
3.7050010000 2.3364062500 2.7194687500 4.2799687500
3.7100010000 2.3391562500 2.7197812500 4.2846562500
3.7150010000 2.3419062500 2.7200937500 4.2893437500
3.7200010000 2.3447187500 2.7204062500 4.2940312500
3.7250010000 2.3475312500 2.7207187500 4.2987187500
3.7300010000 2.3504062500 2.7209687500 4.3034062500
3.7350010000 2.3532812500 2.7212187500 4.3080937500
3.7400010000 2.3561562500 2.7215312500 4.3127812500
3.7450010000 2.3590312500 2.7217187500 4.3174687500
3.7500010000 2.3619687500 2.7219687500 4.3221562500
3.7550010000 2.3649062500 2.7221562500 4.3268437500
3.7600010000 2.3679062500 2.7223437500 4.3315312500
3.7650010000 2.3708437500 2.7225312500 4.3362187500
3.7700010000 2.3739062500 2.7227187500 4.3409062500
3.7750010000 2.3769062500 2.7228437500 4.3455937500
3.7800010000 2.3799687500 2.7229687500 4.3503437500
3.7850010000 2.3830937500 2.7230937500 4.3550312500
3.7900010000 2.3862187500 2.7232187500 4.3597187500
3.7950010000 2.3893437500 2.7232812500 4.3644687500
3.8000010000 2.3925312500 2.7233437500 4.3691562500
3.8050010000 2.3957187500 2.7233437500 4.3738437500
3.8100010000 2.3989062500 2.7234062500 4.3785937500
3.8150010000 2.4022187500 2.7234062500 4.3832812500
3.8200010000 2.4054687500 2.7233437500 4.3880312500
3.8250010000 2.4087812500 2.7232812500 4.3927187500
3.8300010000 2.4121562500 2.7232187500 4.3974687500
3.8350010000 2.4155312500 2.7231562500 4.4022187500
3.8400010000 2.4189062500 2.7230312500 4.4069062500
3.8450010000 2.4223437500 2.7228437500 4.4116562500
3.8500010000 2.4258437500 2.7227187500 4.4163437500
3.8550010000 2.4293437500 2.7224687500 4.4210937500
3.8600010000 2.4329062500 2.7222187500 4.4258437500
3.8650010000 2.4365312500 2.7219687500 4.4305937500
3.8700010000 2.4401562500 2.7216562500 4.4352812500
3.8750010000 2.4438437500 2.7213437500 4.4400312500
3.8800010000 2.4475312500 2.7209687500 4.4447812500
3.8850010000 2.4513437500 2.7205312500 4.4495312500
3.8900010000 2.4551562500 2.7200937500 4.4542812500
3.8950010000 2.4590312500 2.7195937500 4.4590312500
3.9000010000 2.4629062500 2.7190937500 4.4637812500
3.9050010000 2.4669062500 2.7184687500 4.4685312500
3.9100010000 2.4709687500 2.7178437500 4.4732812500
3.9150010000 2.4750312500 2.7171562500 4.4780312500
3.9200010000 2.4792187500 2.7164062500 4.4827812500
3.9250010000 2.4834062500 2.7155937500 4.4875312500
3.9300010000 2.4877187500 2.7147187500 4.4922812500
3.9350010000 2.4920937500 2.7137812500 4.4970312500
3.9400010000 2.4965937500 2.7127812500 4.5017812500
3.9450010000 2.5010937500 2.7116562500 4.5065312500
3.9500010000 2.5057812500 2.7104687500 4.5113437500
3.9550010000 2.5105312500 2.7091562500 4.5160937500
3.9600010000 2.5154062500 2.7077812500 4.5208437500
3.9650010000 2.5204062500 2.7062812500 4.5255937500
3.9700010000 2.5255312500 2.7045937500 4.5304062500
3.9750010000 2.5307812500 2.7028437500 4.5351562500
3.9800010000 2.5362812500 2.7008437500 4.5399687500
3.9850010000 2.5419062500 2.6987187500 4.5447187500
3.9900010000 2.5478437500 2.6963437500 4.5494687500
3.9950010000 2.5539687500 2.6937187500 4.5542812500
4.0000010000 2.5604687500 2.6907812500 4.5590312500
4.0050010000 2.5673437500 2.6874062500 4.5638437500
4.0100010000 2.5747187500 2.6835937500 4.5685937500
4.0150010000 2.5827812500 2.6790312500 4.5734062500
4.0200010000 2.5919062500 2.6735312500 4.5782187500
4.0250010000 2.6026562500 2.6663437500 4.5829687500
4.0300010000 2.6173437500 2.6552812500 4.5877812500
