4.0350010000 4.5925312500
4.0400010000 4.5973437500
4.0450010000 4.6021562500
4.0500010000 4.6069687500
4.0550010000 4.6117187500
4.0600010000 4.6165312500
4.0650010000 4.6213437500
4.0700010000 4.6261562500
4.0750010000 4.6309687500
4.0800010000 4.6357812500
4.0850010000 4.6405937500
4.0900010000 4.6454062500
4.0950010000 4.6502187500
4.1000010000 4.6550312500
4.1050010000 4.6598437500
4.1100010000 4.6646562500
4.1150010000 4.6694687500
4.1200010000 4.6742812500
4.1250010000 4.6790937500
4.1300010000 4.6839062500
4.1350010000 4.6887187500
4.1400010000 4.6935312500
4.1450010000 4.6984062500
4.1500010000 4.7032187500
4.1550010000 4.7080312500
4.1600010000 4.7128437500
4.1650010000 4.7177187500
4.1700010000 4.7225312500
4.1750010000 4.7273437500
4.1800010000 4.7322187500
4.1850010000 4.7370312500
4.1900010000 4.7419062500
4.1950010000 4.7467187500
4.2000010000 4.7515937500
4.2050010000 4.7564062500
4.2100010000 4.7612812500
4.2150010000 4.7660937500
4.2200010000 4.7709687500
4.2250010000 4.7757812500
4.2300010000 4.7806562500
4.2350010000 4.7855312500
4.2400010000 4.7903437500
4.2450010000 4.7952187500
4.2500010000 4.8000937500
4.2550010000 4.8049687500
4.2600010000 4.8097812500
4.2650010000 4.8146562500
4.2700010000 4.8195312500
4.2750010000 4.8244062500
4.2800010000 4.8292812500
4.2850010000 4.8341562500
4.2900010000 4.8389687500
4.2950010000 4.8438437500
4.3000010000 4.8487187500
4.3050010000 4.8535937500
4.3100010000 4.8584687500
4.3150010000 4.8633437500
4.3200010000 4.8682187500
4.3250010000 4.8730937500
4.3300010000 4.8779687500
4.3350010000 4.8829062500
4.3400010000 4.8877812500
4.3450010000 4.8926562500
4.3500010000 4.8975312500
4.3550010000 4.9024062500
4.3600010000 4.9072812500
4.3650010000 4.9122187500
4.3700010000 4.9170937500
4.3750010000 4.9219687500
4.3800010000 4.9268437500
4.3850010000 4.9317812500
4.3900010000 4.9366562500
4.3950010000 4.9415312500
4.4000010000 4.9464687500
4.4050010000 4.9513437500
4.4100010000 4.9562812500
4.4150010000 4.9611562500
4.4200010000 4.9660937500
4.4250010000 4.9709687500
4.4300010000 4.9759062500
4.4350010000 4.9807812500
4.4400010000 4.9857187500
4.4450010000 4.9905937500
4.4500010000 4.9955312500
4.4550010000 5.0004687500
4.4600010000 5.0053437500
4.4650010000 5.0102812500
4.4700010000 5.0152187500
4.4750010000 5.0200937500
4.4800010000 5.0250312500
4.4850010000 5.0299687500
4.4900010000 5.0348437500
4.4950010000 5.0397812500
4.5000010000 5.0447187500
4.5050010000 5.0496562500
4.5100010000 5.0545937500
4.5150010000 5.0595312500
4.5200010000 5.0644687500
4.5250010000 5.0693437500
4.5300010000 5.0742812500
4.5350010000 5.0792187500
4.5400010000 5.0841562500
4.5450010000 5.0890937500
4.5500010000 5.0940312500
4.5550010000 5.0989687500
4.5600010000 5.1039062500
4.5650010000 5.1088437500
4.5700010000 5.1138437500
4.5750010000 5.1187812500
4.5800010000 5.1237187500
4.5850010000 5.1286562500
4.5900010000 5.1335937500
4.5950010000 5.1385312500
4.6000010000 5.1435312500
4.6050010000 5.1484687500
4.6100010000 5.1534062500
4.6150010000 5.1583437500
4.6200010000 5.1633437500
4.6250010000 5.1682812500
4.6300010000 5.1732187500
4.6350010000 5.1782187500
4.6400010000 5.1831562500
4.6450010000 5.1880937500
4.6500010000 5.1930937500
4.6550010000 5.1980312500
4.6600010000 5.2030312500
4.6650010000 5.2079687500
4.6700010000 5.2129687500
4.6750010000 5.2179062500
4.6800010000 5.2229062500
4.6850010000 5.2278437500
4.6900010000 5.2328437500
4.6950010000 5.2377812500
4.7000010000 5.2427812500
4.7050010000 5.2477812500
4.7100010000 5.2527187500
4.7150010000 5.2577187500
4.7200010000 5.2627187500
4.7250010000 5.2676562500
4.7300010000 5.2726562500
4.7350010000 5.2776562500
4.7400010000 5.2826562500
4.7450010000 5.2875937500
4.7500010000 5.2925937500
4.7550010000 5.2975937500
4.7600010000 5.3025937500
4.7650010000 5.3075937500
4.7700010000 5.3125937500
4.7750010000 5.3175937500
4.7800010000 5.3225312500
4.7850010000 5.3275312500
4.7900010000 5.3325312500
4.7950010000 5.3375312500
4.8000010000 5.3425312500
4.8050010000 5.3475312500
4.8100010000 5.3525312500
4.8150010000 5.3575312500
4.8200010000 5.3625312500
4.8250010000 5.3675937500
4.8300010000 5.3725937500
4.8350010000 5.3775937500
4.8400010000 5.3825937500
4.8450010000 5.3875937500
4.8500010000 5.3925937500
4.8550010000 5.3975937500
4.8600010000 5.4026562500
4.8650010000 5.4076562500
4.8700010000 5.4126562500
4.8750010000 5.4176562500
4.8800010000 5.4227187500
4.8850010000 5.4277187500
4.8900010000 5.4327187500
4.8950010000 5.4377812500
4.9000010000 5.4427812500
4.9050010000 5.4477812500
4.9100010000 5.4528437500
4.9150010000 5.4578437500
4.9200010000 5.4629062500
4.9250010000 5.4679062500
4.9300010000 5.4729687500
4.9350010000 5.4779687500
4.9400010000 5.4830312500
4.9450010000 5.4880312500
4.9500010000 5.4930937500
4.9550010000 5.4980937500
4.9600010000 5.5031562500
4.9650010000 5.5081562500
4.9700010000 5.5132187500
4.9750010000 5.5182812500
4.9800010000 5.5232812500
4.9850010000 5.5283437500
4.9900010000 5.5334062500
4.9950010000 5.5384062500
