3.1500000010 4.0245983838
3.2400000010 4.0616741455
3.3300000010 4.1023789111
3.4200000010 4.1475426807
3.5100000010 4.1972376221
3.6000000010 4.2511225635
3.6900000010 4.3087037744
3.7800000010 4.3694761963
3.8700000010 4.4329830225
3.9600000010 4.4988326807
4.0500000010 4.5666973779
4.1400000010 4.6363051514
4.2300000010 4.7074305810
4.3200000010 4.7798863037
4.4100000010 4.8535157666
4.5000000010 4.9281874853
4.5900000010 5.0037903271
4.6800000010 5.0802298779
4.7700000010 5.1574254834
4.8600000010 5.2353079931
4.9500000010 5.3138178759
