0.0000000010 1.0000250000
0.0050000010 1.0000250000
0.0100000010 1.0000250000
0.0150000010 1.0000250000
0.0200000010 1.0000750000
0.0250000010 1.0000750000
0.0300000010 1.0001250000
0.0350000010 1.0001750000
0.0400000010 1.0002250000
0.0450000010 1.0002750000
0.0500000010 1.0003250000
0.0550000010 1.0003750000
0.0600000010 1.0004750000
0.0650000010 1.0005250000
0.0700000010 1.0006250000
0.0750000010 1.0007250000
0.0800000010 1.0008250000
0.0850000010 1.0009250000
0.0900000010 1.0010250000
0.0950000010 1.0011750000
