4.8220000000 0.0046751000
4.8225000000 0.0159751000
4.8230000000 0.0221251000
4.8235000000 0.0268751000
4.8240000000 0.0309251000
4.8245000000 0.0344751000
4.8250000000 0.0377251000
4.8255000000 0.0406751000
4.8260000000 0.0434751000
4.8265000000 0.0460751000
4.8270000000 0.0485251000
4.8275000000 0.0508751000
4.8280000000 0.0531251000
4.8285000000 0.0552751000
4.8290000000 0.0573251000
4.8295000000 0.0593251000
4.8300000000 0.0612251000
4.8305000000 0.0631251000
4.8310000000 0.0649251000
4.8315000000 0.0667251000
4.8320000000 0.0684251000
4.8325000000 0.0701251000
4.8330000000 0.0717251000
4.8335000000 0.0733251000
4.8340000000 0.0749251000
4.8345000000 0.0764251000
4.8350000000 0.0779251000
4.8355000000 0.0794251000
4.8360000000 0.0808751000
4.8365000000 0.0822751000
4.8370000000 0.0836751000
4.8375000000 0.0850751000
4.8380000000 0.0864251000
4.8385000000 0.0877251000
4.8390000000 0.0890751000
4.8395000000 0.0903251000
4.8400000000 0.0916251000
4.8405000000 0.0928751000
4.8410000000 0.0941251000
4.8415000000 0.0953251000
4.8420000000 0.0965251000
4.8425000000 0.0977251000
4.8430000000 0.0988751000
4.8435000000 0.1000751000
4.8440000000 0.1012251000
4.8445000000 0.1023251000
4.8450000000 0.1034751000
4.8455000000 0.1045751000
4.8460000000 0.1056751000
4.8465000000 0.1067751000
4.8470000000 0.1078251000
4.8475000000 0.1088751000
4.8480000000 0.1099251000
4.8485000000 0.1109751000
4.8490000000 0.1120251000
4.8495000000 0.1130251000
4.8500000000 0.1140751000
4.8505000000 0.1150751000
4.8510000000 0.1160251000
4.8515000000 0.1170251000
4.8520000000 0.1180251000
4.8525000000 0.1189751000
4.8530000000 0.1199251000
4.8535000000 0.1208751000
4.8540000000 0.1218251000
4.8545000000 0.1227751000
4.8550000000 0.1237251000
4.8555000000 0.1246251000
4.8560000000 0.1255251000
4.8565000000 0.1264751000
4.8570000000 0.1273751000
4.8575000000 0.1282251000
4.8580000000 0.1291251000
4.8585000000 0.1300251000
4.8590000000 0.1308751000
4.8595000000 0.1317751000
4.8600000000 0.1326251000
4.8605000000 0.1334751000
4.8610000000 0.1343251000
4.8615000000 0.1351751000
4.8620000000 0.1360251000
4.8625000000 0.1368751000
4.8630000000 0.1376751000
4.8635000000 0.1385251000
4.8640000000 0.1393251000
4.8645000000 0.1401251000
4.8650000000 0.1409251000
4.8655000000 0.1417751000
4.8660000000 0.1425751000
4.8665000000 0.1433251000
4.8670000000 0.1441251000
4.8675000000 0.1449251000
4.8680000000 0.1456751000
4.8685000000 0.1464751000
4.8690000000 0.1472251000
4.8695000000 0.1480251000
4.8700000000 0.1487751000
4.8705000000 0.1495251000
4.8710000000 0.1502751000
4.8715000000 0.1510251000
4.8720000000 0.1517751000
4.8725000000 0.1525251000
4.8730000000 0.1532751000
4.8735000000 0.1539751000
4.8740000000 0.1547251000
4.8745000000 0.1554251000
4.8750000000 0.1561751000
4.8755000000 0.1568751000
4.8760000000 0.1575751000
4.8765000000 0.1583251000
4.8770000000 0.1590251000
4.8775000000 0.1597251000
4.8780000000 0.1604251000
4.8785000000 0.1611251000
4.8790000000 0.1618251000
4.8795000000 0.1624751000
4.8800000000 0.1631751000
4.8805000000 0.1638751000
4.8810000000 0.1645251000
4.8815000000 0.1652251000
4.8820000000 0.1658751000
4.8825000000 0.1665751000
4.8830000000 0.1672251000
4.8835000000 0.1678751000
4.8840000000 0.1685751000
4.8845000000 0.1692251000
4.8850000000 0.1698751000
4.8855000000 0.1705251000
4.8860000000 0.1711751000
4.8865000000 0.1718251000
4.8870000000 0.1724751000
4.8875000000 0.1731251000
4.8880000000 0.1737251000
4.8885000000 0.1743751000
4.8890000000 0.1750251000
4.8895000000 0.1756251000
4.8900000000 0.1762751000
4.8905000000 0.1768751000
4.8910000000 0.1775251000
4.8915000000 0.1781251000
4.8920000000 0.1787251000
4.8925000000 0.1793751000
4.8930000000 0.1799751000
4.8935000000 0.1805751000
4.8940000000 0.1811751000
4.8945000000 0.1817751000
4.8950000000 0.1823751000
4.8955000000 0.1829751000
4.8960000000 0.1835751000
4.8965000000 0.1841751000
4.8970000000 0.1847751000
4.8975000000 0.1853751000
4.8980000000 0.1859251000
4.8985000000 0.1865251000
4.8990000000 0.1871251000
4.8995000000 0.1876751000
4.9000000000 0.1882751000
4.9005000000 0.1888251000
4.9010000000 0.1894251000
4.9015000000 0.1899751000
4.9020000000 0.1905251000
4.9025000000 0.1911251000
4.9030000000 0.1916751000
4.9035000000 0.1922251000
4.9040000000 0.1927751000
4.9045000000 0.1933751000
4.9050000000 0.1939251000
4.9055000000 0.1944751000
4.9060000000 0.1950251000
4.9065000000 0.1955751000
4.9070000000 0.1961251000
4.9075000000 0.1966251000
4.9080000000 0.1971751000
4.9085000000 0.1977251000
4.9090000000 0.1982751000
4.9095000000 0.1987751000
4.9100000000 0.1993251000
4.9105000000 0.1998751000
4.9110000000 0.2003751000
4.9115000000 0.2009251000
4.9120000000 0.2014251000
4.9125000000 0.2019751000
4.9130000000 0.2024751000
4.9135000000 0.2030251000
4.9140000000 0.2035251000
4.9145000000 0.2040251000
4.9150000000 0.2045751000
4.9155000000 0.2050751000
4.9160000000 0.2055751000
4.9165000000 0.2060751000
4.9170000000 0.2065751000
4.9175000000 0.2070751000
4.9180000000 0.2075751000
4.9185000000 0.2080751000
4.9190000000 0.2085751000
4.9195000000 0.2090751000
4.9200000000 0.2095751000
4.9205000000 0.2100751000
4.9210000000 0.2105751000
4.9215000000 0.2110251000
4.9220000000 0.2115251000
4.9225000000 0.2120251000
4.9230000000 0.2124751000
4.9235000000 0.2129751000
4.9240000000 0.2134251000
4.9245000000 0.2139251000
4.9250000000 0.2143751000
4.9255000000 0.2148751000
4.9260000000 0.2153251000
4.9265000000 0.2158251000
4.9270000000 0.2162751000
4.9275000000 0.2167251000
4.9280000000 0.2171751000
4.9285000000 0.2176751000
4.9290000000 0.2181251000
4.9295000000 0.2185751000
4.9300000000 0.2190251000
4.9305000000 0.2194751000
4.9310000000 0.2199251000
4.9315000000 0.2203751000
4.9320000000 0.2208251000
4.9325000000 0.2212751000
4.9330000000 0.2217251000
4.9335000000 0.2221251000
4.9340000000 0.2225751000
4.9345000000 0.2230251000
4.9350000000 0.2234751000
4.9355000000 0.2238751000
4.9360000000 0.2243251000
4.9365000000 0.2247251000
4.9370000000 0.2251751000
4.9375000000 0.2255751000
4.9380000000 0.2260251000
4.9385000000 0.2264251000
4.9390000000 0.2268251000
4.9395000000 0.2272751000
4.9400000000 0.2276751000
4.9405000000 0.2280751000
4.9410000000 0.2284751000
4.9415000000 0.2288751000
4.9420000000 0.2292751000
4.9425000000 0.2296751000
4.9430000000 0.2300751000
4.9435000000 0.2304751000
4.9440000000 0.2308751000
4.9445000000 0.2312251000
4.9450000000 0.2316251000
4.9455000000 0.2319751000
4.9460000000 0.2323751000
4.9465000000 0.2327251000
4.9470000000 0.2331251000
4.9475000000 0.2334751000
4.9480000000 0.2338251000
4.9485000000 0.2341751000
4.9490000000 0.2344751000
4.9495000000 0.2348251000
4.9500000000 0.2351251000
4.9505000000 0.2354751000
4.9510000000 0.2358251000
4.9515000000 0.2362251000
4.9520000000 0.2365751000
4.9525000000 0.2369251000
4.9530000000 0.2373251000
4.9535000000 0.2376751000
4.9540000000 0.2380751000
4.9545000000 0.2384751000
4.9550000000 0.2388251000
4.9555000000 0.2392251000
4.9560000000 0.2396251000
4.9565000000 0.2400251000
4.9570000000 0.2404251000
4.9575000000 0.2408251000
4.9580000000 0.2412251000
4.9585000000 0.2416251000
4.9590000000 0.2420251000
4.9595000000 0.2424751000
4.9600000000 0.2428751000
4.9605000000 0.2432751000
4.9610000000 0.2436751000
4.9615000000 0.2441251000
4.9620000000 0.2445251000
4.9625000000 0.2449751000
4.9630000000 0.2453751000
4.9635000000 0.2458251000
4.9640000000 0.2462751000
4.9645000000 0.2466751000
4.9650000000 0.2471251000
4.9655000000 0.2475751000
4.9660000000 0.2479751000
4.9665000000 0.2484251000
4.9670000000 0.2488751000
4.9675000000 0.2493251000
4.9680000000 0.2497751000
4.9685000000 0.2502251000
4.9690000000 0.2506751000
4.9695000000 0.2511251000
4.9700000000 0.2515751000
4.9705000000 0.2520251000
4.9710000000 0.2524751000
4.9715000000 0.2529251000
4.9720000000 0.2533751000
4.9725000000 0.2538251000
4.9730000000 0.2543251000
4.9735000000 0.2547751000
4.9740000000 0.2552251000
4.9745000000 0.2556751000
4.9750000000 0.2561751000
4.9755000000 0.2566251000
4.9760000000 0.2571251000
4.9765000000 0.2575751000
4.9770000000 0.2580251000
4.9775000000 0.2585251000
4.9780000000 0.2590251000
4.9785000000 0.2594751000
4.9790000000 0.2599751000
4.9795000000 0.2604251000
4.9800000000 0.2609251000
4.9805000000 0.2614251000
4.9810000000 0.2618751000
4.9815000000 0.2623751000
4.9820000000 0.2628751000
4.9825000000 0.2633751000
4.9830000000 0.2638751000
4.9835000000 0.2643251000
4.9840000000 0.2648251000
4.9845000000 0.2653251000
4.9850000000 0.2658251000
4.9855000000 0.2663251000
4.9860000000 0.2668251000
4.9865000000 0.2673251000
4.9870000000 0.2678251000
4.9875000000 0.2683251000
4.9880000000 0.2688251000
4.9885000000 0.2693251000
4.9890000000 0.2698751000
4.9895000000 0.2703751000
4.9900000000 0.2708751000
4.9905000000 0.2713751000
4.9910000000 0.2718751000
4.9915000000 0.2724251000
4.9920000000 0.2729251000
4.9925000000 0.2734251000
4.9930000000 0.2739751000
4.9935000000 0.2744751000
4.9940000000 0.2750251000
4.9945000000 0.2755251000
4.9950000000 0.2760251000
4.9955000000 0.2765751000
4.9960000000 0.2770751000
4.9965000000 0.2776251000
4.9970000000 0.2781751000
4.9975000000 0.2786751000
4.9980000000 0.2792251000
4.9985000000 0.2797251000
4.9990000000 0.2802751000
4.9995000000 0.2808251000
5.0000000000 0.2813251000
