0.0041000000 2.4000221045
0.0051000000 2.4000269775
0.0061000000 2.4000329053
0.0071000000 2.4000398682
0.0081000000 2.4000478857
0.0091000000 2.4000569678
0.0101000000 2.4000670947
0.0111000000 2.4000782861
0.0121000000 2.4000905225
0.0131000000 2.4001038232
0.0141000000 2.4001181787
0.0151000000 2.4001335889
0.0161000000 2.4001500537
0.0171000000 2.4001675635
0.0181000000 2.4001861377
0.0191000000 2.4002057666
0.0201000000 2.4002264502
0.0211000000 2.4002481787
0.0221000000 2.4002709717
0.0231000000 2.4002948096
0.0241000000 2.4003197022
0.0251000000 2.4003456592
0.0261000000 2.4003726611
0.0271000000 2.4004007080
0.0281000000 2.4004298193
0.0291000000 2.4004599756
0.0301000000 2.4004911865
0.0311000000 2.4005234522
0.0321000000 2.4005567725
0.0331000000 2.4005911377
0.0341000000 2.4006265576
0.0351000000 2.4006630225
0.0361000000 2.4007005420
0.0371000000 2.4007391162
0.0381000000 2.4007787354
