2.2600000000 0.6358137169 3.5514459572
2.2610000000 0.6369820061 3.5521682625
2.2620000000 0.6381497307 3.5528908348
2.2630000000 0.6393169060 3.5536136742
2.2640000000 0.6404835243 3.5543367805
2.2650000000 0.6416495781 3.5550601463
2.2660000000 0.6428150673 3.5557837868
2.2670000000 0.6439799919 3.5565076942
2.2680000000 0.6451443596 3.5572318764
2.2690000000 0.6463081627 3.5579563255
2.2700000000 0.6474714088 3.5586810493
2.2710000000 0.6486340904 3.5594060478
2.2720000000 0.6497962074 3.5601313133
2.2730000000 0.6509577675 3.5608568611
2.2740000000 0.6521187706 3.5615826836
2.2750000000 0.6532792168 3.5623087807
2.2760000000 0.6544391136 3.5630351524
2.2770000000 0.6555984612 3.5637618065
2.2780000000 0.6567572517 3.5644887428
2.2790000000 0.6579155006 3.5652159615
2.2800000000 0.6590732002 3.5659434624
2.2810000000 0.6602303658 3.5666712379
2.2820000000 0.6613869896 3.5673993034
2.2830000000 0.6625430717 3.5681276588
2.2840000000 0.6636986275 3.5688562965
2.2850000000 0.6648536568 3.5695852165
2.2860000000 0.6660081520 3.5703144264
2.2870000000 0.6671621284 3.5710439339
2.2880000000 0.6683155861 3.5717737236
2.2890000000 0.6694685249 3.5725038109
2.2900000000 0.6706209526 3.5732341881
2.2910000000 0.6717728691 3.5739648628
2.2920000000 0.6729242744 3.5746958351
2.2930000000 0.6740751839 3.5754270973
2.2940000000 0.6752255898 3.5761586647
2.2950000000 0.6763755074 3.5768905220
2.2960000000 0.6775249290 3.5776226845
2.2970000000 0.6786738548 3.5783551521
2.2980000000 0.6798223076 3.5790879250
2.2990000000 0.6809702721 3.5798209953
2.3000000000 0.6821177635 3.5805543709
2.3010000000 0.6832647743 3.5812880592
2.3020000000 0.6844113197 3.5820220528
2.3030000000 0.6855573997 3.5827563591
2.3040000000 0.6867030144 3.5834909706
2.3050000000 0.6878481712 3.5842259026
2.3060000000 0.6889928703 3.5849611473
2.3070000000 0.6901371193 3.5856967049
2.3080000000 0.6912809181 3.5864325752
2.3090000000 0.6924242668 3.5871687737
2.3100000000 0.6935671806 3.5879052849
2.3110000000 0.6947096596 3.5886421242
2.3120000000 0.6958516960 3.5893792839
2.3130000000 0.6969933128 3.5901167717
2.3140000000 0.6981344948 3.5908545799
2.3150000000 0.6992752571 3.5915927238
2.3160000000 0.7004155922 3.5923311882
2.3170000000 0.7015555153 3.5930699959
2.3180000000 0.7026950264 3.5938091316
2.3190000000 0.7038341331 3.5945486031
2.3200000000 0.7049728279 3.5952884102
2.3210000000 0.7061111183 3.5960285606
2.3220000000 0.7072490120 3.5967690468
2.3230000000 0.7083865089 3.5975098763
2.3240000000 0.7095236168 3.5982510567
2.3250000000 0.7106603279 3.5989925804
2.3260000000 0.7117966576 3.5997344475
2.3270000000 0.7129326057 3.6004766731
2.3280000000 0.7140681725 3.6012192497
2.3290000000 0.7152033653 3.6019621773
2.3300000000 0.7163381844 3.6027054710
2.3310000000 0.7174726372 3.6034491158
2.3320000000 0.7186067238 3.6041931267
2.3330000000 0.7197404366 3.6049375038
2.3340000000 0.7208737984 3.6056822395
2.3350000000 0.7220068016 3.6064273491
2.3360000000 0.7231394539 3.6071728325
2.3370000000 0.7242717552 3.6079186821
