0.0731000000 2.1016343799 2.4028241748
0.0741000000 2.1016791553 2.4029013428
0.0751000000 2.1017245361 2.4029795361
0.0761000000 2.1017705127 2.4030587647
0.0771000000 2.1018170752 2.4031390283
0.0781000000 2.1018642432 2.4032203272
0.0791000000 2.1019119971 2.4033026514
0.0801000000 2.1019603369 2.4033860107
0.0811000000 2.1020092822 2.4034704053
0.0821000000 2.1020588135 2.4035558252
0.0831000000 2.1021089307 2.4036422705
0.0841000000 2.1021596436 2.4037297412
0.0851000000 2.1022109521 2.4038182471
0.0861000000 2.1022628369 2.4039077783
0.0871000000 2.1023153174 2.4039983350
0.0881000000 2.1023683936 2.4040899170
0.0891000000 2.1024220459 2.4041825244
0.0901000000 2.1024762939 2.4042761572
0.0911000000 2.1025311279 2.4043708057
0.0921000000 2.1025865381 2.4044664893
0.0931000000 2.1026425439 2.4045631885
0.0941000000 2.1026991260 2.4046609131
0.0951000000 2.1027563037 2.4047596533
0.0961000000 2.1028140576 2.4048594189
0.0971000000 2.1028723877 2.4049602002
0.0981000000 2.1029313135 2.4050619971
0.0991000000 2.1029908057 2.4051648193
0.1001000000 2.1030508936 2.4052686572
0.1011000000 2.1031115479 2.4053735107
0.1021000000 2.1031727881 2.4054793799
0.1031000000 2.1032346143 2.4055862647
0.1041000000 2.1032970068 2.4056941553
0.1051000000 2.1033599854 2.4058030713
0.1061000000 2.1034235303 2.4059129932
0.1071000000 2.1034876611 2.4060239307
0.1081000000 2.1035523682 2.4061358740
0.1091000000 2.1036176416 2.4062488330
0.1101000000 2.1036834912 2.4063627979
0.1111000000 2.1037499170 2.4064777686
0.1121000000 2.1038169092 2.4065937451
0.1131000000 2.1038844775 2.4067107373
0.1141000000 2.1039526221 2.4068287354
0.1151000000 2.1040213330 2.4069477295
0.1161000000 2.1040906104 2.4070677393
0.1171000000 2.1041604639 2.4071887451
0.1181000000 2.1042308740 2.4073107471
0.1191000000 2.1043018604 2.4074337647
0.1201000000 2.1043734131 2.4075577783
0.1211000000 2.1044455225 2.4076827881
0.1221000000 2.1045182080 2.4078087939
0.1231000000 2.1045914502 2.4079358057
0.1241000000 2.1046652588 2.4080638135
0.1251000000 2.1047396338 2.4081928174
0.1261000000 2.1048145654 2.4083228174
0.1271000000 2.1048900537 2.4084538037
0.1281000000 2.1049661084 2.4085857861
0.1291000000 2.1050427197 2.4087187647
0.1301000000 2.1051198975 2.4088527393
0.1311000000 2.1051976221 2.4089877002
0.1321000000 2.1052759131 2.4091236475
0.1331000000 2.1053547510 2.4092605908
0.1341000000 2.1054341553 2.4093985205
0.1351000000 2.1055141064 2.4095374268
0.1361000000 2.1055946143 2.4096773291
0.1371000000 2.1056756689 2.4098182178
0.1381000000 2.1057572803 2.4099600830
0.1391000000 2.1058394482 2.4101029346
0.1401000000 2.1059221631 2.4102467725
0.1411000000 2.1060054248 2.4103915869
0.1421000000 2.1060892334 2.4105373779
0.1431000000 2.1061735889 2.4106841553
0.1441000000 2.1062585010 2.4108318994
0.1451000000 2.1063439502 2.4109806299
0.1461000000 2.1064299463 2.4111303369
0.1471000000 2.1065164893 2.4112810107
0.1481000000 2.1066035693 2.4114326611
0.1491000000 2.1066911963 2.4115852881
0.1501000000 2.1067793701 2.4117388916
0.1511000000 2.1068680811 2.4118934522
0.1521000000 2.1069573291 2.4120489893
0.1531000000 2.1070471143 2.4122054932
0.1541000000 2.1071374365 2.4123629736
0.1551000000 2.1072283057 2.4125214111
0.1561000000 2.1073197021 2.4126808154
0.1571000000 2.1074116357 2.4128411768
0.1581000000 2.1075041064 2.4130025147
0.1591000000 2.1075971045 2.4131648096
0.1601000000 2.1076906396 2.4133280615
0.1611000000 2.1077847119 2.4134922705
0.1621000000 2.1078793018 2.4136574463
0.1631000000 2.1079744287 2.4138235791
0.1641000000 2.1080700830 2.4139906592
0.1651000000 2.1081662646 2.4141587061
0.1661000000 2.1082629736 2.4143277002
0.1671000000 2.1083602100 2.4144976514
0.1681000000 2.1084579736 2.4146685498
0.1691000000 2.1085562549 2.4148404053
0.1701000000 2.1086550635 2.4150131982
0.1711000000 2.1087543994 2.4151869482
0.1721000000 2.1088542432 2.4153616455
0.1731000000 2.1089546143 2.4155372900
0.1741000000 2.1090555127 2.4157138818
0.1751000000 2.1091569189 2.4158914111
0.1761000000 2.1092588428 2.4160698877
0.1771000000 2.1093612842 2.4162493018
0.1781000000 2.1094642432 2.4164296533
0.1791000000 2.1095677100 2.4166109522
0.1801000000 2.1096716943 2.4167931787
0.1811000000 2.1097761963 2.4169763525
0.1821000000 2.1098812061 2.4171604541
0.1831000000 2.1099867236 2.4173454932
0.1841000000 2.1100927490 2.4175314600
0.1851000000 2.1101992822 2.4177183643
0.1861000000 2.1103063330 2.4179061963
0.1871000000 2.1104138818 2.4180949561
0.1881000000 2.1105219385 2.4182846533
0.1891000000 2.1106304932 2.4184752686
0.1901000000 2.1107395557 2.4186668115
0.1911000000 2.1108491260 2.4188592822
0.1921000000 2.1109591943 2.4190526709
0.1931000000 2.1110697607 2.4192469775
0.1941000000 2.1111808252 2.4194422119
0.1951000000 2.1112923877 2.4196383643
0.1961000000 2.1114044482 2.4198354346
0.1971000000 2.1115170068 2.4200334229
0.1981000000 2.1116300635 2.4202323291
0.1991000000 2.1117436084 2.4204321436
