3.5050000000 4.2970173302
3.5060000000 4.2975244865
3.5070000000 4.2980320473
3.5080000000 4.2985400124
3.5090000000 4.2990483818
3.5100000000 4.2995571632
3.5110000000 4.3000663567
3.5120000000 4.3005759544
3.5130000000 4.3010859642
3.5140000000 4.3015963860
3.5150000000 4.3021072197
3.5160000000 4.3026184654
3.5170000000 4.3031301231
3.5180000000 4.3036421928
3.5190000000 4.3041546822
3.5200000000 4.3046675835
3.5210000000 4.3051808968
3.5220000000 4.3056946297
3.5230000000 4.3062087822
3.5240000000 4.3067233543
3.5250000000 4.3072383385
3.5260000000 4.3077537422
3.5270000000 4.3082695732
3.5280000000 4.3087858162
3.5290000000 4.3093024788
3.5300000000 4.3098195686
3.5310000000 4.3103370781
3.5320000000 4.3108550072
3.5330000000 4.3113733635
3.5340000000 4.3118921394
3.5350000000 4.3124113426
3.5360000000 4.3129309654
3.5370000000 4.3134510231
3.5380000000 4.3139714928
3.5390000000 4.3144923973
3.5400000000 4.3150137291
3.5410000000 4.3155354881
3.5420000000 4.3160576668
3.5430000000 4.3165802803
3.5440000000 4.3171033211
3.5450000000 4.3176267891
3.5460000000 4.3181506920
3.5470000000 4.3186750145
3.5480000000 4.3191997795
3.5490000000 4.3197249641
3.5500000000 4.3202505836
3.5510000000 4.3207766380
3.5520000000 4.3213031273
3.5530000000 4.3218300438
3.5540000000 4.3223573875
3.5550000000 4.3228851738
3.5560000000 4.3234133873
3.5570000000 4.3239420357
3.5580000000 4.3244711189
3.5590000000 4.3250006371
3.5600000000 4.3255305901
3.5610000000 4.3260609856
3.5620000000 4.3265918083
3.5630000000 4.3271230659
3.5640000000 4.3276547661
3.5650000000 4.3281869011
3.5660000000 4.3287194710
3.5670000000 4.3292524757
3.5680000000 4.3297859230
3.5690000000 4.3303198051
3.5700000000 4.3308541222
3.5710000000 4.3313888817
3.5720000000 4.3319240837
3.5730000000 4.3324597206
3.5740000000 4.3329957924
3.5750000000 4.3335323067
3.5760000000 4.3340692635
3.5770000000 4.3346066551
3.5780000000 4.3351444969
3.5790000000 4.3356827660
3.5800000000 4.3362214851
3.5810000000 4.3367606392
3.5820000000 4.3373002357
3.5830000000 4.3378402748
3.5840000000 4.3383807564
3.5850000000 4.3389216805
3.5860000000 4.3394630394
3.5870000000 4.3400048485
3.5880000000 4.3405470924
3.5890000000 4.3410897865
3.5900000000 4.3416329155
3.5910000000 4.3421764870
3.5920000000 4.3427205086
3.5930000000 4.3432649651
3.5940000000 4.3438098717
3.5950000000 4.3443552132
3.5960000000 4.3449010048
3.5970000000 4.3454472389
3.5980000000 4.3459939079
3.5990000000 4.3465410271
3.6000000000 4.3470885963
3.6010000000 4.3476366005
3.6020000000 4.3481850471
3.6030000000 4.3487339439
3.6040000000 4.3492832832
3.6050000000 4.3498330650
3.6060000000 4.3503832893
3.6070000000 4.3509339638
3.6080000000 4.3514850731
3.6090000000 4.3520366325
3.6100000000 4.3525886421
3.6110000000 4.3531410866
3.6120000000 4.3536939812
3.6130000000 4.3542473106
3.6140000000 4.3548010979
3.6150000000 4.3553553200
3.6160000000 4.3559099922
3.6170000000 4.3564651070
3.6180000000 4.3570206642
3.6190000000 4.3575766640
3.6200000000 4.3581331139
3.6210000000 4.3586900063
3.6220000000 4.3592473412
3.6230000000 4.3598051186
3.6240000000 4.3603633461
3.6250000000 4.3609220161
3.6260000000 4.3614811287
3.6270000000 4.3620406837
3.6280000000 4.3626006889
3.6290000000 4.3631611366
3.6300000000 4.3637220268
3.6310000000 4.3642833595
3.6320000000 4.3648451424
3.6330000000 4.3654073601
3.6340000000 4.3659700279
3.6350000000 4.3665331383
3.6360000000 4.3670966911
3.6370000000 4.3676606865
3.6380000000 4.3682251320
3.6390000000 4.3687900124
3.6400000000 4.3693553429
3.6410000000 4.3699211082
3.6420000000 4.3704873238
3.6430000000 4.3710539818
3.6440000000 4.3716210823
3.6450000000 4.3721886253
3.6460000000 4.3727566109
3.6470000000 4.3733250389
3.6480000000 4.3738939095
3.6490000000 4.3744632149
3.6500000000 4.3750329704
3.6510000000 4.3756031685
3.6520000000 4.3761738091
3.6530000000 4.3767448845
3.6540000000 4.3773164101
3.6550000000 4.3778883705
3.6560000000 4.3784607735
3.6570000000 4.3790336189
3.6580000000 4.3796069069
3.6590000000 4.3801806297
3.6600000000 4.3807547951
3.6610000000 4.3813294029
3.6620000000 4.3819044533
3.6630000000 4.3824799385
3.6640000000 4.3830558662
3.6650000000 4.3836322289
3.6660000000 4.3842090340
3.6670000000 4.3847862816
3.6680000000 4.3853639641
3.6690000000 4.3859420815
3.6700000000 4.3865206490
3.6710000000 4.3870996437
3.6720000000 4.3876790810
3.6730000000 4.3882589531
3.6740000000 4.3888392677
3.6750000000 4.3894200172
3.6760000000 4.3900012016
3.6770000000 4.3905828285
3.6780000000 4.3911648903
3.6790000000 4.3917473869
3.6800000000 4.3923303185
3.6810000000 4.3929136848
3.6820000000 4.3934974937
3.6830000000 4.3940817299
3.6840000000 4.3946664085
3.6850000000 4.3952515144
3.6860000000 4.3958370628
3.6870000000 4.3964230385
3.6880000000 4.3970094566
3.6890000000 4.3975963020
3.6900000000 4.3981835823
3.6910000000 4.3987712975
3.6920000000 4.3993594398
3.6930000000 4.3999480247
3.6940000000 4.4005370369
3.6950000000 4.4011264763
3.6960000000 4.4017163506
3.6970000000 4.4023066597
3.6980000000 4.4028973961
3.6990000000 4.4034885674
3.7000000000 4.4040801659
3.7010000000 4.4046721992
3.7020000000 4.4052646599
3.7030000000 4.4058575478
3.7040000000 4.4064508705
3.7050000000 4.4070446205
3.7060000000 4.4076387978
3.7070000000 4.4082334023
3.7080000000 4.4088284340
3.7090000000 4.4094239006
3.7100000000 4.4100197868
3.7110000000 4.4106161079
3.7120000000 4.4112128487
3.7130000000 4.4118100166
3.7140000000 4.4124076118
3.7150000000 4.4130056343
3.7160000000 4.4136040840
3.7170000000 4.4142029533
3.7180000000 4.4148022499
3.7190000000 4.4154019737
3.7200000000 4.4160021172
3.7210000000 4.4166026878
3.7220000000 4.4172036781
3.7230000000 4.4178050957
3.7240000000 4.4184069328
3.7250000000 4.4190091972
3.7260000000 4.4196118736
3.7270000000 4.4202149849
3.7280000000 4.4208185081
3.7290000000 4.4214224510
3.7300000000 4.4220268211
3.7310000000 4.4226316032
3.7320000000 4.4232368126
3.7330000000 4.4238424416
3.7340000000 4.4244484825
3.7350000000 4.4250549431
3.7360000000 4.4256618309
3.7370000000 4.4262691307
3.7380000000 4.4268768425
3.7390000000 4.4274849815
3.7400000000 4.4280935326
3.7410000000 4.4287024956
3.7420000000 4.4293118782
3.7430000000 4.4299216805
3.7440000000 4.4305318871
3.7450000000 4.4311425209
3.7460000000 4.4317535591
3.7470000000 4.4323650169
3.7480000000 4.4329768867
3.7490000000 4.4335891685
3.7500000000 4.4342018623
3.7510000000 4.4348149757
3.7520000000 4.4354284935
3.7530000000 4.4360424232
3.7540000000 4.4366567650
3.7550000000 4.4372715187
3.7560000000 4.4378866844
3.7570000000 4.4385022545
3.7580000000 4.4391182442
3.7590000000 4.4397346306
3.7600000000 4.4403514366
3.7610000000 4.4409686394
3.7620000000 4.4415862617
3.7630000000 4.4422042809
3.7640000000 4.4428227119
3.7650000000 4.4434415474
3.7660000000 4.4440607948
3.7670000000 4.4446804390
3.7680000000 4.4453004951
3.7690000000 4.4459209557
3.7700000000 4.4465418205
3.7710000000 4.4471630821
3.7720000000 4.4477847557
3.7730000000 4.4484068336
3.7740000000 4.4490293083
3.7750000000 4.4496521873
3.7760000000 4.4502754631
3.7770000000 4.4508991508
3.7780000000 4.4515232277
3.7790000000 4.4521477165
3.7800000000 4.4527725945
3.7810000000 4.4533978767
3.7820000000 4.4540235634
3.7830000000 4.4546496391
3.7840000000 4.4552761192
3.7850000000 4.4559029961
3.7860000000 4.4565302696
3.7870000000 4.4571579399
3.7880000000 4.4577860069
3.7890000000 4.4584144707
3.7900000000 4.4590433311
3.7910000000 4.4596725883
3.7920000000 4.4603022346
3.7930000000 4.4609322777
3.7940000000 4.4615627174
3.7950000000 4.4621935463
3.7960000000 4.4628247719
3.7970000000 4.4634563866
3.7980000000 4.4640883904
3.7990000000 4.4647207909
3.8000000000 4.4653535805
3.8010000000 4.4659867592
3.8020000000 4.4666203346
3.8030000000 4.4672542915
3.8040000000 4.4678886375
3.8050000000 4.4685233803
3.8060000000 4.4691585045
3.8070000000 4.4697940178
3.8080000000 4.4704299202
3.8090000000 4.4710662117
3.8100000000 4.4717028847
3.8110000000 4.4723399467
3.8120000000 4.4729773903
3.8130000000 4.4736152229
3.8140000000 4.4742534370
3.8150000000 4.4748920403
3.8160000000 4.4755310249
3.8170000000 4.4761703911
3.8180000000 4.4768101387
3.8190000000 4.4774502754
3.8200000000 4.4780907860
3.8210000000 4.4787316780
3.8220000000 4.4793729591
3.8230000000 4.4800146141
3.8240000000 4.4806566505
3.8250000000 4.4812990685
3.8260000000 4.4819418602
3.8270000000 4.4825850334
3.8280000000 4.4832285881
3.8290000000 4.4838725166
3.8300000000 4.4845168190
3.8310000000 4.4851615028
3.8320000000 4.4858065605
3.8330000000 4.4864519920
3.8340000000 4.4870978050
3.8350000000 4.4877439842
3.8360000000 4.4883905449
3.8370000000 4.4890374794
3.8380000000 4.4896847801
3.8390000000 4.4903324623
3.8400000000 4.4909805107
3.8410000000 4.4916289330
3.8420000000 4.4922777290
3.8430000000 4.4929268913
3.8440000000 4.4935764275
3.8450000000 4.4942263298
3.8460000000 4.4948766060
3.8470000000 4.4955272484
3.8480000000 4.4961782570
3.8490000000 4.4968296394
3.8500000000 4.4974813881
3.8510000000 4.4981335030
3.8520000000 4.4987859840
3.8530000000 4.4994388313
3.8540000000 4.5000920448
3.8550000000 4.5007456169
3.8560000000 4.5013995628
3.8570000000 4.5020538673
3.8580000000 4.5027085381
3.8590000000 4.5033635750
3.8600000000 4.5040189705
3.8610000000 4.5046747322
3.8620000000 4.5053308525
3.8630000000 4.5059873314
3.8640000000 4.5066441765
3.8650000000 4.5073013802
3.8660000000 4.5079589424
3.8670000000 4.5086168633
3.8680000000 4.5092751503
3.8690000000 4.5099337883
3.8700000000 4.5105927849
3.8710000000 4.5112521400
3.8720000000 4.5119118538
3.8730000000 4.5125719261
3.8740000000 4.5132323494
3.8750000000 4.5138931313
3.8760000000 4.5145542717
3.8770000000 4.5152157555
3.8780000000 4.5158776054
3.8790000000 4.5165398064
3.8800000000 4.5172023582
3.8810000000 4.5178652611
3.8820000000 4.5185285149
3.8830000000 4.5191921272
3.8840000000 4.5198560829
3.8850000000 4.5205203972
3.8860000000 4.5211850548
3.8870000000 4.5218500710
3.8880000000 4.5225154305
3.8890000000 4.5231811409
3.8900000000 4.5238471947
3.8910000000 4.5245135994
3.8920000000 4.5251803551
3.8930000000 4.5258474541
3.8940000000 4.5265149040
3.8950000000 4.5271826973
3.8960000000 4.5278508339
3.8970000000 4.5285193138
3.8980000000 4.5291881447
3.8990000000 4.5298573189
3.9000000000 4.5305268288
3.9010000000 4.5311966896
3.9020000000 4.5318668938
3.9030000000 4.5325374336
3.9040000000 4.5332083244
3.9050000000 4.5338795509
3.9060000000 4.5345511131
3.9070000000 4.5352230263
3.9080000000 4.5358952751
3.9090000000 4.5365678596
3.9100000000 4.5372407875
3.9110000000 4.5379140511
3.9120000000 4.5385876503
3.9130000000 4.5392615929
3.9140000000 4.5399358711
3.9150000000 4.5406104851
3.9160000000 4.5412854347
3.9170000000 4.5419607201
3.9180000000 4.5426363411
3.9190000000 4.5433122978
3.9200000000 4.5439885826
3.9210000000 4.5446652107
3.9220000000 4.5453421669
3.9230000000 4.5460194511
3.9240000000 4.5466970711
3.9250000000 4.5473750267
3.9260000000 4.5480533104
3.9270000000 4.5487319298
3.9280000000 4.5494108772
3.9290000000 4.5500901527
3.9300000000 4.5507697563
3.9310000000 4.5514496880
3.9320000000 4.5521299553
3.9330000000 4.5528105431
3.9340000000 4.5534914589
3.9350000000 4.5541727104
3.9360000000 4.5548542824
3.9370000000 4.5555361824
3.9380000000 4.5562184029
3.9390000000 4.5569009514
3.9400000000 4.5575838280
3.9410000000 4.5582670250
3.9420000000 4.5589505501
3.9430000000 4.5596343956
3.9440000000 4.5603185692
3.9450000000 4.5610030632
3.9460000000 4.5616878777
3.9470000000 4.5623730125
3.9480000000 4.5630584679
3.9490000000 4.5637442436
3.9500000000 4.5644303398
3.9510000000 4.5651167564
3.9520000000 4.5658034935
3.9530000000 4.5664905510
3.9540000000 4.5671779289
3.9550000000 4.5678656197
3.9560000000 4.5685536308
3.9570000000 4.5692419548
3.9580000000 4.5699305992
3.9590000000 4.5706195564
3.9600000000 4.5713088341
3.9610000000 4.5719984169
3.9620000000 4.5726883278
3.9630000000 4.5733785439
3.9640000000 4.5740690727
3.9650000000 4.5747599220
3.9660000000 4.5754510841
3.9670000000 4.5761425514
3.9680000000 4.5768343391
3.9690000000 4.5775264320
3.9700000000 4.5782188377
3.9710000000 4.5789115562
3.9720000000 4.5796045799
3.9730000000 4.5802979164
3.9740000000 4.5809915657
3.9750000000 4.5816855202
3.9760000000 4.5823797798
3.9770000000 4.5830743523
3.9780000000 4.5837692299
3.9790000000 4.5844644203
3.9800000000 4.5851599083
3.9810000000 4.5858557091
3.9820000000 4.5865518150
3.9830000000 4.5872482262
3.9840000000 4.5879449348
3.9850000000 4.5886419563
3.9860000000 4.5893392754
3.9870000000 4.5900369072
3.9880000000 4.5907348366
3.9890000000 4.5914330635
3.9900000000 4.5921316032
3.9910000000 4.5928304329
3.9920000000 4.5935295753
3.9930000000 4.5942290077
3.9940000000 4.5949287453
3.9950000000 4.5956287880
3.9960000000 4.5963291283
3.9970000000 4.5970297585
3.9980000000 4.5977306938
3.9990000000 4.5984319344
4.0000000000 4.5991334648
4.0010000000 4.5998352928
4.0020000000 4.6005374184
4.0030000000 4.6012398415
4.0040000000 4.6019425621
4.0050000000 4.6026455727
4.0060000000 4.6033488808
4.0070000000 4.6040524864
4.0080000000 4.6047563820
4.0090000000 4.6054605751
4.0100000000 4.6061650581
4.0110000000 4.6068698387
4.0120000000 4.6075749092
4.0130000000 4.6082802773
4.0140000000 4.6089859276
4.0150000000 4.6096918755
4.0160000000 4.6103981133
4.0170000000 4.6111046410
4.0180000000 4.6118114586
4.0190000000 4.6125185661
4.0200000000 4.6132259636
4.0210000000 4.6139336433
4.0220000000 4.6146416206
4.0230000000 4.6153498802
4.0240000000 4.6160584297
4.0250000000 4.6167672691
4.0260000000 4.6174763908
4.0270000000 4.6181857948
4.0280000000 4.6188954964
4.0290000000 4.6196054726
4.0300000000 4.6203157387
4.0310000000 4.6210262871
4.0320000000 4.6217371178
4.0330000000 4.6224482384
4.0340000000 4.6231596413
4.0350000000 4.6238713188
4.0360000000 4.6245832863
4.0370000000 4.6252955360
4.0380000000 4.6260080605
4.0390000000 4.6267208748
4.0400000000 4.6274339638
4.0410000000 4.6281473351
4.0420000000 4.6288609886
4.0430000000 4.6295749168
4.0440000000 4.6302891273
4.0450000000 4.6310036201
4.0460000000 4.6317183876
4.0470000000 4.6324334297
4.0480000000 4.6331487541
4.0490000000 4.6338643532
4.0500000000 4.6345802269
4.0510000000 4.6352963829
4.0520000000 4.6360128136
4.0530000000 4.6367295189
4.0540000000 4.6374464912
4.0550000000 4.6381637459
4.0560000000 4.6388812752
4.0570000000 4.6395990791
4.0580000000 4.6403171501
4.0590000000 4.6410355034
4.0600000000 4.6417541237
4.0610000000 4.6424730110
4.0620000000 4.6431921806
4.0630000000 4.6439116173
4.0640000000 4.6446313210
4.0650000000 4.6453512993
4.0660000000 4.6460715446
4.0670000000 4.6467920647
4.0680000000 4.6475128517
4.0690000000 4.6482339058
4.0700000000 4.6489552345
4.0710000000 4.6496768303
4.0720000000 4.6503986855
4.0730000000 4.6511208153
4.0740000000 4.6518432121
4.0750000000 4.6525658760
4.0760000000 4.6532887993
4.0770000000 4.6540119972
4.0780000000 4.6547354546
4.0790000000 4.6554591789
4.0800000000 4.6561831703
4.0810000000 4.6569074211
4.0820000000 4.6576319389
4.0830000000 4.6583567238
4.0840000000 4.6590817680
4.0850000000 4.6598070717
4.0860000000 4.6605326424
4.0870000000 4.6612584724
4.0880000000 4.6619845695
4.0890000000 4.6627109184
4.0900000000 4.6634375343
4.0910000000 4.6641644096
4.0920000000 4.6648915443
4.0930000000 4.6656189461
4.0940000000 4.6663465996
4.0950000000 4.6670745125
4.0960000000 4.6678026848
4.0970000000 4.6685311089
4.0980000000 4.6692598000
4.0990000000 4.6699887428
4.1000000000 4.6707179451
4.1010000000 4.6714474068
4.1020000000 4.6721771202
4.1030000000 4.6729070930
4.1040000000 4.6736373177
4.1050000000 4.6743678017
4.1060000000 4.6750985374
4.1070000000 4.6758295250
4.1080000000 4.6765607719
4.1090000000 4.6772922707
4.1100000000 4.6780240211
4.1110000000 4.6787560234
4.1120000000 4.6794882851
4.1130000000 4.6802207909
4.1140000000 4.6809535484
4.1150000000 4.6816865654
4.1160000000 4.6824198265
4.1170000000 4.6831533394
4.1180000000 4.6838871040
4.1190000000 4.6846211205
4.1200000000 4.6853553810
4.1210000000 4.6860898933
4.1220000000 4.6868246574
4.1230000000 4.6875596657
4.1240000000 4.6882949257
4.1250000000 4.6890304298
4.1260000000 4.6897661858
4.1270000000 4.6905021858
4.1280000000 4.6912384300
4.1290000000 4.6919749260
4.1300000000 4.6927116661
4.1310000000 4.6934486504
4.1320000000 4.6941858788
4.1330000000 4.6949233513
4.1340000000 4.6956610756
4.1350000000 4.6963990364
4.1360000000 4.6971372414
4.1370000000 4.6978756981
4.1380000000 4.6986143913
4.1390000000 4.6993533211
4.1400000000 4.7000925026
4.1410000000 4.7008319206
4.1420000000 4.7015715904
4.1430000000 4.7023114891
4.1440000000 4.7030516319
4.1450000000 4.7037920189
4.1460000000 4.7045326424
4.1470000000 4.7052735100
4.1480000000 4.7060146141
4.1490000000 4.7067559624
4.1500000000 4.7074975471
4.1510000000 4.7082393684
4.1520000000 4.7089814262
4.1530000000 4.7097237206
4.1540000000 4.7104662590
4.1550000000 4.7112090263
4.1560000000 4.7119520378
4.1570000000 4.7126952858
4.1580000000 4.7134387627
4.1590000000 4.7141824837
4.1600000000 4.7149264336
4.1610000000 4.7156706200
4.1620000000 4.7164150429
4.1630000000 4.7171597023
4.1640000000 4.7179045906
4.1650000000 4.7186497154
4.1660000000 4.7193950691
4.1670000000 4.7201406593
4.1680000000 4.7208864861
4.1690000000 4.7216325417
4.1700000000 4.7223788261
4.1710000000 4.7231253471
4.1720000000 4.7238720970
4.1730000000 4.7246190758
4.1740000000 4.7253662910
4.1750000000 4.7261137352
4.1760000000 4.7268614082
4.1770000000 4.7276093102
4.1780000000 4.7283574409
4.1790000000 4.7291058006
4.1800000000 4.7298543892
4.1810000000 4.7306032066
4.1820000000 4.7313522530
4.1830000000 4.7321015205
4.1840000000 4.7328510246
4.1850000000 4.7336007500
4.1860000000 4.7343507042
4.1870000000 4.7351008873
4.1880000000 4.7358512917
4.1890000000 4.7366019249
4.1900000000 4.7373527794
4.1910000000 4.7381038628
4.1920000000 4.7388551674
4.1930000000 4.7396067009
4.1940000000 4.7403584557
4.1950000000 4.7411104393
4.1960000000 4.7418626366
4.1970000000 4.7426150627
4.1980000000 4.7433677101
4.1990000000 4.7441205864
4.2000000000 4.7448736763
4.2010000000 4.7456269951
4.2020000000 4.7463805275
4.2030000000 4.7471342888
4.2040000000 4.7478882637
4.2050000000 4.7486424675
4.2060000000 4.7493968849
4.2070000000 4.7501515236
4.2080000000 4.7509063835
4.2090000000 4.7516614647
4.2100000000 4.7524167595
4.2110000000 4.7531722755
4.2120000000 4.7539280052
4.2130000000 4.7546839638
4.2140000000 4.7554401283
4.2150000000 4.7561965218
4.2160000000 4.7569531212
4.2170000000 4.7577099419
4.2180000000 4.7584669838
4.2190000000 4.7592242393
4.2200000000 4.7599817085
4.2210000000 4.7607393913
4.2220000000 4.7614972878
4.2230000000 4.7622554054
4.2240000000 4.7630137367
4.2250000000 4.7637722816
4.2260000000 4.7645310402
4.2270000000 4.7652900124
4.2280000000 4.7660491982
4.2290000000 4.7668085976
4.2300000000 4.7675682106
4.2310000000 4.7683280296
4.2320000000 4.7690880699
4.2330000000 4.7698483162
4.2340000000 4.7706087761
4.2350000000 4.7713694496
4.2360000000 4.7721303291
4.2370000000 4.7728914223
4.2380000000 4.7736527214
4.2390000000 4.7744142342
4.2400000000 4.7751759605
4.2410000000 4.7759378929
4.2420000000 4.7767000313
4.2430000000 4.7774623833
4.2440000000 4.7782249413
4.2450000000 4.7789877129
4.2460000000 4.7797506905
4.2470000000 4.7805138741
4.2480000000 4.7812772636
4.2490000000 4.7820408592
4.2500000000 4.7828046608
4.2510000000 4.7835686760
4.2520000000 4.7843328896
4.2530000000 4.7850973167
4.2540000000 4.7858619423
4.2550000000 4.7866267815
4.2560000000 4.7873918190
4.2570000000 4.7881570625
4.2580000000 4.7889225121
4.2590000000 4.7896881676
4.2600000000 4.7904540215
4.2610000000 4.7912200813
4.2620000000 4.7919863472
4.2630000000 4.7927528114
4.2640000000 4.7935194817
4.2650000000 4.7942863579
4.2660000000 4.7950534325
4.2670000000 4.7958207054
4.2680000000 4.7965881844
4.2690000000 4.7973558693
4.2700000000 4.7981237450
4.2710000000 4.7988918266
4.2720000000 4.7996601143
4.2730000000 4.8004285927
4.2740000000 4.8011972771
4.2750000000 4.8019661598
4.2760000000 4.8027352409
4.2770000000 4.8035045204
4.2780000000 4.8042739983
4.2790000000 4.8050436821
4.2800000000 4.8058135567
4.2810000000 4.8065836296
4.2820000000 4.8073539009
4.2830000000 4.8081243706
4.2840000000 4.8088950386
4.2850000000 4.8096659050
4.2860000000 4.8104369621
4.2870000000 4.8112082176
4.2880000000 4.8119796715
4.2890000000 4.8127513237
4.2900000000 4.8135231667
4.2910000000 4.8142952003
4.2920000000 4.8150674400
4.2930000000 4.8158398705
4.2940000000 4.8166124916
4.2950000000 4.8173853111
4.2960000000 4.8181583214
4.2970000000 4.8189315300
4.2980000000 4.8197049217
4.2990000000 4.8204785194
4.3000000000 4.8212523003
4.3010000000 4.8220262794
4.3020000000 4.8228004494
4.3030000000 4.8235748100
4.3040000000 4.8243493614
4.3050000000 4.8251241112
4.3060000000 4.8258990440
4.3070000000 4.8266741753
4.3080000000 4.8274494896
4.3090000000 4.8282250023
4.3100000000 4.8290006981
4.3110000000 4.8297765846
4.3120000000 4.8305526695
4.3130000000 4.8313289375
4.3140000000 4.8321053886
4.3150000000 4.8328820381
4.3160000000 4.8336588707
4.3170000000 4.8344358940
4.3180000000 4.8352131081
4.3190000000 4.8359905052
4.3200000000 4.8367680931
4.3210000000 4.8375458641
4.3220000000 4.8383238258
4.3230000000 4.8391019707
4.3240000000 4.8398803062
4.3250000000 4.8406588249
4.3260000000 4.8414375343
4.3270000000 4.8422164268
4.3280000000 4.8429955025
4.3290000000 4.8437747688
4.3300000000 4.8445542183
4.3310000000 4.8453338509
4.3320000000 4.8461136665
4.3330000000 4.8468936653
4.3340000000 4.8476738548
4.3350000000 4.8484542274
4.3360000000 4.8492347755
4.3370000000 4.8500155144
4.3380000000 4.8507964363
4.3390000000 4.8515775337
4.3400000000 4.8523588219
4.3410000000 4.8531402855
4.3420000000 4.8539219398
4.3430000000 4.8547037697
4.3440000000 4.8554857826
4.3450000000 4.8562679787
4.3460000000 4.8570503502
4.3470000000 4.8578329048
4.3480000000 4.8586156425
4.3490000000 4.8593985634
4.3500000000 4.8601816597
4.3510000000 4.8609649315
4.3520000000 4.8617483864
4.3530000000 4.8625320244
4.3540000000 4.8633158379
4.3550000000 4.8640998344
4.3560000000 4.8648840065
4.3570000000 4.8656683540
4.3580000000 4.8664528847
4.3590000000 4.8672375908
4.3600000000 4.8680224724
4.3610000000 4.8688075371
4.3620000000 4.8695927773
4.3630000000 4.8703781929
4.3640000000 4.8711637840
4.3650000000 4.8719495506
4.3660000000 4.8727355003
4.3670000000 4.8735216179
4.3680000000 4.8743079109
4.3690000000 4.8750943871
4.3700000000 4.8758810310
4.3710000000 4.8766678581
4.3720000000 4.8774548531
4.3730000000 4.8782420235
4.3740000000 4.8790293694
4.3750000000 4.8798168907
4.3760000000 4.8806045876
4.3770000000 4.8813924522
4.3780000000 4.8821804924
4.3790000000 4.8829687080
4.3800000000 4.8837570992
4.3810000000 4.8845456581
4.3820000000 4.8853343925
4.3830000000 4.8861232948
4.3840000000 4.8869123726
4.3850000000 4.8877016182
4.3860000000 4.8884910393
4.3870000000 4.8892806358
4.3880000000 4.8900703926
4.3890000000 4.8908603325
4.3900000000 4.8916504326
4.3910000000 4.8924407082
4.3920000000 4.8932311516
4.3930000000 4.8940217705
4.3940000000 4.8948125496
4.3950000000 4.8956035042
4.3960000000 4.8963946266
4.3970000000 4.8971859245
4.3980000000 4.8979773827
4.3990000000 4.8987690163
4.4000000000 4.8995608101
4.4010000000 4.9003527794
4.4020000000 4.9011449089
4.4030000000 4.9019372139
4.4040000000 4.9027296867
4.4050000000 4.9035223198
4.4060000000 4.9043151283
4.4070000000 4.9051080971
4.4080000000 4.9059012337
4.4090000000 4.9066945381
4.4100000000 4.9074880104
4.4110000000 4.9082816429
4.4120000000 4.9090754433
4.4130000000 4.9098694115
4.4140000000 4.9106635475
4.4150000000 4.9114578438
4.4160000000 4.9122523079
4.4170000000 4.9130469322
4.4180000000 4.9138417244
4.4190000000 4.9146366768
4.4200000000 4.9154317970
4.4210000000 4.9162270851
4.4220000000 4.9170225334
4.4230000000 4.9178181419
4.4240000000 4.9186139183
4.4250000000 4.9194098549
4.4260000000 4.9202059517
4.4270000000 4.9210022163
4.4280000000 4.9217986412
4.4290000000 4.9225952263
4.4300000000 4.9233919716
4.4310000000 4.9241888847
4.4320000000 4.9249859581
4.4330000000 4.9257831917
4.4340000000 4.9265805855
4.4350000000 4.9273781395
4.4360000000 4.9281758537
4.4370000000 4.9289737282
4.4380000000 4.9297717628
4.4390000000 4.9305699577
4.4400000000 4.9313683128
4.4410000000 4.9321668282
4.4420000000 4.9329655037
4.4430000000 4.9337643394
4.4440000000 4.9345633354
4.4450000000 4.9353624840
4.4460000000 4.9361617928
4.4470000000 4.9369612617
4.4480000000 4.9377608910
4.4490000000 4.9385606728
4.4500000000 4.9393606148
4.4510000000 4.9401607170
4.4520000000 4.9409609718
4.4530000000 4.9417613869
4.4540000000 4.9425619621
4.4550000000 4.9433626900
4.4560000000 4.9441635704
4.4570000000 4.9449646111
4.4580000000 4.9457658119
4.4590000000 4.9465671654
4.4600000000 4.9473686714
4.4610000000 4.9481703377
4.4620000000 4.9489721565
4.4630000000 4.9497741280
4.4640000000 4.9505762596
4.4650000000 4.9513785439
4.4660000000 4.9521809807
4.4670000000 4.9529835777
4.4680000000 4.9537863197
4.4690000000 4.9545892220
4.4700000000 4.9553922768
4.4710000000 4.9561954918
4.4720000000 4.9569988518
4.4730000000 4.9578023643
4.4740000000 4.9586060295
4.4750000000 4.9594098549
4.4760000000 4.9602138252
4.4770000000 4.9610179558
4.4780000000 4.9618222313
4.4790000000 4.9626266594
4.4800000000 4.9634312401
4.4810000000 4.9642359734
4.4820000000 4.9650408592
4.4830000000 4.9658458977
4.4840000000 4.9666510811
4.4850000000 4.9674564171
4.4860000000 4.9682619057
4.4870000000 4.9690675468
4.4880000000 4.9698733330
4.4890000000 4.9706792717
4.4900000000 4.9714853630
4.4910000000 4.9722915993
4.4920000000 4.9730979881
4.4930000000 4.9739045296
4.4940000000 4.9747112160
4.4950000000 4.9755180473
4.4960000000 4.9763250313
4.4970000000 4.9771321678
4.4980000000 4.9779394493
4.4990000000 4.9787468758
4.5000000000 4.9795544548
4.5010000000 4.9803621788
4.5020000000 4.9811700478
4.5030000000 4.9819780693
4.5040000000 4.9827862358
4.5050000000 4.9835945549
4.5060000000 4.9844030113
4.5070000000 4.9852116203
4.5080000000 4.9860203743
4.5090000000 4.9868292732
4.5100000000 4.9876383247
4.5110000000 4.9884475136
4.5120000000 4.9892568550
4.5130000000 4.9900663414
4.5140000000 4.9908759727
4.5150000000 4.9916857414
4.5160000000 4.9924956627
4.5170000000 4.9933057289
4.5180000000 4.9941159401
4.5190000000 4.9949262962
4.5200000000 4.9957367897
4.5210000000 4.9965474358
4.5220000000 4.9973582191
4.5230000000 4.9981691551
4.5240000000 4.9989802284
4.5250000000 4.9997914467
4.5260000000 5.0006028023
4.5270000000 5.0014143105
4.5280000000 5.0022259560
4.5290000000 5.0030377464
4.5300000000 5.0038496742
4.5310000000 5.0046617546
4.5320000000 5.0054739723
4.5330000000 5.0062863274
4.5340000000 5.0070988274
4.5350000000 5.0079114723
4.5360000000 5.0087242546
4.5370000000 5.0095371819
4.5380000000 5.0103502464
4.5390000000 5.0111634560
4.5400000000 5.0119768028
4.5410000000 5.0127902870
4.5420000000 5.0136039162
4.5430000000 5.0144176903
4.5440000000 5.0152315941
4.5450000000 5.0160456505
4.5460000000 5.0168598366
4.5470000000 5.0176741676
4.5480000000 5.0184886360
4.5490000000 5.0193032417
4.5500000000 5.0201179848
4.5510000000 5.0209328728
4.5520000000 5.0217478981
4.5530000000 5.0225630608
4.5540000000 5.0233783607
4.5550000000 5.0241937981
4.5560000000 5.0250093803
4.5570000000 5.0258250923
4.5580000000 5.0266409492
4.5590000000 5.0274569359
4.5600000000 5.0282730675
4.5610000000 5.0290893288
4.5620000000 5.0299057350
4.5630000000 5.0307222710
4.5640000000 5.0315389519
4.5650000000 5.0323557625
4.5660000000 5.0331727104
4.5670000000 5.0339897957
4.5680000000 5.0348070183
4.5690000000 5.0356243782
4.5700000000 5.0364418678
4.5710000000 5.0372594948
4.5720000000 5.0380772591
4.5730000000 5.0388951607
4.5740000000 5.0397131920
4.5750000000 5.0405313606
4.5760000000 5.0413496666
4.5770000000 5.0421681099
4.5780000000 5.0429866829
4.5790000000 5.0438053856
4.5800000000 5.0446242256
4.5810000000 5.0454432030
4.5820000000 5.0462623100
4.5830000000 5.0470815544
4.5840000000 5.0479009361
4.5850000000 5.0487204399
4.5860000000 5.0495400810
4.5870000000 5.0503598595
4.5880000000 5.0511797676
4.5890000000 5.0519998131
4.5900000000 5.0528199806
4.5910000000 5.0536402931
4.5920000000 5.0544607277
4.5930000000 5.0552812996
4.5940000000 5.0561020012
4.5950000000 5.0569228325
4.5960000000 5.0577438011
4.5970000000 5.0585648994
4.5980000000 5.0593861275
4.5990000000 5.0602074852
4.6000000000 5.0610289726
4.6010000000 5.0618505974
4.6020000000 5.0626723442
4.6030000000 5.0634942284
4.6040000000 5.0643162422
4.6050000000 5.0651383858
4.6060000000 5.0659606590
4.6070000000 5.0667830620
4.6080000000 5.0676055946
4.6090000000 5.0684282494
4.6100000000 5.0692510414
4.6110000000 5.0700739632
4.6120000000 5.0708970146
4.6130000000 5.0717201881
4.6140000000 5.0725434990
4.6150000000 5.0733669319
4.6160000000 5.0741905022
4.6170000000 5.0750141945
4.6180000000 5.0758380089
4.6190000000 5.0766619606
4.6200000000 5.0774860344
4.6210000000 5.0783102379
4.6220000000 5.0791345711
4.6230000000 5.0799590340
4.6240000000 5.0807836189
4.6250000000 5.0816083336
4.6260000000 5.0824331703
4.6270000000 5.0832581367
4.6280000000 5.0840832329
4.6290000000 5.0849084511
4.6300000000 5.0857337990
4.6310000000 5.0865592766
4.6320000000 5.0873848763
4.6330000000 5.0882105980
4.6340000000 5.0890364494
4.6350000000 5.0898624306
4.6360000000 5.0906885262
4.6370000000 5.0915147591
4.6380000000 5.0923411064
4.6390000000 5.0931675911
4.6400000000 5.0939941902
4.6410000000 5.0948209190
4.6420000000 5.0956477699
4.6430000000 5.0964747429
4.6440000000 5.0973018456
4.6450000000 5.0981290703
4.6460000000 5.0989564247
4.6470000000 5.0997838936
4.6480000000 5.1006114922
4.6490000000 5.1014392128
4.6500000000 5.1022670555
4.6510000000 5.1030950203
4.6520000000 5.1039231148
4.6530000000 5.1047513237
4.6540000000 5.1055796623
4.6550000000 5.1064081230
4.6560000000 5.1072367058
4.6570000000 5.1080654030
4.6580000000 5.1088942299
4.6590000000 5.1097231789
4.6600000000 5.1105522499
4.6610000000 5.1113814430
4.6620000000 5.1122107582
4.6630000000 5.1130401955
4.6640000000 5.1138697548
4.6650000000 5.1146994286
4.6660000000 5.1155292320
4.6670000000 5.1163591499
4.6680000000 5.1171891975
4.6690000000 5.1180193596
4.6700000000 5.1188496437
4.6710000000 5.1196800423
4.6720000000 5.1205105705
4.6730000000 5.1213412132
4.6740000000 5.1221719780
4.6750000000 5.1230028648
4.6760000000 5.1238338661
4.6770000000 5.1246649895
4.6780000000 5.1254962349
4.6790000000 5.1263276024
4.6800000000 5.1271590843
4.6810000000 5.1279906807
4.6820000000 5.1288224068
4.6830000000 5.1296542473
4.6840000000 5.1304862022
4.6850000000 5.1313182793
4.6860000000 5.1321504784
4.6870000000 5.1329827919
4.6880000000 5.1338152199
4.6890000000 5.1346477699
4.6900000000 5.1354804420
4.6910000000 5.1363132210
4.6920000000 5.1371461296
4.6930000000 5.1379791451
4.6940000000 5.1388122902
4.6950000000 5.1396455421
4.6960000000 5.1404789162
4.6970000000 5.1413124046
4.6980000000 5.1421460152
4.6990000000 5.1429797325
4.7000000000 5.1438135796
4.7010000000 5.1446475334
4.7020000000 5.1454816093
4.7030000000 5.1463157921
4.7040000000 5.1471500969
4.7050000000 5.1479845238
4.7060000000 5.1488190575
4.7070000000 5.1496537132
4.7080000000 5.1504884834
4.7090000000 5.1513233604
4.7100000000 5.1521583595
4.7110000000 5.1529934807
4.7120000000 5.1538287086
4.7130000000 5.1546640511
4.7140000000 5.1554995079
4.7150000000 5.1563350868
4.7160000000 5.1571707726
4.7170000000 5.1580065727
4.7180000000 5.1588424950
4.7190000000 5.1596785240
4.7200000000 5.1605146675
4.7210000000 5.1613509254
4.7220000000 5.1621872978
4.7230000000 5.1630237846
4.7240000000 5.1638603859
4.7250000000 5.1646971016
4.7260000000 5.1655339317
4.7270000000 5.1663708687
4.7280000000 5.1672079201
4.7290000000 5.1680450859
4.7300000000 5.1688823662
4.7310000000 5.1697197609
4.7320000000 5.1705572624
4.7330000000 5.1713948784
4.7340000000 5.1722326088
4.7350000000 5.1730704460
4.7360000000 5.1739083977
4.7370000000 5.1747464638
4.7380000000 5.1755846443
4.7390000000 5.1764229317
4.7400000000 5.1772613335
4.7410000000 5.1780998421
4.7420000000 5.1789384651
4.7430000000 5.1797771950
4.7440000000 5.1806160393
4.7450000000 5.1814549980
4.7460000000 5.1822940636
4.7470000000 5.1831332436
4.7480000000 5.1839725304
4.7490000000 5.1848119316
4.7500000000 5.1856514397
4.7510000000 5.1864910545
4.7520000000 5.1873307838
4.7530000000 5.1881706276
4.7540000000 5.1890105705
4.7550000000 5.1898506279
4.7560000000 5.1906907997
4.7570000000 5.1915310783
4.7580000000 5.1923714638
4.7590000000 5.1932119637
4.7600000000 5.1940525627
4.7610000000 5.1948932838
4.7620000000 5.1957341042
4.7630000000 5.1965750389
4.7640000000 5.1974160805
4.7650000000 5.1982572289
4.7660000000 5.1990984840
4.7670000000 5.1999398537
4.7680000000 5.2007813225
4.7690000000 5.2016229057
4.7700000000 5.2024645958
4.7710000000 5.2033063927
4.7720000000 5.2041483040
4.7730000000 5.2049903145
4.7740000000 5.2058324394
4.7750000000 5.2066746635
4.7760000000 5.2075170021
4.7770000000 5.2083594398
4.7780000000 5.2092019920
4.7790000000 5.2100446510
4.7800000000 5.2108874168
4.7810000000 5.2117302818
4.7820000000 5.2125732613
4.7830000000 5.2134163475
4.7840000000 5.2142595329
4.7850000000 5.2151028328
4.7860000000 5.2159462318
4.7870000000 5.2167897377
4.7880000000 5.2176333580
4.7890000000 5.2184770775
4.7900000000 5.2193209038
4.7910000000 5.2201648293
4.7920000000 5.2210088692
4.7930000000 5.2218530083
4.7940000000 5.2226972542
4.7950000000 5.2235416069
4.7960000000 5.2243860664
4.7970000000 5.2252306328
4.7980000000 5.2260752983
4.7990000000 5.2269200706
4.8000000000 5.2277649422
4.8010000000 5.2286099281
4.8020000000 5.2294550133
4.8030000000 5.2303001976
4.8040000000 5.2311454964
4.8050000000 5.2319908867
4.8060000000 5.2328363914
4.8070000000 5.2336819954
4.8080000000 5.2345277061
4.8090000000 5.2353735161
4.8100000000 5.2362194328
4.8110000000 5.2370654564
4.8120000000 5.2379115715
4.8130000000 5.2387578011
4.8140000000 5.2396041298
4.8150000000 5.2404505577
4.8160000000 5.2412970924
4.8170000000 5.2421437340
4.8180000000 5.2429904747
4.8190000000 5.2438373146
4.8200000000 5.2446842613
4.8210000000 5.2455313072
4.8220000000 5.2463784523
4.8230000000 5.2472257042
4.8240000000 5.2480730553
4.8250000000 5.2489205132
4.8260000000 5.2497680702
4.8270000000 5.2506157265
4.8280000000 5.2514634895
4.8290000000 5.2523113518
4.8300000000 5.2531593132
4.8310000000 5.2540073738
4.8320000000 5.2548555412
4.8330000000 5.2557038078
4.8340000000 5.2565521736
4.8350000000 5.2574006386
4.8360000000 5.2582492104
4.8370000000 5.2590978813
4.8380000000 5.2599466515
4.8390000000 5.2607955208
4.8400000000 5.2616444893
4.8410000000 5.2624935570
4.8420000000 5.2633427315
4.8430000000 5.2641919975
4.8440000000 5.2650413704
4.8450000000 5.2658908424
4.8460000000 5.2667404060
4.8470000000 5.2675900764
4.8480000000 5.2684398460
4.8490000000 5.2692897148
4.8500000000 5.2701396828
4.8510000000 5.2709897499
4.8520000000 5.2718399162
4.8530000000 5.2726901817
4.8540000000 5.2735405388
4.8550000000 5.2743910027
4.8560000000 5.2752415657
4.8570000000 5.2760922279
4.8580000000 5.2769429817
4.8590000000 5.2777938347
4.8600000000 5.2786447945
4.8610000000 5.2794958458
4.8620000000 5.2803469963
4.8630000000 5.2811982460
4.8640000000 5.2820495872
4.8650000000 5.2829010353
4.8660000000 5.2837525749
4.8670000000 5.2846042137
4.8680000000 5.2854559517
4.8690000000 5.2863077888
4.8700000000 5.2871597176
4.8710000000 5.2880117455
4.8720000000 5.2888638725
4.8730000000 5.2897160912
4.8740000000 5.2905684166
4.8750000000 5.2914208336
4.8760000000 5.2922733421
4.8770000000 5.2931259499
4.8780000000 5.2939786568
4.8790000000 5.2948314629
4.8800000000 5.2956843605
4.8810000000 5.2965373573
4.8820000000 5.2973904457
4.8830000000 5.2982436333
4.8840000000 5.2990969124
4.8850000000 5.2999502907
4.8860000000 5.3008037682
4.8870000000 5.3016573372
4.8880000000 5.3025110054
4.8890000000 5.3033647652
4.8900000000 5.3042186165
4.8910000000 5.3050725670
4.8920000000 5.3059266167
4.8930000000 5.3067807579
4.8940000000 5.3076349983
4.8950000000 5.3084893227
4.8960000000 5.3093437538
4.8970000000 5.3101982765
4.8980000000 5.3110528908
4.8990000000 5.3119075966
4.9000000000 5.3127624016
4.9010000000 5.3136172981
4.9020000000 5.3144722939
4.9030000000 5.3153273811
4.9040000000 5.3161825600
4.9050000000 5.3170378380
4.9060000000 5.3178931999
4.9070000000 5.3187486687
4.9080000000 5.3196042213
4.9090000000 5.3204598732
4.9100000000 5.3213156166
4.9110000000 5.3221714516
4.9120000000 5.3230273781
4.9130000000 5.3238834038
4.9140000000 5.3247395210
4.9150000000 5.3255957298
4.9160000000 5.3264520302
4.9170000000 5.3273084221
4.9180000000 5.3281649055
4.9190000000 5.3290214882
4.9200000000 5.3298781624
4.9210000000 5.3307349281
4.9220000000 5.3315917854
4.9230000000 5.3324487343
4.9240000000 5.3333057747
4.9250000000 5.3341629066
4.9260000000 5.3350201302
4.9270000000 5.3358774529
4.9280000000 5.3367348595
4.9290000000 5.3375923576
4.9300000000 5.3384499550
4.9310000000 5.3393076363
4.9320000000 5.3401654167
4.9330000000 5.3410232811
4.9340000000 5.3418812370
4.9350000000 5.3427392921
4.9360000000 5.3435974312
4.9370000000 5.3444556618
4.9380000000 5.3453139839
4.9390000000 5.3461723976
4.9400000000 5.3470309029
4.9410000000 5.3478894997
4.9420000000 5.3487481804
4.9430000000 5.3496069603
4.9440000000 5.3504658241
4.9450000000 5.3513247795
4.9460000000 5.3521838264
4.9470000000 5.3530429649
4.9480000000 5.3539021950
4.9490000000 5.3547615089
4.9500000000 5.3556209145
4.9510000000 5.3564804115
4.9520000000 5.3573400002
4.9530000000 5.3581996727
4.9540000000 5.3590594444
4.9550000000 5.3599193001
4.9560000000 5.3607792397
4.9570000000 5.3616392784
4.9580000000 5.3624994011
4.9590000000 5.3633596077
4.9600000000 5.3642199135
4.9610000000 5.3650803032
4.9620000000 5.3659407845
4.9630000000 5.3668013496
4.9640000000 5.3676620064
4.9650000000 5.3685227470
4.9660000000 5.3693835869
4.9670000000 5.3702445030
4.9680000000 5.3711055183
4.9690000000 5.3719666176
4.9700000000 5.3728278008
4.9710000000 5.3736890755
4.9720000000 5.3745504417
4.9730000000 5.3754118919
4.9740000000 5.3762734261
4.9750000000 5.3771350594
4.9760000000 5.3779967690
4.9770000000 5.3788585701
4.9780000000 5.3797204628
4.9790000000 5.3805824394
4.9800000000 5.3814445000
4.9810000000 5.3823066521
4.9820000000 5.3831688957
4.9830000000 5.3840312233
4.9840000000 5.3848936348
4.9850000000 5.3857561302
4.9860000000 5.3866187172
4.9870000000 5.3874813957
4.9880000000 5.3883441505
4.9890000000 5.3892069969
4.9900000000 5.3900699348
4.9910000000 5.3909329567
4.9920000000 5.3917960625
4.9930000000 5.3926592522
4.9940000000 5.3935225334
4.9950000000 5.3943858986
4.9960000000 5.3952493477
4.9970000000 5.3961128883
4.9980000000 5.3969765053
4.9990000000 5.3978402138
