2.3380000000 0.7254037056 1.5029236717 3.6086649132
2.3390000000 0.7265353050 1.5037385368 3.6094115257
2.3400000000 0.7276665764 1.5045525932 3.6101585197
2.3410000000 0.7287974968 1.5053660011 3.6109058952
2.3420000000 0.7299280891 1.5061788521 3.6116536598
2.3430000000 0.7310583458 1.5069912376 3.6124018135
2.3440000000 0.7321882744 1.5078031960 3.6131503563
2.3450000000 0.7333178749 1.5086147881 3.6138993034
2.3460000000 0.7344471474 1.5094260368 3.6146486473
2.3470000000 0.7355761070 1.5102369728 3.6153983879
2.3480000000 0.7367047386 1.5110476341 3.6161485405
2.3490000000 0.7378330650 1.5118580208 3.6168990974
2.3500000000 0.7389610710 1.5126681709 3.6176500740
2.3510000000 0.7400887718 1.5134780922 3.6184014549
2.3520000000 0.7412161598 1.5142877998 3.6191532631
2.3530000000 0.7423432426 1.5150973015 3.6199054909
2.3540000000 0.7434700279 1.5159066200 3.6206581535
2.3550000000 0.7445965157 1.5167157555 3.6214112358
2.3560000000 0.7457226982 1.5175247231 3.6221647606
2.3570000000 0.7468485985 1.5183335228 3.6229187202
2.3580000000 0.7479742012 1.5191421776 3.6236731300
2.3590000000 0.7490995140 1.5199506798 3.6244279747
2.3600000000 0.7502245369 1.5207590446 3.6251832848
2.3610000000 0.7513492851 1.5215672722 3.6259390450
2.3620000000 0.7524737434 1.5223753777 3.6266952629
2.3630000000 0.7535979347 1.5231833534 3.6274519539
2.3640000000 0.7547218361 1.5239912148 3.6282091103
2.3650000000 0.7558454704 1.5247989693 3.6289667473
2.3660000000 0.7569688377 1.5256066093 3.6297248726
2.3670000000 0.7580919304 1.5264141426 3.6304834785
2.3680000000 0.7592147560 1.5272215767 3.6312425804
2.3690000000 0.7603373222 1.5280289192 3.6320021858
2.3700000000 0.7614596214 1.5288361626 3.6327622948
2.3710000000 0.7625816689 1.5296433220 3.6335229149
2.3720000000 0.7637034492 1.5304503899 3.6342840538
2.3730000000 0.7648249855 1.5312573738 3.6350457268
2.3740000000 0.7659462624 1.5320642738 3.6358079338
2.3750000000 0.7670672874 1.5328711052 3.6365706825
2.3760000000 0.7681880684 1.5336778526 3.6373339806
2.3770000000 0.7693086052 1.5344845238 3.6380978355
2.3780000000 0.7704288979 1.5352911339 3.6388622627
2.3790000000 0.7715489464 1.5360976677 3.6396272697
2.3800000000 0.7726687584 1.5369041405 3.6403928642
2.3810000000 0.7737883339 1.5377105446 3.6411590614
2.3820000000 0.7749076729 1.5385168800 3.6419258614
2.3830000000 0.7760267754 1.5393231621 3.6426932869
2.3840000000 0.7771456566 1.5401293831 3.6434613457
2.3850000000 0.7782643013 1.5409355507 3.6442300529
2.3860000000 0.7793827248 1.5417416573 3.6449994240
2.3870000000 0.7805009193 1.5425477104 3.6457694664
2.3880000000 0.7816188927 1.5433537178 3.6465402031
2.3890000000 0.7827366447 1.5441596642 3.6473116493
2.3900000000 0.7838541832 1.5449655724 3.6480838203
2.3910000000 0.7849715004 1.5457714272 3.6488567467
2.3920000000 0.7860886116 1.5465772285 3.6496304436
2.3930000000 0.7872055016 1.5473829918 3.6504049263
2.3940000000 0.7883221855 1.5481887093 3.6511802406
2.3950000000 0.7894386559 1.5489943810 3.6519563942
2.3960000000 0.7905549278 1.5498000145 3.6527334328
2.3970000000 0.7916709862 1.5506056099 3.6535113869
2.3980000000 0.7927868462 1.5514111595 3.6542902946
2.3990000000 0.7939025078 1.5522166710 3.6550702095
2.4000000000 0.7950179634 1.5530221519 3.6558511696
2.4010000000 0.7961332283 1.5538275871 3.6566332436
2.4020000000 0.7972482948 1.5546329918 3.6574165001
2.4030000000 0.7983631706 1.5554383583 3.6582010231
2.4040000000 0.7994778481 1.5562436943 3.6589869118
2.4050000000 0.8005923424 1.5570489998 3.6597742958
2.4060000000 0.8017066460 1.5578542671 3.6605633430
2.4070000000 0.8028207588 1.5586595116 3.6613542824
2.4080000000 0.8039346886 1.5594647179 3.6621474419
2.4090000000 0.8050484428 1.5602699013 3.6629433708
2.4100000000 0.8061620064 1.5610750542 3.6637431831
2.4110000000 0.8072753944 1.5618801765 3.6645512123
2.4120000000 0.8083885994 1.5626852684 3.6653547096
2.4130000000 0.8095016365 1.5634903374 3.6661529427
2.4140000000 0.8106144905 1.5642953835 3.6669480705
2.4150000000 0.8117271767 1.5651003990 3.6677408638
2.4160000000 0.8128396873 1.5659053993 3.6685317497
2.4170000000 0.8139520302 1.5667103691 3.6693210030
2.4180000000 0.8150642052 1.5675153160 3.6701088142
2.4190000000 0.8161762123 1.5683202400 3.6708953285
2.4200000000 0.8172880516 1.5691251411 3.6716806526
2.4210000000 0.8183997307 1.5699300194 3.6724648781
2.4220000000 0.8195112495 1.5707348824 3.6732480736
2.4230000000 0.8206226082 1.5715397148 3.6740303154
2.4240000000 0.8217337990 1.5723445396 3.6748116417
2.4250000000 0.8228448448 1.5731493340 3.6755920982
2.4260000000 0.8239557228 1.5739541206 3.6763717384
2.4270000000 0.8250664558 1.5747588768 3.6771505852
2.4280000000 0.8261770287 1.5755636253 3.6779286690
2.4290000000 0.8272874489 1.5763683510 3.6787060204
2.4300000000 0.8283977242 1.5771730614 3.6794826698
2.4310000000 0.8295078468 1.5779777565 3.6802586250
2.4320000000 0.8306178246 1.5787824364 3.6810339241
2.4330000000 0.8317276573 1.5795870934 3.6818085747
2.4340000000 0.8328373451 1.5803917427 3.6825825996
2.4350000000 0.8339468880 1.5811963768 3.6833560066
2.4360000000 0.8350562935 1.5820009880 3.6841288185
2.4370000000 0.8361655540 1.5828055916 3.6849010429
2.4380000000 0.8372746773 1.5836101799 3.6856726952
2.4390000000 0.8383836632 1.5844147606 3.6864437904
2.4400000000 0.8394925041 1.5852193260 3.6872143364
2.4410000000 0.8406012230 1.5860238762 3.6879843407
2.4420000000 0.8417097969 1.5868284111 3.6887538109
2.4430000000 0.8428182487 1.5876329384 3.6895227699
2.4440000000 0.8439265633 1.5884374504 3.6902912102
2.4450000000 0.8450347481 1.5892419548 3.6910591469
2.4460000000 0.8461428032 1.5900464516 3.6918265800
2.4470000000 0.8472507362 1.5908509331 3.6925935326
2.4480000000 0.8483585396 1.5916553993 3.6933599968
2.4490000000 0.8494662132 1.5924598656 3.6941259804
2.4500000000 0.8505737724 1.5932643166 3.6948914986
2.4510000000 0.8516812019 1.5940687599 3.6956565514
2.4520000000 0.8527885170 1.5948731880 3.6964211464
2.4530000000 0.8538957100 1.5956776161 3.6971852837
2.4540000000 0.8550027809 1.5964820290 3.6979489632
2.4550000000 0.8561097374 1.5972864342 3.6987122078
2.4560000000 0.8572165718 1.5980908318 3.6994750099
2.4570000000 0.8583232994 1.5988952217 3.7002373695
2.4580000000 0.8594299049 1.5996996040 3.7009993019
2.4590000000 0.8605364037 1.6005039787 3.7017608070
2.4600000000 0.8616427803 1.6013083458 3.7025218849
2.4610000000 0.8627490578 1.6021127129 3.7032825432
2.4620000000 0.8638552208 1.6029170647 3.7040427818
2.4630000000 0.8649612770 1.6037214088 3.7048026009
2.4640000000 0.8660672264 1.6045257530 3.7055620155
2.4650000000 0.8671730614 1.6053300819 3.7063210182
2.4660000000 0.8682787971 1.6061344109 3.7070796165
2.4670000000 0.8693844337 1.6069387321 3.7078378105
2.4680000000 0.8704899559 1.6077430534 3.7085956001
2.4690000000 0.8715953865 1.6085473671 3.7093530006
2.4700000000 0.8727007103 1.6093516655 3.7101099968
2.4710000000 0.8738059349 1.6101559715 3.7108666039
2.4720000000 0.8749110603 1.6109602623 3.7116228218
2.4730000000 0.8760160866 1.6117645531 3.7123786507
2.4740000000 0.8771210213 1.6125688438 3.7131340904
2.4750000000 0.8782258568 1.6133731194 3.7138891487
2.4760000000 0.8793305931 1.6141774025 3.7146438179
2.4770000000 0.8804352455 1.6149816704 3.7153981133
2.4780000000 0.8815397987 1.6157859383 3.7161520271
2.4790000000 0.8826442604 1.6165902061 3.7169055595
2.4800000000 0.8837486305 1.6173944664 3.7176587257
2.4810000000 0.8848529091 1.6181987190 3.7184115105
2.4820000000 0.8859570961 1.6190029793 3.7191639214
2.4830000000 0.8870611992 1.6198072243 3.7199159660
2.4840000000 0.8881652184 1.6206114693 3.7206676369
2.4850000000 0.8892691460 1.6214157143 3.7214189415
2.4860000000 0.8903729897 1.6222199593 3.7221698799
2.4870000000 0.8914767494 1.6230241966 3.7229204521
2.4880000000 0.8925804253 1.6238284264 3.7236706581
2.4890000000 0.8936840172 1.6246326561 3.7244204979
2.4900000000 0.8947875252 1.6254368858 3.7251699791
2.4910000000 0.8958909569 1.6262411156 3.7259191017
2.4920000000 0.8969943047 1.6270453377 3.7266678581
2.4930000000 0.8980975761 1.6278495598 3.7274162560
2.4940000000 0.8992007637 1.6286537819 3.7281643028
2.4950000000 0.9003038826 1.6294579964 3.7289119835
2.4960000000 0.9014069176 1.6302622108 3.7296593132
2.4970000000 0.9025098839 1.6310664253 3.7304062843
2.4980000000 0.9036127663 1.6318706322 3.7311529045
2.4990000000 0.9047155800 1.6326748466 3.7318991661
2.5000000000 0.9058183174 1.6334790535 3.7326450768
2.5010000000 0.9069209862 1.6342832527 3.7333906364
2.5020000000 0.9080235786 1.6350874596 3.7341358452
2.5030000000 0.9091261024 1.6358916588 3.7348806953
2.5040000000 0.9102285576 1.6366958580 3.7356252022
2.5050000000 0.9113309364 1.6375000572 3.7363693581
2.5060000000 0.9124332542 1.6383042564 3.7371131630
2.5070000000 0.9135355034 1.6391084480 3.7378566246
2.5080000000 0.9146376839 1.6399126472 3.7385997276
2.5090000000 0.9157397957 1.6407168388 3.7393424873
2.5100000000 0.9168418465 1.6415210304 3.7400849037
2.5110000000 0.9179438286 1.6423252220 3.7408269691
2.5120000000 0.9190457420 1.6431294136 3.7415686913
2.5130000000 0.9201476021 1.6439335976 3.7423100700
2.5140000000 0.9212493935 1.6447377892 3.7430510979
2.5150000000 0.9223511238 1.6455419731 3.7437917824
2.5160000000 0.9234527931 1.6463461571 3.7445321236
2.5170000000 0.9245544014 1.6471503410 3.7452721214
2.5180000000 0.9256559486 1.6479545250 3.7460117760
2.5190000000 0.9267574425 1.6487587090 3.7467510796
2.5200000000 0.9278588676 1.6495628853 3.7474900475
2.5210000000 0.9289602394 1.6503670692 3.7482286720
2.5220000000 0.9300615578 1.6511712456 3.7489669456
2.5230000000 0.9311628151 1.6519754219 3.7497048836
2.5240000000 0.9322640190 1.6527795982 3.7504424782
2.5250000000 0.9333651695 1.6535837746 3.7511797295
2.5260000000 0.9344662590 1.6543879509 3.7519166374
2.5270000000 0.9355673027 1.6551921272 3.7526532097
2.5280000000 0.9366682854 1.6559963036 3.7533894386
2.5290000000 0.9377692223 1.6568004723 3.7541253166
2.5300000000 0.9388701057 1.6576046486 3.7548608665
2.5310000000 0.9399709358 1.6584088173 3.7555960655
2.5320000000 0.9410717125 1.6592129860 3.7563309288
2.5330000000 0.9421724434 1.6600171623 3.7570654488
2.5340000000 0.9432731209 1.6608213310 3.7577996254
2.5350000000 0.9443737526 1.6616254997 3.7585334663
2.5360000000 0.9454743309 1.6624296608 3.7592669640
2.5370000000 0.9465748634 1.6632338295 3.7600001183
2.5380000000 0.9476753502 1.6640379982 3.7607329369
2.5390000000 0.9487757912 1.6648421593 3.7614654121
2.5400000000 0.9498761864 1.6656463203 3.7621975441
2.5410000000 0.9509765358 1.6664504890 3.7629293404
2.5420000000 0.9520768318 1.6672546501 3.7636607933
2.5430000000 0.9531770897 1.6680588112 3.7643919029
2.5440000000 0.9542773094 1.6688629723 3.7651226768
2.5450000000 0.9553774757 1.6696671257 3.7658531075
2.5460000000 0.9564776039 1.6704712868 3.7665831947
2.5470000000 0.9575776939 1.6712754402 3.7673129463
2.5480000000 0.9586777382 1.6720796013 3.7680423546
2.5490000000 0.9597777367 1.6728837547 3.7687714195
2.5500000000 0.9608776970 1.6736879082 3.7695001488
2.5510000000 0.9619776192 1.6744920616 3.7702285271
2.5520000000 0.9630775032 1.6752962074 3.7709565697
2.5530000000 0.9641773415 1.6761003609 3.7716842766
2.5540000000 0.9652771492 1.6769045067 3.7724116325
2.5550000000 0.9663769112 1.6777086525 3.7731386528
2.5560000000 0.9674766350 1.6785127983 3.7738653297
2.5570000000 0.9685763283 1.6793169441 3.7745916634
2.5580000000 0.9696759758 1.6801210899 3.7753176537
2.5590000000 0.9707755928 1.6809252281 3.7760433006
2.5600000000 0.9718751717 1.6817293663 3.7767686119
2.5610000000 0.9729747200 1.6825335045 3.7774935722
2.5620000000 0.9740742226 1.6833376427 3.7782181969
2.5630000000 0.9751737022 1.6841417809 3.7789424706
2.5640000000 0.9762731361 1.6849459114 3.7796664085
2.5650000000 0.9773725471 1.6857500420 3.7803899956
2.5660000000 0.9784719200 1.6865541725 3.7811132469
2.5670000000 0.9795712547 1.6873582954 3.7818361473
2.5680000000 0.9806705666 1.6881624260 3.7825587044
2.5690000000 0.9817698402 1.6889665489 3.7832809181
2.5700000000 0.9828690834 1.6897706718 3.7840027885
2.5710000000 0.9839682961 1.6905747871 3.7847243156
2.5720000000 0.9850674706 1.6913789024 3.7854454918
2.5730000000 0.9861666222 1.6921830177 3.7861663246
2.5740000000 0.9872657433 1.6929871330 3.7868868141
2.5750000000 0.9883648338 1.6937912407 3.7876069603
2.5760000000 0.9894638939 1.6945953484 3.7883267555
2.5770000000 0.9905629234 1.6953994560 3.7890462074
2.5780000000 0.9916619225 1.6962035561 3.7897653084
2.5790000000 0.9927608986 1.6970076561 3.7904840660
2.5800000000 0.9938598442 1.6978117485 3.7912024727
2.5810000000 0.9949587669 1.6986158409 3.7919205284
2.5820000000 0.9960576515 1.6994199333 3.7926382408
2.5830000000 0.9971565208 1.7002240181 3.7933556099
2.5840000000 0.9982553520 1.7010281029 3.7940726204
2.5850000000 0.9993541679 1.7018321877 3.7947892876
2.5860000000 1.0004529533 1.7026362648 3.7955056038
2.5870000000 1.0015517082 1.7034403343 3.7962215767
2.5880000000 1.0026504402 1.7042444115 3.7969371910
2.5890000000 1.0037491493 1.7050484734 3.7976524544
2.5900000000 1.0048478355 1.7058525429 3.7983673744
2.5910000000 1.0059464989 1.7066565971 3.7990819359
2.5920000000 1.0070451317 1.7074606590 3.7997961540
2.5930000000 1.0081437416 1.7082647057 3.8005100136
2.5940000000 1.0092423286 1.7090687523 3.8012235222
2.5950000000 1.0103408928 1.7098727989 3.8019366798
2.5960000000 1.0114394341 1.7106768379 3.8026494865
2.5970000000 1.0125379524 1.7114808769 3.8033619347
2.5980000000 1.0136364479 1.7122849083 3.8040740318
2.5990000000 1.0147349205 1.7130889320 3.8047857780
2.6000000000 1.0158333778 1.7138929558 3.8054971657
2.6010000000 1.0169318047 1.7146969719 3.8062082024
2.6020000000 1.0180302162 1.7155009804 3.8069188805
2.6030000000 1.0191285973 1.7163049889 3.8076292000
2.6040000000 1.0202269707 1.7171089897 3.8083391685
2.6050000000 1.0213253136 1.7179129906 3.8090487785
2.6060000000 1.0224236336 1.7187169838 3.8097580376
2.6070000000 1.0235219383 1.7195209694 3.8104669304
2.6080000000 1.0246202278 1.7203249474 3.8111754723
2.6090000000 1.0257184868 1.7211289253 3.8118836555
2.6100000000 1.0268167381 1.7219328957 3.8125914726
2.6110000000 1.0279149590 1.7227368584 3.8132989388
2.6120000000 1.0290131645 1.7235408134 3.8140060387
2.6130000000 1.0301113548 1.7243447685 3.8147127876
2.6140000000 1.0312095222 1.7251487160 3.8154191704
2.6150000000 1.0323076668 1.7259526558 3.8161251945
2.6160000000 1.0334058037 1.7267565880 3.8168308525
2.6170000000 1.0345039101 1.7275605125 3.8175361519
2.6180000000 1.0356020088 1.7283644371 3.8182410927
2.6190000000 1.0367000847 1.7291683464 3.8189456673
2.6200000000 1.0377981453 1.7299722557 3.8196498833
2.6210000000 1.0388961830 1.7307761497 3.8203537331
2.6220000000 1.0399942055 1.7315800438 3.8210572166
2.6230000000 1.0410922127 1.7323839302 3.8217603416
2.6240000000 1.0421901970 1.7331878090 3.8224630928
2.6250000000 1.0432881660 1.7339916801 3.8231654854
2.6260000000 1.0443861198 1.7347955360 3.8238675117
2.6270000000 1.0454840584 1.7355993919 3.8245691719
2.6280000000 1.0465819817 1.7364032402 3.8252704659
2.6290000000 1.0476798820 1.7372070808 3.8259713860
2.6300000000 1.0487777748 1.7380109062 3.8266719475
2.6310000000 1.0498756447 1.7388147316 3.8273721352
2.6320000000 1.0509734993 1.7396185417 3.8280719566
2.6330000000 1.0520713310 1.7404223442 3.8287714119
2.6340000000 1.0531691551 1.7412261391 3.8294704933
2.6350000000 1.0542669640 1.7420299263 3.8301692009
2.6360000000 1.0553647499 1.7428337059 3.8308675423
2.6370000000 1.0564625282 1.7436374779 3.8315655174
2.6380000000 1.0575602837 1.7444412346 3.8322631111
2.6390000000 1.0586580238 1.7452449837 3.8329603386
2.6400000000 1.0597557564 1.7460487251 3.8336571922
2.6410000000 1.0608534660 1.7468524513 3.8343536720
2.6420000000 1.0619511604 1.7476561775 3.8350497780
2.6430000000 1.0630488396 1.7484598808 3.8357455177
2.6440000000 1.0641465034 1.7492635841 3.8364408760
2.6450000000 1.0652441521 1.7500672722 3.8371358528
2.6460000000 1.0663417854 1.7508709526 3.8378304634
2.6470000000 1.0674394035 1.7516746178 3.8385246925
2.6480000000 1.0685370064 1.7524782753 3.8392185478
2.6490000000 1.0696345940 1.7532819252 3.8399120216
2.6500000000 1.0707321663 1.7540855598 3.8406051216
2.6510000000 1.0718297234 1.7548891792 3.8412978477
2.6520000000 1.0729272652 1.7556927910 3.8419901848
2.6530000000 1.0740247917 1.7564963951 3.8426821480
2.6540000000 1.0751223030 1.7572999840 3.8433737297
2.6550000000 1.0762197990 1.7581035576 3.8440649376
2.6560000000 1.0773172798 1.7589071236 3.8447557564
2.6570000000 1.0784147453 1.7597106743 3.8454461937
2.6580000000 1.0795121956 1.7605142097 3.8461362572
2.6590000000 1.0806096306 1.7613177376 3.8468259315
2.6600000000 1.0817070503 1.7621212502 3.8475152245
2.6610000000 1.0828044472 1.7629247551 3.8482041283
2.6620000000 1.0839018364 1.7637282372 3.8488926582
2.6630000000 1.0849992104 1.7645317116 3.8495807915
2.6640000000 1.0860965691 1.7653351784 3.8502685509
2.6650000000 1.0871939049 1.7661386223 3.8509559212
2.6660000000 1.0882912331 1.7669420509 3.8516429024
2.6670000000 1.0893885384 1.7677454720 3.8523294945
2.6680000000 1.0904858360 1.7685488777 3.8530157051
2.6690000000 1.0915831108 1.7693522682 3.8537015190
2.6700000000 1.0926803703 1.7701556435 3.8543869514
2.6710000000 1.0937776146 1.7709590034 3.8550719948
2.6720000000 1.0948748436 1.7717623482 3.8557566490
2.6730000000 1.0959720573 1.7725656776 3.8564409065
2.6740000000 1.0970692558 1.7733689919 3.8571247826
2.6750000000 1.0981664314 1.7741722908 3.8578082619
2.6760000000 1.0992635918 1.7749755745 3.8584913445
2.6770000000 1.1003607368 1.7757788429 3.8591740456
2.6780000000 1.1014578667 1.7765820885 3.8598563423
2.6790000000 1.1025549812 1.7773853264 3.8605382500
2.6800000000 1.1036520729 1.7781885414 3.8612197685
2.6810000000 1.1047491493 1.7789917488 3.8619008904
2.6820000000 1.1058462105 1.7797949333 3.8625816078
2.6830000000 1.1069432487 1.7805980949 3.8632619362
2.6840000000 1.1080402718 1.7814012489 3.8639418678
2.6850000000 1.1091372795 1.7822043800 3.8646214027
2.6860000000 1.1102342644 1.7830074959 3.8653005409
2.6870000000 1.1113312340 1.7838105965 3.8659792824
2.6880000000 1.1124281807 1.7846136742 3.8666576195
2.6890000000 1.1135251122 1.7854167290 3.8673355675
2.6900000000 1.1146220207 1.7862197762 3.8680131035
2.6910000000 1.1157189140 1.7870228004 3.8686902428
2.6920000000 1.1168157921 1.7878258018 3.8693669853
2.6930000000 1.1179126396 1.7886287880 3.8700433235
2.6940000000 1.1190094795 1.7894317513 3.8707192574
2.6950000000 1.1201062889 1.7902346992 3.8713947945
2.6960000000 1.1212030830 1.7910376244 3.8720699196
2.6970000000 1.1222998543 1.7918405266 3.8727446480
2.6980000000 1.1233966103 1.7926434135 3.8734189720
2.6990000000 1.1244933357 1.7934462776 3.8740928841
2.7000000000 1.1255900459 1.7942491264 3.8747663994
2.7010000000 1.1266867332 1.7950519524 3.8754395027
2.7020000000 1.1277834053 1.7958547554 3.8761122017
2.7030000000 1.1288800468 1.7966575356 3.8767844887
2.7040000000 1.1299766655 1.7974602928 3.8774563713
2.7050000000 1.1310732689 1.7982630348 3.8781278419
2.7060000000 1.1321698418 1.7990657463 3.8787989082
2.7070000000 1.1332663918 1.7998684425 3.8794695625
2.7080000000 1.1343629265 1.8006711159 3.8801398125
2.7090000000 1.1354594307 1.8014737663 3.8808096428
2.7100000000 1.1365559120 1.8022763863 3.8814790688
2.7110000000 1.1376523628 1.8030789909 3.8821480751
2.7120000000 1.1387487984 1.8038815727 3.8828166771
2.7130000000 1.1398452034 1.8046841316 3.8834848595
2.7140000000 1.1409415855 1.8054866600 3.8841526299
2.7150000000 1.1420379372 1.8062891655 3.8848199883
2.7160000000 1.1431342659 1.8070916557 3.8854869270
2.7170000000 1.1442305641 1.8078941078 3.8861534538
2.7180000000 1.1453268394 1.8086965446 3.8868195610
2.7190000000 1.1464230843 1.8094989586 3.8874852562
2.7200000000 1.1475193062 1.8103013420 3.8881505318
2.7210000000 1.1486154976 1.8111036949 3.8888153877
2.7220000000 1.1497116585 1.8119060326 3.8894798317
2.7230000000 1.1508077888 1.8127083397 3.8901438484
2.7240000000 1.1519038963 1.8135106163 3.8908074532
2.7250000000 1.1529999657 1.8143128777 3.8914706306
2.7260000000 1.1540960121 1.8151151009 3.8921333961
2.7270000000 1.1551920280 1.8159173012 3.8927957344
2.7280000000 1.1562880058 1.8167194786 3.8934576530
2.7290000000 1.1573839531 1.8175216255 3.8941191444
2.7300000000 1.1584798775 1.8183237419 3.8947802162
2.7310000000 1.1595757561 1.8191258278 3.8954408607
2.7320000000 1.1606716118 1.8199278908 3.8961010857
2.7330000000 1.1617674294 1.8207299232 3.8967608833
2.7340000000 1.1628632164 1.8215319328 3.8974202614
2.7350000000 1.1639589653 1.8223339043 3.8980792046
2.7360000000 1.1650546837 1.8231358528 3.8987377281
2.7370000000 1.1661503639 1.8239377708 3.8993958244
2.7380000000 1.1672460060 1.8247396584 3.9000534859
2.7390000000 1.1683416100 1.8255415154 3.9007107277
2.7400000000 1.1694371834 1.8263433418 3.9013675346
2.7410000000 1.1705327110 1.8271451378 3.9020239143
2.7420000000 1.1716282082 1.8279469032 3.9026798592
2.7430000000 1.1727236671 1.8287486382 3.9033353844
2.7440000000 1.1738190804 1.8295503426 3.9039904671
2.7450000000 1.1749144554 1.8303520164 3.9046451225
2.7460000000 1.1760097923 1.8311536522 3.9052993507
2.7470000000 1.1771050911 1.8319552650 3.9059531364
2.7480000000 1.1782003441 1.8327568398 3.9066064949
2.7490000000 1.1792955513 1.8335583763 3.9072594185
2.7500000000 1.1803907204 1.8343598900 3.9079119072
2.7510000000 1.1814858437 1.8351613655 3.9085639610
2.7520000000 1.1825809288 1.8359628105 3.9092155800
2.7530000000 1.1836759605 1.8367642174 3.9098667641
2.7540000000 1.1847709541 1.8375655937 3.9105175056
2.7550000000 1.1858659019 1.8383669319 3.9111678123
2.7560000000 1.1869607964 1.8391682320 3.9118176842
2.7570000000 1.1880556450 1.8399695091 3.9124671135
2.7580000000 1.1891504478 1.8407707405 3.9131161003
2.7590000000 1.1902452049 1.8415719414 3.9137646523
2.7600000000 1.1913399086 1.8423731041 3.9144127693
2.7610000000 1.1924345589 1.8431742287 3.9150604362
2.7620000000 1.1935291634 1.8439753227 3.9157076683
2.7630000000 1.1946237144 1.8447763786 3.9163544502
2.7640000000 1.1957182121 1.8455773964 3.9170007973
2.7650000000 1.1968126564 1.8463783760 3.9176467018
2.7660000000 1.1979070473 1.8471793175 3.9182921562
2.7670000000 1.1990013847 1.8479802208 3.9189371681
2.7680000000 1.2000956688 1.8487810860 3.9195817375
2.7690000000 1.2011898918 1.8495819130 3.9202258644
2.7700000000 1.2022840614 1.8503827019 3.9208695412
2.7710000000 1.2033781700 1.8511834526 3.9215127754
2.7720000000 1.2044722252 1.8519841652 3.9221555595
2.7730000000 1.2055662117 1.8527848320 3.9227978935
2.7740000000 1.2066601448 1.8535854607 3.9234397850
2.7750000000 1.2077540169 1.8543860512 3.9240812187
2.7760000000 1.2088478203 1.8551866035 3.9247222099
2.7770000000 1.2099415703 1.8559871101 3.9253627510
2.7780000000 1.2110352516 1.8567875786 3.9260028419
2.7790000000 1.2121288643 1.8575880013 3.9266424828
2.7800000000 1.2132224159 1.8583883858 3.9272816734
2.7810000000 1.2143158989 1.8591887245 3.9279204140
2.7820000000 1.2154093208 1.8599890251 3.9285586967
2.7830000000 1.2165026665 1.8607892799 3.9291965294
2.7840000000 1.2175959435 1.8615894890 3.9298339043
2.7850000000 1.2186891518 1.8623896599 3.9304708290
2.7860000000 1.2197822914 1.8631897850 3.9311073036
2.7870000000 1.2208753548 1.8639898643 3.9317433205
2.7880000000 1.2219683418 1.8647899055 3.9323788795
2.7890000000 1.2230612602 1.8655898933 3.9330139809
2.7900000000 1.2241541023 1.8663898354 3.9336486244
2.7910000000 1.2252468681 1.8671897392 3.9342828178
2.7920000000 1.2263395576 1.8679895973 3.9349165459
2.7930000000 1.2274321632 1.8687894020 3.9355498238
2.7940000000 1.2285246925 1.8695891609 3.9361826363
2.7950000000 1.2296171455 1.8703888817 3.9368149910
2.7960000000 1.2307095070 1.8711885490 3.9374468880
2.7970000000 1.2318017921 1.8719881706 3.9380783272
2.7980000000 1.2328939934 1.8727877388 3.9387093010
2.7990000000 1.2339861107 1.8735872612 3.9393398094
2.8000000000 1.2350781364 1.8743867378 3.9399698677
2.8010000000 1.2361700783 1.8751861610 3.9405994530
2.8020000000 1.2372619286 1.8759855385 3.9412285805
2.8030000000 1.2383536873 1.8767848701 3.9418572426
2.8040000000 1.2394453621 1.8775841484 3.9424854469
2.8050000000 1.2405369377 1.8783833733 3.9431131783
2.8060000000 1.2416284218 1.8791825523 3.9437404518
2.8070000000 1.2427198143 1.8799816780 3.9443672600
2.8080000000 1.2438111076 1.8807807503 3.9449935951
2.8090000000 1.2449023018 1.8815797691 3.9456194725
2.8100000000 1.2459934044 1.8823787422 3.9462448769
2.8110000000 1.2470844002 1.8831776619 3.9468698158
2.8120000000 1.2481752968 1.8839765205 3.9474942894
2.8130000000 1.2492660866 1.8847753334 3.9481182976
2.8140000000 1.2503567772 1.8855740929 3.9487418327
2.8150000000 1.2514473610 1.8863727913 3.9493648949
2.8160000000 1.2525378380 1.8871714439 3.9499874916
2.8170000000 1.2536282082 1.8879700356 3.9506096230
2.8180000000 1.2547184715 1.8887685814 3.9512312813
2.8190000000 1.2558086205 1.8895670586 3.9518524666
2.8200000000 1.2568986549 1.8903654900 3.9524731789
2.8210000000 1.2579885750 1.8911638603 3.9530934181
2.8220000000 1.2590783806 1.8919621773 3.9537131920
2.8230000000 1.2601680717 1.8927604332 3.9543324852
2.8240000000 1.2612576408 1.8935586357 3.9549513130
2.8250000000 1.2623470955 1.8943567772 3.9555696602
2.8260000000 1.2634364204 1.8951548653 3.9561875343
2.8270000000 1.2645256233 1.8959528923 3.9568049355
2.8280000000 1.2656147041 1.8967508583 3.9574218636
2.8290000000 1.2667036629 1.8975487633 3.9580383186
2.8300000000 1.2677924843 1.8983466148 3.9586542931
2.8310000000 1.2688811836 1.8991443977 3.9592697868
2.8320000000 1.2699697456 1.8999421272 3.9598848152
2.8330000000 1.2710581779 1.9007397957 3.9604993553
2.8340000000 1.2721464806 1.9015374031 3.9611134224
2.8350000000 1.2732346382 1.9023349419 3.9617270164
2.8360000000 1.2743226585 1.9031324272 3.9623401222
2.8370000000 1.2754105415 1.9039298439 3.9629527550
2.8380000000 1.2764982796 1.9047271996 3.9635649071
2.8390000000 1.2775858727 1.9055244942 3.9641765862
2.8400000000 1.2786733284 1.9063217201 3.9647877769
2.8410000000 1.2797606316 1.9071188850 3.9653984871
2.8420000000 1.2808477821 1.9079159889 3.9660087242
2.8430000000 1.2819347801 1.9087130165 3.9666184731
2.8440000000 1.2830216331 1.9095099907 3.9672277412
2.8450000000 1.2841083260 1.9103068962 3.9678365288
2.8460000000 1.2851948586 1.9111037331 3.9684448280
2.8470000000 1.2862812386 1.9119005013 3.9690526543
2.8480000000 1.2873674507 1.9126972008 3.9696599922
2.8490000000 1.2884535027 1.9134938393 3.9702668495
2.8500000000 1.2895393944 1.9142904091 3.9708732185
2.8510000000 1.2906251106 1.9150869102 3.9714791069
2.8520000000 1.2917106590 1.9158833351 3.9720845070
2.8530000000 1.2927960396 1.9166796989 3.9726894264
2.8540000000 1.2938812447 1.9174759941 3.9732938576
2.8550000000 1.2949662743 1.9182722130 3.9738978004
2.8560000000 1.2960511208 1.9190683632 3.9745012627
2.8570000000 1.2971357918 1.9198644447 3.9751042366
2.8580000000 1.2982202797 1.9206604500 3.9757067223
2.8590000000 1.2993045769 1.9214563866 3.9763087196
2.8600000000 1.3003886909 1.9222522469 3.9769102364
2.8610000000 1.3014726143 1.9230480385 3.9775112572
2.8620000000 1.3025563469 1.9238437614 3.9781117973
2.8630000000 1.3036398811 1.9246394005 3.9787118416
2.8640000000 1.3047232170 1.9254349709 3.9793114052
2.8650000000 1.3058063622 1.9262304649 3.9799104729
2.8660000000 1.3068892937 1.9270258827 3.9805090523
2.8670000000 1.3079720268 1.9278212318 3.9811071434
2.8680000000 1.3090545540 1.9286164970 3.9817047462
2.8690000000 1.3101368675 1.9294116859 3.9823018608
2.8700000000 1.3112189674 1.9302068062 3.9828984795
2.8710000000 1.3123008614 1.9310018425 3.9834946098
2.8720000000 1.3133825264 1.9317968025 3.9840902443
2.8730000000 1.3144639778 1.9325916786 3.9846853981
2.8740000000 1.3155452003 1.9333864784 3.9852800484
2.8750000000 1.3166261940 1.9341812019 3.9858742104
2.8760000000 1.3177069664 1.9349758492 3.9864678841
2.8770000000 1.3187875023 1.9357704048 3.9870610619
2.8780000000 1.3198678017 1.9365648918 3.9876537514
2.8790000000 1.3209478722 1.9373592873 3.9882459373
2.8800000000 1.3220276909 1.9381536064 3.9888376427
2.8810000000 1.3231072731 1.9389478416 3.9894288445
2.8820000000 1.3241866035 1.9397419930 3.9900195580
2.8830000000 1.3252656822 1.9405360680 3.9906097755
2.8840000000 1.3263445091 1.9413300514 3.9911994972
2.8850000000 1.3274230843 1.9421239510 3.9917887306
2.8860000000 1.3285013924 1.9429177666 3.9923774605
2.8870000000 1.3295794411 1.9437114983 3.9929657021
2.8880000000 1.3306572227 1.9445051460 3.9935534477
2.8890000000 1.3317347374 1.9452987022 3.9941406975
2.8900000000 1.3328119774 1.9460921745 3.9947274513
2.8910000000 1.3338889351 1.9468855629 3.9953137093
2.8920000000 1.3349656181 1.9476788597 3.9958994713
2.8930000000 1.3360420189 1.9484720650 3.9964847374
2.8940000000 1.3371181297 1.9492651863 3.9970695076
2.8950000000 1.3381939430 1.9500582161 3.9976537743
2.8960000000 1.3392694740 1.9508511543 3.9982375526
2.8970000000 1.3403446999 1.9516440086 3.9988208351
2.8980000000 1.3414196205 1.9524367638 3.9994036140
2.8990000000 1.3424942360 1.9532294350 3.9999858971
2.9000000000 1.3435685463 1.9540220070 4.0005676842
2.9010000000 1.3446425438 1.9548144875 4.0011489754
2.9020000000 1.3457162209 1.9556068764 4.0017297707
2.9030000000 1.3467895699 1.9563991737 4.0023100624
2.9040000000 1.3478625984 1.9571913719 4.0028898582
2.9050000000 1.3489352989 1.9579834785 4.0034691582
2.9060000000 1.3500076637 1.9587754936 4.0040479546
2.9070000000 1.3510796852 1.9595674095 4.0046262550
2.9080000000 1.3521513710 1.9603592262 4.0052040596
2.9090000000 1.3532226982 1.9611509514 4.0057813683
2.9100000000 1.3542936821 1.9619425697 4.0063581734
2.9110000000 1.3553643074 1.9627340965 4.0069344749
2.9120000000 1.3564345741 1.9635255241 4.0075102882
2.9130000000 1.3575044670 1.9643168526 4.0080855980
2.9140000000 1.3585739937 1.9651080818 4.0086604042
2.9150000000 1.3596431465 1.9658992119 4.0092347145
2.9160000000 1.3607119179 1.9666902351 4.0098085289
2.9170000000 1.3617803078 1.9674811592 4.0103818398
2.9180000000 1.3628483009 1.9682719841 4.0109546547
2.9190000000 1.3639159050 1.9690627022 4.0115269661
2.9200000000 1.3649831047 1.9698533211 4.0120987816
2.9210000000 1.3660499001 1.9706438332 4.0126701012
2.9220000000 1.3671162834 1.9714342461 4.0132409172
2.9230000000 1.3681822472 1.9722245445 4.0138112297
2.9240000000 1.3692477913 1.9730147438 4.0143810463
2.9250000000 1.3703129082 1.9738048363 4.0149503670
2.9260000000 1.3713775978 1.9745948219 4.0155191841
2.9270000000 1.3724418373 1.9753846931 4.0160874977
2.9280000000 1.3735056419 1.9761744652 4.0166553154
2.9290000000 1.3745689888 1.9769641228 4.0172226372
2.9300000000 1.3756318855 1.9777536736 4.0177894554
2.9310000000 1.3766943092 1.9785431175 4.0183557777
2.9320000000 1.3777562752 1.9793324471 4.0189215965
2.9330000000 1.3788177605 1.9801216621 4.0194869194
2.9340000000 1.3798787651 1.9809107704 4.0200517387
2.9350000000 1.3809392815 1.9816997643 4.0206160622
2.9360000000 1.3819993019 1.9824886513 4.0211798820
2.9370000000 1.3830588188 1.9832774162 4.0217432060
2.9380000000 1.3841178322 1.9840660667 4.0223060341
2.9390000000 1.3851763268 1.9848546104 4.0228683586
2.9400000000 1.3862343025 1.9856430321 4.0234301796
2.9410000000 1.3872917519 1.9864313393 4.0239915047
2.9420000000 1.3883486595 1.9872195320 4.0245523338
2.9430000000 1.3894050179 1.9880076027 4.0251126671
2.9440000000 1.3904608345 1.9887955513 4.0256724968
2.9450000000 1.3915160866 1.9895833931 4.0262318306
2.9460000000 1.3925707741 1.9903711052 4.0267906609
2.9470000000 1.3936248817 1.9911587029 4.0273489952
2.9480000000 1.3946784096 1.9919461784 4.0279068336
2.9490000000 1.3957313499 1.9927335243 4.0284641685
2.9500000000 1.3967836800 1.9935207558 4.0290210152
2.9510000000 1.3978354149 1.9943078651 4.0295773582
2.9520000000 1.3988865242 1.9950948524 4.0301331978
2.9530000000 1.3999370155 1.9958817101 4.0306885490
2.9540000000 1.4009868660 1.9966684456 4.0312433968
2.9550000000 1.4020360756 1.9974550514 4.0317977486
2.9560000000 1.4030846291 1.9982415352 4.0323516045
2.9570000000 1.4041325264 1.9990278969 4.0329049644
2.9580000000 1.4051797447 1.9998141212 4.0334578285
2.9590000000 1.4062262917 2.0006002235 4.0340101967
2.9600000000 1.4072721367 2.0013861961 4.0345620689
2.9610000000 1.4083172874 2.0021720314 4.0351134453
2.9620000000 1.4093617210 2.0029577446 4.0356643257
2.9630000000 1.4104054375 2.0037433205 4.0362147102
2.9640000000 1.4114484138 2.0045287743 4.0367645988
2.9650000000 1.4124906502 2.0053140831 4.0373139915
2.9660000000 1.4135321312 2.0060992699 4.0378628883
2.9670000000 1.4145728416 2.0068843117 4.0384112892
2.9680000000 1.4156127739 2.0076692238 4.0389592018
2.9690000000 1.4166519203 2.0084539986 4.0395066185
2.9700000000 1.4176902580 2.0092386436 4.0400535469
2.9710000000 1.4187277870 2.0100231438 4.0405999718
2.9720000000 1.4197644844 2.0108075066 4.0411459084
2.9730000000 1.4208003426 2.0115917397 4.0416913567
2.9740000000 1.4218353462 2.0123758202 4.0422363091
2.9750000000 1.4228694801 2.0131597710 4.0427807655
2.9760000000 1.4239027367 2.0139435768 4.0433247337
2.9770000000 1.4249351006 2.0147272377 4.0438682137
2.9780000000 1.4259665489 2.0155107613 4.0444111977
2.9790000000 1.4269970818 2.0162941399 4.0449536934
2.9800000000 1.4280266685 2.0170773735 4.0454957008
2.9810000000 1.4290553093 2.0178604698 4.0460372200
2.9820000000 1.4300829735 2.0186434135 4.0465782433
2.9830000000 1.4311096535 2.0194262123 4.0471187782
2.9840000000 1.4321353340 2.0202088585 4.0476588249
2.9850000000 1.4331599922 2.0209913673 4.0481983910
2.9860000000 1.4341836205 2.0217737160 4.0487374611
2.9870000000 1.4352061882 2.0225559273 4.0492760506
2.9880000000 1.4362276878 2.0233379784 4.0498141441
2.9890000000 1.4372480965 2.0241198845 4.0503517570
2.9900000000 1.4382673988 2.0249016380 4.0508888817
2.9910000000 1.4392855721 2.0256832314 4.0514255257
2.9920000000 1.4403026009 2.0264646797 4.0519616737
2.9930000000 1.4413184547 2.0272459679 4.0524973488
2.9940000000 1.4423331184 2.0280271034 4.0530325356
2.9950000000 1.4433465767 2.0288080864 4.0535672340
2.9960000000 1.4443587990 2.0295889091 4.0541014519
2.9970000000 1.4453697701 2.0303695717 4.0546351891
2.9980000000 1.4463794594 2.0311500816 4.0551684456
2.9990000000 1.4473878517 2.0319304237 4.0557012215
3.0000000000 1.4483949089 2.0327106133 4.0562335091
3.0010000000 1.4494006233 2.0334906349 4.0567653236
3.0020000000 1.4504049568 2.0342704964 4.0572966499
3.0030000000 1.4514078789 2.0350501976 4.0578275032
3.0040000000 1.4524093742 2.0358297386 4.0583578758
3.0050000000 1.4534094124 2.0366091042 4.0588877678
3.0060000000 1.4544079552 2.0373883171 4.0594171867
3.0070000000 1.4554049873 2.0381673546 4.0599461250
3.0080000000 1.4564004631 2.0389462242 4.0604745903
3.0090000000 1.4573943520 2.0397249260 4.0610025825
3.0100000000 1.4583866310 2.0405034676 4.0615300941
3.0110000000 1.4593772621 2.0412818260 4.0620571251
3.0120000000 1.4603662071 2.0420600243 4.0625836906
3.0130000000 1.4613534279 2.0428380470 4.0631097832
3.0140000000 1.4623388939 2.0436158943 4.0636354027
3.0150000000 1.4633225594 2.0443935661 4.0641605415
3.0160000000 1.4643043861 2.0451710701 4.0646852226
3.0170000000 1.4652843361 2.0459483910 4.0652094231
3.0180000000 1.4662623558 2.0467255440 4.0657331581
3.0190000000 1.4672384148 2.0475025139 4.0662564201
3.0200000000 1.4682124519 2.0482793083 4.0667792168
3.0210000000 1.4691844292 2.0490559196 4.0673015480
3.0220000000 1.4701542931 2.0498323479 4.0678234062
3.0230000000 1.4711219902 2.0506086006 4.0683447990
3.0240000000 1.4720874596 2.0513846703 4.0688657265
3.0250000000 1.4730506554 2.0521605568 4.0693861961
3.0260000000 1.4740115166 2.0529362602 4.0699061928
3.0270000000 1.4749699669 2.0537117729 4.0704257317
3.0280000000 1.4759259529 2.0544871025 4.0709448051
3.0290000000 1.4768794060 2.0552622490 4.0714634209
3.0300000000 1.4778302498 2.0560371971 4.0719815712
3.0310000000 1.4787784157 2.0568119621 4.0724992638
3.0320000000 1.4797238197 2.0575865364 4.0730164986
3.0330000000 1.4806663857 2.0583609200 4.0735332680
3.0340000000 1.4816060143 2.0591351128 4.0740495872
3.0350000000 1.4825426140 2.0599091148 4.0745654488
3.0360000000 1.4834761009 2.0606829185 4.0750808525
3.0370000000 1.4844063606 2.0614565239 4.0755957985
3.0380000000 1.4853332863 2.0622299309 4.0761102943
3.0390000000 1.4862567558 2.0630031471 4.0766243401
3.0400000000 1.4871766548 2.0637761650 4.0771379280
3.0410000000 1.4880928459 2.0645489769 4.0776510658
3.0420000000 1.4890051842 2.0653215904 4.0781637535
3.0430000000 1.4899135246 2.0660940056 4.0786759911
3.0440000000 1.4908176994 2.0668662148 4.0791877785
3.0450000000 1.4917175331 2.0676382256 4.0796991234
3.0460000000 1.4926128273 2.0684100227 4.0802100182
3.0470000000 1.4935033836 2.0691816216 4.0807204704
3.0480000000 1.4943889732 2.0699530067 4.0812304726
3.0490000000 1.4952693367 2.0707241859 4.0817400398
3.0500000000 1.4961442146 2.0714951515 4.0822491570
3.0510000000 1.4970133018 2.0722659111 4.0827578316
3.0520000000 1.4978762550 2.0730364647 4.0832660713
3.0530000000 1.4987326927 2.0738067970 4.0837738686
3.0540000000 1.4995821877 2.0745769157 4.0842812233
3.0550000000 1.5004242439 2.0753468208 4.0847881432
3.0560000000 1.5012583122 2.0761165123 4.0852946281
3.0570000000 1.5020837059 2.0768859825 4.0858006783
3.0580000000 1.5028996544 2.0776552315 4.0863062859
3.0590000000 1.5037052040 2.0784242668 4.0868114738
3.0600000000 1.5044991646 2.0791930809 4.0873162193
3.0610000000 1.5052800484 2.0799616661 4.0878205376
3.0620000000 1.5060458412 2.0807300301 4.0883244209
3.0630000000 1.5067937431 2.0814981728 4.0888278847
3.0640000000 1.5075194664 2.0822660866 4.0893309135
3.0650000000 1.5082154427 2.0830337791 4.0898335152
3.0660000000 1.5088630791 2.0838012352 4.0903356972
3.0670000000 1.5094374428 2.0845684700 4.0908374519
3.0680000000 1.5101001396 2.0853354683 4.0913387871
3.0690000000 1.5108093376 2.0861022377 4.0918396950
3.0700000000 1.5115500374 2.0868687706 4.0923401833
3.0710000000 1.5123155708 2.0876350670 4.0928402519
3.0720000000 1.5131020317 2.0884011345 4.0933399010
3.0730000000 1.5139068413 2.0891669579 4.0938391380
3.0740000000 1.5147281151 2.0899325447 4.0943379555
3.0750000000 1.5155644264 2.0906978950 4.0948363609
3.0760000000 1.5164146690 2.0914630013 4.0953343544
3.0770000000 1.5172779350 2.0922278709 4.0958319283
3.0780000000 1.5181534615 2.0929924889 4.0963290977
3.0790000000 1.5190406075 2.0937568703 4.0968258553
3.0800000000 1.5199388313 2.0945209999 4.0973222084
3.0810000000 1.5208476601 2.0952848854 4.0978181496
3.0820000000 1.5217666740 2.0960485191 4.0983136864
3.0830000000 1.5226954918 2.0968119011 4.0988088188
3.0840000000 1.5236337929 2.0975750313 4.0993035545
3.0850000000 1.5245812721 2.0983379173 4.0997978859
3.0860000000 1.5255376625 2.0991005363 4.1002918129
3.0870000000 1.5265027199 2.0998629112 4.1007853432
3.0880000000 1.5274762001 2.1006250191 4.1012784767
3.0890000000 1.5284579124 2.1013868752 4.1017712135
3.0900000000 1.5294476585 2.1021484718 4.1022635536
3.0910000000 1.5304452629 2.1029098015 4.1027555046
3.0920000000 1.5314505501 2.1036708717 4.1032470589
3.0930000000 1.5324633751 2.1044316750 4.1037382240
3.0940000000 1.5334835777 2.1051922112 4.1042290077
3.0950000000 1.5345110359 2.1059524879 4.1047193947
3.0960000000 1.5355456123 2.1067124901 4.1052094002
3.0970000000 1.5365871849 2.1074722252 4.1056990166
3.0980000000 1.5376356316 2.1082316856 4.1061882515
3.0990000000 1.5386908607 2.1089908791 4.1066771126
3.1000000000 1.5397527504 2.1097497902 4.1071655846
3.1010000000 1.5408212090 2.1105084267 4.1076536827
3.1020000000 1.5418961372 2.1112667885 4.1081413994
3.1030000000 1.5429774513 2.1120248680 4.1086287422
3.1040000000 1.5440650597 2.1127826729 4.1091157112
3.1050000000 1.5451588783 2.1135401878 4.1096023064
3.1060000000 1.5462588310 2.1142974281 4.1100885353
3.1070000000 1.5473648415 2.1150543709 4.1105743904
3.1080000000 1.5484768257 2.1158110390 4.1110598793
3.1090000000 1.5495947227 2.1165674095 4.1115449944
3.1100000000 1.5507184563 2.1173234978 4.1120297585
3.1110000000 1.5518479652 2.1180792885 4.1125141487
3.1120000000 1.5529831886 2.1188347816 4.1129981804
3.1130000000 1.5541240578 2.1195899925 4.1134818535
3.1140000000 1.5552705040 2.1203448982 4.1139651680
3.1150000000 1.5564224892 2.1210995064 4.1144481239
3.1160000000 1.5575799370 2.1218538170 4.1149307289
3.1170000000 1.5587428093 2.1226078224 4.1154129829
3.1180000000 1.5599110374 2.1233615227 4.1158948784
3.1190000000 1.5610845757 2.1241149254 4.1163764229
3.1200000000 1.5622633781 2.1248680153 4.1168576241
3.1210000000 1.5634473839 2.1256208000 4.1173384819
3.1220000000 1.5646365471 2.1263732719 4.1178189888
3.1230000000 1.5658308296 2.1271254387 4.1182991524
3.1240000000 1.5670301781 2.1278772850 4.1187789803
3.1250000000 1.5682345467 2.1286288185 4.1192584648
3.1260000000 1.5694438896 2.1293800316 4.1197376060
3.1270000000 1.5706581688 2.1301309319 4.1202164192
3.1280000000 1.5718773384 2.1308815041 4.1206948967
3.1290000000 1.5731013603 2.1316317635 4.1211730385
3.1300000000 1.5743301888 2.1323816872 4.1216508522
3.1310000000 1.5755637932 2.1331312904 4.1221283379
3.1320000000 1.5768021202 2.1338805656 4.1226054878
3.1330000000 1.5780451469 2.1346295128 4.1230823250
3.1340000000 1.5792928200 2.1353781242 4.1235588264
3.1350000000 1.5805451164 2.1361264000 4.1240350151
3.1360000000 1.5818019905 2.1368743477 4.1245108757
3.1370000000 1.5830634117 2.1376219521 4.1249864235
3.1380000000 1.5843293495 2.1383692207 4.1254616585
3.1390000000 1.5855997505 2.1391161461 4.1259365730
3.1400000000 1.5868745995 2.1398627281 4.1264111748
3.1410000000 1.5881538582 2.1406089668 4.1268854713
3.1420000000 1.5894374886 2.1413548546 4.1273594551
3.1430000000 1.5907254601 2.1421003990 4.1278331337
3.1440000000 1.5920177422 2.1428455849 4.1283065071
3.1450000000 1.5933143120 2.1435904198 4.1287795753
3.1460000000 1.5946151161 2.1443349037 4.1292523460
3.1470000000 1.5959201469 2.1450790215 4.1297248116
3.1480000000 1.5972293587 2.1458227882 4.1301969795
3.1490000000 1.5985427284 2.1465661888 4.1306688576
3.1500000000 1.5998602257 2.1473092308 4.1311404457
3.1510000000 1.6011818199 2.1480518990 4.1316117363
3.1520000000 1.6025074883 2.1487942085 4.1320827370
3.1530000000 1.6038371925 2.1495361443 4.1325534477
3.1540000000 1.6051709099 2.1502777061 4.1330238838
3.1550000000 1.6065086174 2.1510188942 4.1334940224
3.1560000000 1.6078502769 2.1517597084 4.1339638939
3.1570000000 1.6091958733 2.1525001411 4.1344334755
3.1580000000 1.6105453682 2.1532401924 4.1349027824
3.1590000000 1.6118987389 2.1539798622 4.1353718147
3.1600000000 1.6132559624 2.1547191505 4.1358405724
3.1610000000 1.6146170158 2.1554580421 4.1363090630
3.1620000000 1.6159818611 2.1561965523 4.1367772789
3.1630000000 1.6173504906 2.1569346657 4.1372452278
3.1640000000 1.6187228661 2.1576723900 4.1377129173
3.1650000000 1.6200989647 2.1584097099 4.1381803398
3.1660000000 1.6214787636 2.1591466331 4.1386474953
3.1670000000 1.6228622398 2.1598831596 4.1391143990
3.1680000000 1.6242493629 2.1606192741 4.1395810509
3.1690000000 1.6256401176 2.1613549919 4.1400474358
3.1700000000 1.6270344810 2.1620902901 4.1405135765
3.1710000000 1.6284324226 2.1628251839 4.1409794655
3.1720000000 1.6298339272 2.1635596657 4.1414451027
3.1730000000 1.6312389565 2.1642937279 4.1419104958
3.1740000000 1.6326475105 2.1650273705 4.1423756447
3.1750000000 1.6340595436 2.1657605934 4.1428405571
3.1760000000 1.6354750557 2.1664933968 4.1433052254
3.1770000000 1.6368940086 2.1672257652 4.1437696571
3.1780000000 1.6383163872 2.1679577141 4.1442338524
3.1790000000 1.6397421684 2.1686892281 4.1446978111
3.1800000000 1.6411713295 2.1694202995 4.1451615410
3.1810000000 1.6426038551 2.1701509438 4.1456250420
3.1820000000 1.6440397148 2.1708811455 4.1460883217
3.1830000000 1.6454789009 2.1716109123 4.1465513725
3.1840000000 1.6469213753 2.1723402290 4.1470141945
3.1850000000 1.6483671303 2.1730690956 4.1474768028
3.1860000000 1.6498161507 2.1737975121 4.1479391975
3.1870000000 1.6512683983 2.1745254784 4.1484013710
3.1880000000 1.6527238731 2.1752529869 4.1488633308
3.1890000000 1.6541825371 2.1759800453 4.1493250847
3.1900000000 1.6556443825 2.1767066307 4.1497866249
3.1910000000 1.6571093864 2.1774327583 4.1502479591
3.1920000000 1.6585775337 2.1781584206 4.1507090950
3.1930000000 1.6600488014 2.1788836098 4.1511700249
3.1940000000 1.6615231667 2.1796083260 4.1516307487
3.1950000000 1.6630006142 2.1803325691 4.1520912819
3.1960000000 1.6644811363 2.1810563316 4.1525516167
3.1970000000 1.6659646950 2.1817796059 4.1530117607
3.1980000000 1.6674512901 2.1825024071 4.1534717140
3.1990000000 1.6689408913 2.1832247124 4.1539314766
3.2000000000 1.6704334831 2.1839465294 4.1543910561
3.2010000000 1.6719290504 2.1846678581 4.1548504524
3.2020000000 1.6734275780 2.1853886833 4.1553096657
3.2030000000 1.6749290504 2.1861090050 4.1557686958
3.2040000000 1.6764334373 2.1868288307 4.1562275581
3.2050000000 1.6779407310 2.1875481453 4.1566862373
3.2060000000 1.6794509163 2.1882669563 4.1571447487
3.2070000000 1.6809639778 2.1889852486 4.1576030922
3.2080000000 1.6824798927 2.1897030220 4.1580612679
3.2090000000 1.6839986458 2.1904202843 4.1585192757
3.2100000000 1.6855202217 2.1911370201 4.1589771233
3.2110000000 1.6870446053 2.1918532295 4.1594348030
3.2120000000 1.6885717812 2.1925689049 4.1598923302
3.2130000000 1.6901017265 2.1932840538 4.1603497047
3.2140000000 1.6916344337 2.1939986610 4.1608069267
3.2150000000 1.6931698875 2.1947127266 4.1612639885
3.2160000000 1.6947080727 2.1954262581 4.1617209129
3.2170000000 1.6962489662 2.1961392326 4.1621776848
3.2180000000 1.6977925606 2.1968516655 4.1626343117
3.2190000000 1.6993388405 2.1975635414 4.1630908012
3.2200000000 1.7008877831 2.1982748528 4.1635471535
3.2210000000 1.7024393806 2.1989856071 4.1640033607
3.2220000000 1.7039936180 2.1996957970 4.1644594460
3.2230000000 1.7055504875 2.2004054222 4.1649153862
3.2240000000 1.7071099586 2.2011144676 4.1653712044
3.2250000000 1.7086720314 2.2018229408 4.1658269005
3.2260000000 1.7102366905 2.2025308266 4.1662824669
3.2270000000 1.7118039131 2.2032381325 4.1667379112
3.2280000000 1.7133736916 2.2039448586 4.1671932335
3.2290000000 1.7149460106 2.2046509819 4.1676484413
3.2300000000 1.7165208626 2.2053565102 4.1681035347
3.2310000000 1.7180982323 2.2060614433 4.1685585136
3.2320000000 1.7196781044 2.2067657661 4.1690133858
3.2330000000 1.7212604561 2.2074694862 4.1694681511
3.2340000000 1.7228452950 2.2081725960 4.1699228096
3.2350000000 1.7244325981 2.2088750801 4.1703773613
3.2360000000 1.7260223427 2.2095769539 4.1708318138
3.2370000000 1.7276145363 2.2102781944 4.1712861748
3.2380000000 1.7292091560 2.2109788094 4.1717404366
3.2390000000 1.7308061867 2.2116787910 4.1721946068
3.2400000000 1.7324056206 2.2123781395 4.1726486855
3.2410000000 1.7340074501 2.2130768394 4.1731026802
3.2420000000 1.7356116600 2.2137748909 4.1735565834
3.2430000000 1.7372182350 2.2144722939 4.1740104103
3.2440000000 1.7388271675 2.2151690407 4.1744641533
3.2450000000 1.7404384499 2.2158651314 4.1749178200
3.2460000000 1.7420520592 2.2165605507 4.1753714104
3.2470000000 1.7436679955 2.2172553062 4.1758249245
3.2480000000 1.7452862434 2.2179493828 4.1762783699
3.2490000000 1.7469068031 2.2186427879 4.1767317467
3.2500000000 1.7485296440 2.2193354988 4.1771850624
3.2510000000 1.7501547737 2.2200275307 4.1776383095
3.2520000000 1.7517821693 2.2207188606 4.1780914955
3.2530000000 1.7534118233 2.2214094963 4.1785446281
3.2540000000 1.7550437355 2.2220994301 4.1789976997
3.2550000000 1.7566778908 2.2227886543 4.1794507179
3.2560000000 1.7583142738 2.2234771614 4.1799036903
3.2570000000 1.7599528770 2.2241649513 4.1803566170
3.2580000000 1.7615937004 2.2248520164 4.1808094902
3.2590000000 1.7632367210 2.2255383492 4.1812623253
3.2600000000 1.7648819389 2.2262239571 4.1817151146
3.2610000000 1.7665293465 2.2269088173 4.1821678658
3.2620000000 1.7681789284 2.2275929375 4.1826205864
3.2630000000 1.7698306770 2.2282763023 4.1830732689
3.2640000000 1.7714845924 2.2289589119 4.1835259209
3.2650000000 1.7731406517 2.2296407585 4.1839785500
3.2660000000 1.7747988625 2.2303218346 4.1844311485
3.2670000000 1.7764592018 2.2310021400 4.1848837242
3.2680000000 1.7781216774 2.2316816673 4.1853362770
3.2690000000 1.7797862663 2.2323604088 4.1857888145
3.2700000000 1.7814529762 2.2330383644 4.1862413368
3.2710000000 1.7831217842 2.2337155190 4.1866938362
3.2720000000 1.7847926903 2.2343918724 4.1871463356
3.2730000000 1.7864656868 2.2350674095 4.1875988197
3.2740000000 1.7881407738 2.2357421379 4.1880513039
3.2750000000 1.7898179359 2.2364160423 4.1885037804
3.2760000000 1.7914971657 2.2370891228 4.1889562569
3.2770000000 1.7931784630 2.2377613716 4.1894087334
3.2780000000 1.7948618126 2.2384327736 4.1898612099
3.2790000000 1.7965472221 2.2391033287 4.1903136940
3.2800000000 1.7982346687 2.2397730293 4.1907661934
3.2810000000 1.7999241600 2.2404418755 4.1912187004
3.2820000000 1.8016156883 2.2411098518 4.1916712227
3.2830000000 1.8033092461 2.2417769585 4.1921237526
3.2840000000 1.8050048180 2.2424431801 4.1925763130
3.2850000000 1.8067024193 2.2431085091 4.1930288887
3.2860000000 1.8084020271 2.2437729530 4.1934814873
3.2870000000 1.8101036415 2.2444364891 4.1939341087
3.2880000000 1.8118072624 2.2450991173 4.1943867607
3.2890000000 1.8135128822 2.2457608299 4.1948394508
3.2900000000 1.8152205009 2.2464216194 4.1952921638
3.2910000000 1.8169301033 2.2470814781 4.1957449226
3.2920000000 1.8186416969 2.2477403984 4.1961977119
3.2930000000 1.8203552666 2.2483983727 4.1966505394
3.2940000000 1.8220708199 2.2490553932 4.1971034203
3.2950000000 1.8237883492 2.2497114525 4.1975563393
3.2960000000 1.8255078468 2.2503665428 4.1980093040
3.2970000000 1.8272293205 2.2510206490 4.1984623222
3.2980000000 1.8289527550 2.2516737709 4.1989153938
3.2990000000 1.8306781502 2.2523259087 4.1993685265
3.3000000000 1.8324055061 2.2529770317 4.1998217049
3.3010000000 1.8341348228 2.2536271477 4.2002749519
3.3020000000 1.8358660927 2.2542762489 4.2007282600
3.3030000000 1.8375993156 2.2549243202 4.2011816292
3.3040000000 1.8393344917 2.2555713539 4.2016350670
3.3050000000 1.8410716209 2.2562173424 4.2020885735
3.3060000000 1.8428106956 2.2568622780 4.2025421562
3.3070000000 1.8445517159 2.2575061455 4.2029958153
3.3080000000 1.8462946815 2.2581489449 4.2034495430
3.3090000000 1.8480395927 2.2587906609 4.2039033546
3.3100000000 1.8497864418 2.2594312859 4.2043572502
3.3110000000 1.8515352440 2.2600708046 4.2048112221
3.3120000000 1.8532859840 2.2607092171 4.2052652855
3.3130000000 1.8550386696 2.2613465157 4.2057194405
3.3140000000 1.8567932930 2.2619826775 4.2061736794
3.3150000000 1.8585498619 2.2626176949 4.2066280174
3.3160000000 1.8603083763 2.2632515678 4.2070824547
3.3170000000 1.8620688362 2.2638842812 4.2075369835
3.3180000000 1.8638312416 2.2645158195 4.2079916115
3.3190000000 1.8655955849 2.2651461754 4.2084463463
3.3200000000 1.8673618813 2.2657753410 4.2089011879
3.3210000000 1.8691301308 2.2664033012 4.2093561363
3.3220000000 1.8709003258 2.2670300484 4.2098111916
3.3230000000 1.8726724663 2.2676555672 4.2102663612
3.3240000000 1.8744465675 2.2682798500 4.2107216454
3.3250000000 1.8762226295 2.2689028893 4.2111770439
3.3260000000 1.8780006447 2.2695246620 4.2116325645
3.3270000000 1.8797806282 2.2701451607 4.2120882072
3.3280000000 1.8815625725 2.2707643776 4.2125439720
3.3290000000 1.8833464928 2.2713823051 4.2129998589
3.3300000000 1.8851323738 2.2719989128 4.2134558754
3.3310000000 1.8869202385 2.2726142082 4.2139120293
3.3320000000 1.8887100868 2.2732281609 4.2143683128
3.3330000000 1.8905019112 2.2738407707 4.2148247337
3.3340000000 1.8922957344 2.2744520226 4.2152812843
3.3350000000 1.8940915413 2.2750619011 4.2157379799
3.3360000000 1.8958893547 2.2756703911 4.2161948204
3.3370000000 1.8976891670 2.2762774849 4.2166517982
3.3380000000 1.8994909935 2.2768831596 4.2171089287
3.3390000000 1.9012948341 2.2774874077 4.2175662041
3.3400000000 1.9031006966 2.2780902061 4.2180236320
3.3410000000 1.9049085884 2.2786915550 4.2184812126
3.3420000000 1.9067185173 2.2792914314 4.2189389534
3.3430000000 1.9085304832 2.2798898201 4.2193968468
3.3440000000 1.9103445091 2.2804867058 4.2198549004
3.3450000000 1.9121605797 2.2810820732 4.2203131142
3.3460000000 1.9139787254 2.2816759071 4.2207714958
3.3470000000 1.9157989388 2.2822681923 4.2212300377
3.3480000000 1.9176212425 2.2828589134 4.2216887550
3.3490000000 1.9194456291 2.2834480476 4.2221476402
3.3500000000 1.9212721214 2.2840355873 4.2226067009
3.3510000000 1.9231007195 2.2846215096 4.2230659294
3.3520000000 1.9249314384 2.2852057991 4.2235253410
3.3530000000 1.9267642860 2.2857884407 4.2239849358
3.3540000000 1.9285992775 2.2863694038 4.2244447060
3.3550000000 1.9304364204 2.2869486885 4.2249046593
3.3560000000 1.9322757225 2.2875262718 4.2253648033
3.3570000000 1.9341172066 2.2881021233 4.2258251305
3.3580000000 1.9359608727 2.2886762352 4.2262856483
3.3590000000 1.9378067360 2.2892485771 4.2267463570
3.3600000000 1.9396548119 2.2898191490 4.2272072639
3.3610000000 1.9415051155 2.2903879128 4.2276683693
3.3620000000 1.9433576546 2.2909548454 4.2281296654
3.3630000000 1.9452124519 2.2915199471 4.2285911674
3.3640000000 1.9470695152 2.2920831795 4.2290528679
3.3650000000 1.9489288597 2.2926445198 4.2295147743
3.3660000000 1.9507905006 2.2932039528 4.2299768944
3.3670000000 1.9526544609 2.2937614555 4.2304392128
3.3680000000 1.9545207481 2.2943170128 4.2309017448
3.3690000000 1.9563893852 2.2948705864 4.2313644905
3.3700000000 1.9582603798 2.2954221535 4.2318274498
3.3710000000 1.9601337624 2.2959717064 4.2322906303
3.3720000000 1.9620095406 2.2965191994 4.2327540245
3.3730000000 1.9638877449 2.2970646248 4.2332176399
3.3740000000 1.9657683830 2.2976079445 4.2336814842
3.3750000000 1.9676514778 2.2981491432 4.2341455421
3.3760000000 1.9695370522 2.2986881905 4.2346098366
3.3770000000 1.9714251289 2.2992250557 4.2350743523
3.3780000000 1.9733157234 2.2997597160 4.2355391045
3.3790000000 1.9752088661 2.3002921410 4.2360040855
3.3800000000 1.9771045723 2.3008223000 4.2364693031
3.3810000000 1.9790028725 2.3013501625 4.2369347572
3.3820000000 1.9809037819 2.3018757133 4.2374004478
3.3830000000 1.9828073311 2.3023988991 4.2378663826
3.3840000000 1.9847135429 2.3029197044 4.2383325539
3.3850000000 1.9866224480 2.3034380989 4.2387989693
3.3860000000 1.9885340691 2.3039540367 4.2392656364
3.3870000000 1.9904484367 2.3044674950 4.2397325478
3.3880000000 1.9923655739 2.3049784431 4.2401997032
3.3890000000 1.9942855186 2.3054868355 4.2406671181
3.3900000000 1.9962082939 2.3059926414 4.2411347847
3.3910000000 1.9981339302 2.3064958305 4.2416027031
3.3920000000 2.0000624657 2.3069963570 4.2420708809
3.3930000000 2.0019939232 2.3074941902 4.2425393181
3.3940000000 2.0039283409 2.3079892921 4.2430080147
3.3950000000 2.0058657570 2.3084816170 4.2434769783
3.3960000000 2.0078062019 2.3089711266 4.2439462013
3.3970000000 2.0097497139 2.3094577827 4.2444156914
3.3980000000 2.0116963234 2.3099415321 4.2448854485
3.3990000000 2.0136460838 2.3104223518 4.2453554802
3.4000000000 2.0155990181 2.3109001808 4.2458257790
3.4010000000 2.0175551796 2.3113749809 4.2462963524
3.4020000000 2.0195145988 2.3118466988 4.2467671928
3.4030000000 2.0214773293 2.3123152962 4.2472383232
3.4040000000 2.0234434090 2.3127807198 4.2477097206
3.4050000000 2.0254128838 2.3132429237 4.2481814079
3.4060000000 2.0273858070 2.3137018471 4.2486533699
3.4070000000 2.0293622169 2.3141574440 4.2491256142
3.4080000000 2.0313421593 2.3146096611 4.2495981483
3.4090000000 2.0333257027 2.3150584373 4.2500709648
3.4100000000 2.0353128777 2.3155037270 4.2505440712
3.4110000000 2.0373037605 2.3159454613 4.2510174751
3.4120000000 2.0392983894 2.3163835793 4.2514911613
3.4130000000 2.0412968330 2.3168180351 4.2519651451
3.4140000000 2.0432991371 2.3172487450 4.2524394264
3.4150000000 2.0453053780 2.3176756554 4.2529139976
3.4160000000 2.0473156013 2.3180986977 4.2533888741
3.4170000000 2.0493298912 2.3185178032 4.2538640480
3.4180000000 2.0513483009 2.3189329033 4.2543395195
3.4190000000 2.0533708992 2.3193439217 4.2548152962
3.4200000000 2.0553977623 2.3197507820 4.2552913780
3.4210000000 2.0574289589 2.3201534157 4.2557677727
3.4220000000 2.0594645653 2.3205517387 4.2562444649
3.4230000000 2.0615046577 2.3209456596 4.2567214699
3.4240000000 2.0635493279 2.3213351097 4.2571987877
3.4250000000 2.0655986443 2.3217199898 4.2576764183
3.4260000000 2.0676526985 2.3221002159 4.2581543617
3.4270000000 2.0697115822 2.3224756966 4.2586326256
3.4280000000 2.0717753868 2.3228463325 4.2591112022
3.4290000000 2.0738442039 2.3232120323 4.2595900917
3.4300000000 2.0759181328 2.3235726814 4.2600693092
3.4310000000 2.0779972725 2.3239281807 4.2605488472
3.4320000000 2.0800817375 2.3242784233 4.2610287056
3.4330000000 2.0821716270 2.3246232948 4.2615088844
3.4340000000 2.0842670631 2.3249626808 4.2619893913
3.4350000000 2.0863681602 2.3252964516 4.2624702339
3.4360000000 2.0884750404 2.3256244850 4.2629513969
3.4370000000 2.0905878334 2.3259466591 4.2634328957
3.4380000000 2.0927066612 2.3262628288 4.2639147148
3.4390000000 2.0948316689 2.3265728569 4.2643968773
3.4400000000 2.0969629936 2.3268766060 4.2648793755
3.4410000000 2.0991007881 2.3271739159 4.2653622017
3.4420000000 2.1012451973 2.3274646263 4.2658453712
3.4430000000 2.1033963966 2.3277485847 4.2663288765
3.4440000000 2.1055545387 2.3280256081 4.2668127174
3.4450000000 2.1077198067 2.3282955360 4.2672969017
3.4460000000 2.1098923836 2.3285581703 4.2677814293
3.4470000000 2.1120724449 2.3288133202 4.2682663078
3.4480000000 2.1142602043 2.3290607872 4.2687515221
3.4490000000 2.1164558525 2.3293003654 4.2692370872
3.4500000000 2.1186596260 2.3295318260 4.2697229958
3.4510000000 2.1208717384 2.3297549477 4.2702092552
3.4520000000 2.1230924263 2.3299694862 4.2706958656
3.4530000000 2.1253219490 2.3301751900 4.2711828270
3.4540000000 2.1275605507 2.3303717918 4.2716701469
3.4550000000 2.1298085213 2.3305590248 4.2721578102
3.4560000000 2.1320661507 2.3307365837 4.2726458321
3.4570000000 2.1343337288 2.3309041710 4.2731342125
3.4580000000 2.1366115913 2.3310614586 4.2736229515
3.4590000000 2.1389000587 2.3312081108 4.2741120491
3.4600000000 2.1411994972 2.3313437691 4.2746015053
3.4610000000 2.1435102882 2.3314680443 4.2750913277
3.4620000000 2.1458328209 2.3315805473 4.2755815086
3.4630000000 2.1481675224 2.3316808510 4.2760720482
3.4640000000 2.1505148430 2.3317684975 4.2765629616
3.4650000000 2.1528752556 2.3318430138 4.2770542336
3.4660000000 2.1552492638 2.3319038963 4.2775458717
3.4670000000 2.1576374092 2.3319505882 4.2780378838
3.4680000000 2.1600402718 2.3319825249 4.2785302620
3.4690000000 2.1624584618 2.3319990807 4.2790230141
3.4700000000 2.1648926506 2.3319995918 4.2795161324
3.4710000000 2.1673435326 2.3319833488 4.2800096321
3.4720000000 2.1698118706 2.3319495964 4.2805034981
3.4730000000 2.1722984886 2.3318975029 4.2809977379
3.4740000000 2.1748042793 2.3318261833 4.2814923592
3.4750000000 2.1773301964 2.3317346687 4.2819873543
3.4760000000 2.1798772774 2.3316219292 4.2824827232
3.4770000000 2.1824466591 2.3314868202 4.2829784813
3.4780000000 2.1850395699 2.3313281059 4.2834746132
3.4790000000 2.1876573830 2.3311444206 4.2839711266
3.4800000000 2.1903015709 2.3309342918 4.2844680214
3.4810000000 2.1929737740 2.3306960640 4.2849652977
3.4820000000 2.1956758232 2.3304279213 4.2854629631
3.4830000000 2.1984097176 2.3301278419 4.2859610100
3.4840000000 2.2011777306 2.3297935753 4.2864594383
3.4850000000 2.2039823875 2.3294225731 4.2869582634
3.4860000000 2.2068265419 2.3290119820 4.2874574699
3.4870000000 2.2097134514 2.3285585518 4.2879570656
3.4880000000 2.2126468239 2.3280585670 4.2884570503
3.4890000000 2.2156309471 2.3275077477 4.2889574318
3.4900000000 2.2186707878 2.3269011116 4.2894582024
3.4910000000 2.2217721901 2.3262328148 4.2899593620
3.4920000000 2.2249420815 2.3254959373 4.2904609184
3.4930000000 2.2281887779 2.3246821480 4.2909628639
3.4940000000 2.2315224419 2.3237812996 4.2914652138
3.4950000000 2.2349556389 2.3227808037 4.2919679527
3.4960000000 2.2385043068 2.3216647377 4.2924710884
3.4970000000 2.2421890984 2.3204124413 4.2929746284
3.4980000000 2.2460376472 2.3189962730 4.2934785576
3.4990000000 2.2500883980 2.3173778038 4.2939828911
3.5000000000 2.2543975716 2.3155007973 4.2944876289
3.5010000000 2.2590535088 2.3132769127 4.2949927635
3.5020000000 2.2642101555 2.3105522041 4.2954983025
3.5030000000 2.2701863060 2.3070078697 4.2960042381
3.5040000000 2.2779290962 2.3016967812 4.2965105858
