1.5390000000 0.0465517464 0.8586558876 1.4227691002 2.4574094963 3.0600937386
1.5400000000 0.0463856163 0.8593228035 1.4234272881 2.4577524605 3.0606518440
1.5410000000 0.0462301521 0.8599892082 1.4240854225 2.4580954018 3.0612100792
1.5420000000 0.0460854759 0.8606551704 1.4247435036 2.4584383278 3.0617684364
1.5430000000 0.0459517021 0.8613207588 1.4254015236 2.4587812309 3.0623269310
1.5440000000 0.0458289375 0.8619860115 1.4260594749 2.4591241188 3.0628855553
1.5450000000 0.0457172813 0.8626509590 1.4267173729 2.4594669838 3.0634443092
1.5460000000 0.0456168327 0.8633156319 1.4273752022 2.4598098335 3.0640032005
1.5470000000 0.0455276756 0.8639800529 1.4280329628 2.4601526604 3.0645622139
1.5480000000 0.0454498940 0.8646442375 1.4286906548 2.4604954567 3.0651213646
1.5490000000 0.0453835411 0.8653082161 1.4293482704 2.4608382378 3.0656806450
1.5500000000 0.0453287010 0.8659719887 1.4300058174 2.4611809959 3.0662400551
1.5510000000 0.0452854118 0.8666355782 1.4306632805 2.4615237312 3.0667995949
1.5520000000 0.0452537270 0.8672989845 1.4313206749 2.4618664436 3.0673592644
1.5530000000 0.0452336845 0.8679622307 1.4319779854 2.4622091255 3.0679190636
1.5540000000 0.0452253075 0.8686253166 1.4326352043 2.4625517845 3.0684790001
1.5550000000 0.0452286110 0.8692882500 1.4332923470 2.4628944130 3.0690390663
1.5560000000 0.0452436028 0.8699510460 1.4339493980 2.4632370186 3.0695992622
1.5570000000 0.0452702980 0.8706137123 1.4346063652 2.4635795937 3.0701595879
1.5580000000 0.0453086662 0.8712762413 1.4352632332 2.4639221382 3.0707200508
1.5590000000 0.0453587074 0.8719386482 1.4359200096 2.4642646523 3.0712806435
1.5600000000 0.0454203911 0.8726009407 1.4365766869 2.4646071434 3.0718413658
1.5610000000 0.0454936714 0.8732631187 1.4372332649 2.4649495964 3.0724022179
1.5620000000 0.0455785179 0.8739251900 1.4378897438 2.4652920189 3.0729632072
1.5630000000 0.0456748619 0.8745871620 1.4385461235 2.4656344109 3.0735243187
1.5640000000 0.0457826576 0.8752490273 1.4392023888 2.4659767647 3.0740855675
1.5650000000 0.0459018211 0.8759107933 1.4398585548 2.4663190880 3.0746469536
1.5660000000 0.0460322838 0.8765724754 1.4405145988 2.4666613808 3.0752084694
1.5670000000 0.0461739540 0.8772340584 1.4411705360 2.4670036354 3.0757701149
1.5680000000 0.0463267479 0.8778955574 1.4418263588 2.4673458519 3.0763318901
1.5690000000 0.0464905586 0.8785569725 1.4424820595 2.4676880302 3.0768938026
1.5700000000 0.0466652946 0.8792183113 1.4431376457 2.4680301704 3.0774558449
1.5710000000 0.0468508263 0.8798795662 1.4437931023 2.4683722725 3.0780180168
1.5720000000 0.0470470467 0.8805407448 1.4444484367 2.4687143364 3.0785803261
1.5730000000 0.0472538261 0.8812018471 1.4451036491 2.4690563622 3.0791427650
1.5740000000 0.0474710426 0.8818628807 1.4457587242 2.4693983498 3.0797053337
1.5750000000 0.0476985664 0.8825238457 1.4464136696 2.4697402916 3.0802680397
1.5760000000 0.0479362526 0.8831847343 1.4470684776 2.4700821877 3.0808308754
1.5770000000 0.0481839638 0.8838455620 1.4477231483 2.4704240456 3.0813938408
1.5780000000 0.0484415550 0.8845063286 1.4483776817 2.4707658577 3.0819569435
1.5790000000 0.0487088814 0.8851670265 1.4490320702 2.4711076241 3.0825201836
1.5800000000 0.0489857903 0.8858276711 1.4496863136 2.4714493523 3.0830835533
1.5810000000 0.0492721367 0.8864882469 1.4503404121 2.4717910271 3.0836470528
1.5820000000 0.0495677528 0.8871487694 1.4509943581 2.4721326561 3.0842106819
1.5830000000 0.0498725014 0.8878092384 1.4516481514 2.4724742393 3.0847744560
1.5840000000 0.0501862068 0.8884696465 1.4523017845 2.4728157692 3.0853383522
1.5850000000 0.0505087242 0.8891300011 1.4529552650 2.4731572533 3.0859023857
1.5860000000 0.0508398857 0.8897903099 1.4536085854 2.4734986839 3.0864665565
1.5870000000 0.0511795311 0.8904505577 1.4542617378 2.4738400688 3.0870308571
1.5880000000 0.0515275154 0.8911107597 1.4549147301 2.4741814003 3.0875952873
1.5890000000 0.0518836632 0.8917709084 1.4555675545 2.4745226784 3.0881598549
1.5900000000 0.0522478294 0.8924310112 1.4562202034 2.4748639030 3.0887245598
1.5910000000 0.0526198463 0.8930910683 1.4568726768 2.4752050743 3.0892893944
1.5920000000 0.0529995537 0.8937510796 1.4575249748 2.4755461845 3.0898543587
1.5930000000 0.0533868141 0.8944110451 1.4581770973 2.4758872414 3.0904194679
1.5940000000 0.0537814522 0.8950709648 1.4588290291 2.4762282448 3.0909846992
1.5950000000 0.0541833153 0.8957308388 1.4594807854 2.4765691948 3.0915500755
1.5960000000 0.0545922661 0.8963906670 1.4601323509 2.4769100761 3.0921155739
1.5970000000 0.0550081444 0.8970504570 1.4607837181 2.4772509041 3.0926812172
1.5980000000 0.0554308052 0.8977102089 1.4614349022 2.4775916710 3.0932469902
1.5990000000 0.0558601036 0.8983699150 1.4620858879 2.4779323769 3.0938128929
1.6000000000 0.0562958870 0.8990295830 1.4627366676 2.4782730217 3.0943789406
1.6010000000 0.0567380257 0.8996892128 1.4633872566 2.4786136055 3.0949451180
1.6020000000 0.0571863594 0.9003488045 1.4640376320 2.4789541206 3.0955114250
1.6030000000 0.0576407738 0.9010083580 1.4646878014 2.4792945747 3.0960778694
1.6040000000 0.0581011162 0.9016678734 1.4653377647 2.4796349602 3.0966444511
1.6050000000 0.0585672646 0.9023273506 1.4659875069 2.4799752846 3.0972111626
1.6060000000 0.0590390816 0.9029867973 1.4666370354 2.4803155403 3.0977780190
1.6070000000 0.0595164375 0.9036462059 1.4672863503 2.4806557274 3.0983449974
1.6080000000 0.0599992180 0.9043055763 1.4679354362 2.4809958458 3.0989121208
1.6090000000 0.0604872856 0.9049649162 1.4685842934 2.4813358955 3.0994793739
1.6100000000 0.0609805260 0.9056242256 1.4692329292 2.4816758766 3.1000467644
1.6110000000 0.0614788170 0.9062834969 1.4698813286 2.4820157814 3.1006142921
1.6120000000 0.0619820518 0.9069427299 1.4705294991 2.4823556175 3.1011819496
1.6130000000 0.0624901085 0.9076019402 1.4711774254 2.4826953773 3.1017497444
1.6140000000 0.0630028877 0.9082611122 1.4718251152 2.4830350685 3.1023176765
1.6150000000 0.0635202675 0.9089202538 1.4724725609 2.4833746758 3.1028857460
1.6160000000 0.0640421486 0.9095793648 1.4731197548 2.4837142143 3.1034539452
1.6170000000 0.0645684242 0.9102384453 1.4737666969 2.4840536766 3.1040222893
1.6180000000 0.0650989952 0.9108974953 1.4744133949 2.4843930550 3.1045907631
1.6190000000 0.0656337700 0.9115565224 1.4750598259 2.4847323647 3.1051593742
1.6200000000 0.0661726418 0.9122155113 1.4757060051 2.4850715828 3.1057281151
1.6210000000 0.0667155190 0.9128744698 1.4763519173 2.4854107323 3.1062970009
1.6220000000 0.0672623100 0.9135334053 1.4769975624 2.4857497902 3.1068660164
1.6230000000 0.0678129311 0.9141923103 1.4776429329 2.4860887718 3.1074351692
1.6240000000 0.0683672905 0.9148511848 1.4782880363 2.4864276695 3.1080044670
1.6250000000 0.0689253044 0.9155100365 1.4789328575 2.4867664757 3.1085738945
1.6260000000 0.0694868889 0.9161688576 1.4795774040 2.4871052055 3.1091434517
1.6270000000 0.0700519600 0.9168276558 1.4802216606 2.4874438438 3.1097131538
1.6280000000 0.0706204414 0.9174864235 1.4808656349 2.4877823982 3.1102829933
1.6290000000 0.0711922569 0.9181451607 1.4815093193 2.4881208687 3.1108529701
1.6300000000 0.0717673302 0.9188038750 1.4821527061 2.4884592476 3.1114230766
1.6310000000 0.0723455925 0.9194625664 1.4827957954 2.4887975273 3.1119933281
1.6320000000 0.0729269676 0.9201212273 1.4834385872 2.4891357231 3.1125637093
1.6330000000 0.0735113869 0.9207798653 1.4840810738 2.4894738274 3.1131342278
1.6340000000 0.0740987892 0.9214384727 1.4847232475 2.4898118401 3.1137048912
1.6350000000 0.0746890984 0.9220970650 1.4853651161 2.4901497612 3.1142756844
1.6360000000 0.0752822533 0.9227556267 1.4860066643 2.4904875832 3.1148466225
1.6370000000 0.0758781929 0.9234141579 1.4866478920 2.4908253059 3.1154176903
1.6380000000 0.0764768562 0.9240726738 1.4872887993 2.4911629372 3.1159888954
1.6390000000 0.0770781898 0.9247311592 1.4879293785 2.4915004692 3.1165602455
1.6400000000 0.0776821251 0.9253896294 1.4885696220 2.4918379021 3.1171317253
1.6410000000 0.0782886162 0.9260480690 1.4892095375 2.4921752357 3.1177033501
1.6420000000 0.0788975945 0.9267064857 1.4898491173 2.4925124702 3.1182751122
1.6430000000 0.0795090218 0.9273648796 1.4904883461 2.4928495979 3.1188470039
1.6440000000 0.0801228371 0.9280232506 1.4911272316 2.4931866264 3.1194190407
1.6450000000 0.0807389946 0.9286815987 1.4917657661 2.4935235481 3.1199912148
1.6460000000 0.0813574333 0.9293399162 1.4924039497 2.4938603630 3.1205635262
1.6470000000 0.0819781227 0.9299982185 1.4930417747 2.4941970787 3.1211359749
1.6480000000 0.0826010017 0.9306564980 1.4936792336 2.4945336800 3.1217085686
1.6490000000 0.0832260323 0.9313147545 1.4943163338 2.4948701820 3.1222812920
1.6500000000 0.0838531685 0.9319729881 1.4949530525 2.4952065697 3.1228541603
1.6510000000 0.0844823570 0.9326311989 1.4955894051 2.4955428429 3.1234271660
1.6520000000 0.0851135750 0.9332893944 1.4962253761 2.4958790092 3.1240003090
1.6530000000 0.0857467613 0.9339475594 1.4968609657 2.4962150688 3.1245735893
1.6540000000 0.0863818932 0.9346057014 1.4974961662 2.4965510063 3.1251470146
1.6550000000 0.0870189171 0.9352638283 1.4981309700 2.4968868370 3.1257205696
1.6560000000 0.0876578026 0.9359219322 1.4987653847 2.4972225456 3.1262942696
1.6570000000 0.0882985115 0.9365800133 1.4993993950 2.4975581398 3.1268681068
1.6580000000 0.0889410057 0.9372380714 1.5000330009 2.4978936119 3.1274420891
1.6590000000 0.0895852470 0.9378961143 1.5006661949 2.4982289696 3.1280162086
1.6600000000 0.0902312126 0.9385541267 1.5012989845 2.4985642128 3.1285904655
1.6610000000 0.0908788567 0.9392121239 1.5019313469 2.4988993263 3.1291648598
1.6620000000 0.0915281487 0.9398701057 1.5025632896 2.4992343178 3.1297393990
1.6630000000 0.0921790581 0.9405280571 1.5031947975 2.4995691948 3.1303140755
1.6640000000 0.0928315620 0.9411859932 1.5038258781 2.4999039421 3.1308888893
1.6650000000 0.0934856148 0.9418439064 1.5044565239 2.5002385597 3.1314638481
1.6660000000 0.0941411934 0.9425017967 1.5050867195 2.5005730553 3.1320389442
1.6670000000 0.0947982750 0.9431596718 1.5057164726 2.5009074211 3.1326141777
1.6680000000 0.0954568214 0.9438175240 1.5063457756 2.5012416573 3.1331895561
1.6690000000 0.0961168098 0.9444753532 1.5069746208 2.5015757713 3.1337650719
1.6700000000 0.0967782173 0.9451331673 1.5076030006 2.5019097481 3.1343407326
1.6710000000 0.0974410057 0.9457909584 1.5082309227 2.5022435875 3.1349165306
1.6720000000 0.0981051598 0.9464487343 1.5088583641 2.5025773048 3.1354924736
1.6730000000 0.0987706566 0.9471064873 1.5094853325 2.5029108772 3.1360685539
1.6740000000 0.0994374580 0.9477642174 1.5101118126 2.5032443199 3.1366447716
1.6750000000 0.1001055565 0.9484219246 1.5107378044 2.5035776253 3.1372211342
1.6760000000 0.1007749214 0.9490796165 1.5113633080 2.5039107857 3.1377976341
1.6770000000 0.1014455223 0.9497372932 1.5119883156 2.5042438164 3.1383742790
1.6780000000 0.1021173515 0.9503949394 1.5126128120 2.5045767021 3.1389510689
1.6790000000 0.1027903786 0.9510525780 1.5132368050 2.5049094429 3.1395279961
1.6800000000 0.1034645805 0.9517101860 1.5138602791 2.5052420464 3.1401050606
1.6810000000 0.1041399422 0.9523677788 1.5144832344 2.5055745049 3.1406822777
1.6820000000 0.1048164406 0.9530253563 1.5151056633 2.5059068184 3.1412596245
1.6830000000 0.1054940529 0.9536829109 1.5157275581 2.5062389793 3.1418371239
1.6840000000 0.1061727715 0.9543404427 1.5163489189 2.5065710030 3.1424147530
1.6850000000 0.1068525581 0.9549979591 1.5169697304 2.5069028664 3.1429925346
1.6860000000 0.1075334129 0.9556554527 1.5175900002 2.5072345848 3.1435704536
1.6870000000 0.1082153130 0.9563129311 1.5182097054 2.5075661583 3.1441485176
1.6880000000 0.1088982353 0.9569703865 1.5188288536 2.5078975716 3.1447267189
1.6890000000 0.1095821648 0.9576278267 1.5194474297 2.5082288322 3.1453050728
1.6900000000 0.1102670784 0.9582852440 1.5200654335 2.5085599327 3.1458835564
1.6910000000 0.1109529762 0.9589426460 1.5206828575 2.5088908882 3.1464621925
1.6920000000 0.1116398277 0.9596000252 1.5212996941 2.5092216759 3.1470409660
1.6930000000 0.1123276253 0.9602573814 1.5219159355 2.5095523109 3.1476198845
1.6940000000 0.1130163460 0.9609147224 1.5225315819 2.5098827782 3.1481989479
1.6950000000 0.1137059746 0.9615720482 1.5231466103 2.5102130928 3.1487781487
1.6960000000 0.1143965111 0.9622293510 1.5237610359 2.5105432396 3.1493575020
1.6970000000 0.1150879250 0.9628866310 1.5243748360 2.5108732262 3.1499369926
1.6980000000 0.1157802010 0.9635438957 1.5249880104 2.5112030449 3.1505166283
1.6990000000 0.1164733391 0.9642011452 1.5256005516 2.5115326958 3.1510964012
1.7000000000 0.1171673164 0.9648583641 1.5262124443 2.5118621788 3.1516763268
1.7010000000 0.1178621178 0.9655155754 1.5268236961 2.5121914940 3.1522563896
1.7020000000 0.1185577354 0.9661727638 1.5274342918 2.5125206337 3.1528365974
1.7030000000 0.1192541618 0.9668299294 1.5280442238 2.5128496056 3.1534169502
1.7040000000 0.1199513664 0.9674870796 1.5286534767 2.5131784019 3.1539974480
1.7050000000 0.1206493568 0.9681442070 1.5292620583 2.5135070305 3.1545780907
1.7060000000 0.1213481102 0.9688013191 1.5298699532 2.5138354759 3.1551588783
1.7070000000 0.1220476112 0.9694584160 1.5304771538 2.5141637459 3.1557398033
1.7080000000 0.1227478600 0.9701154823 1.5310836525 2.5144918327 3.1563208809
1.7090000000 0.1234488411 0.9707725410 1.5316894417 2.5148197441 3.1569021034
1.7100000000 0.1241505394 0.9714295692 1.5322945137 2.5151474800 3.1574834633
1.7110000000 0.1248529396 0.9720865898 1.5328988609 2.5154750252 3.1580649757
1.7120000000 0.1255560493 0.9727435799 1.5335024681 2.5158023872 3.1586466255
1.7130000000 0.1262598381 0.9734005623 1.5341053352 2.5161295662 3.1592284279
1.7140000000 0.1269643059 0.9740575142 1.5347074547 2.5164565544 3.1598103676
1.7150000000 0.1276694450 0.9747144585 1.5353088112 2.5167833519 3.1603924599
1.7160000000 0.1283752403 0.9753713722 1.5359093971 2.5171099663 3.1609746971
1.7170000000 0.1290816841 0.9760282707 1.5365092049 2.5174363823 3.1615570793
1.7180000000 0.1297887688 0.9766851540 1.5371082268 2.5177626152 3.1621395988
1.7190000000 0.1304964790 0.9773420143 1.5377064476 2.5180886497 3.1627222710
1.7200000000 0.1312048073 0.9779988594 1.5383038673 2.5184144859 3.1633050880
1.7210000000 0.1319137535 0.9786556816 1.5389004631 2.5187401237 3.1638880577
1.7220000000 0.1326232948 0.9793124809 1.5394962425 2.5190655632 3.1644711647
1.7230000000 0.1333334389 0.9799692650 1.5400911827 2.5193908119 3.1650544243
1.7240000000 0.1340441628 0.9806260338 1.5406852760 2.5197158470 3.1656378212
1.7250000000 0.1347554665 0.9812827797 1.5412785149 2.5200406837 3.1662213707
1.7260000000 0.1354673347 0.9819395027 1.5418708839 2.5203653221 3.1668050652
1.7270000000 0.1361797676 0.9825962105 1.5424623833 2.5206897469 3.1673889122
1.7280000000 0.1368927574 0.9832528954 1.5430529900 2.5210139656 3.1679728966
1.7290000000 0.1376062889 0.9839095650 1.5436426964 2.5213379784 3.1685570335
1.7300000000 0.1383203621 0.9845662117 1.5442314949 2.5216617775 3.1691413155
1.7310000000 0.1390349617 0.9852228355 1.5448193703 2.5219853706 3.1697257500
1.7320000000 0.1397500877 0.9858794441 1.5454063148 2.5223087425 3.1703103294
1.7330000000 0.1404657249 0.9865360374 1.5459923134 2.5226319008 3.1708950539
1.7340000000 0.1411818810 0.9871926003 1.5465773582 2.5229548454 3.1714799232
1.7350000000 0.1418985329 0.9878491554 1.5471614342 2.5232775764 3.1720649452
1.7360000000 0.1426156807 0.9885056801 1.5477445259 2.5236000786 3.1726501122
1.7370000000 0.1433333244 0.9891621895 1.5483266258 2.5239223671 3.1732354317
1.7380000000 0.1440514412 0.9898186836 1.5489077187 2.5242444267 3.1738208885
1.7390000000 0.1447700386 0.9904751549 1.5494877968 2.5245662651 3.1744065056
1.7400000000 0.1454891090 0.9911316032 1.5500668373 2.5248878746 3.1749922676
1.7410000000 0.1462086372 0.9917880287 1.5506448250 2.5252092628 3.1755781746
1.7420000000 0.1469286232 0.9924444389 1.5512217598 2.5255304146 3.1761642342
1.7430000000 0.1476490669 0.9931008339 1.5517976112 2.5258513374 3.1767504387
1.7440000000 0.1483699532 0.9937572060 1.5523723793 2.5261720314 3.1773367882
1.7450000000 0.1490912743 0.9944135551 1.5529460411 2.5264924889 3.1779232979
1.7460000000 0.1498130302 0.9950698814 1.5535185890 2.5268127098 3.1785099449
1.7470000000 0.1505352211 0.9957261925 1.5540899925 2.5271326942 3.1790967522
1.7480000000 0.1512578316 0.9963824806 1.5546602516 2.5274524422 3.1796836967
1.7490000000 0.1519808540 0.9970387535 1.5552293358 2.5277719460 3.1802708015
1.7500000000 0.1527042961 0.9976950035 1.5557972450 2.5280912132 3.1808580513
1.7510000000 0.1534281425 0.9983512306 1.5563639488 2.5284102287 3.1814454460
1.7520000000 0.1541523933 0.9990074425 1.5569294319 2.5287290077 3.1820330009
1.7530000000 0.1548770332 0.9996636314 1.5574936790 2.5290475273 3.1826207008
1.7540000000 0.1556020699 1.0003197975 1.5580566826 2.5293658104 3.1832085457
1.7550000000 0.1563274879 1.0009759407 1.5586184044 2.5296838341 3.1837965431
1.7560000000 0.1570532951 1.0016320686 1.5591788368 2.5300016060 3.1843846931
1.7570000000 0.1577794762 1.0022881737 1.5597379646 2.5303191261 3.1849729958
1.7580000000 0.1585060234 1.0029442635 1.5602957573 2.5306363945 3.1855614433
1.7590000000 0.1592329445 1.0036003227 1.5608521996 2.5309533958 3.1861500435
1.7600000000 0.1599602242 1.0042563667 1.5614072685 2.5312701454 3.1867387962
1.7610000000 0.1606878624 1.0049123955 1.5619609413 2.5315866280 3.1873277016
1.7620000000 0.1614158592 1.0055683937 1.5625132027 2.5319028511 3.1879167519
1.7630000000 0.1621441994 1.0062243767 1.5630640297 2.5322188148 3.1885059624
1.7640000000 0.1628728905 1.0068803368 1.5636133919 2.5325345039 3.1890953178
1.7650000000 0.1636019173 1.0075362740 1.5641612663 2.5328499260 3.1896848259
1.7660000000 0.1643312874 1.0081921959 1.5647076378 2.5331650810 3.1902744865
1.7670000000 0.1650609856 1.0088480949 1.5652524681 2.5334799614 3.1908642921
1.7680000000 0.1657910118 1.0095039711 1.5657957420 2.5337945671 3.1914542580
1.7690000000 0.1665213585 1.0101598244 1.5663374290 2.5341088982 3.1920443687
1.7700000000 0.1672520332 1.0108156548 1.5668774986 2.5344229546 3.1926346397
1.7710000000 0.1679830208 1.0114714699 1.5674159279 2.5347367287 3.1932250557
1.7720000000 0.1687143211 1.0121272621 1.5679526863 2.5350502281 3.1938156319
1.7730000000 0.1694459267 1.0127830315 1.5684877357 2.5353634377 3.1944063530
1.7740000000 0.1701778450 1.0134387779 1.5690210533 2.5356763649 3.1949972343
1.7750000000 0.1709100609 1.0140945015 1.5695526085 2.5359890022 3.1955882607
1.7760000000 0.1716425743 1.0147502098 1.5700823631 2.5363013496 3.1961794395
1.7770000000 0.1723753777 1.0154058952 1.5706102791 2.5366134148 3.1967707787
1.7780000000 0.1731084785 1.0160615578 1.5711363335 2.5369251823 3.1973622704
1.7790000000 0.1738418617 1.0167171974 1.5716604805 2.5372366524 3.1979539070
1.7800000000 0.1745755272 1.0173728142 1.5721826820 2.5375478249 3.1985457039
1.7810000000 0.1753094826 1.0180284081 1.5727028999 2.5378587074 3.1991376534
1.7820000000 0.1760437050 1.0186839790 1.5732210960 2.5381692848 3.1997297554
1.7830000000 0.1767782021 1.0193395348 1.5737372246 2.5384795570 3.2003220100
1.7840000000 0.1775129738 1.0199950676 1.5742512398 2.5387895317 3.2009144249
1.7850000000 0.1782480125 1.0206505699 1.5747630959 2.5390991936 3.2015069847
1.7860000000 0.1789833107 1.0213060570 1.5752727547 2.5394085503 3.2020997047
1.7870000000 0.1797188683 1.0219615211 1.5757801552 2.5397175941 3.2026925774
1.7880000000 0.1804546928 1.0226169624 1.5762852440 2.5400263329 3.2032856102
1.7890000000 0.1811907616 1.0232723808 1.5767879753 2.5403347511 3.2038787880
1.7900000000 0.1819270897 1.0239277763 1.5772882881 2.5406428490 3.2044721260
1.7910000000 0.1826636620 1.0245831490 1.5777861214 2.5409506340 3.2050656242
1.7920000000 0.1834004784 1.0252384987 1.5782814140 2.5412580986 3.2056592674
1.7930000000 0.1841375389 1.0258938255 1.5787740974 2.5415652428 3.2062530708
1.7940000000 0.1848748360 1.0265491371 1.5792641106 2.5418720589 3.2068470268
1.7950000000 0.1856123772 1.0272044182 1.5797513771 2.5421785469 3.2074411430
1.7960000000 0.1863501472 1.0278596764 1.5802358208 2.5424847069 3.2080354118
1.7970000000 0.1870881538 1.0285149117 1.5807173576 2.5427905388 3.2086298409
1.7980000000 0.1878263817 1.0291701317 1.5811959038 2.5430960350 3.2092244225
1.7990000000 0.1885648384 1.0298253212 1.5816713676 2.5434011955 3.2098191566
1.8000000000 0.1893035164 1.0304804878 1.5821436577 2.5437060204 3.2104140511
1.8010000000 0.1900424156 1.0311356316 1.5826126671 2.5440105019 3.2110091057
1.8020000000 0.1907815361 1.0317907524 1.5830782890 2.5443146400 3.2116043129
1.8030000000 0.1915208702 1.0324458504 1.5835404091 2.5446184425 3.2121996727
1.8040000000 0.1922604103 1.0331009254 1.5839989052 2.5449218941 3.2127951927
1.8050000000 0.1930001640 1.0337559776 1.5844536324 2.5452249947 3.2133908730
1.8060000000 0.1937401314 1.0344110069 1.5849044456 2.5455277443 3.2139867058
1.8070000000 0.1944802971 1.0350660133 1.5853512077 2.5458301430 3.2145826988
1.8080000000 0.1952206688 1.0357209892 1.5857937279 2.5461321907 3.2151788445
1.8090000000 0.1959612389 1.0363759499 1.5862318230 2.5464338722 3.2157751579
1.8100000000 0.1967020073 1.0370308800 1.5866652946 2.5467352028 3.2163716164
1.8110000000 0.1974429665 1.0376857872 1.5870939217 2.5470361671 3.2169682426
1.8120000000 0.1981841240 1.0383406792 1.5875174522 2.5473367653 3.2175650215
1.8130000000 0.1989254723 1.0389955406 1.5879356041 2.5476369972 3.2181619606
1.8140000000 0.1996670036 1.0396503716 1.5883480721 2.5479368629 3.2187590599
1.8150000000 0.2004087257 1.0403051872 1.5887544975 2.5482363548 3.2193563118
1.8160000000 0.2011506310 1.0409599800 1.5891544762 2.5485354729 3.2199537315
1.8170000000 0.2018927116 1.0416147423 1.5895475426 2.5488342171 3.2205513039
1.8180000000 0.2026349754 1.0422694817 1.5899331474 2.5491325798 3.2211490364
1.8190000000 0.2033774223 1.0429241982 1.5903106270 2.5494305611 3.2217469292
1.8200000000 0.2041200371 1.0435788918 1.5906791954 2.5497281609 3.2223449745
1.8210000000 0.2048628273 1.0442335548 1.5910378456 2.5500253792 3.2229431877
1.8220000000 0.2056057854 1.0448881950 1.5913852882 2.5503222008 3.2235415611
1.8230000000 0.2063489189 1.0455428123 1.5917197838 2.5506186409 3.2241400871
1.8240000000 0.2070922127 1.0461974068 1.5920387917 2.5509146767 3.2247387733
1.8250000000 0.2078356743 1.0468519707 1.5923382759 2.5512103233 3.2253376274
1.8260000000 0.2085792961 1.0475065193 1.5926102791 2.5515055733 3.2259366341
1.8270000000 0.2093230782 1.0481610374 1.5928224068 2.5518004189 3.2265358086
1.8280000000 0.2100670128 1.0488155251 1.5930514030 2.5520948677 3.2271351357
1.8290000000 0.2108111153 1.0494699974 1.5933326607 2.5523889046 3.2277346306
1.8300000000 0.2115553627 1.0501244392 1.5936431465 2.5526825371 3.2283342781
1.8310000000 0.2122997627 1.0507788506 1.5939758034 2.5529757576 3.2289340935
1.8320000000 0.2130443153 1.0514332466 1.5943269234 2.5532685585 3.2295340691
1.8330000000 0.2137890205 1.0520876122 1.5946941338 2.5535609550 3.2301342049
1.8340000000 0.2145338707 1.0527419472 1.5950758095 2.5538529243 3.2307345009
1.8350000000 0.2152788658 1.0533962669 1.5954707222 2.5541444740 3.2313349571
1.8360000000 0.2160239983 1.0540505562 1.5958779259 2.5544355965 3.2319355812
1.8370000000 0.2167692757 1.0547048149 1.5962966576 2.5547262993 3.2325363579
1.8380000000 0.2175146904 1.0553590508 1.5967262840 2.5550165672 3.2331373024
1.8390000000 0.2182602425 1.0560132637 1.5971662941 2.5553064079 3.2337384148
1.8400000000 0.2190059319 1.0566674538 1.5976162300 2.5555958138 3.2343396797
1.8410000000 0.2197517586 1.0573216057 1.5980757103 2.5558847771 3.2349411125
1.8420000000 0.2204977074 1.0579757423 1.5985443840 2.5561733055 3.2355427055
1.8430000000 0.2212437935 1.0586298485 1.5990219536 2.5564613914 3.2361444664
1.8440000000 0.2219900093 1.0592839317 1.5995081520 2.5567490273 3.2367463875
1.8450000000 0.2227363472 1.0599379845 1.6000027428 2.5570362206 3.2373484688
1.8460000000 0.2234828148 1.0605920067 1.6005055046 2.5573229561 3.2379507179
1.8470000000 0.2242293968 1.0612460136 1.6010162392 2.5576092415 3.2385531273
1.8480000000 0.2249761086 1.0618999825 1.6015347557 2.5578950691 3.2391557045
1.8490000000 0.2257229347 1.0625539360 1.6020609093 2.5581804390 3.2397584419
1.8500000000 0.2264698830 1.0632078514 1.6025945244 2.5584653435 3.2403613396
1.8510000000 0.2272169456 1.0638617439 1.6031354713 2.5587497826 3.2409644127
1.8520000000 0.2279641304 1.0645156136 1.6036836128 2.5590337563 3.2415676384
1.8530000000 0.2287114220 1.0651694527 1.6042388268 2.5593172569 3.2421710396
1.8540000000 0.2294588203 1.0658232613 1.6048009911 2.5596002846 3.2427746010
1.8550000000 0.2302063332 1.0664770470 1.6053700066 2.5598828316 3.2433783226
1.8560000000 0.2309539604 1.0671308098 1.6059457664 2.5601648979 3.2439822121
1.8570000000 0.2317016869 1.0677845421 1.6065281792 2.5604464836 3.2445862694
1.8580000000 0.2324495201 1.0684382439 1.6071171379 2.5607275887 3.2451904945
1.8590000000 0.2331974602 1.0690919151 1.6077125740 2.5610081978 3.2457948799
1.8600000000 0.2339454994 1.0697455635 1.6083143959 2.5612883186 3.2463994331
1.8610000000 0.2346936378 1.0703991814 1.6089225349 2.5615679359 3.2470041542
1.8620000000 0.2354418831 1.0710527763 1.6095368996 2.5618470650 3.2476090355
1.8630000000 0.2361902199 1.0717063408 1.6101574364 2.5621256828 3.2482140846
1.8640000000 0.2369386559 1.0723598747 1.6107840691 2.5624038048 3.2488193016
1.8650000000 0.2376871834 1.0730133858 1.6114167366 2.5626814156 3.2494246864
1.8660000000 0.2384358025 1.0736668663 1.6120553703 2.5629585152 3.2500302391
1.8670000000 0.2391845131 1.0743203163 1.6126999168 2.5632351036 3.2506359596
1.8680000000 0.2399333153 1.0749737434 1.6133503151 2.5635111656 3.2512418480
1.8690000000 0.2406822090 1.0756271400 1.6140065117 2.5637867165 3.2518478966
1.8700000000 0.2414311867 1.0762805061 1.6146684532 2.5640617409 3.2524541206
1.8710000000 0.2421802559 1.0769338417 1.6153360863 2.5643362389 3.2530605049
1.8720000000 0.2429294014 1.0775871544 1.6160093651 2.5646102028 3.2536670647
1.8730000000 0.2436786385 1.0782404289 1.6166882439 2.5648836403 3.2542737923
1.8740000000 0.2444279518 1.0788936806 1.6173726692 2.5651565361 3.2548806801
1.8750000000 0.2451773415 1.0795469093 1.6180625954 2.5654288902 3.2554877434
1.8760000000 0.2459268150 1.0802000999 1.6187579918 2.5657007027 3.2560949745
1.8770000000 0.2466763649 1.0808532677 1.6194588051 2.5659719658 3.2567023735
1.8780000000 0.2474259911 1.0815063972 1.6201650047 2.5662426796 3.2573099403
1.8790000000 0.2481756935 1.0821595039 1.6208765373 2.5665128441 3.2579176750
1.8800000000 0.2489254646 1.0828125877 1.6215933800 2.5667824440 3.2585255852
1.8810000000 0.2496753120 1.0834656334 1.6223154869 2.5670514870 3.2591336555
1.8820000000 0.2504252281 1.0841186485 1.6230428200 2.5673199654 3.2597419014
1.8830000000 0.2511752129 1.0847716408 1.6237753410 2.5675878792 3.2603503151
1.8840000000 0.2519252663 1.0854245949 1.6245130348 2.5678552208 3.2609589043
1.8850000000 0.2526753883 1.0860775261 1.6252558479 2.5681219826 3.2615676613
1.8860000000 0.2534255714 1.0867304268 1.6260037498 2.5683881721 3.2621765862
1.8870000000 0.2541758232 1.0873832970 1.6267567253 2.5686537743 3.2627856865
1.8880000000 0.2549261360 1.0880361366 1.6275147285 2.5689187889 3.2633949547
1.8890000000 0.2556765022 1.0886889458 1.6282777290 2.5691832237 3.2640043907
1.8900000000 0.2564269371 1.0893417244 1.6290457039 2.5694470558 3.2646140022
1.8910000000 0.2571774330 1.0899944725 1.6298186226 2.5697102928 3.2652237816
1.8920000000 0.2579279823 1.0906471901 1.6305964622 2.5699729347 3.2658337364
1.8930000000 0.2586785851 1.0912998772 1.6313791847 2.5702349663 3.2664438591
1.8940000000 0.2594292412 1.0919525337 1.6321667671 2.5704963951 3.2670541573
1.8950000000 0.2601799583 1.0926051598 1.6329591866 2.5707572060 3.2676646233
1.8960000000 0.2609307213 1.0932577553 1.6337564125 2.5710174065 3.2682752724
1.8970000000 0.2616815376 1.0939103203 1.6345584297 2.5712769814 3.2688860817
1.8980000000 0.2624324074 1.0945628471 1.6353652077 2.5715359383 3.2694970665
1.8990000000 0.2631833229 1.0952153511 1.6361767159 2.5717942696 3.2701082268
1.9000000000 0.2639342842 1.0958678246 1.6369929390 2.5720519676 3.2707195625
1.9010000000 0.2646852913 1.0965202675 1.6378138542 2.5723090248 3.2713310738
1.9020000000 0.2654363518 1.0971726723 1.6386394386 2.5725654488 3.2719427528
1.9030000000 0.2661874428 1.0978250542 1.6394696617 2.5728212318 3.2725546074
1.9040000000 0.2669385872 1.0984773979 1.6403045158 2.5730763588 3.2731666298
1.9050000000 0.2676897697 1.0991297112 1.6411439705 2.5733308449 3.2737788353
1.9060000000 0.2684409904 1.0997819939 1.6419880104 2.5735846672 3.2743912086
1.9070000000 0.2691922493 1.1004342461 1.6428366051 2.5738378334 3.2750037651
1.9080000000 0.2699435463 1.1010864601 1.6436897469 2.5740903358 3.2756164894
1.9090000000 0.2706948814 1.1017386513 1.6445474129 2.5743421745 3.2762293892
1.9100000000 0.2714462547 1.1023908043 1.6454095802 2.5745933342 3.2768424644
1.9110000000 0.2721976585 1.1030429268 1.6462762337 2.5748438225 3.2774557152
1.9120000000 0.2729490929 1.1036950188 1.6471473503 2.5750936241 3.2780691414
1.9130000000 0.2737005577 1.1043470726 1.6480229149 2.5753427467 3.2786827431
1.9140000000 0.2744520607 1.1049991035 1.6489029121 2.5755911827 3.2792965202
1.9150000000 0.2752035866 1.1056510963 1.6497873268 2.5758389168 3.2799104805
1.9160000000 0.2759551430 1.1063030586 1.6506761360 2.5760859566 3.2805246086
1.9170000000 0.2767067299 1.1069549828 1.6515693245 2.5763322945 3.2811389198
1.9180000000 0.2774583397 1.1076068764 1.6524668694 2.5765779305 3.2817533989
1.9190000000 0.2782099724 1.1082587395 1.6533687706 2.5768228493 3.2823680611
1.9200000000 0.2789616356 1.1089105721 1.6542749977 2.5770670509 3.2829829063
1.9210000000 0.2797133141 1.1095623665 1.6551855431 2.5773105354 3.2835979195
1.9220000000 0.2804650154 1.1102141304 1.6561003914 2.5775532951 3.2842131157
1.9230000000 0.2812167397 1.1108658562 1.6570195274 2.5777953300 3.2848284874
1.9240000000 0.2819684792 1.1115175514 1.6579429283 2.5780366249 3.2854440346
1.9250000000 0.2827202415 1.1121692162 1.6588705940 2.5782771797 3.2860597649
1.9260000000 0.2834720192 1.1128208427 1.6598024940 2.5785169945 3.2866756706
1.9270000000 0.2842238121 1.1134724388 1.6607386284 2.5787560616 3.2872917595
1.9280000000 0.2849756203 1.1141240044 1.6616789818 2.5789943733 3.2879080238
1.9290000000 0.2857274437 1.1147755318 1.6626235313 2.5792319298 3.2885244637
1.9300000000 0.2864792747 1.1154270210 1.6635722771 2.5794687233 3.2891410866
1.9310000000 0.2872311211 1.1160784798 1.6645251961 2.5797047462 3.2897578926
1.9320000000 0.2879829750 1.1167299080 1.6654822807 2.5799399986 3.2903748741
1.9330000000 0.2887348366 1.1173812981 1.6664435158 2.5801744728 3.2909920311
1.9340000000 0.2894867058 1.1180326576 1.6674088860 2.5804081688 3.2916093788
1.9350000000 0.2902385826 1.1186839790 1.6683783913 2.5806410789 3.2922269020
1.9360000000 0.2909904671 1.1193352623 1.6693520164 2.5808731880 3.2928446007
1.9370000000 0.2917423592 1.1199865150 1.6703297386 2.5811045036 3.2934624901
1.9380000000 0.2924942513 1.1206377373 1.6713115578 2.5813350182 3.2940805550
1.9390000000 0.2932461510 1.1212889214 1.6722974663 2.5815647240 3.2946988029
1.9400000000 0.2939980431 1.1219400673 1.6732874413 2.5817936211 3.2953172264
1.9410000000 0.2947499428 1.1225911827 1.6742814827 2.5820216942 3.2959358406
1.9420000000 0.2955018349 1.1232422600 1.6752795677 2.5822489433 3.2965546303
1.9430000000 0.2962537346 1.1238932991 1.6762817039 2.5824753685 3.2971736031
1.9440000000 0.2970056190 1.1245443077 1.6772878685 2.5827009621 3.2977927666
1.9450000000 0.2977575111 1.1251952782 1.6782980537 2.5829257088 3.2984121056
1.9460000000 0.2985093956 1.1258462181 1.6793122597 2.5831496162 3.2990316277
1.9470000000 0.2992612724 1.1264971199 1.6803304634 2.5833726692 3.2996513329
1.9480000000 0.3000131416 1.1271479836 1.6813526649 2.5835948677 3.3002712212
1.9490000000 0.3007649956 1.1277988091 1.6823788567 2.5838162041 3.3008912926
1.9500000000 0.3015168495 1.1284496040 1.6834090233 2.5840366707 3.3015115547
1.9510000000 0.3022686882 1.1291003609 1.6844431572 2.5842562752 3.3021319923
1.9520000000 0.3030205193 1.1297510872 1.6854812508 2.5844749870 3.3027526207
1.9530000000 0.3037723351 1.1304017677 1.6865233040 2.5846928215 3.3033734245
1.9540000000 0.3045241432 1.1310524178 1.6875693016 2.5849097710 3.3039944191
1.9550000000 0.3052759285 1.1317030296 1.6886192360 2.5851258202 3.3046156044
1.9560000000 0.3060277061 1.1323536034 1.6896730995 2.5853409691 3.3052369652
1.9570000000 0.3067794609 1.1330041389 1.6907308922 2.5855552101 3.3058585167
1.9580000000 0.3075312004 1.1336546440 1.6917925911 2.5857685356 3.3064802513
1.9590000000 0.3082829170 1.1343051109 1.6928582115 2.5859809380 3.3071021767
1.9600000000 0.3090346184 1.1349555321 1.6939277229 2.5861924248 3.3077242851
1.9610000000 0.3097862968 1.1356059227 1.6950011406 2.5864029732 3.3083465767
1.9620000000 0.3105379524 1.1362562828 1.6960784416 2.5866125832 3.3089690590
1.9630000000 0.3112895851 1.1369065971 1.6971596336 2.5868212547 3.3095917244
1.9640000000 0.3120411949 1.1375568733 1.6982447014 2.5870289726 3.3102145805
1.9650000000 0.3127927818 1.1382071190 1.6993336372 2.5872357368 3.3108376274
1.9660000000 0.3135443382 1.1388573189 1.7004264412 2.5874415321 3.3114608574
1.9670000000 0.3142958717 1.1395074806 1.7015231133 2.5876463585 3.3120842781
1.9680000000 0.3150473671 1.1401576118 1.7026236382 2.5878502159 3.3127078819
1.9690000000 0.3157988472 1.1408077049 1.7037280083 2.5880530891 3.3133316765
1.9700000000 0.3165502892 1.1414577522 1.7048362312 2.5882549706 3.3139556618
1.9710000000 0.3173016930 1.1421077690 1.7059482918 2.5884558601 3.3145798378
1.9720000000 0.3180530739 1.1427577400 1.7070641899 2.5886557426 3.3152041969
1.9730000000 0.3188044167 1.1434076805 1.7081839180 2.5888546181 3.3158287468
1.9740000000 0.3195557289 1.1440575752 1.7093074837 2.5890524864 3.3164534874
1.9750000000 0.3203070030 1.1447074394 1.7104348640 2.5892493248 3.3170784187
1.9760000000 0.3210582390 1.1453572578 1.7115660667 2.5894451332 3.3177035408
1.9770000000 0.3218094444 1.1460070381 1.7127010918 2.5896399040 3.3183288536
1.9780000000 0.3225606041 1.1466567879 1.7138399239 2.5898336372 3.3189543571
1.9790000000 0.3233117256 1.1473064919 1.7149825706 2.5900263176 3.3195800514
1.9800000000 0.3240628090 1.1479561577 1.7161290245 2.5902179451 3.3202059364
1.9810000000 0.3248138466 1.1486057777 1.7172792778 2.5904085045 3.3208320122
1.9820000000 0.3255648384 1.1492553673 1.7184333305 2.5905979881 3.3214582787
1.9830000000 0.3263157921 1.1499049187 1.7195911827 2.5907863960 3.3220847435
1.9840000000 0.3270667000 1.1505544243 1.7207528343 2.5909737206 3.3227113914
1.9850000000 0.3278175545 1.1512038918 1.7219182777 2.5911599541 3.3233382378
1.9860000000 0.3285683708 1.1518533211 1.7230875053 2.5913450813 3.3239652748
1.9870000000 0.3293191338 1.1525027046 1.7242605324 2.5915290947 3.3245925102
1.9880000000 0.3300698509 1.1531520576 1.7254373360 2.5917120018 3.3252199287
1.9890000000 0.3308205147 1.1538013649 1.7266179314 2.5918937798 3.3258475456
1.9900000000 0.3315711327 1.1544506340 1.7278023109 2.5920744286 3.3264753609
1.9910000000 0.3323216896 1.1550998573 1.7289904671 2.5922539330 3.3271033669
1.9920000000 0.3330722008 1.1557490425 1.7301824074 2.5924323006 3.3277315636
1.9930000000 0.3338226509 1.1563981895 1.7313781319 2.5926095009 3.3283599586
1.9940000000 0.3345730476 1.1570472984 1.7325776329 2.5927855415 3.3289885521
1.9950000000 0.3353233910 1.1576963615 1.7337809105 2.5929604149 3.3296173363
1.9960000000 0.3360736732 1.1583453865 1.7349879646 2.5931341057 3.3302463188
1.9970000000 0.3368239021 1.1589943733 1.7361987953 2.5933066139 3.3308754921
1.9980000000 0.3375740700 1.1596433144 1.7374134102 2.5934779167 3.3315048714
1.9990000000 0.3383241692 1.1602922096 1.7386317940 2.5936480217 3.3321344337
2.0000000000 0.3390742149 1.1609410744 1.7398539543 2.5938169136 3.3327642021
2.0010000000 0.3398241920 1.1615898933 1.7410798988 2.5939845848 3.3333941689
2.0020000000 0.3405741081 1.1622386665 1.7423096199 2.5941510277 3.3340243263
2.0030000000 0.3413239632 1.1628874016 1.7435431099 2.5943162270 3.3346546822
2.0040000000 0.3420737419 1.1635360909 1.7447803841 2.5944801826 3.3352852364
2.0050000000 0.3428234596 1.1641847420 1.7460214424 2.5946428795 3.3359159966
2.0060000000 0.3435731087 1.1648333549 1.7472662773 2.5948043098 3.3365469475
2.0070000000 0.3443226891 1.1654819221 1.7485148964 2.5949644737 3.3371780968
2.0080000000 0.3450722008 1.1661304436 1.7497672920 2.5951233482 3.3378094444
2.0090000000 0.3458216362 1.1667789268 1.7510234795 2.5952809334 3.3384409981
2.0100000000 0.3465710030 1.1674273643 1.7522834511 2.5954372215 3.3390727425
2.0110000000 0.3473202934 1.1680757637 1.7535472069 2.5955921898 3.3397046928
2.0120000000 0.3480695152 1.1687241173 1.7548147545 2.5957458458 3.3403368416
2.0130000000 0.3488186531 1.1693724251 1.7560861015 2.5958981667 3.3409691887
2.0140000000 0.3495677223 1.1700206947 1.7573612328 2.5960491524 3.3416017418
2.0150000000 0.3503167076 1.1706689186 1.7586401634 2.5961987877 3.3422344856
2.0160000000 0.3510656166 1.1713171043 1.7599229012 2.5963470650 3.3428674431
2.0170000000 0.3518144417 1.1719652443 1.7612094307 2.5964939766 3.3435005913
2.0180000000 0.3525631905 1.1726133385 1.7624997749 2.5966395073 3.3441339531
2.0190000000 0.3533118553 1.1732613869 1.7637939262 2.5967836494 3.3447675056
2.0200000000 0.3540604362 1.1739093971 1.7650918846 2.5969263954 3.3454012718
2.0210000000 0.3548089333 1.1745573616 1.7663936577 2.5970677299 3.3460352364
2.0220000000 0.3555573463 1.1752052803 1.7676992531 2.5972076454 3.3466693993
2.0230000000 0.3563056755 1.1758531609 1.7690086784 2.5973461342 3.3473037682
2.0240000000 0.3570539131 1.1765009880 1.7703219185 2.5974831810 3.3479383430
2.0250000000 0.3578020592 1.1771487770 1.7716389961 2.5976187782 3.3485731239
2.0260000000 0.3585501213 1.1777965202 1.7729599113 2.5977529106 3.3492081032
2.0270000000 0.3592980919 1.1784442177 1.7742846565 2.5978855782 3.3498432884
2.0280000000 0.3600459633 1.1790918770 1.7756132545 2.5980167580 3.3504786873
2.0290000000 0.3607937508 1.1797394829 1.7769457054 2.5981464500 3.3511142845
2.0300000000 0.3615414391 1.1803870506 1.7782820015 2.5982746315 3.3517500877
2.0310000000 0.3622890282 1.1810345650 1.7796221657 2.5984012947 3.3523860970
2.0320000000 0.3630365257 1.1816820412 1.7809661903 2.5985264320 3.3530223122
2.0330000000 0.3637839317 1.1823294716 1.7823140831 2.5986500282 3.3536587334
2.0340000000 0.3645312309 1.1829768562 1.7836658516 2.5987720757 3.3542953606
2.0350000000 0.3652784309 1.1836241951 1.7850215111 2.5988925667 3.3549322014
2.0360000000 0.3660255318 1.1842714882 1.7863810463 2.5990114784 3.3555692482
2.0370000000 0.3667725334 1.1849187355 1.7877444878 2.5991288033 3.3562065010
2.0380000000 0.3675194283 1.1855659370 1.7891118279 2.5992445259 3.3568439598
2.0390000000 0.3682662163 1.1862130928 1.7904830666 2.5993586464 3.3574816322
2.0400000000 0.3690129051 1.1868602028 1.7918582268 2.5994711342 3.3581195107
2.0410000000 0.3697594795 1.1875072594 1.7932373085 2.5995819969 3.3587575951
2.0420000000 0.3705059547 1.1881542778 1.7946203194 2.5996912041 3.3593958931
2.0430000000 0.3712523155 1.1888012505 1.7960072670 2.5997987556 3.3600344048
2.0440000000 0.3719985695 1.1894481697 1.7973981590 2.5999046288 3.3606731224
2.0450000000 0.3727447090 1.1900950508 1.7987929955 2.6000088158 3.3613120461
2.0460000000 0.3734907341 1.1907418785 1.8001917992 2.6001113091 3.3619511909
2.0470000000 0.3742366524 1.1913886604 1.8015945702 2.6002120857 3.3625905418
2.0480000000 0.3749824486 1.1920353966 1.8030013084 2.6003111305 3.3632301064
2.0490000000 0.3757281380 1.1926820869 1.8044120369 2.6004084435 3.3638698845
2.0500000000 0.3764737053 1.1933287315 1.8058267632 2.6005040016 3.3645098686
2.0510000000 0.3772191505 1.1939753227 1.8072454872 2.6005977898 3.3651500740
2.0520000000 0.3779644814 1.1946218681 1.8086682243 2.6006898003 3.3657904854
2.0530000000 0.3787096901 1.1952683678 1.8100949745 2.6007800179 3.3664311104
2.0540000000 0.3794547844 1.1959148216 1.8115257607 2.6008684196 3.3670719566
2.0550000000 0.3801997490 1.1965612221 1.8129605904 2.6009549980 3.3677130089
2.0560000000 0.3809445839 1.1972075768 1.8143994637 2.6010397377 3.3683542824
2.0570000000 0.3816893044 1.1978538857 1.8158424034 2.6011226234 3.3689957695
2.0580000000 0.3824338951 1.1985001411 1.8172894096 2.6012036476 3.3696374702
2.0590000000 0.3831783562 1.1991463509 1.8187404976 2.6012827797 3.3702793846
2.0600000000 0.3839226875 1.1997925148 1.8201956749 2.6013600197 3.3709215202
2.0610000000 0.3846668892 1.2004386253 1.8216549568 2.6014353447 3.3715638695
2.0620000000 0.3854109612 1.2010846901 1.8231183510 2.6015087395 3.3722064323
2.0630000000 0.3861548958 1.2017307014 1.8245858803 2.6015801811 3.3728492165
2.0640000000 0.3868987007 1.2023766670 1.8260575371 2.6016496696 3.3734922218
2.0650000000 0.3876423683 1.2030225792 1.8275333443 2.6017171822 3.3741354408
2.0660000000 0.3883859062 1.2036684456 1.8290133171 2.6017826958 3.3747788811
2.0670000000 0.3891292992 1.2043142662 1.8304974632 2.6018462029 3.3754225349
2.0680000000 0.3898725548 1.2049600334 1.8319857979 2.6019076805 3.3760664101
2.0690000000 0.3906156731 1.2056057472 1.8334783287 2.6019671135 3.3767105064
2.0700000000 0.3913586540 1.2062514153 1.8349750786 2.6020244865 3.3773548241
2.0710000000 0.3921014824 1.2068970375 1.8364760475 2.6020797768 3.3779993553
2.0720000000 0.3928441734 1.2075426064 1.8379812660 2.6021329765 3.3786441154
2.0730000000 0.3935867195 1.2081881218 1.8394907265 2.6021840630 3.3792890892
2.0740000000 0.3943291130 1.2088335838 1.8410044594 2.6022330208 3.3799342918
2.0750000000 0.3950713692 1.2094790001 1.8425224800 2.6022798195 3.3805797157
2.0760000000 0.3958134651 1.2101243706 1.8440447960 2.6023244591 3.3812253532
2.0770000000 0.3965554161 1.2107696800 1.8455714226 2.6023669090 3.3818712273
2.0780000000 0.3972972145 1.2114149437 1.8471023750 2.6024071541 3.3825173149
2.0790000000 0.3980388603 1.2120601540 1.8486376686 2.6024451790 3.3831636238
2.0800000000 0.3987803535 1.2127053185 1.8501773262 2.6024809532 3.3838101616
2.0810000000 0.3995216942 1.2133504295 1.8517213554 2.6025144691 3.3844569283
2.0820000000 0.4002628746 1.2139954872 1.8532697716 2.6025456963 3.3851039162
2.0830000000 0.4010038948 1.2146404915 1.8548225975 2.6025746269 3.3857511253
2.0840000000 0.4017447548 1.2152854500 1.8563798485 2.6026012306 3.3863985634
2.0850000000 0.4024854622 1.2159303474 1.8579415474 2.6026254997 3.3870462303
2.0860000000 0.4032260017 1.2165751991 1.8595076942 2.6026473961 3.3876941185
2.0870000000 0.4039663734 1.2172199974 1.8610783272 2.6026669121 3.3883422356
2.0880000000 0.4047065849 1.2178647499 1.8626534462 2.6026840172 3.3889905815
2.0890000000 0.4054466286 1.2185094414 1.8642330894 2.6026986961 3.3896391563
2.0900000000 0.4061865120 1.2191540794 1.8658172569 2.6027109261 3.3902879524
2.0910000000 0.4069262199 1.2197986717 1.8674059792 2.6027206841 3.3909369850
2.0920000000 0.4076657524 1.2204432030 1.8689992638 2.6027279549 3.3915862465
2.0930000000 0.4084051170 1.2210876884 1.8705971489 2.6027327003 3.3922357368
2.0940000000 0.4091443138 1.2217321129 1.8721996422 2.6027349052 3.3928854561
2.0950000000 0.4098833275 1.2223764915 1.8738067589 2.6027345543 3.3935354042
2.0960000000 0.4106221733 1.2230208168 1.8754185295 2.6027316093 3.3941855812
2.0970000000 0.4113608360 1.2236650810 1.8770349770 2.6027260628 3.3948359947
2.0980000000 0.4120993233 1.2243092995 1.8786561165 2.6027178764 3.3954866371
2.0990000000 0.4128376274 1.2249534645 1.8802819710 2.6027070274 3.3961375160
2.1000000000 0.4135757484 1.2255975685 1.8819125633 2.6026935005 3.3967886238
2.1010000000 0.4143136940 1.2262416191 1.8835479164 2.6026772575 3.3974399681
2.1020000000 0.4150514488 1.2268856239 1.8851880455 2.6026582909 3.3980915413
2.1030000000 0.4157890129 1.2275295677 1.8868329887 2.6026365547 3.3987433586
2.1040000000 0.4165263939 1.2281734581 1.8884827614 2.6026120338 3.3993954048
2.1050000000 0.4172635918 1.2288172874 1.8901373863 2.6025846977 3.4000476799
2.1060000000 0.4180005913 1.2294610710 1.8917968864 2.6025545235 3.4007001991
2.1070000000 0.4187374001 1.2301047935 1.8934612923 2.6025214806 3.4013529549
2.1080000000 0.4194740181 1.2307484703 1.8951306343 2.6024855461 3.4020059395
2.1090000000 0.4202104378 1.2313920784 1.8968049202 2.6024466820 3.4026591682
2.1100000000 0.4209466591 1.2320356407 1.8984841881 2.6024048653 3.4033126335
2.1110000000 0.4216826820 1.2326791496 1.9001684685 2.6023600731 3.4039663353
2.1120000000 0.4224185066 1.2333225975 1.9018577843 2.6023122673 3.4046202736
2.1130000000 0.4231541328 1.2339659843 1.9035521584 2.6022614174 3.4052744560
2.1140000000 0.4238895531 1.2346093254 1.9052516212 2.6022075005 3.4059288750
2.1150000000 0.4246247673 1.2352526054 1.9069562035 2.6021504784 3.4065835381
2.1160000000 0.4253597755 1.2358958321 1.9086659355 2.6020903282 3.4072384377
2.1170000000 0.4260945778 1.2365389977 1.9103808403 2.6020270119 3.4078935814
2.1180000000 0.4268291740 1.2371821098 1.9121009560 2.6019604988 3.4085489616
2.1190000000 0.4275635567 1.2378251610 1.9138263054 2.6018907585 3.4092045937
2.1200000000 0.4282977257 1.2384681587 1.9155569267 2.6018177528 3.4098604622
2.1210000000 0.4290316811 1.2391111031 1.9172928429 2.6017414513 3.4105165749
2.1220000000 0.4297654152 1.2397539864 1.9190340996 2.6016618233 3.4111729317
2.1230000000 0.4304989357 1.2403968086 1.9207807121 2.6015788307 3.4118295326
2.1240000000 0.4312322350 1.2410395775 1.9225327263 2.6014924431 3.4124863777
2.1250000000 0.4319653206 1.2416822929 1.9242901726 2.6014026146 3.4131434669
2.1260000000 0.4326981773 1.2423249474 1.9260530891 2.6013093147 3.4138008080
2.1270000000 0.4334308128 1.2429675407 1.9278214989 2.6012125053 3.4144583931
2.1280000000 0.4341632195 1.2436100807 1.9295954475 2.6011121483 3.4151162224
2.1290000000 0.4348953972 1.2442525597 1.9313749733 2.6010082130 3.4157743034
2.1300000000 0.4356273460 1.2448949776 1.9331600990 2.6009006538 3.4164326363
2.1310000000 0.4363590584 1.2455373421 1.9349508781 2.6007894325 3.4170912132
2.1320000000 0.4370905495 1.2461796455 1.9367473488 2.6006745110 3.4177500343
2.1330000000 0.4378217964 1.2468218880 1.9385495338 2.6005558434 3.4184091148
2.1340000000 0.4385528069 1.2474640770 1.9403574867 2.6004333992 3.4190684395
2.1350000000 0.4392835808 1.2481062050 1.9421712456 2.6003071251 3.4197280159
2.1360000000 0.4400141182 1.2487482719 1.9439908485 2.6001769829 3.4203878517
2.1370000000 0.4407444038 1.2493902779 1.9458163414 2.6000429268 3.4210479317
2.1380000000 0.4414744530 1.2500322304 1.9476477623 2.5999049187 3.4217082710
2.1390000000 0.4422042580 1.2506741219 1.9494851494 2.5997629051 3.4223688545
2.1400000000 0.4429338112 1.2513159523 1.9513285637 2.5996168556 3.4230296974
2.1410000000 0.4436631126 1.2519577217 1.9531780357 2.5994667015 3.4236907997
2.1420000000 0.4443921623 1.2525994301 1.9550336189 2.5993124123 3.4243521538
2.1430000000 0.4451209602 1.2532410774 1.9568953514 2.5991539421 3.4250137672
2.1440000000 0.4458495064 1.2538826714 1.9587632866 2.5989912300 3.4256756325
2.1450000000 0.4465777855 1.2545241966 1.9606374779 2.5988242302 3.4263377571
2.1460000000 0.4473058128 1.2551656609 1.9625179634 2.5986528893 3.4270001411
2.1470000000 0.4480335808 1.2558070717 1.9644048042 2.5984771614 3.4276627769
2.1480000000 0.4487610817 1.2564484138 1.9662980461 2.5982969933 3.4283256798
2.1490000000 0.4494883156 1.2570897026 1.9681977348 2.5981123314 3.4289888420
2.1500000000 0.4502152824 1.2577309227 1.9701039391 2.5979231224 3.4296522636
2.1510000000 0.4509419746 1.2583720894 1.9720167046 2.5977292976 3.4303159447
2.1520000000 0.4516683998 1.2590131874 1.9739360847 2.5975308189 3.4309798851
2.1530000000 0.4523945580 1.2596542244 1.9758621330 2.5973276176 3.4316440926
2.1540000000 0.4531204338 1.2602952003 1.9777949181 2.5971196404 3.4323085670
2.1550000000 0.4538460274 1.2609361153 1.9797344933 2.5969068260 3.4329733009
2.1560000000 0.4545713463 1.2615769691 1.9816809196 2.5966891060 3.4336383018
2.1570000000 0.4552963829 1.2622177544 1.9836342583 2.5964664268 3.4343035622
2.1580000000 0.4560211296 1.2628584862 1.9855945625 2.5962387199 3.4349690971
2.1590000000 0.4567455940 1.2634991493 1.9875619164 2.5960059242 3.4356348915
2.1600000000 0.4574697685 1.2641397514 1.9895363655 2.5957679787 3.4363009605
2.1610000000 0.4581936531 1.2647802849 1.9915179787 2.5955247993 3.4369672890
2.1620000000 0.4589172401 1.2654207649 1.9935068398 2.5952763329 3.4376338921
2.1630000000 0.4596405373 1.2660611763 1.9955030022 2.5950225029 3.4383007622
2.1640000000 0.4603635292 1.2667015190 1.9975065422 2.5947632332 3.4389679070
2.1650000000 0.4610862312 1.2673418083 1.9995175285 2.5944984627 3.4396353188
2.1660000000 0.4618086205 1.2679820290 2.0015360374 2.5942281075 3.4403030052
2.1670000000 0.4625307045 1.2686221809 2.0035621529 2.5939520912 3.4409709663
2.1680000000 0.4632524834 1.2692622719 2.0055959358 2.5936703377 3.4416391945
2.1690000000 0.4639739571 1.2699023018 2.0076374779 2.5933827705 3.4423077049
2.1700000000 0.4646951103 1.2705422707 2.0096868553 2.5930892982 3.4429764824
2.1710000000 0.4654159584 1.2711821632 2.0117441444 2.5927898521 3.4436455421
2.1720000000 0.4661364784 1.2718220024 2.0138094444 2.5924843330 3.4443148766
2.1730000000 0.4668566856 1.2724617729 2.0158828239 2.5921726646 3.4449844856
2.1740000000 0.4675765648 1.2731014748 2.0179643898 2.5918547478 3.4456543770
2.1750000000 0.4682961235 1.2737411156 2.0200542183 2.5915305061 3.4463245430
2.1760000000 0.4690153542 1.2743806877 2.0221524010 2.5911998329 3.4469949913
2.1770000000 0.4697342567 1.2750201912 2.0242590446 2.5908626366 3.4476657143
2.1780000000 0.4704528160 1.2756596336 2.0263742332 2.5905188179 3.4483367271
2.1790000000 0.4711710472 1.2762990150 2.0284980736 2.5901682854 3.4490080223
2.1800000000 0.4718889427 1.2769383202 2.0306306725 2.5898109322 3.4496795921
2.1810000000 0.4726064949 1.2775775642 2.0327721214 2.5894466515 3.4503514519
2.1820000000 0.4733236961 1.2782167397 2.0349225349 2.5890753288 3.4510236015
2.1830000000 0.4740405617 1.2788558540 2.0370820198 2.5886968727 3.4516960335
2.1840000000 0.4747570686 1.2794948997 2.0392506828 2.5883111534 3.4523687477
2.1850000000 0.4754732246 1.2801338768 2.0414286537 2.5879180641 3.4530417519
2.1860000000 0.4761890297 1.2807727852 2.0436160393 2.5875174828 3.4537150459
2.1870000000 0.4769044762 1.2814116325 2.0458129616 2.5871092949 3.4543886223
2.1880000000 0.4776195564 1.2820504036 2.0480195427 2.5866933632 3.4550624962
2.1890000000 0.4783342705 1.2826891136 2.0502359200 2.5862695656 3.4557366600
2.1900000000 0.4790486259 1.2833277550 2.0524622154 2.5858377800 3.4564111214
2.1910000000 0.4797626076 1.2839663277 2.0546985664 2.5853978539 3.4570858650
2.1920000000 0.4804762154 1.2846048317 2.0569451180 2.5849496651 3.4577609138
2.1930000000 0.4811894417 1.2852432671 2.0592019997 2.5844930611 3.4584362450
2.1940000000 0.4819022942 1.2858816338 2.0614693642 2.5840278969 3.4591118813
2.1950000000 0.4826147575 1.2865199318 2.0637473564 2.5835540199 3.4597878151
2.1960000000 0.4833268394 1.2871581612 2.0660361366 2.5830712852 3.4604640465
2.1970000000 0.4840385323 1.2877963295 2.0683358650 2.5825795250 3.4611405678
2.1980000000 0.4847498283 1.2884344215 2.0706467018 2.5820785789 3.4618174019
2.1990000000 0.4854607353 1.2890724449 2.0729688225 2.5815682716 3.4624945259
2.2000000000 0.4861712303 1.2897103996 2.0753023872 2.5810484428 3.4631719627
2.2010000000 0.4868813286 1.2903482780 2.0776475792 2.5805188942 3.4638496971
2.2020000000 0.4875910225 1.2909860954 2.0800045891 2.5799794655 3.4645277290
2.2030000000 0.4883003044 1.2916238441 2.0823736000 2.5794299431 3.4652060738
2.2040000000 0.4890091667 1.2922615166 2.0847548180 2.5788701439 3.4658847237
2.2050000000 0.4897176170 1.2928991203 2.0871484337 2.5782998619 3.4665636864
2.2060000000 0.4904256401 1.2935366554 2.0895546608 2.5777188911 3.4672429466
2.2070000000 0.4911332436 1.2941741219 2.0919737129 2.5771270103 3.4679225273
2.2080000000 0.4918404121 1.2948115120 2.0944058113 2.5765239983 3.4686024132
2.2090000000 0.4925471535 1.2954488335 2.0968511925 2.5759096260 3.4692826118
2.2100000000 0.4932534523 1.2960860863 2.0993100929 2.5752836571 3.4699631233
2.2110000000 0.4939593163 1.2967232704 2.1017827568 2.5746458473 3.4706439476
2.2120000000 0.4946647301 1.2973603783 2.1042694359 2.5739959373 3.4713250923
2.2130000000 0.4953696938 1.2979974098 2.1067703972 2.5733336601 3.4720065498
2.2140000000 0.4960741997 1.2986343803 2.1092859154 2.5726587486 3.4726883202
2.2150000000 0.4967782555 1.2992712746 2.1118162804 2.5719709206 3.4733704185
2.2160000000 0.4974818459 1.2999080925 2.1143617668 2.5712698708 3.4740528374
2.2170000000 0.4981849632 1.3005448418 2.1169226952 2.5705553017 3.4747355690
2.2180000000 0.4988876152 1.3011815224 2.1194993782 2.5698269005 3.4754186287
2.2190000000 0.4995897942 1.3018181267 2.1220921440 2.5690843391 3.4761020164
2.2200000000 0.5002914848 1.3024546547 2.1247013359 2.5683272667 3.4767857246
2.2210000000 0.5009926949 1.3030911140 2.1273273048 2.5675553322 3.4774697609
2.2220000000 0.5016934166 1.3037275047 2.1299704323 2.5667681694 3.4781541252
2.2230000000 0.5023936424 1.3043638115 2.1326310921 2.5659653816 3.4788388176
2.2240000000 0.5030933647 1.3050000572 2.1353096886 2.5651465797 3.4795238457
2.2250000000 0.5037925835 1.3056362190 2.1380066338 2.5643113441 3.4802092018
2.2260000000 0.5044912910 1.3062723122 2.1407223854 2.5634592323 3.4808948936
2.2270000000 0.5051894798 1.3069083290 2.1434573784 2.5625897865 3.4815809212
2.2280000000 0.5058871574 1.3075442696 2.1462120934 2.5617025414 3.4822672844
2.2290000000 0.5065843010 1.3081801414 2.1489870415 2.5607969856 3.4829539833
2.2300000000 0.5072809105 1.3088159370 2.1517827339 2.5598726006 3.4836410255
2.2310000000 0.5079769859 1.3094516563 2.1545997276 2.5589288445 3.4843284111
2.2320000000 0.5086725197 1.3100873070 2.1574385796 2.5579651375 3.4850161324
2.2330000000 0.5093675041 1.3107228737 2.1602999077 2.5569808769 3.4857042046
2.2340000000 0.5100619316 1.3113583717 2.1631843376 2.5559754372 3.4863926125
2.2350000000 0.5107557945 1.3119937935 2.1660925407 2.5549481468 3.4870813789
2.2360000000 0.5114490929 1.3126291389 2.1690252113 2.5538983116 3.4877704887
2.2370000000 0.5121418114 1.3132644081 2.1719830894 2.5528251839 3.4884599495
2.2380000000 0.5128339500 1.3138996010 2.1749669533 2.5517279854 3.4891497612
2.2390000000 0.5135255089 1.3145347176 2.1779776344 2.5506058998 3.4898399315
2.2400000000 0.5142164650 1.3151697578 2.1810160027 2.5494580574 3.4905304527
2.2410000000 0.5149068260 1.3158047218 2.1840829735 2.5482835274 3.4912213325
2.2420000000 0.5155965691 1.3164396095 2.1871795235 2.5470813332 3.4919125786
2.2430000000 0.5162857018 1.3170744209 2.1903067055 2.5458504372 3.4926041756
2.2440000000 0.5169742165 1.3177091560 2.1934656181 2.5445897331 3.4932961388
2.2450000000 0.5176620903 1.3183438148 2.1966574364 2.5432980385 3.4939884682
2.2460000000 0.5183493233 1.3189783974 2.1998834267 2.5419741020 3.4946811638
2.2470000000 0.5190359154 1.3196129036 2.2031449242 2.5406165810 3.4953742256
2.2480000000 0.5197218513 1.3202473259 2.2064433784 2.5392240334 3.4960676613
2.2490000000 0.5204071159 1.3208816795 2.2097803230 2.5377949181 3.4967614708
2.2500000000 0.5210917168 1.3215159492 2.2131574287 2.5363275566 3.4974556541
2.2510000000 0.5217756310 1.3221501427 2.2165764961 2.5348201714 3.4981502113
2.2520000000 0.5224588509 1.3227842522 2.2200394402 2.5332708321 3.4988451424
2.2530000000 0.5231413689 1.3234182930 2.2235483742 2.5316774254 3.4995404625
2.2540000000 0.5238231773 1.3240522499 2.2271055641 2.5300376930 3.5002361641
2.2550000000 0.5245042610 1.3246861229 2.2307134972 2.5283491402 3.5009322472
2.2560000000 0.5251846123 1.3253199272 2.2343748817 2.5266090660 3.5016287193
2.2570000000 0.5258642235 1.3259536476 2.2380926857 2.5248145027 3.5023255806
2.2580000000 0.5265430794 1.3265872841 2.2418701668 2.5229621925 3.5030228386
2.2590000000 0.5272211723 1.3272208443 2.2457109337 2.5210485191 3.5037204857
2.2600000000 0.5278984871 1.3278543282 2.2496189842 2.5190694923 3.5044185295
2.2610000000 0.5285750084 1.3284877357 2.2535987587 2.5170206718 3.5051169701
2.2620000000 0.5292507210 1.3291210518 2.2576552467 2.5148970757 3.5058158150
2.2630000000 0.5299256248 1.3297542992 2.2617940407 2.5126930962 3.5065150642
2.2640000000 0.5305996971 1.3303874550 2.2660214729 2.5104024086 3.5072147255
2.2650000000 0.5312729225 1.3310205421 2.2703447685 2.5080178032 3.5079147911
2.2660000000 0.5319452858 1.3316535378 2.2747721977 2.5055309868 3.5086152687
2.2670000000 0.5326167793 1.3322864571 2.2793133354 2.5029323921 3.5093161583
2.2680000000 0.5332873726 1.3329193001 2.2839793510 2.5002108574 3.5100174751
2.2690000000 0.5339570580 1.3335520592 2.2887834129 2.4973532066 3.5107192039
2.2700000000 0.5346258202 1.3341847343 2.2937412300 2.4943437386 3.5114213600
2.2710000000 0.5352936287 1.3348173256 2.2988717995 2.4911634483 3.5121239357
2.2720000000 0.5359604759 1.3354498405 2.3041984520 2.4877890205 3.5128269463
2.2730000000 0.5366263313 1.3360822716 2.3097503777 2.4841912498 3.5135303917
2.2740000000 0.5372911873 1.3367146263 2.3155649452 2.4803327827 3.5142342720
2.2750000000 0.5379550056 1.3373468895 2.3216912880 2.4761644630 3.5149385872
2.2760000000 0.5386177635 1.3379790764 2.3281963234 2.4716194038 3.5156433525
2.2770000000 0.5392794456 1.3386111794 2.3351752510 2.4666023827 3.5163485603
2.2780000000 0.5399400139 1.3392431984 2.3427719078 2.4609695778 3.5170542183
2.2790000000 0.5405994453 1.3398751335 2.3512227821 2.4544844933 3.5177603264
2.2800000000 0.5412577095 1.3405069847 2.3609715691 2.4467034416 3.5184668922
2.2810000000 0.5419147758 1.3411387596 2.3730748558 2.4365698280 3.5191739159
2.2820000000 0.5425706062 1.3417704430 2.3925044899 2.4191118050 3.5198814125
