2.2830000000 0.5432251701 1.3424020500 3.5205893669
2.2840000000 0.5438784294 1.3430335655 3.5212978020
2.2850000000 0.5445303535 1.3436650047 3.5220067101
2.2860000000 0.5451809273 1.3442963524 3.5227160988
2.2870000000 0.5458301659 1.3449276237 3.5234259758
2.2880000000 0.5464781685 1.3455588036 3.5241363411
2.2890000000 0.5471255379 1.3461898994 3.5248472023
2.2900000000 0.5488758125 1.3468209114 3.5255585670
2.2910000000 0.5512122688 1.3474518471 3.5262704277
2.2920000000 0.5534510384 1.3480826836 3.5269827995
2.2930000000 0.5556237907 1.3487134438 3.5276956902
2.2940000000 0.5577455254 1.3493441200 3.5284090996
2.2950000000 0.5598253746 1.3499747047 3.5291230431
2.2960000000 0.5618695793 1.3506052055 3.5298375053
2.2970000000 0.5638827095 1.3512356224 3.5305525169
2.2980000000 0.5658682823 1.3518659477 3.5312680626
2.2990000000 0.5678290977 1.3524961891 3.5319841652
2.3000000000 0.5697674294 1.3531263466 3.5327008247
2.3010000000 0.5716851845 1.3537564201 3.5334180489
2.3020000000 0.5735839806 1.3543864021 3.5341358452
2.3030000000 0.5754651909 1.3550163002 3.5348542213
2.3040000000 0.5773300133 1.3556461067 3.5355731773
2.3050000000 0.5791795158 1.3562758293 3.5362927361
2.3060000000 0.5810146217 1.3569054604 3.5370128975
2.3070000000 0.5828361702 1.3575350075 3.5377336693
2.3080000000 0.5846449013 1.3581644630 3.5384550591
2.3090000000 0.5864414787 1.3587938347 3.5391770897
2.3100000000 0.5882265358 1.3594231224 3.5398997536
2.3110000000 0.5900006065 1.3600523109 3.5406230736
2.3120000000 0.5917642174 1.3606814156 3.5413470573
2.3130000000 0.5935178261 1.3613104362 3.5420717125
2.3140000000 0.5952618752 1.3619393654 3.5427970619
2.3150000000 0.5969967461 1.3625682030 3.5435231056
2.3160000000 0.5987228279 1.3631969566 3.5442498665
2.3170000000 0.6004404564 1.3638256187 3.5449773598
2.3180000000 0.6021499443 1.3644541893 3.5457055931
2.3190000000 0.6038516121 1.3650826683 3.5464345894
2.3200000000 0.6055457268 1.3657110634 3.5471643639
2.3210000000 0.6072325554 1.3663393669 3.5478949394
2.3220000000 0.6089123497 1.3669675789 3.5486263313
2.3230000000 0.6105853462 1.3675956993 3.5493585625
2.3240000000 0.6122517586 1.3682237282 3.5500916634
2.3250000000 0.6139117928 1.3688516731 3.5508256493
2.3260000000 0.6155656624 1.3694795265 3.5515605583
2.3270000000 0.6172135429 1.3701072807 3.5522964134
2.3280000000 0.6188556252 1.3707349510 3.5530332527
2.3290000000 0.6204920616 1.3713625298 3.5537711143
2.3300000000 0.6221230202 1.3719900169 3.5545100365
2.3310000000 0.6237486610 1.3726174126 3.5552500648
2.3320000000 0.6253691292 1.3732447166 3.5559912682
2.3330000000 0.6269845619 1.3738719292 3.5567336845
2.3340000000 0.6285950890 1.3744990501 3.5574774055
2.3350000000 0.6302008476 1.3751260719 3.5582225075
2.3360000000 0.6318019524 1.3757530098 3.5589690895
2.3370000000 0.6333985329 1.3763798561 3.5597172813
2.3380000000 0.6349906883 1.3770066032 3.5604672279
2.3390000000 0.6365785408 1.3776332664 3.5612191429
2.3400000000 0.6381621819 1.3782598305 3.5619733086
2.3410000000 0.6397417259 1.3788863029 3.5627301369
2.3420000000 0.6413172569 1.3795126839 3.5634903450
2.3430000000 0.6428888741 1.3801389656 3.5642555122
2.3440000000 0.6444566612 1.3807651634 3.5650297203
2.3450000000 0.6460207176 1.3813912621 3.5657961388
2.3460000000 0.6475811119 1.3820172691 3.5665572700
2.3470000000 0.6491379356 1.3826431770 3.5673149986
2.3480000000 0.6506912651 1.3832690010 3.5680700951
2.3490000000 0.6522411690 1.3838947258 3.5688230019
2.3500000000 0.6537877235 1.3845203514 3.5695740013
2.3510000000 0.6553310051 1.3851458931 3.5703233147
2.3520000000 0.6568710747 1.3857713356 3.5710710945
2.3530000000 0.6584080009 1.3863966789 3.5718174553
2.3540000000 0.6599418449 1.3870219307 3.5725625114
2.3550000000 0.6614726753 1.3876470909 3.5733063240
2.3560000000 0.6630005531 1.3882721519 3.5740489769
2.3570000000 0.6645255241 1.3888971214 3.5747905312
2.3580000000 0.6660476570 1.3895219994 3.5755310249
2.3590000000 0.6675670052 1.3901467781 3.5762705040
2.3600000000 0.6690836220 1.3907714577 3.5770090218
2.3610000000 0.6705975533 1.3913960457 3.5777466011
2.3620000000 0.6721088524 1.3920205345 3.5784832726
2.3630000000 0.6736175804 1.3926449318 3.5792190742
2.3640000000 0.6751237679 1.3932692299 3.5799540138
2.3650000000 0.6766274757 1.3938934364 3.5806881371
2.3660000000 0.6781287346 1.3945175438 3.5814214439
2.3670000000 0.6796276054 1.3951415596 3.5821539650
2.3680000000 0.6811241188 1.3957654686 3.5828857231
2.3690000000 0.6826183205 1.3963892937 3.5836167183
2.3700000000 0.6841102562 1.3970130119 3.5843469810
2.3710000000 0.6855999641 1.3976366386 3.5850765190
2.3720000000 0.6870874748 1.3982601662 3.5858053398
2.3730000000 0.6885728340 1.3988836021 3.5865334663
2.3740000000 0.6900560799 1.3995069389 3.5872609062
2.3750000000 0.6915372429 1.4001301765 3.5879876671
2.3760000000 0.6930163689 1.4007533226 3.5887137642
2.3770000000 0.6944934807 1.4013763618 3.5894392052
2.3780000000 0.6959686165 1.4019993095 3.5901639976
2.3790000000 0.6974418144 1.4026221657 3.5908881416
2.3800000000 0.6989131050 1.4032449150 3.5916116600
2.3810000000 0.7003825111 1.4038675728 3.5923345528
2.3820000000 0.7018500710 1.4044901314 3.5930568352
2.3830000000 0.7033158150 1.4051125908 3.5937784996
2.3840000000 0.7047797737 1.4057349510 3.5944995537
2.3850000000 0.7062419701 1.4063572197 3.5952200203
2.3860000000 0.7077024422 1.4069793816 3.5959398842
2.3870000000 0.7091612053 1.4076014519 3.5966591682
2.3880000000 0.7106182976 1.4082234230 3.5973778648
2.3890000000 0.7120737419 1.4088452950 3.5980959892
2.3900000000 0.7135275612 1.4094670753 3.5988135414
2.3910000000 0.7149797935 1.4100887489 3.5995305214
2.3920000000 0.7164304466 1.4107103310 3.6002469368
2.3930000000 0.7178795509 1.4113318138 3.6009627953
2.3940000000 0.7193271370 1.4119531898 3.6016780968
2.3950000000 0.7207732277 1.4125744743 3.6023928490
2.3960000000 0.7222178383 1.4131956596 3.6031070442
2.3970000000 0.7236609993 1.4138167534 3.6038206978
2.3980000000 0.7251027260 1.4144377403 3.6045338173
2.3990000000 0.7265430412 1.4150586281 3.6052463875
2.4000000000 0.7279819756 1.4156794243 3.6059584236
2.4010000000 0.7294195442 1.4163001137 3.6066699257
2.4020000000 0.7308557701 1.4169207115 3.6073809013
2.4030000000 0.7322906685 1.4175412102 3.6080913506
2.4040000000 0.7337242546 1.4181616020 3.6088012657
2.4050000000 0.7351565666 1.4187819023 3.6095106697
2.4060000000 0.7365876122 1.4194021034 3.6102195396
2.4070000000 0.7380174065 1.4200222054 3.6109278984
2.4080000000 0.7394459724 1.4206422081 3.6116357384
2.4090000000 0.7408733330 1.4212621193 3.6123430672
2.4100000000 0.7422995033 1.4218819237 3.6130498848
2.4110000000 0.7437244987 1.4225016289 3.6137561836
2.4120000000 0.7451483345 1.4231212425 3.6144619789
2.4130000000 0.7465710335 1.4237407494 3.6151672630
2.4140000000 0.7479926109 1.4243601646 3.6158720436
2.4150000000 0.7494130821 1.4249794807 3.6165763206
2.4160000000 0.7508324699 1.4255986900 3.6172800941
2.4170000000 0.7522507744 1.4262178078 3.6179833717
2.4180000000 0.7536680336 1.4268368263 3.6186861458
2.4190000000 0.7550842400 1.4274557457 3.6193884163
2.4200000000 0.7564994240 1.4280745735 3.6200901985
2.4210000000 0.7579136009 1.4286932945 3.6207914772
2.4220000000 0.7593267784 1.4293119240 3.6214922600
2.4230000000 0.7607389717 1.4299304466 3.6221925545
2.4240000000 0.7621502037 1.4305488777 3.6228923531
2.4250000000 0.7635604744 1.4311672096 3.6235916634
2.4260000000 0.7649698143 1.4317854424 3.6242904778
2.4270000000 0.7663782234 1.4324035835 3.6249888039
2.4280000000 0.7677857246 1.4330216179 3.6256866417
2.4290000000 0.7691923256 1.4336395607 3.6263839912
2.4300000000 0.7705980415 1.4342574043 3.6270808525
2.4310000000 0.7720028877 1.4348751564 3.6277772255
2.4320000000 0.7734068718 1.4354928017 3.6284731102
2.4330000000 0.7748100090 1.4361103554 3.6291685143
2.4340000000 0.7762123146 1.4367278099 3.6298634300
2.4350000000 0.7776137962 1.4373451729 3.6305578651
2.4360000000 0.7790144691 1.4379624290 3.6312518196
2.4370000000 0.7804143410 1.4385796013 3.6319452858
2.4380000000 0.7818134346 1.4391966667 3.6326382713
2.4390000000 0.7832117500 1.4398136406 3.6333307686
2.4400000000 0.7846093025 1.4404305153 3.6340227928
2.4410000000 0.7860061073 1.4410472984 3.6347143288
2.4420000000 0.7874021645 1.4416639824 3.6354053917
2.4430000000 0.7887974968 1.4422805748 3.6360959663
2.4440000000 0.7901921120 1.4428970680 3.6367860603
2.4450000000 0.7915860176 1.4435134697 3.6374756813
2.4460000000 0.7929792290 1.4441297722 3.6381648216
2.4470000000 0.7943717461 1.4447459831 3.6388534737
2.4480000000 0.7957635918 1.4453621025 3.6395416527
2.4490000000 0.7971547737 1.4459781227 3.6402293587
2.4500000000 0.7985452995 1.4465940514 3.6409165764
2.4510000000 0.7999351768 1.4472098885 3.6416033211
2.4520000000 0.8013244209 1.4478256340 3.6422895851
2.4530000000 0.8027130394 1.4484412804 3.6429753761
2.4540000000 0.8041010399 1.4490568352 3.6436606789
2.4550000000 0.8054884300 1.4496722984 3.6443455086
2.4560000000 0.8068752251 1.4502876701 3.6450298653
2.4570000000 0.8082614326 1.4509029503 3.6457137413
2.4580000000 0.8096470604 1.4515181389 3.6463971367
2.4590000000 0.8110321159 1.4521332359 3.6470800514
2.4600000000 0.8124166145 1.4527482414 3.6477624931
2.4610000000 0.8138005562 1.4533631630 3.6484444542
2.4620000000 0.8151839561 1.4539779854 3.6491259422
2.4630000000 0.8165668221 1.4545927238 3.6498069496
2.4640000000 0.8179491615 1.4552073708 3.6504874763
2.4650000000 0.8193309746 1.4558219261 3.6511675301
2.4660000000 0.8207122841 1.4564363976 3.6518471031
2.4670000000 0.8220930977 1.4570507851 3.6525261955
2.4680000000 0.8234734077 1.4576650810 3.6532048073
2.4690000000 0.8248532372 1.4582792854 3.6538829460
2.4700000000 0.8262325935 1.4588934059 3.6545606041
2.4710000000 0.8276114693 1.4595074425 3.6552377815
2.4720000000 0.8289898949 1.4601213951 3.6559144859
2.4730000000 0.8303678627 1.4607352638 3.6565907021
2.4740000000 0.8317453804 1.4613490410 3.6572664452
2.4750000000 0.8331224632 1.4619627419 3.6579417076
2.4760000000 0.8344991112 1.4625763588 3.6586164894
2.4770000000 0.8358753395 1.4631898842 3.6592907906
2.4780000000 0.8372511559 1.4638033409 3.6599646111
2.4790000000 0.8386265526 1.4644167061 3.6606379509
2.4800000000 0.8400015526 1.4650299950 3.6613108101
2.4810000000 0.8413761559 1.4656431999 3.6619831886
2.4820000000 0.8427503777 1.4662563286 3.6626550865
2.4830000000 0.8441242104 1.4668693810 3.6633264961
2.4840000000 0.8454976768 1.4674823494 3.6639974327
2.4850000000 0.8468707695 1.4680952415 3.6646678810
2.4860000000 0.8482435036 1.4687080650 3.6653378487
2.4870000000 0.8496158867 1.4693208046 3.6660073280
2.4880000000 0.8509879265 1.4699334755 3.6666763344
2.4890000000 0.8523596153 1.4705460701 3.6673448448
2.4900000000 0.8537309761 1.4711585884 3.6680128822
2.4910000000 0.8551020164 1.4717710381 3.6686804237
2.4920000000 0.8564727287 1.4723834114 3.6693474922
2.4930000000 0.8578431206 1.4729957161 3.6700140648
2.4940000000 0.8592132149 1.4736079521 3.6706801567
2.4950000000 0.8605830040 1.4742201195 3.6713457603
2.4960000000 0.8619524956 1.4748322182 3.6720108833
2.4970000000 0.8633216972 1.4754442558 3.6726755104
2.4980000000 0.8646906166 1.4760562248 3.6733396568
2.4990000000 0.8660592537 1.4766681252 3.6740033150
2.5000000000 0.8674276237 1.4772799721 3.6746664772
2.5010000000 0.8687957268 1.4778917503 3.6753291588
2.5020000000 0.8701635780 1.4785034676 3.6759913521
2.5030000000 0.8715311623 1.4791151237 3.6766530495
2.5040000000 0.8728985023 1.4797267265 3.6773142586
2.5050000000 0.8742656059 1.4803382683 3.6779749794
2.5060000000 0.8756324654 1.4809497490 3.6786352043
2.5070000000 0.8769990959 1.4815611839 3.6792949409
2.5080000000 0.8783654976 1.4821725655 3.6799541817
2.5090000000 0.8797316856 1.4827838936 3.6806129341
2.5100000000 0.8810976524 1.4833951683 3.6812711906
2.5110000000 0.8824634132 1.4840063972 3.6819289513
2.5120000000 0.8838289680 1.4846175804 3.6825862236
2.5130000000 0.8851943245 1.4852287178 3.6832430000
2.5140000000 0.8865594902 1.4858398094 3.6838992805
2.5150000000 0.8879244652 1.4864508553 3.6845550575
2.5160000000 0.8892892570 1.4870618629 3.6852103462
2.5170000000 0.8906538734 1.4876728401 3.6858651390
2.5180000000 0.8920183144 1.4882837715 3.6865194283
2.5190000000 0.8933825874 1.4888946724 3.6871732216
2.5200000000 0.8947467003 1.4895055351 3.6878265190
2.5210000000 0.8961106606 1.4901163750 3.6884793129
2.5220000000 0.8974744606 1.4907271767 3.6891316109
2.5230000000 0.8988381157 1.4913379555 3.6897834053
2.5240000000 0.9002016258 1.4919487114 3.6904347038
2.5250000000 0.9015649986 1.4925594444 3.6910854988
2.5260000000 0.9029282417 1.4931701622 3.6917357903
2.5270000000 0.9042913551 1.4937808571 3.6923855782
2.5280000000 0.9056543465 1.4943915367 3.6930348625
2.5290000000 0.9070172234 1.4950022011 3.6936836433
2.5300000000 0.9083799782 1.4956128578 3.6943319206
2.5310000000 0.9097426262 1.4962235069 3.6949796944
2.5320000000 0.9111051750 1.4968341560 3.6956269569
2.5330000000 0.9124676170 1.4974447975 3.6962737160
2.5340000000 0.9138299675 1.4980554466 3.6969199715
2.5350000000 0.9151922264 1.4986660957 3.6975657158
2.5360000000 0.9165543938 1.4992767525 3.6982109566
2.5370000000 0.9179164848 1.4998874245 3.6988556786
2.5380000000 0.9192784996 1.5004981041 3.6994998970
2.5390000000 0.9206404381 1.5011088066 3.7001436119
2.5400000000 0.9220023155 1.5017195320 3.7007868080
2.5410000000 0.9233641243 1.5023302727 3.7014294930
2.5420000000 0.9247258720 1.5029410515 3.7020716667
2.5430000000 0.9260875587 1.5035518608 3.7027133293
2.5440000000 0.9274491997 1.5041627083 3.7033544731
2.5450000000 0.9288107948 1.5047735939 3.7039951057
2.5460000000 0.9301723518 1.5053845253 3.7046352272
2.5470000000 0.9315338631 1.5059955101 3.7052748299
2.5480000000 0.9328953438 1.5066065407 3.7059139214
2.5490000000 0.9342567940 1.5072176399 3.7065524864
2.5500000000 0.9356182137 1.5078288002 3.7071905403
2.5510000000 0.9369796181 1.5084400291 3.7078280754
2.5520000000 0.9383409996 1.5090513420 3.7084650917
2.5530000000 0.9397023659 1.5096627235 3.7091015892
2.5540000000 0.9410637321 1.5102742043 3.7097375679
2.5550000000 0.9424250832 1.5108857689 3.7103730278
2.5560000000 0.9437864342 1.5114974403 3.7110079613
2.5570000000 0.9451477928 1.5121092110 3.7116423759
2.5580000000 0.9465091591 1.5127210960 3.7122762642
2.5590000000 0.9478705254 1.5133331032 3.7129096336
2.5600000000 0.9492319145 1.5139452324 3.7135424767
2.5610000000 0.9505933189 1.5145575066 3.7141747932
2.5620000000 0.9519547462 1.5151699181 3.7148065910
2.5630000000 0.9533161964 1.5157824821 3.7154378548
2.5640000000 0.9546776772 1.5163952065 3.7160685921
2.5650000000 0.9560391960 1.5170080986 3.7166988029
2.5660000000 0.9574007530 1.5176211739 3.7173284874
2.5670000000 0.9587623405 1.5182344398 3.7179576454
2.5680000000 0.9601239815 1.5188479042 3.7185862694
2.5690000000 0.9614856682 1.5194615822 3.7192143669
2.5700000000 0.9628474083 1.5200754814 3.7198419304
2.5710000000 0.9642092094 1.5206896172 3.7204689598
2.5720000000 0.9655710640 1.5213039970 3.7210954628
2.5730000000 0.9669329796 1.5219186440 3.7217214241
2.5740000000 0.9682949638 1.5225335732 3.7223468590
2.5750000000 0.9696570244 1.5231487923 3.7229717598
2.5760000000 0.9710191536 1.5237643166 3.7235961189
2.5770000000 0.9723813591 1.5243801689 3.7242199516
2.5780000000 0.9737436562 1.5249963646 3.7248432426
2.5790000000 0.9751060295 1.5256129189 3.7254659920
2.5800000000 0.9764684944 1.5262298698 3.7260882072
2.5810000000 0.9778310509 1.5268472176 3.7267098808
2.5820000000 0.9791936989 1.5274650002 3.7273310204
2.5830000000 0.9805564537 1.5280832329 3.7279516182
2.5840000000 0.9819193077 1.5287019539 3.7285716743
2.5850000000 0.9832822685 1.5293211861 3.7291911888
2.5860000000 0.9846453362 1.5299409599 3.7298101616
2.5870000000 0.9860085182 1.5305613136 3.7304285851
2.5880000000 0.9873718147 1.5311822777 3.7310464745
2.5890000000 0.9887352409 1.5318039055 3.7316638145
2.5900000000 0.9900987816 1.5324262276 3.7322806129
2.5910000000 0.9914624519 1.5330493050 3.7328968620
2.5920000000 0.9928262520 1.5336731834 3.7335125618
2.5930000000 0.9941901817 1.5342979317 3.7341277199
2.5940000000 0.9955542564 1.5349236031 3.7347423286
2.5950000000 0.9969184685 1.5355502892 3.7353563881
2.5960000000 0.9982828178 1.5361780663 3.7359698982
2.5970000000 0.9996473198 1.5368070259 3.7365828590
2.5980000000 1.0010119743 1.5374372902 3.7371952705
2.5990000000 1.0023767815 1.5380689888 3.7378071327
2.6000000000 1.0037417412 1.5387022743 3.7384184380
2.6010000000 1.0051068687 1.5393373222 3.7390291862
2.6020000000 1.0064721565 1.5399743690 3.7396393852
2.6030000000 1.0078376122 1.5406136818 3.7402490349
2.6040000000 1.0092032356 1.5412556038 3.7408581276
2.6050000000 1.0105690269 1.5419006157 3.7414666634
2.6060000000 1.0119350014 1.5425493507 3.7420746422
2.6070000000 1.0133011589 1.5432027245 3.7426820641
2.6080000000 1.0146674919 1.5438622246 3.7432889290
2.6090000000 1.0160340157 1.5445305977 3.7438952293
2.6100000000 1.0174007301 1.5452148247 3.7445009804
2.6110000000 1.0187676353 1.5459450645 3.7451061668
2.6120000000 1.0201347389 1.5466343498 3.7457107964
2.6130000000 1.0215020332 1.5473040047 3.7463148613
2.6140000000 1.0228695412 1.5479634361 3.7469183617
2.6150000000 1.0242372475 1.5486159019 3.7475213051
2.6160000000 1.0256051674 1.5492630501 3.7481236839
2.6170000000 1.0269732933 1.5499059105 3.7487254982
2.6180000000 1.0283416328 1.5505451622 3.7493267479
2.6190000000 1.0297101936 1.5511812859 3.7499274330
2.6200000000 1.0310789757 1.5518146553 3.7505275459
2.6210000000 1.0324479866 1.5524455605 3.7511271019
2.6220000000 1.0338172188 1.5530742149 3.7517260857
2.6230000000 1.0351866798 1.5537008095 3.7523245049
2.6240000000 1.0365563850 1.5543254967 3.7529223518
2.6250000000 1.0379263191 1.5549484138 3.7535196342
2.6260000000 1.0392964897 1.5555696602 3.7541163368
2.6270000000 1.0406669044 1.5561893272 3.7547124825
2.6280000000 1.0420375710 1.5568075142 3.7553080482
2.6290000000 1.0434084816 1.5574242744 3.7559030418
2.6300000000 1.0447796440 1.5580396843 3.7564974632
2.6310000000 1.0461510658 1.5586537895 3.7570913124
2.6320000000 1.0475227394 1.5592666512 3.7576845894
2.6330000000 1.0488946800 1.5598783073 3.7582772942
2.6340000000 1.0502668800 1.5604888039 3.7588694191
2.6350000000 1.0516393547 1.5610981712 3.7594609718
2.6360000000 1.0530120964 1.5617064476 3.7600519447
2.6370000000 1.0543851051 1.5623136559 3.7606423454
2.6380000000 1.0557583961 1.5629198341 3.7612321663
2.6390000000 1.0571319695 1.5635250053 3.7618214073
2.6400000000 1.0585058174 1.5641291847 3.7624100685
2.6410000000 1.0598799553 1.5647324028 3.7629981499
2.6420000000 1.0612543831 1.5653346748 3.7635856514
2.6430000000 1.0626290932 1.5659360237 3.7641725807
2.6440000000 1.0640041084 1.5665364571 3.7647589149
2.6450000000 1.0653794136 1.5671359978 3.7653446770
2.6460000000 1.0667550240 1.5677346611 3.7659298515
2.6470000000 1.0681309395 1.5683324623 3.7665144463
2.6480000000 1.0695071602 1.5689294014 3.7670984535
2.6490000000 1.0708836861 1.5695255013 3.7676818810
2.6500000000 1.0722605247 1.5701207771 3.7682647209
2.6510000000 1.0736376839 1.5707152214 3.7688469734
2.6520000000 1.0750151558 1.5713088570 3.7694286461
2.6530000000 1.0763929482 1.5719016914 3.7700097237
2.6540000000 1.0777710686 1.5724937325 3.7705902214
2.6550000000 1.0791495171 1.5730849800 3.7711701241
2.6560000000 1.0805282936 1.5736754570 3.7717494392
2.6570000000 1.0819073982 1.5742651558 3.7723281670
2.6580000000 1.0832868462 1.5748540840 3.7729063072
2.6590000000 1.0846666298 1.5754422569 3.7734838600
2.6600000000 1.0860467567 1.5760296745 3.7740608177
2.6610000000 1.0874272270 1.5766163368 3.7746371803
2.6620000000 1.0888080482 1.5772022591 3.7752129555
2.6630000000 1.0901892204 1.5777874336 3.7757881355
2.6640000000 1.0915707436 1.5783718758 3.7763627281
2.6650000000 1.0929526253 1.5789555779 3.7769367256
2.6660000000 1.0943348656 1.5795385551 3.7775101280
2.6670000000 1.0957174644 1.5801208076 3.7780829353
2.6680000000 1.0971004372 1.5807023277 3.7786551476
2.6690000000 1.0984837685 1.5812831306 3.7792267647
2.6700000000 1.0998674812 1.5818632164 3.7797977791
2.6710000000 1.1012515602 1.5824425926 3.7803682060
2.6720000000 1.1026360207 1.5830212440 3.7809380302
2.6730000000 1.1040208626 1.5835991936 3.7815072594
2.6740000000 1.1054060860 1.5841764259 3.7820758934
2.6750000000 1.1067916908 1.5847529488 3.7826439247
2.6760000000 1.1081776924 1.5853287697 3.7832113609
2.6770000000 1.1095640831 1.5859038811 3.7837781944
2.6780000000 1.1109508629 1.5864782906 3.7843444252
2.6790000000 1.1123380470 1.5870519905 3.7849100609
2.6800000000 1.1137256355 1.5876249962 3.7854750938
2.6810000000 1.1151136208 1.5881972923 3.7860395241
2.6820000000 1.1165020103 1.5887688942 3.7866033516
2.6830000000 1.1178908195 1.5893397865 3.7871665764
2.6840000000 1.1192800331 1.5899099846 3.7877291985
2.6850000000 1.1206696663 1.5904794807 3.7882912254
2.6860000000 1.1220597115 1.5910482750 3.7888526421
2.6870000000 1.1234501839 1.5916163673 3.7894134483
2.6880000000 1.1248410759 1.5921837654 3.7899736595
2.6890000000 1.1262324028 1.5927504539 3.7905332603
2.6900000000 1.1276241493 1.5933164482 3.7910922585
2.6910000000 1.1290163383 1.5938817406 3.7916506538
2.6920000000 1.1304089546 1.5944463310 3.7922084389
2.6930000000 1.1318020134 1.5950102119 3.7927656212
2.6940000000 1.1331955223 1.5955733986 3.7933221931
2.6950000000 1.1345894661 1.5961358757 3.7938781548
2.6960000000 1.1359838600 1.5966976509 3.7944335136
2.6970000000 1.1373787041 1.5972587166 3.7949882622
2.6980000000 1.1387739983 1.5978190804 3.7955424004
2.6990000000 1.1401697578 1.5983787270 3.7960959358
2.7000000000 1.1415659676 1.5989376717 3.7966488609
2.7010000000 1.1429626503 1.5994959068 3.7972011757
2.7020000000 1.1443597908 1.6000534248 3.7977528801
2.7030000000 1.1457573967 1.6006102333 3.7983039742
2.7040000000 1.1471554832 1.6011663322 3.7988544502
2.7050000000 1.1485540352 1.6017217064 3.7994043236
2.7060000000 1.1499530678 1.6022763634 3.7999535866
2.7070000000 1.1513525810 1.6028303108 3.8005022392
2.7080000000 1.1527525826 1.6033835258 3.8010502739
2.7090000000 1.1541530647 1.6039360237 3.8015977058
2.7100000000 1.1555540352 1.6044877968 3.8021445198
2.7110000000 1.1569554939 1.6050388374 3.8026907158
2.7120000000 1.1583574562 1.6055891533 3.8032363091
2.7130000000 1.1597599068 1.6061387444 3.8037812843
2.7140000000 1.1611628685 1.6066875954 3.8043256493
2.7150000000 1.1625663261 1.6072357140 3.8048693962
2.7160000000 1.1639702950 1.6077830925 3.8054125328
2.7170000000 1.1653747673 1.6083297310 3.8059550514
2.7180000000 1.1667797585 1.6088756294 3.8064969597
2.7190000000 1.1681852684 1.6094207878 3.8070382500
2.7200000000 1.1695912895 1.6099651985 3.8075789299
2.7210000000 1.1709978371 1.6105088539 3.8081189919
2.7220000000 1.1724049034 1.6110517616 3.8086584435
2.7230000000 1.1738125038 1.6115939217 3.8091972771
2.7240000000 1.1752206306 1.6121353111 3.8097354927
2.7250000000 1.1766292915 1.6126759529 3.8102730904
2.7260000000 1.1780384865 1.6132158241 3.8108100777
2.7270000000 1.1794482231 1.6137549400 3.8113464470
2.7280000000 1.1808585014 1.6142932777 3.8118822060
2.7290000000 1.1822693291 1.6148308525 3.8124173470
2.7300000000 1.1836807060 1.6153676491 3.8129518623
2.7310000000 1.1850926247 1.6159036674 3.8134857674
2.7320000000 1.1865051079 1.6164389076 3.8140190620
2.7330000000 1.1879181404 1.6169733620 3.8145517311
2.7340000000 1.1893317375 1.6175070381 3.8150837898
2.7350000000 1.1907458992 1.6180399208 3.8156152306
2.7360000000 1.1921606255 1.6185720024 3.8161460457
2.7370000000 1.1935759239 1.6191032982 3.8166762505
2.7380000000 1.1949917870 1.6196337929 3.8172058449
2.7390000000 1.1964082298 1.6201634789 3.8177348137
2.7400000000 1.1978252525 1.6206923637 3.8182631645
2.7410000000 1.1992428551 1.6212204399 3.8187909050
2.7420000000 1.2006610374 1.6217476997 3.8193180275
2.7430000000 1.2020798149 1.6222741432 3.8198445244
2.7440000000 1.2034991798 1.6227997704 3.8203704109
2.7450000000 1.2049191322 1.6233245659 3.8208956795
2.7460000000 1.2063396873 1.6238485374 3.8214203300
2.7470000000 1.2077608376 1.6243716774 3.8219443703
2.7480000000 1.2091825905 1.6248939781 3.8224677849
2.7490000000 1.2106049538 1.6254154396 3.8229905815
2.7500000000 1.2120279198 1.6259360619 3.8235127678
2.7510000000 1.2134514961 1.6264558296 3.8240343361
2.7520000000 1.2148756905 1.6269747505 3.8245552864
2.7530000000 1.2163004951 1.6274928093 3.8250756187
2.7540000000 1.2177259254 1.6280100136 3.8255953331
2.7550000000 1.2191519814 1.6285263481 3.8261144295
2.7560000000 1.2205786552 1.6290418205 3.8266329155
2.7570000000 1.2220059624 1.6295564156 3.8271507835
2.7580000000 1.2234339027 1.6300701332 3.8276680336
2.7590000000 1.2248624763 1.6305829735 3.8281846733
2.7600000000 1.2262916832 1.6310949211 3.8287006874
2.7610000000 1.2277215385 1.6316059837 3.8292160912
2.7620000000 1.2291520271 1.6321161461 3.8297308769
2.7630000000 1.2305831718 1.6326254082 3.8302450523
2.7640000000 1.2320149574 1.6331337624 3.8307586098
2.7650000000 1.2334474068 1.6336412163 3.8312715569
2.7660000000 1.2348805046 1.6341477470 3.8317838783
2.7670000000 1.2363142586 1.6346533623 3.8322955971
2.7680000000 1.2377486763 1.6351580544 3.8328066902
2.7690000000 1.2391837578 1.6356618080 3.8333171806
2.7700000000 1.2406195030 1.6361646385 3.8338270531
2.7710000000 1.2420559196 1.6366665230 3.8343363075
2.7720000000 1.2434930077 1.6371674614 3.8348449516
2.7730000000 1.2449307747 1.6376674538 3.8353529854
2.7740000000 1.2463692207 1.6381664925 3.8358604088
2.7750000000 1.2478083458 1.6386645699 3.8363672142
2.7760000000 1.2492481575 1.6391616783 3.8368734093
2.7770000000 1.2506886482 1.6396578102 3.8373789940
2.7780000000 1.2521298332 1.6401529732 3.8378839684
2.7790000000 1.2535717125 1.6406471519 3.8383883247
2.7800000000 1.2550142860 1.6411403389 3.8388920784
2.7810000000 1.2564575539 1.6416325340 3.8393952217
2.7820000000 1.2579015312 1.6421237297 3.8398977547
2.7830000000 1.2593462029 1.6426139183 3.8403996773
2.7840000000 1.2607915840 1.6431030998 3.8409009895
2.7850000000 1.2622376747 1.6435912590 3.8414016914
2.7860000000 1.2636844749 1.6440783958 3.8419017906
2.7870000000 1.2651319923 1.6445645027 3.8424012794
2.7880000000 1.2665802269 1.6450495720 3.8429001656
2.7890000000 1.2680291786 1.6455335960 3.8433984413
2.7900000000 1.2694788475 1.6460165749 3.8438961143
2.7910000000 1.2709292488 1.6464985008 3.8443931770
2.7920000000 1.2723803749 1.6469793663 3.8448896370
2.7930000000 1.2738322334 1.6474591637 3.8453854942
2.7940000000 1.2752848167 1.6479378853 3.8458807411
2.7950000000 1.2767381401 1.6484155235 3.8463753929
2.7960000000 1.2781922035 1.6488920708 3.8468694344
2.7970000000 1.2796469994 1.6493675270 3.8473628807
2.7980000000 1.2811025429 1.6498418846 3.8478557243
2.7990000000 1.2825588264 1.6503151283 3.8483479576
2.8000000000 1.2840158577 1.6507872581 3.8488396034
2.8010000000 1.2854736443 1.6512582664 3.8493306389
2.8020000000 1.2869321785 1.6517281380 3.8498210869
2.8030000000 1.2883914604 1.6521968803 3.8503109245
2.8040000000 1.2898515053 1.6526644707 3.8508001747
2.8050000000 1.2913123055 1.6531309090 3.8512888222
2.8060000000 1.2927738609 1.6535961952 3.8517768745
2.8070000000 1.2942361870 1.6540603065 3.8522643242
2.8080000000 1.2956992760 1.6545232430 3.8527511864
2.8090000000 1.2971631279 1.6549849968 3.8532374535
2.8100000000 1.2986277428 1.6554455605 3.8537231255
2.8110000000 1.3000931358 1.6559049263 3.8542082100
2.8120000000 1.3015592995 1.6563630791 3.8546926994
2.8130000000 1.3030262337 1.6568200188 3.8551765938
2.8140000000 1.3044939461 1.6572757378 3.8556599083
2.8150000000 1.3059624290 1.6577302208 3.8561426201
2.8160000000 1.3074316978 1.6581834679 3.8566247520
2.8170000000 1.3089017448 1.6586354637 3.8571062965
2.8180000000 1.3103725700 1.6590861931 3.8575872459
2.8190000000 1.3118441811 1.6595356636 3.8580676155
2.8200000000 1.3133165703 1.6599838600 3.8585474052
2.8210000000 1.3147897530 1.6604307671 3.8590265999
2.8220000000 1.3162637215 1.6608763847 3.8595052147
2.8230000000 1.3177384758 1.6613206978 3.8599832497
2.8240000000 1.3192140160 1.6617636986 3.8604607048
2.8250000000 1.3206903496 1.6622053719 3.8609375801
2.8260000000 1.3221674690 1.6626457176 3.8614138680
2.8270000000 1.3236453819 1.6630847282 3.8618895836
2.8280000000 1.3251240883 1.6635223808 3.8623647194
2.8290000000 1.3266035881 1.6639586754 3.8628392830
2.8300000000 1.3280838737 1.6643935966 3.8633132668
2.8310000000 1.3295649605 1.6648271446 3.8637866783
2.8320000000 1.3310468407 1.6652592964 3.8642595100
2.8330000000 1.3325295067 1.6656900444 3.8647317772
2.8340000000 1.3340129738 1.6661193810 3.8652034721
2.8350000000 1.3354972343 1.6665472984 3.8656745949
2.8360000000 1.3369822807 1.6669737740 3.8661451454
2.8370000000 1.3384681282 1.6673988152 3.8666151390
2.8380000000 1.3399547615 1.6678223915 3.8670845528
2.8390000000 1.3414421883 1.6682445107 3.8675534096
2.8400000000 1.3429304085 1.6686651497 3.8680217018
2.8410000000 1.3444194145 1.6690842934 3.8684894295
2.8420000000 1.3459092140 1.6695019417 3.8689565926
2.8430000000 1.3473997993 1.6699180717 3.8694231987
2.8440000000 1.3488911705 1.6703326836 3.8698892479
2.8450000000 1.3503833275 1.6707457542 3.8703547325
2.8460000000 1.3518762627 1.6711572762 3.8708196602
2.8470000000 1.3533699837 1.6715672340 3.8712840385
2.8480000000 1.3548644753 1.6719756203 3.8717478600
2.8490000000 1.3563597527 1.6723824196 3.8722111244
2.8500000000 1.3578557930 1.6727876167 3.8726738396
2.8510000000 1.3593526115 1.6731912041 3.8731360054
2.8520000000 1.3608501930 1.6735931587 3.8735976219
2.8530000000 1.3623485451 1.6739934807 3.8740586891
2.8540000000 1.3638476524 1.6743921471 3.8745192146
2.8550000000 1.3653475151 1.6747891502 3.8749791908
2.8560000000 1.3668481331 1.6751844673 3.8754386253
2.8570000000 1.3683494987 1.6755780907 3.8758975182
2.8580000000 1.3698516045 1.6759700050 3.8763558769
2.8590000000 1.3713544502 1.6763601952 3.8768136864
2.8600000000 1.3728580360 1.6767486458 3.8772709618
2.8610000000 1.3743623466 1.6771353416 3.8777277031
2.8620000000 1.3758673744 1.6775202751 3.8781839104
2.8630000000 1.3773731194 1.6779034157 3.8786395836
2.8640000000 1.3788795738 1.6782847557 3.8790947227
2.8650000000 1.3803867378 1.6786642876 3.8795493279
2.8660000000 1.3818945885 1.6790419807 3.8800034142
2.8670000000 1.3834031258 1.6794178276 3.8804569740
2.8680000000 1.3849123497 1.6797918053 3.8809099998
2.8690000000 1.3864222374 1.6801639061 3.8813625069
2.8700000000 1.3879327888 1.6805341072 3.8818144951
2.8710000000 1.3894439964 1.6809023933 3.8822659569
2.8720000000 1.3909558449 1.6812687492 3.8827169075
2.8730000000 1.3924683189 1.6816331444 3.8831673393
2.8740000000 1.3939814186 1.6819955788 3.8836172523
2.8750000000 1.3954951286 1.6823560219 3.8840666542
2.8760000000 1.3970094337 1.6827144585 3.8845155449
2.8770000000 1.3985243263 1.6830708656 3.8849639244
2.8780000000 1.4000397911 1.6834252357 3.8854117928
2.8790000000 1.4015558128 1.6837775383 3.8858591576
2.8800000000 1.4030723839 1.6841277504 3.8863060188
2.8810000000 1.4045894737 1.6844758644 3.8867523766
2.8820000000 1.4061070824 1.6848218575 3.8871982384
2.8830000000 1.4076251869 1.6851656990 3.8876435890
2.8840000000 1.4091437721 1.6855073814 3.8880884514
2.8850000000 1.4106628227 1.6858468666 3.8885328178
2.8860000000 1.4121823158 1.6861841469 3.8889766884
2.8870000000 1.4137022285 1.6865191994 3.8894200706
2.8880000000 1.4152225456 1.6868519936 3.8898629570
2.8890000000 1.4167432442 1.6871825066 3.8903053627
2.8900000000 1.4182643013 1.6875107231 3.8907472801
2.8910000000 1.4197857018 1.6878366203 3.8911887093
2.8920000000 1.4213074074 1.6881601601 3.8916296654
2.8930000000 1.4228294106 1.6884813347 3.8920701332
2.8940000000 1.4243516655 1.6888001137 3.8925101280
2.8950000000 1.4258741646 1.6891164589 3.8929496422
2.8960000000 1.4273968620 1.6894303627 3.8933886909
2.8970000000 1.4289197426 1.6897417946 3.8938272591
2.8980000000 1.4304427605 1.6900507240 3.8942653618
2.8990000000 1.4319659004 1.6903571205 3.8947029991
2.9000000000 1.4334891167 1.6906609688 3.8951401711
2.9010000000 1.4350123787 1.6909622231 3.8955768776
2.9020000000 1.4365356560 1.6912608681 3.8960131187
2.9030000000 1.4380589027 1.6915568733 3.8964489021
2.9040000000 1.4395820808 1.6918502083 3.8968842354
2.9050000000 1.4411051598 1.6921408424 3.8973191109
2.9060000000 1.4426280785 1.6924287376 3.8977535286
2.9070000000 1.4441508064 1.6927138786 3.8981875038
2.9080000000 1.4456732979 1.6929962120 3.8986210213
2.9090000000 1.4471954994 1.6932757225 3.8990541039
2.9100000000 1.4487173653 1.6935523720 3.8994867363
2.9110000000 1.4502388420 1.6938261299 3.8999189262
2.9120000000 1.4517598839 1.6940969505 3.9003506813
2.9130000000 1.4532804222 1.6943648109 3.9007820015
2.9140000000 1.4548004036 1.6946296730 3.9012128792
2.9150000000 1.4563197746 1.6948914909 3.9016433296
2.9160000000 1.4578384666 1.6951502342 3.9020733528
2.9170000000 1.4593564110 1.6954058723 3.9025029411
2.9180000000 1.4608735466 1.6956583519 3.9029321098
2.9190000000 1.4623898048 1.6959076424 3.9033608589
2.9200000000 1.4639051094 1.6961536980 3.9037891808
2.9210000000 1.4654193840 1.6963964806 3.9042170906
2.9220000000 1.4669325447 1.6966359520 3.9046445808
2.9230000000 1.4684445229 1.6968720589 3.9050716667
2.9240000000 1.4699552193 1.6971047630 3.9054983330
2.9250000000 1.4714645576 1.6973340263 3.9059245949
2.9260000000 1.4729724388 1.6975597878 3.9063504524
2.9270000000 1.4744787712 1.6977820091 3.9067759056
2.9280000000 1.4759834557 1.6980006447 3.9072009544
2.9290000000 1.4774863853 1.6982156410 3.9076256065
2.9300000000 1.4789874535 1.6984269447 3.9080498695
2.9310000000 1.4804865608 1.6986345177 3.9084737358
2.9320000000 1.4819835777 1.6988382912 3.9088972130
2.9330000000 1.4834783897 1.6990382118 3.9093203011
2.9340000000 1.4849708748 1.6992342339 3.9097430077
2.9350000000 1.4864609108 1.6994263039 3.9101653252
2.9360000000 1.4879483528 1.6996143532 3.9105872688
2.9370000000 1.4894330635 1.6997983208 3.9110088310
2.9380000000 1.4909149055 1.6999781609 3.9114300194
2.9390000000 1.4923937263 1.7001537895 3.9118508415
2.9400000000 1.4938693733 1.7003251686 3.9122712898
2.9410000000 1.4953416786 1.7004922066 3.9126913719
2.9420000000 1.4968104820 1.7006548576 3.9131110878
2.9430000000 1.4982756157 1.7008130379 3.9135304527
2.9440000000 1.4997368889 1.7009666786 3.9139494514
2.9450000000 1.5011941261 1.7011157188 3.9143680916
2.9460000000 1.5026471214 1.7012600670 3.9147863884
2.9470000000 1.5040956917 1.7013996620 3.9152043266
2.9480000000 1.5055396156 1.7015344124 3.9156219215
2.9490000000 1.5069786797 1.7016642418 3.9160391731
2.9500000000 1.5084126701 1.7017890739 3.9164560814
2.9510000000 1.5098413506 1.7019088097 3.9168726540
2.9520000000 1.5112644768 1.7020233650 3.9172888908
2.9530000000 1.5126818047 1.7021326561 3.9177047920
2.9540000000 1.5140930748 1.7022365837 3.9181203575
2.9550000000 1.5154980202 1.7023350487 3.9185356026
2.9560000000 1.5168963585 1.7024279594 3.9189505272
2.9570000000 1.5182878151 1.7025152092 3.9193651237
2.9580000000 1.5196720772 1.7025966911 3.9197794075
2.9590000000 1.5210488396 1.7026722984 3.9201933708
2.9600000000 1.5224177895 1.7027419090 3.9206070213
2.9610000000 1.5237785759 1.7028054237 3.9210203667
2.9620000000 1.5251308708 1.7028627129 3.9214333992
2.9630000000 1.5264742928 1.7029136543 3.9218461342
2.9640000000 1.5278084831 1.7029581108 3.9222585640
2.9650000000 1.5291330528 1.7029959679 3.9226706963
2.9660000000 1.5304475822 1.7030270653 3.9230825310
2.9670000000 1.5317516594 1.7030512810 3.9234940834
2.9680000000 1.5330448418 1.7030684624 3.9239053383
2.9690000000 1.5343266640 1.7030784492 3.9243163109
2.9700000000 1.5355966454 1.7030810890 3.9247270012
2.9710000000 1.5368542900 1.7030762138 3.9251374092
2.9720000000 1.5380990486 1.7030636635 3.9255475426
2.9730000000 1.5393303871 1.7030432396 3.9259574089
2.9740000000 1.5405476952 1.7030147820 3.9263669930
2.9750000000 1.5417503624 1.7029780769 3.9267763176
2.9760000000 1.5429377251 1.7029329414 3.9271853752
2.9770000000 1.5441090736 1.7028791542 3.9275941734
2.9780000000 1.5452636681 1.7028165016 3.9280027199
2.9790000000 1.5464006767 1.7027447700 3.9284109993
2.9800000000 1.5475192223 1.7026637077 3.9288190346
2.9810000000 1.5486183510 1.7025730705 3.9292268181
2.9820000000 1.5496969872 1.7024725990 3.9296343651
2.9830000000 1.5507539482 1.7023620262 3.9300416603
2.9840000000 1.5517878990 1.7022410698 3.9304487190
2.9850000000 1.5527972984 1.7021094322 3.9308555412
2.9860000000 1.5537803612 1.7019667931 3.9312621346
2.9870000000 1.5547349205 1.7018128395 3.9316684990
2.9880000000 1.5556583366 1.7016472130 3.9320746346
2.9890000000 1.5565471992 1.7014695549 3.9324805489
2.9900000000 1.5573968697 1.7012794838 3.9328862419
2.9910000000 1.5582004967 1.7010765953 3.9332917137
2.9920000000 1.5589463921 1.7008604622 3.9336969795
2.9930000000 1.5596068611 1.7006306267 3.9341020393
2.9940000000 1.5601618767 1.7003866234 3.9345068855
2.9950000000 1.5608526955 1.7001279335 3.9349115257
2.9960000000 1.5616251030 1.6998540154 3.9353159752
2.9970000000 1.5624589882 1.6995643044 3.9357202187
2.9980000000 1.5633453712 1.6992581902 3.9361242790
2.9990000000 1.5642791710 1.6989350014 3.9365281410
3.0000000000 1.5652572136 1.6985940514 3.9369318199
3.0010000000 1.5662774315 1.6982345772 3.9373353157
3.0020000000 1.5673384895 1.6978557930 3.9377386284
3.0030000000 1.5684395409 1.6974568062 3.9381417656
3.0040000000 1.5695801430 1.6970367012 3.9385447350
3.0050000000 1.5707601585 1.6965944481 3.9389475288
3.0060000000 1.5719797096 1.6961289482 3.9393501549
3.0070000000 1.5732391624 1.6956390114 3.9397526207
3.0080000000 1.5745390968 1.6951233177 3.9401549263
3.0090000000 1.5758803139 1.6945804558 3.9405570717
3.0100000000 1.5772638206 1.6940088310 3.9409590645
3.0110000000 1.5786908531 1.6934067192 3.9413609123
3.0120000000 1.5801628838 1.6927722054 3.9417626076
3.0130000000 1.5816816521 1.6921031303 3.9421641655
3.0140000000 1.5832491798 1.6913971214 3.9425655785
3.0150000000 1.5848678169 1.6906514778 3.9429668617
3.0160000000 1.5865403023 1.6898631554 3.9433680077
3.0170000000 1.5882698250 1.6890286980 3.9437690239
3.0180000000 1.5900601006 1.6881441231 3.9441699104
3.0190000000 1.5919154778 1.6872048378 3.9445706825
3.0200000000 1.5938411140 1.6862054787 3.9449713325
3.0210000000 1.5958431206 1.6851397057 3.9453718605
3.0220000000 1.5979288750 1.6839999657 3.9457722816
3.0230000000 1.6001073418 1.6827771034 3.9461725960
3.0240000000 1.6023896294 1.6814598503 3.9465728035
3.0250000000 1.6047897148 1.6800340691 3.9469729042
3.0260000000 1.6073256111 1.6784815941 3.9473729134
3.0270000000 1.6100211983 1.6767784081 3.9477728233
3.0280000000 1.6129092674 1.6748915901 3.9481726418
3.0290000000 1.6160370369 1.6727737923 3.9485723686
3.0300000000 1.6194769554 1.6703524513 3.9489720116
3.0310000000 1.6233510323 1.6675054512 3.9493715782
3.0320000000 1.6278975487 1.6639943962 3.9497710609
3.0330000000 1.6337354622 1.6592002296 3.9501704750
