0.0001000000 0.9999999951
0.0011000000 0.9999998682
0.0021000000 0.9999995166
0.0031000000 0.9999989502
0.0041000000 0.9999981592
0.0051000000 0.9999971436
0.0061000000 0.9999959229
0.0071000000 0.9999944678
0.0081000000 0.9999928076
0.0091000000 0.9999909229
0.0101000000 0.9999888135
0.0111000000 0.9999864893
0.0121000000 0.9999839502
0.0131000000 0.9999811865
0.0141000000 0.9999782080
0.0151000000 0.9999750049
0.0161000000 0.9999715869
0.0171000000 0.9999679541
0.0181000000 0.9999640967
0.0191000000 0.9999600244
0.0201000000 0.9999557275
0.0211000000 0.9999512256
0.0221000000 0.9999464990
0.0231000000 0.9999415479
0.0241000000 0.9999363916
0.0251000000 0.9999310107
0.0261000000 0.9999254150
0.0271000000 0.9999196045
0.0281000000 0.9999135693
0.0291000000 0.9999073291
0.0301000000 0.9999008643
0.0311000000 0.9998941846
0.0321000000 0.9998872900
0.0331000000 0.9998801807
0.0341000000 0.9998728467
0.0351000000 0.9998653076
0.0361000000 0.9998575537
0.0371000000 0.9998495850
0.0381000000 0.9998413916
0.0391000000 0.9998329932
0.0401000000 0.9998243799
0.0411000000 0.9998155518
0.0421000000 0.9998065088
0.0431000000 0.9997972607
0.0441000000 0.9997877881
0.0451000000 0.9997781104
0.0461000000 0.9997682178
0.0471000000 0.9997581201
0.0481000000 0.9997477979
0.0491000000 0.9997372705
0.0501000000 0.9997265381
0.0511000000 0.9997155908
0.0521000000 0.9997044287
0.0531000000 0.9996930615
0.0541000000 0.9996814893
0.0551000000 0.9996697021
0.0561000000 0.9996577100
0.0571000000 0.9996455029
0.0581000000 0.9996330908
0.0591000000 0.9996204736
0.0601000000 0.9996076514
0.0611000000 0.9995946143
0.0621000000 0.9995813818
0.0631000000 0.9995679346
0.0641000000 0.9995542920
0.0651000000 0.9995404346
0.0661000000 0.9995263721
0.0671000000 0.9995121143
0.0681000000 0.9994976514
0.0691000000 0.9994829834
0.0701000000 0.9994681104
0.0711000000 0.9994530420
0.0721000000 0.9994377588
0.0731000000 0.9994222900
0.0741000000 0.9994066162
0.0751000000 0.9993907373
0.0761000000 0.9993746631
0.0771000000 0.9993583838
0.0781000000 0.9993419189
0.0791000000 0.9993252490
0.0801000000 0.9993083740
0.0811000000 0.9992913135
0.0821000000 0.9992740576
0.0831000000 0.9992565967
0.0841000000 0.9992389502
0.0851000000 0.9992210986
0.0861000000 0.9992030615
0.0871000000 0.9991848291
0.0881000000 0.9991664111
0.0891000000 0.9991477881
0.0901000000 0.9991289795
0.0911000000 0.9991099854
0.0921000000 0.9990907959
0.0931000000 0.9990714209
0.0941000000 0.9990518506
0.0951000000 0.9990320947
0.0961000000 0.9990121533
0.0971000000 0.9989920264
0.0981000000 0.9989717139
0.0991000000 0.9989512061
0.1001000000 0.9989305225
0.1011000000 0.9989096533
0.1021000000 0.9988885986
0.1031000000 0.9988673682
0.1041000000 0.9988459521
0.1051000000 0.9988243506
0.1061000000 0.9988025732
0.1071000000 0.9987806201
0.1081000000 0.9987584814
0.1091000000 0.9987361670
0.1101000000 0.9987136768
0.1111000000 0.9986910010
0.1121000000 0.9986681592
0.1131000000 0.9986451416
0.1141000000 0.9986219482
0.1151000000 0.9985985791
0.1161000000 0.9985750342
0.1171000000 0.9985513232
0.1181000000 0.9985274365
0.1191000000 0.9985033838
0.1201000000 0.9984791650
0.1211000000 0.9984547705
0.1221000000 0.9984302100
0.1231000000 0.9984054932
0.1241000000 0.9983806006
0.1251000000 0.9983555420
0.1261000000 0.9983303174
0.1271000000 0.9983049365
0.1281000000 0.9982793896
0.1291000000 0.9982536768
0.1301000000 0.9982278076
0.1311000000 0.9982017822
0.1321000000 0.9981755908
0.1331000000 0.9981492432
0.1341000000 0.9981227393
0.1351000000 0.9980960889
0.1361000000 0.9980692725
0.1371000000 0.9980422998
0.1381000000 0.9980151807
0.1391000000 0.9979879053
0.1401000000 0.9979604834
0.1411000000 0.9979329053
0.1421000000 0.9979051807
0.1431000000 0.9978773096
0.1441000000 0.9978492822
0.1451000000 0.9978211182
0.1461000000 0.9977928076
0.1471000000 0.9977643506
0.1481000000 0.9977357471
0.1491000000 0.9977070068
0.1501000000 0.9976781201
0.1511000000 0.9976490967
0.1521000000 0.9976199365
0.1531000000 0.9975906299
0.1541000000 0.9975611963
0.1551000000 0.9975316260
0.1561000000 0.9975019092
0.1571000000 0.9974720654
0.1581000000 0.9974420947
0.1591000000 0.9974119873
0.1601000000 0.9973817432
0.1611000000 0.9973513818
0.1621000000 0.9973208838
0.1631000000 0.9972902588
0.1641000000 0.9972595068
0.1651000000 0.9972286377
0.1661000000 0.9971976318
0.1671000000 0.9971665186
0.1681000000 0.9971352686
0.1691000000 0.9971039111
0.1701000000 0.9970724268
0.1711000000 0.9970408252
0.1721000000 0.9970091064
0.1731000000 0.9969772705
0.1741000000 0.9969453271
0.1751000000 0.9969132666
0.1761000000 0.9968810889
0.1771000000 0.9968488135
0.1781000000 0.9968164111
0.1791000000 0.9967839111
0.1801000000 0.9967513037
0.1811000000 0.9967185889
0.1821000000 0.9966857666
0.1831000000 0.9966528467
0.1841000000 0.9966198193
0.1851000000 0.9965866943
0.1861000000 0.9965534717
0.1871000000 0.9965201416
0.1881000000 0.9964867236
0.1891000000 0.9964532080
0.1901000000 0.9964195947
0.1911000000 0.9963858838
0.1921000000 0.9963520850
0.1931000000 0.9963181982
0.1941000000 0.9962842236
0.1951000000 0.9962501611
0.1961000000 0.9962160010
0.1971000000 0.9961817725
0.1981000000 0.9961474463
0.1991000000 0.9961130420
0.2001000000 0.9960785596
0.2011000000 0.9960439893
0.2021000000 0.9960093506
0.2031000000 0.9959746240
0.2041000000 0.9959398291
0.2051000000 0.9959049658
0.2061000000 0.9958700146
0.2071000000 0.9958350049
0.2081000000 0.9957999170
0.2091000000 0.9957647607
0.2101000000 0.9957295459
0.2111000000 0.9956942529
0.2121000000 0.9956589014
0.2131000000 0.9956234912
0.2141000000 0.9955880127
0.2151000000 0.9955524756
0.2161000000 0.9955168799
0.2171000000 0.9954812256
0.2181000000 0.9954455127
0.2191000000 0.9954097510
0.2201000000 0.9953739404
0.2211000000 0.9953380713
0.2221000000 0.9953021533
0.2231000000 0.9952661865
0.2241000000 0.9952301807
0.2251000000 0.9951941260
0.2261000000 0.9951580225
0.2271000000 0.9951218799
0.2281000000 0.9950856982
0.2291000000 0.9950494775
0.2301000000 0.9950132080
0.2311000000 0.9949769189
0.2321000000 0.9949405811
0.2331000000 0.9949042236
0.2341000000 0.9948678271
0.2351000000 0.9948314014
0.2361000000 0.9947949463
0.2371000000 0.9947584717
0.2381000000 0.9947219580
0.2391000000 0.9946854346
0.2401000000 0.9946488818
0.2411000000 0.9946123096
0.2421000000 0.9945757178
0.2431000000 0.9945391162
0.2441000000 0.9945024951
0.2451000000 0.9944658545
0.2461000000 0.9944292139
0.2471000000 0.9943925537
0.2481000000 0.9943558838
0.2491000000 0.9943192139
0.2501000000 0.9942825342
0.2511000000 0.9942458447
0.2521000000 0.9942091650
0.2531000000 0.9941724756
0.2541000000 0.9941357861
0.2551000000 0.9940991064
0.2561000000 0.9940624268
0.2571000000 0.9940257568
0.2581000000 0.9939890967
0.2591000000 0.9939524365
0.2601000000 0.9939157959
0.2611000000 0.9938791650
0.2621000000 0.9938425537
0.2631000000 0.9938059521
0.2641000000 0.9937693701
0.2651000000 0.9937328174
0.2661000000 0.9936962744
0.2671000000 0.9936597607
0.2681000000 0.9936232666
0.2691000000 0.9935868115
0.2701000000 0.9935503760
0.2711000000 0.9935139697
0.2721000000 0.9934776025
0.2731000000 0.9934412646
0.2741000000 0.9934049658
0.2751000000 0.9933687061
0.2761000000 0.9933324854
0.2771000000 0.9932963037
0.2781000000 0.9932601611
0.2791000000 0.9932240674
0.2801000000 0.9931880225
0.2811000000 0.9931520264
0.2821000000 0.9931160791
0.2831000000 0.9930801807
0.2841000000 0.9930443408
0.2851000000 0.9930085596
0.2861000000 0.9929728271
0.2871000000 0.9929371631
0.2881000000 0.9929015576
0.2891000000 0.9928660205
0.2901000000 0.9928305420
0.2911000000 0.9927951318
0.2921000000 0.9927597900
0.2931000000 0.9927245264
0.2941000000 0.9926893311
0.2951000000 0.9926542041
0.2961000000 0.9926191650
0.2971000000 0.9925841943
0.2981000000 0.9925493115
0.2991000000 0.9925145068
