0.0861000000 2.1018429443 2.4757557373
0.0871000000 2.1018858154 2.4758265479
0.0881000000 2.1019291748 2.4758981494
0.0891000000 2.1019730127 2.4759705713
0.0901000000 2.1020173389 2.4760437939
0.0911000000 2.1020621533 2.4761178174
0.0921000000 2.1021074463 2.4761926514
0.0931000000 2.1021532275 2.4762682861
0.0941000000 2.1021994971 2.4763447217
0.0951000000 2.1022462451 2.4764219678
0.0961000000 2.1022934814 2.4765000147
0.0971000000 2.1023411963 2.4765788623
0.0981000000 2.1023893994 2.4766585107
0.0991000000 2.1024380811 2.4767389697
0.1001000000 2.1024872412 2.4768202197
0.1011000000 2.1025368896 2.4769022803
0.1021000000 2.1025870264 2.4769851416
0.1031000000 2.1026376318 2.4770687939
0.1041000000 2.1026887256 2.4771532568
0.1051000000 2.1027402979 2.4772385107
0.1061000000 2.1027923584 2.4773245654
0.1071000000 2.1028448877 2.4774114209
0.1081000000 2.1028979053 2.4774990772
0.1091000000 2.1029514014 2.4775875244
0.1101000000 2.1030053662 2.4776767725
0.1111000000 2.1030598193 2.4777668213
0.1121000000 2.1031147510 2.4778576611
0.1131000000 2.1031701611 2.4779493018
0.1141000000 2.1032260498 2.4780417334
0.1151000000 2.1032824072 2.4781349561
0.1161000000 2.1033392529 2.4782289795
0.1171000000 2.1033965674 2.4783237939
0.1181000000 2.1034543604 2.4784194092
0.1191000000 2.1035126221 2.4785158057
0.1201000000 2.1035713721 2.4786130029
0.1211000000 2.1036305908 2.4787109814
0.1221000000 2.1036902783 2.4788097607
0.1231000000 2.1037504443 2.4789093311
0.1241000000 2.1038110889 2.4790096924
0.1251000000 2.1038722021 2.4791108350
0.1261000000 2.1039337939 2.4792127783
0.1271000000 2.1039958545 2.4793155029
0.1281000000 2.1040583838 2.4794190186
0.1291000000 2.1041213916 2.4795233154
0.1301000000 2.1041848682 2.4796284033
0.1311000000 2.1042488135 2.4797342822
0.1321000000 2.1043132275 2.4798409424
0.1331000000 2.1043781201 2.4799483936
0.1341000000 2.1044434717 2.4800566260
0.1351000000 2.1045093018 2.4801656397
0.1361000000 2.1045755908 2.4802754443
0.1371000000 2.1046423584 2.4803860303
0.1381000000 2.1047095947 2.4804973975
0.1391000000 2.1047772900 2.4806095459
0.1401000000 2.1048454541 2.4807224756
0.1411000000 2.1049140869 2.4808361865
0.1421000000 2.1049831885 2.4809506787
0.1431000000 2.1050527588 2.4810659522
0.1441000000 2.1051227881 2.4811819971
0.1451000000 2.1051932861 2.4812988330
0.1461000000 2.1052642432 2.4814164404
0.1471000000 2.1053356689 2.4815348291
0.1481000000 2.1054075537 2.4816539893
0.1491000000 2.1054799072 2.4817739307
0.1501000000 2.1055527197 2.4818946436
0.1511000000 2.1056259912 2.4820161279
0.1521000000 2.1056997314 2.4821383936
0.1531000000 2.1057739307 2.4822614307
0.1541000000 2.1058485889 2.4823852490
0.1551000000 2.1059237158 2.4825098291
0.1561000000 2.1059992920 2.4826351904
0.1571000000 2.1060753369 2.4827613135
0.1581000000 2.1061518311 2.4828882080
0.1591000000 2.1062287842 2.4830158838
0.1601000000 2.1063062061 2.4831443213
0.1611000000 2.1063840771 2.4832735205
0.1621000000 2.1064624072 2.4834035010
0.1631000000 2.1065411865 2.4835342432
0.1641000000 2.1066204346 2.4836657471
0.1651000000 2.1067001318 2.4837980225
0.1661000000 2.1067802881 2.4839310693
0.1671000000 2.1068608936 2.4840648779
0.1681000000 2.1069419482 2.4841994482
0.1691000000 2.1070234717 2.4843347803
0.1701000000 2.1071054346 2.4844708740
0.1711000000 2.1071878564 2.4846077393
0.1721000000 2.1072707275 2.4847453564
0.1731000000 2.1073540479 2.4848837354
0.1741000000 2.1074378271 2.4850228760
0.1751000000 2.1075220557 2.4851627783
0.1761000000 2.1076067334 2.4853034424
0.1771000000 2.1076918506 2.4854448584
0.1781000000 2.1077774268 2.4855870361
0.1791000000 2.1078634521 2.4857299658
0.1801000000 2.1079499268 2.4858736572
0.1811000000 2.1080368408 2.4860181006
0.1821000000 2.1081242041 2.4861632959
0.1831000000 2.1082120166 2.4863092529
0.1841000000 2.1083002783 2.4864559522
0.1851000000 2.1083889795 2.4866034131
0.1861000000 2.1084781201 2.4867516260
0.1871000000 2.1085677197 2.4869005811
0.1881000000 2.1086577490 2.4870502979
0.1891000000 2.1087482275 2.4872007568
0.1901000000 2.1088391553 2.4873519678
0.1911000000 2.1089305127 2.4875039209
0.1921000000 2.1090223193 2.4876566260
0.1931000000 2.1091145654 2.4878100830
0.1941000000 2.1092072510 2.4879642822
0.1951000000 2.1093003760 2.4881192236
0.1961000000 2.1093939502 2.4882749170
0.1971000000 2.1094879541 2.4884313428
0.1981000000 2.1095823975 2.4885885205
0.1991000000 2.1096772803 2.4887464404
0.2001000000 2.1097725928 2.4889050928
0.2011000000 2.1098683545 2.4890644971
0.2021000000 2.1099645459 2.4892246338
0.2031000000 2.1100611670 2.4893855127
0.2041000000 2.1101582275 2.4895471240
0.2051000000 2.1102557275 2.4897094775
0.2061000000 2.1103536572 2.4898725732
0.2071000000 2.1104520166 2.4900364014
0.2081000000 2.1105508154 2.4902009619
0.2091000000 2.1106500439 2.4903662549
0.2101000000 2.1107497021 2.4905322900
0.2111000000 2.1108497998 2.4906990576
0.2121000000 2.1109503174 2.4908665479
0.2131000000 2.1110512646 2.4910347803
0.2141000000 2.1111526514 2.4912037354
0.2151000000 2.1112544580 2.4913734229
0.2161000000 2.1113566943 2.4915438428
0.2171000000 2.1114593604 2.4917149854
0.2181000000 2.1115624561 2.4918868604
0.2191000000 2.1116659717 2.4920594580
0.2201000000 2.1117699170 2.4922327783
0.2211000000 2.1118742920 2.4924068311
0.2221000000 2.1119790869 2.4925816064
0.2231000000 2.1120843018 2.4927571045
0.2241000000 2.1121899463 2.4929333252
0.2251000000 2.1122960107 2.4931102686
0.2261000000 2.1124025049 2.4932879248
0.2271000000 2.1125094092 2.4934663135
0.2281000000 2.1126167432 2.4936454150
0.2291000000 2.1127244971 2.4938252393
0.2301000000 2.1128326709 2.4940057764
0.2311000000 2.1129412549 2.4941870264
0.2321000000 2.1130502686 2.4943689990
0.2331000000 2.1131596924 2.4945516846
0.2341000000 2.1132695459 2.4947350928
0.2351000000 2.1133798096 2.4949192041
0.2361000000 2.1134904834 2.4951040283
0.2371000000 2.1136015869 2.4952895752
0.2381000000 2.1137130908 2.4954758154
0.2391000000 2.1138250244 2.4956627783
0.2401000000 2.1139373584 2.4958504541
0.2411000000 2.1140501123 2.4960388232
0.2421000000 2.1141632764 2.4962279150
0.2431000000 2.1142768604 2.4964177100
0.2441000000 2.1143908545 2.4966082080
0.2451000000 2.1145052490 2.4967994092
0.2461000000 2.1146200635 2.4969913135
0.2471000000 2.1147352881 2.4971839209
0.2481000000 2.1148509229 2.4973772412
0.2491000000 2.1149669580 2.4975712549
0.2501000000 2.1150834033 2.4977659619
0.2511000000 2.1152002588 2.4979613818
0.2521000000 2.1153175244 2.4981574951
0.2531000000 2.1154351904 2.4983543115
0.2541000000 2.1155532666 2.4985518213
0.2551000000 2.1156717529 2.4987500244
0.2561000000 2.1157906299 2.4989489209
0.2571000000 2.1159099170 2.4991485205
0.2581000000 2.1160296143 2.4993488037
0.2591000000 2.1161497021 2.4995497900
0.2601000000 2.1162702002 2.4997514600
0.2611000000 2.1163910986 2.4999538330
0.2621000000 2.1165123975 2.5001568799
0.2631000000 2.1166340967 2.5003606299
0.2641000000 2.1167561963 2.5005650635
0.2651000000 2.1168786865 2.5007701807
0.2661000000 2.1170015869 2.5009759912
0.2671000000 2.1171248779 2.5011824854
0.2681000000 2.1172485693 2.5013896631
0.2691000000 2.1173726514 2.5015975244
0.2701000000 2.1174971338 2.5018060693
0.2711000000 2.1176220166 2.5020152881
0.2721000000 2.1177472900 2.5022252002
0.2731000000 2.1178729541 2.5024357861
0.2741000000 2.1179990088 2.5026470557
0.2751000000 2.1181254639 2.5028589990
0.2761000000 2.1182523096 2.5030716260
0.2771000000 2.1183795459 2.5032849268
0.2781000000 2.1185071729 2.5034989014
0.2791000000 2.1186351904 2.5037135498
0.2801000000 2.1187635986 2.5039288721
0.2811000000 2.1188923877 2.5041448682
0.2821000000 2.1190215771 2.5043615381
0.2831000000 2.1191511475 2.5045788818
0.2841000000 2.1192811084 2.5047968897
0.2851000000 2.1194114502 2.5050155713
0.2861000000 2.1195421826 2.5052349268
0.2871000000 2.1196733057 2.5054549365
0.2881000000 2.1198047998 2.5056756201
0.2891000000 2.1199366846 2.5058969678
0.2901000000 2.1200689600 2.5061189795
0.2911000000 2.1202016064 2.5063416553
0.2921000000 2.1203346436 2.5065649951
0.2931000000 2.1204680615 2.5067889990
0.2941000000 2.1206018604 2.5070136670
0.2951000000 2.1207360303 2.5072389893
0.2961000000 2.1208705908 2.5074649658
0.2971000000 2.1210055322 2.5076916064
0.2981000000 2.1211408447 2.5079189014
0.2991000000 2.1212765381 2.5081468604
