0.0161000000 0.0082299561
0.0241000000 0.0123181982
0.0251000000 0.0128291455
0.0321000000 0.0164050439
0.0331000000 0.0169157764
0.0341000000 0.0174264795
0.0351000000 0.0179371533
0.0361000000 0.0184477979
0.0371000000 0.0189584033
0.0381000000 0.0194689795
0.0391000000 0.0199795264
0.0401000000 0.0204900244
0.0411000000 0.0210004932
0.0421000000 0.0215109326
0.0431000000 0.0220213232
0.0441000000 0.0225316748
0.0451000000 0.0230419873
0.0461000000 0.0235522607
0.0471000000 0.0240624951
0.0481000000 0.0245726807
0.0491000000 0.0250828271
0.0501000000 0.0255929248
0.0511000000 0.0261029834
0.0521000000 0.0266129932
0.0531000000 0.0271229541
0.0541000000 0.0276328662
0.0551000000 0.0281427295
0.0561000000 0.0286525439
0.0571000000 0.0291622998
0.0581000000 0.0296720166
0.0591000000 0.0301816748
0.0601000000 0.0306912744
0.0611000000 0.0312008252
0.0621000000 0.0317103271
0.0631000000 0.0322197607
0.0641000000 0.0327291455
0.0651000000 0.0332384619
0.0661000000 0.0337477295
0.0671000000 0.0342569287
0.0681000000 0.0347660791
0.0691000000 0.0352751611
0.0701000000 0.0357841748
0.0711000000 0.0362931299
0.0721000000 0.0368020166
0.0731000000 0.0373108447
0.0741000000 0.0378196045
0.0751000000 0.0383282959
0.0761000000 0.0388369189
0.0771000000 0.0393454736
0.0781000000 0.0398539502
0.0791000000 0.0403623682
0.0801000000 0.0408707080
0.0811000000 0.0413789697
0.0821000000 0.0418871729
0.0831000000 0.0423952881
0.0841000000 0.0429033350
0.0851000000 0.0434113037
0.0861000000 0.0439191943
0.0871000000 0.0444270068
0.0881000000 0.0449347412
0.0891000000 0.0454423877
0.0901000000 0.0459499658
0.0911000000 0.0464574561
0.0921000000 0.0469648584
0.0931000000 0.0474721826
0.0941000000 0.0479794287
0.0951000000 0.0484865771
0.0961000000 0.0489936475
0.0971000000 0.0495006299
0.0981000000 0.0500075146
0.0991000000 0.0505143213
0.1001000000 0.0510210400
0.1011000000 0.0515276611
0.1021000000 0.0520341846
0.1031000000 0.0525406299
0.1041000000 0.0530469678
0.1051000000 0.0535532178
0.1061000000 0.0540593701
0.1071000000 0.0545654248
0.1081000000 0.0550713916
0.1091000000 0.0555772510
0.1101000000 0.0560830127
0.1111000000 0.0565886768
0.1121000000 0.0570942432
0.1131000000 0.0575997021
0.1141000000 0.0581050537
0.1151000000 0.0586103076
0.1161000000 0.0591154541
0.1171000000 0.0596205029
0.1181000000 0.0601254346
0.1191000000 0.0606302686
0.1201000000 0.0611349854
0.1211000000 0.0616396045
0.1221000000 0.0621441064
0.1231000000 0.0626484912
0.1241000000 0.0631527783
0.1251000000 0.0636569385
0.1261000000 0.0641609912
0.1271000000 0.0646649365
0.1281000000 0.0651687549
0.1291000000 0.0656724658
0.1301000000 0.0661760498
0.1311000000 0.0666795264
0.1321000000 0.0671828760
0.1331000000 0.0676861084
0.1341000000 0.0681892236
0.1351000000 0.0686922119
0.1361000000 0.0691950732
0.1371000000 0.0696978174
0.1381000000 0.0702004346
0.1391000000 0.0707029248
0.1401000000 0.0712052979
0.1411000000 0.0717075342
0.1421000000 0.0722096436
0.1431000000 0.0727116260
0.1441000000 0.0732134814
0.1451000000 0.0737152002
0.1461000000 0.0742167920
0.1471000000 0.0747182471
0.1481000000 0.0752195654
0.1491000000 0.0757207568
0.1501000000 0.0762218115
0.1511000000 0.0767227295
0.1521000000 0.0772235107
0.1531000000 0.0777241455
0.1541000000 0.0782246533
0.1551000000 0.0787250146
0.1561000000 0.0792252393
0.1571000000 0.0797253174
0.1581000000 0.0802252490
0.1591000000 0.0807250439
0.1601000000 0.0812246924
0.1611000000 0.0817242041
0.1621000000 0.0822235596
0.1631000000 0.0827227686
0.1641000000 0.0832218311
0.1651000000 0.0837207471
0.1661000000 0.0842195068
0.1671000000 0.0847181201
0.1681000000 0.0852165869
0.1691000000 0.0857148975
0.1701000000 0.0862130518
0.1711000000 0.0867110498
0.1721000000 0.0872089014
0.1731000000 0.0877065869
0.1741000000 0.0882041260
0.1751000000 0.0887014990
0.1761000000 0.0891987158
0.1771000000 0.0896957764
0.1781000000 0.0901926709
0.1791000000 0.0906894092
0.1801000000 0.0911859814
0.1811000000 0.0916823877
0.1821000000 0.0921786377
0.1831000000 0.0926747119
0.1841000000 0.0931706299
0.1851000000 0.0936663818
0.1861000000 0.0941619580
0.1871000000 0.0946573682
0.1881000000 0.0951526123
0.1891000000 0.0956476904
0.1901000000 0.0961425928
0.1911000000 0.0966373193
0.1921000000 0.0971318701
0.1931000000 0.0976262549
0.1941000000 0.0981204639
0.1951000000 0.0986144971
0.1961000000 0.0991083545
0.1971000000 0.0996020361
0.1981000000 0.1000955322
0.1991000000 0.1005888525
0.2001000000 0.1010819971
0.2011000000 0.1015749561
0.2021000000 0.1020677393
0.2031000000 0.1025603369
0.2041000000 0.1030527490
0.2051000000 0.1035449756
0.2061000000 0.1040370264
0.2071000000 0.1045288818
0.2081000000 0.1050205518
0.2091000000 0.1055120361
0.2101000000 0.1060033350
0.2111000000 0.1064944385
0.2121000000 0.1069853564
0.2131000000 0.1074760791
0.2141000000 0.1079666162
0.2151000000 0.1084569580
0.2161000000 0.1089471045
0.2171000000 0.1094370557
0.2181000000 0.1099268115
0.2191000000 0.1104163721
0.2201000000 0.1109057373
0.2211000000 0.1113948975
0.2221000000 0.1118838623
0.2231000000 0.1123726318
0.2241000000 0.1128611963
0.2251000000 0.1133495654
0.2261000000 0.1138377295
0.2271000000 0.1143256885
0.2281000000 0.1148134521
0.2291000000 0.1153010010
0.2301000000 0.1157883447
0.2311000000 0.1162754932
0.2321000000 0.1167624268
0.2331000000 0.1172491455
0.2341000000 0.1177356689
0.2351000000 0.1182219775
0.2361000000 0.1187080713
0.2371000000 0.1191939600
0.2381000000 0.1196796338
0.2391000000 0.1201650928
0.2401000000 0.1206503467
0.2411000000 0.1211353760
0.2421000000 0.1216202002
0.2431000000 0.1221047998
0.2441000000 0.1225891846
0.2451000000 0.1230733545
0.2461000000 0.1235573096
0.2471000000 0.1240410400
0.2481000000 0.1245245557
0.2491000000 0.1250078467
0.2501000000 0.1254909131
0.2511000000 0.1259737549
0.2521000000 0.1264563818
0.2531000000 0.1269387842
0.2541000000 0.1274209619
0.2551000000 0.1279029150
0.2561000000 0.1283846338
0.2571000000 0.1288661377
0.2581000000 0.1293474072
0.2591000000 0.1298284424
0.2601000000 0.1303092627
0.2611000000 0.1307898389
0.2621000000 0.1312701904
0.2631000000 0.1317503174
0.2641000000 0.1322302100
0.2651000000 0.1327098584
0.2661000000 0.1331892822
0.2671000000 0.1336684717
0.2681000000 0.1341474268
0.2691000000 0.1346261475
0.2701000000 0.1351046240
0.2711000000 0.1355828760
0.2721000000 0.1360608740
0.2731000000 0.1365386475
0.2741000000 0.1370161768
0.2751000000 0.1374934619
0.2761000000 0.1379705127
0.2771000000 0.1384473193
0.2781000000 0.1389238818
0.2791000000 0.1394002100
0.2801000000 0.1398762842
0.2811000000 0.1403521240
0.2821000000 0.1408277100
0.2831000000 0.1413030615
0.2841000000 0.1417781592
0.2851000000 0.1422530127
0.2861000000 0.1427276123
0.2871000000 0.1432019775
0.2881000000 0.1436760791
0.2891000000 0.1441499463
0.2901000000 0.1446235498
0.2911000000 0.1450969092
0.2921000000 0.1455700244
0.2931000000 0.1460428760
0.2941000000 0.1465154834
0.2951000000 0.1469878369
0.2961000000 0.1474599268
0.2971000000 0.1479317725
0.2981000000 0.1484033643
0.2991000000 0.1488747021
