0.3000000000 0.1492986794 0.9924832649 2.1213989830 2.5083525734
0.3010000000 0.1497695274 0.9924486198 2.1215353889 2.5085817757
0.3020000000 0.1502401161 0.9924140663 2.1216721764 2.5088116264
0.3030000000 0.1507104530 0.9923796043 2.1218093300 2.5090421257
0.3040000000 0.1511805305 0.9923452415 2.1219468651 2.5092732811
0.3050000000 0.1516503487 0.9923109627 2.1220847740 2.5095050926
0.3060000000 0.1521198997 0.9922767830 2.1222230568 2.5097375450
0.3070000000 0.1525891991 0.9922427025 2.1223617134 2.5099706535
0.3080000000 0.1530582390 0.9922087212 2.1225007439 2.5102044029
0.3090000000 0.1535270195 0.9921748390 2.1226401405 2.5104388008
0.3100000000 0.1539955330 0.9921410637 2.1227799110 2.5106738472
0.3110000000 0.1544637871 0.9921073875 2.1229200554 2.5109095421
0.3120000000 0.1549317818 0.9920738258 2.1230605659 2.5111458778
0.3130000000 0.1553995094 0.9920403786 2.1232014427 2.5113828545
0.3140000000 0.1558669777 0.9920070381 2.1233426933 2.5116204720
0.3150000000 0.1563341866 0.9919738045 2.1234843102 2.5118587379
0.3160000000 0.1568011208 0.9919406929 2.1236262932 2.5120976372
0.3170000000 0.1572678032 0.9919077034 2.1237686424 2.5123371773
0.3180000000 0.1577342110 0.9918748283 2.1239113579 2.5125773582
0.3190000000 0.1582003593 0.9918420753 2.1240544395 2.5128181725
0.3200000000 0.1586662331 0.9918094444 2.1241978874 2.5130596275
0.3210000000 0.1591318474 0.9917769432 2.1243417015 2.5133017159
0.3220000000 0.1595971947 0.9917445717 2.1244858742 2.5135444374
0.3230000000 0.1600622749 0.9917123222 2.1246304131 2.5137877922
0.3240000000 0.1605270882 0.9916802101 2.1247753105 2.5140317879
0.3250000000 0.1609916344 0.9916482353 2.1249205742 2.5142764091
0.3260000000 0.1614559059 0.9916163902 2.1250661964 2.5145216560
0.3270000000 0.1619199181 0.9915846901 2.1252121849 2.5147675362
0.3280000000 0.1623836555 0.9915531197 2.1253585243 2.5150140495
0.3290000000 0.1628471260 0.9915217018 2.1255052299 2.5152611885
0.3300000000 0.1633103294 0.9914904213 2.1256522865 2.5155089531
0.3310000000 0.1637732582 0.9914592934 2.1257997093 2.5157573433
0.3320000000 0.1642359200 0.9914283104 2.1259474831 2.5160063591
0.3330000000 0.1646983070 0.9913974724 2.1260956154 2.5162560005
0.3340000000 0.1651604271 0.9913667946 2.1262441063 2.5165062599
0.3350000000 0.1656222725 0.9913362694 2.1263929558 2.5167571449
0.3360000000 0.1660838509 0.9913059044 2.1265421562 2.5170086479
0.3370000000 0.1665451546 0.9912756920 2.1266917076 2.5172607765
0.3380000000 0.1670061913 0.9912456474 2.1268416176 2.5175135231
0.3390000000 0.1674669456 0.9912157631 2.1269918785 2.5177668877
0.3400000000 0.1679274330 0.9911860390 2.1271424904 2.5180208626
0.3410000000 0.1683876534 0.9911564903 2.1272934532 2.5182754631
0.3420000000 0.1688475914 0.9911271095 2.1274447746 2.5185306740
0.3430000000 0.1693072624 0.9910978966 2.1275964394 2.5187864952
0.3440000000 0.1697666588 0.9910688591 2.1277484550 2.5190429344
0.3450000000 0.1702257805 0.9910399971 2.1279008217 2.5192999840
0.3460000000 0.1706846352 0.9910113106 2.1280535393 2.5195576515
0.3470000000 0.1711432076 0.9909828072 2.1282066078 2.5198159218
0.3480000000 0.1716015129 0.9909544868 2.1283600197 2.5200748024
0.3490000000 0.1720595360 0.9909263496 2.1285137749 2.5203342934
0.3500000000 0.1725172920 0.9908984032 2.1286678810 2.5205943947
0.3510000000 0.1729747734 0.9908706398 2.1288223305 2.5208550987
0.3520000000 0.1734319725 0.9908430672 2.1289771233 2.5211164055
0.3530000000 0.1738889046 0.9908156929 2.1291322670 2.5213783226
0.3540000000 0.1743455620 0.9907885094 2.1292877541 2.5216408348
0.3550000000 0.1748019447 0.9907615242 2.1294435768 2.5219039574
0.3560000000 0.1752580528 0.9907347374 2.1295997505 2.5221676826
0.3570000000 0.1757138863 0.9907081566 2.1297562599 2.5224320030
0.3580000000 0.1761694450 0.9906817741 2.1299131126 2.5226969261
0.3590000000 0.1766247292 0.9906555977 2.1300703087 2.5229624443
0.3600000000 0.1770797310 0.9906296349 2.1302278481 2.5232285652
0.3610000000 0.1775344658 0.9906038780 2.1303857231 2.5234952812
0.3620000000 0.1779889259 0.9905783348 2.1305439339 2.5237625923
0.3630000000 0.1784431114 0.9905530128 2.1307024879 2.5240304909
0.3640000000 0.1788970222 0.9905278969 2.1308613777 2.5242989922
0.3650000000 0.1793506660 0.9905030098 2.1310206032 2.5245680885
0.3660000000 0.1798040276 0.9904783363 2.1311801720 2.5248377724
0.3670000000 0.1802571144 0.9904538918 2.1313400688 2.5251080437
0.3680000000 0.1807099266 0.9904296761 2.1315003090 2.5253789101
0.3690000000 0.1811624718 0.9904056816 2.1316608772 2.5256503563
0.3700000000 0.1816147423 0.9903819237 2.1318217812 2.5259223976
0.3710000000 0.1820667381 0.9903583946 2.1319830208 2.5261950264
0.3720000000 0.1825184593 0.9903350945 2.1321445961 2.5264682426
0.3730000000 0.1829699059 0.9903120384 2.1323064995 2.5267420387
0.3740000000 0.1834210854 0.9902892189 2.1324687386 2.5270164223
0.3750000000 0.1838719902 0.9902666435 2.1326313057 2.5272913857
0.3760000000 0.1843226204 0.9902443123 2.1327942009 2.5275669365
0.3770000000 0.1847729836 0.9902222252 2.1329574318 2.5278430595
0.3780000000 0.1852230721 0.9902003899 2.1331209908 2.5281197700
0.3790000000 0.1856728935 0.9901787987 2.1332848778 2.5283970604
0.3800000000 0.1861224403 0.9901574669 2.1334490929 2.5286749229
0.3810000000 0.1865717201 0.9901363869 2.1336136360 2.5289533653
0.3820000000 0.1870207329 0.9901155663 2.1337785072 2.5292323799
0.3830000000 0.1874694710 0.9900950050 2.1339436989 2.5295119743
0.3840000000 0.1879179420 0.9900747032 2.1341092262 2.5297921410
0.3850000000 0.1883661461 0.9900546608 2.1342750740 2.5300728798
0.3860000000 0.1888140831 0.9900348930 2.1344412498 2.5303541985
0.3870000000 0.1892617531 0.9900153923 2.1346077461 2.5306360817
0.3880000000 0.1897091560 0.9899961586 2.1347745705 2.5309185371
0.3890000000 0.1901562920 0.9899771996 2.1349417152 2.5312015572
0.3900000000 0.1906031609 0.9899585228 2.1351091805 2.5314851494
0.3910000000 0.1910497704 0.9899401131 2.1352769661 2.5317693062
0.3920000000 0.1914961128 0.9899219933 2.1354450798 2.5320540276
0.3930000000 0.1919421883 0.9899041481 2.1356135139 2.5323393211
0.3940000000 0.1923880043 0.9898865929 2.1357822609 2.5326251793
0.3950000000 0.1928335609 0.9898693199 2.1359513359 2.5329115944
0.3960000000 0.1932788582 0.9898523369 2.1361207237 2.5331985741
0.3970000000 0.1937238884 0.9898356514 2.1362904320 2.5334861107
0.3980000000 0.1941686668 0.9898192558 2.1364604607 2.5337742195
0.3990000000 0.1946131783 0.9898031502 2.1366308022 2.5340628777
0.4000000000 0.1950574379 0.9897873497 2.1368014641 2.5343520927
0.4010000000 0.1955014381 0.9897718544 2.1369724388 2.5346418724
0.4020000000 0.1959451866 0.9897566566 2.1371437340 2.5349322090
0.4030000000 0.1963886757 0.9897417641 2.1373153419 2.5352230949
0.4040000000 0.1968319130 0.9897271767 2.1374872627 2.5355145378
0.4050000000 0.1972748985 0.9897129021 2.1376594963 2.5358065376
0.4060000000 0.1977176247 0.9896989403 2.1378320503 2.5360990868
0.4070000000 0.1981601067 0.9896852913 2.1380049095 2.5363921852
0.4080000000 0.1986023445 0.9896719627 2.1381780815 2.5366858330
0.4090000000 0.1990443306 0.9896589546 2.1383515739 2.5369800377
0.4100000000 0.1994860649 0.9896462669 2.1385253639 2.5372747841
0.4110000000 0.1999275551 0.9896338997 2.1386994743 2.5375700874
0.4120000000 0.2003688011 0.9896218605 2.1388738899 2.5378659248
0.4130000000 0.2008098106 0.9896101494 2.1390486183 2.5381623192
0.4140000000 0.2012505760 0.9895987740 2.1392236519 2.5384592552
0.4150000000 0.2016910973 0.9895877266 2.1393989983 2.5387567329
0.4160000000 0.2021313820 0.9895770149 2.1395746498 2.5390547523
0.4170000000 0.2025714226 0.9895666466 2.1397506142 2.5393533134
0.4180000000 0.2030112343 0.9895566139 2.1399268761 2.5396524162
0.4190000000 0.2034508171 0.9895469246 2.1401034508 2.5399520607
0.4200000000 0.2038901558 0.9895375862 2.1402803230 2.5402522392
0.4210000000 0.2043292732 0.9895285912 2.1404575081 2.5405529594
0.4220000000 0.2047681541 0.9895199394 2.1406349907 2.5408542213
0.4230000000 0.2052068138 0.9895116463 2.1408127861 2.5411560097
0.4240000000 0.2056452446 0.9895037117 2.1409908791 2.5414583397
0.4250000000 0.2060834541 0.9894961281 2.1411692772 2.5417612038
0.4260000000 0.2065214348 0.9894889030 2.1413479729 2.5420645943
0.4270000000 0.2069592018 0.9894820442 2.1415269737 2.5423685188
0.4280000000 0.2073967476 0.9894755440 2.1417062798 2.5426729774
0.4290000000 0.2078340797 0.9894694176 2.1418858757 2.5429779701
0.4300000000 0.2082711983 0.9894636574 2.1420657845 2.5432834816
0.4310000000 0.2087081032 0.9894582634 2.1422459831 2.5435895271
0.4320000000 0.2091448021 0.9894532433 2.1424264870 2.5438961067
0.4330000000 0.2095812950 0.9894486046 2.1426072807 2.5442032051
0.4340000000 0.2100175819 0.9894443398 2.1427883797 2.5445108223
0.4350000000 0.2104536629 0.9894404564 2.1429697762 2.5448189735
0.4360000000 0.2108895454 0.9894369621 2.1431514626 2.5451276436
0.4370000000 0.2113252373 0.9894338493 2.1433334541 2.5454368401
0.4380000000 0.2117607231 0.9894311180 2.1435157356 2.5457465553
0.4390000000 0.2121960258 0.9894287834 2.1436983147 2.5460567894
0.4400000000 0.2126311378 0.9894268379 2.1438811913 2.5463675499
0.4410000000 0.2130660591 0.9894252892 2.1440643578 2.5466788216
0.4420000000 0.2135007973 0.9894241371 2.1442478142 2.5469906120
0.4430000000 0.2139353600 0.9894233894 2.1444315681 2.5473029213
0.4440000000 0.2143697395 0.9894230385 2.1446156197 2.5476157417
0.4450000000 0.2148039436 0.9894230919 2.1447999535 2.5479290810
0.4460000000 0.2152379799 0.9894235497 2.1449845848 2.5482429314
0.4470000000 0.2156718483 0.9894244270 2.1451695061 2.5485573006
0.4480000000 0.2161055489 0.9894257088 2.1453547173 2.5488721733
0.4490000000 0.2165390892 0.9894274025 2.1455402184 2.5491875648
0.4500000000 0.2169724693 0.9894295158 2.1457260094 2.5495034599
0.4510000000 0.2174056969 0.9894320488 2.1459120903 2.5498198662
0.4520000000 0.2178387718 0.9894349937 2.1460984612 2.5501367836
0.4530000000 0.2182717018 0.9894383736 2.1462851143 2.5504542046
0.4540000000 0.2187044868 0.9894421730 2.1464720573 2.5507721291
0.4550000000 0.2191371346 0.9894464073 2.1466592903 2.5510905647
0.4560000000 0.2195696449 0.9894510689 2.1468468056 2.5514094963
0.4570000000 0.2200020180 0.9894561577 2.1470346107 2.5517289391
0.4580000000 0.2204342766 0.9894616890 2.1472226982 2.5520488777
0.4590000000 0.2208664055 0.9894676552 2.1474110680 2.5523693199
0.4600000000 0.2212984123 0.9894740639 2.1475997276 2.5526902657
0.4610000000 0.2217303123 0.9894809151 2.1477886696 2.5530117073
0.4620000000 0.2221620979 0.9894882088 2.1479778938 2.5533336525
0.4630000000 0.2225937843 0.9894959526 2.1481674004 2.5536560860
0.4640000000 0.2230253716 0.9895041389 2.1483571892 2.5539790230
0.4650000000 0.2234568596 0.9895127907 2.1485472603 2.5543024559
0.4660000000 0.2238882637 0.9895218849 2.1487376060 2.5546263771
0.4670000000 0.2243195839 0.9895314445 2.1489282417 2.5549508018
0.4680000000 0.2247508278 0.9895414543 2.1491191521 2.5552757149
0.4690000000 0.2251819954 0.9895519371 2.1493103523 2.5556011162
0.4700000000 0.2256130943 0.9895628777 2.1495018196 2.5559270134
0.4710000000 0.2260441322 0.9895742836 2.1496935692 2.5562533913
0.4720000000 0.2264751244 0.9895861626 2.1498856010 2.5565802650
0.4730000000 0.2269060555 0.9895985069 2.1500779076 2.5569076271
0.4740000000 0.2273369560 0.9896113319 2.1502704887 2.5572354774
0.4750000000 0.2277678108 0.9896246300 2.1504633522 2.5575638161
0.4760000000 0.2281986427 0.9896384087 2.1506564903 2.5578926353
0.4770000000 0.2286294518 0.9896526604 2.1508499031 2.5582219353
0.4780000000 0.2290602455 0.9896674080 2.1510435905 2.5585517235
0.4790000000 0.2294910316 0.9896826286 2.1512375526 2.5588819923
0.4800000000 0.2299218178 0.9896983452 2.1514317970 2.5592127495
0.4810000000 0.2303526192 0.9897145500 2.1516263084 2.5595439796
0.4820000000 0.2307834282 0.9897312508 2.1518210869 2.5598756905
0.4830000000 0.2312142601 0.9897484398 2.1520161476 2.5602078819
0.4840000000 0.2316451302 0.9897661324 2.1522114754 2.5605405464
0.4850000000 0.2320760384 0.9897843208 2.1524070778 2.5608736916
0.4860000000 0.2325070000 0.9898030128 2.1526029549 2.5612073174
0.4870000000 0.2329380226 0.9898222160 2.1527990990 2.5615414085
0.4880000000 0.2333691063 0.9898419151 2.1529955177 2.5618759804
0.4890000000 0.2338002739 0.9898621330 2.1531922035 2.5622110252
0.4900000000 0.2342315331 0.9898828621 2.1533891563 2.5625465355
0.4910000000 0.2346628914 0.9899041023 2.1535863838 2.5628825264
0.4920000000 0.2350943565 0.9899258537 2.1537838707 2.5632189827
0.4930000000 0.2355259438 0.9899481316 2.1539816322 2.5635559044
0.4940000000 0.2359576683 0.9899709282 2.1541796608 2.5638932991
0.4950000000 0.2363895378 0.9899942513 2.1543779564 2.5642311668
0.4960000000 0.2368215599 0.9900181007 2.1545765190 2.5645694923
0.4970000000 0.2372537575 0.9900424690 2.1547753487 2.5649082909
0.4980000000 0.2376861382 0.9900673790 2.1549744453 2.5652475471
0.4990000000 0.2381187096 0.9900928154 2.1551738091 2.5655872688
0.5000000000 0.2385515022 0.9901187935 2.1553734322 2.5659274559
0.5010000000 0.2389845161 0.9901453056 2.1555733223 2.5662681007
0.5020000000 0.2394177742 0.9901723595 2.1557734718 2.5666092110
0.5030000000 0.2398512917 0.9901999550 2.1559738884 2.5669507866
0.5040000000 0.2402850761 0.9902280998 2.1561745720 2.5672928123
0.5050000000 0.2407191582 0.9902567863 2.1563755150 2.5676352959
0.5060000000 0.2411535530 0.9902860222 2.1565767174 2.5679782448
0.5070000000 0.2415882683 0.9903158150 2.1567781868 2.5683216438
0.5080000000 0.2420233345 0.9903461571 2.1569799156 2.5686655006
0.5090000000 0.2424587746 0.9903770561 2.1571819038 2.5690098152
0.5100000000 0.2428946037 0.9904085197 2.1573841515 2.5693545799
0.5110000000 0.2433308449 0.9904405403 2.1575866661 2.5696998024
0.5120000000 0.2437675209 0.9904731255 2.1577894325 2.5700454674
0.5130000000 0.2442046623 0.9905062752 2.1579924583 2.5703915901
0.5140000000 0.2446422844 0.9905399971 2.1581957436 2.5707381630
0.5150000000 0.2450804329 0.9905742912 2.1583992882 2.5710851860
0.5160000000 0.2455191154 0.9906091499 2.1586030922 2.5714326591
0.5170000000 0.2459583855 0.9906445885 2.1588071556 2.5717805748
0.5180000000 0.2463982582 0.9906806068 2.1590114708 2.5721289406
0.5190000000 0.2468387794 0.9907172050 2.1592160454 2.5724777489
0.5200000000 0.2472799797 0.9907543831 2.1594208717 2.5728269997
0.5210000000 0.2477219048 0.9907921486 2.1596259575 2.5731767006
0.5220000000 0.2481645927 0.9908305016 2.1598312950 2.5735268440
0.5230000000 0.2486080971 0.9908694420 2.1600368919 2.5738774300
0.5240000000 0.2490524635 0.9909089699 2.1602427406 2.5742284508
0.5250000000 0.2494977455 0.9909491005 2.1604488411 2.5745799217
0.5260000000 0.2499440193 0.9909898186 2.1606551933 2.5749318275
0.5270000000 0.2503913307 0.9910311394 2.1608618050 2.5752841682
0.5280000000 0.2508397636 0.9910730629 2.1610686684 2.5756369514
0.5290000000 0.2512894096 0.9911155891 2.1612757835 2.5759901695
0.5300000000 0.2517403603 0.9911587181 2.1614831429 2.5763438225
0.5310000000 0.2521927147 0.9912024574 2.1616907616 2.5766979103
0.5320000000 0.2526466103 0.9912468071 2.1618986320 2.5770524406
0.5330000000 0.2531021996 0.9912917671 2.1621067467 2.5774073982
0.5340000000 0.2535596581 0.9913373375 2.1623151131 2.5777627831
0.5350000000 0.2540192375 0.9913835335 2.1625237312 2.5781186028
0.5360000000 0.2544812202 0.9914303398 2.1627326012 2.5784748573
0.5370000000 0.2549460564 0.9914777718 2.1629417152 2.5788315392
0.5380000000 0.2554143944 0.9915258293 2.1631510735 2.5791886482
0.5390000000 0.2558874855 0.9915745125 2.1633606911 2.5795461922
0.5400000000 0.2563699379 0.9916238213 2.1635705452 2.5799041557
0.5410000000 0.2568498116 0.9916737633 2.1637806511 2.5802625465
0.5420000000 0.2573209724 0.9917243309 2.1639910088 2.5806213646
0.5430000000 0.2577867012 0.9917755394 2.1642016029 2.5809806099
0.5440000000 0.2582480354 0.9918273811 2.1644124489 2.5813402748
0.5450000000 0.2587055550 0.9918798714 2.1646235390 2.5817003670
0.5460000000 0.2591596336 0.9919329948 2.1648348732 2.5820608788
0.5470000000 0.2596105385 0.9919867668 2.1650464592 2.5824218101
0.5480000000 0.2600584755 0.9920411797 2.1652582817 2.5827831612
0.5490000000 0.2605036125 0.9920962410 2.1654703484 2.5831449318
0.5500000000 0.2609460945 0.9921519585 2.1656826591 2.5835071220
0.5510000000 0.2613860207 0.9922083244 2.1658952141 2.5838697319
0.5520000000 0.2618235130 0.9922653465 2.1661080132 2.5842327614
0.5530000000 0.2622586632 0.9923230247 2.1663210564 2.5845962029
0.5540000000 0.2626915398 0.9923813667 2.1665343361 2.5849600563
0.5550000000 0.2631222267 0.9924403648 2.1667478600 2.5853243294
0.5560000000 0.2635507851 0.9925000267 2.1669616280 2.5856890144
0.5570000000 0.2639772835 0.9925603600 2.1671756325 2.5860541115
0.5580000000 0.2644017830 0.9926213570 2.1673898735 2.5864196205
0.5590000000 0.2648243217 0.9926830254 2.1676043587 2.5867855339
0.5600000000 0.2652449684 0.9927453651 2.1678190880 2.5871518669
0.5610000000 0.2656637535 0.9928083763 2.1680340538 2.5875186043
0.5620000000 0.2660807304 0.9928720665 2.1682492561 2.5878857536
0.5630000000 0.2664959450 0.9929364357 2.1684646950 2.5882533073
0.5640000000 0.2669094200 0.9930014915 2.1686803780 2.5886212654
0.5650000000 0.2673211937 0.9930672264 2.1688962898 2.5889896355
0.5660000000 0.2677313118 0.9931336479 2.1691124458 2.5893584099
0.5670000000 0.2681397972 0.9932007561 2.1693288383 2.5897275810
0.5680000000 0.2685466881 0.9932685509 2.1695454674 2.5900971642
0.5690000000 0.2689520073 0.9933370399 2.1697623329 2.5904671440
0.5700000000 0.2693557777 0.9934062233 2.1699794273 2.5908375282
0.5710000000 0.2697580299 0.9934761009 2.1701967659 2.5912083092
0.5720000000 0.2701587868 0.9935466805 2.1704143333 2.5915794945
0.5730000000 0.2705580635 0.9936179543 2.1706321449 2.5919510765
0.5740000000 0.2709558983 0.9936899376 2.1708501778 2.5923230629
0.5750000000 0.2713522987 0.9937626228 2.1710684547 2.5926954384
0.5760000000 0.2717472878 0.9938360100 2.1712869606 2.5930682182
0.5770000000 0.2721408806 0.9939101143 2.1715057030 2.5934413872
0.5780000000 0.2725331001 0.9939849205 2.1717246742 2.5938149529
0.5790000000 0.2729239540 0.9940604439 2.1719438820 2.5941889153
0.5800000000 0.2733134651 0.9941366844 2.1721633186 2.5945632744
0.5810000000 0.2737016411 0.9942136345 2.1723829842 2.5949380150
0.5820000000 0.2740884972 0.9942913094 2.1726028862 2.5953131599
0.5830000000 0.2744740486 0.9943697014 2.1728230171 2.5956886864
0.5840000000 0.2748583107 0.9944488182 2.1730433769 2.5960646095
0.5850000000 0.2752412834 0.9945286674 2.1732639732 2.5964409142
0.5860000000 0.2756229820 0.9946092339 2.1734847908 2.5968176155
0.5870000000 0.2760034218 0.9946905327 2.1737058449 2.5971946983
0.5880000000 0.2763826103 0.9947725639 2.1739271278 2.5975721703
0.5890000000 0.2767605476 0.9948553276 2.1741486320 2.5979500313
0.5900000000 0.2771372490 0.9949388237 2.1743703728 2.5983282738
0.5910000000 0.2775127220 0.9950230598 2.1745923424 2.5987068977
0.5920000000 0.2778869743 0.9951080360 2.1748145332 2.5990859108
0.5930000000 0.2782600060 0.9951937523 2.1750369530 2.5994653053
0.5940000000 0.2786318321 0.9952802086 2.1752596092 2.5998450813
0.5950000000 0.2790024529 0.9953674202 2.1754824791 2.6002252388
0.5960000000 0.2793718758 0.9954553719 2.1757055855 2.6006057777
0.5970000000 0.2797401009 0.9955440712 2.1759289131 2.6009866905
0.5980000000 0.2801071434 0.9956335182 2.1761524696 2.6013679924
0.5990000000 0.2804729881 0.9957237282 2.1763762474 2.6017496605
0.6000000000 0.2808376579 0.9958146858 2.1766002464 2.6021317177
0.6010000000 0.2812011528 0.9959064064 2.1768244820 2.6025141411
0.6020000000 0.2815634651 0.9959988823 2.1770489311 2.6028969460
0.6030000000 0.2819246101 0.9960921135 2.1772736092 2.6032801247
0.6040000000 0.2822845802 0.9961861153 2.1774985161 2.6036636772
0.6050000000 0.2826433830 0.9962808800 2.1777236366 2.6040476036
0.6060000000 0.2830010185 0.9963764076 2.1779489861 2.6044319038
0.6070000000 0.2833574944 0.9964727058 2.1781745567 2.6048165703
0.6080000000 0.2837128029 0.9965697746 2.1784003487 2.6052016182
0.6090000000 0.2840669441 0.9966676216 2.1786263618 2.6055870247
0.6100000000 0.2844199257 0.9967662315 2.1788526039 2.6059728050
0.6110000000 0.2847717476 0.9968656273 2.1790790596 2.6063589592
0.6120000000 0.2851224098 0.9969657936 2.1793057365 2.6067454720
0.6130000000 0.2854719124 0.9970667381 2.1795326424 2.6071323586
0.6140000000 0.2858202477 0.9971684685 2.1797597618 2.6075196037
0.6150000000 0.2861674309 0.9972709846 2.1799871025 2.6079072227
0.6160000000 0.2865134468 0.9973742867 2.1802146645 2.6082952003
0.6170000000 0.2868583031 0.9974783669 2.1804424400 2.6086835518
0.6180000000 0.2872019997 0.9975832405 2.1806704445 2.6090722542
0.6190000000 0.2875445290 0.9976889076 2.1808986626 2.6094613228
0.6200000000 0.2878858910 0.9977953682 2.1811270943 2.6098507576
0.6210000000 0.2882260933 0.9979026146 2.1813557472 2.6102405510
0.6220000000 0.2885651283 0.9980106621 2.1815846214 2.6106307030
0.6230000000 0.2889029884 0.9981195107 2.1818137169 2.6110212135
0.6240000000 0.2892396812 0.9982291527 2.1820430183 2.6114120903
0.6250000000 0.2895752068 0.9983396034 2.1822725487 2.6118033180
0.6260000000 0.2899095497 0.9984508476 2.1825022850 2.6121949043
0.6270000000 0.2902427254 0.9985629082 2.1827322426 2.6125868416
0.6280000000 0.2905747185 0.9986757622 2.1829624138 2.6129791450
0.6290000000 0.2909055290 0.9987894325 2.1831928062 2.6133717918
0.6300000000 0.2912351570 0.9989039116 2.1834234123 2.6137647972
0.6310000000 0.2915636024 0.9990192070 2.1836542320 2.6141581612
0.6320000000 0.2918908577 0.9991353111 2.1838852654 2.6145518761
0.6330000000 0.2922169228 0.9992522316 2.1841165123 2.6149459343
0.6340000000 0.2925417976 0.9993699684 2.1843479729 2.6153403511
0.6350000000 0.2928654747 0.9994885216 2.1845796547 2.6157351189
0.6360000000 0.2931879463 0.9996078911 2.1848115425 2.6161302376
0.6370000000 0.2935092201 0.9997280922 2.1850436516 2.6165256996
0.6380000000 0.2938292885 0.9998491096 2.1852759666 2.6169215126
0.6390000000 0.2941481438 0.9999709587 2.1855084953 2.6173176689
0.6400000000 0.2944657860 1.0000936317 2.1857412376 2.6177141762
0.6410000000 0.2947822151 1.0002171288 2.1859741936 2.6181110268
0.6420000000 0.2950974236 1.0003414650 2.1862073555 2.6185082283
0.6430000000 0.2954114037 1.0004666252 2.1864407310 2.6189057655
0.6440000000 0.2957241631 1.0005926170 2.1866743202 2.6193036537
0.6450000000 0.2960356865 1.0007194481 2.1869081230 2.6197018852
0.6460000000 0.2963459816 1.0008471184 2.1871421318 2.6201004524
0.6470000000 0.2966550331 1.0009756279 2.1873763542 2.6204993629
0.6480000000 0.2969628410 1.0011049690 2.1876107826 2.6208986168
0.6490000000 0.2972694054 1.0012351570 2.1878454247 2.6212982140
0.6500000000 0.2975747185 1.0013661842 2.1880802727 2.6216981468
0.6510000000 0.2978787727 1.0014980583 2.1883153343 2.6220984154
0.6520000000 0.2981815681 1.0016307793 2.1885506020 2.6224990273
0.6530000000 0.2984831047 1.0017643471 2.1887860756 2.6228999672
0.6540000000 0.2987833672 1.0018987617 2.1890217628 2.6233012505
0.6550000000 0.2990823631 1.0020340233 2.1892576561 2.6237028694
0.6560000000 0.2993800774 1.0021701469 2.1894937553 2.6241048241
0.6570000000 0.2996765099 1.0023071175 2.1897300606 2.6245071144
0.6580000000 0.2999716606 1.0024449425 2.1899665794 2.6249097328
0.6590000000 0.3002655144 1.0025836220 2.1902032967 2.6253126869
0.6600000000 0.3005580788 1.0027231636 2.1904402275 2.6257159767
0.6610000000 0.3008493385 1.0028635674 2.1906773643 2.6261195946
0.6620000000 0.3011392937 1.0030048256 2.1909147072 2.6265235405
0.6630000000 0.3014279442 1.0031469460 2.1911522560 2.6269278221
0.6640000000 0.3017152748 1.0032899361 2.1913900032 2.6273324318
0.6650000000 0.3020012856 1.0034337883 2.1916279640 2.6277373695
0.6660000000 0.3022859688 1.0035785027 2.1918661308 2.6281426353
0.6670000000 0.3025693245 1.0037240944 2.1921044960 2.6285482216
0.6680000000 0.3028513527 1.0038705482 2.1923430672 2.6289541435
0.6690000000 0.3031320305 1.0040178719 2.1925818443 2.6293603859
0.6700000000 0.3034113655 1.0041660652 2.1928208275 2.6297669563
0.6710000000 0.3036893578 1.0043151436 2.1930600090 2.6301738548
0.6720000000 0.3039659843 1.0044650841 2.1932993965 2.6305810661
0.6730000000 0.3042412529 1.0046159096 2.1935389900 2.6309886131
0.6740000000 0.3045151634 1.0047676048 2.1937787819 2.6313964729
0.6750000000 0.3047876930 1.0049201851 2.1940187798 2.6318046608
0.6760000000 0.3050588493 1.0050736427 2.1942589760 2.6322131691
0.6770000000 0.3053286247 1.0052279854 2.1944993782 2.6326219902
0.6780000000 0.3055970039 1.0053832054 2.1947399788 2.6330311394
0.6790000000 0.3058640022 1.0055393105 2.1949807854 2.6334406090
0.6800000000 0.3061295967 1.0056963005 2.1952217903 2.6338503914
0.6810000000 0.3063937798 1.0058541756 2.1954630013 2.6342604942
0.6820000000 0.3066565666 1.0060129433 2.1957044106 2.6346709099
0.6830000000 0.3069179268 1.0061725960 2.1959460182 2.6350816460
0.6840000000 0.3071778679 1.0063331413 2.1961878242 2.6354926949
0.6850000000 0.3074363899 1.0064945793 2.1964298363 2.6359040642
0.6860000000 0.3076934700 1.0066569023 2.1966720390 2.6363157387
0.6870000000 0.3079491158 1.0068201256 2.1969144478 2.6367277336
0.6880000000 0.3082033195 1.0069842415 2.1971570549 2.6371400414
0.6890000000 0.3084560738 1.0071492577 2.1973998604 2.6375526619
0.6900000000 0.3087073708 1.0073151665 2.1976428719 2.6379655876
0.6910000000 0.3089572105 1.0074819756 2.1978860741 2.6383788338
0.6920000000 0.3092055779 1.0076496849 2.1981294746 2.6387923851
0.6930000000 0.3094524727 1.0078182945 2.1983730736 2.6392062416
0.6940000000 0.3096978951 1.0079878044 2.1986168709 2.6396204109
0.6950000000 0.3099418297 1.0081582222 2.1988608665 2.6400348930
0.6960000000 0.3101842690 1.0083295403 2.1991050606 2.6404496803
0.6970000000 0.3104252205 1.0085017662 2.1993494530 2.6408647728
0.6980000000 0.3106646614 1.0086749001 2.1995940361 2.6412801704
0.6990000000 0.3109025993 1.0088489342 2.1998388252 2.6416958733
0.7000000000 0.3111390190 1.0090238838 2.2000838051 2.6421118889
0.7010000000 0.3113739204 1.0091997414 2.2003289757 2.6425282021
0.7020000000 0.3116072960 1.0093765068 2.2005743523 2.6429448204
0.7030000000 0.3118391380 1.0095541878 2.2008199196 2.6433617439
0.7040000000 0.3120694466 1.0097327766 2.2010656776 2.6437789650
0.7050000000 0.3122982063 1.0099122810 2.2013116417 2.6441964912
0.7060000000 0.3125254097 1.0100927086 2.2015577888 2.6446143227
0.7070000000 0.3127510643 1.0102740440 2.2018041420 2.6450324440
0.7080000000 0.3129751549 1.0104562950 2.2020506859 2.6454508705
0.7090000000 0.3131976738 1.0106394691 2.2022974205 2.6458696022
0.7100000000 0.3134186211 1.0108235588 2.2025443459 2.6462886238
0.7110000000 0.3136379890 1.0110085640 2.2027914772 2.6467079506
0.7120000000 0.3138557625 1.0111944923 2.2030387917 2.6471275673
0.7130000000 0.3140719490 1.0113813438 2.2032863045 2.6475474892
0.7140000000 0.3142865334 1.0115691185 2.2035340080 2.6479677010
0.7150000000 0.3144995079 1.0117578163 2.2037819023 2.6483882103
0.7160000000 0.3147108803 1.0119474373 2.2040299950 2.6488090172
0.7170000000 0.3149206276 1.0121379890 2.2042782784 2.6492301140
0.7180000000 0.3151287498 1.0123294640 2.2045267525 2.6496515083
0.7190000000 0.3153352470 1.0125218620 2.2047754173 2.6500731926
0.7200000000 0.3155401039 1.0127151909 2.2050242729 2.6504951668
0.7210000000 0.3157433205 1.0129094505 2.2052733269 2.6509174385
0.7220000000 0.3159448814 1.0131046333 2.2055225639 2.6513399925
0.7230000000 0.3161447945 1.0133007469 2.2057719994 2.6517628441
0.7240000000 0.3163430443 1.0134977989 2.2060216179 2.6521859856
0.7250000000 0.3165396233 1.0136957817 2.2062714348 2.6526094170
0.7260000000 0.3167345314 1.0138946953 2.2065214348 2.6530331383
0.7270000000 0.3169277611 1.0140945396 2.2067716331 2.6534571419
0.7280000000 0.3171192970 1.0142953224 2.2070220146 2.6538814354
0.7290000000 0.3173091469 1.0144970360 2.2072725868 2.6543060188
0.7300000000 0.3174973030 1.0146996880 2.2075233498 2.6547308846
0.7310000000 0.3176837425 1.0149032784 2.2077743034 2.6551560326
0.7320000000 0.3178684807 1.0151077995 2.2080254478 2.6555814705
0.7330000000 0.3180515022 1.0153132668 2.2082767754 2.6560071983
0.7340000000 0.3182327919 1.0155196724 2.2085282936 2.6564332008
0.7350000000 0.3184123573 1.0157270164 2.2087800026 2.6568594933
0.7360000000 0.3185901909 1.0159352989 2.2090318947 2.6572860603
0.7370000000 0.3187662773 1.0161445198 2.2092839851 2.6577129173
0.7380000000 0.3189406242 1.0163546867 2.2095362511 2.6581400490
0.7390000000 0.3191132088 1.0165657921 2.2097887154 2.6585674706
0.7400000000 0.3192840385 1.0167778435 2.2100413628 2.6589951668
0.7410000000 0.3194530983 1.0169908409 2.2102941933 2.6594231377
0.7420000000 0.3196203957 1.0172047768 2.2105472145 2.6598513908
0.7430000000 0.3197859077 1.0174196587 2.2108004189 2.6602799263
0.7440000000 0.3199496346 1.0176354866 2.2110538139 2.6607087364
0.7450000000 0.3201115761 1.0178522606 2.2113073997 2.6611378288
0.7460000000 0.3202717171 1.0180699806 2.2115611610 2.6615671959
0.7470000000 0.3204300575 1.0182886467 2.2118151131 2.6619968376
0.7480000000 0.3205865974 1.0185082664 2.2120692558 2.6624267540
0.7490000000 0.3207413139 1.0187288322 2.2123235817 2.6628569450
0.7500000000 0.3208942146 1.0189503441 2.2125780907 2.6632874107
0.7510000000 0.3210452919 1.0191728020 2.2128327827 2.6637181511
0.7520000000 0.3211945381 1.0193962135 2.2130876579 2.6641491661
0.7530000000 0.3213419533 1.0196205788 2.2133427238 2.6645804482
0.7540000000 0.3214875145 1.0198458900 2.2135979729 2.6650120049
0.7550000000 0.3216312370 1.0200721550 2.2138534050 2.6654438362
0.7560000000 0.3217730980 1.0202993736 2.2141090202 2.6658759422
0.7570000000 0.3219131050 1.0205275383 2.2143648262 2.6663083076
0.7580000000 0.3220512428 1.0207566643 2.2146208076 2.6667409477
0.7590000000 0.3221875191 1.0209867363 2.2148769798 2.6671738625
0.7600000000 0.3223219109 1.0212177620 2.2151333275 2.6676070366
0.7610000000 0.3224544258 1.0214497490 2.2153898659 2.6680404854
0.7620000000 0.3225850487 1.0216826820 2.2156465797 2.6684742012
0.7630000000 0.3227137794 1.0219165764 2.2159034843 2.6689081841
0.7640000000 0.3228406181 1.0221514244 2.2161605644 2.6693424339
0.7650000000 0.3229655495 1.0223872261 2.2164178276 2.6697769432
0.7660000000 0.3230885735 1.0226239815 2.2166752815 2.6702117271
0.7670000000 0.3232096825 1.0228616982 2.2169329109 2.6706467705
0.7680000000 0.3233288765 1.0231003685 2.2171907158 2.6710820808
0.7690000000 0.3234461403 1.0233399925 2.2174487114 2.6715176506
0.7700000000 0.3235614815 1.0235805779 2.2177068825 2.6719534874
0.7710000000 0.3236748848 1.0238221245 2.2179652443 2.6723895836
0.7720000000 0.3237863503 1.0240646248 2.2182237816 2.6728259468
0.7730000000 0.3238958778 1.0243080864 2.2184824944 2.6732625694
0.7740000000 0.3240034523 1.0245525017 2.2187413902 2.6736994514
0.7750000000 0.3241090736 1.0247978783 2.2190004692 2.6741365929
0.7760000000 0.3242127419 1.0250442162 2.2192597313 2.6745739937
0.7770000000 0.3243144417 1.0252915077 2.2195191689 2.6750116539
0.7780000000 0.3244141808 1.0255397606 2.2197787895 2.6754495735
0.7790000000 0.3245119438 1.0257889748 2.2200385857 2.6758877525
0.7800000000 0.3246077309 1.0260391502 2.2202985649 2.6763261909
0.7810000000 0.3247015419 1.0262902870 2.2205587273 2.6767648888
0.7820000000 0.3247933693 1.0265423775 2.2208190575 2.6772038383
0.7830000000 0.3248832054 1.0267954369 2.2210795784 2.6776430473
0.7840000000 0.3249710579 1.0270494499 2.2213402672 2.6780825081
0.7850000000 0.3250569038 1.0273044243 2.2216011467 2.6785222282
0.7860000000 0.3251407585 1.0275603676 2.2218621941 2.6789622002
0.7870000000 0.3252226067 1.0278172646 2.2221234245 2.6794024239
0.7880000000 0.3253024483 1.0280751228 2.2223848305 2.6798428993
0.7890000000 0.3253802757 1.0283339500 2.2226464195 2.6802836342
0.7900000000 0.3254560966 1.0285937309 2.2229081841 2.6807246208
0.7910000000 0.3255298958 1.0288544731 2.2231701241 2.6811658592
0.7920000000 0.3256016731 1.0291161842 2.2234322395 2.6816073494
0.7930000000 0.3256714287 1.0293788490 2.2236945381 2.6820490837
0.7940000000 0.3257391548 1.0296424828 2.2239570122 2.6824910774
0.7950000000 0.3258048592 1.0299070778 2.2242196617 2.6829333153
0.7960000000 0.3258685265 1.0301726341 2.2244824867 2.6833758049
0.7970000000 0.3259301643 1.0304391441 2.2247454872 2.6838185387
0.7980000000 0.3259897575 1.0307066231 2.2250086708 2.6842615242
0.7990000000 0.3260473213 1.0309750710 2.2252720222 2.6847047615
0.8000000000 0.3261028328 1.0312444725 2.2255355568 2.6851482430
0.8010000000 0.3261563072 1.0315148354 2.2257992592 2.6855919685
0.8020000000 0.3262077370 1.0317861671 2.2260631447 2.6860359459
0.8030000000 0.3262571220 1.0320584526 2.2263272057 2.6864801674
0.8040000000 0.3263044548 1.0323317070 2.2265914345 2.6869246330
0.8050000000 0.3263497429 1.0326059151 2.2268558464 2.6873693428
0.8060000000 0.3263929787 1.0328810921 2.2271204262 2.6878142967
0.8070000000 0.3264341621 1.0331572304 2.2273851814 2.6882594948
0.8080000000 0.3264732857 1.0334343300 2.2276501198 2.6887049370
0.8090000000 0.3265103645 1.0337123909 2.2279152260 2.6891506157
0.8100000000 0.3265453911 1.0339914131 2.2281805077 2.6895965462
0.8110000000 0.3265783577 1.0342713966 2.2284459648 2.6900427132
0.8120000000 0.3266092796 1.0345523415 2.2287115898 2.6904891243
0.8130000000 0.3266381416 1.0348342476 2.2289773903 2.6909357719
0.8140000000 0.3266649513 1.0351171150 2.2292433739 2.6913826637
0.8150000000 0.3266897087 1.0354009438 2.2295095177 2.6918297920
0.8160000000 0.3267124214 1.0356857338 2.2297758446 2.6922771645
0.8170000000 0.3267330742 1.0359714851 2.2300423393 2.6927247734
0.8180000000 0.3267516823 1.0362581978 2.2303090096 2.6931726189
0.8190000000 0.3267682457 1.0365458717 2.2305758553 2.6936207085
0.8200000000 0.3267827644 1.0368344994 2.2308428688 2.6940690269
0.8210000000 0.3267952385 1.0371240883 2.2311100578 2.6945175896
0.8220000000 0.3268056679 1.0374146385 2.2313774147 2.6949663887
0.8230000000 0.3268140678 1.0377061501 2.2316449471 2.6954154167
0.8240000000 0.3268204308 1.0379986229 2.2319126472 2.6958646889
0.8250000000 0.3268247566 1.0382920494 2.2321805229 2.6963141899
0.8260000000 0.3268270607 1.0385864372 2.2324485741 2.6967639275
0.8270000000 0.3268273430 1.0388817863 2.2327167854 2.6972138939
0.8280000000 0.3268256111 1.0391780891 2.2329851799 2.6976641045
0.8290000000 0.3268218575 1.0394753532 2.2332537422 2.6981145439
0.8300000000 0.3268161049 1.0397735710 2.2335224724 2.6985652122
0.8310000000 0.3268083382 1.0400727501 2.2337913704 2.6990161171
0.8320000000 0.3267985878 1.0403728828 2.2340604439 2.6994672508
0.8330000000 0.3267868385 1.0406739693 2.2343296928 2.6999186134
0.8340000000 0.3267731133 1.0409760170 2.2345991020 2.7003702126
0.8350000000 0.3267574043 1.0412790260 2.2348686867 2.7008220406
0.8360000000 0.3267397346 1.0415829811 2.2351384392 2.7012740974
0.8370000000 0.3267201042 1.0418878975 2.2354083672 2.7017263832
0.8380000000 0.3266985283 1.0421937675 2.2356784630 2.7021789055
0.8390000000 0.3266750069 1.0425005913 2.2359487190 2.7026316490
0.8400000000 0.3266495552 1.0428083687 2.2362191582 2.7030846214
0.8410000000 0.3266221886 1.0431170998 2.2364897575 2.7035378227
0.8420000000 0.3265929070 1.0434267845 2.2367605247 2.7039912453
0.8430000000 0.3265617332 1.0437374229 2.2370314674 2.7044449043
0.8440000000 0.3265286751 1.0440490150 2.2373025780 2.7048987846
0.8450000000 0.3264937401 1.0443615532 2.2375738564 2.7053528862
0.8460000000 0.3264569588 1.0446750526 2.2378453026 2.7058072166
0.8470000000 0.3264183311 1.0449894981 2.2381169167 2.7062617760
0.8480000000 0.3263778725 1.0453048897 2.2383886986 2.7067165565
0.8490000000 0.3263356056 1.0456212425 2.2386606483 2.7071715660
0.8500000000 0.3262915459 1.0459385338 2.2389327660 2.7076267891
0.8510000000 0.3262457161 1.0462567863 2.2392050514 2.7080822411
0.8520000000 0.3261981239 1.0465759773 2.2394775047 2.7085379219
0.8530000000 0.3261487999 1.0468961220 2.2397501259 2.7089938164
0.8540000000 0.3260977592 1.0472172127 2.2400229073 2.7094499321
0.8550000000 0.3260450325 1.0475392494 2.2402958641 2.7099062767
0.8560000000 0.3259906273 1.0478622322 2.2405689888 2.7103628349
0.8570000000 0.3259345818 1.0481861687 2.2408422737 2.7108196220
0.8580000000 0.3258769112 1.0485110435 2.2411157341 2.7112766228
0.8590000000 0.3258176537 1.0488368645 2.2413893547 2.7117338448
0.8600000000 0.3257568321 1.0491636314 2.2416631432 2.7121912804
0.8610000000 0.3256944771 1.0494913445 2.2419370918 2.7126489449
0.8620000000 0.3256306190 1.0498199959 2.2422112160 2.7131068230
0.8630000000 0.3255652885 1.0501495934 2.2424855003 2.7135649147
0.8640000000 0.3254985237 1.0504801292 2.2427599525 2.7140232353
0.8650000000 0.3254303627 1.0508116112 2.2430345726 2.7144817619
0.8660000000 0.3253608360 1.0511440315 2.2433093529 2.7149405098
0.8670000000 0.3252899971 1.0514773979 2.2435843010 2.7153994789
0.8680000000 0.3252178764 1.0518116951 2.2438594093 2.7158586540
0.8690000000 0.3251445198 1.0521469383 2.2441346931 2.7163180504
0.8700000000 0.3250699883 1.0524831200 2.2444101372 2.7167776604
0.8710000000 0.3249943123 1.0528202324 2.2446857414 2.7172374840
0.8720000000 0.3249175529 1.0531582909 2.2449615135 2.7176975288
0.8730000000 0.3248397713 1.0534972801 2.2452374535 2.7181577797
0.8740000000 0.3247610130 1.0538372002 2.2455135536 2.7186182442
0.8750000000 0.3246813545 1.0541780663 2.2457898140 2.7190789299
0.8760000000 0.3246008492 1.0545198631 2.2460662422 2.7195398216
0.8770000000 0.3245195732 1.0548625908 2.2463428383 2.7200009270
0.8780000000 0.3244375954 1.0552062492 2.2466195946 2.7204622383
0.8790000000 0.3243549995 1.0555508461 2.2468965111 2.7209237709
0.8800000000 0.3242718544 1.0558963737 2.2471735954 2.7213855095
0.8810000000 0.3241882668 1.0562428246 2.2474508476 2.7218474541
0.8820000000 0.3241043129 1.0565902138 2.2477282524 2.7223096199
0.8830000000 0.3240200996 1.0569385262 2.2480058250 2.7227719841
0.8840000000 0.3239357338 1.0572877693 2.2482835655 2.7232345619
0.8850000000 0.3238513145 1.0576379433 2.2485614586 2.7236973534
0.8860000000 0.3237669792 1.0579890404 2.2488395195 2.7241603508
0.8870000000 0.3236828499 1.0583410683 2.2491177406 2.7246235542
0.8880000000 0.3235990639 1.0586940193 2.2493961296 2.7250869637
0.8890000000 0.3235157738 1.0590478935 2.2496746788 2.7255505867
0.8900000000 0.3234331322 1.0594026909 2.2499533882 2.7260144081
0.8910000000 0.3233513222 1.0597584114 2.2502322578 2.7264784431
0.8920000000 0.3232705193 1.0601150551 2.2505112877 2.7269426842
0.8930000000 0.3231909294 1.0604726219 2.2507904854 2.7274071312
0.8940000000 0.3231127815 1.0608311043 2.2510698433 2.7278717766
0.8950000000 0.3230363197 1.0611905098 2.2513493538 2.7283366356
0.8960000000 0.3229618034 1.0615508308 2.2516290321 2.7288016930
0.8970000000 0.3228895302 1.0619120750 2.2519088783 2.7292669563
0.8980000000 0.3228198280 1.0622742271 2.2521888771 2.7297324257
0.8990000000 0.3227530632 1.0626373024 2.2524690361 2.7301981010
0.9000000000 0.3226896477 1.0630012932 2.2527493553 2.7306639748
0.9010000000 0.3226300545 1.0633661995 2.2530298347 2.7311300545
0.9020000000 0.3225748177 1.0637320137 2.2533104820 2.7315963325
0.9030000000 0.3225245781 1.0640987434 2.2535912819 2.7320628166
0.9040000000 0.3224800682 1.0644663811 2.2538722420 2.7325294991
0.9050000000 0.3224421959 1.0648349342 2.2541533623 2.7329963875
0.9060000000 0.3224120750 1.0652043953 2.2544346428 2.7334634743
0.9070000000 0.3223911629 1.0655747719 2.2547160835 2.7339307594
0.9080000000 0.3223814125 1.0659460487 2.2549976845 2.7343982506
0.9090000000 0.3223857307 1.0663182335 2.2552794456 2.7348659325
0.9100000000 0.3224090691 1.0666913261 2.2555613670 2.7353338203
0.9110000000 0.3224634056 1.0670653191 2.2558434410 2.7358019066
0.9120000000 0.3225762672 1.0674402199 2.2561256828 2.7362701912
0.9130000000 0.3226642570 1.0678160210 2.2564080772 2.7367386742
0.9140000000 0.3227348366 1.0681927299 2.2566906319 2.7372073555
0.9150000000 0.3227929802 1.0685703392 2.2569733391 2.7376762352
0.9160000000 0.3228410606 1.0689488411 2.2572562141 2.7381453056
0.9170000000 0.3228805046 1.0693282509 2.2575392418 2.7386145821
0.9180000000 0.3229122658 1.0697085533 2.2578224297 2.7390840492
0.9190000000 0.3229370613 1.0700897560 2.2581057777 2.7395537148
0.9200000000 0.3229554405 1.0704718590 2.2583892784 2.7400235710
0.9210000000 0.3229678307 1.0708548470 2.2586729393 2.7404936333
0.9220000000 0.3229745827 1.0712387352 2.2589567528 2.7409638786
0.9230000000 0.3229760017 1.0716235161 2.2592407341 2.7414343300
0.9240000000 0.3229723396 1.0720091896 2.2595248604 2.7419049721
0.9250000000 0.3229638100 1.0723957481 2.2598091545 2.7423758049
0.9260000000 0.3229505959 1.0727832069 2.2600936012 2.7428468285
0.9270000000 0.3229328804 1.0731715431 2.2603782005 2.7433180504
0.9280000000 0.3229108086 1.0735607796 2.2606629601 2.7437894707
0.9290000000 0.3228845024 1.0739508934 2.2609478798 2.7442610741
0.9300000000 0.3228540916 1.0743418922 2.2612329521 2.7447328758
0.9310000000 0.3228196907 1.0747337837 2.2615181847 2.7452048683
0.9320000000 0.3227813835 1.0751265526 2.2618035698 2.7456770515
0.9330000000 0.3227392769 1.0755202065 2.2620891075 2.7461494255
0.9340000000 0.3226934471 1.0759147377 2.2623748055 2.7466219902
0.9350000000 0.3226439705 1.0763101540 2.2626606560 2.7470947456
0.9360000000 0.3225909233 1.0767064476 2.2629466667 2.7475676918
0.9370000000 0.3225343666 1.0771036186 2.2632328300 2.7480408287
0.9380000000 0.3224743690 1.0775016670 2.2635191536 2.7485141563
0.9390000000 0.3224109917 1.0779005852 2.2638056221 2.7489876747
0.9400000000 0.3223442802 1.0783003883 2.2640922585 2.7494613762
0.9410000000 0.3222742882 1.0787010612 2.2643790398 2.7499352684
0.9420000000 0.3222010612 1.0791026039 2.2646659813 2.7504093513
0.9430000000 0.3221246605 1.0795050163 2.2649530754 2.7508836174
0.9440000000 0.3220451088 1.0799083061 2.2652403221 2.7513580742
0.9450000000 0.3219624596 1.0803124580 2.2655277214 2.7518327217
0.9460000000 0.3218767433 1.0807174797 2.2658152809 2.7523075523
0.9470000000 0.3217880058 1.0811233711 2.2661029930 2.7527825661
0.9480000000 0.3216962776 1.0815301247 2.2663908577 2.7532577705
0.9490000000 0.3216015968 1.0819377403 2.2666788750 2.7537331657
0.9500000000 0.3215039864 1.0823462181 2.2669670525 2.7542087364
0.9510000000 0.3214034843 1.0827555656 2.2672553749 2.7546844978
0.9520000000 0.3213001137 1.0831657677 2.2675438576 2.7551604500
0.9530000000 0.3211939049 1.0835768242 2.2678324852 2.7556365776
0.9540000000 0.3210848885 1.0839887505 2.2681212730 2.7561128960
0.9550000000 0.3209730873 1.0844015236 2.2684102135 2.7565893898
0.9560000000 0.3208585243 1.0848151588 2.2686993065 2.7570660744
0.9570000000 0.3207412224 1.0852296486 2.2689885521 2.7575429420
0.9580000000 0.3206212120 1.0856449852 2.2692779503 2.7580199928
0.9590000000 0.3204985085 1.0860611839 2.2695675011 2.7584972267
0.9600000000 0.3203731346 1.0864782219 2.2698572044 2.7589746437
0.9610000000 0.3202451134 1.0868961220 2.2701470528 2.7594522362
0.9620000000 0.3201144676 1.0873148613 2.2704370613 2.7599300194
0.9630000000 0.3199812050 1.0877344475 2.2707272224 2.7604079781
0.9640000000 0.3198453560 1.0881548882 2.2710175285 2.7608861198
0.9650000000 0.3197069283 1.0885761681 2.2713079948 2.7613644447
0.9660000000 0.3195659523 1.0889982872 2.2715986061 2.7618429527
0.9670000000 0.3194224358 1.0894212532 2.2718893700 2.7623216362
0.9680000000 0.3192763939 1.0898450584 2.2721802864 2.7628004951
0.9690000000 0.3191278496 1.0902697029 2.2724713554 2.7632795448
0.9700000000 0.3189768181 1.0906951866 2.2727625771 2.7637587624
0.9710000000 0.3188233070 1.0911215096 2.2730539436 2.7642381706
0.9720000000 0.3186673393 1.0915486641 2.2733454628 2.7647177544
0.9730000000 0.3185089302 1.0919766579 2.2736371346 2.7651975136
0.9740000000 0.3183480873 1.0924054756 2.2739289589 2.7656774483
0.9750000000 0.3181848259 1.0928351326 2.2742209282 2.7661575661
0.9760000000 0.3180191612 1.0932656212 2.2745130501 2.7666378593
0.9770000000 0.3178511086 1.0936969337 2.2748053246 2.7671183357
0.9780000000 0.3176806755 1.0941290779 2.2750977440 2.7675989799
0.9790000000 0.3175078773 1.0945620461 2.2753903160 2.7680798073
0.9800000000 0.3173327293 1.0949958458 2.2756830406 2.7685608101
0.9810000000 0.3171552391 1.0954304619 2.2759759102 2.7690419884
0.9820000000 0.3169754219 1.0958659019 2.2762689247 2.7695233421
0.9830000000 0.3167932854 1.0963021660 2.2765620995 2.7700048714
0.9840000000 0.3166088448 1.0967392464 2.2768554192 2.7704865761
0.9850000000 0.3164221077 1.0971771507 2.2771488838 2.7709684563
0.9860000000 0.3162330894 1.0976158638 2.2774425011 2.7714505119
0.9870000000 0.3160417976 1.0980554008 2.2777362633 2.7719327431
0.9880000000 0.3158482475 1.0984957466 2.2780301781 2.7724151497
0.9890000000 0.3156524467 1.0989369087 2.2783242455 2.7728977318
0.9900000000 0.3154543953 1.0993788872 2.2786184502 2.7733804817
0.9910000000 0.3152541237 1.0998216667 2.2789128075 2.7738634071
0.9920000000 0.3150516243 1.1002652626 2.2792073174 2.7743465080
0.9930000000 0.3148469200 1.1007096672 2.2795019722 2.7748297768
0.9940000000 0.3146400032 1.1011548729 2.2797967720 2.7753132210
0.9950000000 0.3144309044 1.1016008873 2.2800917244 2.7757968330
0.9960000000 0.3142196159 1.1020477028 2.2803868217 2.7762806282
0.9970000000 0.3140061607 1.1024953194 2.2806820717 2.7767645836
0.9980000000 0.3137905312 1.1029437370 2.2809774590 2.7772487144
0.9990000000 0.3135727577 1.1033929558 2.2812729988 2.7777330208
1.0000000000 0.3133528328 1.1038429756 2.2815686836 2.7782174950
1.0010000000 0.3131307640 1.1042937889 2.2818645210 2.7787021370
1.0020000000 0.3129065742 1.1047453957 2.2821604958 2.7791869545
1.0030000000 0.3126802635 1.1051978035 2.2824566231 2.7796719398
1.0040000000 0.3124518394 1.1056509972 2.2827528954 2.7801570930
1.0050000000 0.3122213097 1.1061049843 2.2830493202 2.7806424217
1.0060000000 0.3119886818 1.1065597572 2.2833458824 2.7811279106
1.0070000000 0.3117539711 1.1070153236 2.2836425972 2.7816135750
1.0080000000 0.3115171852 1.1074716759 2.2839394493 2.7820994072
1.0090000000 0.3112783241 1.1079288139 2.2842364540 2.7825854073
1.0100000000 0.3110373955 1.1083867302 2.2845336037 2.7830715828
1.0110000000 0.3107944221 1.1088454399 2.2848308983 2.7835579185
1.0120000000 0.3105493965 1.1093049202 2.2851283379 2.7840444221
1.0130000000 0.3103023262 1.1097651863 2.2854259224 2.7845310936
1.0140000000 0.3100532341 1.1102262306 2.2857236519 2.7850179329
1.0150000000 0.3098021126 1.1106880455 2.2860215263 2.7855049400
1.0160000000 0.3095489769 1.1111506462 2.2863195457 2.7859921150
1.0170000000 0.3092938271 1.1116140099 2.2866177101 2.7864794579
1.0180000000 0.3090366783 1.1120781517 2.2869160194 2.7869669609
1.0190000000 0.3087775383 1.1125430641 2.2872144661 2.7874546318
1.0200000000 0.3085164070 1.1130087471 2.2875130653 2.7879424706
1.0210000000 0.3082532997 1.1134752007 2.2878118095 2.7884304771
1.0220000000 0.3079882240 1.1139424171 2.2881106911 2.7889186440
1.0230000000 0.3077211800 1.1144104042 2.2884097176 2.7894069786
1.0240000000 0.3074521751 1.1148791466 2.2887088966 2.7898954811
1.0250000000 0.3071812248 1.1153486595 2.2890082054 2.7903841438
1.0260000000 0.3069083290 1.1158189278 2.2893076668 2.7908729744
1.0270000000 0.3066334953 1.1162899590 2.2896072731 2.7913619652
1.0280000000 0.3063567314 1.1167617455 2.2899070168 2.7918511238
1.0290000000 0.3060780449 1.1172342949 2.2902069054 2.7923404427
1.0300000000 0.3057974434 1.1177075920 2.2905069389 2.7928299217
1.0310000000 0.3055149345 1.1181816444 2.2908071098 2.7933195686
1.0320000000 0.3052305260 1.1186564522 2.2911074257 2.7938093758
1.0330000000 0.3049442177 1.1191320076 2.2914078865 2.7942993507
1.0340000000 0.3046560173 1.1196083107 2.2917084846 2.7947894859
1.0350000000 0.3043659401 1.1200853691 2.2920092354 2.7952797813
1.0360000000 0.3040739937 1.1205631676 2.2923101158 2.7957702370
1.0370000000 0.3037801704 1.1210417137 2.2926111412 2.7962608604
1.0380000000 0.3034844856 1.1215209999 2.2929123116 2.7967516441
1.0390000000 0.3031869545 1.1220010262 2.2932136269 2.7972425804
1.0400000000 0.3028875694 1.1224818001 2.2935150795 2.7977336845
1.0410000000 0.3025863380 1.1229633064 2.2938166695 2.7982249489
1.0420000000 0.3022832756 1.1234455528 2.2941184044 2.7987163811
1.0430000000 0.3019783897 1.1239285316 2.2944202766 2.7992079659
1.0440000000 0.3016716728 1.1244122505 2.2947222939 2.7996997108
1.0450000000 0.3013631401 1.1248967018 2.2950244560 2.8001916161
1.0460000000 0.3010528069 1.1253818779 2.2953267479 2.8006836815
1.0470000000 0.3007406654 1.1258677864 2.2956291847 2.8011759071
1.0480000000 0.3004267235 1.1263544273 2.2959317665 2.8016682854
1.0490000000 0.3001109962 1.1268417931 2.2962344856 2.8021608315
1.0500000000 0.2997934837 1.1273298836 2.2965373421 2.8026535301
1.0510000000 0.2994741936 1.1278186989 2.2968403435 2.8031463890
1.0520000000 0.2991531334 1.1283082390 2.2971434822 2.8036394081
1.0530000000 0.2988303032 1.1287984962 2.2974467583 2.8041325874
1.0540000000 0.2985057182 1.1292894707 2.2977501717 2.8046259193
1.0550000000 0.2981793861 1.1297811623 2.2980537300 2.8051194115
1.0560000000 0.2978512993 1.1302735786 2.2983574257 2.8056130638
1.0570000000 0.2975214806 1.1307667046 2.2986612587 2.8061068687
1.0580000000 0.2971899223 1.1312605400 2.2989652290 2.8066008339
1.0590000000 0.2968566322 1.1317550926 2.2992693443 2.8070949593
1.0600000000 0.2965216255 1.1322503548 2.2995735970 2.8075892296
1.0610000000 0.2961849022 1.1327463264 2.2998779869 2.8080836678
1.0620000000 0.2958464775 1.1332430000 2.3001825142 2.8085782585
1.0630000000 0.2955063438 1.1337403831 2.3004871788 2.8090730019
1.0640000000 0.2951645088 1.1342384682 2.3007919807 2.8095679054
1.0650000000 0.2948209877 1.1347372551 2.3010969200 2.8100629616
1.0660000000 0.2944757805 1.1352367516 2.3014019966 2.8105581779
1.0670000000 0.2941288948 1.1357369347 2.3017072105 2.8110535393
1.0680000000 0.2937803383 1.1362378273 2.3020125694 2.8115490685
1.0690000000 0.2934301109 1.1367394142 2.3023180580 2.8120447426
1.0700000000 0.2930782280 1.1372416878 2.3026236839 2.8125405769
1.0710000000 0.2927246819 1.1377446632 2.3029294472 2.8130365639
1.0720000000 0.2923694954 1.1382483253 2.3032353477 2.8135327034
1.0730000000 0.2920126610 1.1387526817 2.3035413857 2.8140289955
1.0740000000 0.2916541939 1.1392577248 2.3038475609 2.8145254478
1.0750000000 0.2912940941 1.1397634544 2.3041538734 2.8150220451
1.0760000000 0.2909323692 1.1402698708 2.3044603233 2.8155188026
1.0770000000 0.2905690193 1.1407769737 2.3047669029 2.8160157127
1.0780000000 0.2902040672 1.1412847557 2.3050736198 2.8165127754
1.0790000000 0.2898374977 1.1417932243 2.3053804741 2.8170099831
1.0800000000 0.2894693336 1.1423023643 2.3056874657 2.8175073509
1.0810000000 0.2890995674 1.1428121834 2.3059945946 2.8180048714
1.0820000000 0.2887282219 1.1433226891 2.3063018532 2.8185025444
1.0830000000 0.2883552818 1.1438338585 2.3066092491 2.8190003700
1.0840000000 0.2879807701 1.1443457069 2.3069167824 2.8194983406
1.0850000000 0.2876046791 1.1448582268 2.3072244453 2.8199964714
1.0860000000 0.2872270317 1.1453714104 2.3075322456 2.8204947472
1.0870000000 0.2868478127 1.1458852730 2.3078401756 2.8209931755
1.0880000000 0.2864670448 1.1463997993 2.3081482506 2.8214917564
1.0890000000 0.2860847282 1.1469149895 2.3084564476 2.8219904900
1.0900000000 0.2857008705 1.1474308434 2.3087647896 2.8224893684
1.0910000000 0.2853154716 1.1479473610 2.3090732613 2.8229883995
1.0920000000 0.2849285393 1.1484645348 2.3093818626 2.8234875832
1.0930000000 0.2845400810 1.1489823723 2.3096906013 2.8239869194
1.0940000000 0.2841501045 1.1495008659 2.3099994774 2.8244864006
1.0950000000 0.2837586098 1.1500200233 2.3103084755 2.8249860344
1.0960000000 0.2833656120 1.1505398293 2.3106176186 2.8254858131
1.0970000000 0.2829711037 1.1510602837 2.3109268837 2.8259857445
1.0980000000 0.2825750999 1.1515814018 2.3112362938 2.8264858284
1.0990000000 0.2821776085 1.1521031609 2.3115458260 2.8269860573
1.1000000000 0.2817786217 1.1526255684 2.3118554955 2.8274864388
1.1010000000 0.2813781624 1.1531486244 2.3121652946 2.8279869652
1.1020000000 0.2809762230 1.1536723289 2.3124752312 2.8284876366
1.1030000000 0.2805728111 1.1541966743 2.3127852974 2.8289884605
1.1040000000 0.2801679420 1.1547216606 2.3130954933 2.8294894371
1.1050000000 0.2797616081 1.1552472954 2.3134058189 2.8299905586
1.1060000000 0.2793538246 1.1557735634 2.3137162819 2.8304918251
1.1070000000 0.2789445915 1.1563004723 2.3140268745 2.8309932365
1.1080000000 0.2785339241 1.1568280144 2.3143375969 2.8314948006
1.1090000000 0.2781218147 1.1573561897 2.3146484489 2.8319965096
1.1100000000 0.2777082710 1.1578849983 2.3149594307 2.8324983711
1.1110000000 0.2772933083 1.1584144402 2.3152705498 2.8330003777
1.1120000000 0.2768769188 1.1589445076 2.3155817986 2.8335025291
1.1130000000 0.2764591179 1.1594752083 2.3158931694 2.8340048256
1.1140000000 0.2760399132 1.1600065346 2.3162046776 2.8345072670
1.1150000000 0.2756192970 1.1605384865 2.3165163155 2.8350098610
1.1160000000 0.2751972847 1.1610710640 2.3168280830 2.8355125999
1.1170000000 0.2747738838 1.1616042595 2.3171399727 2.8360154762
1.1180000000 0.2743490944 1.1621380806 2.3174519997 2.8365185051
1.1190000000 0.2739229240 1.1626725121 2.3177641563 2.8370216866
1.1200000000 0.2734953728 1.1632075691 2.3180764427 2.8375250053
1.1210000000 0.2730664558 1.1637432365 2.3183888512 2.8380284691
1.1220000000 0.2726361732 1.1642795219 2.3187013969 2.8385320778
1.1230000000 0.2722045326 1.1648164177 2.3190140648 2.8390358315
1.1240000000 0.2717715263 1.1653539314 2.3193268700 2.8395397377
1.1250000000 0.2713371849 1.1658920479 2.3196397972 2.8400437813
1.1260000000 0.2709014931 1.1664307747 2.3199528465 2.8405479698
1.1270000000 0.2704644585 1.1669701042 2.3202660332 2.8410523033
1.1280000000 0.2700260963 1.1675100365 2.3205793495 2.8415567818
1.1290000000 0.2695864067 1.1680505791 2.3208927879 2.8420614052
1.1300000000 0.2691453896 1.1685917244 2.3212063560 2.8425661659
1.1310000000 0.2687030525 1.1691334648 2.3215200462 2.8430710793
1.1320000000 0.2682594109 1.1696758080 2.3218338661 2.8435761299
1.1330000000 0.2678144646 1.1702187462 2.3221478157 2.8440813332
1.1340000000 0.2673682060 1.1707622795 2.3224618950 2.8445866661
1.1350000000 0.2669206581 1.1713064079 2.3227760963 2.8450921516
1.1360000000 0.2664718208 1.1718511238 2.3230904274 2.8455977821
1.1370000000 0.2660216942 1.1723964348 2.3234048805 2.8461035500
1.1380000000 0.2655702858 1.1729423332 2.3237194633 2.8466094627
1.1390000000 0.2651176033 1.1734888191 2.3240341682 2.8471155128
1.1400000000 0.2646636543 1.1740358925 2.3243490028 2.8476217155
1.1410000000 0.2642084389 1.1745835533 2.3246639595 2.8481280556
1.1420000000 0.2637519569 1.1751317940 2.3249790459 2.8486345329
1.1430000000 0.2632942238 1.1756806221 2.3252942543 2.8491411552
1.1440000000 0.2628352470 1.1762300224 2.3256095848 2.8496479225
1.1450000000 0.2623750191 1.1767800026 2.3259250450 2.8501548271
1.1460000000 0.2619135551 1.1773305626 2.3262406349 2.8506618767
1.1470000000 0.2614508553 1.1778816948 2.3265563393 2.8511690712
1.1480000000 0.2609869270 1.1784333992 2.3268721733 2.8516764030
1.1490000000 0.2605217781 1.1789856758 2.3271881294 2.8521838722
1.1500000000 0.2600554085 1.1795385323 2.3275042152 2.8526914864
1.1510000000 0.2595878181 1.1800919456 2.3278204155 2.8531992378
1.1520000000 0.2591190300 1.1806459312 2.3281367455 2.8537071342
1.1530000000 0.2586490288 1.1812004814 2.3284531975 2.8542151680
1.1540000000 0.2581778374 1.1817556038 2.3287697792 2.8547233467
1.1550000000 0.2577054482 1.1823112831 2.3290864754 2.8552316628
1.1560000000 0.2572318687 1.1828675194 2.3294033012 2.8557401237
1.1570000000 0.2567571068 1.1834243202 2.3297202415 2.8562487144
1.1580000000 0.2562811699 1.1839816780 2.3300373116 2.8567574577
1.1590000000 0.2558040581 1.1845395927 2.3303545036 2.8572663307
1.1600000000 0.2553257713 1.1850980644 2.3306718102 2.8577753487
1.1610000000 0.2548463249 1.1856570854 2.3309892464 2.8582845039
1.1620000000 0.2543657265 1.1862166557 2.3313068047 2.8587937965
1.1630000000 0.2538839684 1.1867767830 2.3316244850 2.8593032341
1.1640000000 0.2534010582 1.1873374596 2.3319422798 2.8598128090
1.1650000000 0.2529170113 1.1878986778 2.3322602043 2.8603225212
1.1660000000 0.2524318199 1.1884604454 2.3325782433 2.8608323708
1.1670000000 0.2519454994 1.1890227547 2.3328964043 2.8613423576
1.1680000000 0.2514580498 1.1895856056 2.3332146873 2.8618524895
1.1690000000 0.2509694710 1.1901489983 2.3335330925 2.8623627586
1.1700000000 0.2504797783 1.1907129326 2.3338516197 2.8628731651
1.1710000000 0.2499889641 1.1912774086 2.3341702614 2.8633837090
1.1720000000 0.2494970512 1.1918424110 2.3344890251 2.8638943901
1.1730000000 0.2490040245 1.1924079552 2.3348079109 2.8644052086
1.1740000000 0.2485098991 1.1929740334 2.3351269188 2.8649161720
1.1750000000 0.2480146828 1.1935406380 2.3354460411 2.8654272652
1.1760000000 0.2475183754 1.1941077766 2.3357652779 2.8659384956
1.1770000000 0.2470209770 1.1946754417 2.3360846443 2.8664498711
1.1780000000 0.2465225029 1.1952436333 2.3364041252 2.8669613762
1.1790000000 0.2460229530 1.1958123512 2.3367237206 2.8674730263
1.1800000000 0.2455223274 1.1963815956 2.3370434380 2.8679848061
1.1810000000 0.2450206413 1.1969513588 2.3373632774 2.8684967308
1.1820000000 0.2445178871 1.1975216484 2.3376832314 2.8690087852
1.1830000000 0.2440140800 1.1980924492 2.3380032997 2.8695209770
1.1840000000 0.2435092278 1.1986637764 2.3383234901 2.8700333138
1.1850000000 0.2430033150 1.1992356148 2.3386438026 2.8705457802
1.1860000000 0.2424963722 1.1998079643 2.3389642220 2.8710583839
1.1870000000 0.2419883842 1.2003808327 2.3392847633 2.8715711250
1.1880000000 0.2414793663 1.2009542122 2.3396054268 2.8720840034
1.1890000000 0.2409693184 1.2015281029 2.3399261971 2.8725970116
1.1900000000 0.2404582405 1.2021024971 2.3402470894 2.8731101646
1.1910000000 0.2399461479 1.2026774025 2.3405680962 2.8736234474
1.1920000000 0.2394330482 1.2032528114 2.3408892174 2.8741368675
1.1930000000 0.2389189262 1.2038287239 2.3412104607 2.8746504250
1.1940000000 0.2384038048 1.2044051399 2.3415318184 2.8751641197
1.1950000000 0.2378876839 1.2049820518 2.3418532906 2.8756779442
1.1960000000 0.2373705711 1.2055594673 2.3421748695 2.8761919060
1.1970000000 0.2368524590 1.2061373787 2.3424965706 2.8767060051
1.1980000000 0.2363333626 1.2067157936 2.3428183937 2.8772202415
1.1990000000 0.2358132820 1.2072946968 2.3431403236 2.8777346077
1.2000000000 0.2352922325 1.2078740883 2.3434623680 2.8782491188
1.2010000000 0.2347701988 1.2084539757 2.3437845268 2.8787637520
1.2020000000 0.2342472038 1.2090343590 2.3441068001 2.8792785301
1.2030000000 0.2337232399 1.2096152229 2.3444291878 2.8797934380
1.2040000000 0.2331983223 1.2101965752 2.3447516899 2.8803084831
1.2050000000 0.2326724510 1.2107784157 2.3450742989 2.8808236580
1.2060000000 0.2321456261 1.2113607368 2.3453970299 2.8813389702
1.2070000000 0.2316178551 1.2119435463 2.3457198677 2.8818544121
1.2080000000 0.2310891380 1.2125268288 2.3460428200 2.8823699989
1.2090000000 0.2305594902 1.2131105919 2.3463658867 2.8828857079
1.2100000000 0.2300289116 1.2136948357 2.3466890678 2.8834015617
1.2110000000 0.2294974022 1.2142795525 2.3470123558 2.8839175453
1.2120000000 0.2289649696 1.2148647499 2.3473357582 2.8844336586
1.2130000000 0.2284316216 1.2154504128 2.3476592751 2.8849499092
1.2140000000 0.2278973579 1.2160365562 2.3479828987 2.8854662895
1.2150000000 0.2273621788 1.2166231651 2.3483066368 2.8859828072
1.2160000000 0.2268260994 1.2172102394 2.3486304817 2.8864994621
1.2170000000 0.2262891197 1.2177977791 2.3489544411 2.8870162468
1.2180000000 0.2257512398 1.2183857918 2.3492785149 2.8875331612
1.2190000000 0.2252124748 1.2189742622 2.3496026955 2.8880502129
1.2200000000 0.2246728172 1.2195631981 2.3499269829 2.8885673943
1.2210000000 0.2241322823 1.2201525993 2.3502513847 2.8890847130
1.2220000000 0.2235908623 1.2207424507 2.3505758934 2.8896021614
1.2230000000 0.2230485649 1.2213327675 2.3509005089 2.8901197472
1.2240000000 0.2225054054 1.2219235344 2.3512252388 2.8906374626
1.2250000000 0.2219613762 1.2225147591 2.3515500755 2.8911553078
1.2260000000 0.2214164925 1.2231064415 2.3518750267 2.8916732903
1.2270000000 0.2208707466 1.2236985664 2.3522000771 2.8921914024
1.2280000000 0.2203241463 1.2242911491 2.3525252419 2.8927096519
1.2290000000 0.2197766991 1.2248841743 2.3528505135 2.8932280235
1.2300000000 0.2192284126 1.2254776497 2.3531758919 2.8937465401
1.2310000000 0.2186792793 1.2260715752 2.3535013847 2.8942651787
1.2320000000 0.2181293144 1.2266659431 2.3538269768 2.8947839546
1.2330000000 0.2175785255 1.2272607460 2.3541526833 2.8953028603
1.2340000000 0.2170269051 1.2278559990 2.3544784889 2.8958218956
1.2350000000 0.2164744606 1.2284516869 2.3548044090 2.8963410683
1.2360000000 0.2159211998 1.2290478172 2.3551304283 2.8968603706
1.2370000000 0.2153671303 1.2296443748 2.3554565544 2.8973798027
1.2380000000 0.2148122444 1.2302413750 2.3557827950 2.8978993645
1.2390000000 0.2142565651 1.2308388100 2.3561091347 2.8984190636
1.2400000000 0.2137000771 1.2314366722 2.3564355812 2.8989388924
1.2410000000 0.2131427956 1.2320349693 2.3567621346 2.8994588509
1.2420000000 0.2125847206 1.2326336937 2.3570887947 2.8999789391
1.2430000000 0.2120258598 1.2332328377 2.3574155540 2.9004991646
1.2440000000 0.2114662132 1.2338324165 2.3577424202 2.9010195122
1.2450000000 0.2109057961 1.2344324226 2.3580693932 2.9015399971
1.2460000000 0.2103445930 1.2350328407 2.3583964729 2.9020606117
1.2470000000 0.2097826271 1.2356336861 2.3587236519 2.9025813560
1.2480000000 0.2092198982 1.2362349510 2.3590509377 2.9031022377
1.2490000000 0.2086563988 1.2368366356 2.3593783226 2.9036232414
1.2500000000 0.2080921516 1.2374387398 2.3597058144 2.9041443825
1.2510000000 0.2075271492 1.2380412560 2.3600334053 2.9046656456
1.2520000000 0.2069613914 1.2386441841 2.3603611031 2.9051870461
1.2530000000 0.2063948936 1.2392475243 2.3606889000 2.9057085762
1.2540000000 0.2058276634 1.2398512764 2.3610168037 2.9062302361
1.2550000000 0.2052596855 1.2404554405 2.3613448067 2.9067520256
1.2560000000 0.2046909828 1.2410600090 2.3616729164 2.9072739449
1.2570000000 0.2041215553 1.2416649895 2.3620011253 2.9077960014
1.2580000000 0.2035513954 1.2422703667 2.3623294334 2.9083181801
1.2590000000 0.2029805260 1.2428761559 2.3626578407 2.9088404884
1.2600000000 0.2024089394 1.2434823418 2.3629863548 2.9093629341
1.2610000000 0.2018366356 1.2440889244 2.3633149605 2.9098855019
1.2620000000 0.2012636375 1.2446959114 2.3636436729 2.9104081993
1.2630000000 0.2006899300 1.2453032951 2.3639724846 2.9109310341
1.2640000000 0.2001155281 1.2459110756 2.3643013954 2.9114539909
1.2650000000 0.1995404320 1.2465192451 2.3646304054 2.9119770851
1.2660000000 0.1989646492 1.2471278114 2.3649595222 2.9125003014
1.2670000000 0.1983881798 1.2477367668 2.3652887306 2.9130236549
1.2680000000 0.1978110313 1.2483461189 2.3656180382 2.9135471306
1.2690000000 0.1972332039 1.2489558525 2.3659474449 2.9140707359
1.2700000000 0.1966547127 1.2495659752 2.3662769508 2.9145944786
1.2710000000 0.1960755501 1.2501764793 2.3666065559 2.9151183434
1.2720000000 0.1954957237 1.2507873726 2.3669362526 2.9156423378
1.2730000000 0.1949152336 1.2513986397 2.3672660561 2.9161664619
1.2740000000 0.1943340950 1.2520102959 2.3675959511 2.9166907158
1.2750000000 0.1937523079 1.2526223259 2.3679259453 2.9172150993
1.2760000000 0.1931698723 1.2532347374 2.3682560387 2.9177396126
1.2770000000 0.1925867958 1.2538475304 2.3685862236 2.9182642555
1.2780000000 0.1920030785 1.2544606895 2.3689165077 2.9187890282
1.2790000000 0.1914187355 1.2550742226 2.3692468834 2.9193139229
1.2800000000 0.1908337593 1.2556881294 2.3695773582 2.9198389549
1.2810000000 0.1902481575 1.2563024101 2.3699079247 2.9203641090
1.2820000000 0.1896619377 1.2569170494 2.3702385902 2.9208893929
1.2830000000 0.1890750999 1.2575320625 2.3705693550 2.9214148064
1.2840000000 0.1884876518 1.2581474419 2.3709002113 2.9219403496
1.2850000000 0.1878996010 1.2587631874 2.3712311592 2.9224660225
1.2860000000 0.1873109474 1.2593792915 2.3715621986 2.9229918251
1.2870000000 0.1867216911 1.2599957619 2.3718933372 2.9235177498
1.2880000000 0.1861318474 1.2606125908 2.3722245674 2.9240438042
1.2890000000 0.1855414085 1.2612297707 2.3725558968 2.9245699883
1.2900000000 0.1849503822 1.2618473167 2.3728873100 2.9250963020
1.2910000000 0.1843587837 1.2624652138 2.3732188225 2.9256227455
1.2920000000 0.1837666054 1.2630834618 2.3735504265 2.9261493111
1.2930000000 0.1831738548 1.2637020683 2.3738821220 2.9266760139
1.2940000000 0.1825805397 1.2643210258 2.3742139091 2.9272028389
1.2950000000 0.1819866524 1.2649403267 2.3745457878 2.9277297935
1.2960000000 0.1813922157 1.2655599785 2.3748777504 2.9282568703
1.2970000000 0.1807972221 1.2661799812 2.3752098122 2.9287840843
1.2980000000 0.1802016792 1.2668003197 2.3755419655 2.9293114204
1.2990000000 0.1796055946 1.2674210091 2.3758742104 2.9298388863
1.3000000000 0.1790089684 1.2680420341 2.3762065392 2.9303664818
1.3010000000 0.1784118080 1.2686634026 2.3765389595 2.9308941994
1.3020000000 0.1778141136 1.2692851143 2.3768714790 2.9314220467
1.3030000000 0.1772158852 1.2699071617 2.3772040749 2.9319500237
1.3040000000 0.1766171455 1.2705295372 2.3775367699 2.9324781303
1.3050000000 0.1760178871 1.2711522560 2.3778695488 2.9330063591
1.3060000000 0.1754181099 1.2717753029 2.3782024117 2.9335347252
1.3070000000 0.1748178291 1.2723986855 2.3785353737 2.9340632057
1.3080000000 0.1742170372 1.2730223961 2.3788684120 2.9345918236
1.3090000000 0.1736157570 1.2736464348 2.3792015495 2.9351205635
1.3100000000 0.1730139732 1.2742708015 2.3795347633 2.9356494331
1.3110000000 0.1724117012 1.2748954887 2.3798680687 2.9361784325
1.3120000000 0.1718089485 1.2755205040 2.3802014656 2.9367075539
1.3130000000 0.1712057076 1.2761458397 2.3805349464 2.9372368050
1.3140000000 0.1706020012 1.2767715034 2.3808685112 2.9377661858
1.3150000000 0.1699978142 1.2773974800 2.3812021599 2.9382956886
1.3160000000 0.1693931694 1.2780237770 2.3815359001 2.9388253212
1.3170000000 0.1687880592 1.2786503868 2.3818697243 2.9393550835
1.3180000000 0.1681824913 1.2792773170 2.3822036324 2.9398849754
1.3190000000 0.1675764732 1.2799045601 2.3825376244 2.9404149895
1.3200000000 0.1669700127 1.2805321083 2.3828717003 2.9409451256
1.3210000000 0.1663631020 1.2811599770 2.3832058601 2.9414753990
1.3220000000 0.1657557640 1.2817881508 2.3835401039 2.9420057945
1.3230000000 0.1651479836 1.2824166298 2.3838744316 2.9425363121
1.3240000000 0.1645397835 1.2830454140 2.3842088432 2.9430669670
1.3250000000 0.1639311638 1.2836745110 2.3845433388 2.9435977440
1.3260000000 0.1633221245 1.2843039055 2.3848779106 2.9441286430
1.3270000000 0.1627126656 1.2849336052 2.3852125740 2.9446596718
1.3280000000 0.1621028099 1.2855635948 2.3855473137 2.9451908302
1.3290000000 0.1614925499 1.2861938972 2.3858821373 2.9457221184
1.3300000000 0.1608818932 1.2868244896 2.3862170372 2.9462535286
1.3310000000 0.1602708473 1.2874553795 2.3865520210 2.9467850609
1.3320000000 0.1596594124 1.2880865593 2.3868870888 2.9473167229
1.3330000000 0.1590475960 1.2887180367 2.3872222328 2.9478485146
1.3340000000 0.1584354057 1.2893498039 2.3875574608 2.9483804359
1.3350000000 0.1578228493 1.2899818611 2.3878927650 2.9489124794
1.3360000000 0.1572099266 1.2906142006 2.3882281532 2.9494446526
1.3370000000 0.1565966377 1.2912468376 2.3885636177 2.9499769478
1.3380000000 0.1559830055 1.2918797493 2.3888991585 2.9505093727
1.3390000000 0.1553690147 1.2925129509 2.3892347755 2.9510419197
1.3400000000 0.1547546883 1.2931464348 2.3895704765 2.9515745964
1.3410000000 0.1541400261 1.2937802010 2.3899062538 2.9521074028
1.3420000000 0.1535250282 1.2944142418 2.3902421074 2.9526403313
1.3430000000 0.1529097099 1.2950485649 2.3905780449 2.9531733818
1.3440000000 0.1522940712 1.2956831627 2.3909140511 2.9537065697
1.3450000000 0.1516781120 1.2963180351 2.3912501335 2.9542398796
1.3460000000 0.1510618477 1.2969531822 2.3915862999 2.9547733116
1.3470000000 0.1504452858 1.2975885963 2.3919225349 2.9553068733
1.3480000000 0.1498284187 1.2982242851 2.3922588463 2.9558405647
1.3490000000 0.1492112694 1.2988602486 2.3925952339 2.9563743782
1.3500000000 0.1485938301 1.2994964714 2.3929316978 2.9569083138
1.3510000000 0.1479761162 1.3001329613 2.3932682304 2.9574423790
1.3520000000 0.1473581276 1.3007697182 2.3936048470 2.9579765739
1.3530000000 0.1467398720 1.3014067345 2.3939415321 2.9585108986
1.3540000000 0.1461213646 1.3020440102 2.3942782860 2.9590453377
1.3550000000 0.1455025978 1.3026815529 2.3946151237 2.9595799141
1.3560000000 0.1448835869 1.3033193474 2.3949520226 2.9601146126
1.3570000000 0.1442643318 1.3039574013 2.3952890053 2.9606494331
1.3580000000 0.1436448402 1.3045957146 2.3956260490 2.9611843834
1.3590000000 0.1430251274 1.3052342720 2.3959631691 2.9617194633
1.3600000000 0.1424051933 1.3058730888 2.3963003654 2.9622546654
1.3610000000 0.1417850456 1.3065121574 2.3966376305 2.9627899895
1.3620000000 0.1411646919 1.3071514778 2.3969749641 2.9633254509
1.3630000000 0.1405441322 1.3077910423 2.3973123665 2.9638610268
1.3640000000 0.1399233818 1.3084308510 2.3976498375 2.9643967323
1.3650000000 0.1393024483 1.3090709038 2.3979873848 2.9649325676
1.3660000000 0.1386813393 1.3097112083 2.3983250008 2.9654685249
1.3670000000 0.1380600548 1.3103517418 2.3986626778 2.9660046120
1.3680000000 0.1374386024 1.3109925270 2.3990004311 2.9665408211
1.3690000000 0.1368169975 1.3116335487 2.3993382530 2.9670771599
1.3700000000 0.1361952400 1.3122748070 2.3996761360 2.9676136284
1.3710000000 0.1355733452 1.3129163017 2.4000140953 2.9681502113
1.3720000000 0.1349513130 1.3135580254 2.4003521156 2.9686869316
1.3730000000 0.1343291588 1.3141999855 2.4006902046 2.9692237740
1.3740000000 0.1337068825 1.3148421822 2.4010283546 2.9697607384
1.3750000000 0.1330844994 1.3154846001 2.4013665810 2.9702978325
1.3760000000 0.1324620094 1.3161272545 2.4017048683 2.9708350487
1.3770000000 0.1318394279 1.3167701302 2.4020432167 2.9713723946
1.3780000000 0.1312167625 1.3174132271 2.4023816338 2.9719098701
1.3790000000 0.1305940132 1.3180565605 2.4027201118 2.9724474678
1.3800000000 0.1299712029 1.3187001076 2.4030586586 2.9729851875
1.3810000000 0.1293483315 1.3193438759 2.4033972740 2.9735230370
1.3820000000 0.1287254066 1.3199878654 2.4037359428 2.9740610161
1.3830000000 0.1281024437 1.3206320686 2.4040746803 2.9745991173
1.3840000000 0.1274794426 1.3212764931 2.4044134789 2.9751373405
1.3850000000 0.1268564186 1.3219211311 2.4047523384 2.9756756935
1.3860000000 0.1262333794 1.3225659828 2.4050912666 2.9762141762
1.3870000000 0.1256103325 1.3232110405 2.4054302483 2.9767527809
1.3880000000 0.1249873009 1.3238563118 2.4057692986 2.9772915077
1.3890000000 0.1243642769 1.3245017967 2.4061084023 2.9778303642
1.3900000000 0.1237412758 1.3251474800 2.4064475670 2.9783693504
1.3910000000 0.1231183052 1.3257933769 2.4067868004 2.9789084587
1.3920000000 0.1224953880 1.3264394722 2.4071260872 2.9794476891
1.3930000000 0.1218725166 1.3270857735 2.4074654274 2.9799870491
1.3940000000 0.1212497215 1.3277322731 2.4078048363 2.9805265388
1.3950000000 0.1206269951 1.3283789711 2.4081442986 2.9810661507
1.3960000000 0.1200043602 1.3290258751 2.4084838219 2.9816058922
1.3970000000 0.1193818169 1.3296729698 2.4088233986 2.9821457558
1.3980000000 0.1187593880 1.3303202553 2.4091630363 2.9826857414
1.3990000000 0.1181370811 1.3309677391 2.4095027275 2.9832258568
1.4000000000 0.1175149040 1.3316154137 2.4098424797 2.9837661018
1.4010000000 0.1168928795 1.3322632790 2.4101822853 2.9843064690
1.4020000000 0.1162709999 1.3329113350 2.4105221519 2.9848469658
1.4030000000 0.1156492958 1.3335595741 2.4108620644 2.9853875847
1.4040000000 0.1150277748 1.3342079964 2.4112020378 2.9859283333
1.4050000000 0.1144064445 1.3348566093 2.4115420647 2.9864692039
1.4060000000 0.1137853279 1.3355054054 2.4118821449 2.9870102043
1.4070000000 0.1131644249 1.3361543770 2.4122222786 2.9875513268
1.4080000000 0.1125437584 1.3368035316 2.4125624733 2.9880925713
1.4090000000 0.1119233437 1.3374528618 2.4129027138 2.9886339531
1.4100000000 0.1113031883 1.3381023674 2.4132430000 2.9891754494
1.4110000000 0.1106833076 1.3387520485 2.4135833473 2.9897170830
1.4120000000 0.1100637169 1.3394019051 2.4139237480 2.9902588387
1.4130000000 0.1094444389 1.3400519295 2.4142641945 2.9908007164
1.4140000000 0.1088254738 1.3407021294 2.4146046944 2.9913427238
1.4150000000 0.1082068443 1.3413524971 2.4149452400 2.9918848534
1.4160000000 0.1075885735 1.3420030251 2.4152858391 2.9924271126
1.4170000000 0.1069706688 1.3426537285 2.4156264915 2.9929694939
1.4180000000 0.1063531456 1.3433045845 2.4159671898 2.9935120049
1.4190000000 0.1057360191 1.3439556084 2.4163079338 2.9940546455
1.4200000000 0.1051193199 1.3446067924 2.4166487312 2.9945974083
1.4210000000 0.1045030479 1.3452581367 2.4169895744 2.9951402931
1.4220000000 0.1038872337 1.3459096413 2.4173304634 2.9956833076
1.4230000000 0.1032718925 1.3465612984 2.4176713982 2.9962264519
1.4240000000 0.1026570396 1.3472131081 2.4180123787 2.9967697182
1.4250000000 0.1020426903 1.3478650780 2.4183534126 2.9973131142
1.4260000000 0.1014288750 1.3485171928 2.4186944847 2.9978566322
1.4270000000 0.1008156013 1.3491694527 2.4190356026 2.9984002800
1.4280000000 0.1002028999 1.3498218727 2.4193767662 2.9989440498
1.4290000000 0.0995907860 1.3504744301 2.4197179756 2.9994879494
1.4300000000 0.0989792824 1.3511271324 2.4200592308 3.0000319710
1.4310000000 0.0983684044 1.3517799797 2.4204005318 3.0005761223
1.4320000000 0.0977581825 1.3524329720 2.4207418709 3.0011204033
1.4330000000 0.0971486320 1.3530861015 2.4210832481 3.0016648064
1.4340000000 0.0965397835 1.3537393684 2.4214246712 3.0022093391
1.4350000000 0.0959316597 1.3543927727 2.4217661400 3.0027539940
1.4360000000 0.0953242760 1.3550463142 2.4221076469 3.0032987785
1.4370000000 0.0947176628 1.3556999931 2.4224491920 3.0038436851
1.4380000000 0.0941118507 1.3563537941 2.4227907829 3.0043887215
1.4390000000 0.0935068550 1.3570077324 2.4231324120 3.0049338799
1.4400000000 0.0929027061 1.3576618004 2.4234740791 3.0054791756
1.4410000000 0.0922994270 1.3583159904 2.4238157845 3.0060245857
1.4420000000 0.0916970558 1.3589703102 2.4241575279 3.0065701256
1.4430000000 0.0910956154 1.3596247520 2.4244993095 3.0071157951
1.4440000000 0.0904951286 1.3602793236 2.4248411293 3.0076615944
1.4450000000 0.0898956337 1.3609340096 2.4251829872 3.0082075157
1.4460000000 0.0892971611 1.3615888100 2.4255248833 3.0087535591
1.4470000000 0.0886997337 1.3622437325 2.4258668098 3.0092997322
1.4480000000 0.0881033897 1.3628987694 2.4262087746 3.0098460350
1.4490000000 0.0875081520 1.3635539207 2.4265507774 3.0103924675
1.4500000000 0.0869140739 1.3642091866 2.4268928108 3.0109390144
1.4510000000 0.0863211708 1.3648645668 2.4272348747 3.0114856987
1.4520000000 0.0857294807 1.3655200462 2.4275769844 3.0120325050
1.4530000000 0.0851390495 1.3661756401 2.4279191170 3.0125794411
1.4540000000 0.0845499077 1.3668313408 2.4282612877 3.0131265068
1.4550000000 0.0839620857 1.3674871483 2.4286034889 3.0136736946
1.4560000000 0.0833756371 1.3681430473 2.4289457207 3.0142210045
1.4570000000 0.0827905922 1.3687990608 2.4292879829 3.0147684517
1.4580000000 0.0822069893 1.3694551659 2.4296302757 3.0153160133
1.4590000000 0.0816248817 1.3701113701 2.4299726067 3.0158637123
1.4600000000 0.0810443001 1.3707676659 2.4303149605 3.0164115334
1.4610000000 0.0804652901 1.3714240608 2.4306573448 3.0169594841
1.4620000000 0.0798879051 1.3720805473 2.4309997520 3.0175075645
1.4630000000 0.0793121834 1.3727371254 2.4313421974 3.0180557671
1.4640000000 0.0787381706 1.3733937950 2.4316846657 3.0186040993
1.4650000000 0.0781659203 1.3740505486 2.4320271645 3.0191525536
1.4660000000 0.0775954857 1.3747073860 2.4323696861 3.0197011375
1.4670000000 0.0770269127 1.3753643150 2.4327122307 3.0202498512
1.4680000000 0.0764602547 1.3760213203 2.4330548058 3.0207986870
1.4690000000 0.0758955574 1.3766784096 2.4333974113 3.0213476601
1.4700000000 0.0753328972 1.3773355751 2.4337400322 3.0218967476
1.4710000000 0.0747723045 1.3779928169 2.4340826836 3.0224459724
1.4720000000 0.0742138634 1.3786501427 2.4344253578 3.0229953194
1.4730000000 0.0736576118 1.3793075371 2.4347680550 3.0235447960
1.4740000000 0.0731036263 1.3799650002 2.4351107674 3.0240944023
1.4750000000 0.0725519600 1.3806225395 2.4354535103 3.0246441307
1.4760000000 0.0720026817 1.3812801476 2.4357962761 3.0251939888
1.4770000000 0.0714558525 1.3819378166 2.4361390572 3.0257439766
1.4780000000 0.0709115486 1.3825955544 2.4364818611 3.0262940865
1.4790000000 0.0703698387 1.3832533607 2.4368246880 3.0268443260
1.4800000000 0.0698307838 1.3839112206 2.4371675301 3.0273946953
1.4810000000 0.0692944756 1.3845691414 2.4375103950 3.0279451942
1.4820000000 0.0687609749 1.3852271233 2.4378532753 3.0284958153
1.4830000000 0.0682303581 1.3858851662 2.4381961708 3.0290465660
1.4840000000 0.0677027168 1.3865432549 2.4385390892 3.0295974464
1.4850000000 0.0671781197 1.3872014046 2.4388820229 3.0301484489
1.4860000000 0.0666566582 1.3878596001 2.4392249718 3.0306995888
1.4870000000 0.0661384163 1.3885178490 2.4395679359 3.0312508507
1.4880000000 0.0656234779 1.3891761436 2.4399109154 3.0318022346
1.4890000000 0.0651119423 1.3898344841 2.4402539101 3.0323537560
1.4900000000 0.0646038857 1.3904928703 2.4405969200 3.0329053993
1.4910000000 0.0640994225 1.3911512947 2.4409399452 3.0334571800
1.4920000000 0.0635986366 1.3918097649 2.4412829781 3.0340090752
1.4930000000 0.0631016273 1.3924682732 2.4416260262 3.0345611076
1.4940000000 0.0626085014 1.3931268120 2.4419690895 3.0351132698
1.4950000000 0.0621193657 1.3937853966 2.4423121605 3.0356655540
1.4960000000 0.0616343193 1.3944440041 2.4426552391 3.0362179680
1.4970000000 0.0611534691 1.3951026497 2.4429983330 3.0367705116
1.4980000000 0.0606769371 1.3957613182 2.4433414345 3.0373231850
1.4990000000 0.0602048378 1.3964200249 2.4436845436 3.0378759804
1.5000000000 0.0597372780 1.3970787468 2.4440276604 3.0384289131
1.5010000000 0.0592743797 1.3977374992 2.4443707924 3.0389819679
1.5020000000 0.0588162727 1.3983962746 2.4447139244 3.0395351524
1.5030000000 0.0583630791 1.3990550652 2.4450570641 3.0400884666
1.5040000000 0.0579149208 1.3997138786 2.4454002113 3.0406419106
1.5050000000 0.0574719276 1.4003727074 2.4457433662 3.0411954765
1.5060000000 0.0570342369 1.4010315514 2.4460865211 3.0417491798
1.5070000000 0.0566019859 1.4016904106 2.4464296837 3.0423030052
1.5080000000 0.0561753120 1.4023492775 2.4467728462 3.0428569603
1.5090000000 0.0557543449 1.4030081520 2.4471160164 3.0434110451
1.5100000000 0.0553392372 1.4036670341 2.4474591866 3.0439652596
1.5110000000 0.0549301338 1.4043259239 2.4478023567 3.0445196037
1.5120000000 0.0545271721 1.4049848213 2.4481455345 3.0450740776
1.5130000000 0.0541305199 1.4056437187 2.4484887123 3.0456286812
1.5140000000 0.0537403069 1.4063026085 2.4488318825 3.0461834068
1.5150000000 0.0533567085 1.4069614983 2.4491750603 3.0467382698
1.5160000000 0.0529798622 1.4076203880 2.4495182304 3.0472932549
1.5170000000 0.0526099434 1.4082792702 2.4498614082 3.0478483772
1.5180000000 0.0522470970 1.4089381447 2.4502045784 3.0484036217
1.5190000000 0.0518914909 1.4095970116 2.4505477409 3.0489589958
1.5200000000 0.0515432854 1.4102558632 2.4508909035 3.0495144997
1.5210000000 0.0512026405 1.4109146996 2.4512340660 3.0500701332
1.5220000000 0.0508697319 1.4115735207 2.4515772209 3.0506259041
1.5230000000 0.0505447121 1.4122323189 2.4519203682 3.0511817970
1.5240000000 0.0502277565 1.4128911095 2.4522635155 3.0517378197
1.5250000000 0.0499190254 1.4135498695 2.4526066475 3.0522939720
1.5260000000 0.0496186867 1.4142086067 2.4529497795 3.0528502541
1.5270000000 0.0493269081 1.4148673210 2.4532928963 3.0534066658
1.5280000000 0.0490438499 1.4155260048 2.4536360130 3.0539632072
1.5290000000 0.0487696800 1.4161846581 2.4539791145 3.0545198784
1.5300000000 0.0485045586 1.4168432808 2.4543222084 3.0550766792
1.5310000000 0.0482486610 1.4175018654 2.4546652946 3.0556336098
1.5320000000 0.0480021248 1.4181604195 2.4550083656 3.0561906700
1.5330000000 0.0477651253 1.4188189354 2.4553514214 3.0567478600
1.5340000000 0.0475378151 1.4194774055 2.4556944695 3.0573051796
1.5350000000 0.0473203392 1.4201358376 2.4560375023 3.0578626366
1.5360000000 0.0471128502 1.4207942238 2.4563805275 3.0584202156
1.5370000000 0.0469155006 1.4214525642 2.4567235298 3.0589779243
1.5380000000 0.0467284203 1.4221108589 2.4570665245 3.0595357704
