1.4750000000 0.3575937500 0.7167187500 1.4165937500 2.4444687500 2.8595312500
1.4850000000 0.3577187500 0.7224687500 1.4227187500 2.4475937500 2.8653437500
1.4950000000 0.3580937500 0.7281562500 1.4287812500 2.4507187500 2.8710937500
1.5050000000 0.3584687500 0.7338437500 1.4349062500 2.4537812500 2.8769062500
1.5150000000 0.3587812500 0.7395937500 1.4410312500 2.4568437500 2.8827187500
1.5250000000 0.3590937500 0.7452812500 1.4471562500 2.4599062500 2.8885312500
1.5350000000 0.3594062500 0.7509687500 1.4532812500 2.4629687500 2.8944062500
1.5450000000 0.3597187500 0.7566562500 1.4594687500 2.4660312500 2.9002812500
1.5550000000 0.3600312500 0.7623437500 1.4655937500 2.4690937500 2.9061562500
1.5650000000 0.3602812500 0.7680312500 1.4717812500 2.4721562500 2.9120312500
1.5750000000 0.3605937500 0.7737187500 1.4779062500 2.4751562500 2.9179687500
1.5850000000 0.3609062500 0.7794062500 1.4840937500 2.4781562500 2.9238437500
1.5950000000 0.3612187500 0.7850937500 1.4902812500 2.4811562500 2.9298437500
1.6050000000 0.3615312500 0.7907812500 1.4964062500 2.4841562500 2.9357812500
1.6150000000 0.3618437500 0.7964687500 1.5025937500 2.4871562500 2.9417812500
1.6250000000 0.3622187500 0.8020937500 1.5087187500 2.4900937500 2.9477187500
1.6350000000 0.3625937500 0.8077812500 1.5149062500 2.4930312500 2.9537812500
1.6450000000 0.3629687500 0.8134062500 1.5210312500 2.4959687500 2.9597812500
1.6550000000 0.3633437500 0.8190937500 1.5271562500 2.4989062500 2.9658437500
1.6650000000 0.3637812500 0.8247187500 1.5333437500 2.5017812500 2.9719062500
1.6750000000 0.3642187500 0.8303437500 1.5394062500 2.5046562500 2.9779687500
1.6850000000 0.3646562500 0.8360312500 1.5455312500 2.5075312500 2.9840312500
1.6950000000 0.3651562500 0.8416562500 1.5516562500 2.5103437500 2.9901562500
1.7050000000 0.3656562500 0.8472812500 1.5577187500 2.5131562500 2.9962812500
1.7150000000 0.3661562500 0.8529062500 1.5637812500 2.5159687500 3.0024062500
1.7250000000 0.3667187500 0.8584687500 1.5697812500 2.5187187500 3.0085937500
1.7350000000 0.3672812500 0.8640937500 1.5758437500 2.5214687500 3.0147812500
1.7450000000 0.3679062500 0.8697187500 1.5818437500 2.5241562500 3.0209687500
1.7550000000 0.3685312500 0.8752812500 1.5877812500 2.5268437500 3.0271562500
1.7650000000 0.3692187500 0.8808437500 1.5937187500 2.5295312500 3.0334062500
1.7750000000 0.3699062500 0.8864687500 1.5995937500 2.5321562500 3.0395937500
1.7850000000 0.3706562500 0.8920312500 1.6054687500 2.5347187500 3.0459062500
1.7950000000 0.3714062500 0.8975937500 1.6113437500 2.5372812500 3.0521562500
1.8050000000 0.3721562500 0.9031562500 1.6170937500 2.5398437500 3.0584687500
1.8150000000 0.3729687500 0.9087187500 1.6228437500 2.5422812500 3.0647187500
1.8250000000 0.3738437500 0.9142187500 1.6285312500 2.5447187500 3.0710937500
1.8350000000 0.3747187500 0.9197812500 1.6341562500 2.5471562500 3.0774062500
1.8450000000 0.3756562500 0.9252812500 1.6397812500 2.5495312500 3.0837812500
1.8550000000 0.3765937500 0.9307812500 1.6452812500 2.5518437500 3.0901562500
1.8650000000 0.3775312500 0.9362812500 1.6507187500 2.5540937500 3.0965312500
1.8750000000 0.3785312500 0.9417812500 1.6560937500 2.5562812500 3.1029062500
1.8850000000 0.3795937500 0.9472812500 1.6614062500 2.5584687500 3.1093437500
1.8950000000 0.3806562500 0.9527812500 1.6665937500 2.5605937500 3.1157812500
1.9050000000 0.3817812500 0.9582187500 1.6716562500 2.5626562500 3.1222187500
1.9150000000 0.3829062500 0.9636562500 1.6765937500 2.5646562500 3.1287187500
1.9250000000 0.3840937500 0.9691562500 1.6814687500 2.5665937500 3.1352187500
1.9350000000 0.3852812500 0.9745937500 1.6860937500 2.5684687500 3.1417187500
1.9450000000 0.3865312500 0.9799687500 1.6905937500 2.5702187500 3.1482187500
1.9550000000 0.3878437500 0.9854062500 1.6948437500 2.5719687500 3.1547812500
1.9650000000 0.3890937500 0.9908437500 1.6987812500 2.5736562500 3.1613437500
1.9750000000 0.3904687500 0.9962187500 1.7023437500 2.5752187500 3.1679062500
1.9850000000 0.3918437500 1.0015937500 1.7049687500 2.5767187500 3.1744687500
1.9950000000 0.3932812500 1.0069687500 1.7084687500 2.5780937500 3.1810937500
2.0050000000 0.3947187500 1.0123437500 1.7127812500 2.5794062500 3.1877187500
2.0150000000 0.3961562500 1.0176562500 1.7177187500 2.5805937500 3.1943437500
2.0250000000 0.4017812500 1.0229687500 1.7231562500 2.5817187500 3.2009687500
2.0350000000 0.4101562500 1.0283437500 1.7292187500 2.5827187500 3.2076562500
2.0450000000 0.4175937500 1.0335937500 1.7357187500 2.5835937500 3.2143437500
2.0550000000 0.4247812500 1.0389062500 1.7427187500 2.5843437500 3.2210312500
2.0650000000 0.4317812500 1.0442187500 1.7501562500 2.5849687500 3.2277812500
2.0750000000 0.4386562500 1.0494687500 1.7581562500 2.5854687500 3.2345312500
2.0850000000 0.4455312500 1.0547187500 1.7665937500 2.5858437500 3.2412812500
2.0950000000 0.4523437500 1.0599687500 1.7754687500 2.5860312500 3.2480312500
2.1050000000 0.4592187500 1.0651562500 1.7848437500 2.5860937500 3.2548437500
2.1150000000 0.4660937500 1.0704062500 1.7947187500 2.5859687500 3.2616562500
2.1250000000 0.4729687500 1.0755937500 1.8050937500 2.5855937500 3.2684687500
2.1350000000 0.4799062500 1.0807812500 1.8159062500 2.5850937500 3.2752812500
2.1450000000 0.4868437500 1.0859062500 1.8272187500 2.5843437500 3.2821562500
2.1550000000 0.4938437500 1.0910937500 1.8390937500 2.5834062500 3.2890312500
2.1650000000 0.5008437500 1.0962187500 1.8514062500 2.5821562500 3.2959687500
2.1750000000 0.5079687500 1.1012812500 1.8642812500 2.5806562500 3.3028437500
2.1850000000 0.5150937500 1.1064062500 1.8777187500 2.5789062500 3.3097812500
2.1950000000 0.5222187500 1.1114687500 1.8917812500 2.5767812500 3.3167187500
2.2050000000 0.5294687500 1.1165312500 1.9063437500 2.5742812500 3.3236562500
2.2150000000 0.5367812500 1.1215937500 1.9215937500 2.5714687500 3.3306562500
2.2250000000 0.5440937500 1.1265937500 1.9374687500 2.5681562500 3.3376562500
2.2350000000 0.5514687500 1.1315937500 1.9540937500 2.5644062500 3.3446562500
2.2450000000 0.5589062500 1.1365937500 1.9714687500 2.5601562500 3.3517187500
2.2550000000 0.5664062500 1.1415312500 1.9896562500 2.5552187500 3.3587812500
2.2650000000 0.5739687500 1.1464687500 2.0087812500 2.5495937500 3.3658437500
2.2750000000 0.5815937500 1.1514062500 2.0289687500 2.5431562500 3.3729062500
2.2850000000 0.5892187500 1.1562812500 2.0502812500 2.5357812500 3.3800312500
2.2950000000 0.5969687500 1.1611562500 2.0730312500 2.5271562500 3.3870937500
2.3050000000 0.6047187500 1.1660312500 2.0973437500 2.5171562500 3.3942812500
2.3150000000 0.6125937500 1.1708437500 2.1237812500 2.5052812500 3.4014062500
2.3250000000 0.6204687500 1.1756562500 2.1529687500 2.4908437500 3.4085937500
2.3350000000 0.6284062500 1.1804062500 2.1860312500 2.4726562500 3.4157812500
2.3450000000 0.6364687500 1.1851562500 2.2256562500 2.4481562500 3.4229687500
2.3550000000 0.6445312500 1.1899062500 2.2807812500 2.4083437500 3.4302187500
