2.8950000000 3.8462812500
2.9050000000 3.8543437500
2.9150000000 3.8624062500
2.9250000000 3.8704062500
2.9350000000 3.8784687500
2.9450000000 3.8865937500
2.9550000000 3.8946562500
2.9650000000 3.9027187500
2.9750000000 3.9108437500
2.9850000000 3.9189687500
2.9950000000 3.9270312500
3.0050000000 3.9352187500
3.0150000000 3.9433437500
3.0250000000 3.9514687500
3.0350000000 3.9596562500
3.0450000000 3.9677812500
3.0550000000 3.9759687500
3.0650000000 3.9841562500
3.0750000000 3.9923437500
3.0850000000 4.0005312500
3.0950000000 4.0087812500
3.1050000000 4.0169687500
3.1150000000 4.0252187500
3.1250000000 4.0334687500
3.1350000000 4.0417187500
3.1450000000 4.0499687500
3.1550000000 4.0582187500
3.1650000000 4.0665312500
3.1750000000 4.0747812500
3.1850000000 4.0830937500
3.1950000000 4.0914062500
3.2050000000 4.0997187500
3.2150000000 4.1080312500
3.2250000000 4.1164062500
3.2350000000 4.1247187500
3.2450000000 4.1330937500
3.2550000000 4.1414687500
3.2650000000 4.1498437500
3.2750000000 4.1582187500
3.2850000000 4.1665937500
3.2950000000 4.1750312500
3.3050000000 4.1834062500
3.3150000000 4.1918437500
3.3250000000 4.2002812500
3.3350000000 4.2087187500
3.3450000000 4.2171562500
3.3550000000 4.2255937500
3.3650000000 4.2340937500
3.3750000000 4.2425937500
3.3850000000 4.2510312500
3.3950000000 4.2595312500
3.4050000000 4.2680312500
3.4150000000 4.2765937500
3.4250000000 4.2850937500
3.4350000000 4.2935937500
3.4450000000 4.3021562500
3.4550000000 4.3107187500
3.4650000000 4.3192812500
3.4750000000 4.3278437500
3.4850000000 4.3364062500
3.4950000000 4.3449687500
3.5050000000 4.3535937500
3.5150000000 4.3622187500
3.5250000000 4.3707812500
3.5350000000 4.3794062500
3.5450000000 4.3880937500
3.5550000000 4.3967187500
3.5650000000 4.4053437500
3.5750000000 4.4140312500
3.5850000000 4.4226562500
3.5950000000 4.4313437500
3.6050000000 4.4400312500
3.6150000000 4.4487187500
3.6250000000 4.4574062500
3.6350000000 4.4661562500
3.6450000000 4.4748437500
3.6550000000 4.4835937500
3.6650000000 4.4923437500
3.6750000000 4.5010937500
3.6850000000 4.5098437500
3.6950000000 4.5185937500
3.7050000000 4.5273437500
3.7150000000 4.5361562500
3.7250000000 4.5449062500
3.7350000000 4.5537187500
3.7450000000 4.5625312500
3.7550000000 4.5713437500
3.7650000000 4.5801562500
3.7750000000 4.5889687500
3.7850000000 4.5978437500
3.7950000000 4.6066562500
3.8050000000 4.6155312500
3.8150000000 4.6244062500
3.8250000000 4.6332812500
3.8350000000 4.6421562500
3.8450000000 4.6510312500
3.8550000000 4.6599687500
3.8650000000 4.6688437500
3.8750000000 4.6777812500
3.8850000000 4.6866562500
3.8950000000 4.6955937500
3.9050000000 4.7045312500
3.9150000000 4.7135312500
3.9250000000 4.7224687500
3.9350000000 4.7314062500
3.9450000000 4.7404062500
3.9550000000 4.7493437500
3.9650000000 4.7583437500
3.9750000000 4.7673437500
3.9850000000 4.7763437500
3.9950000000 4.7853437500
4.0050000000 4.7944062500
4.0150000000 4.8034062500
4.0250000000 4.8124687500
4.0350000000 4.8214687500
4.0450000000 4.8305312500
4.0550000000 4.8395937500
4.0650000000 4.8486562500
4.0750000000 4.8577187500
4.0850000000 4.8668437500
4.0950000000 4.8759062500
4.1050000000 4.8850312500
4.1150000000 4.8940937500
4.1250000000 4.9032187500
4.1350000000 4.9123437500
4.1450000000 4.9214687500
4.1550000000 4.9305937500
4.1650000000 4.9397187500
4.1750000000 4.9489062500
4.1850000000 4.9580312500
4.1950000000 4.9672187500
4.2050000000 4.9764062500
4.2150000000 4.9855937500
4.2250000000 4.9947812500
4.2350000000 5.0039687500
4.2450000000 5.0131562500
4.2550000000 5.0223437500
4.2650000000 5.0315937500
4.2750000000 5.0408437500
4.2850000000 5.0500312500
4.2950000000 5.0592812500
4.3050000000 5.0685312500
4.3150000000 5.0777812500
4.3250000000 5.0870312500
4.3350000000 5.0963437500
4.3450000000 5.1055937500
4.3550000000 5.1149062500
4.3650000000 5.1241562500
4.3750000000 5.1334687500
4.3850000000 5.1427812500
4.3950000000 5.1520937500
4.4050000000 5.1614062500
4.4150000000 5.1707187500
4.4250000000 5.1800937500
4.4350000000 5.1894062500
4.4450000000 5.1987812500
4.4550000000 5.2080937500
4.4650000000 5.2174687500
4.4750000000 5.2268437500
4.4850000000 5.2362187500
4.4950000000 5.2455937500
4.5050000000 5.2549687500
4.5150000000 5.2644062500
4.5250000000 5.2737812500
4.5350000000 5.2832187500
4.5450000000 5.2925937500
4.5550000000 5.3020312500
4.5650000000 5.3114687500
4.5750000000 5.3209062500
4.5850000000 5.3303437500
4.5950000000 5.3398437500
4.6050000000 5.3492812500
4.6150000000 5.3587187500
4.6250000000 5.3682187500
4.6350000000 5.3777187500
4.6450000000 5.3872187500
4.6550000000 5.3966562500
4.6650000000 5.4061562500
4.6750000000 5.4157187500
4.6850000000 5.4252187500
4.6950000000 5.4347187500
4.7050000000 5.4442812500
4.7150000000 5.4537812500
4.7250000000 5.4633437500
4.7350000000 5.4729062500
4.7450000000 5.4824062500
4.7550000000 5.4919687500
4.7650000000 5.5015937500
4.7750000000 5.5111562500
4.7850000000 5.5207187500
4.7950000000 5.5302812500
4.8050000000 5.5399062500
4.8150000000 5.5495312500
4.8250000000 5.5590937500
4.8350000000 5.5687187500
4.8450000000 5.5783437500
4.8550000000 5.5879687500
4.8650000000 5.5975937500
4.8750000000 5.6072812500
4.8850000000 5.6169062500
4.8950000000 5.6265312500
4.9050000000 5.6362187500
4.9150000000 5.6459062500
4.9250000000 5.6555312500
4.9350000000 5.6652187500
4.9450000000 5.6749062500
4.9550000000 5.6845937500
4.9650000000 5.6943437500
4.9750000000 5.7040312500
4.9850000000 5.7137187500
4.9950000000 5.7234687500
