0.0700000010 0.0306150000 1.0002850000 2.1014750000 2.3052150000
0.0800000010 0.0349750000 1.0003750000 2.1019250000 2.3058150000
0.0900000010 0.0393350000 1.0004750000 2.1024350000 2.3065050000
0.1000000010 0.0436850000 1.0005850000 2.1029950000 2.3072750000
0.1100000010 0.0480350000 1.0007150000 2.1036250000 2.3081150000
0.1200000010 0.0523750000 1.0008550000 2.1043050000 2.3090450000
0.1300000010 0.0567050000 1.0010050000 2.1050350000 2.3100450000
0.1400000010 0.0610250000 1.0011750000 2.1058350000 2.3111250000
0.1500000010 0.0653450000 1.0013650000 2.1066850000 2.3122850000
0.1600000010 0.0696450000 1.0015650000 2.1075850000 2.3135150000
0.1700000010 0.0739450000 1.0017850000 2.1085450000 2.3148250000
0.1800000010 0.0782350000 1.0020150000 2.1095550000 2.3162050000
0.1900000010 0.0825150000 1.0022650000 2.1106150000 2.3176650000
0.2000000010 0.0867750000 1.0025350000 2.1117250000 2.3191950000
0.2100000010 0.0910350000 1.0028250000 2.1128950000 2.3208050000
0.2200000010 0.0952750000 1.0031350000 2.1141050000 2.3224750000
0.2300000010 0.0995050000 1.0034650000 2.1153650000 2.3242250000
0.2400000010 0.1037250000 1.0038150000 2.1166750000 2.3260450000
0.2500000010 0.1079350000 1.0041850000 2.1180350000 2.3279250000
0.2600000010 0.1121250000 1.0045850000 2.1194350000 2.3298850000
0.2700000010 0.1162950000 1.0050050000 2.1208850000 2.3319050000
0.2800000010 0.1204650000 1.0054450000 2.1223750000 2.3339950000
0.2900000010 0.1246150000 1.0059150000 2.1239150000 2.3361550000
0.3000000010 0.1287450000 1.0064050000 2.1254950000 2.3383750000
0.3100000010 0.1328650000 1.0069350000 2.1271150000 2.3406550000
0.3200000010 0.1369650000 1.0074850000 2.1287650000 2.3430050000
0.3300000010 0.1410550000 1.0080650000 2.1304650000 2.3454050000
0.3400000010 0.1451250000 1.0086750000 2.1322050000 2.3478750000
0.3500000010 0.1491850000 1.0093250000 2.1339750000 2.3504050000
0.3600000010 0.1532250000 1.0099950000 2.1357950000 2.3529950000
0.3700000010 0.1572450000 1.0107050000 2.1376350000 2.3556450000
0.3800000010 0.1612550000 1.0114550000 2.1395150000 2.3583450000
0.3900000010 0.1652450000 1.0122350000 2.1414350000 2.3611050000
0.4000000010 0.1692250000 1.0130450000 2.1433850000 2.3639250000
0.4100000010 0.1731950000 1.0139050000 2.1453650000 2.3667950000
0.4200000010 0.1771450000 1.0147950000 2.1473750000 2.3697150000
0.4300000010 0.1810850000 1.0157350000 2.1494150000 2.3726950000
0.4400000010 0.1850050000 1.0167050000 2.1514950000 2.3757250000
0.4500000010 0.1889250000 1.0177250000 2.1535950000 2.3788050000
0.4600000010 0.1928250000 1.0187850000 2.1557250000 2.3819350000
0.4700000010 0.1967250000 1.0198850000 2.1578750000 2.3851050000
0.4800000010 0.2006150000 1.0210350000 2.1600550000 2.3883350000
0.4900000010 0.2044950000 1.0222350000 2.1622650000 2.3916050000
0.5000000010 0.2083850000 1.0234850000 2.1645050000 2.3949250000
0.5100000010 0.2122650000 1.0247750000 2.1667650000 2.3982950000
0.5200000010 0.2161550000 1.0261150000 2.1690450000 2.4017050000
0.5300000010 0.2200450000 1.0275050000 2.1713450000 2.4051550000
0.5400000010 0.2239650000 1.0289550000 2.1736750000 2.4086550000
0.5500000010 0.2278950000 1.0304550000 2.1760250000 2.4121950000
0.5600000010 0.2318550000 1.0320050000 2.1784050000 2.4157750000
0.5700000010 0.2358650000 1.0336050000 2.1807950000 2.4194050000
0.5800000010 0.2399550000 1.0352650000 2.1832050000 2.4230650000
0.5900000010 0.2441850000 1.0369850000 2.1856350000 2.4267650000
0.6000000010 0.2483150000 1.0387550000 2.1880950000 2.4305150000
0.6100000010 0.2522950000 1.0405850000 2.1905650000 2.4342950000
0.6200000010 0.2561650000 1.0424750000 2.1930550000 2.4381050000
0.6300000010 0.2599550000 1.0444250000 2.1955550000 2.4419650000
0.6400000010 0.2636750000 1.0464350000 2.1980850000 2.4458550000
0.6500000010 0.2673350000 1.0484950000 2.2006250000 2.4497850000
0.6600000010 0.2709350000 1.0506250000 2.2031850000 2.4537450000
0.6700000010 0.2744850000 1.0528150000 2.2057550000 2.4577350000
0.6800000010 0.2779750000 1.0550750000 2.2083550000 2.4617650000
