4.7140000000 1.4594904976 3.5392618828
4.7150000000 1.4600814629 3.5398119392
4.7160000000 1.4606725121 3.5403621254
4.7170000000 1.4612636452 3.5409124336
4.7180000000 1.4618548622 3.5414628716
4.7190000000 1.4624461632 3.5420134315
4.7200000000 1.4630375481 3.5425641136
4.7210000000 1.4636290169 3.5431149254
4.7220000000 1.4642205696 3.5436658592
4.7230000000 1.4648122139 3.5442169228
4.7240000000 1.4654039345 3.5447681084
4.7250000000 1.4659957390 3.5453194237
4.7260000000 1.4665876274 3.5458708611
4.7270000000 1.4671795998 3.5464224205
4.7280000000 1.4677716560 3.5469741096
4.7290000000 1.4683637886 3.5475259209
4.7300000000 1.4689560127 3.5480778618
4.7310000000 1.4695483208 3.5486299248
4.7320000000 1.4701407127 3.5491821098
4.7330000000 1.4707331886 3.5497344246
4.7340000000 1.4713257484 3.5502868690
4.7350000000 1.4719183922 3.5508394279
4.7360000000 1.4725111198 3.5513921242
4.7370000000 1.4731039238 3.5519449348
4.7380000000 1.4736968193 3.5524978828
4.7390000000 1.4742897987 3.5530509453
4.7400000000 1.4748828545 3.5536041374
4.7410000000 1.4754760017 3.5541574593
4.7420000000 1.4760692329 3.5547109032
4.7430000000 1.4766625404 3.5552644691
4.7440000000 1.4772559395 3.5558181648
4.7450000000 1.4778494225 3.5563719826
4.7460000000 1.4784429817 3.5569259300
4.7470000000 1.4790366325 3.5574799995
4.7480000000 1.4796303596 3.5580341988
4.7490000000 1.4802241783 3.5585885200
4.7500000000 1.4808180733 3.5591429710
4.7510000000 1.4814120522 3.5596975441
4.7520000000 1.4820061226 3.5602522469
4.7530000000 1.4826002693 3.5608070717
4.7540000000 1.4831945000 3.5613620186
4.7550000000 1.4837888222 3.5619171028
4.7560000000 1.4843832207 3.5624723015
4.7570000000 1.4849777031 3.5630276299
4.7580000000 1.4855722694 3.5635830879
4.7590000000 1.4861669197 3.5641386681
4.7600000000 1.4867616615 3.5646943703
4.7610000000 1.4873564796 3.5652502022
4.7620000000 1.4879513817 3.5658061638
4.7630000000 1.4885463676 3.5663622475
4.7640000000 1.4891414375 3.5669184532
4.7650000000 1.4897365913 3.5674747887
4.7660000000 1.4903318291 3.5680312538
4.7670000000 1.4909271431 3.5685878410
4.7680000000 1.4915225487 3.5691445503
4.7690000000 1.4921180382 3.5697013893
4.7700000000 1.4927136116 3.5702583580
4.7710000000 1.4933092613 3.5708154488
4.7720000000 1.4939050026 3.5713726616
4.7730000000 1.4945008278 3.5719300041
4.7740000000 1.4950967293 3.5724874763
4.7750000000 1.4956927223 3.5730450706
4.7760000000 1.4962887917 3.5736027946
4.7770000000 1.4968849525 3.5741606407
4.7780000000 1.4974811897 3.5747186165
4.7790000000 1.4980775185 3.5752767143
4.7800000000 1.4986739235 3.5758349419
4.7810000000 1.4992704124 3.5763932915
4.7820000000 1.4998669930 3.5769517708
4.7830000000 1.5004636497 3.5775103722
4.7840000000 1.5010603905 3.5780691032
4.7850000000 1.5016572151 3.5786279640
4.7860000000 1.5022541237 3.5791869469
4.7870000000 1.5028511162 3.5797460594
4.7880000000 1.5034481926 3.5803052940
4.7890000000 1.5040453529 3.5808646507
4.7900000000 1.5046425972 3.5814241447
4.7910000000 1.5052399254 3.5819837532
4.7920000000 1.5058373375 3.5825434990
4.7930000000 1.5064348335 3.5831033669
4.7940000000 1.5070324059 3.5836633568
4.7950000000 1.5076300697 3.5842234764
4.7960000000 1.5082278175 3.5847837257
4.7970000000 1.5088256416 3.5853440971
4.7980000000 1.5094235573 3.5859045982
4.7990000000 1.5100215492 3.5864652214
4.8000000000 1.5106196327 3.5870259743
4.8010000000 1.5112177925 3.5875868568
4.8020000000 1.5118160362 3.5881478615
4.8030000000 1.5124143715 3.5887089882
4.8040000000 1.5130127831 3.5892702522
4.8050000000 1.5136112785 3.5898316307
4.8060000000 1.5142098579 3.5903931465
4.8070000000 1.5148085213 3.5909547844
4.8080000000 1.5154072685 3.5915165443
4.8090000000 1.5160060997 3.5920784416
4.8100000000 1.5166050148 3.5926404533
4.8110000000 1.5172040138 3.5932026024
4.8120000000 1.5178030968 3.5937648735
4.8130000000 1.5184022636 3.5943272667
4.8140000000 1.5190015144 3.5948897972
4.8150000000 1.5196008415 3.5954524422
4.8160000000 1.5202002602 3.5960152245
4.8170000000 1.5207997551 3.5965781288
4.8180000000 1.5213993416 3.5971411629
4.8190000000 1.5219990044 3.5977043190
4.8200000000 1.5225987587 3.5982676048
4.8210000000 1.5231985893 3.5988310127
4.8220000000 1.5237985039 3.5993945503
4.8230000000 1.5243985100 3.5999582176
4.8240000000 1.5249985924 3.6005220146
4.8250000000 1.5255987587 3.6010859337
4.8260000000 1.5261990089 3.6016499748
4.8270000000 1.5267993431 3.6022141533
4.8280000000 1.5273997612 3.6027784538
4.8290000000 1.5280002632 3.6033428764
4.8300000000 1.5286008492 3.6039074287
4.8310000000 1.5292015190 3.6044721107
4.8320000000 1.5298022652 3.6050369225
4.8330000000 1.5304031029 3.6056018562
4.8340000000 1.5310040245 3.6061669197
4.8350000000 1.5316050224 3.6067321053
4.8360000000 1.5322061119 3.6072974205
4.8370000000 1.5328072777 3.6078628654
4.8380000000 1.5334085350 3.6084284401
4.8390000000 1.5340098686 3.6089941368
4.8400000000 1.5346112862 3.6095599556
4.8410000000 1.5352127876 3.6101259117
4.8420000000 1.5358143730 3.6106919899
4.8430000000 1.5364160500 3.6112581978
4.8440000000 1.5370178032 3.6118245277
4.8450000000 1.5376196404 3.6123909874
4.8460000000 1.5382215538 3.6129575768
4.8470000000 1.5388235588 3.6135242958
4.8480000000 1.5394256477 3.6140911369
4.8490000000 1.5400278206 3.6146581078
4.8500000000 1.5406300774 3.6152252007
4.8510000000 1.5412324104 3.6157924232
4.8520000000 1.5418348351 3.6163597755
4.8530000000 1.5424373360 3.6169272575
4.8540000000 1.5430399284 3.6174948616
4.8550000000 1.5436425972 3.6180625954
4.8560000000 1.5442453499 3.6186304588
4.8570000000 1.5448481865 3.6191984444
4.8580000000 1.5454511147 3.6197665596
4.8590000000 1.5460541191 3.6203348045
4.8600000000 1.5466572075 3.6209031792
4.8610000000 1.5472603798 3.6214716759
4.8620000000 1.5478636360 3.6220403023
4.8630000000 1.5484669762 3.6226090584
4.8640000000 1.5490703926 3.6231779366
4.8650000000 1.5496739006 3.6237469444
4.8660000000 1.5502774925 3.6243160820
4.8670000000 1.5508811607 3.6248853416
4.8680000000 1.5514849205 3.6254547386
4.8690000000 1.5520887566 3.6260242577
4.8700000000 1.5526926842 3.6265938988
4.8710000000 1.5532966881 3.6271636772
4.8720000000 1.5539007759 3.6277335777
4.8730000000 1.5545049553 3.6283036079
4.8740000000 1.5551092110 3.6288737679
4.8750000000 1.5557135506 3.6294440498
4.8760000000 1.5563179741 3.6300144615
4.8770000000 1.5569224815 3.6305850029
4.8780000000 1.5575270729 3.6311556740
4.8790000000 1.5581317482 3.6317264671
4.8800000000 1.5587364998 3.6322973900
4.8810000000 1.5593413429 3.6328684425
4.8820000000 1.5599462700 3.6334396248
4.8830000000 1.5605512733 3.6340109291
4.8840000000 1.5611563683 3.6345823708
4.8850000000 1.5617615395 3.6351539268
4.8860000000 1.5623668022 3.6357256203
4.8870000000 1.5629721413 3.6362974434
4.8880000000 1.5635775642 3.6368693886
4.8890000000 1.5641830711 3.6374414635
4.8900000000 1.5647886620 3.6380136681
4.8910000000 1.5653943443 3.6385859947
4.8920000000 1.5660000954 3.6391584587
4.8930000000 1.5666059380 3.6397310448
4.8940000000 1.5672118645 3.6403037605
4.8950000000 1.5678178749 3.6408766060
4.8960000000 1.5684239693 3.6414495735
4.8970000000 1.5690301399 3.6420226784
4.8980000000 1.5696364021 3.6425959053
4.8990000000 1.5702427406 3.6431692619
4.9000000000 1.5708491707 3.6437427406
4.9010000000 1.5714556770 3.6443163567
4.9020000000 1.5720622749 3.6448900948
4.9030000000 1.5726689491 3.6454639626
4.9040000000 1.5732757072 3.6460379601
4.9050000000 1.5738825493 3.6466120872
4.9060000000 1.5744894753 3.6471863441
4.9070000000 1.5750964851 3.6477607231
4.9080000000 1.5757035789 3.6483352318
4.9090000000 1.5763107567 3.6489098701
4.9100000000 1.5769180183 3.6494846382
4.9110000000 1.5775253563 3.6500595360
4.9120000000 1.5781327858 3.6506345558
4.9130000000 1.5787402992 3.6512097130
4.9140000000 1.5793478889 3.6517849922
4.9150000000 1.5799555702 3.6523604012
4.9160000000 1.5805633278 3.6529359398
4.9170000000 1.5811711693 3.6535116005
4.9180000000 1.5817790947 3.6540873985
4.9190000000 1.5823871117 3.6546633186
4.9200000000 1.5829952049 3.6552393684
4.9210000000 1.5836033821 3.6558155479
4.9220000000 1.5842116432 3.6563918571
4.9230000000 1.5848199883 3.6569682961
4.9240000000 1.5854284096 3.6575448647
4.9250000000 1.5860369225 3.6581215553
4.9260000000 1.5866455193 3.6586983757
4.9270000000 1.5872541924 3.6592753334
4.9280000000 1.5878629570 3.6598524132
4.9290000000 1.5884718056 3.6604296226
4.9300000000 1.5890807304 3.6610069542
4.9310000000 1.5896897392 3.6615844231
4.9320000000 1.5902988396 3.6621620216
4.9330000000 1.5909080162 3.6627397423
4.9340000000 1.5915172768 3.6633175926
4.9350000000 1.5921266212 3.6638955803
4.9360000000 1.5927360497 3.6644736900
4.9370000000 1.5933455620 3.6650519295
4.9380000000 1.5939551582 3.6656302910
4.9390000000 1.5945648384 3.6662087898
4.9400000000 1.5951745949 3.6667874184
4.9410000000 1.5957844429 3.6673661690
4.9420000000 1.5963943748 3.6679450569
4.9430000000 1.5970043831 3.6685240669
4.9440000000 1.5976144829 3.6691032066
4.9450000000 1.5982246590 3.6696824760
4.9460000000 1.5988349190 3.6702618752
4.9470000000 1.5994452705 3.6708414040
4.9480000000 1.6000556984 3.6714210625
4.9490000000 1.6006662102 3.6720008507
4.9500000000 1.6012768059 3.6725807686
4.9510000000 1.6018874855 3.6731608086
4.9520000000 1.6024982491 3.6737409859
4.9530000000 1.6031090965 3.6743212852
4.9540000000 1.6037200279 3.6749017220
4.9550000000 1.6043310356 3.6754822807
4.9560000000 1.6049421349 3.6760629692
4.9570000000 1.6055533180 3.6766437874
4.9580000000 1.6061645775 3.6772247429
4.9590000000 1.6067759285 3.6778058205
4.9600000000 1.6073873558 3.6783870277
4.9610000000 1.6079988670 3.6789683647
4.9620000000 1.6086104698 3.6795498238
4.9630000000 1.6092221489 3.6801314201
4.9640000000 1.6098339119 3.6807131462
4.9650000000 1.6104457588 3.6812950020
4.9660000000 1.6110576897 3.6818769875
4.9670000000 1.6116697044 3.6824590950
4.9680000000 1.6122818031 3.6830413399
4.9690000000 1.6128939857 3.6836237068
4.9700000000 1.6135062523 3.6842062111
4.9710000000 1.6141185951 3.6847888374
4.9720000000 1.6147310295 3.6853716011
4.9730000000 1.6153435402 3.6859544868
4.9740000000 1.6159561424 3.6865375099
4.9750000000 1.6165688210 3.6871206551
4.9760000000 1.6171815910 3.6877039375
4.9770000000 1.6177944374 3.6882873421
4.9780000000 1.6184073677 3.6888708763
4.9790000000 1.6190203819 3.6894545479
4.9800000000 1.6196334801 3.6900383415
4.9810000000 1.6202466621 3.6906222649
4.9820000000 1.6208599281 3.6912063255
4.9830000000 1.6214732780 3.6917905083
4.9840000000 1.6220867119 3.6923748207
4.9850000000 1.6227002296 3.6929592705
4.9860000000 1.6233138237 3.6935438423
4.9870000000 1.6239275093 3.6941285439
4.9880000000 1.6245412788 3.6947133827
4.9890000000 1.6251551247 3.6952983437
4.9900000000 1.6257690620 3.6958834419
4.9910000000 1.6263830757 3.6964686623
4.9920000000 1.6269971733 3.6970540123
4.9930000000 1.6276113625 3.6976394997
4.9940000000 1.6282256279 3.6982251091
4.9950000000 1.6288399773 3.6988108559
4.9960000000 1.6294544106 3.6993967247
4.9970000000 1.6300689278 3.6999827309
4.9980000000 1.6306835289 3.7005688591
4.9990000000 1.6312982140 3.7011551247
