1.385000 0.032148
1.390000 0.068945
1.395000 0.091914
1.400000 0.110195
1.405000 0.125742
1.410000 0.139570
1.415000 0.152148
1.420000 0.163633
1.425000 0.174414
1.430000 0.184492
1.435000 0.194023
1.440000 0.203008
1.445000 0.211680
1.450000 0.219961
1.455000 0.227852
1.460000 0.235508
1.465000 0.242930
1.470000 0.250039
1.475000 0.256914
1.480000 0.263633
1.485000 0.270195
1.490000 0.276523
1.495000 0.282695
1.500000 0.288711
1.505000 0.294570
1.510000 0.300352
1.515000 0.305898
1.520000 0.311445
1.525000 0.316758
1.530000 0.322070
1.535000 0.327227
1.540000 0.332305
1.545000 0.337227
1.550000 0.342148
1.555000 0.346914
1.560000 0.351602
1.565000 0.356211
1.570000 0.360742
1.575000 0.365273
1.580000 0.369648
1.585000 0.373945
1.590000 0.378242
1.595000 0.382461
1.600000 0.386523
1.605000 0.390664
1.610000 0.394648
1.615000 0.398633
1.620000 0.402539
1.625000 0.406367
1.630000 0.410117
1.635000 0.413867
1.640000 0.417617
1.645000 0.421211
1.650000 0.424805
1.655000 0.428398
1.660000 0.431914
1.665000 0.435352
1.670000 0.438789
1.675000 0.442148
1.680000 0.445508
1.685000 0.448789
1.690000 0.452070
1.695000 0.455273
1.700000 0.458477
1.705000 0.461602
1.710000 0.464727
1.715000 0.467773
1.720000 0.470820
1.725000 0.473789
1.730000 0.476758
1.735000 0.479727
1.740000 0.482617
1.745000 0.485508
1.750000 0.488320
1.755000 0.491133
1.760000 0.493945
1.765000 0.496680
1.770000 0.499414
1.775000 0.502148
1.780000 0.504805
1.785000 0.507383
1.790000 0.510039
1.795000 0.512617
1.800000 0.515195
1.805000 0.517695
1.810000 0.520195
1.815000 0.522695
1.820000 0.525117
1.825000 0.527539
1.830000 0.529961
1.835000 0.532383
1.840000 0.534727
1.845000 0.537070
1.850000 0.539336
1.855000 0.541680
1.860000 0.543945
1.865000 0.546133
1.870000 0.548398
1.875000 0.550586
1.880000 0.552773
1.885000 0.554883
1.890000 0.557070
1.895000 0.559180
1.900000 0.561289
1.905000 0.563320
1.910000 0.565352
1.915000 0.567383
1.920000 0.569414
1.925000 0.571445
1.930000 0.573398
1.935000 0.575352
1.940000 0.577305
1.945000 0.579180
1.950000 0.581055
1.955000 0.582930
1.960000 0.584805
1.965000 0.586680
1.970000 0.588477
1.975000 0.590273
1.980000 0.592070
1.985000 0.593867
1.990000 0.595586
1.995000 0.597305
2.000000 0.599023
2.005000 0.600742
2.010000 0.602383
2.015000 0.604102
2.020000 0.605742
2.025000 0.607383
2.030000 0.608945
2.035000 0.610586
2.040000 0.612148
2.045000 0.613711
2.050000 0.615273
2.055000 0.616836
2.060000 0.618320
2.065000 0.619883
2.070000 0.621367
2.075000 0.622773
2.080000 0.624258
2.085000 0.625742
2.090000 0.627148
2.095000 0.628555
2.100000 0.629961
2.105000 0.631367
2.110000 0.632695
2.115000 0.634023
2.120000 0.635352
2.125000 0.636680
2.130000 0.638008
2.135000 0.639336
2.140000 0.640586
2.145000 0.641836
2.150000 0.643086
2.155000 0.644336
2.160000 0.645586
2.165000 0.646758
2.170000 0.648008
2.175000 0.649180
2.180000 0.650352
2.185000 0.651523
2.190000 0.652617
2.195000 0.653789
2.200000 0.654883
2.205000 0.655977
2.210000 0.657070
2.215000 0.658164
2.220000 0.659180
2.225000 0.660273
2.230000 0.661289
2.235000 0.662305
2.240000 0.663320
2.245000 0.664336
2.250000 0.665273
2.255000 0.666289
2.260000 0.667227
2.265000 0.668164
2.270000 0.669102
2.275000 0.670039
2.280000 0.670898
2.285000 0.671836
2.290000 0.672695
2.295000 0.673555
2.300000 0.674414
2.305000 0.675273
2.310000 0.676055
2.315000 0.676914
2.320000 0.677695
2.325000 0.678477
2.330000 0.679258
2.335000 0.680039
2.340000 0.680820
2.345000 0.681523
2.350000 0.682305
2.355000 0.683008
2.360000 0.683711
2.365000 0.684414
2.370000 0.685117
2.375000 0.685742
2.380000 0.686445
2.385000 0.687070
2.390000 0.687695
2.395000 0.688320
2.400000 0.688945
2.405000 0.689570
2.410000 0.690117
2.415000 0.690742
2.420000 0.691289
2.425000 0.691836
2.430000 0.692383
2.435000 0.692930
2.440000 0.693398
2.445000 0.693945
2.450000 0.694414
2.455000 0.694883
2.460000 0.695352
2.465000 0.695820
2.470000 0.696289
2.475000 0.696680
2.480000 0.697148
2.485000 0.697539
2.490000 0.697930
2.495000 0.698320
2.500000 0.698711
2.505000 0.699102
2.510000 0.699414
2.515000 0.699805
2.520000 0.700117
2.525000 0.700430
2.530000 0.700742
2.535000 0.701055
2.540000 0.701289
2.545000 0.701602
2.550000 0.701836
2.555000 0.702070
2.560000 0.702305
2.565000 0.702539
2.570000 0.702773
2.575000 0.702930
2.580000 0.703164
2.585000 0.703320
2.590000 0.703477
2.595000 0.703633
2.600000 0.703789
2.605000 0.703945
2.610000 0.704102
2.615000 0.704180
2.620000 0.704258
2.625000 0.704336
2.630000 0.704414
2.635000 0.704492
2.640000 0.704570
2.645000 0.704570
2.650000 0.704648
2.655000 0.704648
2.660000 0.704648
2.665000 0.704648
2.670000 0.704648
2.675000 0.704570
2.680000 0.704570
2.685000 0.704492
2.690000 0.704414
2.695000 0.704336
2.700000 0.704258
2.705000 0.704180
2.710000 0.704023
2.715000 0.703945
2.720000 0.703789
2.725000 0.703633
2.730000 0.703477
2.735000 0.703320
2.740000 0.703086
2.745000 0.702930
2.750000 0.702695
2.755000 0.702461
2.760000 0.702227
2.765000 0.701992
2.770000 0.701758
2.775000 0.701523
2.780000 0.701211
2.785000 0.700898
2.790000 0.700586
2.795000 0.700273
2.800000 0.699961
2.805000 0.699648
2.810000 0.699258
2.815000 0.698867
2.820000 0.698555
2.825000 0.698164
2.830000 0.697695
2.835000 0.697305
2.840000 0.696914
2.845000 0.696445
2.850000 0.695977
2.855000 0.695508
2.860000 0.695039
2.865000 0.694570
2.870000 0.694023
2.875000 0.693555
2.880000 0.693008
2.885000 0.692461
2.890000 0.691914
2.895000 0.691289
2.900000 0.690742
2.905000 0.690117
2.910000 0.689492
2.915000 0.688867
2.920000 0.688242
2.925000 0.687617
2.930000 0.686992
2.935000 0.686289
2.940000 0.685586
2.945000 0.684883
2.950000 0.684180
2.955000 0.683398
2.960000 0.682695
2.965000 0.681914
2.970000 0.681133
2.975000 0.680352
2.980000 0.679570
2.985000 0.678789
2.990000 0.677930
2.995000 0.677070
3.000000 0.676211
3.005000 0.675352
3.010000 0.674492
3.015000 0.673555
3.020000 0.672695
3.025000 0.671758
3.030000 0.670820
3.035000 0.669805
3.040000 0.668867
3.045000 0.667852
3.050000 0.666836
3.055000 0.665820
3.060000 0.664805
3.065000 0.663789
3.070000 0.662695
3.075000 0.661602
3.080000 0.660508
3.085000 0.659414
3.090000 0.658242
3.095000 0.657148
3.100000 0.655977
3.105000 0.654805
3.110000 0.653633
3.115000 0.652383
3.120000 0.651133
3.125000 0.649961
3.130000 0.648633
3.135000 0.647383
3.140000 0.646133
3.145000 0.644805
3.150000 0.643477
3.155000 0.642148
3.160000 0.640742
3.165000 0.639414
3.170000 0.638008
3.175000 0.636602
3.180000 0.635117
3.185000 0.633711
3.190000 0.632227
3.195000 0.630742
3.200000 0.629258
3.205000 0.627695
3.210000 0.626211
3.215000 0.624648
3.220000 0.623008
3.225000 0.621445
3.230000 0.619805
3.235000 0.618164
3.240000 0.616523
3.245000 0.614805
3.250000 0.613164
3.255000 0.611445
3.260000 0.609648
3.265000 0.607930
3.270000 0.606133
3.275000 0.604336
3.280000 0.602539
3.285000 0.600664
3.290000 0.598789
3.295000 0.596914
3.300000 0.594961
3.305000 0.593086
3.310000 0.591133
3.315000 0.589102
3.320000 0.587148
3.325000 0.585117
3.330000 0.583008
3.335000 0.580977
3.340000 0.578867
3.345000 0.576758
3.350000 0.574570
3.355000 0.572383
3.360000 0.570195
3.365000 0.568008
3.370000 0.565742
3.375000 0.563477
3.380000 0.561133
3.385000 0.558789
3.390000 0.556445
3.395000 0.554023
3.400000 0.551602
3.405000 0.549180
3.410000 0.546680
3.415000 0.544180
3.420000 0.541680
3.425000 0.539102
3.430000 0.536523
3.435000 0.533867
3.440000 0.531211
3.445000 0.528477
3.450000 0.525820
3.455000 0.523008
3.460000 0.520195
3.465000 0.517383
3.470000 0.514492
3.475000 0.511602
3.480000 0.508711
3.485000 0.505742
3.490000 0.502695
3.495000 0.499648
3.500000 0.496523
3.505000 0.493398
3.510000 0.490273
3.515000 0.486992
3.520000 0.483789
3.525000 0.480430
3.530000 0.477070
3.535000 0.473711
3.540000 0.470273
3.545000 0.466758
3.550000 0.463242
3.555000 0.459648
3.560000 0.456055
3.565000 0.452305
3.570000 0.448555
3.575000 0.444805
3.580000 0.440898
3.585000 0.436992
3.590000 0.433008
3.595000 0.429023
3.600000 0.424883
3.605000 0.420742
3.610000 0.416523
3.615000 0.412227
3.620000 0.407852
3.625000 0.403398
3.630000 0.398867
3.635000 0.394258
3.640000 0.389570
3.645000 0.384805
3.650000 0.379883
3.655000 0.374961
3.660000 0.369883
3.665000 0.364805
3.670000 0.359492
3.675000 0.354180
3.680000 0.348711
3.685000 0.343086
3.690000 0.337383
3.695000 0.331523
3.700000 0.325508
3.705000 0.319414
3.710000 0.313086
3.715000 0.306680
3.720000 0.300039
3.725000 0.293164
3.730000 0.286211
3.735000 0.278945
3.740000 0.271445
3.745000 0.263711
3.750000 0.255742
3.755000 0.247461
3.760000 0.238789
3.765000 0.229805
3.770000 0.220352
3.775000 0.210430
3.780000 0.199961
3.785000 0.188867
3.790000 0.176992
3.795000 0.164258
3.800000 0.150273
3.805000 0.134883
3.810000 0.117305
3.815000 0.096445
3.820000 0.069492
3.825000 0.018320
