1.6250000000 1.5587109375 2.5695703125 2.6512109375
1.6750000000 1.5819921875 2.5543359375 2.7007421875
1.7250000000 1.6050390625 2.5482421875 2.7415234375
1.7750000000 1.6279296875 2.5456640625 2.7791015625
1.8250000000 1.6505859375 2.5450390625 2.8150390625
1.8750000000 1.6730078125 2.5457421875 2.8498828125
1.9250000000 1.6951953125 2.5473828125 2.8841796875
1.9750000000 1.7171484375 2.5496484375 2.9178515625
2.0250000000 1.7388671875 2.5524609375 2.9512109375
2.0750000000 1.7602734375 2.5557421875 2.9838671875
2.1250000000 1.7815234375 2.5592578125 3.0167578125
2.1750000000 1.8024609375 2.5630859375 3.0509765625
2.2250000000 1.8231640625 2.5670703125 3.0862109375
2.2750000000 1.8436328125 2.5712109375 3.1223046875
2.3250000000 1.8638671875 2.5754296875 3.1592578125
2.3750000000 1.8838671875 2.5797265625 3.1968359375
2.4250000000 1.9036328125 2.5840234375 3.2351171875
2.4750000000 1.9230859375 2.5882421875 3.2741015625
2.5250000000 1.9422265625 2.5924609375 3.3136328125
2.5750000000 1.9611328125 2.5965234375 3.3537890625
2.6250000000 1.9797265625 2.6004296875 3.3944921875
2.6750000000 1.9978515625 2.6040234375 3.4356640625
2.7250000000 2.0155859375 2.6073828125 3.4774609375
2.7750000000 2.0326953125 2.6104296875 3.5196484375
2.8250000000 2.0487890625 2.6129296875 3.5623046875
2.8750000000 2.0645703125 2.6148828125 3.6054296875
2.9250000000 2.0831640625 2.6162109375 3.6489453125
2.9750000000 2.1041015625 2.6166796875 3.6928515625
3.0250000000 2.1273046875 2.6160546875 3.7371484375
3.0750000000 2.1530859375 2.6141015625 3.7818359375
3.1250000000 2.1819140625 2.6103515625 3.8268359375
3.1750000000 2.2141796875 2.6042578125 3.8722265625
3.2250000000 2.2511328125 2.5948046875 3.9179296875
3.2750000000 2.2945703125 2.5799609375 3.9638671875
3.3250000000 2.3495703125 2.5547265625 4.0101953125
