3.3750000000 4.0567578125
3.4250000000 4.1036328125
3.4750000000 4.1508203125
3.5250000000 4.1981640625
3.5750000000 4.2458203125
3.6250000000 4.2937109375
3.6750000000 4.3418359375
3.7250000000 4.3901953125
3.7750000000 4.4387890625
3.8250000000 4.4876171875
3.8750000000 4.5366015625
3.9250000000 4.5858203125
3.9750000000 4.6351953125
4.0250000000 4.6848046875
4.0750000000 4.7345703125
4.1250000000 4.7845703125
4.1750000000 4.8347265625
4.2250000000 4.8850390625
4.2750000000 4.9355859375
4.3250000000 4.9862890625
4.3750000000 5.0371484375
4.4250000000 5.0881640625
4.4750000000 5.1393359375
4.5250000000 5.1906640625
4.5750000000 5.2422265625
4.6250000000 5.2938671875
4.6750000000 5.3457421875
4.7250000000 5.3976953125
4.7750000000 5.4498046875
4.8250000000 5.5021484375
4.8750000000 5.5545703125
4.9250000000 5.6072265625
4.9750000000 5.6599609375
