0.0000000010 1.0000000049
0.1000000010 1.0049887549
0.2000000010 1.0198221436
0.3000000010 1.0441168018
0.4000000010 1.0772812842
0.5000000010 1.1185766553
0.6000000010 1.1671831299
0.7000000010 1.2222611377
0.8000000010 1.2829992041
0.9000000010 1.3486457080
1.0000000010 1.4185259326
1.1000000010 1.4920476709
1.2000000010 1.5686992236
1.3000000010 1.6480430225
1.4000000010 1.7297073096
1.5000000010 1.8133773486
1.6000000010 1.8987869678
1.7000000010 1.9857110400
1.8000000010 2.0739588428
1.9000000010 2.1633684522
2.0000000010 2.2538019580
2.1000000010 2.3451415869
2.2000000010 2.4372863818
2.3000000010 2.5301495361
2.4000000010 2.6236561084
2.5000000010 2.7177411963
2.6000000010 2.8123484131
2.7000000010 2.9074285986
2.8000000010 3.0029387451
2.9000000010 3.0988411572
3.0000000010 3.1951026514
3.1000000010 3.2916939893
3.2000000010 3.3885893311
3.3000000010 3.4857657569
3.4000000010 3.5832029639
3.5000000010 3.6808828760
3.6000000010 3.7787894092
3.7000000010 3.8769082471
3.8000000010 3.9752266065
3.9000000010 4.0737330811
4.0000000010 4.1724174951
4.1000000010 4.2712707861
4.2000000010 4.3702848779
4.3000000010 4.4694525928
4.4000000010 4.5687675537
4.5000000010 4.6682241455
4.6000000010 4.7678174267
4.7000000010 4.8675430615
4.8000000010 4.9673973291
4.9000000010 5.0673770361
