2.4000000010 0.2459212646 1.3785885303 3.5602498291
2.5000000010 0.2912964307 1.4438627295 3.6358904639
2.6000000010 0.3374782471 1.5091681982 3.7132633154
2.7000000010 0.3844293213 1.5747648584 3.7924239795
2.8000000010 0.4331995459 1.6419995459 3.8734656494
2.9000000010 0.6247052197 1.7085522217 3.9566021924
3.0000000010 0.7528444092 1.7732304346 4.0421090772
3.1000000010 0.8667381396 1.8364228076 4.1277730127
3.2000000010 0.9763024756 1.8979388037 4.2138364795
3.3000000010 1.0847371143 1.9574629834 4.3004239697
3.4000000010 1.1935328076 2.0145833154 4.3875735889
3.5000000010 1.3034472412 2.0687684619 4.4753000830
3.6000000010 1.4147324072 2.1193101709 4.5636110596
3.7000000010 1.5270230518 2.1652109619 4.6525131592
3.8000000010 1.6388108545 2.2049551611 4.7420146338
3.9000000010 1.7460290674 2.2359782568 4.8321262549
4.0000000010 1.8370609912 2.2531280225 4.9228613623
4.1000000010 1.9370228955 2.2416531787 5.0142354248
