3.4000010000 0.0124687500 3.6484062500
3.4050010000 0.0455937500 3.6534062500
3.4100010000 0.0634062500 3.6584062500
3.4150010000 0.0773437500 3.6634062500
3.4200010000 0.0891562500 3.6684062500
3.4250010000 0.0996562500 3.6734062500
3.4300010000 0.1092812500 3.6784062500
3.4350010000 0.1180937500 3.6834062500
3.4400010000 0.1264062500 3.6884062500
3.4450010000 0.1342812500 3.6934687500
3.4500010000 0.1417812500 3.6984687500
3.4550010000 0.1489062500 3.7034687500
3.4600010000 0.1557812500 3.7084687500
3.4650010000 0.1624062500 3.7134687500
3.4700010000 0.1687812500 3.7184687500
3.4750010000 0.1750312500 3.7234687500
3.4800010000 0.1810937500 3.7285312500
3.4850010000 0.1869687500 3.7335312500
3.4900010000 0.1927187500 3.7385312500
3.4950010000 0.1984062500 3.7435312500
3.5000010000 0.2039062500 3.7485312500
3.5050010000 0.2092812500 3.7535937500
3.5100010000 0.2145937500 3.7585937500
3.5150010000 0.2198437500 3.7635937500
3.5200010000 0.2249687500 3.7685937500
3.5250010000 0.2300312500 3.7736562500
3.5300010000 0.2349687500 3.7786562500
3.5350010000 0.2399062500 3.7836562500
3.5400010000 0.2447187500 3.7887187500
3.5450010000 0.2495312500 3.7937187500
3.5500010000 0.2542812500 3.7987187500
3.5550010000 0.2589062500 3.8037812500
3.5600010000 0.2635312500 3.8087812500
3.5650010000 0.2680937500 3.8137812500
3.5700010000 0.2726562500 3.8188437500
3.5750010000 0.2771562500 3.8238437500
3.5800010000 0.2815937500 3.8288437500
3.5850010000 0.2859687500 3.8339062500
3.5900010000 0.2903437500 3.8389062500
3.5950010000 0.2946562500 3.8439062500
3.6000010000 0.2989687500 3.8489687500
3.6050010000 0.3032187500 3.8539687500
3.6100010000 0.3074062500 3.8590312500
3.6150010000 0.3116562500 3.8640312500
3.6200010000 0.3157812500 3.8690937500
3.6250010000 0.3199687500 3.8740937500
3.6300010000 0.3240937500 3.8790937500
3.6350010000 0.3281562500 3.8841562500
3.6400010000 0.3322187500 3.8891562500
3.6450010000 0.3362812500 3.8942187500
3.6500010000 0.3402812500 3.8992187500
3.6550010000 0.3442812500 3.9042812500
3.6600010000 0.3482812500 3.9092812500
3.6650010000 0.3522187500 3.9143437500
3.6700010000 0.3561562500 3.9193437500
3.6750010000 0.3600937500 3.9244062500
3.6800010000 0.3640312500 3.9294687500
3.6850010000 0.3679062500 3.9344687500
3.6900010000 0.3717812500 3.9395312500
3.6950010000 0.3755937500 3.9445312500
3.7000010000 0.3794687500 3.9495937500
3.7050010000 0.3832812500 3.9545937500
3.7100010000 0.3870937500 3.9596562500
3.7150010000 0.3909062500 3.9647187500
3.7200010000 0.3946562500 3.9697187500
3.7250010000 0.3984687500 3.9747812500
3.7300010000 0.4022187500 3.9797812500
3.7350010000 0.4059687500 3.9848437500
3.7400010000 0.4097187500 3.9899062500
3.7450010000 0.4134062500 3.9949062500
3.7500010000 0.4171562500 3.9999687500
3.7550010000 0.4208437500 4.0050312500
3.7600010000 0.4245312500 4.0100312500
3.7650010000 0.4282187500 4.0150937500
3.7700010000 0.4319062500 4.0201562500
3.7750010000 0.4355312500 4.0251562500
3.7800010000 0.4392187500 4.0302187500
3.7850010000 0.4428437500 4.0352812500
3.7900010000 0.4464687500 4.0403437500
3.7950010000 0.4501562500 4.0453437500
3.8000010000 0.4537187500 4.0504062500
3.8050010000 0.4573437500 4.0554687500
3.8100010000 0.4609687500 4.0605312500
3.8150010000 0.4645937500 4.0655312500
3.8200010000 0.4681562500 4.0705937500
3.8250010000 0.4717812500 4.0756562500
3.8300010000 0.4753437500 4.0807187500
3.8350010000 0.4789062500 4.0857812500
3.8400010000 0.4824687500 4.0907812500
3.8450010000 0.4860312500 4.0958437500
3.8500010000 0.4895937500 4.1009062500
3.8550010000 0.4931562500 4.1059687500
3.8600010000 0.4967187500 4.1110312500
3.8650010000 0.5002187500 4.1160312500
3.8700010000 0.5037812500 4.1210937500
3.8750010000 0.5073437500 4.1261562500
3.8800010000 0.5108437500 4.1312187500
3.8850010000 0.5143437500 4.1362812500
3.8900010000 0.5179062500 4.1413437500
3.8950010000 0.5214062500 4.1464062500
3.9000010000 0.5249062500 4.1514687500
3.9050010000 0.5284062500 4.1565312500
3.9100010000 0.5319062500 4.1615312500
3.9150010000 0.5354062500 4.1665937500
3.9200010000 0.5389062500 4.1716562500
3.9250010000 0.5424062500 4.1767187500
3.9300010000 0.5459062500 4.1817812500
3.9350010000 0.5494062500 4.1868437500
3.9400010000 0.5528437500 4.1919062500
3.9450010000 0.5563437500 4.1969687500
3.9500010000 0.5598437500 4.2020312500
3.9550010000 0.5632812500 4.2070937500
3.9600010000 0.5667812500 4.2121562500
3.9650010000 0.5702187500 4.2172187500
3.9700010000 0.5737187500 4.2222812500
3.9750010000 0.5771562500 4.2273437500
3.9800010000 0.5806562500 4.2324062500
3.9850010000 0.5840937500 4.2374687500
3.9900010000 0.5875312500 4.2425312500
3.9950010000 0.5910312500 4.2475937500
4.0000010000 0.5944687500 4.2526562500
4.0050010000 0.5979062500 4.2577187500
4.0100010000 0.6013437500 4.2627812500
4.0150010000 0.6048437500 4.2678437500
4.0200010000 0.6082812500 4.2729062500
4.0250010000 0.6117187500 4.2780312500
4.0300010000 0.6151562500 4.2830937500
4.0350010000 0.6185937500 4.2881562500
4.0400010000 0.6220312500 4.2932187500
4.0450010000 0.6254687500 4.2982812500
4.0500010000 0.6289062500 4.3033437500
4.0550010000 0.6324062500 4.3084062500
4.0600010000 0.6358437500 4.3134687500
4.0650010000 0.6392812500 4.3185312500
4.0700010000 0.6427187500 4.3236562500
4.0750010000 0.6461562500 4.3287187500
4.0800010000 0.6495312500 4.3337812500
4.0850010000 0.6529687500 4.3388437500
4.0900010000 0.6564062500 4.3439062500
4.0950010000 0.6598437500 4.3489687500
4.1000010000 0.6632812500 4.3540937500
4.1050010000 0.6667187500 4.3591562500
4.1100010000 0.6701562500 4.3642187500
4.1150010000 0.6735937500 4.3692812500
4.1200010000 0.6770312500 4.3743437500
4.1250010000 0.6804687500 4.3794687500
4.1300010000 0.6839062500 4.3845312500
4.1350010000 0.6873437500 4.3895937500
4.1400010000 0.6907812500 4.3946562500
4.1450010000 0.6942187500 4.3997812500
4.1500010000 0.6975937500 4.4048437500
4.1550010000 0.7010312500 4.4099062500
4.1600010000 0.7044687500 4.4149687500
4.1650010000 0.7079062500 4.4200937500
4.1700010000 0.7113437500 4.4251562500
4.1750010000 0.7147812500 4.4302187500
4.1800010000 0.7182187500 4.4353437500
4.1850010000 0.7216562500 4.4404062500
4.1900010000 0.7250937500 4.4454687500
4.1950010000 0.7285312500 4.4505937500
4.2000010000 0.7319687500 4.4556562500
4.2050010000 0.7354062500 4.4607187500
4.2100010000 0.7388437500 4.4658437500
4.2150010000 0.7422812500 4.4709062500
4.2200010000 0.7457187500 4.4759687500
4.2250010000 0.7491562500 4.4810937500
4.2300010000 0.7525937500 4.4861562500
4.2350010000 0.7560312500 4.4912187500
4.2400010000 0.7594687500 4.4963437500
4.2450010000 0.7629062500 4.5014062500
4.2500010000 0.7663437500 4.5065312500
4.2550010000 0.7697812500 4.5115937500
4.2600010000 0.7732187500 4.5166562500
4.2650010000 0.7766562500 4.5217812500
4.2700010000 0.7800937500 4.5268437500
4.2750010000 0.7835312500 4.5319687500
4.2800010000 0.7869687500 4.5370312500
4.2850010000 0.7904687500 4.5421562500
4.2900010000 0.7939062500 4.5472187500
4.2950010000 0.7973437500 4.5522812500
4.3000010000 0.8007812500 4.5574062500
4.3050010000 0.8042187500 4.5624687500
4.3100010000 0.8077187500 4.5675937500
4.3150010000 0.8111562500 4.5726562500
4.3200010000 0.8145937500 4.5777812500
4.3250010000 0.8180312500 4.5828437500
4.3300010000 0.8215312500 4.5879687500
4.3350010000 0.8249687500 4.5930312500
4.3400010000 0.8284062500 4.5981562500
4.3450010000 0.8319062500 4.6032187500
4.3500010000 0.8353437500 4.6083437500
4.3550010000 0.8388437500 4.6134062500
4.3600010000 0.8422812500 4.6185312500
4.3650010000 0.8457812500 4.6236562500
4.3700010000 0.8492187500 4.6287187500
4.3750010000 0.8527187500 4.6338437500
4.3800010000 0.8561562500 4.6389062500
4.3850010000 0.8596562500 4.6440312500
4.3900010000 0.8630937500 4.6490937500
4.3950010000 0.8665937500 4.6542187500
4.4000010000 0.8700937500 4.6593437500
4.4050010000 0.8735312500 4.6644062500
4.4100010000 0.8770312500 4.6695312500
4.4150010000 0.8805312500 4.6745937500
4.4200010000 0.8839687500 4.6797187500
4.4250010000 0.8874687500 4.6848437500
4.4300010000 0.8909687500 4.6899062500
4.4350010000 0.8944687500 4.6950312500
4.4400010000 0.8979687500 4.7000937500
4.4450010000 0.9014062500 4.7052187500
4.4500010000 0.9049062500 4.7103437500
4.4550010000 0.9084062500 4.7154062500
4.4600010000 0.9119062500 4.7205312500
4.4650010000 0.9154062500 4.7256562500
4.4700010000 0.9189062500 4.7307187500
4.4750010000 0.9224062500 4.7358437500
4.4800010000 0.9259062500 4.7409687500
4.4850010000 0.9294687500 4.7460312500
4.4900010000 0.9329687500 4.7511562500
4.4950010000 0.9364687500 4.7562812500
4.5000010000 0.9399687500 4.7614062500
4.5050010000 0.9434687500 4.7664687500
4.5100010000 0.9470312500 4.7715937500
4.5150010000 0.9505312500 4.7767187500
4.5200010000 0.9540312500 4.7818437500
4.5250010000 0.9575937500 4.7869062500
4.5300010000 0.9610937500 4.7920312500
4.5350010000 0.9645937500 4.7971562500
4.5400010000 0.9681562500 4.8022812500
4.5450010000 0.9716562500 4.8073437500
4.5500010000 0.9752187500 4.8124687500
4.5550010000 0.9787187500 4.8175937500
4.5600010000 0.9822812500 4.8227187500
4.5650010000 0.9858437500 4.8277812500
4.5700010000 0.9893437500 4.8329062500
4.5750010000 0.9929062500 4.8380312500
4.5800010000 0.9964687500 4.8431562500
4.5850010000 0.9999687500 4.8482812500
4.5900010000 1.0035312500 4.8534062500
4.5950010000 1.0070937500 4.8584687500
4.6000010000 1.0106562500 4.8635937500
4.6050010000 1.0142187500 4.8687187500
4.6100010000 1.0177812500 4.8738437500
4.6150010000 1.0213437500 4.8789687500
4.6200010000 1.0249062500 4.8840937500
4.6250010000 1.0284687500 4.8891562500
4.6300010000 1.0320312500 4.8942812500
4.6350010000 1.0355937500 4.8994062500
4.6400010000 1.0391562500 4.9045312500
4.6450010000 1.0427187500 4.9096562500
4.6500010000 1.0462812500 4.9147812500
4.6550010000 1.0499062500 4.9199062500
4.6600010000 1.0534687500 4.9250312500
4.6650010000 1.0570312500 4.9301562500
4.6700010000 1.0606562500 4.9352812500
4.6750010000 1.0642187500 4.9403437500
4.6800010000 1.0677812500 4.9454687500
4.6850010000 1.0714062500 4.9505937500
4.6900010000 1.0749687500 4.9557187500
4.6950010000 1.0785937500 4.9608437500
4.7000010000 1.0822187500 4.9659687500
4.7050010000 1.0857812500 4.9710937500
4.7100010000 1.0894062500 4.9762187500
4.7150010000 1.0930312500 4.9813437500
4.7200010000 1.0965937500 4.9864687500
4.7250010000 1.1002187500 4.9915937500
4.7300010000 1.1038437500 4.9967187500
4.7350010000 1.1074687500 5.0018437500
4.7400010000 1.1110937500 5.0069687500
4.7450010000 1.1147187500 5.0120937500
4.7500010000 1.1183437500 5.0172187500
4.7550010000 1.1219687500 5.0223437500
4.7600010000 1.1255937500 5.0274687500
4.7650010000 1.1292187500 5.0325937500
4.7700010000 1.1328437500 5.0377187500
4.7750010000 1.1364687500 5.0428437500
4.7800010000 1.1400937500 5.0479687500
4.7850010000 1.1437812500 5.0530937500
4.7900010000 1.1474062500 5.0582187500
4.7950010000 1.1510312500 5.0633437500
4.8000010000 1.1547187500 5.0684687500
4.8050010000 1.1583437500 5.0736562500
4.8100010000 1.1620312500 5.0787812500
4.8150010000 1.1656562500 5.0839062500
4.8200010000 1.1693437500 5.0890312500
4.8250010000 1.1729687500 5.0941562500
4.8300010000 1.1766562500 5.0992812500
4.8350010000 1.1803437500 5.1044062500
4.8400010000 1.1839687500 5.1095312500
4.8450010000 1.1876562500 5.1146562500
4.8500010000 1.1913437500 5.1197812500
4.8550010000 1.1950312500 5.1249687500
4.8600010000 1.1987187500 5.1300937500
4.8650010000 1.2024062500 5.1352187500
4.8700010000 1.2060937500 5.1403437500
4.8750010000 1.2097812500 5.1454687500
4.8800010000 1.2134687500 5.1505937500
4.8850010000 1.2171562500 5.1557812500
4.8900010000 1.2208437500 5.1609062500
4.8950010000 1.2245312500 5.1660312500
4.9000010000 1.2282187500 5.1711562500
4.9050010000 1.2319687500 5.1762812500
4.9100010000 1.2356562500 5.1814062500
4.9150010000 1.2393437500 5.1865937500
4.9200010000 1.2430937500 5.1917187500
4.9250010000 1.2467812500 5.1968437500
4.9300010000 1.2505312500 5.2019687500
4.9350010000 1.2542187500 5.2071562500
4.9400010000 1.2579687500 5.2122812500
4.9450010000 1.2616562500 5.2174062500
4.9500010000 1.2654062500 5.2225312500
4.9550010000 1.2691562500 5.2277187500
4.9600010000 1.2728437500 5.2328437500
4.9650010000 1.2765937500 5.2379687500
4.9700010000 1.2803437500 5.2430937500
4.9750010000 1.2840937500 5.2482812500
4.9800010000 1.2878437500 5.2534062500
4.9850010000 1.2915937500 5.2585312500
4.9900010000 1.2953437500 5.2636562500
4.9950010000 1.2990937500 5.2688437500
