0.0050010000 1.0000312500
0.0100010000 1.0000312500
0.0150010000 1.0000937500
0.0200010000 1.0002187500
0.0250010000 1.0002812500
0.0300010000 1.0004687500
0.0350010000 1.0005937500
0.0400010000 1.0007812500
0.0450010000 1.0010312500
0.0500010000 1.0012187500
0.0550010000 1.0015312500
0.0600010000 1.0017812500
0.0650010000 1.0020937500
0.0700010000 1.0024687500
0.0750010000 1.0027812500
0.0800010000 1.0032187500
0.0850010000 1.0035937500
0.0900010000 1.0040312500
0.0950010000 1.0045312500
0.1000010000 1.0049687500
0.1050010000 1.0055312500
0.1100010000 1.0060312500
0.1150010000 1.0065937500
0.1200010000 1.0071562500
0.1250010000 1.0077812500
0.1300010000 1.0084062500
0.1350010000 1.0090937500
0.1400010000 1.0097812500
0.1450010000 1.0104687500
0.1500010000 1.0112187500
0.1550010000 1.0119687500
0.1600010000 1.0127187500
0.1650010000 1.0135312500
0.1700010000 1.0144062500
0.1750010000 1.0152187500
0.1800010000 1.0160937500
0.1850010000 1.0170312500
0.1900010000 1.0179062500
0.1950010000 1.0189062500
0.2000010000 1.0198437500
0.2050010000 1.0208437500
0.2100010000 1.0219062500
0.2150010000 1.0229062500
0.2200010000 1.0239687500
0.2250010000 1.0250937500
0.2300010000 1.0262187500
0.2350010000 1.0273437500
0.2400010000 1.0285312500
0.2450010000 1.0297187500
0.2500010000 1.0309062500
0.2550010000 1.0321562500
0.2600010000 1.0334062500
0.2650010000 1.0346562500
0.2700010000 1.0359687500
0.2750010000 1.0372812500
0.2800010000 1.0386562500
0.2850010000 1.0400312500
0.2900010000 1.0414062500
0.2950010000 1.0428437500
0.3000010000 1.0442812500
0.3050010000 1.0457187500
0.3100010000 1.0472187500
0.3150010000 1.0487187500
0.3200010000 1.0502812500
0.3250010000 1.0518437500
0.3300010000 1.0534062500
0.3350010000 1.0549687500
0.3400010000 1.0565937500
0.3450010000 1.0582812500
0.3500010000 1.0599062500
0.3550010000 1.0615937500
0.3600010000 1.0633437500
0.3650010000 1.0650312500
0.3700010000 1.0667812500
0.3750010000 1.0685937500
0.3800010000 1.0703437500
0.3850010000 1.0721562500
0.3900010000 1.0740312500
0.3950010000 1.0759062500
0.4000010000 1.0777812500
0.4050010000 1.0796562500
0.4100010000 1.0815937500
0.4150010000 1.0835312500
0.4200010000 1.0854687500
0.4250010000 1.0874687500
0.4300010000 1.0894687500
0.4350010000 1.0914687500
0.4400010000 1.0935312500
0.4450010000 1.0955937500
0.4500010000 1.0976562500
0.4550010000 1.0997812500
0.4600010000 1.1019062500
0.4650010000 1.1040312500
0.4700010000 1.1062187500
0.4750010000 1.1084062500
0.4800010000 1.1105937500
0.4850010000 1.1128437500
0.4900010000 1.1150937500
0.4950010000 1.1173437500
0.5000010000 1.1195937500
0.5050010000 1.1219062500
0.5100010000 1.1242187500
0.5150010000 1.1265312500
0.5200010000 1.1289062500
0.5250010000 1.1312812500
0.5300010000 1.1336562500
0.5350010000 1.1360937500
0.5400010000 1.1385312500
0.5450010000 1.1409687500
0.5500010000 1.1434062500
0.5550010000 1.1459062500
0.5600010000 1.1484062500
0.5650010000 1.1509062500
0.5700010000 1.1534687500
0.5750010000 1.1560312500
0.5800010000 1.1585937500
0.5850010000 1.1612187500
0.5900010000 1.1637812500
0.5950010000 1.1664062500
0.6000010000 1.1690312500
0.6050010000 1.1717187500
0.6100010000 1.1744062500
0.6150010000 1.1770937500
0.6200010000 1.1797812500
0.6250010000 1.1825312500
0.6300010000 1.1852812500
0.6350010000 1.1880312500
0.6400010000 1.1907812500
0.6450010000 1.1935937500
0.6500010000 1.1963437500
0.6550010000 1.1992187500
0.6600010000 1.2020312500
0.6650010000 1.2049062500
0.6700010000 1.2077187500
0.6750010000 1.2106562500
0.6800010000 1.2135312500
0.6850010000 1.2164687500
0.6900010000 1.2193437500
0.6950010000 1.2223437500
0.7000010000 1.2252812500
0.7050010000 1.2282187500
0.7100010000 1.2312187500
0.7150010000 1.2342187500
0.7200010000 1.2372812500
0.7250010000 1.2402812500
0.7300010000 1.2433437500
0.7350010000 1.2464062500
0.7400010000 1.2494687500
0.7450010000 1.2525312500
0.7500010000 1.2556562500
0.7550010000 1.2587812500
0.7600010000 1.2619062500
0.7650010000 1.2650312500
0.7700010000 1.2682187500
0.7750010000 1.2714062500
0.7800010000 1.2745312500
0.7850010000 1.2777812500
0.7900010000 1.2809687500
0.7950010000 1.2842187500
0.8000010000 1.2874062500
0.8050010000 1.2906562500
0.8100010000 1.2939062500
0.8150010000 1.2972187500
0.8200010000 1.3004687500
0.8250010000 1.3037812500
0.8300010000 1.3070937500
0.8350010000 1.3104062500
0.8400010000 1.3137812500
0.8450010000 1.3170937500
0.8500010000 1.3204687500
0.8550010000 1.3238437500
0.8600010000 1.3272187500
0.8650010000 1.3306562500
0.8700010000 1.3340312500
0.8750010000 1.3374687500
0.8800010000 1.3409062500
0.8850010000 1.3443437500
0.8900010000 1.3477812500
0.8950010000 1.3512187500
0.9000010000 1.3547187500
0.9050010000 1.3582187500
0.9100010000 1.3617187500
0.9150010000 1.3652187500
0.9200010000 1.3687187500
0.9250010000 1.3722812500
0.9300010000 1.3757812500
0.9350010000 1.3793437500
0.9400010000 1.3829062500
0.9450010000 1.3864687500
0.9500010000 1.3900937500
0.9550010000 1.3936562500
0.9600010000 1.3972812500
0.9650010000 1.4009062500
0.9700010000 1.4045312500
0.9750010000 1.4081562500
0.9800010000 1.4117812500
0.9850010000 1.4154687500
0.9900010000 1.4190937500
0.9950010000 1.4227812500
1.0000010000 1.4264687500
1.0050010000 1.4301562500
1.0100010000 1.4338437500
1.0150010000 1.4375312500
1.0200010000 1.4412812500
1.0250010000 1.4450312500
1.0300010000 1.4487187500
1.0350010000 1.4524687500
1.0400010000 1.4562187500
1.0450010000 1.4600312500
1.0500010000 1.4637812500
1.0550010000 1.4675937500
1.0600010000 1.4713437500
1.0650010000 1.4751562500
1.0700010000 1.4789687500
1.0750010000 1.4827812500
1.0800010000 1.4865937500
1.0850010000 1.4904687500
1.0900010000 1.4942812500
1.0950010000 1.4981562500
1.1000010000 1.5019687500
1.1050010000 1.5058437500
1.1100010000 1.5097187500
1.1150010000 1.5135937500
1.1200010000 1.5174687500
1.1250010000 1.5214062500
1.1300010000 1.5252812500
1.1350010000 1.5292187500
1.1400010000 1.5331562500
1.1450010000 1.5370937500
1.1500010000 1.5410312500
1.1550010000 1.5449687500
1.1600010000 1.5489062500
1.1650010000 1.5528437500
1.1700010000 1.5568437500
1.1750010000 1.5607812500
1.1800010000 1.5647812500
1.1850010000 1.5687812500
1.1900010000 1.5727812500
1.1950010000 1.5767812500
1.2000010000 1.5807812500
1.2050010000 1.5847812500
1.2100010000 1.5887812500
1.2150010000 1.5928437500
1.2200010000 1.5968437500
1.2250010000 1.6009062500
1.2300010000 1.6049687500
1.2350010000 1.6090312500
1.2400010000 1.6130937500
1.2450010000 1.6171562500
1.2500010000 1.6212187500
1.2550010000 1.6253437500
1.2600010000 1.6294062500
1.2650010000 1.6334687500
1.2700010000 1.6375937500
1.2750010000 1.6417187500
1.2800010000 1.6458437500
1.2850010000 1.6499687500
1.2900010000 1.6540937500
1.2950010000 1.6582187500
1.3000010000 1.6623437500
1.3050010000 1.6664687500
1.3100010000 1.6706562500
1.3150010000 1.6747812500
1.3200010000 1.6789687500
1.3250010000 1.6830937500
1.3300010000 1.6872812500
1.3350010000 1.6914687500
1.3400010000 1.6956562500
1.3450010000 1.6998437500
1.3500010000 1.7040312500
1.3550010000 1.7082187500
1.3600010000 1.7124687500
1.3650010000 1.7166562500
1.3700010000 1.7208437500
1.3750010000 1.7250937500
1.3800010000 1.7293437500
1.3850010000 1.7335312500
1.3900010000 1.7377812500
1.3950010000 1.7420312500
1.4000010000 1.7462812500
1.4050010000 1.7505312500
1.4100010000 1.7547812500
1.4150010000 1.7590937500
1.4200010000 1.7633437500
1.4250010000 1.7675937500
1.4300010000 1.7719062500
1.4350010000 1.7761562500
1.4400010000 1.7804687500
1.4450010000 1.7847812500
1.4500010000 1.7890312500
1.4550010000 1.7933437500
1.4600010000 1.7976562500
1.4650010000 1.8019687500
1.4700010000 1.8062812500
1.4750010000 1.8105937500
1.4800010000 1.8149687500
1.4850010000 1.8192812500
1.4900010000 1.8235937500
1.4950010000 1.8279687500
1.5000010000 1.8322812500
1.5050010000 1.8366562500
1.5100010000 1.8410312500
1.5150010000 1.8453437500
1.5200010000 1.8497187500
1.5250010000 1.8540937500
1.5300010000 1.8584687500
1.5350010000 1.8628437500
1.5400010000 1.8672187500
1.5450010000 1.8715937500
1.5500010000 1.8759687500
1.5550010000 1.8803437500
1.5600010000 1.8847812500
1.5650010000 1.8891562500
1.5700010000 1.8935937500
1.5750010000 1.8979687500
1.5800010000 1.9024062500
1.5850010000 1.9067812500
1.5900010000 1.9112187500
1.5950010000 1.9156562500
1.6000010000 1.9200937500
1.6050010000 1.9245312500
1.6100010000 1.9289687500
1.6150010000 1.9334062500
1.6200010000 1.9378437500
1.6250010000 1.9422812500
1.6300010000 1.9467187500
1.6350010000 1.9511562500
1.6400010000 1.9556562500
1.6450010000 1.9600937500
1.6500010000 1.9645312500
1.6550010000 1.9690312500
1.6600010000 1.9735312500
1.6650010000 1.9779687500
1.6700010000 1.9824687500
1.6750010000 1.9869062500
1.6800010000 1.9914062500
1.6850010000 1.9959062500
1.6900010000 2.0004062500
1.6950010000 2.0049062500
1.7000010000 2.0094062500
1.7050010000 2.0139062500
1.7100010000 2.0184062500
1.7150010000 2.0229062500
1.7200010000 2.0274062500
1.7250010000 2.0319687500
1.7300010000 2.0364687500
1.7350010000 2.0409687500
1.7400010000 2.0455312500
1.7450010000 2.0500312500
1.7500010000 2.0545937500
1.7550010000 2.0590937500
1.7600010000 2.0636562500
1.7650010000 2.0681562500
1.7700010000 2.0727187500
1.7750010000 2.0772812500
1.7800010000 2.0818437500
1.7850010000 2.0864062500
1.7900010000 2.0909062500
1.7950010000 2.0954687500
1.8000010000 2.1000312500
1.8050010000 2.1045937500
1.8100010000 2.1092187500
1.8150010000 2.1137812500
1.8200010000 2.1183437500
1.8250010000 2.1229062500
1.8300010000 2.1274687500
1.8350010000 2.1320937500
1.8400010000 2.1366562500
1.8450010000 2.1412187500
1.8500010000 2.1458437500
1.8550010000 2.1504062500
1.8600010000 2.1550312500
1.8650010000 2.1595937500
1.8700010000 2.1642187500
1.8750010000 2.1688437500
1.8800010000 2.1734062500
1.8850010000 2.1780312500
1.8900010000 2.1826562500
1.8950010000 2.1872812500
1.9000010000 2.1919062500
1.9050010000 2.1965312500
1.9100010000 2.2011562500
1.9150010000 2.2057812500
1.9200010000 2.2104062500
1.9250010000 2.2150312500
1.9300010000 2.2196562500
1.9350010000 2.2242812500
1.9400010000 2.2289062500
1.9450010000 2.2335312500
1.9500010000 2.2382187500
1.9550010000 2.2428437500
1.9600010000 2.2474687500
1.9650010000 2.2521562500
1.9700010000 2.2567812500
1.9750010000 2.2614687500
1.9800010000 2.2660937500
1.9850010000 2.2707812500
1.9900010000 2.2754062500
1.9950010000 2.2800937500
2.0000010000 2.2847187500
2.0050010000 2.2894062500
2.0100010000 2.2940937500
2.0150010000 2.2987812500
2.0200010000 2.3034062500
2.0250010000 2.3080937500
2.0300010000 2.3127812500
2.0350010000 2.3174687500
2.0400010000 2.3221562500
2.0450010000 2.3268437500
2.0500010000 2.3315312500
2.0550010000 2.3362187500
2.0600010000 2.3409062500
2.0650010000 2.3455937500
2.0700010000 2.3502812500
2.0750010000 2.3549687500
2.0800010000 2.3597187500
2.0850010000 2.3644062500
2.0900010000 2.3690937500
2.0950010000 2.3737812500
2.1000010000 2.3785312500
2.1050010000 2.3832187500
2.1100010000 2.3879687500
2.1150010000 2.3926562500
2.1200010000 2.3973437500
2.1250010000 2.4020937500
2.1300010000 2.4068437500
2.1350010000 2.4115312500
2.1400010000 2.4162812500
2.1450010000 2.4209687500
2.1500010000 2.4257187500
2.1550010000 2.4304687500
2.1600010000 2.4351562500
2.1650010000 2.4399062500
2.1700010000 2.4446562500
2.1750010000 2.4494062500
2.1800010000 2.4540937500
2.1850010000 2.4588437500
2.1900010000 2.4635937500
2.1950010000 2.4683437500
2.2000010000 2.4730937500
2.2050010000 2.4778437500
2.2100010000 2.4825937500
2.2150010000 2.4873437500
2.2200010000 2.4920937500
2.2250010000 2.4968437500
2.2300010000 2.5015937500
2.2350010000 2.5063437500
2.2400010000 2.5111562500
2.2450010000 2.5159062500
2.2500010000 2.5206562500
2.2550010000 2.5254062500
2.2600010000 2.5302187500
2.2650010000 2.5349687500
2.2700010000 2.5397187500
2.2750010000 2.5445312500
2.2800010000 2.5492812500
2.2850010000 2.5540312500
2.2900010000 2.5588437500
2.2950010000 2.5635937500
2.3000010000 2.5684062500
2.3050010000 2.5731562500
2.3100010000 2.5779687500
2.3150010000 2.5827187500
2.3200010000 2.5875312500
2.3250010000 2.5923437500
2.3300010000 2.5970937500
2.3350010000 2.6019062500
2.3400010000 2.6067187500
2.3450010000 2.6114687500
2.3500010000 2.6162812500
2.3550010000 2.6210937500
2.3600010000 2.6259062500
2.3650010000 2.6307187500
2.3700010000 2.6354687500
2.3750010000 2.6402812500
2.3800010000 2.6450937500
2.3850010000 2.6499062500
2.3900010000 2.6547187500
2.3950010000 2.6595312500
2.4000010000 2.6643437500
2.4050010000 2.6691562500
2.4100010000 2.6739687500
2.4150010000 2.6787812500
2.4200010000 2.6835937500
2.4250010000 2.6884062500
2.4300010000 2.6932187500
2.4350010000 2.6980312500
2.4400010000 2.7029062500
2.4450010000 2.7077187500
2.4500010000 2.7125312500
2.4550010000 2.7173437500
2.4600010000 2.7221562500
2.4650010000 2.7270312500
2.4700010000 2.7318437500
2.4750010000 2.7366562500
2.4800010000 2.7415312500
2.4850010000 2.7463437500
2.4900010000 2.7511562500
2.4950010000 2.7560312500
2.5000010000 2.7608437500
2.5050010000 2.7657187500
2.5100010000 2.7705312500
2.5150010000 2.7754062500
2.5200010000 2.7802187500
2.5250010000 2.7850937500
2.5300010000 2.7899062500
2.5350010000 2.7947812500
2.5400010000 2.7995937500
2.5450010000 2.8044687500
2.5500010000 2.8093437500
2.5550010000 2.8141562500
2.5600010000 2.8190312500
2.5650010000 2.8239062500
2.5700010000 2.8287187500
2.5750010000 2.8335937500
2.5800010000 2.8384687500
2.5850010000 2.8433437500
2.5900010000 2.8481562500
2.5950010000 2.8530312500
2.6000010000 2.8579062500
2.6050010000 2.8627812500
2.6100010000 2.8676562500
2.6150010000 2.8725312500
2.6200010000 2.8773437500
2.6250010000 2.8822187500
2.6300010000 2.8870937500
2.6350010000 2.8919687500
2.6400010000 2.8968437500
2.6450010000 2.9017187500
2.6500010000 2.9065937500
2.6550010000 2.9114687500
2.6600010000 2.9163437500
2.6650010000 2.9212187500
2.6700010000 2.9260937500
2.6750010000 2.9310312500
2.6800010000 2.9359062500
2.6850010000 2.9407812500
2.6900010000 2.9456562500
2.6950010000 2.9505312500
2.7000010000 2.9554062500
2.7050010000 2.9603437500
2.7100010000 2.9652187500
2.7150010000 2.9700937500
2.7200010000 2.9749687500
2.7250010000 2.9798437500
2.7300010000 2.9847812500
2.7350010000 2.9896562500
2.7400010000 2.9945312500
2.7450010000 2.9994687500
2.7500010000 3.0043437500
2.7550010000 3.0092187500
2.7600010000 3.0141562500
2.7650010000 3.0190312500
2.7700010000 3.0239687500
2.7750010000 3.0288437500
2.7800010000 3.0337812500
2.7850010000 3.0386562500
2.7900010000 3.0435937500
2.7950010000 3.0484687500
2.8000010000 3.0534062500
2.8050010000 3.0582812500
2.8100010000 3.0632187500
2.8150010000 3.0680937500
2.8200010000 3.0730312500
2.8250010000 3.0779062500
2.8300010000 3.0828437500
2.8350010000 3.0877812500
2.8400010000 3.0926562500
2.8450010000 3.0975937500
2.8500010000 3.1025312500
2.8550010000 3.1074062500
2.8600010000 3.1123437500
2.8650010000 3.1172812500
2.8700010000 3.1221562500
2.8750010000 3.1270937500
2.8800010000 3.1320312500
2.8850010000 3.1369687500
2.8900010000 3.1418437500
2.8950010000 3.1467812500
2.9000010000 3.1517187500
2.9050010000 3.1566562500
2.9100010000 3.1615937500
2.9150010000 3.1665312500
2.9200010000 3.1714687500
2.9250010000 3.1763437500
2.9300010000 3.1812812500
2.9350010000 3.1862187500
2.9400010000 3.1911562500
2.9450010000 3.1960937500
2.9500010000 3.2010312500
2.9550010000 3.2059687500
2.9600010000 3.2109062500
2.9650010000 3.2158437500
2.9700010000 3.2207812500
2.9750010000 3.2257187500
2.9800010000 3.2306562500
2.9850010000 3.2355937500
2.9900010000 3.2405312500
2.9950010000 3.2454687500
3.0000010000 3.2504687500
3.0050010000 3.2554062500
3.0100010000 3.2603437500
3.0150010000 3.2652812500
3.0200010000 3.2702187500
3.0250010000 3.2751562500
3.0300010000 3.2800937500
3.0350010000 3.2850937500
3.0400010000 3.2900312500
3.0450010000 3.2949687500
3.0500010000 3.2999062500
3.0550010000 3.3048437500
3.0600010000 3.3098437500
3.0650010000 3.3147812500
3.0700010000 3.3197187500
3.0750010000 3.3247187500
3.0800010000 3.3296562500
3.0850010000 3.3345937500
3.0900010000 3.3395937500
3.0950010000 3.3445312500
3.1000010000 3.3494687500
3.1050010000 3.3544687500
3.1100010000 3.3594062500
3.1150010000 3.3643437500
3.1200010000 3.3693437500
3.1250010000 3.3742812500
3.1300010000 3.3792812500
3.1350010000 3.3842187500
3.1400010000 3.3892187500
3.1450010000 3.3941562500
3.1500010000 3.3990937500
3.1550010000 3.4040937500
3.1600010000 3.4090312500
3.1650010000 3.4140312500
3.1700010000 3.4190312500
3.1750010000 3.4239687500
3.1800010000 3.4289687500
3.1850010000 3.4339062500
3.1900010000 3.4389062500
3.1950010000 3.4438437500
3.2000010000 3.4488437500
3.2050010000 3.4538437500
3.2100010000 3.4587812500
3.2150010000 3.4637812500
3.2200010000 3.4687187500
3.2250010000 3.4737187500
3.2300010000 3.4787187500
3.2350010000 3.4836562500
3.2400010000 3.4886562500
3.2450010000 3.4936562500
3.2500010000 3.4986562500
3.2550010000 3.5035937500
3.2600010000 3.5085937500
3.2650010000 3.5135937500
3.2700010000 3.5185312500
3.2750010000 3.5235312500
3.2800010000 3.5285312500
3.2850010000 3.5335312500
3.2900010000 3.5385312500
3.2950010000 3.5434687500
3.3000010000 3.5484687500
3.3050010000 3.5534687500
3.3100010000 3.5584687500
3.3150010000 3.5634687500
3.3200010000 3.5684687500
3.3250010000 3.5734062500
3.3300010000 3.5784062500
3.3350010000 3.5834062500
3.3400010000 3.5884062500
3.3450010000 3.5934062500
3.3500010000 3.5984062500
3.3550010000 3.6034062500
3.3600010000 3.6084062500
3.3650010000 3.6134062500
3.3700010000 3.6184062500
3.3750010000 3.6234062500
3.3800010000 3.6284062500
3.3850010000 3.6334062500
3.3900010000 3.6384062500
3.3950010000 3.6434062500
