0.3000000000 0.1520526466 0.9908829765 2.1212449989 2.5249350929
0.3010000000 0.1525312309 0.9908383598 2.1213804588 2.5251665535
0.3020000000 0.1530095406 0.9907938118 2.1215162926 2.5253986702
0.3030000000 0.1534875832 0.9907493248 2.1216525002 2.5256314430
0.3040000000 0.1539653435 0.9907049065 2.1217890816 2.5258648720
0.3050000000 0.1544428291 0.9906605644 2.1219260368 2.5260989647
0.3060000000 0.1549200401 0.9906162910 2.1220633583 2.5263337135
0.3070000000 0.1553969765 0.9905721016 2.1222010536 2.5265691109
0.3080000000 0.1558736305 0.9905279808 2.1223391228 2.5268051643
0.3090000000 0.1563500099 0.9904839363 2.1224775581 2.5270418663
0.3100000000 0.1568261070 0.9904399834 2.1226163597 2.5272792244
0.3110000000 0.1573019295 0.9903961067 2.1227555275 2.5275172386
0.3120000000 0.1577774696 0.9903523140 2.1228950691 2.5277558937
0.3130000000 0.1582527275 0.9903086128 2.1230349770 2.5279952049
0.3140000000 0.1587277031 0.9902650032 2.1231752510 2.5282351570
0.3150000000 0.1592023964 0.9902214851 2.1233158913 2.5284757652
0.3160000000 0.1596768150 0.9901780586 2.1234568977 2.5287170067
0.3170000000 0.1601509438 0.9901347313 2.1235982628 2.5289589043
0.3180000000 0.1606247902 0.9900914955 2.1237399940 2.5292014427
0.3190000000 0.1610983543 0.9900483665 2.1238820915 2.5294446220
0.3200000000 0.1615716286 0.9900053368 2.1240245552 2.5296884422
0.3210000000 0.1620446205 0.9899624138 2.1241673775 2.5299329109
0.3220000000 0.1625173302 0.9899195976 2.1243105583 2.5301780128
0.3230000000 0.1629897499 0.9898768883 2.1244541054 2.5304237556
0.3240000000 0.1634618874 0.9898342857 2.1245980034 2.5306701393
0.3250000000 0.1639337349 0.9897918053 2.1247422676 2.5309171562
0.3260000000 0.1644052925 0.9897494316 2.1248868980 2.5311648140
0.3270000000 0.1648765602 0.9897071877 2.1250318794 2.5314131050
0.3280000000 0.1653475456 0.9896650505 2.1251772194 2.5316620293
0.3290000000 0.1658182411 0.9896230431 2.1253229103 2.5319115868
0.3300000000 0.1662886467 0.9895811577 2.1254689674 2.5321617775
0.3310000000 0.1667587624 0.9895394020 2.1256153755 2.5324126015
0.3320000000 0.1672285805 0.9894977684 2.1257621422 2.5326640511
0.3330000000 0.1676981163 0.9894562645 2.1259092598 2.5329161339
0.3340000000 0.1681673546 0.9894148979 2.1260567360 2.5331688423
0.3350000000 0.1686363106 0.9893736687 2.1262045631 2.5334221840
0.3360000000 0.1691049690 0.9893325768 2.1263527489 2.5336761436
0.3370000000 0.1695733299 0.9892916222 2.1265012779 2.5339307365
0.3380000000 0.1700414085 0.9892508049 2.1266501656 2.5341859474
0.3390000000 0.1705091820 0.9892101402 2.1267994041 2.5344417915
0.3400000000 0.1709766731 0.9891696129 2.1269489937 2.5346982460
0.3410000000 0.1714438667 0.9891292381 2.1270989265 2.5349553261
0.3420000000 0.1719107628 0.9890890160 2.1272492104 2.5352130318
0.3430000000 0.1723773689 0.9890489464 2.1273998528 2.5354713554
0.3440000000 0.1728436775 0.9890090294 2.1275508308 2.5357302971
0.3450000000 0.1733096886 0.9889692726 2.1277021675 2.5359898491
0.3460000000 0.1737754097 0.9889296761 2.1278538399 2.5362500267
0.3470000000 0.1742408333 0.9888902397 2.1280058708 2.5365108147
0.3480000000 0.1747059593 0.9888509636 2.1281582375 2.5367722206
0.3490000000 0.1751707878 0.9888118629 2.1283109550 2.5370342369
0.3500000000 0.1756353264 0.9887729225 2.1284640160 2.5372968712
0.3510000000 0.1760995674 0.9887341576 2.1286174202 2.5375601158
0.3520000000 0.1765635033 0.9886955681 2.1287711678 2.5378239632
0.3530000000 0.1770271492 0.9886571465 2.1289252510 2.5380884285
0.3540000000 0.1774904976 0.9886189079 2.1290796852 2.5383535042
0.3550000000 0.1779535484 0.9885808525 2.1292344627 2.5386191826
0.3560000000 0.1784163017 0.9885429802 2.1293895760 2.5388854637
0.3570000000 0.1788787575 0.9885052910 2.1295450325 2.5391523552
0.3580000000 0.1793409081 0.9884677849 2.1297008247 2.5394198570
0.3590000000 0.1798027687 0.9884304695 2.1298569603 2.5396879539
0.3600000000 0.1802643318 0.9883933449 2.1300134315 2.5399566536
0.3610000000 0.1807255898 0.9883564186 2.1301702461 2.5402259636
0.3620000000 0.1811865578 0.9883196907 2.1303273888 2.5404958687
0.3630000000 0.1816472282 0.9882831535 2.1304848747 2.5407663689
0.3640000000 0.1821075935 0.9882468224 2.1306426964 2.5410374718
0.3650000000 0.1825676613 0.9882106972 2.1308008537 2.5413091774
0.3660000000 0.1830274315 0.9881747780 2.1309593468 2.5415814705
0.3670000000 0.1834869041 0.9881390572 2.1311181755 2.5418543663
0.3680000000 0.1839460869 0.9881035576 2.1312773323 2.5421278572
0.3690000000 0.1844049568 0.9880682640 2.1314368248 2.5424019356
0.3700000000 0.1848635368 0.9880331917 2.1315966530 2.5426766167
0.3710000000 0.1853218193 0.9879983330 2.1317568092 2.5429518776
0.3720000000 0.1857798042 0.9879636955 2.1319173012 2.5432277412
0.3730000000 0.1862374916 0.9879292793 2.1320781212 2.5435041847
0.3740000000 0.1866948738 0.9878950920 2.1322392693 2.5437812233
0.3750000000 0.1871519661 0.9878611259 2.1324007530 2.5440588417
0.3760000000 0.1876087608 0.9878273964 2.1325625648 2.5443370552
0.3770000000 0.1880652504 0.9877938881 2.1327247047 2.5446158485
0.3780000000 0.1885214500 0.9877606239 2.1328871651 2.5448952293
0.3790000000 0.1889773521 0.9877275963 2.1330499611 2.5451751976
0.3800000000 0.1894329567 0.9876947975 2.1332130775 2.5454557457
0.3810000000 0.1898882713 0.9876622505 2.1333765297 2.5457368736
0.3820000000 0.1903432808 0.9876299400 2.1335403023 2.5460185814
0.3830000000 0.1907980003 0.9875978813 2.1337043953 2.5463008766
0.3840000000 0.1912524223 0.9875660744 2.1338688164 2.5465837440
0.3850000000 0.1917065468 0.9875345116 2.1340335655 2.5468671913
0.3860000000 0.1921603813 0.9875032005 2.1341986351 2.5471512108
0.3870000000 0.1926139259 0.9874721565 2.1343640251 2.5474358101
0.3880000000 0.1930671654 0.9874413567 2.1345297432 2.5477209892
0.3890000000 0.1935201225 0.9874108315 2.1346957741 2.5480067329
0.3900000000 0.1939727821 0.9873805580 2.1348621330 2.5482930565
0.3910000000 0.1944251518 0.9873505592 2.1350288124 2.5485799446
0.3920000000 0.1948772240 0.9873208199 2.1351958046 2.5488674126
0.3930000000 0.1953290062 0.9872913551 2.1353631248 2.5491554451
0.3940000000 0.1957805061 0.9872621651 2.1355307579 2.5494440422
0.3950000000 0.1962317085 0.9872332497 2.1356987114 2.5497332115
0.3960000000 0.1966826210 0.9872046089 2.1358669853 2.5500229530
0.3970000000 0.1971332512 0.9871762505 2.1360355721 2.5503132515
0.3980000000 0.1975835915 0.9871481743 2.1362044716 2.5506041222
0.3990000000 0.1980336418 0.9871203880 2.1363736992 2.5508955498
0.4000000000 0.1984834099 0.9870928841 2.1365432320 2.5511875420
0.4010000000 0.1989328880 0.9870656700 2.1367130852 2.5514800987
0.4020000000 0.1993820839 0.9870387535 2.1368832436 2.5517732124
0.4030000000 0.1998309898 0.9870121269 2.1370537224 2.5520668907
0.4040000000 0.2002796211 0.9869857979 2.1372245140 2.5523611259
0.4050000000 0.2007279625 0.9869597740 2.1373956184 2.5526559181
0.4060000000 0.2011760292 0.9869340477 2.1375670357 2.5529512672
0.4070000000 0.2016238136 0.9869086266 2.1377387657 2.5532471733
0.4080000000 0.2020713158 0.9868835182 2.1379108009 2.5535436363
0.4090000000 0.2025185432 0.9868587151 2.1380831490 2.5538406487
0.4100000000 0.2029654961 0.9868342247 2.1382558098 2.5541382179
0.4110000000 0.2034121666 0.9868100548 2.1384287758 2.5544363365
0.4120000000 0.2038585701 0.9867861977 2.1386020546 2.5547350044
0.4130000000 0.2043046913 0.9867626534 2.1387756386 2.5550342293
0.4140000000 0.2047505455 0.9867394447 2.1389495277 2.5553339958
0.4150000000 0.2051961250 0.9867165489 2.1391237297 2.5556343117
0.4160000000 0.2056414375 0.9866939888 2.1392982292 2.5559351768
0.4170000000 0.2060864830 0.9866717567 2.1394730415 2.5562365837
0.4180000000 0.2065312538 0.9866498528 2.1396481590 2.5565385399
0.4190000000 0.2069757652 0.9866282921 2.1398235817 2.5568410378
0.4200000000 0.2074200096 0.9866070595 2.1399993019 2.5571440773
0.4210000000 0.2078639946 0.9865861778 2.1401753349 2.5574476662
0.4220000000 0.2083077202 0.9865656319 2.1403516655 2.5577517891
0.4230000000 0.2087511787 0.9865454292 2.1405283012 2.5580564537
0.4240000000 0.2091943855 0.9865255775 2.1407052422 2.5583616524
0.4250000000 0.2096373329 0.9865060692 2.1408824806 2.5586674004
0.4260000000 0.2100800285 0.9864869194 2.1410600166 2.5589736748
0.4270000000 0.2105224648 0.9864681282 2.1412378578 2.5592804909
0.4280000000 0.2109646568 0.9864496880 2.1414159966 2.5595878410
0.4290000000 0.2114065971 0.9864316139 2.1415944328 2.5598957253
0.4300000000 0.2118482933 0.9864138985 2.1417731743 2.5602041435
0.4310000000 0.2122897453 0.9863965492 2.1419522133 2.5605130882
0.4320000000 0.2127309532 0.9863795662 2.1421315422 2.5608225670
0.4330000000 0.2131719170 0.9863629494 2.1423111763 2.5611325798
0.4340000000 0.2136126442 0.9863467140 2.1424911003 2.5614431190
0.4350000000 0.2140531349 0.9863308525 2.1426713295 2.5617541847
0.4360000000 0.2144933891 0.9863153648 2.1428518486 2.5620657845
0.4370000000 0.2149334145 0.9863002586 2.1430326653 2.5623779030
0.4380000000 0.2153732109 0.9862855339 2.1432137718 2.5626905479
0.4390000000 0.2158127785 0.9862711983 2.1433951759 2.5630037193
0.4400000000 0.2162521248 0.9862572517 2.1435768700 2.5633174171
0.4410000000 0.2166912498 0.9862436943 2.1437588615 2.5636316338
0.4420000000 0.2171301537 0.9862305260 2.1439411430 2.5639463692
0.4430000000 0.2175688362 0.9862177544 2.1441237221 2.5642616234
0.4440000000 0.2180073128 0.9862053871 2.1443065834 2.5645774040
0.4450000000 0.2184455757 0.9861934166 2.1444897423 2.5648936958
0.4460000000 0.2188836327 0.9861818504 2.1446731911 2.5652105141
0.4470000000 0.2193214836 0.9861706886 2.1448569298 2.5655278435
0.4480000000 0.2197591362 0.9861599312 2.1450409584 2.5658456841
0.4490000000 0.2201965904 0.9861495934 2.1452252693 2.5661640434
0.4500000000 0.2206338463 0.9861396599 2.1454098778 2.5664829140
0.4510000000 0.2210709114 0.9861301537 2.1455947685 2.5668023033
0.4520000000 0.2215077858 0.9861210594 2.1457799492 2.5671221962
0.4530000000 0.2219444847 0.9861123848 2.1459654121 2.5674426079
0.4540000000 0.2223809929 0.9861041374 2.1461511650 2.5677635231
0.4550000000 0.2228173332 0.9860963173 2.1463372002 2.5680849495
0.4560000000 0.2232534904 0.9860889244 2.1465235252 2.5684068794
0.4570000000 0.2236894875 0.9860819588 2.1467101326 2.5687293205
0.4580000000 0.2241253090 0.9860754356 2.1468970299 2.5690522652
0.4590000000 0.2245609779 0.9860693398 2.1470842018 2.5693757133
0.4600000000 0.2249964867 0.9860636940 2.1472716637 2.5696996727
0.4610000000 0.2254318428 0.9860584831 2.1474594078 2.5700241280
0.4620000000 0.2258670540 0.9860537148 2.1476474342 2.5703490868
0.4630000000 0.2263021202 0.9860493965 2.1478357353 2.5706745491
0.4640000000 0.2267370491 0.9860455284 2.1480243263 2.5710005074
0.4650000000 0.2271718407 0.9860421104 2.1482131920 2.5713269691
0.4660000000 0.2276065025 0.9860391502 2.1484023399 2.5716539192
0.4670000000 0.2280410423 0.9860366402 2.1485917702 2.5719813728
0.4680000000 0.2284754677 0.9860345955 2.1487814827 2.5723093224
0.4690000000 0.2289097710 0.9860330086 2.1489714699 2.5726377678
0.4700000000 0.2293439751 0.9860318947 2.1491617317 2.5729667091
0.4710000000 0.2297780724 0.9860312386 2.1493522758 2.5732961388
0.4720000000 0.2302120705 0.9860310631 2.1495430946 2.5736260643
0.4730000000 0.2306459846 0.9860313530 2.1497341957 2.5739564857
0.4740000000 0.2310798073 0.9860321159 2.1499255638 2.5742873878
0.4750000000 0.2315135612 0.9860333595 2.1501172142 2.5746187859
0.4760000000 0.2319472389 0.9860350838 2.1503091393 2.5749506721
0.4770000000 0.2323808479 0.9860372963 2.1505013390 2.5752830391
0.4780000000 0.2328144035 0.9860399818 2.1506938133 2.5756158943
0.4790000000 0.2332479134 0.9860431633 2.1508865623 2.5759492455
0.4800000000 0.2336813698 0.9860468330 2.1510795860 2.5762830696
0.4810000000 0.2341147957 0.9860509987 2.1512728767 2.5766173820
0.4820000000 0.2345481911 0.9860556602 2.1514664497 2.5769521751
0.4830000000 0.2349815636 0.9860608177 2.1516602898 2.5772874489
0.4840000000 0.2354149284 0.9860664787 2.1518543968 2.5776232109
0.4850000000 0.2358482857 0.9860726357 2.1520487785 2.5779594460
0.4860000000 0.2362816429 0.9860793037 2.1522434349 2.5782961617
0.4870000000 0.2367150154 0.9860864830 2.1524383583 2.5786333580
0.4880000000 0.2371484184 0.9860941658 2.1526335487 2.5789710274
0.4890000000 0.2375818443 0.9861023674 2.1528290062 2.5793091774
0.4900000000 0.2380153084 0.9861110878 2.1530247383 2.5796478004
0.4910000000 0.2384488335 0.9861203194 2.1532207375 2.5799868965
0.4920000000 0.2388824120 0.9861300774 2.1534170036 2.5803264656
0.4930000000 0.2393160667 0.9861403542 2.1536135368 2.5806665077
0.4940000000 0.2397498055 0.9861511650 2.1538103447 2.5810070229
0.4950000000 0.2401836357 0.9861624947 2.1540074120 2.5813480034
0.4960000000 0.2406175728 0.9861743660 2.1542047462 2.5816894569
0.4970000000 0.2410516243 0.9861867638 2.1544023399 2.5820313759
0.4980000000 0.2414858055 0.9861997032 2.1546002083 2.5823737679
0.4990000000 0.2419201393 0.9862131767 2.1547983360 2.5827166252
0.5000000000 0.2423546257 0.9862271996 2.1549967308 2.5830599480
0.5010000000 0.2427892799 0.9862417564 2.1551953850 2.5834037361
0.5020000000 0.2432241173 0.9862568703 2.1553943062 2.5837479820
0.5030000000 0.2436591606 0.9862725258 2.1555934868 2.5840927010
0.5040000000 0.2440944176 0.9862887383 2.1557929344 2.5844378777
0.5050000000 0.2445299034 0.9863055000 2.1559926414 2.5847835121
0.5060000000 0.2449656410 0.9863228188 2.1561926079 2.5851296120
0.5070000000 0.2454016380 0.9863407021 2.1563928337 2.5854761696
0.5080000000 0.2458379250 0.9863591423 2.1565933266 2.5858231850
0.5090000000 0.2462745094 0.9863781471 2.1567940788 2.5861706581
0.5100000000 0.2467114220 0.9863977242 2.1569950905 2.5865185814
0.5110000000 0.2471486778 0.9864178658 2.1571963539 2.5868669701
0.5120000000 0.2475862923 0.9864385796 2.1573978844 2.5872158089
0.5130000000 0.2480242958 0.9864598656 2.1575996742 2.5875651054
0.5140000000 0.2484627113 0.9864817314 2.1578017159 2.5879148521
0.5150000000 0.2489015617 0.9865041847 2.1580040169 2.5882650490
0.5160000000 0.2493408699 0.9865272102 2.1582065773 2.5886156960
0.5170000000 0.2497806740 0.9865508232 2.1584093895 2.5889667931
0.5180000000 0.2502209892 0.9865750237 2.1586124611 2.5893183479
0.5190000000 0.2506618538 0.9865998116 2.1588157921 2.5896703377
0.5200000000 0.2511032982 0.9866251945 2.1590193748 2.5900227852
0.5210000000 0.2515453606 0.9866511650 2.1592232094 2.5903756752
0.5220000000 0.2519880714 0.9866777382 2.1594273033 2.5907290154
0.5230000000 0.2524314766 0.9867049141 2.1596316490 2.5910827904
0.5240000000 0.2528756142 0.9867326851 2.1598362465 2.5914370155
0.5250000000 0.2533205299 0.9867610664 2.1600411034 2.5917916832
0.5260000000 0.2537662697 0.9867900505 2.1602462044 2.5921467934
0.5270000000 0.2542128868 0.9868196449 2.1604515648 2.5925023460
0.5280000000 0.2546604347 0.9868498573 2.1606571770 2.5928583336
0.5290000000 0.2551089897 0.9868806801 2.1608630409 2.5932147636
0.5300000000 0.2555586052 0.9869121132 2.1610691490 2.5935716362
0.5310000000 0.2560093651 0.9869441719 2.1612755165 2.5939289360
0.5320000000 0.2564613533 0.9869768562 2.1614821281 2.5942866783
0.5330000000 0.2569146690 0.9870101585 2.1616889915 2.5946448555
0.5340000000 0.2573694115 0.9870440941 2.1618961067 2.5950034676
0.5350000000 0.2578257256 0.9870786552 2.1621034660 2.5953625145
0.5360000000 0.2582837410 0.9871138420 2.1623110771 2.5957219963
0.5370000000 0.2587436485 0.9871496696 2.1625189323 2.5960819054
0.5380000000 0.2592056770 0.9871861382 2.1627270393 2.5964422493
0.5390000000 0.2596701012 0.9872232399 2.1629353981 2.5968030205
0.5400000000 0.2601373100 0.9872609825 2.1631440010 2.5971642265
0.5410000000 0.2606078835 0.9872993660 2.1633528481 2.5975258598
0.5420000000 0.2610827599 0.9873384056 2.1635619392 2.5978879128
0.5430000000 0.2615641670 0.9873780861 2.1637712822 2.5982504005
0.5440000000 0.2620539665 0.9874184227 2.1639808617 2.5986133156
0.5450000000 0.2625328026 0.9874594078 2.1641906929 2.5989766502
0.5460000000 0.2630048103 0.9875010490 2.1644007683 2.5993404045
0.5470000000 0.2634716682 0.9875433540 2.1646110878 2.5997045937
0.5480000000 0.2639341621 0.9875863152 2.1648216515 2.6000691948
0.5490000000 0.2643927574 0.9876299477 2.1650324593 2.6004342232
0.5500000000 0.2648477821 0.9876742363 2.1652435036 2.6007996712
0.5510000000 0.2652994957 0.9877191963 2.1654547997 2.6011655388
0.5520000000 0.2657480888 0.9877648277 2.1656663322 2.6015318260
0.5530000000 0.2661937141 0.9878111305 2.1658781090 2.6018985329
0.5540000000 0.2666365166 0.9878581123 2.1660901222 2.6022656517
0.5550000000 0.2670766106 0.9879057655 2.1663023796 2.6026331902
0.5560000000 0.2675140953 0.9879541054 2.1665148811 2.6030011406
0.5570000000 0.2679490700 0.9880031242 2.1667276192 2.6033695107
0.5580000000 0.2683816109 0.9880528297 2.1669405937 2.6037382927
0.5590000000 0.2688118019 0.9881032219 2.1671538124 2.6041074867
0.5600000000 0.2692397041 0.9881543007 2.1673672752 2.6044770927
0.5610000000 0.2696653786 0.9882060738 2.1675809669 2.6048471107
0.5620000000 0.2700889015 0.9882585335 2.1677949028 2.6052175407
0.5630000000 0.2705103111 0.9883117027 2.1680090752 2.6055883751
0.5640000000 0.2709296684 0.9883655586 2.1682234840 2.6059596214
0.5650000000 0.2713470192 0.9884201241 2.1684381371 2.6063312721
0.5660000000 0.2717624016 0.9884753914 2.1686530190 2.6067033348
0.5670000000 0.2721758690 0.9885313606 2.1688681374 2.6070758018
0.5680000000 0.2725874519 0.9885880394 2.1690834999 2.6074486732
0.5690000000 0.2729971962 0.9886454277 2.1692990913 2.6078219414
0.5700000000 0.2734051323 0.9887035332 2.1695149193 2.6081956215
0.5710000000 0.2738112984 0.9887623558 2.1697309837 2.6085697060
0.5720000000 0.2742157173 0.9888218880 2.1699472771 2.6089441872
0.5730000000 0.2746184273 0.9888821449 2.1701638069 2.6093190727
0.5740000000 0.2750194435 0.9889431190 2.1703805733 2.6096943550
0.5750000000 0.2754188118 0.9890048180 2.1705975761 2.6100700340
0.5760000000 0.2758165398 0.9890672493 2.1708148079 2.6104461174
0.5770000000 0.2762126579 0.9891304054 2.1710322762 2.6108225975
0.5780000000 0.2766071892 0.9891942863 2.1712499733 2.6111994667
0.5790000000 0.2770001488 0.9892589073 2.1714678993 2.6115767403
0.5800000000 0.2773915672 0.9893242683 2.1716860619 2.6119544029
0.5810000000 0.2777814522 0.9893903618 2.1719044533 2.6123324623
0.5820000000 0.2781698265 0.9894571877 2.1721230812 2.6127109184
0.5830000000 0.2785567055 0.9895247688 2.1723419380 2.6130897636
0.5840000000 0.2789421043 0.9895930824 2.1725610237 2.6134689980
0.5850000000 0.2793260384 0.9896621513 2.1727803383 2.6138486290
0.5860000000 0.2797085228 0.9897319679 2.1729998817 2.6142286491
0.5870000000 0.2800895653 0.9898025322 2.1732196541 2.6146090584
0.5880000000 0.2804691811 0.9898738518 2.1734396553 2.6149898491
0.5890000000 0.2808473854 0.9899459267 2.1736598854 2.6153710365
0.5900000000 0.2812241783 0.9900187569 2.1738803520 2.6157526054
0.5910000000 0.2815995827 0.9900923500 2.1741010399 2.6161345558
0.5920000000 0.2819735985 0.9901666985 2.1743219490 2.6165168953
0.5930000000 0.2823462410 0.9902418175 2.1745430946 2.6168996239
0.5940000000 0.2827175102 0.9903176994 2.1747644615 2.6172827339
0.5950000000 0.2830874214 0.9903943520 2.1749860573 2.6176662254
0.5960000000 0.2834559822 0.9904717751 2.1752078819 2.6180500984
0.5970000000 0.2838231926 0.9905499687 2.1754299278 2.6184343452
0.5980000000 0.2841890602 0.9906289406 2.1756522026 2.6188189812
0.5990000000 0.2845535851 0.9907086830 2.1758746986 2.6192039986
0.6000000000 0.2849167824 0.9907892113 2.1760974236 2.6195893898
0.6010000000 0.2852786598 0.9908705177 2.1763203697 2.6199751549
0.6020000000 0.2856392097 0.9909526024 2.1765435448 2.6203613014
0.6030000000 0.2859984398 0.9910354805 2.1767669334 2.6207478218
0.6040000000 0.2863563576 0.9911191444 2.1769905586 2.6211347237
0.6050000000 0.2867129555 0.9912035942 2.1772143974 2.6215219917
0.6060000000 0.2870682487 0.9912888374 2.1774384651 2.6219096413
0.6070000000 0.2874222374 0.9913748741 2.1776627464 2.6222976570
0.6080000000 0.2877749214 0.9914617043 2.1778872566 2.6226860466
0.6090000000 0.2881262932 0.9915493355 2.1781119881 2.6230748100
0.6100000000 0.2884763680 0.9916377602 2.1783369408 2.6234639473
0.6110000000 0.2888251457 0.9917269936 2.1785621147 2.6238534508
0.6120000000 0.2891726189 0.9918170280 2.1787875099 2.6242433205
0.6130000000 0.2895187950 0.9919078712 2.1790131264 2.6246335564
0.6140000000 0.2898636665 0.9919995155 2.1792389641 2.6250241661
0.6150000000 0.2902072411 0.9920919762 2.1794650230 2.6254151421
0.6160000000 0.2905495186 0.9921852455 2.1796912956 2.6258064766
0.6170000000 0.2908904991 0.9922793312 2.1799177895 2.6261981850
0.6180000000 0.2912301750 0.9923742332 2.1801445045 2.6265902519
0.6190000000 0.2915685539 0.9924699440 2.1803714333 2.6269826851
0.6200000000 0.2919056282 0.9925664864 2.1805985832 2.6273754768
0.6210000000 0.2922414055 0.9926638451 2.1808259544 2.6277686348
0.6220000000 0.2925758705 0.9927620201 2.1810535393 2.6281621513
0.6230000000 0.2929090385 0.9928610344 2.1812813454 2.6285560265
0.6240000000 0.2932408943 0.9929608650 2.1815093651 2.6289502678
0.6250000000 0.2935714378 0.9930615273 2.1817376060 2.6293448601
0.6260000000 0.2939006767 0.9931630287 2.1819660530 2.6297398186
0.6270000000 0.2942285957 0.9932653542 2.1821947289 2.6301351280
0.6280000000 0.2945552025 0.9933685188 2.1824236107 2.6305307961
0.6290000000 0.2948804893 0.9934725151 2.1826527138 2.6309268227
0.6300000000 0.2952044563 0.9935773582 2.1828820305 2.6313232002
0.6310000000 0.2955271034 0.9936830330 2.1831115608 2.6317199364
0.6320000000 0.2958484230 0.9937895622 2.1833413124 2.6321170158
0.6330000000 0.2961684074 0.9938969231 2.1835712700 2.6325144615
0.6340000000 0.2964870644 0.9940051384 2.1838014412 2.6329122505
0.6350000000 0.2968043861 0.9941142006 2.1840318336 2.6333103905
0.6360000000 0.2971203651 0.9942241096 2.1842624321 2.6337088814
0.6370000000 0.2974350014 0.9943348732 2.1844932518 2.6341077232
0.6380000000 0.2977482948 0.9944464912 2.1847242775 2.6345069160
0.6390000000 0.2980602379 0.9945589561 2.1849555168 2.6349064522
0.6400000000 0.2983708305 0.9946722908 2.1851869698 2.6353063393
0.6410000000 0.2986800575 0.9947864723 2.1854186363 2.6357065773
0.6420000000 0.2989879265 0.9949015236 2.1856505089 2.6361071510
0.6430000000 0.2992944374 0.9950174294 2.1858826027 2.6365080757
0.6440000000 0.2995995674 0.9951342049 2.1861149025 2.6369093437
0.6450000000 0.2999033318 0.9952518425 2.1863474083 2.6373109550
0.6460000000 0.3002057152 0.9953703499 2.1865801277 2.6377129097
0.6470000000 0.3005067101 0.9954897270 2.1868130608 2.6381152077
0.6480000000 0.3008063240 0.9956099739 2.1870461998 2.6385178490
0.6490000000 0.3011045494 0.9957310982 2.1872795525 2.6389208260
0.6500000000 0.3014013710 0.9958530922 2.1875131111 2.6393241463
0.6510000000 0.3016967964 0.9959759636 2.1877468758 2.6397278023
0.6520000000 0.3019908104 0.9960997124 2.1879808540 2.6401318016
0.6530000000 0.3022834206 0.9962243385 2.1882150459 2.6405361366
0.6540000000 0.3025746040 0.9963498497 2.1884494362 2.6409408073
0.6550000000 0.3028643761 0.9964762383 2.1886840401 2.6413458138
0.6560000000 0.3031527214 0.9966035118 2.1889188499 2.6417511635
0.6570000000 0.3034396324 0.9967316780 2.1891538658 2.6421568413
0.6580000000 0.3037251091 0.9968607292 2.1893890877 2.6425628471
0.6590000000 0.3040091438 0.9969906654 2.1896245232 2.6429691963
0.6600000000 0.3042917290 0.9971214943 2.1898601570 2.6433758736
0.6610000000 0.3045728645 0.9972532158 2.1900960045 2.6437828865
0.6620000000 0.3048525429 0.9973858299 2.1903320580 2.6441902275
0.6630000000 0.3051307564 0.9975193443 2.1905683098 2.6445978966
0.6640000000 0.3054074974 0.9976537514 2.1908047752 2.6450059013
0.6650000000 0.3056827660 0.9977890587 2.1910414391 2.6454142342
0.6660000000 0.3059565620 0.9979252663 2.1912783165 2.6458228874
0.6670000000 0.3062288628 0.9980623741 2.1915153923 2.6462318764
0.6680000000 0.3064996758 0.9982003822 2.1917526741 2.6466411934
0.6690000000 0.3067689934 0.9983392982 2.1919901543 2.6470508308
0.6700000000 0.3070368004 0.9984791222 2.1922278481 2.6474607964
0.6710000000 0.3073031044 0.9986198540 2.1924657402 2.6478710899
0.6720000000 0.3075678902 0.9987614937 2.1927038383 2.6482817039
0.6730000000 0.3078311577 0.9989040413 2.1929421349 2.6486926384
0.6740000000 0.3080928993 0.9990475044 2.1931806374 2.6491039009
0.6750000000 0.3083531075 0.9991918755 2.1934193459 2.6495154839
0.6760000000 0.3086117744 0.9993371696 2.1936582527 2.6499273872
0.6770000000 0.3088688927 0.9994833717 2.1938973579 2.6503396111
0.6780000000 0.3091244621 0.9996304970 2.1941366692 2.6507521553
0.6790000000 0.3093784752 0.9997785378 2.1943761864 2.6511650200
0.6800000000 0.3096309242 0.9999275017 2.1946159019 2.6515782051
0.6810000000 0.3098818016 1.0000773888 2.1948558159 2.6519917030
0.6820000000 0.3101310997 1.0002281990 2.1950959282 2.6524055214
0.6830000000 0.3103788185 1.0003799324 2.1953362465 2.6528196526
0.6840000000 0.3106249504 1.0005325890 2.1955767632 2.6532341042
0.6850000000 0.3108694801 1.0006861763 2.1958174782 2.6536488686
0.6860000000 0.3111124077 1.0008406868 2.1960583992 2.6540639458
0.6870000000 0.3113537331 1.0009961281 2.1962995186 2.6544793434
0.6880000000 0.3115934410 1.0011525078 2.1965408287 2.6548950462
0.6890000000 0.3118315239 1.0013098183 2.1967823448 2.6553110619
0.6900000000 0.3120679817 1.0014680595 2.1970240593 2.6557273979
0.6910000000 0.3123027992 1.0016272316 2.1972659721 2.6561440392
0.6920000000 0.3125359840 1.0017873421 2.1975080833 2.6565609856
0.6930000000 0.3127675133 1.0019483910 2.1977503929 2.6569782524
0.6940000000 0.3129973946 1.0021103859 2.1979929008 2.6573958168
0.6950000000 0.3132256126 1.0022733116 2.1982356071 2.6578136940
0.6960000000 0.3134521599 1.0024371834 2.1984785042 2.6582318840
0.6970000000 0.3136770363 1.0026019936 2.1987216072 2.6586503792
0.6980000000 0.3139002266 1.0027677498 2.1989649010 2.6590691795
0.6990000000 0.3141217384 1.0029344521 2.1992083931 2.6594882851
0.7000000000 0.3143415489 1.0031020927 2.1994520836 2.6599076881
0.7010000000 0.3145596581 1.0032706871 2.1996959648 2.6603274040
0.7020000000 0.3147760582 1.0034402275 2.1999400444 2.6607474251
0.7030000000 0.3149907417 1.0036107216 2.2001843224 2.6611677437
0.7040000000 0.3152037086 1.0037821617 2.2004287987 2.6615883675
0.7050000000 0.3154149437 1.0039545479 2.2006734657 2.6620092964
0.7060000000 0.3156244392 1.0041278954 2.2009183235 2.6624305229
0.7070000000 0.3158322029 1.0043021965 2.2011633797 2.6628520470
0.7080000000 0.3160382118 1.0044774437 2.2014086342 2.6632738762
0.7090000000 0.3162424660 1.0046536522 2.2016540794 2.6636960030
0.7100000000 0.3164449501 1.0048308220 2.2018997231 2.6641184273
0.7110000000 0.3166456718 1.0050089455 2.2021455498 2.6645411491
0.7120000000 0.3168446159 1.0051880226 2.2023915825 2.6649641685
0.7130000000 0.3170417824 1.0053680687 2.2026377983 2.6653874779
0.7140000000 0.3172371559 1.0055490685 2.2028842125 2.6658110924
0.7150000000 0.3174307289 1.0057310371 2.2031308250 2.6662349968
0.7160000000 0.3176225014 1.0059139595 2.2033776207 2.6666591988
0.7170000000 0.3178124580 1.0060978508 2.2036246147 2.6670836983
0.7180000000 0.3180005989 1.0062827110 2.2038717995 2.6675084877
0.7190000000 0.3181869240 1.0064685326 2.2041191750 2.6679335670
0.7200000000 0.3183714104 1.0066553230 2.2043667412 2.6683589439
0.7210000000 0.3185540581 1.0068430748 2.2046145058 2.6687846031
0.7220000000 0.3187348671 1.0070318031 2.2048624535 2.6692105598
0.7230000000 0.3189138145 1.0072214928 2.2051105995 2.6696368065
0.7240000000 0.3190909157 1.0074121590 2.2053589287 2.6700633430
0.7250000000 0.3192661400 1.0076037941 2.2056074562 2.6704901695
0.7260000000 0.3194395027 1.0077964058 2.2058561668 2.6709172783
0.7270000000 0.3196109810 1.0079899788 2.2061050682 2.6713446846
0.7280000000 0.3197805748 1.0081845360 2.2063541679 2.6717723656
0.7290000000 0.3199482765 1.0083800621 2.2066034508 2.6722003441
0.7300000000 0.3201140862 1.0085765648 2.2068529243 2.6726286049
0.7310000000 0.3202779808 1.0087740440 2.2071025887 2.6730571480
0.7320000000 0.3204399681 1.0089725075 2.2073524437 2.6734859810
0.7330000000 0.3206000404 1.0091719398 2.2076024818 2.6739150887
0.7340000000 0.3207581825 1.0093723488 2.2078527107 2.6743444862
0.7350000000 0.3209143944 1.0095737419 2.2081031303 2.6747741661
0.7360000000 0.3210686607 1.0097761116 2.2083537407 2.6752041283
0.7370000000 0.3212209892 1.0099794655 2.2086045341 2.6756343727
0.7380000000 0.3213713646 1.0101838036 2.2088555183 2.6760648994
0.7390000000 0.3215197868 1.0103891182 2.2091066933 2.6764957008
0.7400000000 0.3216662407 1.0105954170 2.2093580513 2.6769267921
0.7410000000 0.3218107185 1.0108027000 2.2096095924 2.6773581505
0.7420000000 0.3219532280 1.0110109673 2.2098613319 2.6777897987
0.7430000000 0.3220937462 1.0112202187 2.2101132469 2.6782217140
0.7440000000 0.3222322807 1.0114304543 2.2103653526 2.6786539116
0.7450000000 0.3223688164 1.0116416740 2.2106176491 2.6790863838
0.7460000000 0.3225033531 1.0118538857 2.2108701286 2.6795191383
0.7470000000 0.3226358757 1.0120670815 2.2111227913 2.6799521599
0.7480000000 0.3227663841 1.0122812691 2.2113756447 2.6803854637
0.7490000000 0.3228948784 1.0124964409 2.2116286812 2.6808190422
0.7500000000 0.3230213432 1.0127126045 2.2118819084 2.6812528877
0.7510000000 0.3231457710 1.0129297523 2.2121353111 2.6816870079
0.7520000000 0.3232681694 1.0131478996 2.2123889046 2.6821214027
0.7530000000 0.3233885155 1.0133670311 2.2126426811 2.6825560722
0.7540000000 0.3235068169 1.0135871544 2.2128966484 2.6829910088
0.7550000000 0.3236230583 1.0138082695 2.2131507912 2.6834262199
0.7560000000 0.3237372398 1.0140303764 2.2134051247 2.6838616982
0.7570000000 0.3238493538 1.0142534752 2.2136596413 2.6842974510
0.7580000000 0.3239594002 1.0144775734 2.2139143410 2.6847334709
0.7590000000 0.3240673637 1.0147026634 2.2141692238 2.6851697578
0.7600000000 0.3241732445 1.0149287453 2.2144242897 2.6856063118
0.7610000000 0.3242770348 1.0151558189 2.2146795387 2.6860431328
0.7620000000 0.3243787346 1.0153838921 2.2149349709 2.6864802208
0.7630000000 0.3244783363 1.0156129570 2.2151905861 2.6869175758
0.7640000000 0.3245758324 1.0158430214 2.2154463844 2.6873551979
0.7650000000 0.3246712227 1.0160740776 2.2157023659 2.6877930870
0.7660000000 0.3247644997 1.0163061333 2.2159585304 2.6882312355
0.7670000000 0.3248556557 1.0165391884 2.2162148705 2.6886696510
0.7680000000 0.3249446907 1.0167732353 2.2164714012 2.6891083260
0.7690000000 0.3250315971 1.0170082893 2.2167281075 2.6895472679
0.7700000000 0.3251163750 1.0172443352 2.2169849968 2.6899864693
0.7710000000 0.3251990166 1.0174813805 2.2172420692 2.6904259377
0.7720000000 0.3252795143 1.0177194176 2.2174993248 2.6908656654
0.7730000000 0.3253578682 1.0179584618 2.2177567558 2.6913056526
0.7740000000 0.3254340706 1.0181985054 2.2180143700 2.6917458992
0.7750000000 0.3255081291 1.0184395485 2.2182721672 2.6921864052
0.7760000000 0.3255800209 1.0186815834 2.2185301476 2.6926271706
0.7770000000 0.3256497612 1.0189246254 2.2187883034 2.6930681953
0.7780000000 0.3257173424 1.0191686668 2.2190466347 2.6935094719
0.7790000000 0.3257827492 1.0194137077 2.2193051567 2.6939510155
0.7800000000 0.3258459892 1.0196597557 2.2195638466 2.6943928108
0.7810000000 0.3259070549 1.0199067955 2.2198227272 2.6948348656
0.7820000000 0.3259659538 1.0201548424 2.2200817833 2.6952771721
0.7830000000 0.3260226707 1.0204038887 2.2203410149 2.6957197304
0.7840000000 0.3260772057 1.0206539345 2.2206004295 2.6961625481
0.7850000000 0.3261295586 1.0209049873 2.2208600197 2.6966056252
0.7860000000 0.3261797295 1.0211570320 2.2211197853 2.6970489464
0.7870000000 0.3262277107 1.0214100914 2.2213797340 2.6974925270
0.7880000000 0.3262735023 1.0216641426 2.2216398659 2.6979363594
0.7890000000 0.3263171043 1.0219192009 2.2219001732 2.6983804359
0.7900000000 0.3263585243 1.0221752586 2.2221606560 2.6988247719
0.7910000000 0.3263977394 1.0224323235 2.2224213142 2.6992693596
0.7920000000 0.3264347725 1.0226903877 2.2226821480 2.6997141914
0.7930000000 0.3264696083 1.0229494514 2.2229431648 2.7001592827
0.7940000000 0.3265022469 1.0232095222 2.2232043571 2.7006046104
0.7950000000 0.3265326958 1.0234706001 2.2234657326 2.7010501976
0.7960000000 0.3265609474 1.0237326698 2.2237272758 2.7014960289
0.7970000000 0.3265870094 1.0239957542 2.2239890022 2.7019421043
0.7980000000 0.3266108742 1.0242598305 2.2242508965 2.7023884315
0.7990000000 0.3266325417 1.0245249138 2.2245129738 2.7028350105
0.8000000000 0.3266520271 1.0247910042 2.2247752266 2.7032818260
0.8010000000 0.3266693230 1.0250580864 2.2250376549 2.7037288933
0.8020000000 0.3266844292 1.0253261833 2.2253002586 2.7041762047
0.8030000000 0.3266973457 1.0255952721 2.2255630379 2.7046237602
0.8040000000 0.3267080803 1.0258653679 2.2258259926 2.7050715523
0.8050000000 0.3267166405 1.0261364708 2.2260891228 2.7055195961
0.8060000000 0.3267230186 1.0264085732 2.2263524284 2.7059678841
0.8070000000 0.3267272224 1.0266816750 2.2266159096 2.7064164085
0.8080000000 0.3267292595 1.0269557838 2.2268795662 2.7068651848
0.8090000000 0.3267291298 1.0272308922 2.2271433983 2.7073141975
0.8100000000 0.3267268410 1.0275070000 2.2274073982 2.7077634468
0.8110000000 0.3267224007 1.0277841148 2.2276715813 2.7082129402
0.8120000000 0.3267158012 1.0280622215 2.2279359322 2.7086626701
0.8130000000 0.3267070656 1.0283413429 2.2282004585 2.7091126442
0.8140000000 0.3266961937 1.0286214561 2.2284651604 2.7095628624
0.8150000000 0.3266831932 1.0289025764 2.2287300301 2.7100133095
0.8160000000 0.3266680641 1.0291846886 2.2289950829 2.7104640007
0.8170000000 0.3266508293 1.0294678154 2.2292603035 2.7109149284
0.8180000000 0.3266314812 1.0297519341 2.2295256920 2.7113660851
0.8190000000 0.3266100426 1.0300370522 2.2297912636 2.7118174858
0.8200000000 0.3265865211 1.0303231697 2.2300570030 2.7122691231
0.8210000000 0.3265609169 1.0306102943 2.2303229103 2.7127209969
0.8220000000 0.3265332527 1.0308984108 2.2305890007 2.7131731071
0.8230000000 0.3265035362 1.0311875343 2.2308552513 2.7136254463
0.8240000000 0.3264717827 1.0314776497 2.2311216850 2.7140780220
0.8250000000 0.3264380074 1.0317687645 2.2313882866 2.7145308266
0.8260000000 0.3264022179 1.0320608788 2.2316550560 2.7149838753
0.8270000000 0.3263644295 1.0323539925 2.2319220009 2.7154371452
0.8280000000 0.3263246651 1.0326481056 2.2321891212 2.7158906593
0.8290000000 0.3262829399 1.0329432182 2.2324564018 2.7163443947
0.8300000000 0.3262392693 1.0332393227 2.2327238655 2.7167983665
0.8310000000 0.3261936684 1.0335364265 2.2329914894 2.7172525673
0.8320000000 0.3261461678 1.0338345222 2.2332592964 2.7177069969
0.8330000000 0.3260967751 1.0341336174 2.2335272636 2.7181616631
0.8340000000 0.3260455208 1.0344337120 2.2337954063 2.7186165504
0.8350000000 0.3259924355 1.0347347984 2.2340637169 2.7190716743
0.8360000000 0.3259375267 1.0350368767 2.2343321953 2.7195270195
0.8370000000 0.3258808327 1.0353399544 2.2346008492 2.7199825935
0.8380000000 0.3258223763 1.0356440239 2.2348696709 2.7204384041
0.8390000000 0.3257621880 1.0359490852 2.2351386604 2.7208944283
0.8400000000 0.3257002983 1.0362551460 2.2354078255 2.7213506889
0.8410000000 0.3256367378 1.0365621910 2.2356771584 2.7218071709
0.8420000000 0.3255715446 1.0368702354 2.2359466591 2.7222638817
0.8430000000 0.3255047493 1.0371792717 2.2362163277 2.7227208138
0.8440000000 0.3254363899 1.0374892921 2.2364861641 2.7231779747
0.8450000000 0.3253665123 1.0378003120 2.2367561684 2.7236353569
0.8460000000 0.3252951546 1.0381123161 2.2370263405 2.7240929680
0.8470000000 0.3252223549 1.0384253120 2.2372966881 2.7245508003
0.8480000000 0.3251481667 1.0387392921 2.2375672035 2.7250088539
0.8490000000 0.3250726357 1.0390542717 2.2378378792 2.7254671288
0.8500000000 0.3249958153 1.0393702278 2.2381087303 2.7259256248
0.8510000000 0.3249177666 1.0396871834 2.2383797417 2.7263843498
0.8520000000 0.3248385353 1.0400051155 2.2386509285 2.7268432884
0.8530000000 0.3247581902 1.0403240395 2.2389222832 2.7273024483
0.8540000000 0.3246767998 1.0406439476 2.2391937981 2.7277618294
0.8550000000 0.3245944252 1.0409648399 2.2394654884 2.7282214317
0.8560000000 0.3245111427 1.0412867241 2.2397373390 2.7286812553
0.8570000000 0.3244270287 1.0416095848 2.2400093575 2.7291412926
0.8580000000 0.3243421669 1.0419334297 2.2402815437 2.7296015511
0.8590000000 0.3242566490 1.0422582588 2.2405538979 2.7300620308
0.8600000000 0.3241705589 1.0425840721 2.2408264198 2.7305227242
0.8610000000 0.3240839958 1.0429108696 2.2410991096 2.7309836388
0.8620000000 0.3239970741 1.0432386436 2.2413719597 2.7314447670
0.8630000000 0.3239099007 1.0435673943 2.2416449776 2.7319061089
0.8640000000 0.3238225899 1.0438971291 2.2419181633 2.7323676720
0.8650000000 0.3237352867 1.0442278404 2.2421915092 2.7328294487
0.8660000000 0.3236481133 1.0445595360 2.2424650307 2.7332914391
0.8670000000 0.3235612297 1.0448922005 2.2427387123 2.7337536430
0.8680000000 0.3234747963 1.0452258492 2.2430125542 2.7342160606
0.8690000000 0.3233889732 1.0455604668 2.2432865715 2.7346786919
0.8700000000 0.3233039665 1.0458960686 2.2435607491 2.7351415443
0.8710000000 0.3232199593 1.0462326393 2.2438350868 2.7356046028
0.8720000000 0.3231371880 1.0465701790 2.2441095924 2.7360678749
0.8730000000 0.3230558968 1.0469087029 2.2443842659 2.7365313606
0.8740000000 0.3229763374 1.0472481880 2.2446590996 2.7369950523
0.8750000000 0.3228988075 1.0475886497 2.2449341011 2.7374589577
0.8760000000 0.3228236351 1.0479300880 2.2452092705 2.7379230766
0.8770000000 0.3227511864 1.0482724876 2.2454845924 2.7383874016
0.8780000000 0.3226818581 1.0486158562 2.2457600899 2.7388519402
0.8790000000 0.3226161156 1.0489602013 2.2460357399 2.7393166924
0.8800000000 0.3225544853 1.0493055077 2.2463115654 2.7397816505
0.8810000000 0.3224975624 1.0496517830 2.2465875435 2.7402468147
0.8820000000 0.3224460793 1.0499990196 2.2468636894 2.7407121849
0.8830000000 0.3224008751 1.0503472252 2.2471400032 2.7411777687
0.8840000000 0.3223629875 1.0506963997 2.2474164696 2.7416435585
0.8850000000 0.3223337517 1.0510465279 2.2476931038 2.7421095543
0.8860000000 0.3223148842 1.0513976250 2.2479699059 2.7425757561
0.8870000000 0.3223088264 1.0517496834 2.2482468681 2.7430421638
0.8880000000 0.3223193779 1.0521026955 2.2485239906 2.7435087852
0.8890000000 0.3223537636 1.0524566765 2.2488012733 2.7439756050
0.8900000000 0.3224421425 1.0528116112 2.2490787163 2.7444426308
0.8910000000 0.3225437050 1.0531675072 2.2493563271 2.7449098625
0.8920000000 0.3226184196 1.0535243568 2.2496340981 2.7453772926
0.8930000000 0.3226770973 1.0538821602 2.2499120293 2.7458449287
0.8940000000 0.3227234306 1.0542409248 2.2501901283 2.7463127708
0.8950000000 0.3227594490 1.0546006432 2.2504683800 2.7467808189
0.8960000000 0.3227864342 1.0549613075 2.2507467995 2.7472490654
0.8970000000 0.3228053093 1.0553229332 2.2510253792 2.7477175179
0.8980000000 0.3228167686 1.0556855049 2.2513041115 2.7481861687
0.8990000000 0.3228213387 1.0560490303 2.2515830116 2.7486550255
0.9000000000 0.3228194618 1.0564135017 2.2518620720 2.7491240807
0.9010000000 0.3228114967 1.0567789268 2.2521413002 2.7495933342
0.9020000000 0.3227977409 1.0571452980 2.2524206810 2.7500627937
0.9030000000 0.3227784538 1.0575126076 2.2527002220 2.7505324516
0.9040000000 0.3227538567 1.0578808708 2.2529799232 2.7510023079
0.9050000000 0.3227241554 1.0582500801 2.2532597847 2.7514723625
0.9060000000 0.3226895180 1.0586202278 2.2535398064 2.7519426155
0.9070000000 0.3226501045 1.0589913139 2.2538199883 2.7524130669
0.9080000000 0.3226060524 1.0593633461 2.2541003304 2.7528837166
0.9090000000 0.3225574760 1.0597363243 2.2543808250 2.7533545647
0.9100000000 0.3225045052 1.0601102333 2.2546614876 2.7538256111
0.9110000000 0.3224472389 1.0604850807 2.2549423103 2.7542968559
0.9120000000 0.3223857689 1.0608608742 2.2552232857 2.7547682915
0.9130000000 0.3223201942 1.0612375984 2.2555044212 2.7552399330
0.9140000000 0.3222505836 1.0616152534 2.2557857170 2.7557117653
0.9150000000 0.3221770134 1.0619938469 2.2560671730 2.7561837883
0.9160000000 0.3220995598 1.0623733711 2.2563487892 2.7566560097
0.9170000000 0.3220182915 1.0627538261 2.2566305580 2.7571284294
0.9180000000 0.3219332542 1.0631352119 2.2569124870 2.7576010399
0.9190000000 0.3218445244 1.0635175285 2.2571945763 2.7580738487
0.9200000000 0.3217521400 1.0639007759 2.2574768181 2.7585468483
0.9210000000 0.3216561546 1.0642849464 2.2577592201 2.7590200386
0.9220000000 0.3215566292 1.0646700478 2.2580417824 2.7594934273
0.9230000000 0.3214535866 1.0650560722 2.2583244972 2.7599670067
0.9240000000 0.3213470879 1.0654430122 2.2586073799 2.7604407768
0.9250000000 0.3212371635 1.0658308830 2.2588904076 2.7609147377
0.9260000000 0.3211238594 1.0662196770 2.2591735954 2.7613888893
0.9270000000 0.3210071983 1.0666093864 2.2594569435 2.7618632393
0.9280000000 0.3208872337 1.0670000191 2.2597404518 2.7623377724
0.9290000000 0.3207639809 1.0673915672 2.2600241127 2.7628124962
0.9300000000 0.3206374779 1.0677840309 2.2603079262 2.7632874184
0.9310000000 0.3205077553 1.0681774101 2.2605918999 2.7637625237
0.9320000000 0.3203748512 1.0685717049 2.2608760338 2.7642378197
0.9330000000 0.3202387733 1.0689669151 2.2611603127 2.7647133064
0.9340000000 0.3200995598 1.0693630333 2.2614447594 2.7651889763
0.9350000000 0.3199572411 1.0697600594 2.2617293587 2.7656648369
0.9360000000 0.3198118324 1.0701580009 2.2620141106 2.7661408882
0.9370000000 0.3196633568 1.0705568504 2.2622990150 2.7666171303
0.9380000000 0.3195118446 1.0709566078 2.2625840797 2.7670935555
0.9390000000 0.3193573036 1.0713572655 2.2628693047 2.7675701637
0.9400000000 0.3191997719 1.0717588310 2.2631546745 2.7680469627
0.9410000000 0.3190392570 1.0721613045 2.2634402046 2.7685239525
0.9420000000 0.3188757820 1.0725646706 2.2637258949 2.7690011253
0.9430000000 0.3187093697 1.0729689445 2.2640117302 2.7694784813
0.9440000000 0.3185400276 1.0733741188 2.2642977257 2.7699560204
0.9450000000 0.3183677864 1.0737801857 2.2645838737 2.7704337502
0.9460000000 0.3181926537 1.0741871529 2.2648701744 2.7709116631
0.9470000000 0.3180146446 1.0745950127 2.2651566353 2.7713897591
0.9480000000 0.3178337898 1.0750037727 2.2654432487 2.7718680382
0.9490000000 0.3176500893 1.0754134178 2.2657300148 2.7723465004
0.9500000000 0.3174635582 1.0758239632 2.2660169334 2.7728251534
0.9510000000 0.3172742195 1.0762353935 2.2663040047 2.7733039818
0.9520000000 0.3170820885 1.0766477165 2.2665912285 2.7737829933
0.9530000000 0.3168871727 1.0770609245 2.2668786125 2.7742621956
0.9540000000 0.3166894875 1.0774750175 2.2671661415 2.7747415733
0.9550000000 0.3164890404 1.0778900032 2.2674538307 2.7752211266
0.9560000000 0.3162858543 1.0783058662 2.2677416649 2.7757008705
0.9570000000 0.3160799370 1.0787226143 2.2680296593 2.7761807899
0.9580000000 0.3158712959 1.0791402397 2.2683178062 2.7766609001
0.9590000000 0.3156599541 1.0795587502 2.2686061058 2.7771411781
0.9600000000 0.3154459114 1.0799781380 2.2688945503 2.7776216469
0.9610000000 0.3152291908 1.0803984032 2.2691831551 2.7781022911
0.9620000000 0.3150097923 1.0808195457 2.2694719124 2.7785831108
0.9630000000 0.3147877312 1.0812415581 2.2697608147 2.7790641136
0.9640000000 0.3145630150 1.0816644478 2.2700498772 2.7795452919
0.9650000000 0.3143356667 1.0820882072 2.2703390846 2.7800266533
0.9660000000 0.3141056786 1.0825128365 2.2706284447 2.7805081902
0.9670000000 0.3138730736 1.0829383354 2.2709179573 2.7809899101
0.9680000000 0.3136378517 1.0833646965 2.2712076225 2.7814717979
0.9690000000 0.3134000359 1.0837919273 2.2714974403 2.7819538765
0.9700000000 0.3131596184 1.0842200279 2.2717874107 2.7824361229
0.9710000000 0.3129166222 1.0846489906 2.2720775261 2.7829185448
0.9720000000 0.3126710472 1.0850788078 2.2723677940 2.7834011497
0.9730000000 0.3124229088 1.0855094948 2.2726582146 2.7838839226
0.9740000000 0.3121722145 1.0859410362 2.2729487801 2.7843668785
0.9750000000 0.3119189720 1.0863734322 2.2732395058 2.7848500099
0.9760000000 0.3116631889 1.0868066902 2.2735303764 2.7853333092
0.9770000000 0.3114048805 1.0872408028 2.2738213921 2.7858167915
0.9780000000 0.3111440392 1.0876757698 2.2741125679 2.7863004417
0.9790000000 0.3108806877 1.0881115837 2.2744038887 2.7867842751
0.9800000000 0.3106148262 1.0885482521 2.2746953545 2.7872682762
0.9810000000 0.3103464699 1.0889857674 2.2749869804 2.7877524529
0.9820000000 0.3100756187 1.0894241295 2.2752787514 2.7882367973
0.9830000000 0.3098022804 1.0898633385 2.2755706673 2.7887213173
0.9840000000 0.3095264702 1.0903033943 2.2758627357 2.7892060127
0.9850000000 0.3092481880 1.0907442970 2.2761549492 2.7896908836
0.9860000000 0.3089674416 1.0911860390 2.2764473152 2.7901759224
0.9870000000 0.3086842461 1.0916286125 2.2767398338 2.7906611366
0.9880000000 0.3083985939 1.0920720329 2.2770324974 2.7911465187
0.9890000000 0.3081105080 1.0925162926 2.2773253059 2.7916320763
0.9900000000 0.3078199883 1.0929613838 2.2776182671 2.7921178017
0.9910000000 0.3075270424 1.0934073143 2.2779113808 2.7926037025
0.9920000000 0.3072316704 1.0938540764 2.2782046318 2.7930897713
0.9930000000 0.3069338951 1.0943016701 2.2784980354 2.7935760078
0.9940000000 0.3066337013 1.0947500877 2.2787915916 2.7940624123
0.9950000000 0.3063311119 1.0951993446 2.2790852928 2.7945489922
0.9960000000 0.3060261345 1.0956494179 2.2793791389 2.7950357399
0.9970000000 0.3057187614 1.0961003227 2.2796731377 2.7955226555
0.9980000000 0.3054090157 1.0965520515 2.2799672737 2.7960097466
0.9990000000 0.3050968895 1.0970046043 2.2802615700 2.7964969978
1.0000000000 0.3047823982 1.0974579735 2.2805560036 2.7969844170
1.0010000000 0.3044655418 1.0979121666 2.2808505898 2.7974720116
1.0020000000 0.3041463280 1.0983671761 2.2811453133 2.7979597664
1.0030000000 0.3038247643 1.0988230019 2.2814401970 2.7984476967
1.0040000000 0.3035008583 1.0992796440 2.2817352180 2.7989357872
1.0050000000 0.3031746101 1.0997370949 2.2820303841 2.7994240532
1.0060000000 0.3028460350 1.1001953621 2.2823257027 2.7999124794
1.0070000000 0.3025151329 1.1006544380 2.2826211662 2.8004010735
1.0080000000 0.3021819038 1.1011143303 2.2829167671 2.8008898354
1.0090000000 0.3018463631 1.1015750237 2.2832125206 2.8013787575
1.0100000000 0.3015085182 1.1020365181 2.2835084267 2.8018678474
1.0110000000 0.3011683617 1.1024988213 2.2838044701 2.8023571053
1.0120000000 0.3008259087 1.1029619331 2.2841006584 2.8028465309
1.0130000000 0.3004811668 1.1034258385 2.2843969917 2.8033361168
1.0140000000 0.3001341362 1.1038905449 2.2846934700 2.8038258705
1.0150000000 0.2997848244 1.1043560524 2.2849900932 2.8043157845
1.0160000000 0.2994332314 1.1048223534 2.2852868690 2.8048058662
1.0170000000 0.2990793724 1.1052894478 2.2855837822 2.8052961082
1.0180000000 0.2987232475 1.1057573433 2.2858808403 2.8057865181
1.0190000000 0.2983648567 1.1062260246 2.2861780434 2.8062770882
1.0200000000 0.2980042152 1.1066954994 2.2864753914 2.8067678185
1.0210000000 0.2976413231 1.1071657600 2.2867728844 2.8072587166
1.0220000000 0.2972761803 1.1076368065 2.2870705147 2.8077497826
1.0230000000 0.2969088020 1.1081086464 2.2873682976 2.8082410011
1.0240000000 0.2965391884 1.1085812645 2.2876662178 2.8087323875
1.0250000000 0.2961673470 1.1090546684 2.2879642830 2.8092239342
1.0260000000 0.2957932777 1.1095288506 2.2882624931 2.8097156410
1.0270000000 0.2954169884 1.1100038109 2.2885608482 2.8102075081
1.0280000000 0.2950384865 1.1104795494 2.2888593407 2.8106995354
1.0290000000 0.2946577721 1.1109560661 2.2891579857 2.8111917305
1.0300000000 0.2942748528 1.1114333611 2.2894567604 2.8116840782
1.0310000000 0.2938897362 1.1119114189 2.2897556877 2.8121765938
1.0320000000 0.2935024223 1.1123902550 2.2900547523 2.8126692619
1.0330000000 0.2931129189 1.1128698616 2.2903539619 2.8131620979
1.0340000000 0.2927212257 1.1133502388 2.2906533165 2.8136550865
1.0350000000 0.2923273506 1.1138313789 2.2909528084 2.8141482430
1.0360000000 0.2919312935 1.1143132820 2.2912524452 2.8146415520
1.0370000000 0.2915330696 1.1147959480 2.2915522194 2.8151350212
1.0380000000 0.2911326790 1.1152793846 2.2918521385 2.8156286507
1.0390000000 0.2907301216 1.1157635765 2.2921522026 2.8161224327
1.0400000000 0.2903254051 1.1162485237 2.2924524040 2.8166163826
1.0410000000 0.2899185371 1.1167342339 2.2927527504 2.8171104851
1.0420000000 0.2895095177 1.1172206917 2.2930532341 2.8176047401
1.0430000000 0.2890983543 1.1177079124 2.2933538551 2.8180991631
1.0440000000 0.2886850471 1.1181958809 2.2936546211 2.8185937386
1.0450000000 0.2882695961 1.1186845970 2.2939555244 2.8190884666
1.0460000000 0.2878520164 1.1191740685 2.2942565727 2.8195833549
1.0470000000 0.2874323158 1.1196642799 2.2945577660 2.8200784035
1.0480000000 0.2870104790 1.1201552467 2.2948590889 2.8205736046
1.0490000000 0.2865865288 1.1206469536 2.2951605568 2.8210689659
1.0500000000 0.2861604576 1.1211394005 2.2954621620 2.8215644798
1.0510000000 0.2857322731 1.1216325874 2.2957639122 2.8220601463
1.0520000000 0.2853019829 1.1221265221 2.2960657997 2.8225559731
1.0530000000 0.2848695946 1.1226211891 2.2963678246 2.8230519524
1.0540000000 0.2844350929 1.1231165886 2.2966699944 2.8235480919
1.0550000000 0.2839985085 1.1236127281 2.2969722939 2.8240443840
1.0560000000 0.2835598183 1.1241096001 2.2972747383 2.8245408287
1.0570000000 0.2831190453 1.1246071968 2.2975773201 2.8250374260
1.0580000000 0.2826761894 1.1251055336 2.2978800468 2.8255341835
1.0590000000 0.2822312508 1.1256045952 2.2981829033 2.8260310860
1.0600000000 0.2817842369 1.1261043816 2.2984859047 2.8265281487
1.0610000000 0.2813351402 1.1266048927 2.2987890434 2.8270253639
1.0620000000 0.2808839836 1.1271061211 2.2990923119 2.8275227318
1.0630000000 0.2804307518 1.1276080818 2.2993957253 2.8280202522
1.0640000000 0.2799754677 1.1281107521 2.2996992760 2.8285179329
1.0650000000 0.2795181160 1.1286141472 2.3000029640 2.8290157585
1.0660000000 0.2790587120 1.1291182594 2.3003067894 2.8295137367
1.0670000000 0.2785972481 1.1296230812 2.3006107597 2.8300118675
1.0680000000 0.2781337471 1.1301286201 2.3009148598 2.8305101509
1.0690000000 0.2776681938 1.1306348763 2.3012190971 2.8310085869
1.0700000000 0.2772005959 1.1311418343 2.3015234718 2.8315071754
1.0710000000 0.2767309608 1.1316495018 2.3018279839 2.8320059166
1.0720000000 0.2762592964 1.1321578789 2.3021326256 2.8325048027
1.0730000000 0.2757855873 1.1326669579 2.3024374123 2.8330038490
1.0740000000 0.2753098564 1.1331767464 2.3027423363 2.8335030403
1.0750000000 0.2748321037 1.1336872292 2.3030473900 2.8340023842
1.0760000000 0.2743523216 1.1341984138 2.3033525810 2.8345018730
1.0770000000 0.2738705177 1.1347103004 2.3036579170 2.8350015144
1.0780000000 0.2733866997 1.1352228813 2.3039633751 2.8355013084
1.0790000000 0.2729008675 1.1357361565 2.3042689781 2.8360012550
1.0800000000 0.2724130211 1.1362501335 2.3045747108 2.8365013466
1.0810000000 0.2719231682 1.1367647896 2.3048805809 2.8370015907
1.0820000000 0.2714313087 1.1372801476 2.3051865883 2.8375019798
1.0830000000 0.2709374504 1.1377961845 2.3054927330 2.8380025215
1.0840000000 0.2704415855 1.1383129158 2.3057990074 2.8385032082
1.0850000000 0.2699437294 1.1388303337 2.3061054192 2.8390040474
1.0860000000 0.2694438744 1.1393484306 2.3064119606 2.8395050316
1.0870000000 0.2689420280 1.1398672066 2.3067186394 2.8400061684
1.0880000000 0.2684381905 1.1403866692 2.3070254555 2.8405074501
1.0890000000 0.2679323692 1.1409068108 2.3073324013 2.8410088844
1.0900000000 0.2674245567 1.1414276237 2.3076394844 2.8415104561
1.0910000000 0.2669147682 1.1419491158 2.3079466972 2.8420121880
1.0920000000 0.2664029961 1.1424712868 2.3082540474 2.8425140572
1.0930000000 0.2658892479 1.1429941216 2.3085615273 2.8430160789
1.0940000000 0.2653735237 1.1435176277 2.3088691444 2.8435182457
1.0950000000 0.2648558235 1.1440418053 2.3091768913 2.8440205574
1.0960000000 0.2643361549 1.1445666542 2.3094847679 2.8445230217
1.0970000000 0.2638145103 1.1450921669 2.3097927818 2.8450256233
1.0980000000 0.2632909050 1.1456183357 2.3101009331 2.8455283775
1.0990000000 0.2627653313 1.1461451759 2.3104092064 2.8460312767
1.1000000000 0.2622377968 1.1466726723 2.3107176170 2.8465343208
1.1010000000 0.2617083015 1.1472008247 2.3110261650 2.8470375099
1.1020000000 0.2611768379 1.1477296410 2.3113348351 2.8475408516
1.1030000000 0.2606434212 1.1482591133 2.3116436424 2.8480443306
1.1040000000 0.2601080513 1.1487892342 2.3119525795 2.8485479546
1.1050000000 0.2595707207 1.1493200111 2.3122616539 2.8490517311
1.1060000000 0.2590314445 1.1498514366 2.3125708504 2.8495556450
1.1070000000 0.2584902077 1.1503835106 2.3128801842 2.8500597038
1.1080000000 0.2579470253 1.1509162331 2.3131896477 2.8505639076
1.1090000000 0.2574018898 1.1514496040 2.3134992409 2.8510682564
1.1100000000 0.2568548088 1.1519836159 2.3138089638 2.8515727501
1.1110000000 0.2563057823 1.1525182686 2.3141188164 2.8520773888
1.1120000000 0.2557548103 1.1530535698 2.3144288063 2.8525821724
1.1130000000 0.2552018852 1.1535895042 2.3147389183 2.8530870934
1.1140000000 0.2546470299 1.1541260719 2.3150491676 2.8535921669
1.1150000000 0.2540902214 1.1546632805 2.3153595390 2.8540973778
1.1160000000 0.2535314751 1.1552011223 2.3156700401 2.8546027336
1.1170000000 0.2529707909 1.1557395973 2.3159806786 2.8551082268
1.1180000000 0.2524081612 1.1562787056 2.3162914391 2.8556138649
1.1190000000 0.2518435936 1.1568184395 2.3166023293 2.8561196480
1.1200000000 0.2512770882 1.1573588066 2.3169133568 2.8566255760
1.1210000000 0.2507086372 1.1578997917 2.3172245064 2.8571316414
1.1220000000 0.2501382561 1.1584414024 2.3175357857 2.8576378517
1.1230000000 0.2495659370 1.1589836388 2.3178471870 2.8581442070
1.1240000000 0.2489916801 1.1595265007 2.3181587257 2.8586506996
1.1250000000 0.2484154854 1.1600699730 2.3184703865 2.8591573296
1.1260000000 0.2478373528 1.1606140633 2.3187821770 2.8596641045
1.1270000000 0.2472572823 1.1611587791 2.3190940971 2.8601710243
1.1280000000 0.2466752815 1.1617040977 2.3194061470 2.8606780815
1.1290000000 0.2460913353 1.1622500343 2.3197183189 2.8611852837
1.1300000000 0.2455054588 1.1627965813 2.3200306206 2.8616926231
1.1310000000 0.2449176369 1.1633437386 2.3203430519 2.8622001076
1.1320000000 0.2443278847 1.1638915062 2.3206556053 2.8627077217
1.1330000000 0.2437361870 1.1644398766 2.3209682884 2.8632154884
1.1340000000 0.2431425514 1.1649888496 2.3212810936 2.8637233925
1.1350000000 0.2425469856 1.1655384254 2.3215940285 2.8642314339
1.1360000000 0.2419494667 1.1660886040 2.3219070930 2.8647396126
1.1370000000 0.2413500175 1.1666393852 2.3222202797 2.8652479362
1.1380000000 0.2407486229 1.1671907616 2.3225335884 2.8657563972
1.1390000000 0.2401452827 1.1677427330 2.3228470268 2.8662649956
1.1400000000 0.2395399971 1.1682952995 2.3231605949 2.8667737389
1.1410000000 0.2389327660 1.1688484612 2.3234742851 2.8672826118
1.1420000000 0.2383235970 1.1694022102 2.3237880974 2.8677916298
1.1430000000 0.2377124748 1.1699565544 2.3241020393 2.8683007927
1.1440000000 0.2370993996 1.1705114784 2.3244161034 2.8688100853
1.1450000000 0.2364843788 1.1710669975 2.3247302895 2.8693195229
1.1460000000 0.2358673973 1.1716230965 2.3250446053 2.8698290901
1.1470000000 0.2352484703 1.1721797752 2.3253590355 2.8703388023
1.1480000000 0.2346275826 1.1727370415 2.3256736031 2.8708486519
1.1490000000 0.2340047340 1.1732948799 2.3259882851 2.8713586388
1.1500000000 0.2333799248 1.1738533058 2.3263030968 2.8718687630
1.1510000000 0.2327531548 1.1744123039 2.3266180305 2.8723790245
1.1520000000 0.2321244240 1.1749718742 2.3269330864 2.8728894234
1.1530000000 0.2314937172 1.1755320244 2.3272482643 2.8733999596
1.1540000000 0.2308610420 1.1760927391 2.3275635643 2.8739106407
1.1550000000 0.2302263985 1.1766540260 2.3278789864 2.8744214516
1.1560000000 0.2295897713 1.1772158852 2.3281945381 2.8749323997
1.1570000000 0.2289511757 1.1777783089 2.3285102043 2.8754434853
1.1580000000 0.2283105888 1.1783412895 2.3288259926 2.8759547081
1.1590000000 0.2276680183 1.1789048424 2.3291419106 2.8764660683
1.1600000000 0.2270234566 1.1794689598 2.3294579430 2.8769775581
1.1610000000 0.2263769112 1.1800336266 2.3297741051 2.8774891930
1.1620000000 0.2257283592 1.1805988579 2.3300903816 2.8780009575
1.1630000000 0.2250778160 1.1811646461 2.3304067802 2.8785128670
1.1640000000 0.2244252663 1.1817309914 2.3307233009 2.8790249062
1.1650000000 0.2237707100 1.1822978859 2.3310399437 2.8795370827
1.1660000000 0.2231141396 1.1828653374 2.3313567085 2.8800493965
1.1670000000 0.2224555473 1.1834333305 2.3316735878 2.8805618401
1.1680000000 0.2217949409 1.1840018806 2.3319905968 2.8810744209
1.1690000000 0.2211323051 1.1845709724 2.3323077202 2.8815871391
1.1700000000 0.2204676476 1.1851406136 2.3326249580 2.8820999947
1.1710000000 0.2198009453 1.1857107964 2.3329423256 2.8826129799
1.1720000000 0.2191322060 1.1862815208 2.3332598076 2.8831261024
1.1730000000 0.2184614220 1.1868527870 2.3335774117 2.8836393623
1.1740000000 0.2177885857 1.1874245872 2.3338951302 2.8841527519
1.1750000000 0.2171136894 1.1879969292 2.3342129707 2.8846662788
1.1760000000 0.2164367332 1.1885698128 2.3345309258 2.8851799431
1.1770000000 0.2157577095 1.1891432228 2.3348490028 2.8856937370
1.1780000000 0.2150766029 1.1897171669 2.3351672020 2.8862076683
1.1790000000 0.2143934212 1.1902916374 2.3354855156 2.8867217369
1.1800000000 0.2137081490 1.1908666420 2.3358039513 2.8872359352
1.1810000000 0.2130207863 1.1914421730 2.3361225014 2.8877502632
1.1820000000 0.2123313179 1.1920182304 2.3364411659 2.8882647285
1.1830000000 0.2116397438 1.1925948067 2.3367599525 2.8887793312
1.1840000000 0.2109460487 1.1931719093 2.3370788536 2.8892940636
1.1850000000 0.2102502327 1.1937495384 2.3373978691 2.8898089256
1.1860000000 0.2095522881 1.1943276787 2.3377170067 2.8903239250
1.1870000000 0.2088521996 1.1949063454 2.3380362587 2.8908390617
1.1880000000 0.2081499596 1.1954855232 2.3383556252 2.8913543282
1.1890000000 0.2074455681 1.1960652122 2.3386751137 2.8918697243
1.1900000000 0.2067390099 1.1966454201 2.3389947166 2.8923852577
1.1910000000 0.2060302773 1.1972261314 2.3393144264 2.8929009209
1.1920000000 0.2053193626 1.1978073616 2.3396342583 2.8934167137
1.1930000000 0.2046062508 1.1983890953 2.3399542122 2.8939326439
1.1940000000 0.2038909416 1.1989713326 2.3402742729 2.8944487038
1.1950000000 0.2031734200 1.1995540810 2.3405944481 2.8949649010
1.1960000000 0.2024536781 1.2001373253 2.3409147377 2.8954812279
1.1970000000 0.2017317009 1.2007210732 2.3412351494 2.8959976845
1.1980000000 0.2010074806 1.2013053246 2.3415556679 2.8965142708
1.1990000000 0.2002810020 1.2018900719 2.3418763008 2.8970309944
1.2000000000 0.1995522575 1.2024753151 2.3421970558 2.8975478477
1.2010000000 0.1988212395 1.2030610619 2.3425179176 2.8980648308
1.2020000000 0.1980879326 1.2036472893 2.3428388939 2.8985819511
1.2030000000 0.1973523216 1.2042340202 2.3431599846 2.8990992012
1.2040000000 0.1966143913 1.2048212318 2.3434811821 2.8996165810
1.2050000000 0.1958741417 1.2054089394 2.3438025017 2.9001340904
1.2060000000 0.1951315498 1.2059971275 2.3441239281 2.9006517296
1.2070000000 0.1943866081 1.2065858116 2.3444454689 2.9011695061
1.2080000000 0.1936392937 1.2071749687 2.3447671165 2.9016874046
1.2090000000 0.1928895988 1.2077646141 2.3450888863 2.9022054405
1.2100000000 0.1921375084 1.2083547401 2.3454107628 2.9027236061
1.2110000000 0.1913830070 1.2089453392 2.3457327461 2.9032419014
1.2120000000 0.1906260796 1.2095364189 2.3460548439 2.9037603264
1.2130000000 0.1898667030 1.2101279793 2.3463770561 2.9042788811
1.2140000000 0.1891048775 1.2107200127 2.3466993752 2.9047975731
1.2150000000 0.1883405724 1.2113125114 2.3470218086 2.9053163872
1.2160000000 0.1875737801 1.2119054909 2.3473443489 2.9058353386
1.2170000000 0.1868044777 1.2124989357 2.3476670036 2.9063544121
1.2180000000 0.1860326424 1.2130928459 2.3479897652 2.9068736229
1.2190000000 0.1852582664 1.2136872292 2.3483126411 2.9073929558
1.2200000000 0.1844813271 1.2142820702 2.3486356239 2.9079124260
1.2210000000 0.1837018089 1.2148773766 2.3489587135 2.9084320183
1.2220000000 0.1829196815 1.2154731483 2.3492819099 2.9089517479
1.2230000000 0.1821349373 1.2160693703 2.3496052208 2.9094715996
1.2240000000 0.1813475456 1.2166660576 2.3499286385 2.9099915886
1.2250000000 0.1805574913 1.2172632027 2.3502521629 2.9105116997
1.2260000000 0.1797647438 1.2178608055 2.3505758018 2.9110319481
1.2270000000 0.1789692955 1.2184588585 2.3508995399 2.9115523186
1.2280000000 0.1781711159 1.2190573616 2.3512233925 2.9120728188
1.2290000000 0.1773701744 1.2196563148 2.3515473442 2.9125934486
1.2300000000 0.1765664635 1.2202557182 2.3518714104 2.9131142082
1.2310000000 0.1757599373 1.2208555717 2.3521955833 2.9136350975
1.2320000000 0.1749505882 1.2214558678 2.3525198631 2.9141561165
1.2330000000 0.1741383858 1.2220566063 2.3528442497 2.9146772575
1.2340000000 0.1733232994 1.2226577950 2.3531687431 2.9151985359
1.2350000000 0.1725053062 1.2232594185 2.3534933357 2.9157199364
1.2360000000 0.1716843681 1.2238614845 2.3538180428 2.9162414665
1.2370000000 0.1708604698 1.2244639854 2.3541428490 2.9167631264
1.2380000000 0.1700335732 1.2250669212 2.3544677620 2.9172849159
1.2390000000 0.1692036552 1.2256702995 2.3547927818 2.9178068275
1.2400000000 0.1683706703 1.2262741051 2.3551179085 2.9183288765
1.2410000000 0.1675346031 1.2268783379 2.3554431419 2.9188510475
1.2420000000 0.1666954079 1.2274830055 2.3557684746 2.9193733482
1.2430000000 0.1658530617 1.2280881004 2.3560939140 2.9198957710
1.2440000000 0.1650075188 1.2286936226 2.3564194527 2.9204183311
1.2450000000 0.1641587563 1.2292995720 2.3567450981 2.9209410133
1.2460000000 0.1633067207 1.2299059486 2.3570708504 2.9214638176
1.2470000000 0.1624513893 1.2305127373 2.3573967018 2.9219867592
1.2480000000 0.1615927162 1.2311199532 2.3577226601 2.9225098228
1.2490000000 0.1607306633 1.2317275887 2.3580487175 2.9230330162
1.2500000000 0.1598651848 1.2323356361 2.3583748741 2.9235563393
1.2510000000 0.1589962425 1.2329441032 2.3587011375 2.9240797844
1.2520000000 0.1581237984 1.2335529823 2.3590275078 2.9246033592
1.2530000000 0.1572477989 1.2341622734 2.3593539696 2.9251270638
1.2540000000 0.1563681984 1.2347719841 2.3596805382 2.9256508904
1.2550000000 0.1554849586 1.2353820915 2.3600072136 2.9261748466
1.2560000000 0.1545980263 1.2359926186 2.3603339806 2.9266989250
1.2570000000 0.1537073402 1.2366035423 2.3606608543 2.9272231331
1.2580000000 0.1528128700 1.2372148781 2.3609878273 2.9277474709
1.2590000000 0.1519145393 1.2378266106 2.3613148994 2.9282719307
1.2600000000 0.1510123100 1.2384387474 2.3616420708 2.9287965202
1.2610000000 0.1501061211 1.2390512886 2.3619693413 2.9293212395
1.2620000000 0.1491959190 1.2396642265 2.3622967186 2.9298460808
1.2630000000 0.1482816277 1.2402775612 2.3626241875 2.9303710518
1.2640000000 0.1473632011 1.2408912926 2.3629517555 2.9308961449
1.2650000000 0.1464405708 1.2415054131 2.3632794228 2.9314213676
1.2660000000 0.1455136681 1.2421199303 2.3636071968 2.9319467125
1.2670000000 0.1445824242 1.2427348366 2.3639350624 2.9324721870
1.2680000000 0.1436467781 1.2433501320 2.3642630196 2.9329977837
1.2690000000 0.1427066460 1.2439658165 2.3645910835 2.9335235100
1.2700000000 0.1417619591 1.2445818825 2.3649192467 2.9340493660
1.2710000000 0.1408126335 1.2451983376 2.3652475014 2.9345753365
1.2720000000 0.1398585930 1.2458151741 2.3655758553 2.9351014442
1.2730000000 0.1388997612 1.2464323921 2.3659043007 2.9356276741
1.2740000000 0.1379360466 1.2470499916 2.3662328453 2.9361540260
1.2750000000 0.1369673576 1.2476679649 2.3665614891 2.9366805077
1.2760000000 0.1359936028 1.2482863197 2.3668902245 2.9372071114
1.2770000000 0.1350146904 1.2489050484 2.3672190590 2.9377338448
1.2780000000 0.1340305214 1.2495241508 2.3675479927 2.9382607002
1.2790000000 0.1330409889 1.2501436272 2.3678770180 2.9387876854
1.2800000000 0.1320459938 1.2507634697 2.3682061348 2.9393147926
1.2810000000 0.1310454216 1.2513836861 2.3685353432 2.9398420219
1.2820000000 0.1300391655 1.2520042686 2.3688646584 2.9403693810
1.2830000000 0.1290270958 1.2526252174 2.3691940575 2.9408968697
1.2840000000 0.1280090981 1.2532465248 2.3695235481 2.9414244728
1.2850000000 0.1269850426 1.2538682060 2.3698531380 2.9419522057
1.2860000000 0.1259547920 1.2544902382 2.3701828194 2.9424800682
1.2870000000 0.1249182091 1.2551126366 2.3705125999 2.9430080528
1.2880000000 0.1238751564 1.2557353935 2.3708424644 2.9435361595
1.2890000000 0.1228254738 1.2563585014 2.3711724281 2.9440643959
1.2900000000 0.1217690163 1.2569819679 2.3715024757 2.9445927544
1.2910000000 0.1207056160 1.2576057854 2.3718326225 2.9451212349
1.2920000000 0.1196351051 1.2582299614 2.3721628532 2.9456498451
1.2930000000 0.1185572929 1.2588544807 2.3724931831 2.9461785774
1.2940000000 0.1174720192 1.2594793510 2.3728235970 2.9467074318
1.2950000000 0.1163790627 1.2601045723 2.3731541100 2.9472364159
1.2960000000 0.1152782402 1.2607301369 2.3734847069 2.9477655220
1.2970000000 0.1141693382 1.2613560448 2.3738153954 2.9482947502
1.2980000000 0.1130521202 1.2619822960 2.3741461678 2.9488241081
1.2990000000 0.1119263725 1.2626088905 2.3744770393 2.9493535881
1.3000000000 0.1107918358 1.2632358208 2.3748079948 2.9498831902
1.3010000000 0.1096482582 1.2638630943 2.3751390419 2.9504129219
1.3020000000 0.1084953728 1.2644907036 2.3754701729 2.9509427757
1.3030000000 0.1073328896 1.2651186409 2.3758013954 2.9514727516
1.3040000000 0.1061605186 1.2657469215 2.3761327095 2.9520028496
1.3050000000 0.1049779396 1.2663755302 2.3764641075 2.9525330772
1.3060000000 0.1037848167 1.2670044670 2.3767955971 2.9530634270
1.3070000000 0.1025808067 1.2676337318 2.3771271629 2.9535938988
1.3080000000 0.1013655281 1.2682633247 2.3774588280 2.9541245003
1.3090000000 0.1001385918 1.2688932457 2.3777905693 2.9546552238
1.3100000000 0.0988995857 1.2695234947 2.3781224022 2.9551860695
1.3110000000 0.0976480675 1.2701540642 2.3784543266 2.9557170372
1.3120000000 0.0963835640 1.2707849541 2.3787863274 2.9562481270
1.3130000000 0.0951055717 1.2714161568 2.3791184196 2.9567793465
1.3140000000 0.0938135567 1.2720476875 2.3794505959 2.9573106880
1.3150000000 0.0925069542 1.2726795311 2.3797828560 2.9578421516
1.3160000000 0.0911851616 1.2733116875 2.3801152000 2.9583737373
1.3170000000 0.0898475075 1.2739441566 2.3804476280 2.9589054527
1.3180000000 0.0884933052 1.2745769463 2.3807801399 2.9594372902
1.3190000000 0.0871217995 1.2752100410 2.3811127357 2.9599692497
1.3200000000 0.0857321739 1.2758434410 2.3814454155 2.9605013313
1.3210000000 0.0843235588 1.2764771538 2.3817781715 2.9610335350
1.3220000000 0.0828950005 1.2771111717 2.3821110191 2.9615658684
1.3230000000 0.0814454765 1.2777454872 2.3824439430 2.9620983238
1.3240000000 0.0799738503 1.2783801155 2.3827769585 2.9626309013
1.3250000000 0.0784789162 1.2790150414 2.3831100426 2.9631636009
1.3260000000 0.0769593239 1.2796502647 2.3834432182 2.9636964226
1.3270000000 0.0754136086 1.2802857857 2.3837764702 2.9642293663
1.3280000000 0.0738401527 1.2809216042 2.3841098061 2.9647624397
1.3290000000 0.0722371635 1.2815577202 2.3844432182 2.9652956352
1.3300000000 0.0706026497 1.2821941261 2.3847767143 2.9658289528
1.3310000000 0.0689343910 1.2828308296 2.3851102867 2.9663623924
1.3320000000 0.0672298927 1.2834678154 2.3854439430 2.9668959541
1.3330000000 0.0654863625 1.2841050987 2.3857776756 2.9674296379
1.3340000000 0.0637006111 1.2847426643 2.3861114845 2.9679634514
1.3350000000 0.0618690071 1.2853805199 2.3864453697 2.9684973869
1.3360000000 0.0599873772 1.2860186577 2.3867793388 2.9690314369
1.3370000000 0.0580508766 1.2866570702 2.3871133842 2.9695656166
1.3380000000 0.0560538521 1.2872957726 2.3874475136 2.9700999184
1.3390000000 0.0539896126 1.2879347572 2.3877817116 2.9706343498
1.3400000000 0.0518501549 1.2885740166 2.3881159859 2.9711688957
1.3410000000 0.0496257973 1.2892135506 2.3884503441 2.9717035637
1.3420000000 0.0473045769 1.2898533592 2.3887847710 2.9722383614
1.3430000000 0.0448715019 1.2904934425 2.3891192818 2.9727732811
1.3440000000 0.0423073158 1.2911338005 2.3894538612 2.9733083153
1.3450000000 0.0395865898 1.2917744255 2.3897885170 2.9738434792
1.3460000000 0.0366745262 1.2924153252 2.3901232491 2.9743787651
1.3470000000 0.0335213509 1.2930564842 2.3904580574 2.9749141731
1.3480000000 0.0300513115 1.2936979179 2.3907929344 2.9754497108
1.3490000000 0.0261385536 1.2943396111 2.3911278877 2.9759853630
1.3500000000 0.0215432701 1.2949815636 2.3914629173 2.9765211372
1.3510000000 0.0156763878 1.2956237831 2.3917980156 2.9770570412
1.3520000000 0.0053044395 1.2962662544 2.3921331902 2.9775930595
