0.0001000000 0.9999999951
0.0011000000 0.9999998486
0.0021000000 0.9999994287
0.0031000000 0.9999987646
0.0041000000 0.9999978369
0.0051000000 0.9999966553
0.0061000000 0.9999952197
0.0071000000 0.9999935205
0.0081000000 0.9999915674
0.0091000000 0.9999893506
0.0101000000 0.9999868896
0.0111000000 0.9999841650
0.0121000000 0.9999811768
0.0131000000 0.9999779443
0.0141000000 0.9999744482
0.0151000000 0.9999706982
0.0161000000 0.9999666846
0.0171000000 0.9999624268
0.0181000000 0.9999579053
0.0191000000 0.9999531299
0.0201000000 0.9999481006
0.0211000000 0.9999428076
0.0221000000 0.9999372705
0.0231000000 0.9999314697
0.0241000000 0.9999254150
0.0251000000 0.9999191064
0.0261000000 0.9999125439
0.0271000000 0.9999057275
0.0281000000 0.9998986475
0.0291000000 0.9998913232
0.0301000000 0.9998837451
0.0311000000 0.9998759131
0.0321000000 0.9998678174
0.0331000000 0.9998594775
0.0341000000 0.9998508838
0.0351000000 0.9998420361
0.0361000000 0.9998329346
0.0371000000 0.9998235791
0.0381000000 0.9998139795
0.0391000000 0.9998041162
0.0401000000 0.9997940088
0.0411000000 0.9997836572
0.0421000000 0.9997730420
0.0431000000 0.9997621826
0.0441000000 0.9997510693
0.0451000000 0.9997397119
0.0461000000 0.9997281006
0.0471000000 0.9997162354
0.0481000000 0.9997041260
0.0491000000 0.9996917627
0.0501000000 0.9996791650
0.0511000000 0.9996663037
0.0521000000 0.9996532080
0.0531000000 0.9996398584
0.0541000000 0.9996262549
0.0551000000 0.9996124170
0.0561000000 0.9995983252
0.0571000000 0.9995839893
0.0581000000 0.9995694189
0.0591000000 0.9995545947
0.0601000000 0.9995395264
0.0611000000 0.9995242139
0.0621000000 0.9995086572
0.0631000000 0.9994928564
0.0641000000 0.9994768115
0.0651000000 0.9994605322
0.0661000000 0.9994440088
0.0671000000 0.9994272412
0.0681000000 0.9994102295
0.0691000000 0.9993929834
0.0701000000 0.9993755029
0.0711000000 0.9993577783
0.0721000000 0.9993398096
0.0731000000 0.9993216064
0.0741000000 0.9993031689
0.0751000000 0.9992844971
0.0761000000 0.9992655811
0.0771000000 0.9992464307
0.0781000000 0.9992270459
0.0791000000 0.9992074268
0.0801000000 0.9991875732
0.0811000000 0.9991674951
0.0821000000 0.9991471729
0.0831000000 0.9991266162
0.0841000000 0.9991058350
0.0851000000 0.9990848193
0.0861000000 0.9990635791
0.0871000000 0.9990421045
0.0881000000 0.9990203955
0.0891000000 0.9989984619
0.0901000000 0.9989763037
0.0911000000 0.9989539111
0.0921000000 0.9989312939
0.0931000000 0.9989084619
0.0941000000 0.9988853955
0.0951000000 0.9988621045
0.0961000000 0.9988385889
0.0971000000 0.9988148486
0.0981000000 0.9987908838
0.0991000000 0.9987667041
0.1001000000 0.9987422998
0.1011000000 0.9987176807
0.1021000000 0.9986928369
0.1031000000 0.9986677686
0.1041000000 0.9986424951
0.1051000000 0.9986169971
0.1061000000 0.9985912744
0.1071000000 0.9985653467
0.1081000000 0.9985392041
0.1091000000 0.9985128467
0.1101000000 0.9984862744
0.1111000000 0.9984594873
0.1121000000 0.9984324854
0.1131000000 0.9984052783
0.1141000000 0.9983778564
0.1151000000 0.9983502295
0.1161000000 0.9983223975
0.1171000000 0.9982943506
0.1181000000 0.9982660986
0.1191000000 0.9982376416
0.1201000000 0.9982089795
0.1211000000 0.9981801123
0.1221000000 0.9981510400
0.1231000000 0.9981217725
0.1241000000 0.9980922998
0.1251000000 0.9980626221
0.1261000000 0.9980327490
0.1271000000 0.9980026709
0.1281000000 0.9979724072
0.1291000000 0.9979419385
0.1301000000 0.9979112744
0.1311000000 0.9978804150
0.1321000000 0.9978493604
0.1331000000 0.9978181104
0.1341000000 0.9977866748
0.1351000000 0.9977550439
0.1361000000 0.9977232178
0.1371000000 0.9976912158
0.1381000000 0.9976590088
0.1391000000 0.9976266260
0.1401000000 0.9975940576
0.1411000000 0.9975612939
0.1421000000 0.9975283545
0.1431000000 0.9974952295
0.1441000000 0.9974619287
0.1451000000 0.9974284424
0.1461000000 0.9973947705
0.1471000000 0.9973609229
0.1481000000 0.9973268994
0.1491000000 0.9972927002
0.1501000000 0.9972583154
0.1511000000 0.9972237646
0.1521000000 0.9971890381
0.1531000000 0.9971541357
0.1541000000 0.9971190674
0.1551000000 0.9970838330
0.1561000000 0.9970484229
0.1571000000 0.9970128467
0.1581000000 0.9969770947
0.1591000000 0.9969411865
0.1601000000 0.9969051123
0.1611000000 0.9968688721
0.1621000000 0.9968324756
0.1631000000 0.9967959131
0.1641000000 0.9967591846
0.1651000000 0.9967223096
0.1661000000 0.9966852686
0.1671000000 0.9966480713
0.1681000000 0.9966107275
0.1691000000 0.9965732178
0.1701000000 0.9965355615
0.1711000000 0.9964977490
0.1721000000 0.9964597900
0.1731000000 0.9964216846
0.1741000000 0.9963834326
0.1751000000 0.9963450244
0.1761000000 0.9963064795
0.1771000000 0.9962677881
0.1781000000 0.9962289502
0.1791000000 0.9961899756
0.1801000000 0.9961508643
0.1811000000 0.9961116064
0.1821000000 0.9960722119
0.1831000000 0.9960326807
0.1841000000 0.9959930127
0.1851000000 0.9959532178
0.1861000000 0.9959132861
0.1871000000 0.9958732275
0.1881000000 0.9958330322
0.1891000000 0.9957927197
0.1901000000 0.9957522705
0.1911000000 0.9957116943
0.1921000000 0.9956710010
0.1931000000 0.9956301807
0.1941000000 0.9955892432
0.1951000000 0.9955481787
0.1961000000 0.9955069971
0.1971000000 0.9954656982
0.1981000000 0.9954242920
0.1991000000 0.9953827588
0.2001000000 0.9953411182
0.2011000000 0.9952993701
0.2021000000 0.9952575049
0.2031000000 0.9952155322
0.2041000000 0.9951734521
0.2051000000 0.9951312646
0.2061000000 0.9950889795
0.2071000000 0.9950465869
0.2081000000 0.9950040967
0.2091000000 0.9949614990
0.2101000000 0.9949188135
0.2111000000 0.9948760205
0.2121000000 0.9948331396
0.2131000000 0.9947901611
0.2141000000 0.9947470850
0.2151000000 0.9947039209
0.2161000000 0.9946606689
0.2171000000 0.9946173291
0.2181000000 0.9945739014
0.2191000000 0.9945303955
0.2201000000 0.9944868018
0.2211000000 0.9944431299
0.2221000000 0.9943993701
0.2231000000 0.9943555322
0.2241000000 0.9943116260
0.2251000000 0.9942676318
0.2261000000 0.9942235791
0.2271000000 0.9941794385
0.2281000000 0.9941352393
0.2291000000 0.9940909619
0.2301000000 0.9940466260
0.2311000000 0.9940022217
0.2321000000 0.9939577490
0.2331000000 0.9939132178
0.2341000000 0.9938686279
0.2351000000 0.9938239697
0.2361000000 0.9937792627
0.2371000000 0.9937344971
0.2381000000 0.9936896729
0.2391000000 0.9936447998
0.2401000000 0.9935998779
0.2411000000 0.9935549072
0.2421000000 0.9935098877
0.2431000000 0.9934648193
0.2441000000 0.9934197021
0.2451000000 0.9933745557
0.2461000000 0.9933293604
0.2471000000 0.9932841260
0.2481000000 0.9932388623
0.2491000000 0.9931935498
0.2501000000 0.9931482178
0.2511000000 0.9931028467
0.2521000000 0.9930574365
0.2531000000 0.9930120068
0.2541000000 0.9929665576
0.2551000000 0.9929210693
0.2561000000 0.9928755713
0.2571000000 0.9928300439
0.2581000000 0.9927844971
0.2591000000 0.9927389307
0.2601000000 0.9926933545
0.2611000000 0.9926477588
0.2621000000 0.9926021533
0.2631000000 0.9925565381
0.2641000000 0.9925109131
0.2651000000 0.9924652783
0.2661000000 0.9924196436
0.2671000000 0.9923740088
0.2681000000 0.9923283643
0.2691000000 0.9922827197
0.2701000000 0.9922370850
0.2711000000 0.9921914502
0.2721000000 0.9921458252
0.2731000000 0.9921002002
0.2741000000 0.9920545947
0.2751000000 0.9920089893
0.2761000000 0.9919634131
0.2771000000 0.9919178369
0.2781000000 0.9918722900
0.2791000000 0.9918267529
0.2801000000 0.9917812451
0.2811000000 0.9917357568
0.2821000000 0.9916902979
0.2831000000 0.9916448584
0.2841000000 0.9915994482
0.2851000000 0.9915540771
0.2861000000 0.9915087354
0.2871000000 0.9914634229
0.2881000000 0.9914181592
0.2891000000 0.9913729248
0.2901000000 0.9913277295
0.2911000000 0.9912825830
0.2921000000 0.9912374854
0.2931000000 0.9911924268
0.2941000000 0.9911474170
0.2951000000 0.9911024658
0.2961000000 0.9910575537
0.2971000000 0.9910127100
0.2981000000 0.9909679150
0.2991000000 0.9909231787
