0.0771000000 2.1014680811 2.4914052588
0.0781000000 2.1015062744 2.4914694287
0.0791000000 2.1015449561 2.4915344189
0.0801000000 2.1015841162 2.4916002295
0.0811000000 2.1016237646 2.4916668506
0.0821000000 2.1016639014 2.4917342920
0.0831000000 2.1017045166 2.4918025537
0.0841000000 2.1017456201 2.4918716260
0.0851000000 2.1017872021 2.4919415088
0.0861000000 2.1018292725 2.4920122217
0.0871000000 2.1018718213 2.4920837354
0.0881000000 2.1019148584 2.4921560693
0.0891000000 2.1019583740 2.4922292236
0.0901000000 2.1020023682 2.4923031885
0.0911000000 2.1020468506 2.4923779639
0.0921000000 2.1020918115 2.4924535498
0.0931000000 2.1021372510 2.4925299561
0.0941000000 2.1021831787 2.4926071631
0.0951000000 2.1022295850 2.4926851904
0.0961000000 2.1022764697 2.4927640283
0.0971000000 2.1023238330 2.4928436768
0.0981000000 2.1023716748 2.4929241357
0.0991000000 2.1024200049 2.4930054053
0.1001000000 2.1024688037 2.4930874854
0.1011000000 2.1025180811 2.4931703662
0.1021000000 2.1025678467 2.4932540674
0.1031000000 2.1026180811 2.4933385693
0.1041000000 2.1026687939 2.4934238818
0.1051000000 2.1027199951 2.4935100049
0.1061000000 2.1027716650 2.4935969287
0.1071000000 2.1028238037 2.4936846631
0.1081000000 2.1028764307 2.4937732080
0.1091000000 2.1029295264 2.4938625537
0.1101000000 2.1029831006 2.4939527002
0.1111000000 2.1030371533 2.4940436572
0.1121000000 2.1030916846 2.4941354248
0.1131000000 2.1031466748 2.4942279834
0.1141000000 2.1032021533 2.4943213525
0.1151000000 2.1032581006 2.4944155225
0.1161000000 2.1033145264 2.4945104932
0.1171000000 2.1033714111 2.4946062647
0.1181000000 2.1034287842 2.4947028467
0.1191000000 2.1034866260 2.4948002197
0.1201000000 2.1035449365 2.4948983936
0.1211000000 2.1036037158 2.4949973779
0.1221000000 2.1036629736 2.4950971533
0.1231000000 2.1037226904 2.4951977197
0.1241000000 2.1037828857 2.4952990967
0.1251000000 2.1038435498 2.4954012647
0.1261000000 2.1039046924 2.4955042334
0.1271000000 2.1039662939 2.4956080029
0.1281000000 2.1040283643 2.4957125635
0.1291000000 2.1040909033 2.4958179150
0.1301000000 2.1041539209 2.4959240674
0.1311000000 2.1042173975 2.4960310107
0.1321000000 2.1042813428 2.4961387549
0.1331000000 2.1043457471 2.4962472803
0.1341000000 2.1044106299 2.4963566064
0.1351000000 2.1044759717 2.4964667334
0.1361000000 2.1045417822 2.4965776416
0.1371000000 2.1046080518 2.4966893408
0.1381000000 2.1046747900 2.4968018311
0.1391000000 2.1047419971 2.4969151123
0.1401000000 2.1048096631 2.4970291846
0.1411000000 2.1048777881 2.4971440479
0.1421000000 2.1049463818 2.4972596924
0.1431000000 2.1050154443 2.4973761279
0.1441000000 2.1050849561 2.4974933447
0.1451000000 2.1051549365 2.4976113623
0.1461000000 2.1052253760 2.4977301514
0.1471000000 2.1052962842 2.4978497314
0.1481000000 2.1053676416 2.4979701025
0.1491000000 2.1054394678 2.4980912451
0.1501000000 2.1055117432 2.4982131787
0.1511000000 2.1055844873 2.4983358936
0.1521000000 2.1056576807 2.4984593897
0.1531000000 2.1057313428 2.4985836768
0.1541000000 2.1058054541 2.4987087354
0.1551000000 2.1058800244 2.4988345752
0.1561000000 2.1059550537 2.4989611963
0.1571000000 2.1060305420 2.4990885889
0.1581000000 2.1061064795 2.4992167725
0.1591000000 2.1061828760 2.4993457275
0.1601000000 2.1062597217 2.4994754541
0.1611000000 2.1063370264 2.4996059619
0.1621000000 2.1064147803 2.4997372510
0.1631000000 2.1064929932 2.4998693115
0.1641000000 2.1065716650 2.5000021436
0.1651000000 2.1066507764 2.5001357471
0.1661000000 2.1067303467 2.5002701318
0.1671000000 2.1068103662 2.5004052881
0.1681000000 2.1068908350 2.5005412158
0.1691000000 2.1069717529 2.5006779053
0.1701000000 2.1070531299 2.5008153760
0.1711000000 2.1071349463 2.5009536084
0.1721000000 2.1072172217 2.5010926221
0.1731000000 2.1072999365 2.5012323877
0.1741000000 2.1073831006 2.5013729346
0.1751000000 2.1074667139 2.5015142432
0.1761000000 2.1075507764 2.5016563135
0.1771000000 2.1076352881 2.5017991553
0.1781000000 2.1077202393 2.5019427686
0.1791000000 2.1078056299 2.5020871338
0.1801000000 2.1078914795 2.5022322705
0.1811000000 2.1079777686 2.5023781689
0.1821000000 2.1080644971 2.5025248193
0.1831000000 2.1081516650 2.5026722412
0.1841000000 2.1082392822 2.5028204248
0.1851000000 2.1083273486 2.5029693604
0.1861000000 2.1084158447 2.5031190674
0.1871000000 2.1085047900 2.5032695166
0.1881000000 2.1085941748 2.5034207373
0.1891000000 2.1086839990 2.5035727100
0.1901000000 2.1087742627 2.5037254346
0.1911000000 2.1088649658 2.5038789209
0.1921000000 2.1089561084 2.5040331592
0.1931000000 2.1090476807 2.5041881494
0.1941000000 2.1091397021 2.5043439014
0.1951000000 2.1092321533 2.5045003955
0.1961000000 2.1093250439 2.5046576514
0.1971000000 2.1094183643 2.5048156494
0.1981000000 2.1095121338 2.5049743994
0.1991000000 2.1096063232 2.5051339014
0.2001000000 2.1097009521 2.5052941553
0.2011000000 2.1097960205 2.5054551514
0.2021000000 2.1098915186 2.5056168994
0.2031000000 2.1099874463 2.5057793897
0.2041000000 2.1100838135 2.5059426221
0.2051000000 2.1101806006 2.5061066064
0.2061000000 2.1102778271 2.5062713330
0.2071000000 2.1103754834 2.5064368018
0.2081000000 2.1104735693 2.5066030127
0.2091000000 2.1105720850 2.5067699658
0.2101000000 2.1106710205 2.5069376611
0.2111000000 2.1107703955 2.5071060986
0.2121000000 2.1108701904 2.5072752686
0.2131000000 2.1109704150 2.5074451807
0.2141000000 2.1110710693 2.5076158350
0.2151000000 2.1111721533 2.5077872217
0.2161000000 2.1112736572 2.5079593408
0.2171000000 2.1113755811 2.5081322022
0.2181000000 2.1114779346 2.5083057959
0.2191000000 2.1115807080 2.5084801221
0.2201000000 2.1116839111 2.5086551807
0.2211000000 2.1117875342 2.5088309717
0.2221000000 2.1118915771 2.5090074951
0.2231000000 2.1119960400 2.5091847412
0.2241000000 2.1121009326 2.5093627295
0.2251000000 2.1122062354 2.5095414404
0.2261000000 2.1123119580 2.5097208740
0.2271000000 2.1124181006 2.5099010400
0.2281000000 2.1125246729 2.5100819385
0.2291000000 2.1126316553 2.5102635498
0.2301000000 2.1127390479 2.5104458936
0.2311000000 2.1128468604 2.5106289600
0.2321000000 2.1129550928 2.5108127490
0.2331000000 2.1130637451 2.5109972607
0.2341000000 2.1131728076 2.5111824951
0.2351000000 2.1132822803 2.5113684424
0.2361000000 2.1133921729 2.5115551123
0.2371000000 2.1135024756 2.5117425049
0.2381000000 2.1136131982 2.5119306201
0.2391000000 2.1137243213 2.5121194385
0.2401000000 2.1138358643 2.5123089795
0.2411000000 2.1139478174 2.5124992432
0.2421000000 2.1140601709 2.5126902100
0.2431000000 2.1141729443 2.5128818897
0.2441000000 2.1142861279 2.5130742920
0.2451000000 2.1143997119 2.5132673975
0.2461000000 2.1145137158 2.5134612158
0.2471000000 2.1146281104 2.5136557471
0.2481000000 2.1147429248 2.5138509814
0.2491000000 2.1148581396 2.5140469287
0.2501000000 2.1149737646 2.5142435889
0.2511000000 2.1150897900 2.5144409424
0.2521000000 2.1152062256 2.5146390088
0.2531000000 2.1153230615 2.5148377881
0.2541000000 2.1154402979 2.5150372607
0.2551000000 2.1155579346 2.5152374365
0.2561000000 2.1156759814 2.5154383154
0.2571000000 2.1157944189 2.5156398975
0.2581000000 2.1159132666 2.5158421729
0.2591000000 2.1160325146 2.5160451611
0.2601000000 2.1161521533 2.5162488330
0.2611000000 2.1162722021 2.5164532080
0.2621000000 2.1163926416 2.5166582861
0.2631000000 2.1165134814 2.5168640576
0.2641000000 2.1166347119 2.5170705127
0.2651000000 2.1167563525 2.5172776709
0.2661000000 2.1168783740 2.5174855225
0.2671000000 2.1170008057 2.5176940674
0.2681000000 2.1171236182 2.5179032959
0.2691000000 2.1172468311 2.5181132275
0.2701000000 2.1173704346 2.5183238330
0.2711000000 2.1174944385 2.5185351416
0.2721000000 2.1176188232 2.5187471338
0.2731000000 2.1177436084 2.5189598096
0.2741000000 2.1178687842 2.5191731689
0.2751000000 2.1179943506 2.5193872119
0.2761000000 2.1181202979 2.5196019482
0.2771000000 2.1182466455 2.5198173584
0.2781000000 2.1183733740 2.5200334522
0.2791000000 2.1185004932 2.5202502295
0.2801000000 2.1186280029 2.5204676807
0.2811000000 2.1187558936 2.5206858252
0.2821000000 2.1188841748 2.5209046338
0.2831000000 2.1190128369 2.5211241260
0.2841000000 2.1191418896 2.5213442920
0.2851000000 2.1192713232 2.5215651416
0.2861000000 2.1194011377 2.5217866553
0.2871000000 2.1195313428 2.5220088525
0.2881000000 2.1196619287 2.5222317139
0.2891000000 2.1197928857 2.5224552490
0.2901000000 2.1199242334 2.5226794580
0.2911000000 2.1200559619 2.5229043311
0.2921000000 2.1201880713 2.5231298779
0.2931000000 2.1203205518 2.5233560889
0.2941000000 2.1204534229 2.5235829736
0.2951000000 2.1205866650 2.5238105225
0.2961000000 2.1207202783 2.5240387256
0.2971000000 2.1208542822 2.5242676025
0.2981000000 2.1209886572 2.5244971436
0.2991000000 2.1211234033 2.5247273486
