1.7830000000 0.0144773216 1.0352354164 1.5696019325 2.5361307564 3.2203879738
1.7840000000 0.0214744377 1.0359090004 1.5700908318 2.5364376030 3.2209806023
1.7850000000 0.0267197990 1.0365825768 1.5705767250 2.5367441444 3.2215733757
1.7860000000 0.0311124001 1.0372561302 1.5710595360 2.5370503578 3.2221663017
1.7870000000 0.0349750328 1.0379296684 1.5715391579 2.5373562584 3.2227593727
1.7880000000 0.0384676781 1.0386031914 1.5720154991 2.5376618309 3.2233526039
1.7890000000 0.0416834373 1.0392766991 1.5724884300 2.5379670906 3.2239459801
1.7900000000 0.0446821404 1.0399501915 1.5729578514 2.5382720146 3.2245395012
1.7910000000 0.0475049095 1.0406236687 1.5734236259 2.5385766182 3.2251331825
1.7920000000 0.0501814461 1.0412971306 1.5738856239 2.5388808861 3.2257270088
1.7930000000 0.0527340202 1.0419705772 1.5743436852 2.5391848259 3.2263209877
1.7940000000 0.0551798286 1.0426440010 1.5747976646 2.5394884377 3.2269151192
1.7950000000 0.0575325050 1.0433174171 1.5752473793 2.5397917061 3.2275094032
1.7960000000 0.0598030357 1.0439908104 1.5756926384 2.5400946312 3.2281038322
1.7970000000 0.0620004387 1.0446641884 1.5761332436 2.5403972282 3.2286984215
1.7980000000 0.0641322441 1.0453375511 1.5765689583 2.5406994743 3.2292931557
1.7990000000 0.0662047844 1.0460109062 1.5769995384 2.5410013771 3.2298880424
1.8000000000 0.0682234612 1.0466842384 1.5774246864 2.5413029366 3.2304830818
1.8010000000 0.0701929207 1.0473575478 1.5778440895 2.5416041374 3.2310782738
1.8020000000 0.0721171989 1.0480308495 1.5782573891 2.5419049950 3.2316736183
1.8030000000 0.0739998207 1.0487041359 1.5786641655 2.5422054939 3.2322691154
1.8040000000 0.0758438835 1.0493773994 1.5790639458 2.5425056419 3.2328647652
1.8050000000 0.0776521416 1.0500506554 1.5794561653 2.5428054314 3.2334605675
1.8060000000 0.0794270363 1.0507238884 1.5798401451 2.5431048546 3.2340565224
1.8070000000 0.0811707497 1.0513971062 1.5802150688 2.5434039192 3.2346526299
1.8080000000 0.0828852654 1.0520703163 1.5805798988 2.5437026176 3.2352488976
1.8090000000 0.0845723457 1.0527434959 1.5809333153 2.5440009499 3.2358453102
1.8100000000 0.0862336006 1.0534166679 1.5812735023 2.5442989159 3.2364418755
1.8110000000 0.0878705101 1.0540898247 1.5815978432 2.5445965004 3.2370386009
1.8120000000 0.0894843941 1.0547629662 1.5819021111 2.5448937187 3.2376354713
1.8130000000 0.0910764809 1.0554360847 1.5821779213 2.5451905556 3.2382325020
1.8140000000 0.0926478996 1.0561091881 1.5823907890 2.5454870110 3.2388296852
1.8150000000 0.0941996803 1.0567822838 1.5826269264 2.5457830925 3.2394270210
1.8160000000 0.0957327843 1.0574553566 1.5829146843 2.5460787849 3.2400245171
1.8170000000 0.0972480812 1.0581284142 1.5832319832 2.5463740883 3.2406221581
1.8180000000 0.0987464027 1.0588014488 1.5835717659 2.5466690102 3.2412199593
1.8190000000 0.1002285042 1.0594744759 1.5839302788 2.5469635353 3.2418179207
1.8200000000 0.1016950951 1.0601474800 1.5843051414 2.5472576637 3.2424160271
1.8210000000 0.1031468391 1.0608204765 1.5846946678 2.5475514030 3.2430142937
1.8220000000 0.1045843468 1.0614934502 1.5850976295 2.5478447380 3.2436127129
1.8230000000 0.1060082130 1.0621664085 1.5855130577 2.5481376762 3.2442112923
1.8240000000 0.1074189644 1.0628393517 1.5859401741 2.5484302025 3.2448100243
1.8250000000 0.1088171196 1.0635122719 1.5863783379 2.5487223320 3.2454089088
1.8260000000 0.1102031517 1.0641851845 1.5868270073 2.5490140419 3.2460079536
1.8270000000 0.1115775185 1.0648580742 1.5872857323 2.5493053474 3.2466071510
1.8280000000 0.1129406471 1.0655309486 1.5877541008 2.5495962410 3.2472065010
1.8290000000 0.1142929344 1.0662038078 1.5882317772 2.5498867149 3.2478060188
1.8300000000 0.1156347542 1.0668766441 1.5887184410 2.5501767693 3.2484056816
1.8310000000 0.1169664803 1.0675494728 1.5892138176 2.5504663963 3.2490055046
1.8320000000 0.1182884407 1.0682222786 1.5897176628 2.5507556038 3.2496054878
1.8330000000 0.1196009636 1.0688950691 1.5902297478 2.5510443840 3.2502056236
1.8340000000 0.1209043617 1.0695678444 1.5907498741 2.5513327370 3.2508059196
1.8350000000 0.1221989250 1.0702406044 1.5912778511 2.5516206551 3.2514063683
1.8360000000 0.1234849205 1.0709133415 1.5918135033 2.5519081306 3.2520069771
1.8370000000 0.1247626228 1.0715860634 1.5923566780 2.5521951790 3.2526077461
1.8380000000 0.1260322838 1.0722587700 1.5929072151 2.5524817772 3.2532086678
1.8390000000 0.1272941399 1.0729314613 1.5934649925 2.5527679405 3.2538097496
1.8400000000 0.1285484200 1.0736041374 1.5940298729 2.5530536537 3.2544109917
1.8410000000 0.1297953453 1.0742767906 1.5946017342 2.5533389168 3.2550123863
1.8420000000 0.1310351295 1.0749494286 1.5951804695 2.5536237297 3.2556139412
1.8430000000 0.1322679710 1.0756220512 1.5957659721 2.5539080849 3.2562156563
1.8440000000 0.1334940529 1.0762946510 1.5963581352 2.5541919823 3.2568175316
1.8450000000 0.1347135658 1.0769672356 1.5969568672 2.5544754219 3.2574195671
1.8460000000 0.1359266853 1.0776398048 1.5975620766 2.5547583961 3.2580217552
1.8470000000 0.1371335869 1.0783123589 1.5981736794 2.5550409050 3.2586241035
1.8480000000 0.1383344231 1.0789848900 1.5987915916 2.5553229408 3.2592266121
1.8490000000 0.1395293617 1.0796574059 1.5994157372 2.5556045113 3.2598292809
1.8500000000 0.1407185402 1.0803299065 1.6000460472 2.5558856010 3.2604321098
1.8510000000 0.1419021034 1.0810023918 1.6006824379 2.5561662178 3.2610350914
1.8520000000 0.1430802040 1.0816748543 1.6013248558 2.5564463463 3.2616382408
1.8530000000 0.1442529564 1.0823473015 1.6019732246 2.5567260017 3.2622415504
1.8540000000 0.1454205055 1.0830197258 1.6026274834 2.5570051613 3.2628450127
1.8550000000 0.1465829659 1.0836921425 1.6032875710 2.5572838325 3.2634486427
1.8560000000 0.1477404594 1.0843645363 1.6039534340 2.5575620155 3.2640524330
1.8570000000 0.1488931084 1.0850369072 1.6046250191 2.5578396950 3.2646563759
1.8580000000 0.1500410118 1.0857092705 1.6053022575 2.5581168785 3.2652604866
1.8590000000 0.1511842842 1.0863816032 1.6059851189 2.5583935585 3.2658647575
1.8600000000 0.1523230247 1.0870539284 1.6066735344 2.5586697350 3.2664691887
1.8610000000 0.1534573402 1.0877262306 1.6073674583 2.5589454002 3.2670737801
1.8620000000 0.1545873299 1.0883985176 1.6080668526 2.5592205544 3.2676785393
1.8630000000 0.1557130775 1.0890707893 1.6087716713 2.5594951973 3.2682834511
1.8640000000 0.1568346748 1.0897430382 1.6094818535 2.5597693214 3.2688885307
1.8650000000 0.1579522133 1.0904152718 1.6101973763 2.5600429192 3.2694937706
1.8660000000 0.1590657768 1.0910874825 1.6109181862 2.5603159981 3.2700991707
1.8670000000 0.1601754570 1.0917596779 1.6116442451 2.5605885429 3.2707047386
1.8680000000 0.1612813148 1.0924318581 1.6123755150 2.5608605614 3.2713104591
1.8690000000 0.1623834419 1.0931040154 1.6131119575 2.5611320457 3.2719163551
1.8700000000 0.1634819069 1.0937761574 1.6138535347 2.5614029884 3.2725224037
1.8710000000 0.1645767860 1.0944482765 1.6146002083 2.5616733894 3.2731286201
1.8720000000 0.1656681480 1.0951203804 1.6153519478 2.5619432487 3.2737349968
1.8730000000 0.1667560616 1.0957924614 1.6161087151 2.5622125587 3.2743415413
1.8740000000 0.1678405952 1.0964645348 1.6168704720 2.5624813194 3.2749482460
1.8750000000 0.1689218102 1.0971365776 1.6176371956 2.5627495232 3.2755551109
1.8760000000 0.1699997673 1.0978086052 1.6184088554 2.5630171700 3.2761621437
1.8770000000 0.1710745277 1.0984806175 1.6191854057 2.5632842522 3.2767693367
1.8780000000 0.1721461601 1.0991526070 1.6199668236 2.5635507774 3.2773766975
1.8790000000 0.1732147102 1.0998245811 1.6207530861 2.5638167229 3.2779842262
1.8800000000 0.1742802391 1.1004965401 1.6215441551 2.5640821037 3.2785919151
1.8810000000 0.1753428001 1.1011684761 1.6223400002 2.5643469048 3.2791997719
1.8820000000 0.1764024467 1.1018403893 1.6231406059 2.5646111259 3.2798077888
1.8830000000 0.1774592323 1.1025122871 1.6239459343 2.5648747673 3.2804159737
1.8840000000 0.1785132103 1.1031841621 1.6247559624 2.5651378212 3.2810243187
1.8850000000 0.1795644188 1.1038560219 1.6255706596 2.5654002876 3.2816328392
1.8860000000 0.1806129112 1.1045278664 1.6263900108 2.5656621513 3.2822415199
1.8870000000 0.1816587334 1.1051996803 1.6272139778 2.5659234200 3.2828503609
1.8880000000 0.1827019310 1.1058714867 1.6280425453 2.5661840935 3.2834593773
1.8890000000 0.1837425423 1.1065432701 1.6288756905 2.5664441566 3.2840685539
1.8900000000 0.1847806206 1.1072150307 1.6297133827 2.5667036095 3.2846778984
1.8910000000 0.1858162041 1.1078867760 1.6305556068 2.5669624519 3.2852874107
1.8920000000 0.1868493309 1.1085584984 1.6314023323 2.5672206764 3.2858970833
1.8930000000 0.1878800392 1.1092301979 1.6322535439 2.5674782829 3.2865069313
1.8940000000 0.1889083748 1.1099018822 1.6331092110 2.5677352638 3.2871169395
1.8950000000 0.1899343681 1.1105735512 1.6339693184 2.5679916191 3.2877271156
1.8960000000 0.1909580574 1.1112451973 1.6348338509 2.5682473335 3.2883374672
1.8970000000 0.1919794807 1.1119168205 1.6357027779 2.5685024223 3.2889479790
1.8980000000 0.1929986763 1.1125884285 1.6365760841 2.5687568626 3.2895586586
1.8990000000 0.1940156746 1.1132600136 1.6374537544 2.5690106621 3.2901695061
1.9000000000 0.1950305061 1.1139315758 1.6383357582 2.5692638130 3.2907805290
1.9010000000 0.1960432091 1.1146031227 1.6392220879 2.5695163155 3.2913917122
1.9020000000 0.1970538139 1.1152746544 1.6401127129 2.5697681541 3.2920030632
1.9030000000 0.1980623512 1.1159461555 1.6410076256 2.5700193367 3.2926145897
1.9040000000 0.1990688515 1.1166176414 1.6419068108 2.5702698555 3.2932262840
1.9050000000 0.2000733452 1.1172891121 1.6428102379 2.5705197029 3.2938381386
1.9060000000 0.2010758629 1.1179605522 1.6437178917 2.5707688713 3.2944501686
1.9070000000 0.2020764275 1.1186319771 1.6446297722 2.5710173683 3.2950623741
1.9080000000 0.2030750694 1.1193033867 1.6455458412 2.5712651863 3.2956747398
1.9090000000 0.2040718269 1.1199747658 1.6464660988 2.5715123177 3.2962872810
1.9100000000 0.2050667076 1.1206461296 1.6473905144 2.5717587547 3.2968999901
1.9110000000 0.2060597572 1.1213174782 1.6483190880 2.5720044975 3.2975128670
1.9120000000 0.2070509834 1.1219887962 1.6492517891 2.5722495461 3.2981259193
1.9130000000 0.2080404243 1.1226600990 1.6501886177 2.5724938850 3.2987391396
1.9140000000 0.2090281029 1.1233313789 1.6511295433 2.5727375221 3.2993525276
1.9150000000 0.2100140343 1.1240026436 1.6520745659 2.5729804420 3.2999660912
1.9160000000 0.2109982491 1.1246738853 1.6530236626 2.5732226524 3.3005798225
1.9170000000 0.2119807701 1.1253451042 1.6539768181 2.5734641304 3.3011937218
1.9180000000 0.2129616127 1.1260163002 1.6549340248 2.5737048912 3.3018078041
1.9190000000 0.2139408073 1.1266874733 1.6558952675 2.5739449196 3.3024220467
1.9200000000 0.2149183769 1.1273586311 1.6568605309 2.5741842079 3.3030364647
1.9210000000 0.2158943367 1.1280297661 1.6578298073 2.5744227638 3.3036510582
1.9220000000 0.2168687096 1.1287008781 1.6588030739 2.5746605721 3.3042658272
1.9230000000 0.2178415184 1.1293719749 1.6597803307 2.5748976250 3.3048807564
1.9240000000 0.2188127785 1.1300430489 1.6607615547 2.5751339302 3.3054958687
1.9250000000 0.2197825127 1.1307140923 1.6617467384 2.5753694725 3.3061111488
1.9260000000 0.2207507439 1.1313851280 1.6627358742 2.5756042519 3.3067266045
1.9270000000 0.2217174797 1.1320561333 1.6637289391 2.5758382683 3.3073422356
1.9280000000 0.2226827431 1.1327271156 1.6647259331 2.5760715065 3.3079580345
1.9290000000 0.2236465645 1.1333980827 1.6657268410 2.5763039665 3.3085740166
1.9300000000 0.2246089439 1.1340690269 1.6667316551 2.5765356407 3.3091901665
1.9310000000 0.2255699043 1.1347399406 1.6677403603 2.5767665291 3.3098064842
1.9320000000 0.2265294685 1.1354108467 1.6687529488 2.5769966240 3.3104229851
1.9330000000 0.2274876442 1.1360817223 1.6697694054 2.5772259178 3.3110396614
1.9340000000 0.2284444542 1.1367525749 1.6707897301 2.5774544106 3.3116565056
1.9350000000 0.2293999138 1.1374234123 1.6718139076 2.5776820946 3.3122735252
1.9360000000 0.2303540459 1.1380942192 1.6728419228 2.5779089622 3.3128907280
1.9370000000 0.2313068504 1.1387650108 1.6738737755 2.5781350136 3.3135080986
1.9380000000 0.2322583504 1.1394357796 1.6749094505 2.5783602333 3.3141256447
1.9390000000 0.2332085609 1.1401065254 1.6759489479 2.5785846291 3.3147433739
1.9400000000 0.2341574974 1.1407772484 1.6769922447 2.5788081856 3.3153612709
1.9410000000 0.2351051750 1.1414479485 1.6780393410 2.5790309029 3.3159793510
1.9420000000 0.2360516014 1.1421186256 1.6790902290 2.5792527733 3.3165975990
1.9430000000 0.2369967995 1.1427892799 1.6801449013 2.5794737968 3.3172160301
1.9440000000 0.2379407845 1.1434599113 1.6812033424 2.5796939583 3.3178346367
1.9450000000 0.2388835564 1.1441305275 1.6822655602 2.5799132576 3.3184534187
1.9460000000 0.2398251381 1.1448011131 1.6833315315 2.5801316872 3.3190723839
1.9470000000 0.2407655373 1.1454716759 1.6844012489 2.5803492393 3.3196915245
1.9480000000 0.2417047768 1.1461422234 1.6854747200 2.5805659142 3.3203108330
1.9490000000 0.2426428566 1.1468127403 1.6865519218 2.5807817116 3.3209303322
1.9500000000 0.2435797920 1.1474832344 1.6876328545 2.5809966087 3.3215499992
1.9510000000 0.2445156059 1.1481537132 1.6887175179 2.5812106056 3.3221698494
1.9520000000 0.2454502983 1.1488241615 1.6898058968 2.5814237099 3.3227898827
1.9530000000 0.2463838844 1.1494945946 1.6908979836 2.5816358986 3.3234100914
1.9540000000 0.2473163719 1.1501649971 1.6919937782 2.5818471718 3.3240304756
1.9550000000 0.2482477837 1.1508353767 1.6930932732 2.5820575218 3.3246510429
1.9560000000 0.2491781197 1.1515057335 1.6941964607 2.5822669487 3.3252717857
1.9570000000 0.2501073875 1.1521760750 1.6953033409 2.5824754448 3.3258927116
1.9580000000 0.2510356102 1.1528463860 1.6964138985 2.5826829948 3.3265138206
1.9590000000 0.2519627953 1.1535166740 1.6975281334 2.5828896065 3.3271351051
1.9600000000 0.2528889427 1.1541869392 1.6986460457 2.5830952644 3.3277565651
1.9610000000 0.2538140755 1.1548571815 1.6997676277 2.5832999611 3.3283782158
1.9620000000 0.2547381935 1.1555274010 1.7008928642 2.5835036888 3.3290000420
1.9630000000 0.2556613197 1.1561975899 1.7020217705 2.5837064552 3.3296220512
1.9640000000 0.2565834465 1.1568677635 1.7031543236 2.5839082375 3.3302442360
1.9650000000 0.2575045967 1.1575379066 1.7042905312 2.5841090431 3.3308666115
1.9660000000 0.2584247704 1.1582080345 1.7054303856 2.5843088493 3.3314891624
1.9670000000 0.2593439903 1.1588781319 1.7065738792 2.5845076637 3.3321118965
1.9680000000 0.2602622490 1.1595482063 1.7077210121 2.5847054710 3.3327348137
1.9690000000 0.2611795616 1.1602182579 1.7088717842 2.5849022713 3.3333579063
1.9700000000 0.2620959435 1.1608882866 1.7100261879 2.5850980492 3.3339811897
1.9710000000 0.2630113945 1.1615582848 1.7111842232 2.5852928047 3.3346046562
1.9720000000 0.2639259300 1.1622282600 1.7123458748 2.5854865303 3.3352282982
1.9730000000 0.2648395576 1.1628982201 1.7135111580 2.5856792183 3.3358521309
1.9740000000 0.2657522774 1.1635681496 1.7146800652 2.5858708611 3.3364761467
1.9750000000 0.2666641045 1.1642380486 1.7158525810 2.5860614586 3.3371003456
1.9760000000 0.2675750465 1.1649079323 1.7170287209 2.5862509880 3.3377247276
1.9770000000 0.2684851112 1.1655777855 1.7182084694 2.5864394493 3.3383492928
1.9780000000 0.2693942986 1.1662476234 1.7193918266 2.5866268425 3.3389740410
1.9790000000 0.2703026314 1.1669174232 1.7205788002 2.5868131523 3.3395989723
1.9800000000 0.2712101021 1.1675872078 1.7217693825 2.5869983711 3.3402240944
1.9810000000 0.2721167259 1.1682569695 1.7229635658 2.5871824989 3.3408493996
1.9820000000 0.2730225105 1.1689267006 1.7241613579 2.5873655205 3.3414748955
1.9830000000 0.2739274559 1.1695964012 1.7253627510 2.5875474358 3.3421005669
1.9840000000 0.2748315773 1.1702660866 1.7265677528 2.5877282295 3.3427264290
1.9850000000 0.2757348824 1.1709357414 1.7277763481 2.5879078941 3.3433524818
1.9860000000 0.2766373634 1.1716053734 1.7289885521 2.5880864296 3.3439787102
1.9870000000 0.2775390511 1.1722749825 1.7302043571 2.5882638206 3.3446051369
1.9880000000 0.2784399300 1.1729445610 1.7314237556 2.5884400597 3.3452317467
1.9890000000 0.2793400154 1.1736141167 1.7326467552 2.5886151466 3.3458585396
1.9900000000 0.2802393150 1.1742836494 1.7338733635 2.5887890663 3.3464855232
1.9910000000 0.2811378365 1.1749531517 1.7351035652 2.5889618111 3.3471126900
1.9920000000 0.2820355797 1.1756226311 1.7363373680 2.5891333733 3.3477400551
1.9930000000 0.2829325523 1.1762920876 1.7375747719 2.5893037453 3.3483675957
1.9940000000 0.2838287621 1.1769615135 1.7388157692 2.5894729195 3.3489953346
1.9950000000 0.2847242241 1.1776309166 1.7400603752 2.5896408882 3.3496232567
1.9960000000 0.2856189232 1.1783002968 1.7413085899 2.5898076439 3.3502513695
1.9970000000 0.2865128822 1.1789696465 1.7425603981 2.5899731712 3.3508796730
1.9980000000 0.2874061012 1.1796389656 1.7438158150 2.5901374626 3.3515081673
1.9990000000 0.2882985878 1.1803082695 1.7450748405 2.5903005180 3.3521368446
2.0000000000 0.2891903419 1.1809775352 1.7463374672 2.5904623222 3.3527657127
2.0010000000 0.2900813789 1.1816467857 1.7476037102 2.5906228752 3.3533947792
2.0020000000 0.2909716911 1.1823160057 1.7488735542 2.5907821541 3.3540240288
2.0030000000 0.2918612938 1.1829851952 1.7501470222 2.5909401512 3.3546534691
2.0040000000 0.2927501869 1.1836543617 1.7514240990 2.5910968666 3.3552831078
2.0050000000 0.2936383781 1.1843235054 1.7527047920 2.5912522926 3.3559129295
2.0060000000 0.2945258751 1.1849926186 1.7539891090 2.5914064064 3.3565429420
2.0070000000 0.2954126778 1.1856617088 1.7552770424 2.5915592079 3.3571731529
2.0080000000 0.2962987938 1.1863307686 1.7565686073 2.5917106895 3.3578035545
2.0090000000 0.2971842232 1.1869998055 1.7578637962 2.5918608360 3.3584341469
2.0100000000 0.2980689735 1.1876688118 1.7591626167 2.5920096397 3.3590649300
2.0110000000 0.2989530525 1.1883377876 1.7604650764 2.5921570930 3.3596959038
2.0120000000 0.2998364601 1.1890067406 1.7617711678 2.5923031883 3.3603270760
2.0130000000 0.3007192116 1.1896756706 1.7630808983 2.5924479103 3.3609584389
2.0140000000 0.3016012917 1.1903445702 1.7643942757 2.5925912437 3.3615900002
2.0150000000 0.3024827232 1.1910134392 1.7657113075 2.5927331963 3.3622217522
2.0160000000 0.3033634987 1.1916822853 1.7670319862 2.5928737373 3.3628536949
2.0170000000 0.3042436333 1.1923511009 1.7683563271 2.5930128746 3.3634858360
2.0180000000 0.3051231194 1.1930198936 1.7696843224 2.5931505852 3.3641181755
2.0190000000 0.3060019722 1.1936886559 1.7710159874 2.5932868614 3.3647507057
2.0200000000 0.3068801842 1.1943573952 1.7723513222 2.5934216957 3.3653834267
2.0210000000 0.3077577705 1.1950261040 1.7736903343 2.5935550728 3.3660163460
2.0220000000 0.3086347237 1.1956947823 1.7750330238 2.5936869926 3.3666494637
2.0230000000 0.3095110588 1.1963634300 1.7763793983 2.5938174324 3.3672827797
2.0240000000 0.3103867683 1.1970320549 1.7777294655 2.5939463844 3.3679162865
2.0250000000 0.3112618675 1.1977006569 1.7790832329 2.5940738411 3.3685499916
2.0260000000 0.3121363564 1.1983692284 1.7804407005 2.5941997871 3.3691838951
2.0270000000 0.3130102348 1.1990377693 1.7818018761 2.5943242073 3.3698179970
2.0280000000 0.3138835106 1.1997062798 1.7831667595 2.5944471016 3.3704522972
2.0290000000 0.3147561836 1.2003747673 1.7845353737 2.5945684547 3.3710867882
2.0300000000 0.3156282616 1.2010432167 1.7859077110 2.5946882515 3.3717214851
2.0310000000 0.3164997368 1.2017116508 1.7872837791 2.5948064766 3.3723563805
2.0320000000 0.3173706322 1.2023800468 1.7886635857 2.5949231300 3.3729914665
2.0330000000 0.3182409325 1.2030484200 1.7900471458 2.5950381889 3.3736267586
2.0340000000 0.3191106529 1.2037167625 1.7914344597 2.5951516457 3.3742622490
2.0350000000 0.3199797935 1.2043850822 1.7928255348 2.5952634850 3.3748979378
2.0360000000 0.3208483543 1.2050533638 1.7942203789 2.5953736992 3.3755338249
2.0370000000 0.3217163429 1.2057216225 1.7956189995 2.5954822731 3.3761699181
2.0380000000 0.3225837593 1.2063898506 1.7970214043 2.5955891914 3.3768062096
2.0390000000 0.3234506035 1.2070580482 1.7984276009 2.5956944466 3.3774426994
2.0400000000 0.3243168907 1.2077262230 1.7998375969 2.5957980309 3.3780793877
2.0410000000 0.3251826057 1.2083943672 1.8012514076 2.5958999138 3.3787162819
2.0420000000 0.3260477715 1.2090624733 1.8026690331 2.5960000954 3.3793533745
2.0430000000 0.3269123726 1.2097305641 1.8040904884 2.5960985527 3.3799906731
2.0440000000 0.3277764244 1.2103986168 1.8055157814 2.5961952858 3.3806281776
2.0450000000 0.3286399269 1.2110666389 1.8069449120 2.5962902718 3.3812658730
2.0460000000 0.3295028725 1.2117346382 1.8083779030 2.5963835030 3.3819037819
2.0470000000 0.3303652840 1.2124026070 1.8098147545 2.5964749565 3.3825418892
2.0480000000 0.3312271461 1.2130705376 1.8112554817 2.5965646248 3.3831802025
2.0490000000 0.3320884666 1.2137384453 1.8127000999 2.5966524925 3.3838187141
2.0500000000 0.3329492531 1.2144063301 1.8141486015 2.5967385445 3.3844574394
2.0510000000 0.3338095055 1.2150741768 1.8156010094 2.5968227654 3.3850963631
2.0520000000 0.3346692238 1.2157419930 1.8170573387 2.5969051399 3.3857354927
2.0530000000 0.3355284081 1.2164097862 1.8185175896 2.5969856529 3.3863748283
2.0540000000 0.3363870735 1.2170775414 1.8199817772 2.5970642967 3.3870143623
2.0550000000 0.3372452049 1.2177452736 1.8214499168 2.5971410484 3.3876541100
2.0560000000 0.3381028175 1.2184129677 1.8229220161 2.5972159004 3.3882940636
2.0570000000 0.3389599113 1.2190806389 1.8243980827 2.5972888222 3.3889342232
2.0580000000 0.3398164787 1.2197482796 1.8258781395 2.5973598137 3.3895745888
2.0590000000 0.3406725426 1.2204158897 1.8273621864 2.5974288521 3.3902151604
2.0600000000 0.3415280800 1.2210834618 1.8288502464 2.5974959221 3.3908559380
2.0610000000 0.3423831139 1.2217510109 1.8303423195 2.5975610085 3.3914969292
2.0620000000 0.3432376366 1.2224185295 1.8318384285 2.5976240959 3.3921381187
2.0630000000 0.3440916481 1.2230860176 1.8333385887 2.5976851616 3.3927795296
2.0640000000 0.3449451637 1.2237534752 1.8348428078 2.5977441902 3.3934211388
2.0650000000 0.3457981682 1.2244208946 1.8363511009 2.5978011742 3.3940629616
2.0660000000 0.3466506691 1.2250882912 1.8378634758 2.5978560905 3.3947049904
2.0670000000 0.3475026741 1.2257556572 1.8393799553 2.5979089165 3.3953472328
2.0680000000 0.3483541832 1.2264229927 1.8409005470 2.5979596367 3.3959896889
2.0690000000 0.3492051964 1.2270902901 1.8424252739 2.5980082359 3.3966323509
2.0700000000 0.3500557137 1.2277575645 1.8439541435 2.5980546989 3.3972752190
2.0710000000 0.3509057426 1.2284248009 1.8454871788 2.5980990028 3.3979183083
2.0720000000 0.3517552757 1.2290920143 1.8470243797 2.5981411247 3.3985616035
2.0730000000 0.3526043282 1.2297591896 1.8485657768 2.5981810570 3.3992051048
2.0740000000 0.3534528847 1.2304263344 1.8501113777 2.5982187767 3.3998488274
2.0750000000 0.3543009605 1.2310934486 1.8516612053 2.5982542610 3.4004927635
2.0760000000 0.3551485558 1.2317605324 1.8532152672 2.5982874870 3.4011369057
2.0770000000 0.3559956703 1.2324275856 1.8547735939 2.5983184471 3.4017812614
2.0780000000 0.3568422966 1.2330946083 1.8563361855 2.5983471184 3.4024258385
2.0790000000 0.3576884575 1.2337615929 1.8579030647 2.5983734703 3.4030706215
2.0800000000 0.3585341301 1.2344285545 1.8594742622 2.5983974953 3.4037156258
2.0810000000 0.3593793297 1.2350954781 1.8610497780 2.5984191628 3.4043608360
2.0820000000 0.3602240639 1.2357623711 1.8626296349 2.5984384575 3.4050062675
2.0830000000 0.3610683174 1.2364292336 1.8642138557 2.5984553566 3.4056519127
2.0840000000 0.3619121056 1.2370960579 1.8658024635 2.5984698372 3.4062977791
2.0850000000 0.3627554207 1.2377628593 1.8673954659 2.5984818764 3.4069438591
2.0860000000 0.3635982704 1.2384296227 1.8689928856 2.5984914589 3.4075901527
2.0870000000 0.3644406471 1.2390963554 1.8705947456 2.5984985542 3.4082366600
2.0880000000 0.3652825661 1.2397630501 1.8722010612 2.5985031471 3.4088833885
2.0890000000 0.3661240196 1.2404297218 1.8738118629 2.5985052147 3.4095303383
2.0900000000 0.3669650078 1.2410963554 1.8754271584 2.5985047264 3.4101775017
2.0910000000 0.3678055382 1.2417629585 1.8770469780 2.5985016670 3.4108248863
2.0920000000 0.3686456032 1.2424295311 1.8786713448 2.5984960060 3.4114724922
2.0930000000 0.3694852180 1.2430960655 1.8803002663 2.5984877205 3.4121203117
2.0940000000 0.3703243675 1.2437625694 1.8819337807 2.5984767876 3.4127683525
2.0950000000 0.3711630669 1.2444290428 1.8835718956 2.5984631844 3.4134166145
2.0960000000 0.3720013084 1.2450954857 1.8852146492 2.5984468803 3.4140650978
2.0970000000 0.3728390923 1.2457618904 1.8868620567 2.5984278526 3.4147138023
2.0980000000 0.3736764259 1.2464282646 1.8885141411 2.5984060783 3.4153627205
2.0990000000 0.3745133095 1.2470946007 1.8901709251 2.5983815269 3.4160118675
2.1000000000 0.3753497353 1.2477609062 1.8918324394 2.5983541756 3.4166612358
2.1010000000 0.3761857185 1.2484271812 1.8934986992 2.5983240013 3.4173108253
2.1020000000 0.3770212440 1.2490934181 1.8951697426 2.5982909660 3.4179606438
2.1030000000 0.3778563271 1.2497596245 1.8968455849 2.5982550468 3.4186106758
2.1040000000 0.3786909676 1.2504258003 1.8985262566 2.5982162132 3.4192609367
2.1050000000 0.3795251579 1.2510919380 1.9002117805 2.5981744423 3.4199114189
2.1060000000 0.3803588982 1.2517580452 1.9019021873 2.5981297035 3.4205621300
2.1070000000 0.3811922035 1.2524241142 1.9035975075 2.5980819664 3.4212130623
2.1080000000 0.3820250587 1.2530901527 1.9052977562 2.5980312004 3.4218642235
2.1090000000 0.3828574715 1.2537561607 1.9070029716 2.5979773750 3.4225156059
2.1100000000 0.3836894417 1.2544221306 1.9087131844 2.5979204597 3.4231672173
2.1110000000 0.3845209770 1.2550880699 1.9104284172 2.5978604240 3.4238190575
2.1120000000 0.3853520622 1.2557539711 1.9121487083 2.5977972374 3.4244711266
2.1130000000 0.3861827126 1.2564198418 1.9138740730 2.5977308693 3.4251234169
2.1140000000 0.3870129280 1.2570856743 1.9156045570 2.5976612816 3.4257759361
2.1150000000 0.3878427010 1.2577514687 1.9173401909 2.5975884514 3.4264286842
2.1160000000 0.3886720390 1.2584172401 1.9190809975 2.5975123329 3.4270816612
2.1170000000 0.3895009346 1.2590829659 1.9208270073 2.5974328957 3.4277348671
2.1180000000 0.3903294029 1.2597486687 1.9225782661 2.5973501091 3.4283883018
2.1190000000 0.3911574287 1.2604143257 1.9243347969 2.5972639427 3.4290419731
2.1200000000 0.3919850197 1.2610799522 1.9260966377 2.5971743431 3.4296958656
2.1210000000 0.3928121834 1.2617455482 1.9278638268 2.5970812950 3.4303499947
2.1220000000 0.3936389046 1.2624111061 1.9296363945 2.5969847450 3.4310043526
2.1230000000 0.3944651985 1.2630766258 1.9314143715 2.5968846703 3.4316589470
2.1240000000 0.3952910576 1.2637421150 1.9331978035 2.5967810173 3.4323137703
2.1250000000 0.3961164818 1.2644075661 1.9349867287 2.5966737556 3.4329688301
2.1260000000 0.3969414711 1.2650729866 1.9367811775 2.5965628471 3.4336241188
2.1270000000 0.3977660408 1.2657383690 1.9385811958 2.5964482536 3.4342796440
2.1280000000 0.3985901680 1.2664037209 1.9403868141 2.5963299294 3.4349353981
2.1290000000 0.3994138680 1.2670690269 1.9421980782 2.5962078362 3.4355913963
2.1300000000 0.4002371407 1.2677343102 1.9440150261 2.5960819283 3.4362476234
2.1310000000 0.4010599785 1.2683995476 1.9458376961 2.5959521675 3.4369040871
2.1320000000 0.4018823967 1.2690647545 1.9476661415 2.5958185081 3.4375607872
2.1330000000 0.4027043724 1.2697299232 1.9495003929 2.5956809044 3.4382177238
2.1340000000 0.4035259285 1.2703950615 1.9513405037 2.5955393181 3.4388748970
2.1350000000 0.4043470573 1.2710601616 1.9531865120 2.5953936958 3.4395323067
2.1360000000 0.4051677513 1.2717252235 1.9550384636 2.5952439995 3.4401899605
2.1370000000 0.4059880180 1.2723902473 1.9568964119 2.5950901756 3.4408478508
2.1380000000 0.4068078575 1.2730552406 1.9587603874 2.5949321785 3.4415059776
2.1390000000 0.4076272697 1.2737201958 1.9606304512 2.5947699547 3.4421643410
2.1400000000 0.4084462547 1.2743851204 1.9625066566 2.5946034584 3.4428229485
2.1410000000 0.4092648125 1.2750499992 1.9643890343 2.5944326439 3.4434818001
2.1420000000 0.4100829430 1.2757148476 1.9662776527 2.5942574425 3.4441408882
2.1430000000 0.4109006538 1.2763796577 1.9681725578 2.5940778236 3.4448002205
2.1440000000 0.4117179298 1.2770444374 1.9700737953 2.5938937187 3.4454597893
2.1450000000 0.4125347786 1.2777091713 1.9719814262 2.5937050819 3.4461196098
2.1460000000 0.4133512001 1.2783738747 1.9738955116 2.5935118523 3.4467796669
2.1470000000 0.4141671944 1.2790385399 1.9758160896 2.5933139687 3.4474399681
2.1480000000 0.4149827690 1.2797031670 1.9777432289 2.5931113853 3.4481005135
2.1490000000 0.4157979088 1.2803677635 1.9796769905 2.5929040337 3.4487613106
2.1500000000 0.4166126289 1.2810323143 1.9816174202 2.5926918602 3.4494223442
2.1510000000 0.4174269142 1.2816968346 1.9835645866 2.5924748039 3.4500836296
2.1520000000 0.4182407799 1.2823613167 1.9855185585 2.5922527885 3.4507451591
2.1530000000 0.4190542183 1.2830257607 1.9874793892 2.5920257683 3.4514069405
2.1540000000 0.4198672218 1.2836901665 1.9894471397 2.5917936745 3.4520689583
2.1550000000 0.4206798058 1.2843545418 1.9914218788 2.5915564308 3.4527312355
2.1560000000 0.4214919624 1.2850188713 1.9934036827 2.5913139763 3.4533937569
2.1570000000 0.4223036919 1.2856831703 1.9953926048 2.5910662498 3.4540565300
2.1580000000 0.4231149864 1.2863474236 1.9973887291 2.5908131676 3.4547195473
2.1590000000 0.4239258614 1.2870116463 1.9993921165 2.5905546608 3.4553828163
2.1600000000 0.4247363091 1.2876758308 2.0014028358 2.5902906609 3.4560463371
2.1610000000 0.4255463219 1.2883399773 2.0034209785 2.5900210915 3.4567101173
2.1620000000 0.4263559074 1.2890040855 2.0054466057 2.5897458839 3.4573741417
2.1630000000 0.4271650734 1.2896681557 2.0074797935 2.5894649391 3.4580384178
2.1640000000 0.4279737968 1.2903321953 2.0095206337 2.5891781960 3.4587029533
2.1650000000 0.4287821007 1.2909961891 2.0115691948 2.5888855629 3.4593677406
2.1660000000 0.4295899773 1.2916601448 2.0136255684 2.5885869637 3.4600327797
2.1670000000 0.4303974190 1.2923240700 2.0156898384 2.5882823143 3.4606980705
2.1680000000 0.4312044258 1.2929879494 2.0177620888 2.5879715157 3.4613636284
2.1690000000 0.4320110054 1.2936517906 2.0198424034 2.5876544838 3.4620294304
2.1700000000 0.4328171577 1.2943156013 2.0219308891 2.5873311348 3.4626954994
2.1710000000 0.4336228752 1.2949793663 2.0240276146 2.5870013695 3.4633618202
2.1720000000 0.4344281654 1.2956430931 2.0261327019 2.5866650887 3.4640284004
2.1730000000 0.4352330208 1.2963067894 2.0282462273 2.5863222008 3.4646952400
2.1740000000 0.4360374413 1.2969704399 2.0303682976 2.5859726067 3.4653623390
2.1750000000 0.4368414268 1.2976340523 2.0324990196 2.5856161995 3.4660297050
2.1760000000 0.4376449852 1.2982976341 2.0346384926 2.5852528648 3.4666973228
2.1770000000 0.4384481010 1.2989611702 2.0367868233 2.5848825188 3.4673652077
2.1780000000 0.4392507896 1.2996246681 2.0389441261 2.5845050316 3.4680333519
2.1790000000 0.4400530357 1.3002881279 2.0411105080 2.5841202888 3.4687017555
2.1800000000 0.4408548546 1.3009515495 2.0432860909 2.5837281914 3.4693704262
2.1810000000 0.4416562309 1.3016149330 2.0454709892 2.5833286018 3.4700393639
2.1820000000 0.4424571724 1.3022782784 2.0476653328 2.5829214134 3.4707085609
2.1830000000 0.4432576714 1.3029415779 2.0498692360 2.5825064888 3.4713780251
2.1840000000 0.4440577354 1.3036048470 2.0520828285 2.5820837135 3.4720477562
2.1850000000 0.4448573570 1.3042680702 2.0543062477 2.5816529350 3.4727177544
2.1860000000 0.4456565437 1.3049312630 2.0565396309 2.5812140312 3.4733880196
2.1870000000 0.4464552803 1.3055944099 2.0587831078 2.5807668648 3.4740585518
2.1880000000 0.4472535820 1.3062575188 2.0610368309 2.5803112907 3.4747293587
2.1890000000 0.4480514412 1.3069205894 2.0633009377 2.5798471489 3.4754004326
2.1900000000 0.4488488579 1.3075836220 2.0655755882 2.5793743095 3.4760717735
2.1910000000 0.4496458244 1.3082466087 2.0678609352 2.5788925972 3.4767433891
2.1920000000 0.4504423485 1.3089095650 2.0701571388 2.5784018669 3.4774152794
2.1930000000 0.4512384300 1.3095724754 2.0724643593 2.5779019432 3.4780874367
2.1940000000 0.4520340614 1.3102353477 2.0747827721 2.5773926582 3.4787598686
2.1950000000 0.4528292503 1.3108981819 2.0771125526 2.5768738365 3.4794325752
2.1960000000 0.4536239815 1.3115609703 2.0794538765 2.5763453102 3.4801055565
2.1970000000 0.4544182701 1.3122237282 2.0818069267 2.5758068733 3.4807788124
2.1980000000 0.4552121086 1.3128864403 2.0841719093 2.5752583504 3.4814523506
2.1990000000 0.4560054893 1.3135491142 2.0865490074 2.5746995277 3.4821261635
2.2000000000 0.4567984200 1.3142117500 2.0889384346 2.5741302223 3.4828002510
2.2010000000 0.4575909004 1.3148743401 2.0913403893 2.5735502052 3.4834746208
2.2020000000 0.4583829231 1.3155368919 2.0937551003 2.5729592705 3.4841492653
2.2030000000 0.4591744881 1.3161994057 2.0961827888 2.5723571815 3.4848241920
2.2040000000 0.4599656029 1.3168618813 2.0986236916 2.5717437248 3.4854994011
2.2050000000 0.4607562523 1.3175243187 2.1010780449 2.5711186409 3.4861748924
2.2060000000 0.4615464439 1.3181867104 2.1035460930 2.5704816856 3.4868506737
2.2070000000 0.4623361778 1.3188490639 2.1060280952 2.5698326073 3.4875267296
2.2080000000 0.4631254463 1.3195113716 2.1085243263 2.5691711388 3.4882030678
2.2090000000 0.4639142494 1.3201736412 2.1110350609 2.5684969978 3.4888797035
2.2100000000 0.4647025948 1.3208358727 2.1135605736 2.5678099022 3.4895566139
2.2110000000 0.4654904747 1.3214980659 2.1161011772 2.5671095543 3.4902338142
2.2120000000 0.4662778816 1.3221602135 2.1186571693 2.5663956413 3.4909113045
2.2130000000 0.4670648232 1.3228223228 2.1212288780 2.5656678505 3.4915890846
2.2140000000 0.4678512917 1.3234843941 2.1238166313 2.5649258461 3.4922671547
2.2150000000 0.4686372948 1.3241464272 2.1264207726 2.5641692848 3.4929455147
2.2160000000 0.4694228172 1.3248084145 2.1290416756 2.5633978004 3.4936241646
2.2170000000 0.4702078743 1.3254703560 2.1316796989 2.5626110191 3.4943031120
2.2180000000 0.4709924507 1.3261322594 2.1343352394 2.5618085518 3.4949823494
2.2190000000 0.4717765465 1.3267941246 2.1370087090 2.5609899940 3.4956618767
2.2200000000 0.4725601692 1.3274559517 2.1397005272 2.5601549187 3.4963417091
2.2210000000 0.4733433113 1.3281177330 2.1424111443 2.5593028831 3.4970218315
2.2220000000 0.4741259651 1.3287794762 2.1451410179 2.5584334145 3.4977022514
2.2230000000 0.4749081383 1.3294411736 2.1478906288 2.5575460472 3.4983829689
2.2240000000 0.4756898308 1.3301028328 2.1506604958 2.5566402626 3.4990639839
2.2250000000 0.4764710350 1.3307644539 2.1534511375 2.5557155266 3.4997453041
2.2260000000 0.4772517433 1.3314260292 2.1562631187 2.5547712975 3.5004269218
2.2270000000 0.4780319710 1.3320875664 2.1590970268 2.5538069725 3.5011088448
2.2280000000 0.4788116951 1.3327490578 2.1619534645 2.5528219490 3.5017910728
2.2290000000 0.4795909386 1.3334105110 2.1648330879 2.5518155861 3.5024735985
2.2300000000 0.4803696785 1.3340719185 2.1677365685 2.5507871895 3.5031564369
2.2310000000 0.4811479149 1.3347332954 2.1706646309 2.5497360573 3.5038395805
2.2320000000 0.4819256554 1.3353946190 2.1736180153 2.5486614342 3.5045230293
2.2330000000 0.4827028999 1.3360559044 2.1765975304 2.5475625267 3.5052067833
2.2340000000 0.4834796333 1.3367171516 2.1796040154 2.5464384804 3.5058908501
2.2350000000 0.4842558632 1.3373783531 2.1826383553 2.5452884102 3.5065752296
2.2360000000 0.4850315895 1.3380395164 2.1857015114 2.5441113777 3.5072599144
2.2370000000 0.4858067970 1.3387006340 2.1887944679 2.5429063683 3.5079449196
2.2380000000 0.4865815010 1.3393617134 2.1919183083 2.5416723289 3.5086302376
2.2390000000 0.4873556862 1.3400227470 2.1950741539 2.5404081154 3.5093158684
2.2400000000 0.4881293526 1.3406837425 2.1982632256 2.5391125145 3.5100018196
2.2410000000 0.4889025002 1.3413446999 2.2014868202 2.5377842369 3.5106880836
2.2420000000 0.4896751289 1.3420056114 2.2047463188 2.5364219017 3.5113746681
2.2430000000 0.4904472313 1.3426664772 2.2080432014 2.5350240211 3.5120615730
2.2440000000 0.4912188072 1.3433273048 2.2113790703 2.5335889931 3.5127487984
2.2450000000 0.4919898567 1.3439880867 2.2147556419 2.5321151085 3.5134363441
2.2460000000 0.4927603722 1.3446488304 2.2181747704 2.5306005058 3.5141242180
2.2470000000 0.4935303612 1.3453095284 2.2216384621 2.5290431786 3.5148124123
2.2480000000 0.4942998085 1.3459701881 2.2251488991 2.5274409599 3.5155009422
2.2490000000 0.4950687218 1.3466308098 2.2287084465 2.5257914772 3.5161897926
2.2500000000 0.4958370857 1.3472913780 2.2323196907 2.5240921440 3.5168789711
2.2510000000 0.4966049080 1.3479519157 2.2359854469 2.5223401375 3.5175684776
2.2520000000 0.4973721886 1.3486124001 2.2397088356 2.5205323524 3.5182583199
2.2530000000 0.4981389122 1.3492728539 2.2434932671 2.5186653709 3.5189484978
2.2540000000 0.4989050865 1.3499332542 2.2473425255 2.5167354012 3.5196390038
2.2550000000 0.4996707115 1.3505936165 2.2512608376 2.5147382469 3.5203298454
2.2560000000 0.5004357719 1.3512539406 2.2552528801 2.5126691933 3.5210210304
2.2570000000 0.5012002678 1.3519142189 2.2593239326 2.5105229836 3.5217125511
2.2580000000 0.5019642067 1.3525744514 2.2634799538 2.5082936592 3.5224044075
2.2590000000 0.5027275734 1.3532346458 2.2677277031 2.5059744606 3.5230966072
2.2600000000 0.5034903679 1.3538948021 2.2720749016 2.5035576591 3.5237891502
2.2610000000 0.5042525902 1.3545549126 2.2765304680 2.5010343437 3.5244820366
2.2620000000 0.5050142403 1.3552149773 2.2811047554 2.4983941612 3.5251752739
2.2630000000 0.5057753029 1.3558750038 2.2858099098 2.4956249657 3.5258688545
2.2640000000 0.5065357780 1.3565349846 2.2906603661 2.4927123299 3.5265627861
2.2650000000 0.5072956734 1.3571949196 2.2956734505 2.4896389122 3.5272570686
2.2660000000 0.5080549736 1.3578548164 2.3008703117 2.4863835716 3.5279517021
2.2670000000 0.5088136787 1.3585146751 2.3062772026 2.4829200630 3.5286466866
2.2680000000 0.5095717888 1.3591744881 2.3119273796 2.4792151222 3.5293420296
2.2690000000 0.5103292961 1.3598342552 2.3178640633 2.4752255363 3.5300377312
2.2700000000 0.5110861931 1.3604939842 2.3241451912 2.4708933754 3.5307337837
2.2710000000 0.5118424873 1.3611536674 2.3308515511 2.4661378288 3.5314302025
2.2720000000 0.5125981560 1.3618133049 2.3381019173 2.4608401375 3.5321269875
2.2730000000 0.5133532143 1.3624729042 2.3460839958 2.4548126030 3.5328241310
2.2740000000 0.5141076546 1.3631324654 2.3551283073 2.4477246895 3.5335216408
2.2750000000 0.5148614616 1.3637919807 2.3659323235 2.4388789406 3.5342195244
2.2760000000 0.5156146355 1.3644514503 2.3806741142 2.4260972786 3.5349177742
