3.1230000000 4.0139388161
3.1240000000 4.0143313026
3.1250000000 4.0147239494
3.1260000000 4.0151167488
3.1270000000 4.0155097008
3.1280000000 4.0159028130
3.1290000000 4.0162960854
3.1300000000 4.0166895256
3.1310000000 4.0170831337
3.1320000000 4.0174769249
3.1330000000 4.0178708839
3.1340000000 4.0182650261
3.1350000000 4.0186593437
3.1360000000 4.0190538521
3.1370000000 4.0194485588
3.1380000000 4.0198434486
3.1390000000 4.0202385368
3.1400000000 4.0206338234
3.1410000000 4.0210293159
3.1420000000 4.0214250145
3.1430000000 4.0218209190
3.1440000000 4.0222170372
3.1450000000 4.0226133690
3.1460000000 4.0230099220
3.1470000000 4.0234066963
3.1480000000 4.0238036995
3.1490000000 4.0242009239
3.1500000000 4.0245983849
3.1510000000 4.0249960823
3.1520000000 4.0253940163
3.1530000000 4.0257921867
3.1540000000 4.0261906013
3.1550000000 4.0265892677
3.1560000000 4.0269881859
3.1570000000 4.0273873482
3.1580000000 4.0277867775
3.1590000000 4.0281864586
3.1600000000 4.0285864067
3.1610000000 4.0289866142
3.1620000000 4.0293870964
3.1630000000 4.0297878456
3.1640000000 4.0301888695
3.1650000000 4.0305901756
3.1660000000 4.0309917564
3.1670000000 4.0313936195
3.1680000000 4.0317957726
3.1690000000 4.0321982155
3.1700000000 4.0326009483
3.1710000000 4.0330039787
3.1720000000 4.0334072990
3.1730000000 4.0338109245
3.1740000000 4.0342148552
3.1750000000 4.0346190910
3.1760000000 4.0350236320
3.1770000000 4.0354284935
3.1780000000 4.0358336601
3.1790000000 4.0362391472
3.1800000000 4.0366449547
3.1810000000 4.0370510902
3.1820000000 4.0374575462
3.1830000000 4.0378643303
3.1840000000 4.0382714424
3.1850000000 4.0386788902
3.1860000000 4.0390866814
3.1870000000 4.0394948006
3.1880000000 4.0399032707
3.1890000000 4.0403120766
3.1900000000 4.0407212334
3.1910000000 4.0411307411
3.1920000000 4.0415405998
3.1930000000 4.0419508095
3.1940000000 4.0423613777
3.1950000000 4.0427723045
3.1960000000 4.0431835976
3.1970000000 4.0435952492
3.1980000000 4.0440072746
3.1990000000 4.0444196663
3.2000000000 4.0448324318
3.2010000000 4.0452455711
3.2020000000 4.0456590843
3.2030000000 4.0460729790
3.2040000000 4.0464872551
3.2050000000 4.0469019127
3.2060000000 4.0473169594
3.2070000000 4.0477323952
3.2080000000 4.0481482201
3.2090000000 4.0485644417
3.2100000000 4.0489810524
3.2110000000 4.0493980675
3.2120000000 4.0498154793
3.2130000000 4.0502332954
3.2140000000 4.0506515083
3.2150000000 4.0510701408
3.2160000000 4.0514891701
3.2170000000 4.0519086189
3.2180000000 4.0523284798
3.2190000000 4.0527487526
3.2200000000 4.0531694450
3.2210000000 4.0535905571
3.2220000000 4.0540120964
3.2230000000 4.0544340553
3.2240000000 4.0548564339
3.2250000000 4.0552792473
3.2260000000 4.0557024879
3.2270000000 4.0561261635
3.2280000000 4.0565502739
3.2290000000 4.0569748192
3.2300000000 4.0573997993
3.2310000000 4.0578252220
3.2320000000 4.0582510872
3.2330000000 4.0586773949
3.2340000000 4.0591041527
3.2350000000 4.0595313530
3.2360000000 4.0599590034
3.2370000000 4.0603871117
3.2380000000 4.0608156624
3.2390000000 4.0612446785
3.2400000000 4.0616741447
3.2410000000 4.0621040688
3.2420000000 4.0625344582
3.2430000000 4.0629653053
3.2440000000 4.0633966179
3.2450000000 4.0638283958
3.2460000000 4.0642606468
3.2470000000 4.0646933632
3.2480000000 4.0651265450
3.2490000000 4.0655602074
3.2500000000 4.0659943352
3.2510000000 4.0664289436
3.2520000000 4.0668640327
3.2530000000 4.0672995949
3.2540000000 4.0677356453
3.2550000000 4.0681721687
3.2560000000 4.0686091805
3.2570000000 4.0690466805
3.2580000000 4.0694846611
3.2590000000 4.0699231300
3.2600000000 4.0703620949
3.2610000000 4.0708015404
3.2620000000 4.0712414894
3.2630000000 4.0716819267
3.2640000000 4.0721228600
3.2650000000 4.0725642891
3.2660000000 4.0730062218
3.2670000000 4.0734486504
3.2680000000 4.0738915825
3.2690000000 4.0743350182
3.2700000000 4.0747789497
3.2710000000 4.0752233925
3.2720000000 4.0756683388
3.2730000000 4.0761137962
3.2740000000 4.0765597649
3.2750000000 4.0770062370
3.2760000000 4.0774532204
3.2770000000 4.0779007225
3.2780000000 4.0783487358
3.2790000000 4.0787972679
3.2800000000 4.0792463112
3.2810000000 4.0796958733
3.2820000000 4.0801459541
3.2830000000 4.0805965538
3.2840000000 4.0810476723
3.2850000000 4.0814993172
3.2860000000 4.0819514885
3.2870000000 4.0824041786
3.2880000000 4.0828573952
3.2890000000 4.0833111382
3.2900000000 4.0837654076
3.2910000000 4.0842202034
3.2920000000 4.0846755333
3.2930000000 4.0851313896
3.2940000000 4.0855877800
3.2950000000 4.0860447044
3.2960000000 4.0865021553
3.2970000000 4.0869601479
3.2980000000 4.0874186745
3.2990000000 4.0878777351
3.3000000000 4.0883373299
3.3010000000 4.0887974663
3.3020000000 4.0892581444
3.3030000000 4.0897193565
3.3040000000 4.0901811104
3.3050000000 4.0906434059
3.3060000000 4.0911062508
3.3070000000 4.0915696297
3.3080000000 4.0920335503
3.3090000000 4.0924980202
3.3100000000 4.0929630394
3.3110000000 4.0934286003
3.3120000000 4.0938947105
3.3130000000 4.0943613625
3.3140000000 4.0948285637
3.3150000000 4.0952963219
3.3160000000 4.0957646217
3.3170000000 4.0962334709
3.3180000000 4.0967028770
3.3190000000 4.0971728325
3.3200000000 4.0976433372
3.3210000000 4.0981143990
3.3220000000 4.0985860100
3.3230000000 4.0990581779
3.3240000000 4.0995309029
3.3250000000 4.1000041771
3.3260000000 4.1004780159
3.3270000000 4.1009524040
3.3280000000 4.1014273491
3.3290000000 4.1019028511
3.3300000000 4.1023789177
3.3310000000 4.1028555336
3.3320000000 4.1033327141
3.3330000000 4.1038104515
3.3340000000 4.1042887535
3.3350000000 4.1047676125
3.3360000000 4.1052470284
3.3370000000 4.1057270088
3.3380000000 4.1062075539
3.3390000000 4.1066886559
3.3400000000 4.1071703224
3.3410000000 4.1076525536
3.3420000000 4.1081353493
3.3430000000 4.1086187019
3.3440000000 4.1091026192
3.3450000000 4.1095871086
3.3460000000 4.1100721550
3.3470000000 4.1105577736
3.3480000000 4.1110439491
3.3490000000 4.1115306969
3.3500000000 4.1120180016
3.3510000000 4.1125058784
3.3520000000 4.1129943275
3.3530000000 4.1134833336
3.3540000000 4.1139729118
3.3550000000 4.1144630547
3.3560000000 4.1149537697
3.3570000000 4.1154450417
3.3580000000 4.1159368935
3.3590000000 4.1164293022
3.3600000000 4.1169222908
3.3610000000 4.1174158363
3.3620000000 4.1179099617
3.3630000000 4.1184046440
3.3640000000 4.1188999062
3.3650000000 4.1193957329
3.3660000000 4.1198921242
3.3670000000 4.1203890877
3.3680000000 4.1208866234
3.3690000000 4.1213847237
3.3700000000 4.1218833961
3.3710000000 4.1223826408
3.3720000000 4.1228824501
3.3730000000 4.1233828316
3.3740000000 4.1238837852
3.3750000000 4.1243853035
3.3760000000 4.1248873940
3.3770000000 4.1253900566
3.3780000000 4.1258932838
3.3790000000 4.1263970833
3.3800000000 4.1269014549
3.3810000000 4.1274063988
3.3820000000 4.1279119072
3.3830000000 4.1284179878
3.3840000000 4.1289246407
3.3850000000 4.1294318581
3.3860000000 4.1299396477
3.3870000000 4.1304480095
3.3880000000 4.1309569359
3.3890000000 4.1314664345
3.3900000000 4.1319765053
3.3910000000 4.1324871407
3.3920000000 4.1329983482
3.3930000000 4.1335101280
3.3940000000 4.1340224724
3.3950000000 4.1345353813
3.3960000000 4.1350488701
3.3970000000 4.1355629234
3.3980000000 4.1360775414
3.3990000000 4.1365927315
3.4000000000 4.1371084862
3.4010000000 4.1376248131
3.4020000000 4.1381417046
3.4030000000 4.1386591682
3.4040000000 4.1391771965
3.4050000000 4.1396957970
3.4060000000 4.1402149544
3.4070000000 4.1407346916
3.4080000000 4.1412549858
3.4090000000 4.1417758522
3.4100000000 4.1422972832
3.4110000000 4.1428192787
3.4120000000 4.1433418388
3.4130000000 4.1438649712
3.4140000000 4.1443886604
3.4150000000 4.1449129219
3.4160000000 4.1454377403
3.4170000000 4.1459631310
3.4180000000 4.1464890862
3.4190000000 4.1470155983
3.4200000000 4.1475426826
3.4210000000 4.1480703239
3.4220000000 4.1485985374
3.4230000000 4.1491273003
3.4240000000 4.1496566353
3.4250000000 4.1501865349
3.4260000000 4.1507169914
3.4270000000 4.1512480049
3.4280000000 4.1517795906
3.4290000000 4.1523117256
3.4300000000 4.1528444328
3.4310000000 4.1533776894
3.4320000000 4.1539115105
3.4330000000 4.1544458961
3.4340000000 4.1549808311
3.4350000000 4.1555163307
3.4360000000 4.1560523872
3.4370000000 4.1565890083
3.4380000000 4.1571261787
3.4390000000 4.1576639061
3.4400000000 4.1582021980
3.4410000000 4.1587410393
3.4420000000 4.1592804375
3.4430000000 4.1598203926
3.4440000000 4.1603609047
3.4450000000 4.1609019661
3.4460000000 4.1614435921
3.4470000000 4.1619857597
3.4480000000 4.1625284920
3.4490000000 4.1630717659
3.4500000000 4.1636156044
3.4510000000 4.1641599846
3.4520000000 4.1647049217
3.4530000000 4.1652504082
3.4540000000 4.1657964516
3.4550000000 4.1663430367
3.4560000000 4.1668901787
3.4570000000 4.1674378624
3.4580000000 4.1679861031
3.4590000000 4.1685348854
3.4600000000 4.1690842171
3.4610000000 4.1696340981
3.4620000000 4.1701845284
3.4630000000 4.1707355003
3.4640000000 4.1712870216
3.4650000000 4.1718390846
3.4660000000 4.1723916969
3.4670000000 4.1729448509
3.4680000000 4.1734985466
3.4690000000 4.1740527916
3.4700000000 4.1746075706
3.4710000000 4.1751628990
3.4720000000 4.1757187691
3.4730000000 4.1762751808
3.4740000000 4.1768321266
3.4750000000 4.1773896217
3.4760000000 4.1779476509
3.4770000000 4.1785062218
3.4780000000 4.1790653267
3.4790000000 4.1796249733
3.4800000000 4.1801851540
3.4810000000 4.1807458763
3.4820000000 4.1813071327
3.4830000000 4.1818689232
3.4840000000 4.1824312477
3.4850000000 4.1829941063
3.4860000000 4.1835575066
3.4870000000 4.1841214333
3.4880000000 4.1846858940
3.4890000000 4.1852508888
3.4900000000 4.1858164101
3.4910000000 4.1863824730
3.4920000000 4.1869490547
3.4930000000 4.1875161705
3.4940000000 4.1880838203
3.4950000000 4.1886519890
3.4960000000 4.1892206917
3.4970000000 4.1897899208
3.4980000000 4.1903596840
3.4990000000 4.1909299660
3.5000000000 4.1915007744
3.5010000000 4.1920721016
3.5020000000 4.1926439629
3.5030000000 4.1932163429
3.5040000000 4.1937892494
3.5050000000 4.1943626747
3.5060000000 4.1949366264
3.5070000000 4.1955110970
3.5080000000 4.1960860863
3.5090000000 4.1966615944
3.5100000000 4.1972376289
3.5110000000 4.1978141747
3.5120000000 4.1983912392
3.5130000000 4.1989688225
3.5140000000 4.1995469246
3.5150000000 4.2001255455
3.5160000000 4.2007046776
3.5170000000 4.2012843208
3.5180000000 4.2018644829
3.5190000000 4.2024451561
3.5200000000 4.2030263481
3.5210000000 4.2036080437
3.5220000000 4.2041902580
3.5230000000 4.2047729759
3.5240000000 4.2053562126
3.5250000000 4.2059399529
3.5260000000 4.2065242043
3.5270000000 4.2071089592
3.5280000000 4.2076942253
3.5290000000 4.2082800026
3.5300000000 4.2088662834
3.5310000000 4.2094530678
3.5320000000 4.2100403557
3.5330000000 4.2106281471
3.5340000000 4.2112164497
3.5350000000 4.2118052483
3.5360000000 4.2123945503
3.5370000000 4.2129843559
3.5380000000 4.2135746574
3.5390000000 4.2141654625
3.5400000000 4.2147567711
3.5410000000 4.2153485756
3.5420000000 4.2159408760
3.5430000000 4.2165336723
3.5440000000 4.2171269646
3.5450000000 4.2177207603
3.5460000000 4.2183150444
3.5470000000 4.2189098244
3.5480000000 4.2195051002
3.5490000000 4.2201008720
3.5500000000 4.2206971321
3.5510000000 4.2212938805
3.5520000000 4.2218911247
3.5530000000 4.2224888573
3.5540000000 4.2230870857
3.5550000000 4.2236857948
3.5560000000 4.2242849998
3.5570000000 4.2248846855
3.5580000000 4.2254848595
3.5590000000 4.2260855217
3.5600000000 4.2266866722
3.5610000000 4.2272883034
3.5620000000 4.2278904228
3.5630000000 4.2284930229
3.5640000000 4.2290961037
3.5650000000 4.2296996651
3.5660000000 4.2303037148
3.5670000000 4.2309082375
3.5680000000 4.2315132484
3.5690000000 4.2321187325
3.5700000000 4.2327246971
3.5710000000 4.2333311348
3.5720000000 4.2339380531
3.5730000000 4.2345454521
3.5740000000 4.2351533241
3.5750000000 4.2357616692
3.5760000000 4.2363704872
3.5770000000 4.2369797783
3.5780000000 4.2375895500
3.5790000000 4.2381997871
3.5800000000 4.2388104973
3.5810000000 4.2394216728
3.5820000000 4.2400333214
3.5830000000 4.2406454430
3.5840000000 4.2412580299
3.5850000000 4.2418710899
3.5860000000 4.2424846077
3.5870000000 4.2430985985
3.5880000000 4.2437130547
3.5890000000 4.2443279686
3.5900000000 4.2449433556
3.5910000000 4.2455592003
3.5920000000 4.2461755104
3.5930000000 4.2467922859
3.5940000000 4.2474095192
3.5950000000 4.2480272102
3.5960000000 4.2486453667
3.5970000000 4.2492639809
3.5980000000 4.2498830528
3.5990000000 4.2505025825
3.6000000000 4.2511225624
3.6010000000 4.2517430077
3.6020000000 4.2523639107
3.6030000000 4.2529852638
3.6040000000 4.2536070671
3.6050000000 4.2542293282
3.6060000000 4.2548520393
3.6070000000 4.2554752083
3.6080000000 4.2560988274
3.6090000000 4.2567228889
3.6100000000 4.2573474083
3.6110000000 4.2579723778
3.6120000000 4.2585977898
3.6130000000 4.2592236519
3.6140000000 4.2598499641
3.6150000000 4.2604767189
3.6160000000 4.2611039238
3.6170000000 4.2617315712
3.6180000000 4.2623596611
3.6190000000 4.2629881935
3.6200000000 4.2636171761
3.6210000000 4.2642465935
3.6220000000 4.2648764534
3.6230000000 4.2655067558
3.6240000000 4.2661374931
3.6250000000 4.2667686729
3.6260000000 4.2674002953
3.6270000000 4.2680323524
3.6280000000 4.2686648445
3.6290000000 4.2692977715
3.6300000000 4.2699311409
3.6310000000 4.2705649376
3.6320000000 4.2711991768
3.6330000000 4.2718338432
3.6340000000 4.2724689445
3.6350000000 4.2731044807
3.6360000000 4.2737404442
3.6370000000 4.2743768349
3.6380000000 4.2750136604
3.6390000000 4.2756509209
3.6400000000 4.2762886009
3.6410000000 4.2769267082
3.6420000000 4.2775652504
3.6430000000 4.2782042122
3.6440000000 4.2788436012
3.6450000000 4.2794834175
3.6460000000 4.2801236610
3.6470000000 4.2807643242
3.6480000000 4.2814054070
3.6490000000 4.2820469170
3.6500000000 4.2826888466
3.6510000000 4.2833312035
3.6520000000 4.2839739723
3.6530000000 4.2846171608
3.6540000000 4.2852607689
3.6550000000 4.2859047966
3.6560000000 4.2865492439
3.6570000000 4.2871941032
3.6580000000 4.2878393822
3.6590000000 4.2884850731
3.6600000000 4.2891311836
3.6610000000 4.2897777061
3.6620000000 4.2904246407
3.6630000000 4.2910719872
3.6640000000 4.2917197456
3.6650000000 4.2923679161
3.6660000000 4.2930164909
3.6670000000 4.2936654854
3.6680000000 4.2943148842
3.6690000000 4.2949646873
3.6700000000 4.2956149025
3.6710000000 4.2962655296
3.6720000000 4.2969165535
3.6730000000 4.2975679893
3.6740000000 4.2982198296
3.6750000000 4.2988720741
3.6760000000 4.2995247154
3.6770000000 4.3001777687
3.6780000000 4.3008312187
3.6790000000 4.3014850731
3.6800000000 4.3021393318
3.6810000000 4.3027939796
3.6820000000 4.3034490395
3.6830000000 4.3041044884
3.6840000000 4.3047603416
3.6850000000 4.3054165916
3.6860000000 4.3060732307
3.6870000000 4.3067302742
3.6880000000 4.3073877144
3.6890000000 4.3080455437
3.6900000000 4.3087037697
3.6910000000 4.3093623848
3.6920000000 4.3100213966
3.6930000000 4.3106808052
3.6940000000 4.3113406029
3.6950000000 4.3120007820
3.6960000000 4.3126613579
3.6970000000 4.3133223305
3.6980000000 4.3139836845
3.6990000000 4.3146454277
3.7000000000 4.3153075523
3.7010000000 4.3159700737
3.7020000000 4.3166329765
3.7030000000 4.3172962608
3.7040000000 4.3179599342
3.7050000000 4.3186239891
3.7060000000 4.3192884331
3.7070000000 4.3199532585
3.7080000000 4.3206184578
3.7090000000 4.3212840462
3.7100000000 4.3219500160
3.7110000000 4.3226163673
3.7120000000 4.3232830925
3.7130000000 4.3239501991
3.7140000000 4.3246176796
3.7150000000 4.3252855415
3.7160000000 4.3259537849
3.7170000000 4.3266224022
3.7180000000 4.3272913933
3.7190000000 4.3279607582
3.7200000000 4.3286304970
3.7210000000 4.3293006096
3.7220000000 4.3299710960
3.7230000000 4.3306419563
3.7240000000 4.3313131905
3.7250000000 4.3319847908
3.7260000000 4.3326567650
3.7270000000 4.3333291130
3.7280000000 4.3340018196
3.7290000000 4.3346749001
3.7300000000 4.3353483543
3.7310000000 4.3360221672
3.7320000000 4.3366963539
3.7330000000 4.3373708992
3.7340000000 4.3380458107
3.7350000000 4.3387210960
3.7360000000 4.3393967400
3.7370000000 4.3400727425
3.7380000000 4.3407491112
3.7390000000 4.3414258461
3.7400000000 4.3421029396
3.7410000000 4.3427803917
3.7420000000 4.3434582100
3.7430000000 4.3441363869
3.7440000000 4.3448149223
3.7450000000 4.3454938087
3.7460000000 4.3461730614
3.7470000000 4.3468526726
3.7480000000 4.3475326347
3.7490000000 4.3482129555
3.7500000000 4.3488936348
3.7510000000 4.3495746651
3.7520000000 4.3502560463
3.7530000000 4.3509377861
3.7540000000 4.3516198769
3.7550000000 4.3523023262
3.7560000000 4.3529851189
3.7570000000 4.3536682701
3.7580000000 4.3543517647
3.7590000000 4.3550356102
3.7600000000 4.3557198067
3.7610000000 4.3564043541
3.7620000000 4.3570892525
3.7630000000 4.3577744942
3.7640000000 4.3584600792
3.7650000000 4.3591460152
3.7660000000 4.3598322945
3.7670000000 4.3605189247
3.7680000000 4.3612058907
3.7690000000 4.3618932075
3.7700000000 4.3625808601
3.7710000000 4.3632688637
3.7720000000 4.3639572029
3.7730000000 4.3646458931
3.7740000000 4.3653349190
3.7750000000 4.3660242805
3.7760000000 4.3667139854
3.7770000000 4.3674040337
3.7780000000 4.3680944176
3.7790000000 4.3687851372
3.7800000000 4.3694761925
3.7810000000 4.3701675911
3.7820000000 4.3708593254
3.7830000000 4.3715513878
3.7840000000 4.3722437935
3.7850000000 4.3729365349
3.7860000000 4.3736296043
3.7870000000 4.3743230095
3.7880000000 4.3750167427
3.7890000000 4.3757108192
3.7900000000 4.3764052162
3.7910000000 4.3770999489
3.7920000000 4.3777950096
3.7930000000 4.3784904060
3.7940000000 4.3791861305
3.7950000000 4.3798821831
3.7960000000 4.3805785637
3.7970000000 4.3812752647
3.7980000000 4.3819723015
3.7990000000 4.3826696663
3.8000000000 4.3833673515
3.8010000000 4.3840653648
3.8020000000 4.3847636986
3.8030000000 4.3854623604
3.8040000000 4.3861613503
3.8050000000 4.3868606529
3.8060000000 4.3875602837
3.8070000000 4.3882602425
3.8080000000 4.3889605141
3.8090000000 4.3896611137
3.8100000000 4.3903620262
3.8110000000 4.3910632668
3.8120000000 4.3917648201
3.8130000000 4.3924666939
3.8140000000 4.3931688881
3.8150000000 4.3938713951
3.8160000000 4.3945742226
3.8170000000 4.3952773628
3.8180000000 4.3959808235
3.8190000000 4.3966845970
3.8200000000 4.3973886909
3.8210000000 4.3980930977
3.8220000000 4.3987978096
3.8230000000 4.3995028419
3.8240000000 4.4002081871
3.8250000000 4.4009138451
3.8260000000 4.4016198158
3.8270000000 4.4023260918
3.8280000000 4.4030326805
3.8290000000 4.4037395821
3.8300000000 4.4044467964
3.8310000000 4.4051543159
3.8320000000 4.4058621407
3.8330000000 4.4065702782
3.8340000000 4.4072787209
3.8350000000 4.4079874687
3.8360000000 4.4086965218
3.8370000000 4.4094058876
3.8380000000 4.4101155510
3.8390000000 4.4108255272
3.8400000000 4.4115358009
3.8410000000 4.4122463799
3.8420000000 4.4129572639
3.8430000000 4.4136684456
3.8440000000 4.4143799400
3.8450000000 4.4150917244
3.8460000000 4.4158038139
3.8470000000 4.4165162086
3.8480000000 4.4172289009
3.8490000000 4.4179418907
3.8500000000 4.4186551857
3.8510000000 4.4193687706
3.8520000000 4.4200826607
3.8530000000 4.4207968407
3.8540000000 4.4215113258
3.8550000000 4.4222261009
3.8560000000 4.4229411736
3.8570000000 4.4236565437
3.8580000000 4.4243722115
3.8590000000 4.4250881691
3.8600000000 4.4258044243
3.8610000000 4.4265209694
3.8620000000 4.4272378120
3.8630000000 4.4279549446
3.8640000000 4.4286723671
3.8650000000 4.4293900871
3.8660000000 4.4301080894
3.8670000000 4.4308263893
3.8680000000 4.4315449791
3.8690000000 4.4322638588
3.8700000000 4.4329830208
3.8710000000 4.4337024803
3.8720000000 4.4344222221
3.8730000000 4.4351422539
3.8740000000 4.4358625679
3.8750000000 4.4365831718
3.8760000000 4.4373040657
3.8770000000 4.4380252419
3.8780000000 4.4387467003
3.8790000000 4.4394684486
3.8800000000 4.4401904793
3.8810000000 4.4409127922
3.8820000000 4.4416353874
3.8830000000 4.4423582726
3.8840000000 4.4430814323
3.8850000000 4.4438048744
3.8860000000 4.4445285988
3.8870000000 4.4452526054
3.8880000000 4.4459768944
3.8890000000 4.4467014580
3.8900000000 4.4474263039
3.8910000000 4.4481514320
3.8920000000 4.4488768349
3.8930000000 4.4496025124
3.8940000000 4.4503284721
3.8950000000 4.4510547066
3.8960000000 4.4517812233
3.8970000000 4.4525080070
3.8980000000 4.4532350731
3.8990000000 4.4539624138
3.9000000000 4.4546900291
3.9010000000 4.4554179192
3.9020000000 4.4561460762
3.9030000000 4.4568745155
3.9040000000 4.4576032219
3.9050000000 4.4583322029
3.9060000000 4.4590614586
3.9070000000 4.4597909813
3.9080000000 4.4605207787
3.9090000000 4.4612508430
3.9100000000 4.4619811821
3.9110000000 4.4627117882
3.9120000000 4.4634426613
3.9130000000 4.4641738091
3.9140000000 4.4649052162
3.9150000000 4.4656368980
3.9160000000 4.4663688469
3.9170000000 4.4671010628
3.9180000000 4.4678335457
3.9190000000 4.4685662880
3.9200000000 4.4692993050
3.9210000000 4.4700325813
3.9220000000 4.4707661247
3.9230000000 4.4714999351
3.9240000000 4.4722340050
3.9250000000 4.4729683342
3.9260000000 4.4737029381
3.9270000000 4.4744377937
3.9280000000 4.4751729164
3.9290000000 4.4759083061
3.9300000000 4.4766439476
3.9310000000 4.4773798561
3.9320000000 4.4781160240
3.9330000000 4.4788524513
3.9340000000 4.4795891304
3.9350000000 4.4803260765
3.9360000000 4.4810632820
3.9370000000 4.4818007469
3.9380000000 4.4825384636
3.9390000000 4.4832764397
3.9400000000 4.4840146751
3.9410000000 4.4847531700
3.9420000000 4.4854919167
3.9430000000 4.4862309151
3.9440000000 4.4869701729
3.9450000000 4.4877096901
3.9460000000 4.4884494591
3.9470000000 4.4891894798
3.9480000000 4.4899297523
3.9490000000 4.4906702766
3.9500000000 4.4914110603
3.9510000000 4.4921520958
3.9520000000 4.4928933754
3.9530000000 4.4936349144
3.9540000000 4.4943767052
3.9550000000 4.4951187401
3.9560000000 4.4958610268
3.9570000000 4.4966035652
3.9580000000 4.4973463554
3.9590000000 4.4980893898
3.9600000000 4.4988326759
3.9610000000 4.4995762138
3.9620000000 4.5003199883
3.9630000000 4.5010640221
3.9640000000 4.5018082924
3.9650000000 4.5025528145
3.9660000000 4.5032975883
3.9670000000 4.5040425987
3.9680000000 4.5047878609
3.9690000000 4.5055333672
3.9700000000 4.5062791100
3.9710000000 4.5070251045
3.9720000000 4.5077713432
3.9730000000 4.5085178261
3.9740000000 4.5092645454
3.9750000000 4.5100115089
3.9760000000 4.5107587166
3.9770000000 4.5115061684
3.9780000000 4.5122538643
3.9790000000 4.5130017891
3.9800000000 4.5137499657
3.9810000000 4.5144983788
3.9820000000 4.5152470284
3.9830000000 4.5159959221
3.9840000000 4.5167450523
3.9850000000 4.5174944267
3.9860000000 4.5182440300
3.9870000000 4.5189938774
3.9880000000 4.5197439613
3.9890000000 4.5204942818
3.9900000000 4.5212448387
3.9910000000 4.5219956322
3.9920000000 4.5227466621
3.9930000000 4.5234979286
3.9940000000 4.5242494240
3.9950000000 4.5250011635
3.9960000000 4.5257531319
3.9970000000 4.5265053368
3.9980000000 4.5272577705
3.9990000000 4.5280104408
4.0000000000 4.5287633476
4.0010000000 4.5295164833
4.0020000000 4.5302698479
4.0030000000 4.5310234489
4.0040000000 4.5317772789
4.0050000000 4.5325313454
4.0060000000 4.5332856331
4.0070000000 4.5340401573
4.0080000000 4.5347949104
4.0090000000 4.5355498924
4.0100000000 4.5363051033
4.0110000000 4.5370605507
4.0120000000 4.5378162193
4.0130000000 4.5385721169
4.0140000000 4.5393282356
4.0150000000 4.5400845909
4.0160000000 4.5408411674
4.0170000000 4.5415979729
4.0180000000 4.5423550072
4.0190000000 4.5431122627
4.0200000000 4.5438697472
4.0210000000 4.5446274605
4.0220000000 4.5453853950
4.0230000000 4.5461435509
4.0240000000 4.5469019356
4.0250000000 4.5476605415
4.0260000000 4.5484193687
4.0270000000 4.5491784172
4.0280000000 4.5499376945
4.0290000000 4.5506971931
4.0300000000 4.5514569130
4.0310000000 4.5522168541
4.0320000000 4.5529770164
4.0330000000 4.5537374001
4.0340000000 4.5544980049
4.0350000000 4.5552588234
4.0360000000 4.5560198708
4.0370000000 4.5567811317
4.0380000000 4.5575426140
4.0390000000 4.5583043175
4.0400000000 4.5590662346
4.0410000000 4.5598283730
4.0420000000 4.5605907326
4.0430000000 4.5613533058
4.0440000000 4.5621160927
4.0450000000 4.5628791008
4.0460000000 4.5636423225
4.0470000000 4.5644057655
4.0480000000 4.5651694221
4.0490000000 4.5659332924
4.0500000000 4.5666973763
4.0510000000 4.5674616737
4.0520000000 4.5682261925
4.0530000000 4.5689909172
4.0540000000 4.5697558632
4.0550000000 4.5705210152
4.0560000000 4.5712863884
4.0570000000 4.5720519676
4.0580000000 4.5728177605
4.0590000000 4.5735837669
4.0600000000 4.5743499870
4.0610000000 4.5751164131
4.0620000000 4.5758830528
4.0630000000 4.5766499062
4.0640000000 4.5774169655
4.0650000000 4.5781842384
4.0660000000 4.5789517174
4.0670000000 4.5797194099
4.0680000000 4.5804873085
4.0690000000 4.5812554207
4.0700000000 4.5820237389
4.0710000000 4.5827922630
4.0720000000 4.5835609932
4.0730000000 4.5843299370
4.0740000000 4.5850990791
4.0750000000 4.5858684349
4.0760000000 4.5866379967
4.0770000000 4.5874077644
4.0780000000 4.5881777306
4.0790000000 4.5889479103
4.0800000000 4.5897182961
4.0810000000 4.5904888802
4.0820000000 4.5912596779
4.0830000000 4.5920306740
4.0840000000 4.5928018761
4.0850000000 4.5935732765
4.0860000000 4.5943448830
4.0870000000 4.5951166954
4.0880000000 4.5958887062
4.0890000000 4.5966609230
4.0900000000 4.5974333458
4.0910000000 4.5982059669
4.0920000000 4.5989787865
4.0930000000 4.5997518044
4.0940000000 4.6005250282
4.0950000000 4.6012984505
4.0960000000 4.6020720787
4.0970000000 4.6028458977
4.0980000000 4.6036199226
4.0990000000 4.6043941460
4.1000000000 4.6051685677
4.1010000000 4.6059431877
4.1020000000 4.6067180061
4.1030000000 4.6074930229
4.1040000000 4.6082682381
4.1050000000 4.6090436516
4.1060000000 4.6098192558
4.1070000000 4.6105950661
4.1080000000 4.6113710670
4.1090000000 4.6121472664
4.1100000000 4.6129236565
4.1110000000 4.6137002449
4.1120000000 4.6144770317
4.1130000000 4.6152540169
4.1140000000 4.6160311928
4.1150000000 4.6168085594
4.1160000000 4.6175861244
4.1170000000 4.6183638802
4.1180000000 4.6191418343
4.1190000000 4.6199199791
4.1200000000 4.6206983147
4.1210000000 4.6214768486
4.1220000000 4.6222555656
4.1230000000 4.6230344810
4.1240000000 4.6238135872
4.1250000000 4.6245928841
4.1260000000 4.6253723793
4.1270000000 4.6261520576
4.1280000000 4.6269319267
4.1290000000 4.6277119865
4.1300000000 4.6284922447
4.1310000000 4.6292726860
4.1320000000 4.6300533180
4.1330000000 4.6308341331
4.1340000000 4.6316151466
4.1350000000 4.6323963432
4.1360000000 4.6331777306
4.1370000000 4.6339593010
4.1380000000 4.6347410622
4.1390000000 4.6355230141
4.1400000000 4.6363051491
4.1410000000 4.6370874748
4.1420000000 4.6378699837
4.1430000000 4.6386526833
4.1440000000 4.6394355659
4.1450000000 4.6402186317
4.1460000000 4.6410018883
4.1470000000 4.6417853279
4.1480000000 4.6425689507
4.1490000000 4.6433527641
4.1500000000 4.6441367607
4.1510000000 4.6449209328
4.1520000000 4.6457052956
4.1530000000 4.6464898415
4.1540000000 4.6472745705
4.1550000000 4.6480594826
4.1560000000 4.6488445778
4.1570000000 4.6496298561
4.1580000000 4.6504153175
4.1590000000 4.6512009621
4.1600000000 4.6519867821
4.1610000000 4.6527727928
4.1620000000 4.6535589790
4.1630000000 4.6543453407
4.1640000000 4.6551318932
4.1650000000 4.6559186211
4.1660000000 4.6567055321
4.1670000000 4.6574926186
4.1680000000 4.6582798882
4.1690000000 4.6590673332
4.1700000000 4.6598549614
4.1710000000 4.6606427650
4.1720000000 4.6614307518
4.1730000000 4.6622189140
4.1740000000 4.6630072517
4.1750000000 4.6637957726
4.1760000000 4.6645844688
4.1770000000 4.6653733406
4.1780000000 4.6661623878
4.1790000000 4.6669516182
4.1800000000 4.6677410164
4.1810000000 4.6685305977
4.1820000000 4.6693203545
4.1830000000 4.6701102867
4.1840000000 4.6709003868
4.1850000000 4.6716906700
4.1860000000 4.6724811287
4.1870000000 4.6732717628
4.1880000000 4.6740625648
4.1890000000 4.6748535423
4.1900000000 4.6756446953
4.1910000000 4.6764360237
4.1920000000 4.6772275276
4.1930000000 4.6780191994
4.1940000000 4.6788110466
4.1950000000 4.6796030617
4.1960000000 4.6803952599
4.1970000000 4.6811876183
4.1980000000 4.6819801598
4.1990000000 4.6827728615
4.2000000000 4.6835657387
4.2010000000 4.6843587914
4.2020000000 4.6851520119
4.2030000000 4.6859454079
4.2040000000 4.6867389641
4.2050000000 4.6875326958
4.2060000000 4.6883266029
4.2070000000 4.6891206703
4.2080000000 4.6899149132
4.2090000000 4.6907093239
4.2100000000 4.6915039024
4.2110000000 4.6922986488
4.2120000000 4.6930935631
4.2130000000 4.6938886528
4.2140000000 4.6946839027
4.2150000000 4.6954793205
4.2160000000 4.6962749062
4.2170000000 4.6970706673
4.2180000000 4.6978665886
4.2190000000 4.6986626778
4.2200000000 4.6994589272
4.2210000000 4.7002553520
4.2220000000 4.7010519371
4.2230000000 4.7018486900
4.2240000000 4.7026456108
4.2250000000 4.7034426918
4.2260000000 4.7042399406
4.2270000000 4.7050373573
4.2280000000 4.7058349342
4.2290000000 4.7066326790
4.2300000000 4.7074305840
4.2310000000 4.7082286568
4.2320000000 4.7090268898
4.2330000000 4.7098252907
4.2340000000 4.7106238518
4.2350000000 4.7114225731
4.2360000000 4.7122214622
4.2370000000 4.7130205116
4.2380000000 4.7138197212
4.2390000000 4.7146190987
4.2400000000 4.7154186363
4.2410000000 4.7162183266
4.2420000000 4.7170181923
4.2430000000 4.7178182106
4.2440000000 4.7186183891
4.2450000000 4.7194187279
4.2460000000 4.7202192345
4.2470000000 4.7210198936
4.2480000000 4.7218207207
4.2490000000 4.7226217003
4.2500000000 4.7234228401
4.2510000000 4.7242241402
4.2520000000 4.7250256004
4.2530000000 4.7258272209
4.2540000000 4.7266290016
4.2550000000 4.7274309349
4.2560000000 4.7282330284
4.2570000000 4.7290352821
4.2580000000 4.7298376884
4.2590000000 4.7306402626
4.2600000000 4.7314429817
4.2610000000 4.7322458687
4.2620000000 4.7330489082
4.2630000000 4.7338521004
4.2640000000 4.7346554527
4.2650000000 4.7354589577
4.2660000000 4.7362626228
4.2670000000 4.7370664482
4.2680000000 4.7378704185
4.2690000000 4.7386745491
4.2700000000 4.7394788399
4.2710000000 4.7402832756
4.2720000000 4.7410878716
4.2730000000 4.7418926277
4.2740000000 4.7426975288
4.2750000000 4.7435025902
4.2760000000 4.7443078041
4.2770000000 4.7451131706
4.2780000000 4.7459186897
4.2790000000 4.7467243614
4.2800000000 4.7475301857
4.2810000000 4.7483361626
4.2820000000 4.7491422920
4.2830000000 4.7499485817
4.2840000000 4.7507550163
4.2850000000 4.7515616035
4.2860000000 4.7523683434
4.2870000000 4.7531752357
4.2880000000 4.7539822731
4.2890000000 4.7547894707
4.2900000000 4.7555968132
4.2910000000 4.7564043083
4.2920000000 4.7572119560
4.2930000000 4.7580197487
4.2940000000 4.7588276939
4.2950000000 4.7596357918
4.2960000000 4.7604440346
4.2970000000 4.7612524300
4.2980000000 4.7620609779
4.2990000000 4.7628696709
4.3000000000 4.7636785088
4.3010000000 4.7644874992
4.3020000000 4.7652966423
4.3030000000 4.7661059303
4.3040000000 4.7669153633
4.3050000000 4.7677249489
4.3060000000 4.7685346794
4.3070000000 4.7693445549
4.3080000000 4.7701545830
4.3090000000 4.7709647560
4.3100000000 4.7717750740
4.3110000000 4.7725855370
4.3120000000 4.7733961525
4.3130000000 4.7742069130
4.3140000000 4.7750178185
4.3150000000 4.7758288689
4.3160000000 4.7766400642
4.3170000000 4.7774514046
4.3180000000 4.7782628899
4.3190000000 4.7790745201
4.3200000000 4.7798863029
4.3210000000 4.7806982231
4.3220000000 4.7815102882
4.3230000000 4.7823224983
4.3240000000 4.7831348534
4.3250000000 4.7839473457
4.3260000000 4.7847599907
4.3270000000 4.7855727730
4.3280000000 4.7863857079
4.3290000000 4.7871987801
4.3300000000 4.7880119896
4.3310000000 4.7888253517
4.3320000000 4.7896388512
4.3330000000 4.7904524879
4.3340000000 4.7912662773
4.3350000000 4.7920802040
4.3360000000 4.7928942680
4.3370000000 4.7937084770
4.3380000000 4.7945228310
4.3390000000 4.7953373222
4.3400000000 4.7961519508
4.3410000000 4.7969667244
4.3420000000 4.7977816429
4.3430000000 4.7985966988
4.3440000000 4.7994118919
4.3450000000 4.8002272301
4.3460000000 4.8010427055
4.3470000000 4.8018583183
4.3480000000 4.8026740685
4.3490000000 4.8034899635
4.3500000000 4.8043059959
4.3510000000 4.8051221733
4.3520000000 4.8059384804
4.3530000000 4.8067549324
4.3540000000 4.8075715141
4.3550000000 4.8083882408
4.3560000000 4.8092051048
4.3570000000 4.8100221062
4.3580000000 4.8108392448
4.3590000000 4.8116565208
4.3600000000 4.8124739342
4.3610000000 4.8132914925
4.3620000000 4.8141091805
4.3630000000 4.8149269981
4.3640000000 4.8157449608
4.3650000000 4.8165630608
4.3660000000 4.8173812981
4.3670000000 4.8181996651
4.3680000000 4.8190181694
4.3690000000 4.8198368111
4.3700000000 4.8206555901
4.3710000000 4.8214744987
4.3720000000 4.8222935448
4.3730000000 4.8231127281
4.3740000000 4.8239320488
4.3750000000 4.8247514992
4.3760000000 4.8255710869
4.3770000000 4.8263908043
4.3780000000 4.8272106590
4.3790000000 4.8280306511
4.3800000000 4.8288507729
4.3810000000 4.8296710243
4.3820000000 4.8304914131
4.3830000000 4.8313119392
4.3840000000 4.8321325951
4.3850000000 4.8329533806
4.3860000000 4.8337743034
4.3870000000 4.8345953560
4.3880000000 4.8354165459
4.3890000000 4.8362378578
4.3900000000 4.8370593071
4.3910000000 4.8378808937
4.3920000000 4.8387026024
4.3930000000 4.8395244484
4.3940000000 4.8403464241
4.3950000000 4.8411685371
4.3960000000 4.8419907722
4.3970000000 4.8428131447
4.3980000000 4.8436356392
4.3990000000 4.8444582710
4.4000000000 4.8452810326
4.4010000000 4.8461039238
4.4020000000 4.8469269447
4.4030000000 4.8477500954
4.4040000000 4.8485733757
4.4050000000 4.8493967857
4.4060000000 4.8502203255
4.4070000000 4.8510439873
4.4080000000 4.8518677864
4.4090000000 4.8526917152
4.4100000000 4.8535157661
4.4110000000 4.8543399544
4.4120000000 4.8551642647
4.4130000000 4.8559887047
4.4140000000 4.8568132668
4.4150000000 4.8576379662
4.4160000000 4.8584627876
4.4170000000 4.8592877388
4.4180000000 4.8601128120
4.4190000000 4.8609380150
4.4200000000 4.8617633476
4.4210000000 4.8625888100
4.4220000000 4.8634143944
4.4230000000 4.8642401085
4.4240000000 4.8650659447
4.4250000000 4.8658919106
4.4260000000 4.8667179985
4.4270000000 4.8675442162
4.4280000000 4.8683705559
4.4290000000 4.8691970253
4.4300000000 4.8700236168
4.4310000000 4.8708503304
4.4320000000 4.8716771736
4.4330000000 4.8725041466
4.4340000000 4.8733312340
4.4350000000 4.8741584511
4.4360000000 4.8749857979
4.4370000000 4.8758132591
4.4380000000 4.8766408501
4.4390000000 4.8774685631
4.4400000000 4.8782964058
4.4410000000 4.8791243629
4.4420000000 4.8799524498
4.4430000000 4.8807806587
4.4440000000 4.8816089897
4.4450000000 4.8824374428
4.4460000000 4.8832660179
4.4470000000 4.8840947227
4.4480000000 4.8849235420
4.4490000000 4.8857524910
4.4500000000 4.8865815544
4.4510000000 4.8874107475
4.4520000000 4.8882400551
4.4530000000 4.8890694923
4.4540000000 4.8898990440
4.4550000000 4.8907287254
4.4560000000 4.8915585213
4.4570000000 4.8923884392
4.4580000000 4.8932184792
4.4590000000 4.8940486412
4.4600000000 4.8948789177
4.4610000000 4.8957093239
4.4620000000 4.8965398445
4.4630000000 4.8973704872
4.4640000000 4.8982012520
4.4650000000 4.8990321312
4.4660000000 4.8998631401
4.4670000000 4.9006942558
4.4680000000 4.9015255013
4.4690000000 4.9023568611
4.4700000000 4.9031883430
4.4710000000 4.9040199394
4.4720000000 4.9048516579
4.4730000000 4.9056834984
4.4740000000 4.9065154533
4.4750000000 4.9073475304
4.4760000000 4.9081797218
4.4770000000 4.9090120354
4.4780000000 4.9098444633
4.4790000000 4.9106770134
4.4800000000 4.9115096779
4.4810000000 4.9123424568
4.4820000000 4.9131753578
4.4830000000 4.9140083733
4.4840000000 4.9148415108
4.4850000000 4.9156747627
4.4860000000 4.9165081291
4.4870000000 4.9173416176
4.4880000000 4.9181752205
4.4890000000 4.9190089378
4.4900000000 4.9198427696
4.4910000000 4.9206767235
4.4920000000 4.9215107918
4.4930000000 4.9223449745
4.4940000000 4.9231792717
4.4950000000 4.9240136833
4.4960000000 4.9248482170
4.4970000000 4.9256828575
4.4980000000 4.9265176201
4.4990000000 4.9273524971
4.5000000000 4.9281874886
4.5010000000 4.9290225945
4.5020000000 4.9298578148
4.5030000000 4.9306931496
4.5040000000 4.9315285912
4.5050000000 4.9323641548
4.5060000000 4.9331998329
4.5070000000 4.9340356255
4.5080000000 4.9348715324
4.5090000000 4.9357075462
4.5100000000 4.9365436821
4.5110000000 4.9373799248
4.5120000000 4.9382162819
4.5130000000 4.9390527534
4.5140000000 4.9398893394
4.5150000000 4.9407260399
4.5160000000 4.9415628471
4.5170000000 4.9423997688
4.5180000000 4.9432368050
4.5190000000 4.9440739555
4.5200000000 4.9449112129
4.5210000000 4.9457485847
4.5220000000 4.9465860710
4.5230000000 4.9474236641
4.5240000000 4.9482613716
4.5250000000 4.9490991936
4.5260000000 4.9499371223
4.5270000000 4.9507751656
4.5280000000 4.9516133156
4.5290000000 4.9524515800
4.5300000000 4.9532899513
4.5310000000 4.9541284370
4.5320000000 4.9549670296
4.5330000000 4.9558057365
4.5340000000 4.9566445503
4.5350000000 4.9574834785
4.5360000000 4.9583225136
4.5370000000 4.9591616631
4.5380000000 4.9600009193
4.5390000000 4.9608402824
4.5400000000 4.9616797600
4.5410000000 4.9625193443
4.5420000000 4.9633590355
4.5430000000 4.9641988411
4.5440000000 4.9650387535
4.5450000000 4.9658787727
4.5460000000 4.9667189064
4.5470000000 4.9675591393
4.5480000000 4.9683994865
4.5490000000 4.9692399406
4.5500000000 4.9700805092
4.5510000000 4.9709211769
4.5520000000 4.9717619591
4.5530000000 4.9726028404
4.5540000000 4.9734438362
4.5550000000 4.9742849388
4.5560000000 4.9751261482
4.5570000000 4.9759674644
4.5580000000 4.9768088951
4.5590000000 4.9776504250
4.5600000000 4.9784920616
4.5610000000 4.9793338051
4.5620000000 4.9801756554
4.5630000000 4.9810176201
4.5640000000 4.9818596840
4.5650000000 4.9827018547
4.5660000000 4.9835441322
4.5670000000 4.9843865166
4.5680000000 4.9852290077
4.5690000000 4.9860715981
4.5700000000 4.9869143028
4.5710000000 4.9877571068
4.5720000000 4.9886000175
4.5730000000 4.9894430351
4.5740000000 4.9902861595
4.5750000000 4.9911293907
4.5760000000 4.9919727211
4.5770000000 4.9928161583
4.5780000000 4.9936597023
4.5790000000 4.9945033455
4.5800000000 4.9953470955
4.5810000000 4.9961909523
4.5820000000 4.9970349159
4.5830000000 4.9978789787
4.5840000000 4.9987231483
4.5850000000 4.9995674171
4.5860000000 5.0004117928
4.5870000000 5.0012562752
4.5880000000 5.0021008568
4.5890000000 5.0029455376
4.5900000000 5.0037903328
4.5910000000 5.0046352196
4.5920000000 5.0054802208
4.5930000000 5.0063253212
4.5940000000 5.0071705208
4.5950000000 5.0080158195
4.5960000000 5.0088612328
4.5970000000 5.0097067375
4.5980000000 5.0105523491
4.5990000000 5.0113980598
4.6000000000 5.0122438774
4.6010000000 5.0130897942
4.6020000000 5.0139358177
4.6030000000 5.0147819405
4.6040000000 5.0156281624
4.6050000000 5.0164744835
4.6060000000 5.0173209114
4.6070000000 5.0181674385
4.6080000000 5.0190140648
4.6090000000 5.0198607979
4.6100000000 5.0207076225
4.6110000000 5.0215545540
4.6120000000 5.0224015846
4.6130000000 5.0232487221
4.6140000000 5.0240959511
4.6150000000 5.0249432869
4.6160000000 5.0257907219
4.6170000000 5.0266382561
4.6180000000 5.0274858894
4.6190000000 5.0283336220
4.6200000000 5.0291814537
4.6210000000 5.0300293846
4.6220000000 5.0308774147
4.6230000000 5.0317255516
4.6240000000 5.0325737801
4.6250000000 5.0334221153
4.6260000000 5.0342705421
4.6270000000 5.0351190681
4.6280000000 5.0359676933
4.6290000000 5.0368164253
4.6300000000 5.0376652489
4.6310000000 5.0385141716
4.6320000000 5.0393631935
4.6330000000 5.0402123146
4.6340000000 5.0410615349
4.6350000000 5.0419108467
4.6360000000 5.0427602654
4.6370000000 5.0436097755
4.6380000000 5.0444593849
4.6390000000 5.0453090935
4.6400000000 5.0461589012
4.6410000000 5.0470088005
4.6420000000 5.0478587990
4.6430000000 5.0487088966
4.6440000000 5.0495590935
4.6450000000 5.0504093819
4.6460000000 5.0512597694
4.6470000000 5.0521102562
4.6480000000 5.0529608421
4.6490000000 5.0538115196
4.6500000000 5.0546622963
4.6510000000 5.0555131645
4.6520000000 5.0563641319
4.6530000000 5.0572151985
4.6540000000 5.0580663567
4.6550000000 5.0589176140
4.6560000000 5.0597689629
4.6570000000 5.0606204109
4.6580000000 5.0614719505
4.6590000000 5.0623235893
4.6600000000 5.0631753273
4.6610000000 5.0640271568
4.6620000000 5.0648790779
4.6630000000 5.0657310982
4.6640000000 5.0665832100
4.6650000000 5.0674354210
4.6660000000 5.0682877235
4.6670000000 5.0691401253
4.6680000000 5.0699926186
4.6690000000 5.0708452034
4.6700000000 5.0716978874
4.6710000000 5.0725506630
4.6720000000 5.0734035301
4.6730000000 5.0742564964
4.6740000000 5.0751095543
4.6750000000 5.0759627113
4.6760000000 5.0768159523
4.6770000000 5.0776692924
4.6780000000 5.0785227242
4.6790000000 5.0793762550
4.6800000000 5.0802298775
4.6810000000 5.0810835838
4.6820000000 5.0819373970
4.6830000000 5.0827912941
4.6840000000 5.0836452827
4.6850000000 5.0844993706
4.6860000000 5.0853535500
4.6870000000 5.0862078209
4.6880000000 5.0870621834
4.6890000000 5.0879166374
4.6900000000 5.0887711830
4.6910000000 5.0896258202
4.6920000000 5.0904805565
4.6930000000 5.0913353767
4.6940000000 5.0921902962
4.6950000000 5.0930452995
4.6960000000 5.0939004021
4.6970000000 5.0947555962
4.6980000000 5.0956108742
4.6990000000 5.0964662514
4.7000000000 5.0973217125
4.7010000000 5.0981772728
4.7020000000 5.0990329170
4.7030000000 5.0998886604
4.7040000000 5.1007444878
4.7050000000 5.1016004066
4.7060000000 5.1024564171
4.7070000000 5.1033125191
4.7080000000 5.1041687126
4.7090000000 5.1050249977
4.7100000000 5.1058813667
4.7110000000 5.1067378273
4.7120000000 5.1075943871
4.7130000000 5.1084510307
4.7140000000 5.1093077583
4.7150000000 5.1101645851
4.7160000000 5.1110214958
4.7170000000 5.1118784981
4.7180000000 5.1127355919
4.7190000000 5.1135927773
4.7200000000 5.1144500465
4.7210000000 5.1153074074
4.7220000000 5.1161648521
4.7230000000 5.1170223961
4.7240000000 5.1178800240
4.7250000000 5.1187377357
4.7260000000 5.1195955391
4.7270000000 5.1204534340
4.7280000000 5.1213114204
4.7290000000 5.1221694908
4.7300000000 5.1230276527
4.7310000000 5.1238858986
4.7320000000 5.1247442360
4.7330000000 5.1256026573
4.7340000000 5.1264611702
4.7350000000 5.1273197670
4.7360000000 5.1281784554
4.7370000000 5.1290372353
4.7380000000 5.1298960991
4.7390000000 5.1307550468
4.7400000000 5.1316140862
4.7410000000 5.1324732170
4.7420000000 5.1333324242
4.7430000000 5.1341917305
4.7440000000 5.1350511131
4.7450000000 5.1359105873
4.7460000000 5.1367701530
4.7470000000 5.1376298027
4.7480000000 5.1384895363
4.7490000000 5.1393493538
4.7500000000 5.1402092628
4.7510000000 5.1410692635
4.7520000000 5.1419293404
4.7530000000 5.1427895088
4.7540000000 5.1436497612
4.7550000000 5.1445101051
4.7560000000 5.1453705330
4.7570000000 5.1462310448
4.7580000000 5.1470916405
4.7590000000 5.1479523277
4.7600000000 5.1488130913
4.7610000000 5.1496739464
4.7620000000 5.1505348854
4.7630000000 5.1513959160
4.7640000000 5.1522570229
4.7650000000 5.1531182213
4.7660000000 5.1539795036
4.7670000000 5.1548408699
4.7680000000 5.1557023201
4.7690000000 5.1565638618
4.7700000000 5.1574254799
4.7710000000 5.1582871895
4.7720000000 5.1591489754
4.7730000000 5.1600108528
4.7740000000 5.1608728142
4.7750000000 5.1617348518
4.7760000000 5.1625969810
4.7770000000 5.1634591942
4.7780000000 5.1643214912
4.7790000000 5.1651838722
4.7800000000 5.1660463371
4.7810000000 5.1669088860
4.7820000000 5.1677715187
4.7830000000 5.1686342354
4.7840000000 5.1694970284
4.7850000000 5.1703599129
4.7860000000 5.1712228813
4.7870000000 5.1720859337
4.7880000000 5.1729490623
4.7890000000 5.1738122749
4.7900000000 5.1746755791
4.7910000000 5.1755389595
4.7920000000 5.1764024239
4.7930000000 5.1772659721
4.7940000000 5.1781296043
4.7950000000 5.1789933128
4.7960000000 5.1798571129
4.7970000000 5.1807209892
4.7980000000 5.1815849495
4.7990000000 5.1824489937
4.8000000000 5.1833131142
4.8010000000 5.1841773262
4.8020000000 5.1850416145
4.8030000000 5.1859059792
4.8040000000 5.1867704353
4.8050000000 5.1876349678
4.8060000000 5.1884995842
4.8070000000 5.1893642845
4.8080000000 5.1902290611
4.8090000000 5.1910939293
4.8100000000 5.1919588661
4.8110000000 5.1928238945
4.8120000000 5.1936889992
4.8130000000 5.1945541801
4.8140000000 5.1954194527
4.8150000000 5.1962848015
4.8160000000 5.1971502266
4.8170000000 5.1980157356
4.8180000000 5.1988813286
4.8190000000 5.1997469978
4.8200000000 5.2006127510
4.8210000000 5.2014785805
4.8220000000 5.2023444939
4.8230000000 5.2032104912
4.8240000000 5.2040765648
4.8250000000 5.2049427147
4.8260000000 5.2058089485
4.8270000000 5.2066752663
4.8280000000 5.2075416603
4.8290000000 5.2084081306
4.8300000000 5.2092746849
4.8310000000 5.2101413155
4.8320000000 5.2110080299
4.8330000000 5.2118748207
4.8340000000 5.2127416954
4.8350000000 5.2136086464
4.8360000000 5.2144756737
4.8370000000 5.2153427849
4.8380000000 5.2162099724
4.8390000000 5.2170772438
4.8400000000 5.2179445915
4.8410000000 5.2188120155
4.8420000000 5.2196795158
4.8430000000 5.2205471001
4.8440000000 5.2214147606
4.8450000000 5.2222825050
4.8460000000 5.2231503258
4.8470000000 5.2240182228
4.8480000000 5.2248861961
4.8490000000 5.2257542458
4.8500000000 5.2266223793
4.8510000000 5.2274905891
4.8520000000 5.2283588829
4.8530000000 5.2292272453
4.8540000000 5.2300956917
4.8550000000 5.2309642143
4.8560000000 5.2318328133
4.8570000000 5.2327014885
4.8580000000 5.2335702477
4.8590000000 5.2344390755
4.8600000000 5.2353079872
4.8610000000 5.2361769753
4.8620000000 5.2370460396
4.8630000000 5.2379151802
4.8640000000 5.2387844048
4.8650000000 5.2396536980
4.8660000000 5.2405230751
4.8670000000 5.2413925209
4.8680000000 5.2422620506
4.8690000000 5.2431316566
4.8700000000 5.2440013313
4.8710000000 5.2448710899
4.8720000000 5.2457409248
4.8730000000 5.2466108360
4.8740000000 5.2474808235
4.8750000000 5.2483508873
4.8760000000 5.2492210197
4.8770000000 5.2500912361
4.8780000000 5.2509615288
4.8790000000 5.2518318977
4.8800000000 5.2527023430
4.8810000000 5.2535728569
4.8820000000 5.2544434547
4.8830000000 5.2553141212
4.8840000000 5.2561848717
4.8850000000 5.2570556908
4.8860000000 5.2579265938
4.8870000000 5.2587975655
4.8880000000 5.2596686134
4.8890000000 5.2605397377
4.8900000000 5.2614109383
4.8910000000 5.2622822075
4.8920000000 5.2631535606
4.8930000000 5.2640249825
4.8940000000 5.2648964806
4.8950000000 5.2657680550
4.8960000000 5.2666397057
4.8970000000 5.2675114250
4.8980000000 5.2683832283
4.8990000000 5.2692551003
4.9000000000 5.2701270485
4.9010000000 5.2709990654
4.9020000000 5.2718711662
4.9030000000 5.2727433357
4.9040000000 5.2736155815
4.9050000000 5.2744878960
4.9060000000 5.2753602867
4.9070000000 5.2762327538
4.9080000000 5.2771052971
4.9090000000 5.2779779091
4.9100000000 5.2788506050
4.9110000000 5.2797233620
4.9120000000 5.2805962029
4.9130000000 5.2814691124
4.9140000000 5.2823420906
4.9150000000 5.2832151451
4.9160000000 5.2840882759
4.9170000000 5.2849614830
4.9180000000 5.2858347588
4.9190000000 5.2867081108
4.9200000000 5.2875815315
4.9210000000 5.2884550285
4.9220000000 5.2893285942
4.9230000000 5.2902022362
4.9240000000 5.2910759544
4.9250000000 5.2919497414
4.9260000000 5.2928235970
4.9270000000 5.2936975288
4.9280000000 5.2945715370
4.9290000000 5.2954456139
4.9300000000 5.2963197670
4.9310000000 5.2971939888
4.9320000000 5.2980682793
4.9330000000 5.2989426537
4.9340000000 5.2998170891
4.9350000000 5.3006916008
4.9360000000 5.3015661812
4.9370000000 5.3024408379
4.9380000000 5.3033155632
4.9390000000 5.3041903648
4.9400000000 5.3050652351
4.9410000000 5.3059401817
4.9420000000 5.3068151970
4.9430000000 5.3076902809
4.9440000000 5.3085654335
4.9450000000 5.3094406624
4.9460000000 5.3103159676
4.9470000000 5.3111913338
4.9480000000 5.3120667763
4.9490000000 5.3129422951
4.9500000000 5.3138178825
4.9510000000 5.3146935387
4.9520000000 5.3155692635
4.9530000000 5.3164450569
4.9540000000 5.3173209267
4.9550000000 5.3181968651
4.9560000000 5.3190728798
4.9570000000 5.3199489555
4.9580000000 5.3208251076
4.9590000000 5.3217013359
4.9600000000 5.3225776253
4.9610000000 5.3234539909
4.9620000000 5.3243304176
4.9630000000 5.3252069206
4.9640000000 5.3260834999
4.9650000000 5.3269601402
4.9660000000 5.3278368568
4.9670000000 5.3287136421
4.9680000000 5.3295904961
4.9690000000 5.3304674187
4.9700000000 5.3313444099
4.9710000000 5.3322214775
4.9720000000 5.3330986061
4.9730000000 5.3339758110
4.9740000000 5.3348530846
4.9750000000 5.3357304268
4.9760000000 5.3366078377
4.9770000000 5.3374853172
4.9780000000 5.3383628654
4.9790000000 5.3392404823
4.9800000000 5.3401181755
4.9810000000 5.3409959297
4.9820000000 5.3418737526
4.9830000000 5.3427516518
4.9840000000 5.3436296120
4.9850000000 5.3445076485
4.9860000000 5.3453857536
4.9870000000 5.3462639198
4.9880000000 5.3471421623
4.9890000000 5.3480204735
4.9900000000 5.3488988457
4.9910000000 5.3497772942
4.9920000000 5.3506558037
4.9930000000 5.3515343895
4.9940000000 5.3524130363
4.9950000000 5.3532917595
4.9960000000 5.3541705437
4.9970000000 5.3550493965
4.9980000000 5.3559283257
4.9990000000 5.3568073158
