0.0181000000 0.0094294678
0.0281000000 0.0146370752
0.0291000000 0.0151577100
0.0301000000 0.0156783154
0.0311000000 0.0161988916
0.0321000000 0.0167194385
0.0331000000 0.0172399463
0.0371000000 0.0193216943
0.0381000000 0.0198420361
0.0391000000 0.0203623584
0.0401000000 0.0208826318
0.0411000000 0.0214028760
0.0421000000 0.0219230713
0.0431000000 0.0224432373
0.0441000000 0.0229633545
0.0451000000 0.0234834326
0.0461000000 0.0240034717
0.0471000000 0.0245234619
0.0481000000 0.0250434131
0.0491000000 0.0255633154
0.0501000000 0.0260831689
0.0511000000 0.0266029834
0.0521000000 0.0271227393
0.0531000000 0.0276424561
0.0541000000 0.0281621143
0.0551000000 0.0286817334
0.0561000000 0.0292012842
0.0571000000 0.0297207959
0.0581000000 0.0302402490
0.0591000000 0.0307596436
0.0601000000 0.0312789893
0.0611000000 0.0317982666
0.0621000000 0.0323174951
0.0631000000 0.0328366650
0.0641000000 0.0333557764
0.0651000000 0.0338748291
0.0661000000 0.0343938135
0.0671000000 0.0349127393
0.0681000000 0.0354315967
0.0691000000 0.0359503955
0.0701000000 0.0364691260
0.0711000000 0.0369877979
0.0721000000 0.0375063916
0.0731000000 0.0380249268
0.0741000000 0.0385433838
0.0751000000 0.0390617822
0.0761000000 0.0395801025
0.0771000000 0.0400983447
0.0781000000 0.0406165186
0.0791000000 0.0411346240
0.0801000000 0.0416526514
0.0811000000 0.0421706006
0.0821000000 0.0426884814
0.0831000000 0.0432062744
0.0841000000 0.0437239990
0.0851000000 0.0442416357
0.0861000000 0.0447591943
0.0871000000 0.0452766748
0.0881000000 0.0457940674
0.0891000000 0.0463113818
0.0901000000 0.0468286084
0.0911000000 0.0473457568
0.0921000000 0.0478628076
0.0931000000 0.0483797803
0.0941000000 0.0488966650
0.0951000000 0.0494134521
0.0961000000 0.0499301611
0.0971000000 0.0504467725
0.0981000000 0.0509632861
0.0991000000 0.0514797217
0.1001000000 0.0519960498
0.1011000000 0.0525122900
0.1021000000 0.0530284326
0.1031000000 0.0535444775
0.1041000000 0.0540604346
0.1051000000 0.0545762842
0.1061000000 0.0550920361
0.1071000000 0.0556076807
0.1081000000 0.0561232373
0.1091000000 0.0566386865
0.1101000000 0.0571540283
0.1111000000 0.0576692627
0.1121000000 0.0581843994
0.1131000000 0.0586994287
0.1141000000 0.0592143506
0.1151000000 0.0597291650
0.1161000000 0.0602438721
0.1171000000 0.0607584619
0.1181000000 0.0612729443
0.1191000000 0.0617873193
0.1201000000 0.0623015771
0.1211000000 0.0628157275
0.1221000000 0.0633297607
0.1231000000 0.0638436670
0.1241000000 0.0643574658
0.1251000000 0.0648711475
0.1261000000 0.0653847119
0.1271000000 0.0658981592
0.1281000000 0.0664114795
0.1291000000 0.0669246826
0.1301000000 0.0674377588
0.1311000000 0.0679507178
0.1321000000 0.0684635498
0.1331000000 0.0689762549
0.1341000000 0.0694888330
0.1351000000 0.0700012842
0.1361000000 0.0705136084
0.1371000000 0.0710258057
0.1381000000 0.0715378760
0.1391000000 0.0720498096
0.1401000000 0.0725616162
0.1411000000 0.0730732861
0.1421000000 0.0735848193
0.1431000000 0.0740962256
0.1441000000 0.0746074854
0.1451000000 0.0751186182
0.1461000000 0.0756296143
0.1471000000 0.0761404639
0.1481000000 0.0766511768
0.1491000000 0.0771617529
0.1501000000 0.0776721826
0.1511000000 0.0781824756
0.1521000000 0.0786926221
0.1531000000 0.0792026221
0.1541000000 0.0797124854
0.1551000000 0.0802221924
0.1561000000 0.0807317529
0.1571000000 0.0812411768
0.1581000000 0.0817504443
0.1591000000 0.0822595557
0.1601000000 0.0827685205
0.1611000000 0.0832773389
0.1621000000 0.0837860010
0.1631000000 0.0842945068
0.1641000000 0.0848028564
0.1651000000 0.0853110596
0.1661000000 0.0858190967
0.1671000000 0.0863269775
0.1681000000 0.0868347021
0.1691000000 0.0873422705
0.1701000000 0.0878496729
0.1711000000 0.0883569189
0.1721000000 0.0888639990
0.1731000000 0.0893709131
0.1741000000 0.0898776709
0.1751000000 0.0903842529
0.1761000000 0.0908906787
0.1771000000 0.0913969287
0.1781000000 0.0919030225
0.1791000000 0.0924089404
0.1801000000 0.0929146826
0.1811000000 0.0934202588
0.1821000000 0.0939256689
0.1831000000 0.0944309033
0.1841000000 0.0949359619
0.1851000000 0.0954408447
0.1861000000 0.0959455518
0.1871000000 0.0964500830
0.1881000000 0.0969544385
0.1891000000 0.0974586182
0.1901000000 0.0979626123
0.1911000000 0.0984664307
0.1921000000 0.0989700635
0.1931000000 0.0994735205
0.1941000000 0.0999767822
0.1951000000 0.1004798779
0.1961000000 0.1009827783
0.1971000000 0.1014854932
0.1981000000 0.1019880225
0.1991000000 0.1024903564
0.2001000000 0.1029925146
0.2011000000 0.1034944775
0.2021000000 0.1039962451
0.2031000000 0.1044978271
0.2041000000 0.1049992139
0.2051000000 0.1055004053
0.2061000000 0.1060014111
0.2071000000 0.1065022119
0.2081000000 0.1070028271
0.2091000000 0.1075032373
0.2101000000 0.1080034521
0.2111000000 0.1085034619
0.2121000000 0.1090032764
0.2131000000 0.1095028955
0.2141000000 0.1100023096
0.2151000000 0.1105015186
0.2161000000 0.1110005225
0.2171000000 0.1114993213
0.2181000000 0.1119979248
0.2191000000 0.1124963135
0.2201000000 0.1129944971
0.2211000000 0.1134924756
0.2221000000 0.1139902393
0.2231000000 0.1144877979
0.2241000000 0.1149851416
0.2251000000 0.1154822705
0.2261000000 0.1159791943
0.2271000000 0.1164759033
0.2281000000 0.1169723975
0.2291000000 0.1174686768
0.2301000000 0.1179647314
0.2311000000 0.1184605811
0.2321000000 0.1189562061
0.2331000000 0.1194516162
0.2341000000 0.1199468018
0.2351000000 0.1204417725
0.2361000000 0.1209365186
0.2371000000 0.1214310400
0.2381000000 0.1219253369
0.2391000000 0.1224194092
0.2401000000 0.1229132666
0.2411000000 0.1234068896
0.2421000000 0.1239002881
0.2431000000 0.1243934521
0.2441000000 0.1248864014
0.2451000000 0.1253791064
0.2461000000 0.1258715869
0.2471000000 0.1263638428
0.2481000000 0.1268558545
0.2491000000 0.1273476416
0.2501000000 0.1278391943
0.2511000000 0.1283305127
0.2521000000 0.1288215967
0.2531000000 0.1293124365
0.2541000000 0.1298030420
0.2551000000 0.1302934131
0.2561000000 0.1307835498
0.2571000000 0.1312734326
0.2581000000 0.1317630908
0.2591000000 0.1322524951
0.2601000000 0.1327416650
0.2611000000 0.1332305908
0.2621000000 0.1337192627
0.2631000000 0.1342077002
0.2641000000 0.1346958936
0.2651000000 0.1351838330
0.2661000000 0.1356715283
0.2671000000 0.1361589795
0.2681000000 0.1366461768
0.2691000000 0.1371331201
0.2701000000 0.1376198193
0.2711000000 0.1381062744
0.2721000000 0.1385924658
0.2731000000 0.1390784131
0.2741000000 0.1395640967
0.2751000000 0.1400495361
0.2761000000 0.1405347119
0.2771000000 0.1410196338
0.2781000000 0.1415043018
0.2791000000 0.1419887158
0.2801000000 0.1424728662
0.2811000000 0.1429567529
0.2821000000 0.1434403857
0.2831000000 0.1439237646
0.2841000000 0.1444068701
0.2851000000 0.1448897217
0.2861000000 0.1453723096
0.2871000000 0.1458546240
0.2881000000 0.1463366846
0.2891000000 0.1468184814
0.2901000000 0.1473000049
0.2911000000 0.1477812646
0.2921000000 0.1482622607
0.2931000000 0.1487429932
0.2941000000 0.1492234424
0.2951000000 0.1497036377
0.2961000000 0.1501835498
0.2971000000 0.1506631982
0.2981000000 0.1511425830
0.2991000000 0.1516216846
