1.3530000000 1.2969089928 2.3924684334 2.9781292076
1.3540000000 1.2975519829 2.3928037529 2.9786654778
1.3550000000 1.2981952324 2.3931391411 2.9792018623
1.3560000000 1.2988387337 2.3934746056 2.9797383766
1.3570000000 1.2994824791 2.3938101387 2.9802750130
1.3580000000 1.3001264839 2.3941457405 2.9808117714
1.3590000000 1.3007707329 2.3944814110 2.9813486519
1.3600000000 1.3014152336 2.3948171577 2.9818856621
1.3610000000 1.3020599785 2.3951529732 2.9824227867
1.3620000000 1.3027049675 2.3954888496 2.9829600334
1.3630000000 1.3033502007 2.3958248024 2.9834974098
1.3640000000 1.3039956703 2.3961608238 2.9840349007
1.3650000000 1.3046413841 2.3964969139 2.9845725212
1.3660000000 1.3052873344 2.3968330650 2.9851102562
1.3670000000 1.3059335213 2.3971692924 2.9856481209
1.3680000000 1.3065799446 2.3975055809 2.9861861000
1.3690000000 1.3072265968 2.3978419380 2.9867242088
1.3700000000 1.3078734856 2.3981783638 2.9872624397
1.3710000000 1.3085205956 2.3985148506 2.9878007927
1.3720000000 1.3091679420 2.3988514061 2.9883392677
1.3730000000 1.3098155174 2.3991880302 2.9888778648
1.3740000000 1.3104633141 2.3995247154 2.9894165840
1.3750000000 1.3111113396 2.3998614616 2.9899554253
1.3760000000 1.3117595863 2.4001982765 2.9904943886
1.3770000000 1.3124080467 2.4005351601 2.9910334740
1.3780000000 1.3130567360 2.4008720970 2.9915726814
1.3790000000 1.3137056389 2.4012091026 2.9921120186
1.3800000000 1.3143547554 2.4015461693 2.9926514702
1.3810000000 1.3150040932 2.4018833046 2.9931910439
1.3820000000 1.3156536369 2.4022204933 2.9937307472
1.3830000000 1.3163033943 2.4025577507 2.9942705650
1.3840000000 1.3169533653 2.4028950615 2.9948105125
1.3850000000 1.3176035423 2.4032324409 2.9953505745
1.3860000000 1.3182539253 2.4035698738 2.9958907661
1.3870000000 1.3189045143 2.4039073677 2.9964310722
1.3880000000 1.3195553093 2.4042449226 2.9969715080
1.3890000000 1.3202063026 2.4045825386 2.9975120659
1.3900000000 1.3208574944 2.4049202156 2.9980527382
1.3910000000 1.3215088921 2.4052579460 2.9985935402
1.3920000000 1.3221604805 2.4055957298 2.9991344643
1.3930000000 1.3228122673 2.4059335823 2.9996755104
1.3940000000 1.3234642525 2.4062714882 3.0002166786
1.3950000000 1.3241164284 2.4066094475 3.0007579689
1.3960000000 1.3247687950 2.4069474678 3.0012993813
1.3970000000 1.3254213448 2.4072855415 3.0018409157
1.3980000000 1.3260740929 2.4076236687 3.0023825722
1.3990000000 1.3267270241 2.4079618568 3.0029243507
1.4000000000 1.3273801384 2.4083000908 3.0034662514
1.4010000000 1.3280334358 2.4086383858 3.0040082741
1.4020000000 1.3286869087 2.4089767342 3.0045504265
1.4030000000 1.3293405724 2.4093151360 3.0050926933
1.4040000000 1.3299944038 2.4096535912 3.0056350822
1.4050000000 1.3306484184 2.4099920998 3.0061776009
1.4060000000 1.3313026085 2.4103306618 3.0067202339
1.4070000000 1.3319569740 2.4106692696 3.0072629967
1.4080000000 1.3326115074 2.4110079384 3.0078058739
1.4090000000 1.3332662163 2.4113466530 3.0083488808
1.4100000000 1.3339210854 2.4116854134 3.0088920021
1.4110000000 1.3345761299 2.4120242348 3.0094352531
1.4120000000 1.3352313347 2.4123630943 3.0099786263
1.4130000000 1.3358867073 2.4127020149 3.0105221214
1.4140000000 1.3365422401 2.4130409737 3.0110657387
1.4150000000 1.3371979332 2.4133799858 3.0116094704
1.4160000000 1.3378537865 2.4137190514 3.0121533318
1.4170000000 1.3385098000 2.4140581551 3.0126973152
1.4180000000 1.3391659660 2.4143973122 3.0132414284
1.4190000000 1.3398222847 2.4147365150 3.0137856560
1.4200000000 1.3404787636 2.4150757637 3.0143300056
1.4210000000 1.3411353874 2.4154150581 3.0148744774
1.4220000000 1.3417921562 2.4157543983 3.0154190788
1.4230000000 1.3424490852 2.4160937843 3.0159637947
1.4240000000 1.3431061516 2.4164332161 3.0165086327
1.4250000000 1.3437633629 2.4167726936 3.0170536003
1.4260000000 1.3444207191 2.4171122093 3.0175986900
1.4270000000 1.3450782127 2.4174517708 3.0181438942
1.4280000000 1.3457358513 2.4177913704 3.0186892281
1.4290000000 1.3463936272 2.4181310234 3.0192346840
1.4300000000 1.3470515327 2.4184707069 3.0197802620
1.4310000000 1.3477095833 2.4188104362 3.0203259621
1.4320000000 1.3483677559 2.4191502113 3.0208717842
1.4330000000 1.3490260658 2.4194900246 3.0214177284
1.4340000000 1.3496845055 2.4198298759 3.0219638023
1.4350000000 1.3503430748 2.4201697655 3.0225099907
1.4360000000 1.3510017738 2.4205096931 3.0230563011
1.4370000000 1.3516605873 2.4208496666 3.0236027412
1.4380000000 1.3523195305 2.4211896706 3.0241493034
1.4390000000 1.3529785957 2.4215297203 3.0246959877
1.4400000000 1.3536377754 2.4218698006 3.0252427864
1.4410000000 1.3542970772 2.4222099190 3.0257897148
1.4420000000 1.3549564934 2.4225500755 3.0263367729
1.4430000000 1.3556160240 2.4228902702 3.0268839455
1.4440000000 1.3562756691 2.4232304955 3.0274312401
1.4450000000 1.3569354286 2.4235707588 3.0279786644
1.4460000000 1.3575952950 2.4239110603 3.0285262032
1.4470000000 1.3582552681 2.4242513847 3.0290738716
1.4480000000 1.3589153481 2.4245917549 3.0296216621
1.4490000000 1.3595755348 2.4249321480 3.0301695747
1.4500000000 1.3602358208 2.4252725792 3.0307176094
1.4510000000 1.3608962135 2.4256130409 3.0312657661
1.4520000000 1.3615566978 2.4259535332 3.0318140450
1.4530000000 1.3622172890 2.4262940636 3.0323624535
1.4540000000 1.3628779716 2.4266346169 3.0329109840
1.4550000000 1.3635387459 2.4269752007 3.0334596291
1.4560000000 1.3641996117 2.4273158150 3.0340084038
1.4570000000 1.3648605766 2.4276564598 3.0345573006
1.4580000000 1.3655216255 2.4279971352 3.0351063271
1.4590000000 1.3661827583 2.4283378334 3.0356554680
1.4600000000 1.3668439827 2.4286785622 3.0362047386
1.4610000000 1.3675052910 2.4290193214 3.0367541313
1.4620000000 1.3681666756 2.4293601036 3.0373036461
1.4630000000 1.3688281517 2.4297009163 3.0378532829
1.4640000000 1.3694896965 2.4300417442 3.0384030418
1.4650000000 1.3701513176 2.4303826103 3.0389529305
1.4660000000 1.3708130226 2.4307234917 3.0395029335
1.4670000000 1.3714747963 2.4310643959 3.0400530663
1.4680000000 1.3721366386 2.4314053307 3.0406033211
1.4690000000 1.3727985573 2.4317462807 3.0411537056
1.4700000000 1.3734605370 2.4320872612 3.0417042046
1.4710000000 1.3741225853 2.4324282570 3.0422548332
1.4720000000 1.3747847023 2.4327692833 3.0428055840
1.4730000000 1.3754468803 2.4331103172 3.0433564568
1.4740000000 1.3761091194 2.4334513817 3.0439074516
1.4750000000 1.3767714119 2.4337924614 3.0444585762
1.4760000000 1.3774337654 2.4341335640 3.0450098228
1.4770000000 1.3780961800 2.4344746819 3.0455611916
1.4780000000 1.3787586403 2.4348158226 3.0461126823
1.4790000000 1.3794211540 2.4351569786 3.0466643028
1.4800000000 1.3800837212 2.4354981499 3.0472160454
1.4810000000 1.3807463341 2.4358393364 3.0477679100
1.4820000000 1.3814090004 2.4361805458 3.0483198967
1.4830000000 1.3820717049 2.4365217628 3.0488720131
1.4840000000 1.3827344551 2.4368630028 3.0494242439
1.4850000000 1.3833972435 2.4372042503 3.0499766121
1.4860000000 1.3840600700 2.4375455132 3.0505290947
1.4870000000 1.3847229347 2.4378867912 3.0510817070
1.4880000000 1.3853858376 2.4382280769 3.0516344414
1.4890000000 1.3860487709 2.4385693855 3.0521872978
1.4900000000 1.3867117424 2.4389106941 3.0527402840
1.4910000000 1.3873747368 2.4392520180 3.0532933846
1.4920000000 1.3880377617 2.4395933571 3.0538466225
1.4930000000 1.3887008095 2.4399346962 3.0543999748
1.4940000000 1.3893638878 2.4402760506 3.0549534569
1.4950000000 1.3900269890 2.4406174202 3.0555070610
1.4960000000 1.3906901054 2.4409587898 3.0560607948
1.4970000000 1.3913532372 2.4413001671 3.0566146431
1.4980000000 1.3920163918 2.4416415520 3.0571686287
1.4990000000 1.3926795616 2.4419829445 3.0577227287
1.5000000000 1.3933427391 2.4423243446 3.0582769585
1.5010000000 1.3940059319 2.4426657448 3.0588313103
1.5020000000 1.3946691322 2.4430071526 3.0593857918
1.5030000000 1.3953323402 2.4433485680 3.0599403954
1.5040000000 1.3959955482 2.4436899834 3.0604951210
1.5050000000 1.3966587639 2.4440313988 3.0610499763
1.5060000000 1.3973219795 2.4443728218 3.0616049538
1.5070000000 1.3979851952 2.4447142448 3.0621600533
1.5080000000 1.3986484108 2.4450556679 3.0627152824
1.5090000000 1.3993116188 2.4453970909 3.0632706337
1.5100000000 1.3999748192 2.4457385216 3.0638261147
1.5110000000 1.4006380119 2.4460799446 3.0643817177
1.5120000000 1.4013011894 2.4464213600 3.0649374504
1.5130000000 1.4019643593 2.4467627831 3.0654933052
1.5140000000 1.4026275139 2.4471041985 3.0660492821
1.5150000000 1.4032906532 2.4474456139 3.0666053886
1.5160000000 1.4039537697 2.4477870293 3.0671616173
1.5170000000 1.4046168709 2.4481284294 3.0677179756
1.5180000000 1.4052799416 2.4484698372 3.0682744560
1.5190000000 1.4059429893 2.4488112297 3.0688310661
1.5200000000 1.4066060143 2.4491526222 3.0693877983
1.5210000000 1.4072690086 2.4494939995 3.0699446526
1.5220000000 1.4079319649 2.4498353767 3.0705016441
1.5230000000 1.4085948982 2.4501767387 3.0710587502
1.5240000000 1.4092577934 2.4505181007 3.0716159859
1.5250000000 1.4099206429 2.4508594475 3.0721733513
1.5260000000 1.4105834618 2.4512007866 3.0727308388
1.5270000000 1.4112462349 2.4515421104 3.0732884483
1.5280000000 1.4119089699 2.4518834267 3.0738461952
1.5290000000 1.4125716515 2.4522247353 3.0744040565
1.5300000000 1.4132342873 2.4525660210 3.0749620476
1.5310000000 1.4138968773 2.4529072990 3.0755201683
1.5320000000 1.4145594139 2.4532485619 3.0760784111
1.5330000000 1.4152218895 2.4535898170 3.0766367836
1.5340000000 1.4158843117 2.4539310493 3.0771952858
1.5350000000 1.4165466805 2.4542722664 3.0777539101
1.5360000000 1.4172089806 2.4546134682 3.0783126564
1.5370000000 1.4178712196 2.4549546471 3.0788715401
1.5380000000 1.4185333977 2.4552958107 3.0794305382
1.5390000000 1.4191954994 2.4556369591 3.0799896736
1.5400000000 1.4198575401 2.4559780846 3.0805489311
1.5410000000 1.4205195045 2.4563191948 3.0811083107
1.5420000000 1.4211813927 2.4566602821 3.0816678200
1.5430000000 1.4218432121 2.4570013466 3.0822274590
1.5440000000 1.4225049477 2.4573423882 3.0827872276
1.5450000000 1.4231665993 2.4576834068 3.0833471184
1.5460000000 1.4238281670 2.4580244026 3.0839071388
1.5470000000 1.4244896507 2.4583653755 3.0844672813
1.5480000000 1.4251510506 2.4587063179 3.0850275536
1.5490000000 1.4258123512 2.4590472374 3.0855879555
1.5500000000 1.4264735680 2.4593881340 3.0861484871
1.5510000000 1.4271346855 2.4597290001 3.0867091408
1.5520000000 1.4277957039 2.4600698433 3.0872699242
1.5530000000 1.4284566307 2.4604106560 3.0878308296
1.5540000000 1.4291174431 2.4607514381 3.0883918724
1.5550000000 1.4297781563 2.4610921898 3.0889530373
1.5560000000 1.4304387703 2.4614329109 3.0895143242
1.5570000000 1.4310992622 2.4617735939 3.0900757484
1.5580000000 1.4317596474 2.4621142540 3.0906372948
1.5590000000 1.4324199257 2.4624548836 3.0911989708
1.5600000000 1.4330800743 2.4627954674 3.0917607765
1.5610000000 1.4337401161 2.4631360283 3.0923227119
1.5620000000 1.4344000282 2.4634765511 3.0928847694
1.5630000000 1.4350598183 2.4638170357 3.0934469566
1.5640000000 1.4357194786 2.4641574821 3.0940092735
1.5650000000 1.4363790169 2.4644978981 3.0945717201
1.5660000000 1.4370384178 2.4648382683 3.0951342888
1.5670000000 1.4376976891 2.4651786079 3.0956969948
1.5680000000 1.4383568153 2.4655189018 3.0962598228
1.5690000000 1.4390158119 2.4658591576 3.0968227806
1.5700000000 1.4396746635 2.4661993675 3.0973858681
1.5710000000 1.4403333702 2.4665395393 3.0979490852
1.5720000000 1.4409919243 2.4668796654 3.0985124245
1.5730000000 1.4416503334 2.4672197533 3.0990759010
1.5740000000 1.4423085976 2.4675597954 3.0996394997
1.5750000000 1.4429666939 2.4678997917 3.1002032280
1.5760000000 1.4436246376 2.4682397423 3.1007670860
1.5770000000 1.4442824287 2.4685796471 3.1013310814
1.5780000000 1.4449400444 2.4689194984 3.1018951988
1.5790000000 1.4455974998 2.4692593117 3.1024594460
1.5800000000 1.4462547874 2.4695990715 3.1030238152
1.5810000000 1.4469119072 2.4699387779 3.1035883217
1.5820000000 1.4475688515 2.4702784386 3.1041529579
1.5830000000 1.4482256126 2.4706180458 3.1047177238
1.5840000000 1.4488821983 2.4709575996 3.1052826118
1.5850000000 1.4495386009 2.4712971001 3.1058476372
1.5860000000 1.4501948204 2.4716365471 3.1064127922
1.5870000000 1.4508508492 2.4719759407 3.1069780769
1.5880000000 1.4515066872 2.4723152809 3.1075434837
1.5890000000 1.4521623344 2.4726545601 3.1081090279
1.5900000000 1.4528177834 2.4729937859 3.1086747017
1.5910000000 1.4534730339 2.4733329582 3.1092405052
1.5920000000 1.4541280785 2.4736720619 3.1098064308
1.5930000000 1.4547829247 2.4740111122 3.1103724937
1.5940000000 1.4554375572 2.4743501015 3.1109386864
1.5950000000 1.4560919762 2.4746890221 3.1115050087
1.5960000000 1.4567461815 2.4750278893 3.1120714607
1.5970000000 1.4574001732 2.4753666878 3.1126380501
1.5980000000 1.4580539436 2.4757054253 3.1132047615
1.5990000000 1.4587074928 2.4760441017 3.1137716103
1.6000000000 1.4593608055 2.4763827095 3.1143385811
