1.6010000000 0.9122042656 1.4600138969 2.4767212486 3.1149056892
1.6020000000 0.9128885384 1.4606667519 2.4770597191 3.1154729271
1.6030000000 0.9135721626 1.4613193703 2.4773981209 3.1160402946
1.6040000000 0.9142552528 1.4619717522 2.4777364616 3.1166077919
1.6050000000 0.9149378853 1.4626238899 2.4780747261 3.1171754189
1.6060000000 0.9156201286 1.4632757835 2.4784129219 3.1177431831
1.6070000000 0.9163020210 1.4639274330 2.4787510414 3.1183110771
1.6080000000 0.9169836082 1.4645788231 2.4790890923 3.1188791008
1.6090000000 0.9176649132 1.4652299538 2.4794270668 3.1194472542
1.6100000000 0.9183459511 1.4658808327 2.4797649727 3.1200155373
1.6110000000 0.9190267525 1.4665314522 2.4801027946 3.1205839577
1.6120000000 0.9197073402 1.4671817970 2.4804405479 3.1211525078
1.6130000000 0.9203877144 1.4678318748 2.4807782173 3.1217211876
1.6140000000 0.9210678978 1.4684816856 2.4811158104 3.1222899971
1.6150000000 0.9217478981 1.4691312218 2.4814533272 3.1228589439
1.6160000000 0.9224277306 1.4697804680 2.4817907677 3.1234280205
1.6170000000 0.9231074028 1.4704294395 2.4821281166 3.1239972267
1.6180000000 0.9237869225 1.4710781288 2.4824653893 3.1245665703
1.6190000000 0.9244662971 1.4717265205 2.4828025856 3.1251360435
1.6200000000 0.9251455269 1.4723746223 2.4831396904 3.1257056465
1.6210000000 0.9258246346 1.4730224266 2.4834767113 3.1262753868
1.6220000000 0.9265036049 1.4736699257 2.4838136482 3.1268452568
1.6230000000 0.9271824608 1.4743171272 2.4841504936 3.1274152565
1.6240000000 0.9278612022 1.4749640160 2.4844872551 3.1279853935
1.6250000000 0.9285398293 1.4756105919 2.4848239326 3.1285556602
1.6260000000 0.9292183571 1.4762568550 2.4851605110 3.1291260567
1.6270000000 0.9298967781 1.4769027977 2.4854970055 3.1296965904
1.6280000000 0.9305750999 1.4775484200 2.4858334084 3.1302672615
1.6290000000 0.9312533226 1.4781937141 2.4861697197 3.1308380547
1.6300000000 0.9319314537 1.4788386803 2.4865059395 3.1314089851
1.6310000000 0.9326095009 1.4794833031 2.4868420601 3.1319800529
1.6320000000 0.9332874641 1.4801275978 2.4871780815 3.1325512505
1.6330000000 0.9339653358 1.4807715416 2.4875140190 3.1331225853
1.6340000000 0.9346431313 1.4814151421 2.4878498497 3.1336940498
1.6350000000 0.9353208504 1.4820583916 2.4881855812 3.1342656441
1.6360000000 0.9359984932 1.4827012825 2.4885212212 3.1348373833
1.6370000000 0.9366760674 1.4833438225 2.4888567543 3.1354092445
1.6380000000 0.9373535652 1.4839859962 2.4891921883 3.1359812431
1.6390000000 0.9380309944 1.4846277962 2.4895275154 3.1365533791
1.6400000000 0.9387083549 1.4852692299 2.4898627434 3.1371256447
1.6410000000 0.9393856468 1.4859102898 2.4901978722 3.1376980476
1.6420000000 0.9400628853 1.4865509682 2.4905328865 3.1382705803
1.6430000000 0.9407400551 1.4871912575 2.4908678017 3.1388432503
1.6440000000 0.9414171638 1.4878311653 2.4912026024 3.1394160576
1.6450000000 0.9420942116 1.4884706764 2.4915372963 3.1399889946
1.6460000000 0.9427712059 1.4891097832 2.4918718834 3.1405620689
1.6470000000 0.9434481468 1.4897485008 2.4922063560 3.1411352730
1.6480000000 0.9441250267 1.4903867989 2.4925407219 3.1417086143
1.6490000000 0.9448018608 1.4910246925 2.4928749733 3.1422820930
1.6500000000 0.9454786339 1.4916621666 2.4932091103 3.1428557014
1.6510000000 0.9461553612 1.4922992210 2.4935431328 3.1434294472
1.6520000000 0.9468320427 1.4929358559 2.4938770332 3.1440033302
1.6530000000 0.9475086708 1.4935720482 2.4942108269 3.1445773506
1.6540000000 0.9481852531 1.4942078133 2.4945444908 3.1451515007
1.6550000000 0.9488617821 1.4948431358 2.4948780403 3.1457257881
1.6560000000 0.9495382729 1.4954780159 2.4952114754 3.1463002129
1.6570000000 0.9502147179 1.4961124458 2.4955447807 3.1468747673
1.6580000000 0.9508911171 1.4967464180 2.4958779716 3.1474494591
1.6590000000 0.9515674782 1.4973799324 2.4962110329 3.1480242882
1.6600000000 0.9522437935 1.4980129814 2.4965439720 3.1485992546
1.6610000000 0.9529200630 1.4986455574 2.4968767815 3.1491743584
1.6620000000 0.9535962944 1.4992776527 2.4972094688 3.1497495918
1.6630000000 0.9542724876 1.4999092751 2.4975420189 3.1503249626
1.6640000000 0.9549486427 1.5005404091 2.4978744469 3.1509004707
1.6650000000 0.9556247597 1.5011710472 2.4982067451 3.1514761162
1.6660000000 0.9563008461 1.5018011971 2.4985389061 3.1520518990
1.6670000000 0.9569768867 1.5024308357 2.4988709450 3.1526278191
1.6680000000 0.9576528893 1.5030599709 2.4992028389 3.1532038689
1.6690000000 0.9583288612 1.5036885872 2.4995346031 3.1537800636
1.6700000000 0.9590047951 1.5043166847 2.4998662300 3.1543563881
1.6710000000 0.9596806984 1.5049442558 2.5001977196 3.1549328499
1.6720000000 0.9603565636 1.5055712929 2.5005290718 3.1555094566
1.6730000000 0.9610323982 1.5061977959 2.5008602791 3.1560861931
1.6740000000 0.9617082024 1.5068237572 2.5011913490 3.1566630669
1.6750000000 0.9623839684 1.5074491692 2.5015222740 3.1572400780
1.6760000000 0.9630597115 1.5080740166 2.5018530617 3.1578172264
1.6770000000 0.9637354164 1.5086983070 2.5021836967 3.1583945122
1.6780000000 0.9644110909 1.5093220329 2.5025141945 3.1589719429
1.6790000000 0.9650867348 1.5099451790 2.5028445396 3.1595495033
1.6800000000 0.9657623558 1.5105677452 2.5031747398 3.1601272011
1.6810000000 0.9664379387 1.5111897240 2.5035047874 3.1607050362
1.6820000000 0.9671134987 1.5118111000 2.5038346825 3.1612830162
1.6830000000 0.9677890282 1.5124318810 2.5041644325 3.1618611259
1.6840000000 0.9684645271 1.5130520592 2.5044940224 3.1624393806
1.6850000000 0.9691399956 1.5136716194 2.5048234596 3.1630177727
1.6860000000 0.9698154411 1.5142905540 2.5051527443 3.1635962944
1.6870000000 0.9704908638 1.5149088554 2.5054818687 3.1641749611
1.6880000000 0.9711662483 1.5155265312 2.5058108330 3.1647537651
1.6890000000 0.9718416176 1.5161435585 2.5061396446 3.1653327141
1.6900000000 0.9725169563 1.5167599297 2.5064682884 3.1659117928
1.6910000000 0.9731922722 1.5173756523 2.5067967796 3.1664910164
1.6920000000 0.9738675575 1.5179907036 2.5071250954 3.1670703773
1.6930000000 0.9745428200 1.5186050758 2.5074532509 3.1676498756
1.6940000000 0.9752180595 1.5192187767 2.5077812462 3.1682295113
1.6950000000 0.9758932686 1.5198317833 2.5081090660 3.1688092918
1.6960000000 0.9765684624 1.5204440956 2.5084367256 3.1693892021
1.6970000000 0.9772436256 1.5210556984 2.5087642097 3.1699692650
1.6980000000 0.9779187660 1.5216665840 2.5090915260 3.1705494575
1.6990000000 0.9785938835 1.5222767525 2.5094186668 3.1711297951
1.7000000000 0.9792689781 1.5228861885 2.5097456322 3.1717102699
1.7010000000 0.9799440498 1.5234948921 2.5100724220 3.1722908821
1.7020000000 0.9806190987 1.5241028404 2.5103990364 3.1728716393
1.7030000000 0.9812941246 1.5247100334 2.5107254753 3.1734525337
1.7040000000 0.9819691277 1.5253164635 2.5110517387 3.1740335655
1.7050000000 0.9826441078 1.5259221153 2.5113778114 3.1746147423
1.7060000000 0.9833190727 1.5265269814 2.5117037086 3.1751960564
1.7070000000 0.9839940071 1.5271310539 2.5120294228 3.1757775154
1.7080000000 0.9846689262 1.5277343254 2.5123549461 3.1763591118
1.7090000000 0.9853438225 1.5283367805 2.5126802864 3.1769408455
1.7100000000 0.9860186958 1.5289384193 2.5130054436 3.1775227242
1.7110000000 0.9866935539 1.5295392189 2.5133304100 3.1781047478
1.7120000000 0.9873683815 1.5301391716 2.5136551781 3.1786869011
1.7130000000 0.9880431938 1.5307382774 2.5139797630 3.1792692070
1.7140000000 0.9887179909 1.5313365211 2.5143041496 3.1798516502
1.7150000000 0.9893927574 1.5319338799 2.5146283455 3.1804342308
1.7160000000 0.9900675087 1.5325303612 2.5149523430 3.1810169563
1.7170000000 0.9907422447 1.5331259422 2.5152761421 3.1815998268
1.7180000000 0.9914169579 1.5337206078 2.5155997429 3.1821828346
1.7190000000 0.9920916481 1.5343143578 2.5159231453 3.1827659874
1.7200000000 0.9927663231 1.5349071770 2.5162463417 3.1833492775
1.7210000000 0.9934409752 1.5354990578 2.5165693398 3.1839327126
1.7220000000 0.9941156120 1.5360899696 2.5168921242 3.1845162849
1.7230000000 0.9947902260 1.5366799202 2.5172147102 3.1851000099
1.7240000000 0.9954648247 1.5372688866 2.5175370827 3.1856838646
1.7250000000 0.9961394005 1.5378568611 2.5178592491 3.1862678719
1.7260000000 0.9968139610 1.5384438286 2.5181812096 3.1868520164
1.7270000000 0.9974884987 1.5390297737 2.5185029488 3.1874363060
1.7280000000 0.9981630211 1.5396146812 2.5188244743 3.1880207405
1.7290000000 0.9988375282 1.5401985435 2.5191457863 3.1886053123
1.7300000000 0.9995120125 1.5407813377 2.5194668846 3.1891900291
1.7310000000 1.0001864815 1.5413630638 2.5197877617 3.1897748909
1.7320000000 1.0008609276 1.5419436913 2.5201084175 3.1903598976
1.7330000000 1.0015353584 1.5425232048 2.5204288521 3.1909450493
1.7340000000 1.0022097740 1.5431016045 2.5207490654 3.1915303383
1.7350000000 1.0028841667 1.5436788597 2.5210690498 3.1921157722
1.7360000000 1.0035585442 1.5442549629 2.5213888130 3.1927013512
1.7370000000 1.0042329063 1.5448298912 2.5217083397 3.1932870750
1.7380000000 1.0049072533 1.5454036369 2.5220276451 3.1938729439
1.7390000000 1.0055815773 1.5459761696 2.5223467140 3.1944589500
1.7400000000 1.0062558861 1.5465474815 2.5226655540 3.1950451088
1.7410000000 1.0069301720 1.5471175499 2.5229841499 3.1956314049
1.7420000000 1.0076044502 1.5476863594 2.5233025169 3.1962178535
1.7430000000 1.0082787056 1.5482538872 2.5236206474 3.1968044395
1.7440000000 1.0089529457 1.5488201103 2.5239385338 3.1973911705
1.7450000000 1.0096271629 1.5493850212 2.5242561836 3.1979780540
1.7460000000 1.0103013725 1.5499485893 2.5245735893 3.1985650749
1.7470000000 1.0109755592 1.5505107994 2.5248907509 3.1991522408
1.7480000000 1.0116497307 1.5510716286 2.5252076607 3.1997395515
1.7490000000 1.0123238869 1.5516310539 2.5255243263 3.2003270149
1.7500000000 1.0129980202 1.5521890450 2.5258407478 3.2009146156
1.7510000000 1.0136721458 1.5527455940 2.5261569099 3.2015023689
1.7520000000 1.0143462486 1.5533006630 2.5264728203 3.2020902672
1.7530000000 1.0150203362 1.5538542290 2.5267884789 3.2026783028
1.7540000000 1.0156944084 1.5544062767 2.5271038780 3.2032664909
1.7550000000 1.0163684578 1.5549567757 2.5274190254 3.2038548241
1.7560000000 1.0170424995 1.5555056953 2.5277339058 3.2044433022
1.7570000000 1.0177165184 1.5560530052 2.5280485268 3.2050319328
1.7580000000 1.0183905296 1.5565986824 2.5283628807 3.2056207008
1.7590000000 1.0190645180 1.5571426964 2.5286769753 3.2062096214
1.7600000000 1.0197384911 1.5576850166 2.5289907951 3.2067986870
1.7610000000 1.0204124489 1.5582256203 2.5293043556 3.2073878975
1.7620000000 1.0210863838 1.5587644539 2.5296176414 3.2079772606
1.7630000000 1.0217603111 1.5593015022 2.5299306526 3.2085667686
1.7640000000 1.0224342155 1.5598367271 2.5302433891 3.2091564217
1.7650000000 1.0231081123 1.5603700905 2.5305558510 3.2097462196
1.7660000000 1.0237819862 1.5609015541 2.5308680305 3.2103361702
1.7670000000 1.0244558449 1.5614310799 2.5311799355 3.2109262657
1.7680000000 1.0251296883 1.5619586296 2.5314915581 3.2115165062
1.7690000000 1.0258035164 1.5624841576 2.5318028908 3.2121068993
1.7700000000 1.0264773293 1.5630076256 2.5321139488 3.2126974373
1.7710000000 1.0271511192 1.5635289955 2.5324247093 3.2132881279
1.7720000000 1.0278249016 1.5640482063 2.5327351875 3.2138789635
1.7730000000 1.0284986610 1.5645652122 2.5330453682 3.2144699440
1.7740000000 1.0291724129 1.5650799751 2.5333552589 3.2150610771
1.7750000000 1.0298461418 1.5655924263 2.5336648521 3.2156523628
1.7760000000 1.0305198555 1.5661025276 2.5339741554 3.2162437935
1.7770000000 1.0311935539 1.5666102028 2.5342831535 3.2168353691
1.7780000000 1.0318672371 1.5671154060 2.5345918541 3.2174270973
1.7790000000 1.0325409050 1.5676180687 2.5349002419 3.2180189781
1.7800000000 1.0332145576 1.5681181221 2.5352083321 3.2186110039
1.7810000000 1.0338881950 1.5686155052 2.5355161171 3.2192031746
1.7820000000 1.0345618095 1.5691101341 2.5358235893 3.2197955055
