1.4161000000 0.0002074623
1.4171000000 0.0004321480
1.4181000000 0.0006550102
1.4191000000 0.0008760567
1.4201000000 0.0010952950
1.4211000000 0.0013127251
1.4221000000 0.0015283546
1.4231000000 0.0017421837
1.4241000000 0.0019542274
1.4251000000 0.0021644783
1.4261000000 0.0023729515
1.4271000000 0.0025796547
1.4281000000 0.0027845802
1.4291000000 0.0029877434
1.4301000000 0.0031891441
1.4311000000 0.0033887825
1.4321000000 0.0035866737
1.4331000000 0.0037828178
1.4341000000 0.0039772224
1.4351000000 0.0041698875
1.4361000000 0.0043608131
1.4371000000 0.0045500145
1.4381000000 0.0047374916
1.4391000000 0.0049232521
1.4401000000 0.0051072884
1.4411000000 0.0052896156
1.4421000000 0.0054702415
1.4431000000 0.0056491585
1.4441000000 0.0058263741
1.4451000000 0.0060019035
1.4461000000 0.0061757317
1.4471000000 0.0063478813
1.4481000000 0.0065183372
1.4491000000 0.0066871223
1.4501000000 0.0068542290
1.4511000000 0.0070196648
1.4521000000 0.0071834373
1.4531000000 0.0073455391
1.4541000000 0.0075059853
1.4551000000 0.0076647682
1.4561000000 0.0078219032
1.4571000000 0.0079773903
1.4581000000 0.0081312294
1.4591000000 0.0082834282
1.4601000000 0.0084339790
1.4611000000 0.0085829048
1.4621000000 0.0087301903
1.4631000000 0.0088758583
1.4641000000 0.0090198860
1.4651000000 0.0091623039
1.4661000000 0.0093030968
1.4671000000 0.0094422722
1.4681000000 0.0095798378
1.4691000000 0.0097157936
1.4701000000 0.0098501472
1.4711000000 0.0099828911
1.4721000000 0.0101140404
1.4731000000 0.0102435875
1.4741000000 0.0103715401
1.4751000000 0.0104978981
1.4761000000 0.0106226768
1.4771000000 0.0107458611
1.4781000000 0.0108674660
1.4791000000 0.0109874916
1.4801000000 0.0111059456
1.4811000000 0.0112228127
1.4821000000 0.0113381157
1.4831000000 0.0114518471
1.4841000000 0.0115640144
1.4851000000 0.0116746178
1.4861000000 0.0117836571
1.4871000000 0.0118911400
1.4881000000 0.0119970589
1.4891000000 0.0121014290
1.4901000000 0.0122042503
1.4911000000 0.0123055229
1.4921000000 0.0124052467
1.4931000000 0.0125034294
1.4941000000 0.0126000633
1.4951000000 0.0126951637
1.4961000000 0.0127887230
1.4971000000 0.0128807487
1.4981000000 0.0129712410
1.4991000000 0.0130602074
1.5001000000 0.0131476402
1.5011000000 0.0132335472
1.5021000000 0.0133179359
1.5031000000 0.0134007988
1.5041000000 0.0134821434
1.5051000000 0.0135619621
1.5061000000 0.0136402779
1.5071000000 0.0137170677
1.5081000000 0.0137923546
1.5091000000 0.0138661232
1.5101000000 0.0139383888
1.5111000000 0.0140091515
1.5121000000 0.0140784111
1.5131000000 0.0141461601
1.5141000000 0.0142124138
1.5151000000 0.0142771645
1.5161000000 0.0143404274
1.5171000000 0.0144021873
1.5181000000 0.0144624519
1.5191000000 0.0145212288
1.5201000000 0.0145785179
1.5211000000 0.0146343193
1.5221000000 0.0146886253
1.5231000000 0.0147414513
1.5241000000 0.0147927971
1.5251000000 0.0148426628
1.5261000000 0.0148910408
1.5271000000 0.0149379387
1.5281000000 0.0149833641
1.5291000000 0.0150273170
1.5301000000 0.0150697899
1.5311000000 0.0151107903
1.5321000000 0.0151503181
1.5331000000 0.0151883812
1.5341000000 0.0152249718
1.5351000000 0.0152600975
1.5361000000 0.0152937508
1.5371000000 0.0153259468
1.5381000000 0.0153566780
1.5391000000 0.0153859444
1.5401000000 0.0154137459
1.5411000000 0.0154400978
1.5421000000 0.0154649849
1.5431000000 0.0154884148
1.5441000000 0.0155103874
1.5451000000 0.0155309105
1.5461000000 0.0155499763
1.5471000000 0.0155675850
1.5481000000 0.0155837517
1.5491000000 0.0155984612
1.5501000000 0.0156117210
1.5511000000 0.0156235390
1.5521000000 0.0156338997
1.5531000000 0.0156428185
1.5541000000 0.0156502953
1.5551000000 0.0156563225
1.5561000000 0.0156609077
1.5571000000 0.0156640511
1.5581000000 0.0156657524
1.5591000000 0.0156660194
1.5601000000 0.0156648369
1.5611000000 0.0156622200
1.5621000000 0.0156581612
1.5631000000 0.0156526680
1.5641000000 0.0156457329
1.5651000000 0.0156373711
1.5661000000 0.0156275673
1.5671000000 0.0156163292
1.5681000000 0.0156036644
1.5691000000 0.0155895576
1.5701000000 0.0155740242
1.5711000000 0.0155570564
1.5721000000 0.0155386543
1.5731000000 0.0155188255
1.5741000000 0.0154975700
1.5751000000 0.0154748802
1.5761000000 0.0154507637
1.5771000000 0.0154252205
1.5781000000 0.0153982506
1.5791000000 0.0153698540
1.5801000000 0.0153400307
1.5811000000 0.0153087807
1.5821000000 0.0152761040
1.5831000000 0.0152420006
1.5841000000 0.0152064781
1.5851000000 0.0151695290
1.5861000000 0.0151311531
1.5871000000 0.0150913582
1.5881000000 0.0150501366
1.5891000000 0.0150074959
1.5901000000 0.0149634285
1.5911000000 0.0149179420
1.5921000000 0.0148710365
1.5931000000 0.0148227043
1.5941000000 0.0147729530
1.5951000000 0.0147217827
1.5961000000 0.0146691933
1.5971000000 0.0146151848
1.5981000000 0.0145597496
1.5991000000 0.0145028954
1.6001000000 0.0144446297
1.6011000000 0.0143849373
1.6021000000 0.0143238258
1.6031000000 0.0142612953
1.6041000000 0.0141973457
1.6051000000 0.0141319771
1.6061000000 0.0140651894
1.6071000000 0.0139969826
1.6081000000 0.0139273643
1.6091000000 0.0138563194
1.6101000000 0.0137838554
1.6111000000 0.0137099724
1.6121000000 0.0136346703
1.6131000000 0.0135579567
1.6141000000 0.0134798164
1.6151000000 0.0134002571
1.6161000000 0.0133192863
1.6171000000 0.0132368889
1.6181000000 0.0131530724
1.6191000000 0.0130678368
1.6201000000 0.0129811897
1.6211000000 0.0128931160
1.6221000000 0.0128036232
1.6231000000 0.0127127037
1.6241000000 0.0126203728
1.6251000000 0.0125266228
1.6261000000 0.0124314461
1.6271000000 0.0123348503
1.6281000000 0.0122368355
1.6291000000 0.0121373940
1.6301000000 0.0120365334
1.6311000000 0.0119342537
1.6321000000 0.0118305473
1.6331000000 0.0117254219
1.6341000000 0.0116188698
1.6351000000 0.0115108910
1.6361000000 0.0114014931
1.6371000000 0.0112906685
1.6381000000 0.0111784248
1.6391000000 0.0110647469
1.6401000000 0.0109496498
1.6411000000 0.0108331261
1.6421000000 0.0107151756
1.6431000000 0.0105957909
1.6441000000 0.0104749870
1.6451000000 0.0103527489
1.6461000000 0.0102290840
1.6471000000 0.0101039925
1.6481000000 0.0099774666
1.6491000000 0.0098495140
1.6501000000 0.0097201271
1.6511000000 0.0095893059
1.6521000000 0.0094570580
1.6531000000 0.0093233757
1.6541000000 0.0091882591
1.6551000000 0.0090517082
1.6561000000 0.0089137154
1.6571000000 0.0087742958
1.6581000000 0.0086334343
1.6591000000 0.0084911308
1.6601000000 0.0083474007
1.6611000000 0.0082022209
1.6621000000 0.0080556068
1.6631000000 0.0079075508
1.6641000000 0.0077580528
1.6651000000 0.0076071053
1.6661000000 0.0074547234
1.6671000000 0.0073008919
1.6681000000 0.0071456184
1.6691000000 0.0069889030
1.6701000000 0.0068307304
1.6711000000 0.0066711159
1.6721000000 0.0065100517
1.6731000000 0.0063475304
1.6741000000 0.0061835670
1.6751000000 0.0060181465
1.6761000000 0.0058512764
1.6771000000 0.0056829491
1.6781000000 0.0055131645
1.6791000000 0.0053419304
1.6801000000 0.0051692314
1.6811000000 0.0049950752
1.6821000000 0.0048194618
1.6831000000 0.0046423836
1.6841000000 0.0044638481
1.6851000000 0.0042838478
1.6861000000 0.0041023750
1.6871000000 0.0039194450
1.6881000000 0.0037350426
1.6891000000 0.0035491753
1.6901000000 0.0033618355
1.6911000000 0.0031730309
1.6921000000 0.0029827461
1.6931000000 0.0027909889
1.6941000000 0.0025977592
1.6951000000 0.0024030495
1.6961000000 0.0022068596
1.6971000000 0.0020091972
1.6981000000 0.0018100471
1.6991000000 0.0016094170
1.7001000000 0.0014073067
1.7011000000 0.0012037086
1.7021000000 0.0009986229
1.7031000000 0.0007920494
1.7041000000 0.0005839806
1.7051000000 0.0003744316
1.7061000000 0.0001633797
