3.660000 0.904406 2.690281 4.332969
3.665000 0.910156 2.694219 4.338781
3.670000 0.915844 2.698219 4.344594
3.675000 0.921406 2.702156 4.350406
3.680000 0.926969 2.706094 4.356281
3.685000 0.932469 2.710094 4.362094
3.690000 0.937906 2.714031 4.367906
3.695000 0.943281 2.717969 4.373719
3.700000 0.948594 2.721969 4.379531
3.705000 0.953906 2.725906 4.385344
3.710000 0.959156 2.729844 4.391156
3.715000 0.964344 2.733844 4.396969
3.720000 0.969531 2.737781 4.402781
3.725000 0.974656 2.741719 4.408594
3.730000 0.979781 2.745719 4.414469
3.735000 0.984906 2.749656 4.420281
3.740000 0.989969 2.753594 4.426094
3.745000 0.994969 2.757594 4.431906
3.750000 1.000031 2.761531 4.437781
3.755000 1.005031 2.765469 4.443594
3.760000 1.009969 2.769406 4.449406
3.765000 1.014969 2.773406 4.455219
3.770000 1.019906 2.777344 4.461094
3.775000 1.024844 2.781281 4.466906
3.780000 1.029719 2.785219 4.472719
3.785000 1.034656 2.789219 4.478594
3.790000 1.039531 2.793156 4.484406
3.795000 1.044406 2.797094 4.490219
3.800000 1.049219 2.801031 4.496094
3.805000 1.054094 2.805031 4.501906
3.810000 1.058906 2.808969 4.507781
3.815000 1.063781 2.812906 4.513594
3.820000 1.068594 2.816844 4.519469
3.825000 1.073406 2.820844 4.525281
3.830000 1.078156 2.824781 4.531094
3.835000 1.082969 2.828719 4.536969
3.840000 1.087781 2.832656 4.542781
3.845000 1.092531 2.836594 4.548656
3.850000 1.097281 2.840594 4.554531
3.855000 1.102094 2.844531 4.560344
3.860000 1.106844 2.848469 4.566219
3.865000 1.111594 2.852406 4.572031
3.870000 1.116344 2.856344 4.577906
3.875000 1.121094 2.860281 4.583781
3.880000 1.125844 2.864281 4.589594
3.885000 1.130531 2.868219 4.595469
3.890000 1.135281 2.872156 4.601344
3.895000 1.140031 2.876094 4.607156
3.900000 1.144719 2.880031 4.613031
3.905000 1.149469 2.883969 4.618906
3.910000 1.154156 2.887969 4.624719
3.915000 1.158906 2.891906 4.630594
3.920000 1.163594 2.895844 4.636469
3.925000 1.168344 2.899781 4.642344
3.930000 1.173031 2.903719 4.648156
3.935000 1.177719 2.907656 4.654031
3.940000 1.182469 2.911594 4.659906
3.945000 1.187156 2.915531 4.665781
3.950000 1.191844 2.919531 4.671656
3.955000 1.196594 2.923469 4.677531
3.960000 1.201281 2.927406 4.683406
3.965000 1.205969 2.931344 4.689219
3.970000 1.210719 2.935281 4.695094
3.975000 1.215406 2.939219 4.700969
3.980000 1.220094 2.943156 4.706844
3.985000 1.224781 2.947094 4.712719
3.990000 1.229531 2.951031 4.718594
3.995000 1.234219 2.955031 4.724469
4.000000 1.238906 2.958969 4.730344
4.005000 1.243594 2.962906 4.736219
4.010000 1.248344 2.966844 4.742094
4.015000 1.253031 2.970781 4.747969
4.020000 1.257719 2.974719 4.753844
4.025000 1.262469 2.978656 4.759781
4.030000 1.267156 2.982594 4.765656
4.035000 1.271906 2.986531 4.771531
4.040000 1.276594 2.990469 4.777406
4.045000 1.281281 2.994469 4.783281
4.050000 1.286031 2.998406 4.789156
4.055000 1.290719 3.002344 4.795031
4.060000 1.295469 3.006281 4.800969
4.065000 1.300156 3.010219 4.806844
4.070000 1.304906 3.014156 4.812719
4.075000 1.309594 3.018094 4.818594
4.080000 1.314344 3.022031 4.824531
4.085000 1.319094 3.025969 4.830406
4.090000 1.323781 3.029906 4.836281
4.095000 1.328531 3.033844 4.842156
4.100000 1.333281 3.037844 4.848094
4.105000 1.338031 3.041781 4.853969
4.110000 1.342781 3.045719 4.859906
4.115000 1.347469 3.049656 4.865781
4.120000 1.352219 3.053594 4.871656
4.125000 1.356969 3.057531 4.877594
4.130000 1.361719 3.061469 4.883469
4.135000 1.366469 3.065406 4.889406
4.140000 1.371219 3.069344 4.895281
4.145000 1.375969 3.073281 4.901156
4.150000 1.380781 3.077219 4.907094
4.155000 1.385531 3.081219 4.912969
4.160000 1.390281 3.085156 4.918906
4.165000 1.395031 3.089094 4.924781
4.170000 1.399844 3.093031 4.930719
4.175000 1.404594 3.096969 4.936656
4.180000 1.409406 3.100906 4.942531
4.185000 1.414156 3.104844 4.948469
4.190000 1.418969 3.108781 4.954344
4.195000 1.423719 3.112719 4.960281
4.200000 1.428531 3.116656 4.966219
4.205000 1.433344 3.120656 4.972094
4.210000 1.438094 3.124594 4.978031
4.215000 1.442906 3.128531 4.983969
4.220000 1.447719 3.132469 4.989844
4.225000 1.452531 3.136406 4.995781
4.230000 1.457344 3.140344 5.001719
4.235000 1.462156 3.144281 5.007656
4.240000 1.466969 3.148219 5.013531
4.245000 1.471781 3.152219 5.019469
4.250000 1.476594 3.156156 5.025406
4.255000 1.481469 3.160094 5.031344
4.260000 1.486281 3.164031 5.037281
4.265000 1.491094 3.167969 5.043156
4.270000 1.495969 3.171906 5.049094
4.275000 1.500781 3.175844 5.055031
4.280000 1.505656 3.179781 5.060969
4.285000 1.510531 3.183781 5.066906
4.290000 1.515344 3.187719 5.072844
4.295000 1.520219 3.191656 5.078781
4.300000 1.525094 3.195594 5.084719
4.305000 1.529969 3.199531 5.090656
4.310000 1.534781 3.203469 5.096594
4.315000 1.539656 3.207469 5.102531
4.320000 1.544594 3.211406 5.108469
4.325000 1.549469 3.215344 5.114406
4.330000 1.554344 3.219281 5.120344
4.335000 1.559219 3.223219 5.126281
4.340000 1.564094 3.227219 5.132219
4.345000 1.569031 3.231156 5.138156
4.350000 1.573906 3.235094 5.144094
4.355000 1.578844 3.239031 5.150094
4.360000 1.583719 3.242969 5.156031
4.365000 1.588656 3.246969 5.161969
4.370000 1.593531 3.250906 5.167906
4.375000 1.598469 3.254844 5.173844
4.380000 1.603406 3.258781 5.179844
4.385000 1.608344 3.262781 5.185781
4.390000 1.613281 3.266719 5.191719
4.395000 1.618219 3.270656 5.197656
4.400000 1.623156 3.274594 5.203656
4.405000 1.628094 3.278594 5.209594
4.410000 1.633031 3.282531 5.215531
4.415000 1.638031 3.286469 5.221531
4.420000 1.642969 3.290406 5.227469
4.425000 1.647906 3.294406 5.233406
4.430000 1.652906 3.298344 5.239406
4.435000 1.657844 3.302281 5.245344
4.440000 1.662844 3.306281 5.251344
4.445000 1.667844 3.310219 5.257281
4.450000 1.672781 3.314156 5.263219
4.455000 1.677781 3.318156 5.269219
4.460000 1.682781 3.322094 5.275156
4.465000 1.687781 3.326031 5.281156
4.470000 1.692781 3.330031 5.287094
4.475000 1.697781 3.333969 5.293094
4.480000 1.702781 3.337906 5.299031
4.485000 1.707844 3.341906 5.305031
4.490000 1.712844 3.345844 5.311031
4.495000 1.717844 3.349781 5.316969
4.500000 1.722906 3.353781 5.322969
4.505000 1.727906 3.357719 5.328969
4.510000 1.732969 3.361719 5.334906
4.515000 1.738031 3.365656 5.340906
4.520000 1.743031 3.369594 5.346906
4.525000 1.748094 3.373594 5.352844
4.530000 1.753156 3.377531 5.358844
4.535000 1.758219 3.381531 5.364844
4.540000 1.763281 3.385469 5.370781
4.545000 1.768344 3.389469 5.376781
4.550000 1.773406 3.393406 5.382781
4.555000 1.778469 3.397406 5.388781
4.560000 1.783594 3.401344 5.394781
4.565000 1.788656 3.405344 5.400781
4.570000 1.793719 3.409281 5.406719
4.575000 1.798844 3.413281 5.412719
4.580000 1.803969 3.417219 5.418719
4.585000 1.809031 3.421219 5.424719
4.590000 1.814156 3.425156 5.430719
4.595000 1.819281 3.429156 5.436719
4.600000 1.824406 3.433094 5.442719
4.605000 1.829531 3.437094 5.448719
4.610000 1.834656 3.441094 5.454719
4.615000 1.839781 3.445031 5.460719
4.620000 1.844906 3.449031 5.466719
4.625000 1.850031 3.452969 5.472719
4.630000 1.855156 3.456969 5.478719
4.635000 1.860344 3.460969 5.484719
4.640000 1.865469 3.464906 5.490719
4.645000 1.870656 3.468906 5.496719
4.650000 1.875781 3.472906 5.502719
4.655000 1.880969 3.476844 5.508781
4.660000 1.886156 3.480844 5.514781
4.665000 1.891281 3.484844 5.520781
4.670000 1.896469 3.488781 5.526781
4.675000 1.901656 3.492781 5.532781
4.680000 1.906844 3.496781 5.538844
4.685000 1.912031 3.500781 5.544844
4.690000 1.917281 3.504719 5.550844
4.695000 1.922469 3.508719 5.556844
4.700000 1.927656 3.512719 5.562906
4.705000 1.932906 3.516719 5.568906
4.710000 1.938094 3.520719 5.574906
4.715000 1.943344 3.524656 5.580969
4.720000 1.948531 3.528656 5.586969
4.725000 1.953781 3.532656 5.593031
4.730000 1.959031 3.536656 5.599031
4.735000 1.964219 3.540656 5.605031
4.740000 1.969469 3.544656 5.611094
4.745000 1.974719 3.548656 5.617094
4.750000 1.979969 3.552594 5.623156
4.755000 1.985219 3.556594 5.629156
4.760000 1.990531 3.560594 5.635219
4.765000 1.995781 3.564594 5.641219
4.770000 2.001031 3.568594 5.647281
4.775000 2.006344 3.572594 5.653344
4.780000 2.011594 3.576594 5.659344
4.785000 2.016906 3.580594 5.665406
4.790000 2.022156 3.584594 5.671406
4.795000 2.027469 3.588594 5.677469
4.800000 2.032781 3.592594 5.683531
4.805000 2.038094 3.596594 5.689531
4.810000 2.043344 3.600594 5.695594
4.815000 2.048656 3.604656 5.701656
4.820000 2.054031 3.608656 5.707719
4.825000 2.059344 3.612656 5.713719
4.830000 2.064656 3.616656 5.719781
4.835000 2.069969 3.620656 5.725844
4.840000 2.075281 3.624656 5.731906
4.845000 2.080656 3.628656 5.737906
4.850000 2.085969 3.632719 5.743969
4.855000 2.091344 3.636719 5.750031
4.860000 2.096719 3.640719 5.756094
4.865000 2.102031 3.644719 5.762156
4.870000 2.107406 3.648781 5.768219
4.875000 2.112781 3.652781 5.774281
4.880000 2.118156 3.656781 5.780344
4.885000 2.123531 3.660781 5.786406
4.890000 2.128906 3.664844 5.792469
4.895000 2.134281 3.668844 5.798531
4.900000 2.139656 3.672844 5.804594
4.905000 2.145094 3.676906 5.810656
4.910000 2.150469 3.680906 5.816719
4.915000 2.155844 3.684969 5.822781
4.920000 2.161281 3.688969 5.828844
4.925000 2.166656 3.693031 5.834906
4.930000 2.172094 3.697031 5.840969
4.935000 2.177531 3.701094 5.847094
4.940000 2.182906 3.705094 5.853156
4.945000 2.188344 3.709156 5.859219
4.950000 2.193781 3.713156 5.865281
4.955000 2.199219 3.717219 5.871344
4.960000 2.204656 3.721219 5.877469
4.965000 2.210094 3.725281 5.883531
4.970000 2.215594 3.729281 5.889594
4.975000 2.221031 3.733344 5.895656
4.980000 2.226469 3.737406 5.901781
4.985000 2.231969 3.741406 5.907844
4.990000 2.237406 3.745469 5.913969
4.995000 2.242906 3.749531 5.920031
