0.005000 1.000031
0.010000 1.000031
0.015000 1.000094
0.020000 1.000219
0.025000 1.000344
0.030000 1.000469
0.035000 1.000594
0.040000 1.000781
0.045000 1.001031
0.050000 1.001281
0.055000 1.001531
0.060000 1.001781
0.065000 1.002094
0.070000 1.002469
0.075000 1.002844
0.080000 1.003219
0.085000 1.003594
0.090000 1.004031
0.095000 1.004531
0.100000 1.005031
0.105000 1.005531
0.110000 1.006031
0.115000 1.006594
0.120000 1.007219
0.125000 1.007844
0.130000 1.008469
0.135000 1.009094
0.140000 1.009781
0.145000 1.010531
0.150000 1.011281
0.155000 1.012031
0.160000 1.012844
0.165000 1.013656
0.170000 1.014469
0.175000 1.015344
0.180000 1.016219
0.185000 1.017156
0.190000 1.018094
0.195000 1.019031
0.200000 1.020031
0.205000 1.021031
0.210000 1.022094
0.215000 1.023156
0.220000 1.024281
0.225000 1.025344
0.230000 1.026531
0.235000 1.027656
0.240000 1.028844
0.245000 1.030094
0.250000 1.031344
0.255000 1.032594
0.260000 1.033906
0.265000 1.035219
0.270000 1.036531
0.275000 1.037906
0.280000 1.039344
0.285000 1.040719
0.290000 1.042156
0.295000 1.043656
0.300000 1.045156
0.305000 1.046656
0.310000 1.048219
0.315000 1.049781
0.320000 1.051344
0.325000 1.052969
0.330000 1.054656
0.335000 1.056281
0.340000 1.058031
0.345000 1.059719
0.350000 1.061469
0.355000 1.063219
0.360000 1.065031
0.365000 1.066844
0.370000 1.068719
0.375000 1.070594
0.380000 1.072469
0.385000 1.074406
0.390000 1.076344
0.395000 1.078281
0.400000 1.080281
0.405000 1.082281
0.410000 1.084344
0.415000 1.086406
0.420000 1.088469
0.425000 1.090594
0.430000 1.092781
0.435000 1.094906
0.440000 1.097094
0.445000 1.099344
0.450000 1.101531
0.455000 1.103844
0.460000 1.106094
0.465000 1.108406
0.470000 1.110719
0.475000 1.113094
0.480000 1.115469
0.485000 1.117906
0.490000 1.120281
0.495000 1.122781
0.500000 1.125219
0.505000 1.127719
0.510000 1.130219
0.515000 1.132781
0.520000 1.135344
0.525000 1.137969
0.530000 1.140594
0.535000 1.143219
0.540000 1.145844
0.545000 1.148531
0.550000 1.151219
0.555000 1.153969
0.560000 1.156719
0.565000 1.159469
0.570000 1.162281
0.575000 1.165094
0.580000 1.167906
0.585000 1.170781
0.590000 1.173656
0.595000 1.176594
0.600000 1.179531
0.605000 1.182469
0.610000 1.185406
0.615000 1.188406
0.620000 1.191406
0.625000 1.194469
0.630000 1.197469
0.635000 1.200594
0.640000 1.203656
0.645000 1.206781
0.650000 1.209906
0.655000 1.213031
0.660000 1.216219
0.665000 1.219406
0.670000 1.222656
0.675000 1.225906
0.680000 1.229156
0.685000 1.232406
0.690000 1.235719
0.695000 1.239031
0.700000 1.242344
0.705000 1.245719
0.710000 1.249094
0.715000 1.252469
0.720000 1.255844
0.725000 1.259281
0.730000 1.262719
0.735000 1.266219
0.740000 1.269656
0.745000 1.273156
0.750000 1.276719
0.755000 1.280219
0.760000 1.283781
0.765000 1.287344
0.770000 1.290906
0.775000 1.294531
0.780000 1.298156
0.785000 1.301781
0.790000 1.305469
0.795000 1.309156
0.800000 1.312844
0.805000 1.316531
0.810000 1.320281
0.815000 1.323969
0.820000 1.327719
0.825000 1.331531
0.830000 1.335281
0.835000 1.339094
0.840000 1.342906
0.845000 1.346781
0.850000 1.350594
0.855000 1.354469
0.860000 1.358344
0.865000 1.362219
0.870000 1.366156
0.875000 1.370094
0.880000 1.374031
0.885000 1.377969
0.890000 1.381969
0.895000 1.385906
0.900000 1.389906
0.905000 1.393906
0.910000 1.397969
0.915000 1.401969
0.920000 1.406031
0.925000 1.410094
0.930000 1.414219
0.935000 1.418281
0.940000 1.422406
0.945000 1.426531
0.950000 1.430656
0.955000 1.434781
0.960000 1.438969
0.965000 1.443094
0.970000 1.447281
0.975000 1.451469
0.980000 1.455719
0.985000 1.459906
0.990000 1.464156
0.995000 1.468406
1.000000 1.472656
1.005000 1.476906
1.010000 1.481219
1.015000 1.485469
1.020000 1.489781
1.025000 1.494094
1.030000 1.498406
1.035000 1.502781
1.040000 1.507094
1.045000 1.511469
1.050000 1.515844
1.055000 1.520219
1.060000 1.524594
1.065000 1.529031
1.070000 1.533406
1.075000 1.537844
1.080000 1.542281
1.085000 1.546719
1.090000 1.551156
1.095000 1.555594
1.100000 1.560094
1.105000 1.564594
1.110000 1.569094
1.115000 1.573594
1.120000 1.578094
1.125000 1.582594
1.130000 1.587156
1.135000 1.591656
1.140000 1.596219
1.145000 1.600781
1.150000 1.605344
1.155000 1.609906
1.160000 1.614469
1.165000 1.619094
1.170000 1.623719
1.175000 1.628281
1.180000 1.632906
1.185000 1.637531
1.190000 1.642156
1.195000 1.646844
1.200000 1.651469
1.205000 1.656156
1.210000 1.660781
1.215000 1.665469
1.220000 1.670156
1.225000 1.674844
1.230000 1.679531
1.235000 1.684281
1.240000 1.688969
1.245000 1.693719
1.250000 1.698406
1.255000 1.703156
1.260000 1.707906
1.265000 1.712656
1.270000 1.717406
1.275000 1.722219
1.280000 1.726969
1.285000 1.731719
1.290000 1.736531
1.295000 1.741344
1.300000 1.746156
1.305000 1.750906
1.310000 1.755781
1.315000 1.760594
1.320000 1.765406
1.325000 1.770219
1.330000 1.775094
1.335000 1.779906
1.340000 1.784781
1.345000 1.789656
1.350000 1.794531
1.355000 1.799406
1.360000 1.804281
1.365000 1.809156
1.370000 1.814031
1.375000 1.818906
1.380000 1.823844
1.385000 1.828719
1.390000 1.833656
1.395000 1.838594
1.400000 1.843531
1.405000 1.848469
1.410000 1.853406
1.415000 1.858344
1.420000 1.863281
1.425000 1.868219
1.430000 1.873219
1.435000 1.878156
1.440000 1.883156
1.445000 1.888094
1.450000 1.893094
1.455000 1.898094
1.460000 1.903094
1.465000 1.908094
1.470000 1.913094
1.475000 1.918094
1.480000 1.923094
1.485000 1.928094
1.490000 1.933156
1.495000 1.938156
1.500000 1.943156
1.505000 1.948219
1.510000 1.953281
1.515000 1.958281
1.520000 1.963344
1.525000 1.968406
1.530000 1.973469
1.535000 1.978531
1.540000 1.983594
1.545000 1.988719
1.550000 1.993781
1.555000 1.998844
1.560000 2.003969
1.565000 2.009031
1.570000 2.014156
1.575000 2.019219
1.580000 2.024344
1.585000 2.029469
1.590000 2.034531
1.595000 2.039656
1.600000 2.044781
1.605000 2.049906
1.610000 2.055031
1.615000 2.060156
1.620000 2.065344
1.625000 2.070469
1.630000 2.075594
1.635000 2.080781
1.640000 2.085906
1.645000 2.091094
1.650000 2.096219
1.655000 2.101406
1.660000 2.106531
1.665000 2.111719
1.670000 2.116906
1.675000 2.122094
1.680000 2.127281
1.685000 2.132469
1.690000 2.137656
1.695000 2.142844
1.700000 2.148031
1.705000 2.153219
1.710000 2.158469
1.715000 2.163656
1.720000 2.168844
1.725000 2.174094
1.730000 2.179281
1.735000 2.184531
1.740000 2.189719
1.745000 2.194969
1.750000 2.200219
1.755000 2.205469
1.760000 2.210656
1.765000 2.215906
1.770000 2.221156
1.775000 2.226406
1.780000 2.231656
1.785000 2.236906
1.790000 2.242156
1.795000 2.247469
1.800000 2.252719
1.805000 2.257969
1.810000 2.263219
1.815000 2.268531
1.820000 2.273781
1.825000 2.279094
1.830000 2.284344
1.835000 2.289656
1.840000 2.294906
1.845000 2.300219
1.850000 2.305531
1.855000 2.310781
1.860000 2.316094
1.865000 2.321406
1.870000 2.326719
1.875000 2.332031
1.880000 2.337344
1.885000 2.342656
1.890000 2.347969
1.895000 2.353281
1.900000 2.358594
1.905000 2.363906
1.910000 2.369219
1.915000 2.374594
1.920000 2.379906
1.925000 2.385219
1.930000 2.390594
1.935000 2.395906
1.940000 2.401219
1.945000 2.406594
1.950000 2.411906
1.955000 2.417281
1.960000 2.422656
1.965000 2.427969
1.970000 2.433344
1.975000 2.438719
1.980000 2.444094
1.985000 2.449406
1.990000 2.454781
1.995000 2.460156
2.000000 2.465531
2.005000 2.470906
2.010000 2.476281
2.015000 2.481656
2.020000 2.487031
2.025000 2.492406
2.030000 2.497781
2.035000 2.503219
2.040000 2.508594
2.045000 2.513969
2.050000 2.519344
2.055000 2.524781
2.060000 2.530156
2.065000 2.535594
2.070000 2.540969
2.075000 2.546344
2.080000 2.551781
2.085000 2.557219
2.090000 2.562594
2.095000 2.568031
2.100000 2.573406
2.105000 2.578844
2.110000 2.584281
2.115000 2.589719
2.120000 2.595094
2.125000 2.600531
2.130000 2.605969
2.135000 2.611406
2.140000 2.616844
2.145000 2.622281
2.150000 2.627719
2.155000 2.633156
2.160000 2.638594
2.165000 2.644031
2.170000 2.649469
2.175000 2.654906
2.180000 2.660344
2.185000 2.665781
2.190000 2.671281
2.195000 2.676719
2.200000 2.682156
2.205000 2.687594
2.210000 2.693094
2.215000 2.698531
2.220000 2.704031
2.225000 2.709469
2.230000 2.714906
2.235000 2.720406
2.240000 2.725844
