2.2800000000 0.5306495705 1.3539849052 3.5280310173
2.2810000000 0.5313560143 1.3546309166 3.5287342644
2.2820000000 0.5320616646 1.3552768593 3.5294379311
2.2830000000 0.5327665291 1.3559227486 3.5301420097
2.2840000000 0.5334705925 1.3565685692 3.5308465157
2.2850000000 0.5341738472 1.3572143288 3.5315514412
2.2860000000 0.5348762703 1.3578600349 3.5322567940
2.2870000000 0.5355778542 1.3585056725 3.5329625816
2.2880000000 0.5362785988 1.3591512489 3.5336687965
2.2890000000 0.5369784737 1.3597967720 3.5343754463
2.2900000000 0.5376774788 1.3604422264 3.5350825386
2.2910000000 0.5383755989 1.3610876198 3.5357900734
2.2920000000 0.5390728188 1.3617329521 3.5364980507
2.2930000000 0.5397691231 1.3623782234 3.5372064857
2.2940000000 0.5404644966 1.3630234261 3.5379153633
2.2950000000 0.5411589165 1.3636685753 3.5386247063
2.2960000000 0.5418523827 1.3643136559 3.5393344994
2.2970000000 0.5425448647 1.3649586830 3.5400447655
2.2980000000 0.5432363548 1.3656036415 3.5407554970
2.2990000000 0.5439268227 1.3662485390 3.5414667015
2.3000000000 0.5446162605 1.3668933754 3.5421783791
2.3010000000 0.5453046379 1.3675381508 3.5428905296
2.3020000000 0.5459919395 1.3681828575 3.5436031761
2.3030000000 0.5466781425 1.3688275108 3.5443163033
2.3040000000 0.5473632164 1.3694720955 3.5450299263
2.3050000000 0.5480471382 1.3701166191 3.5457440529
2.3060000000 0.5487298851 1.3707610817 3.5464586754
2.3070000000 0.5494114342 1.3714054756 3.5471738091
2.3080000000 0.5500917397 1.3720498161 3.5478894539
2.3090000000 0.5507707863 1.3726940880 3.5486056099
2.3100000000 0.5514485359 1.3733382988 3.5493223000
2.3110000000 0.5521249657 1.3739824486 3.5500395164
2.3120000000 0.5528000298 1.3746265297 3.5507572670
2.3130000000 0.5534737206 1.3752705498 3.5514755516
2.3140000000 0.5541460304 1.3759145088 3.5521943932
2.3150000000 0.5548169823 1.3765584068 3.5529137840
2.3160000000 0.5554867439 1.3772022362 3.5536337318
2.3170000000 0.5561561165 1.3778460121 3.5543542519
2.3180000000 0.5580084038 1.3784897194 3.5550753365
2.3190000000 0.5603566704 1.3791333580 3.5557970085
2.3200000000 0.5626098061 1.3797769432 3.5565192680
2.3210000000 0.5647982140 1.3804204597 3.5572421303
2.3220000000 0.5669364662 1.3810639153 3.5579655952
2.3230000000 0.5690334587 1.3817073021 3.5586896706
2.3240000000 0.5710952644 1.3823506355 3.5594143715
2.3250000000 0.5731263542 1.3829939003 3.5601396980
2.3260000000 0.5751301689 1.3836370964 3.5608656731
2.3270000000 0.5771094551 1.3842802391 3.5615923042
2.3280000000 0.5790664330 1.3849233131 3.5623195915
2.3290000000 0.5810029793 1.3855663261 3.5630475578
2.3300000000 0.5829206657 1.3862092705 3.5637762108
2.3310000000 0.5848208580 1.3868521614 3.5645055656
2.3320000000 0.5867047386 1.3874949837 3.5652356300
2.3330000000 0.5885733376 1.3881377373 3.5659664192
2.3340000000 0.5904275780 1.3887804298 3.5666979561
2.3350000000 0.5922682762 1.3894230614 3.5674302483
2.3360000000 0.5940961647 1.3900656319 3.5681633110
2.3370000000 0.5959119148 1.3907081413 3.5688971748
2.3380000000 0.5977161217 1.3913505821 3.5696318474
2.3390000000 0.5995093346 1.3919929543 3.5703673515
2.3400000000 0.6012920647 1.3926352730 3.5711037178
2.3410000000 0.6030647621 1.3932775230 3.5718409615
2.3420000000 0.6048278618 1.3939197121 3.5725791054
2.3430000000 0.6065817604 1.3945618401 3.5733181877
2.3440000000 0.6083268242 1.3952038994 3.5740582390
2.3450000000 0.6100633812 1.3958458977 3.5747992897
2.3460000000 0.6117917671 1.3964878349 3.5755413780
2.3470000000 0.6135122719 1.3971297035 3.5762845497
2.3480000000 0.6152251701 1.3977715111 3.5770288506
2.3490000000 0.6169307289 1.3984132576 3.5777743416
2.3500000000 0.6186292000 1.3990549355 3.5785210762
2.3510000000 0.6203208046 1.3996965599 3.5792691307
2.3520000000 0.6220057716 1.4003381157 3.5800185890
2.3530000000 0.6236843071 1.4009796028 3.5807695503
2.3540000000 0.6253566017 1.4016210365 3.5815221519
2.3550000000 0.6270228462 1.4022624016 3.5822765388
2.3560000000 0.6286832237 1.4029037056 3.5830329247
2.3570000000 0.6303378868 1.4035449486 3.5837915840
2.3580000000 0.6319870110 1.4041861229 3.5845529442
2.3590000000 0.6336307487 1.4048272438 3.5853177071
2.3600000000 0.6352692375 1.4054682961 3.5860873985
2.3610000000 0.6369026299 1.4061092873 3.5868665657
2.3620000000 0.6385310402 1.4067502098 3.5876383247
2.3630000000 0.6401546135 1.4073910789 3.5884044685
2.3640000000 0.6417734642 1.4080318794 3.5891670570
2.3650000000 0.6433877144 1.4086726189 3.5899269142
2.3660000000 0.6449974709 1.4093132973 3.5906845055
2.3670000000 0.6466028481 1.4099539146 3.5914401360
2.3680000000 0.6482039452 1.4105944710 3.5921940193
2.3690000000 0.6498008690 1.4112349586 3.5929463158
2.3700000000 0.6513937111 1.4118753929 3.5936971550
2.3710000000 0.6529825554 1.4125157585 3.5944466438
2.3720000000 0.6545675087 1.4131560707 3.5951948586
2.3730000000 0.6561486473 1.4137963142 3.5959418678
2.3740000000 0.6577260628 1.4144364967 3.5966877480
2.3750000000 0.6592998238 1.4150766182 3.5974325371
2.3760000000 0.6608700142 1.4157166786 3.5981762886
2.3770000000 0.6624367104 1.4163566780 3.5989190407
2.3780000000 0.6639999886 1.4169966164 3.5996608238
2.3790000000 0.6655599098 1.4176364937 3.6004016762
2.3800000000 0.6671165504 1.4182763100 3.6011416283
2.3810000000 0.6686699715 1.4189160728 3.6018807030
2.3820000000 0.6702202415 1.4195557671 3.6026189232
2.3830000000 0.6717674141 1.4201954002 3.6033563118
2.3840000000 0.6733115578 1.4208349800 3.6040928917
2.3850000000 0.6748527336 1.4214744911 3.6048286705
2.3860000000 0.6763909950 1.4221139488 3.6055636787
2.3870000000 0.6779263954 1.4227533455 3.6062979240
2.3880000000 0.6794589882 1.4233926811 3.6070314217
2.3890000000 0.6809888268 1.4240319633 3.6077641869
2.3900000000 0.6825159569 1.4246711769 3.6084962349
2.3910000000 0.6840404396 1.4253103371 3.6092275658
2.3920000000 0.6855623131 1.4259494438 3.6099582100
2.3930000000 0.6870816307 1.4265884819 3.6106881599
2.3940000000 0.6885984306 1.4272274666 3.6114174309
2.3950000000 0.6901127586 1.4278663979 3.6121460381
2.3960000000 0.6916246681 1.4285052605 3.6128739815
2.3970000000 0.6931341896 1.4291440773 3.6136012764
2.3980000000 0.6946413689 1.4297828255 3.6143279228
2.3990000000 0.6961462517 1.4304215279 3.6150539360
2.4000000000 0.6976488609 1.4310601616 3.6157793159
2.4010000000 0.6991492500 1.4316987495 3.6165040703
2.4020000000 0.7006474571 1.4323372765 3.6172282143
2.4030000000 0.7021435051 1.4329757423 3.6179517403
2.4040000000 0.7036374397 1.4336141624 3.6186746635
2.4050000000 0.7051292915 1.4342525215 3.6193969841
2.4060000000 0.7066190987 1.4348908195 3.6201187096
2.4070000000 0.7081068916 1.4355290718 3.6208398476
2.4080000000 0.7095927010 1.4361672630 3.6215603981
2.4090000000 0.7110765648 1.4368054085 3.6222803612
2.4100000000 0.7125585136 1.4374434929 3.6229997520
2.4110000000 0.7140385628 1.4380815239 3.6237185707
2.4120000000 0.7155167656 1.4387195015 3.6244368172
2.4130000000 0.7169931297 1.4393574333 3.6251544914
2.4140000000 0.7184677010 1.4399953041 3.6258716087
2.4150000000 0.7199404945 1.4406331291 3.6265881615
2.4160000000 0.7214115410 1.4412708931 3.6273041649
2.4170000000 0.7228808784 1.4419086113 3.6280196114
2.4180000000 0.7243485146 1.4425462837 3.6287345085
2.4190000000 0.7258144875 1.4431838951 3.6294488564
2.4200000000 0.7272788200 1.4438214607 3.6301626625
2.4210000000 0.7287415276 1.4444589806 3.6308759193
2.4220000000 0.7302026558 1.4450964470 3.6315886421
2.4230000000 0.7316622047 1.4457338600 3.6323008232
2.4240000000 0.7331202126 1.4463712349 3.6330124702
2.4250000000 0.7345767021 1.4470085564 3.6337235832
2.4260000000 0.7360316887 1.4476458244 3.6344341698
2.4270000000 0.7374851952 1.4482830544 3.6351442223
2.4280000000 0.7389372444 1.4489202309 3.6358537483
2.4290000000 0.7403878670 1.4495573692 3.6365627480
2.4300000000 0.7418370705 1.4501944542 3.6372712212
2.4310000000 0.7432848778 1.4508315010 3.6379791756
2.4320000000 0.7447313118 1.4514685020 3.6386866112
2.4330000000 0.7461763954 1.4521054573 3.6393935204
2.4340000000 0.7476201439 1.4527423668 3.6400999184
2.4350000000 0.7490625801 1.4533792381 3.6408057976
2.4360000000 0.7505037193 1.4540160637 3.6415111656
2.4370000000 0.7519435768 1.4546528511 3.6422160149
2.4380000000 0.7533821754 1.4552895927 3.6429203529
2.4390000000 0.7548195381 1.4559262962 3.6436241798
2.4400000000 0.7562556725 1.4565629616 3.6443275032
2.4410000000 0.7576905937 1.4571995888 3.6450303078
2.4420000000 0.7591243324 1.4578361778 3.6457326088
2.4430000000 0.7605568962 1.4584727287 3.6464343987
2.4440000000 0.7619883003 1.4591092415 3.6471356926
2.4450000000 0.7634185677 1.4597457237 3.6478364677
2.4460000000 0.7648477058 1.4603821678 3.6485367470
2.4470000000 0.7662757378 1.4610185738 3.6492365227
2.4480000000 0.7677026787 1.4616549492 3.6499357872
2.4490000000 0.7691285362 1.4622912941 3.6506345558
2.4500000000 0.7705533333 1.4629276085 3.6513328285
2.4510000000 0.7719770775 1.4635638847 3.6520305901
2.4520000000 0.7733997841 1.4642001381 3.6527278557
2.4530000000 0.7748214760 1.4648363609 3.6534246254
2.4540000000 0.7762421608 1.4654725533 3.6541208916
2.4550000000 0.7776618538 1.4661087151 3.6548166542
2.4560000000 0.7790805702 1.4667448540 3.6555119286
2.4570000000 0.7804983177 1.4673809700 3.6562066994
2.4580000000 0.7819151115 1.4680170631 3.6569009743
2.4590000000 0.7833309669 1.4686531334 3.6575947533
2.4600000000 0.7847458992 1.4692891731 3.6582880287
2.4610000000 0.7861599159 1.4699251976 3.6589808159
2.4620000000 0.7875730324 1.4705612068 3.6596731071
2.4630000000 0.7889852638 1.4711971931 3.6603648949
2.4640000000 0.7903966103 1.4718331642 3.6610561943
2.4650000000 0.7918071022 1.4724691124 3.6617469978
2.4660000000 0.7932167320 1.4731050529 3.6624373055
2.4670000000 0.7946255226 1.4737409782 3.6631271248
2.4680000000 0.7960334892 1.4743768883 3.6638164406
2.4690000000 0.7974406319 1.4750127907 3.6645052681
2.4700000000 0.7988469734 1.4756486855 3.6651935921
2.4710000000 0.8002525139 1.4762845650 3.6658814354
2.4720000000 0.8016572762 1.4769204445 3.6665687752
2.4730000000 0.8030612602 1.4775563164 3.6672556190
2.4740000000 0.8044644737 1.4781921883 3.6679419746
2.4750000000 0.8058669472 1.4788280525 3.6686278343
2.4760000000 0.8072686653 1.4794639244 3.6693132057
2.4770000000 0.8086696587 1.4800997887 3.6699980812
2.4780000000 0.8100699272 1.4807356682 3.6706824532
2.4790000000 0.8114694862 1.4813715401 3.6713663445
2.4800000000 0.8128683357 1.4820074272 3.6720497322
2.4810000000 0.8142664986 1.4826433220 3.6727326317
2.4820000000 0.8156639748 1.4832792244 3.6734150352
2.4830000000 0.8170607796 1.4839151421 3.6740969429
2.4840000000 0.8184569206 1.4845510750 3.6747783546
2.4850000000 0.8198524055 1.4851870232 3.6754592781
2.4860000000 0.8212472420 1.4858229866 3.6761397057
2.4870000000 0.8226414452 1.4864589729 3.6768196297
2.4880000000 0.8240350151 1.4870949898 3.6774990654
2.4890000000 0.8254279747 1.4877310295 3.6781780128
2.4900000000 0.8268203163 1.4883670921 3.6788564568
2.4910000000 0.8282120552 1.4890031929 3.6795344048
2.4920000000 0.8296032066 1.4896393242 3.6802118568
2.4930000000 0.8309937706 1.4902754936 3.6808888130
2.4940000000 0.8323837547 1.4909117012 3.6815652809
2.4950000000 0.8337731743 1.4915479469 3.6822412453
2.4960000000 0.8351620293 1.4921842384 3.6829167137
2.4970000000 0.8365503349 1.4928205833 3.6835916862
2.4980000000 0.8379380913 1.4934569740 3.6842661552
2.4990000000 0.8393253212 1.4940934181 3.6849401360
2.5000000000 0.8407120171 1.4947299232 3.6856136131
2.5010000000 0.8420981865 1.4953664818 3.6862865944
2.5020000000 0.8434838524 1.4960031166 3.6869590721
2.5030000000 0.8448690071 1.4966398125 3.6876310539
2.5040000000 0.8462536583 1.4972765770 3.6883025398
2.5050000000 0.8476378288 1.4979134254 3.6889735222
2.5060000000 0.8490215034 1.4985503502 3.6896440086
2.5070000000 0.8504047127 1.4991873589 3.6903139915
2.5080000000 0.8517874489 1.4998244591 3.6909834709
2.5090000000 0.8531697197 1.5004616508 3.6916524544
2.5100000000 0.8545515404 1.5010989418 3.6923209343
2.5110000000 0.8559329109 1.5017363319 3.6929889107
2.5120000000 0.8573138313 1.5023738289 3.6936563835
2.5130000000 0.8586943245 1.5030114403 3.6943233604
2.5140000000 0.8600743904 1.5036491737 3.6949898262
2.5150000000 0.8614540367 1.5042870293 3.6956557961
2.5160000000 0.8628332634 1.5049250221 3.6963212547
2.5170000000 0.8642120857 1.5055631447 3.6969862099
2.5180000000 0.8655904961 1.5062014122 3.6976506615
2.5190000000 0.8669685249 1.5068398323 3.6983146095
2.5200000000 0.8683461571 1.5074784050 3.6989780464
2.5210000000 0.8697234001 1.5081171455 3.6996409798
2.5220000000 0.8711002769 1.5087560539 3.7003034019
2.5230000000 0.8724767799 1.5093951454 3.7009653206
2.5240000000 0.8738529167 1.5100344276 3.7016267281
2.5250000000 0.8752286949 1.5106739082 3.7022876320
2.5260000000 0.8766041145 1.5113135948 3.7029480247
2.5270000000 0.8779791985 1.5119535027 3.7036079063
2.5280000000 0.8793539314 1.5125936317 3.7042672768
2.5290000000 0.8807283363 1.5132340050 3.7049261436
2.5300000000 0.8821024132 1.5138746223 3.7055844917
2.5310000000 0.8834761620 1.5145155067 3.7062423286
2.5320000000 0.8848495903 1.5151566658 3.7068996544
2.5330000000 0.8862227135 1.5157981148 3.7075564690
2.5340000000 0.8875955238 1.5164398689 3.7082127647
2.5350000000 0.8889680367 1.5170819435 3.7088685493
2.5360000000 0.8903402519 1.5177243538 3.7095238228
2.5370000000 0.8917121696 1.5183671150 3.7101785774
2.5380000000 0.8930838127 1.5190102577 3.7108328209
2.5390000000 0.8944551735 1.5196537895 3.7114865379
2.5400000000 0.8958262520 1.5202977333 3.7121397438
2.5410000000 0.8971970711 1.5209421196 3.7127924385
2.5420000000 0.8985676155 1.5215869713 3.7134446068
2.5430000000 0.8999379082 1.5222323189 3.7140962563
2.5440000000 0.9013079491 1.5228781929 3.7147473869
2.5450000000 0.9026777306 1.5235246162 3.7153979988
2.5460000000 0.9040472755 1.5241716423 3.7160480919
2.5470000000 0.9054165840 1.5248192940 3.7166976662
2.5480000000 0.9067856483 1.5254676323 3.7173467140
2.5490000000 0.9081544914 1.5261166954 3.7179952354
2.5500000000 0.9095231056 1.5267665520 3.7186432381
2.5510000000 0.9108915062 1.5274172478 3.7192907219
2.5520000000 0.9122596855 1.5280688744 3.7199376717
2.5530000000 0.9136276588 1.5287215080 3.7205841026
2.5540000000 0.9149954185 1.5293752403 3.7212300072
2.5550000000 0.9163629875 1.5300301933 3.7218753853
2.5560000000 0.9177303505 1.5306864967 3.7225202293
2.5570000000 0.9190975304 1.5313443260 3.7231645546
2.5580000000 0.9204645119 1.5320038795 3.7238083458
2.5590000000 0.9218313179 1.5326654243 3.7244516106
2.5600000000 0.9231979485 1.5333293190 3.7250943489
2.5610000000 0.9245643959 1.5339960213 3.7257365532
2.5620000000 0.9259306831 1.5346662560 3.7263782234
2.5630000000 0.9272968025 1.5353411598 3.7270193672
2.5640000000 0.9286627541 1.5360229073 3.7276599770
2.5650000000 0.9300285606 1.5367174416 3.7283000526
2.5660000000 0.9313942070 1.5374410210 3.7289395943
2.5670000000 0.9327597084 1.5381333351 3.7295786018
2.5680000000 0.9341250648 1.5388135338 3.7302170753
2.5690000000 0.9354902763 1.5394868965 3.7308550148
2.5700000000 0.9368553581 1.5401554832 3.7314924202
2.5710000000 0.9382203102 1.5408203621 3.7321292839
2.5720000000 0.9395851326 1.5414822273 3.7327656059
2.5730000000 0.9409498253 1.5421415367 3.7334013939
2.5740000000 0.9423144035 1.5427986259 3.7340366402
2.5750000000 0.9436788673 1.5434537468 3.7346713524
2.5760000000 0.9450432243 1.5441070976 3.7353055153
2.5770000000 0.9464074669 1.5447588463 3.7359391441
2.5780000000 0.9477716026 1.5454091148 3.7365722237
2.5790000000 0.9491356468 1.5460580101 3.7372047691
2.5800000000 0.9504995918 1.5467056313 3.7378367653
2.5810000000 0.9518634453 1.5473520470 3.7384682198
2.5820000000 0.9532272072 1.5479973335 3.7390991249
2.5830000000 0.9545908928 1.5486415520 3.7397294884
2.5840000000 0.9559544868 1.5492847481 3.7403593101
2.5850000000 0.9573180122 1.5499269676 3.7409885750
2.5860000000 0.9586814613 1.5505682487 3.7416172981
2.5870000000 0.9600448418 1.5512086372 3.7422454720
2.5880000000 0.9614081535 1.5518481636 3.7428730965
2.5890000000 0.9627714043 1.5524868507 3.7435001717
2.5900000000 0.9641346016 1.5531247368 3.7441266975
2.5910000000 0.9654977379 1.5537618294 3.7447526665
2.5920000000 0.9668608208 1.5543981667 3.7453780861
2.5930000000 0.9682238579 1.5550337639 3.7460029564
2.5940000000 0.9695868568 1.5556686363 3.7466272697
2.5950000000 0.9709498024 1.5563028069 3.7472510338
2.5960000000 0.9723127174 1.5569362831 3.7478742332
2.5970000000 0.9736756020 1.5575690880 3.7484968834
2.5980000000 0.9750384483 1.5582012291 3.7491189766
2.5990000000 0.9764012718 1.5588327217 3.7497405128
2.6000000000 0.9777640724 1.5594635811 3.7503614922
2.6010000000 0.9791268501 1.5600938148 3.7509819145
2.6020000000 0.9804896126 1.5607234306 3.7516017723
2.6030000000 0.9818523598 1.5613524437 3.7522210732
2.6040000000 0.9832150917 1.5619808617 3.7528398170
2.6050000000 0.9845778236 1.5626086845 3.7534579964
2.6060000000 0.9859405479 1.5632359276 3.7540756111
2.6070000000 0.9873032722 1.5638625984 3.7546926613
2.6080000000 0.9886659966 1.5644886971 3.7553091545
2.6090000000 0.9900287361 1.5651142387 3.7559250755
2.6100000000 0.9913914757 1.5657392235 3.7565404396
2.6110000000 0.9927542305 1.5663636589 3.7571552315
2.6120000000 0.9941169930 1.5669875526 3.7577694664
2.6130000000 0.9954797859 1.5676109047 3.7583831215
2.6140000000 0.9968425941 1.5682337151 3.7589962196
2.6150000000 0.9982054253 1.5688560066 3.7596087456
2.6160000000 0.9995682869 1.5694777641 3.7602206993
2.6170000000 1.0009311790 1.5700990028 3.7608320808
2.6180000000 1.0022941017 1.5707197151 3.7614428978
2.6190000000 1.0036570625 1.5713399162 3.7620531425
2.6200000000 1.0050200691 1.5719596062 3.7626628151
2.6210000000 1.0063831139 1.5725787849 3.7632719154
2.6220000000 1.0077462044 1.5731974525 3.7638804359
2.6230000000 1.0091093407 1.5738156242 3.7644883919
2.6240000000 1.0104725304 1.5744332848 3.7650957603
2.6250000000 1.0118357735 1.5750504494 3.7657025642
2.6260000000 1.0131990776 1.5756671181 3.7663087883
2.6270000000 1.0145624428 1.5762832909 3.7669144325
2.6280000000 1.0159258690 1.5768989677 3.7675195045
2.6290000000 1.0172893639 1.5775141563 3.7681239891
2.6300000000 1.0186529274 1.5781288490 3.7687279015
2.6310000000 1.0200165596 1.5787430534 3.7693312340
2.6320000000 1.0213802681 1.5793567696 3.7699339867
2.6330000000 1.0227440605 1.5799699974 3.7705361519
2.6340000000 1.0241079216 1.5805827446 3.7711377373
2.6350000000 1.0254718742 1.5811950035 3.7717387428
2.6360000000 1.0268359108 1.5818067741 3.7723391685
2.6370000000 1.0282000389 1.5824180717 3.7729389992
2.6380000000 1.0295642509 1.5830288811 3.7735382576
2.6390000000 1.0309285622 1.5836392097 3.7741369209
2.6400000000 1.0322929726 1.5842490578 3.7747350044
2.6410000000 1.0336574821 1.5848584251 3.7753324928
2.6420000000 1.0350220909 1.5854673119 3.7759294014
2.6430000000 1.0363868065 1.5860757179 3.7765257225
2.6440000000 1.0377516289 1.5866836433 3.7771214485
2.6450000000 1.0391165657 1.5872910957 3.7777165871
2.6460000000 1.0404816093 1.5878980598 3.7783111382
2.6470000000 1.0418467751 1.5885045509 3.7789051018
2.6480000000 1.0432120552 1.5891105614 3.7794984627
2.6490000000 1.0445774498 1.5897160912 3.7800912437
2.6500000000 1.0459429817 1.5903211479 3.7806834221
2.6510000000 1.0473086281 1.5909257164 3.7812750130
2.6520000000 1.0486744118 1.5915298119 3.7818660088
2.6530000000 1.0500403175 1.5921334267 3.7824564095
2.6540000000 1.0514063683 1.5927365608 3.7830462151
2.6550000000 1.0527725487 1.5933392143 3.7836354179
2.6560000000 1.0541388664 1.5939413795 3.7842240334
2.6570000000 1.0555053291 1.5945430717 3.7848120461
2.6580000000 1.0568719292 1.5951442833 3.7853994637
2.6590000000 1.0582386818 1.5957450066 3.7859862862
2.6600000000 1.0596055794 1.5963452492 3.7865724983
2.6610000000 1.0609726372 1.5969450035 3.7871581230
2.6620000000 1.0623398399 1.5975442772 3.7877431374
2.6630000000 1.0637072029 1.5981430626 3.7883275566
2.6640000000 1.0650747185 1.5987413673 3.7889113731
2.6650000000 1.0664424019 1.5993391838 3.7894945869
2.6660000000 1.0678102455 1.5999365044 3.7900771980
2.6670000000 1.0691782570 1.6005333443 3.7906592064
2.6680000000 1.0705464363 1.6011296959 3.7912406120
2.6690000000 1.0719147835 1.6017255516 3.7918214073
2.6700000000 1.0732833061 1.6023209190 3.7924015999
2.6710000000 1.0746520042 1.6029157906 3.7929811897
2.6720000000 1.0760208778 1.6035101662 3.7935601692
2.6730000000 1.0773899345 1.6041040535 3.7941385384
2.6740000000 1.0787591743 1.6046974449 3.7947163048
2.6750000000 1.0801285973 1.6052903328 3.7952934685
2.6760000000 1.0814982033 1.6058827248 3.7958700142
2.6770000000 1.0828680000 1.6064746208 3.7964459572
2.6780000000 1.0842379951 1.6070660133 3.7970212822
2.6790000000 1.0856081734 1.6076569023 3.7975960045
2.6800000000 1.0869785576 1.6082472878 3.7981701164
2.6810000000 1.0883491325 1.6088371696 3.7987436104
2.6820000000 1.0897199135 1.6094265404 3.7993164940
2.6830000000 1.0910908928 1.6100154076 3.7998887672
2.6840000000 1.0924620857 1.6106037712 3.8004604225
2.6850000000 1.0938334770 1.6111916161 3.8010314751
2.6860000000 1.0952050819 1.6117789497 3.8016019020
2.6870000000 1.0965769005 1.6123657722 3.8021717186
2.6880000000 1.0979489250 1.6129520760 3.8027409172
2.6890000000 1.0993211708 1.6135378685 3.8033095055
2.6900000000 1.1006936378 1.6141231346 3.8038774757
2.6910000000 1.1020663185 1.6147078819 3.8044448280
2.6920000000 1.1034392281 1.6152921104 3.8050115623
2.6930000000 1.1048123589 1.6158758202 3.8055776787
2.6940000000 1.1061857185 1.6164589958 3.8061431770
2.6950000000 1.1075593071 1.6170416527 3.8067080650
2.6960000000 1.1089331245 1.6176237755 3.8072723198
2.6970000000 1.1103071785 1.6182053642 3.8078359642
2.6980000000 1.1116814613 1.6187864265 3.8083989906
2.6990000000 1.1130559883 1.6193669472 3.8089613914
2.7000000000 1.1144307518 1.6199469414 3.8095231667
2.7010000000 1.1158057518 1.6205263863 3.8100843315
2.7020000000 1.1171810036 1.6211052971 3.8106448631
2.7030000000 1.1185564995 1.6216836662 3.8112047768
2.7040000000 1.1199322395 1.6222614937 3.8117640724
2.7050000000 1.1213082314 1.6228387718 3.8123227425
2.7060000000 1.1226844749 1.6234155006 3.8128807869
2.7070000000 1.1240609703 1.6239916801 3.8134382057
2.7080000000 1.1254377174 1.6245673103 3.8139950066
2.7090000000 1.1268147316 1.6251423759 3.8145511742
2.7100000000 1.1281919975 1.6257168922 3.8151067238
2.7110000000 1.1295695305 1.6262908516 3.8156616478
2.7120000000 1.1309473228 1.6268642464 3.8162159386
2.7130000000 1.1323253822 1.6274370842 3.8167696114
2.7140000000 1.1337037086 1.6280093498 3.8173226509
2.7150000000 1.1350823021 1.6285810509 3.8178750725
2.7160000000 1.1364611702 1.6291521797 3.8184268608
2.7170000000 1.1378403130 1.6297227364 3.8189780159
2.7180000000 1.1392197227 1.6302927132 3.8195285530
2.7190000000 1.1405994148 1.6308621254 3.8200784569
2.7200000000 1.1419793892 1.6314309502 3.8206277351
2.7210000000 1.1433596382 1.6319991875 3.8211763802
2.7220000000 1.1447401695 1.6325668526 3.8217243996
2.7230000000 1.1461209908 1.6331339226 3.8222717857
2.7240000000 1.1475020943 1.6337004051 3.8228185463
2.7250000000 1.1488834801 1.6342663002 3.8233646736
2.7260000000 1.1502651634 1.6348315926 3.8239101677
2.7270000000 1.1516471367 1.6353962898 3.8244550362
2.7280000000 1.1530293999 1.6359603920 3.8249992714
2.7290000000 1.1544119606 1.6365238914 3.8255428734
2.7300000000 1.1557948189 1.6370867805 3.8260858498
2.7310000000 1.1571779747 1.6376490669 3.8266281853
2.7320000000 1.1585614281 1.6382107430 3.8271698952
2.7330000000 1.1599451866 1.6387718086 3.8277109718
2.7340000000 1.1613292503 1.6393322487 3.8282514153
2.7350000000 1.1627136192 1.6398920784 3.8287912331
2.7360000000 1.1640982933 1.6404512825 3.8293304100
2.7370000000 1.1654832726 1.6410098686 3.8298689537
2.7380000000 1.1668685646 1.6415678215 3.8304068718
2.7390000000 1.1682541695 1.6421251488 3.8309441490
2.7400000000 1.1696400871 1.6426818428 3.8314807930
2.7410000000 1.1710263176 1.6432378960 3.8320168037
2.7420000000 1.1724128685 1.6437933159 3.8325521812
2.7430000000 1.1737997398 1.6443480873 3.8330869255
2.7440000000 1.1751869240 1.6449022179 3.8336210365
2.7450000000 1.1765744362 1.6454556999 3.8341545143
2.7460000000 1.1779622688 1.6460085335 3.8346873512
2.7470000000 1.1793504295 1.6465607109 3.8352195625
2.7480000000 1.1807389107 1.6471122322 3.8357511330
2.7490000000 1.1821277199 1.6476630898 3.8362820702
2.7500000000 1.1835168648 1.6482132835 3.8368123741
2.7510000000 1.1849063377 1.6487628136 3.8373420448
2.7520000000 1.1862961388 1.6493116722 3.8378710747
2.7530000000 1.1876862755 1.6498598595 3.8383994713
2.7540000000 1.1890767479 1.6504073677 3.8389272346
2.7550000000 1.1904675560 1.6509541969 3.8394543648
2.7560000000 1.1918586998 1.6515003471 3.8399808540
2.7570000000 1.1932501869 1.6520458031 3.8405067101
2.7580000000 1.1946420097 1.6525905724 3.8410319328
2.7590000000 1.1960341759 1.6531346474 3.8415565224
2.7600000000 1.1974266853 1.6536780281 3.8420804787
2.7610000000 1.1988195381 1.6542206993 3.8426037941
2.7620000000 1.2002127419 1.6547626762 3.8431264763
2.7630000000 1.2016062889 1.6553039360 3.8436485252
2.7640000000 1.2030001869 1.6558444939 3.8441699333
2.7650000000 1.2043944283 1.6563843269 3.8446907082
2.7660000000 1.2057890282 1.6569234505 3.8452108574
2.7670000000 1.2071839714 1.6574618492 3.8457303658
2.7680000000 1.2085792732 1.6579995155 3.8462492332
2.7690000000 1.2099749260 1.6585364571 3.8467674751
2.7700000000 1.2113709373 1.6590726585 3.8472850761
2.7710000000 1.2127673073 1.6596081276 3.8478020515
2.7720000000 1.2141640282 1.6601428566 3.8483183861
2.7730000000 1.2155611153 1.6606768379 3.8488340874
2.7740000000 1.2169585533 1.6612100639 3.8493491554
2.7750000000 1.2183563576 1.6617425423 3.8498635902
2.7760000000 1.2197545204 1.6622742653 3.8503773842
2.7770000000 1.2211530495 1.6628052254 3.8508905525
2.7780000000 1.2225519447 1.6633354149 3.8514030876
2.7790000000 1.2239511986 1.6638648415 3.8519149895
2.7800000000 1.2253508186 1.6643934898 3.8524262581
2.7810000000 1.2267508049 1.6649213600 3.8529368935
2.7820000000 1.2281511574 1.6654484444 3.8534468956
2.7830000000 1.2295518837 1.6659747429 3.8539562645
2.7840000000 1.2309529762 1.6665002556 3.8544650078
2.7850000000 1.2323544350 1.6670249672 3.8549731178
2.7860000000 1.2337562675 1.6675488853 3.8554805946
2.7870000000 1.2351584663 1.6680719948 3.8559874382
2.7880000000 1.2365610390 1.6685942955 3.8564936562
2.7890000000 1.2379639854 1.6691157799 3.8569992409
2.7900000000 1.2393673058 1.6696364479 3.8575041924
2.7910000000 1.2407709923 1.6701562996 3.8580085182
2.7920000000 1.2421750603 1.6706753197 3.8585122185
2.7930000000 1.2435795021 1.6711935005 3.8590152855
2.7940000000 1.2449843178 1.6717108574 3.8595177269
2.7950000000 1.2463895073 1.6722273674 3.8600195351
2.7960000000 1.2477950706 1.6727430305 3.8605207176
2.7970000000 1.2492010155 1.6732578392 3.8610212746
2.7980000000 1.2506073341 1.6737717934 3.8615212059
2.7990000000 1.2520140266 1.6742848930 3.8620205040
2.8000000000 1.2534211006 1.6747971230 3.8625191841
2.8010000000 1.2548285484 1.6753084755 3.8630172386
2.8020000000 1.2562363777 1.6758189583 3.8635146599
2.8030000000 1.2576445808 1.6763285637 3.8640114632
2.8040000000 1.2590531654 1.6768372765 3.8645076408
2.8050000000 1.2604621239 1.6773450966 3.8650032005
2.8060000000 1.2618714638 1.6778520241 3.8654981270
2.8070000000 1.2632811775 1.6783580513 3.8659924431
2.8080000000 1.2646912727 1.6788631630 3.8664861259
2.8090000000 1.2661017418 1.6793673668 3.8669791908
2.8100000000 1.2675125923 1.6798706551 3.8674716377
2.8110000000 1.2689238167 1.6803730125 3.8679634666
2.8120000000 1.2703354149 1.6808744469 3.8684546700
2.8130000000 1.2717473946 1.6813749352 3.8689452629
2.8140000000 1.2731597481 1.6818744926 3.8694352303
2.8150000000 1.2745724754 1.6823730965 3.8699245796
2.8160000000 1.2759855843 1.6828707542 3.8704133110
2.8170000000 1.2773990593 1.6833674507 3.8709014320
2.8180000000 1.2788129158 1.6838631859 3.8713889351
2.8190000000 1.2802271461 1.6843579445 3.8718758202
2.8200000000 1.2816417427 1.6848517265 3.8723620949
2.8210000000 1.2830567131 1.6853445320 3.8728477592
2.8220000000 1.2844720573 1.6858363457 3.8733328056
2.8230000000 1.2858877678 1.6863271675 3.8738172417
2.8240000000 1.2873038445 1.6868169823 3.8743010674
2.8250000000 1.2887202950 1.6873057976 3.8747842827
2.8260000000 1.2901371117 1.6877935905 3.8752668877
2.8270000000 1.2915542870 1.6882803688 3.8757488823
2.8280000000 1.2929718361 1.6887661171 3.8762302666
2.8290000000 1.2943897438 1.6892508354 3.8767110481
2.8300000000 1.2958080101 1.6897345085 3.8771912270
2.8310000000 1.2972266426 1.6902171440 3.8776707954
2.8320000000 1.2986456261 1.6906987190 3.8781497612
2.8330000000 1.3000649757 1.6911792336 3.8786281242
2.8340000000 1.3014846764 1.6916586800 3.8791058846
2.8350000000 1.3029047279 1.6921370583 3.8795830421
2.8360000000 1.3043251305 1.6926143456 3.8800595970
2.8370000000 1.3057458839 1.6930905495 3.8805355492
2.8380000000 1.3071669807 1.6935656624 3.8810109062
2.8390000000 1.3085884285 1.6940396690 3.8814856682
2.8400000000 1.3100102119 1.6945125618 3.8819598351
2.8410000000 1.3114323387 1.6949843407 3.8824333992
2.8420000000 1.3128548088 1.6954549904 3.8829063683
2.8430000000 1.3142776070 1.6959245110 3.8833787498
2.8440000000 1.3157007408 1.6963928871 3.8838505363
2.8450000000 1.3171242027 1.6968601189 3.8843217278
2.8460000000 1.3185479851 1.6973261986 3.8847923317
2.8470000000 1.3199720955 1.6977911034 3.8852623482
2.8480000000 1.3213965340 1.6982548485 3.8857317772
2.8490000000 1.3228212776 1.6987174034 3.8862006111
2.8500000000 1.3242463417 1.6991787758 3.8866688652
2.8510000000 1.3256717110 1.6996389503 3.8871365318
2.8520000000 1.3270973930 1.7000979118 3.8876036186
2.8530000000 1.3285233727 1.7005556679 3.8880701180
2.8540000000 1.3299496498 1.7010122032 3.8885360374
2.8550000000 1.3313762245 1.7014675102 3.8890013771
2.8560000000 1.3328030891 1.7019215736 3.8894661369
2.8570000000 1.3342302361 1.7023743858 3.8899303246
2.8580000000 1.3356576653 1.7028259468 3.8903939323
2.8590000000 1.3370853767 1.7032762413 3.8908569603
2.8600000000 1.3385133553 1.7037252541 3.8913194237
2.8610000000 1.3399416008 1.7041729927 3.8917813072
2.8620000000 1.3413701057 1.7046194344 3.8922426186
2.8630000000 1.3427988701 1.7050645714 3.8927033653
2.8640000000 1.3442278786 1.7055083961 3.8931635399
2.8650000000 1.3456571388 1.7059508934 3.8936231499
2.8660000000 1.3470866356 1.7063920631 3.8940821953
2.8670000000 1.3485163612 1.7068318977 3.8945406761
2.8680000000 1.3499463234 1.7072703743 3.8949985924
2.8690000000 1.3513764992 1.7077074852 3.8954559517
2.8700000000 1.3528068810 1.7081432304 3.8959127464
2.8710000000 1.3542374763 1.7085775948 3.8963689842
2.8720000000 1.3556682701 1.7090105629 3.8968246651
2.8730000000 1.3570992622 1.7094421272 3.8972797890
2.8740000000 1.3585304298 1.7098722801 3.8977343636
2.8750000000 1.3599617729 1.7103010063 3.8981883812
2.8760000000 1.3613932915 1.7107282982 3.8986418495
2.8770000000 1.3628249626 1.7111541405 3.8990947685
2.8780000000 1.3642567940 1.7115785255 3.8995471382
2.8790000000 1.3656887627 1.7120014458 3.8999989662
2.8800000000 1.3671208611 1.7124228783 3.9004502449
2.8810000000 1.3685530891 1.7128428230 3.9009009819
2.8820000000 1.3699854317 1.7132612648 3.9013511848
2.8830000000 1.3714178734 1.7136781883 3.9018008385
2.8840000000 1.3728504143 1.7140935783 3.9022499580
2.8850000000 1.3742830391 1.7145074348 3.9026985435
2.8860000000 1.3757157326 1.7149197350 3.9031465950
2.8870000000 1.3771484947 1.7153304710 3.9035941124
2.8880000000 1.3785813026 1.7157396278 3.9040410957
2.8890000000 1.3800141487 1.7161471977 3.9044875526
2.8900000000 1.3814470253 1.7165531578 3.9049334831
2.8910000000 1.3828799095 1.7169575081 3.9053788872
2.8920000000 1.3843128014 1.7173602257 3.9058237648
2.8930000000 1.3857456703 1.7177612953 3.9062681236
2.8940000000 1.3871785240 1.7181607094 3.9067119637
2.8950000000 1.3886113319 1.7185584526 3.9071552849
2.8960000000 1.3900440865 1.7189545097 3.9075980873
2.8970000000 1.3914767723 1.7193488731 3.9080403786
2.8980000000 1.3929093742 1.7197415123 3.9084821587
2.8990000000 1.3943418694 1.7201324272 3.9089234200
2.9000000000 1.3957742577 1.7205216026 3.9093641777
2.9010000000 1.3972065086 1.7209090157 3.9098044319
2.9020000000 1.3986386070 1.7212946587 3.9102441750
2.9030000000 1.4000705376 1.7216785088 3.9106834221
2.9040000000 1.4015022774 1.7220605507 3.9111221657
2.9050000000 1.4029338188 1.7224407768 3.9115604057
2.9060000000 1.4043651314 1.7228191643 3.9119981575
2.9070000000 1.4057962074 1.7231956978 3.9124354057
2.9080000000 1.4072270088 1.7235703621 3.9128721657
2.9090000000 1.4086575356 1.7239431419 3.9133084373
2.9100000000 1.4100877495 1.7243140221 3.9137442207
2.9110000000 1.4115176353 1.7246829720 3.9141795158
2.9120000000 1.4129471703 1.7250499916 3.9146143227
2.9130000000 1.4143763237 1.7254150505 3.9150486488
2.9140000000 1.4158050880 1.7257781410 3.9154825020
2.9150000000 1.4172334251 1.7261392326 3.9159158745
2.9160000000 1.4186613121 1.7264983177 3.9163487663
2.9170000000 1.4200887260 1.7268553734 3.9167811928
2.9180000000 1.4215156364 1.7272103767 3.9172131386
2.9190000000 1.4229420204 1.7275633125 3.9176446266
2.9200000000 1.4243678398 1.7279141655 3.9180756416
2.9210000000 1.4257930717 1.7282629051 3.9185061913
2.9220000000 1.4272176933 1.7286095238 3.9189362831
2.9230000000 1.4286416664 1.7289539909 3.9193659096
2.9240000000 1.4300649529 1.7292962837 3.9197950859
2.9250000000 1.4314875298 1.7296363945 3.9202238045
2.9260000000 1.4329093590 1.7299742851 3.9206520653
2.9270000000 1.4343304100 1.7303099480 3.9210798836
2.9280000000 1.4357506371 1.7306433525 3.9215072517
2.9290000000 1.4371700172 1.7309744759 3.9219341698
2.9300000000 1.4385885048 1.7313032951 3.9223606529
2.9310000000 1.4400060692 1.7316297951 3.9227866859
2.9320000000 1.4414226570 1.7319539452 3.9232122841
2.9330000000 1.4428382378 1.7322757149 3.9236374474
2.9340000000 1.4442527657 1.7325950966 3.9240621834
2.9350000000 1.4456661949 1.7329120522 3.9244864845
2.9360000000 1.4470784874 1.7332265587 3.9249103508
2.9370000000 1.4484895897 1.7335385933 3.9253337975
2.9380000000 1.4498994637 1.7338481255 3.9257568245
2.9390000000 1.4513080559 1.7341551323 3.9261794243
2.9400000000 1.4527153130 1.7344595909 3.9266016045
2.9410000000 1.4541211891 1.7347614632 3.9270233726
2.9420000000 1.4555256310 1.7350607262 3.9274447289
2.9430000000 1.4569285851 1.7353573494 3.9278656731
2.9440000000 1.4583299904 1.7356513100 3.9282862129
2.9450000000 1.4597297935 1.7359425697 3.9287063408
2.9460000000 1.4611279335 1.7362311058 3.9291260719
2.9470000000 1.4625243568 1.7365168877 3.9295453987
2.9480000000 1.4639189873 1.7367998772 3.9299643364
2.9490000000 1.4653117714 1.7370800514 3.9303828697
2.9500000000 1.4667026405 1.7373573647 3.9308010216
2.9510000000 1.4680915260 1.7376318016 3.9312187767
2.9520000000 1.4694783516 1.7379033165 3.9316361504
2.9530000000 1.4708630562 1.7381718788 3.9320531349
2.9540000000 1.4722455559 1.7384374504 3.9324697456
2.9550000000 1.4736257820 1.7387000008 3.9328859749
2.9560000000 1.4750036507 1.7389594841 3.9333018303
2.9570000000 1.4763790779 1.7392158775 3.9337173119
2.9580000000 1.4777519875 1.7394691353 3.9341324196
2.9590000000 1.4791222954 1.7397192192 3.9345471687
2.9600000000 1.4804899025 1.7399660988 3.9349615517
2.9610000000 1.4818547173 1.7402097206 3.9353755684
2.9620000000 1.4832166557 1.7404500465 3.9357892342
2.9630000000 1.4845756187 1.7406870384 3.9362025414
2.9640000000 1.4859314995 1.7409206581 3.9366154976
2.9650000000 1.4872842064 1.7411508522 3.9370281029
2.9660000000 1.4886336174 1.7413775902 3.9374403572
2.9670000000 1.4899796410 1.7416008110 3.9378522758
2.9680000000 1.4913221550 1.7418204765 3.9382638512
2.9690000000 1.4926610451 1.7420365410 3.9386750832
2.9700000000 1.4939961891 1.7422489510 3.9390859871
2.9710000000 1.4953274651 1.7424576607 3.9394965630
2.9720000000 1.4966547432 1.7426626244 3.9399068031
2.9730000000 1.4979779015 1.7428637810 3.9403167229
2.9740000000 1.4992967873 1.7430610847 3.9407263145
2.9750000000 1.5006112785 1.7432544746 3.9411355858
2.9760000000 1.5019212227 1.7434439049 3.9415445442
2.9770000000 1.5032264671 1.7436293144 3.9419531898
2.9780000000 1.5045268593 1.7438106422 3.9423615227
2.9790000000 1.5058222389 1.7439878349 3.9427695503
2.9800000000 1.5071124382 1.7441608315 3.9431772728
2.9810000000 1.5083972893 1.7443295631 3.9435846977
2.9820000000 1.5096766167 1.7444939690 3.9439918175
2.9830000000 1.5109502296 1.7446539955 3.9443986473
2.9840000000 1.5122179451 1.7448095589 3.9448051872
2.9850000000 1.5134795570 1.7449606056 3.9452114296
2.9860000000 1.5147348671 1.7451070518 3.9456173973
2.9870000000 1.5159836617 1.7452488365 3.9460230751
2.9880000000 1.5172257118 1.7453858757 3.9464284782
2.9890000000 1.5184607964 1.7455181084 3.9468335991
2.9900000000 1.5196886711 1.7456454430 3.9472384529
2.9910000000 1.5209090843 1.7457678032 3.9476430397
2.9920000000 1.5221217690 1.7458851128 3.9480473518
2.9930000000 1.5233264656 1.7459972801 3.9484514046
2.9940000000 1.5245228691 1.7461042213 3.9488551979
2.9950000000 1.5257106895 1.7462058449 3.9492587395
2.9960000000 1.5268896141 1.7463020668 3.9496620216
2.9970000000 1.5280593071 1.7463927879 3.9500650597
2.9980000000 1.5292194099 1.7464779091 3.9504678459
2.9990000000 1.5303695564 1.7465573311 3.9508703880
3.0000000000 1.5315093575 1.7466309547 3.9512726936
3.0010000000 1.5326383858 1.7466986732 3.9516747627
3.0020000000 1.5337562065 1.7467603722 3.9520765953
3.0030000000 1.5348623314 1.7468159447 3.9524781990
3.0040000000 1.5359562416 1.7468652763 3.9528795738
3.0050000000 1.5370373955 1.7469082375 3.9532807274
3.0060000000 1.5381051674 1.7469447136 3.9536816597
3.0070000000 1.5391589165 1.7469745750 3.9540823708
3.0080000000 1.5401979027 1.7469976845 3.9544828758
3.0090000000 1.5412213249 1.7470139122 3.9548831673
3.0100000000 1.5422282677 1.7470231133 3.9552832527
3.0110000000 1.5432177086 1.7470251350 3.9556831398
3.0120000000 1.5441884727 1.7470198479 3.9560828209
3.0130000000 1.5451391869 1.7470070686 3.9564823036
3.0140000000 1.5460682106 1.7469866524 3.9568815956
3.0150000000 1.5469735527 1.7469584312 3.9572807045
3.0160000000 1.5478527031 1.7469222221 3.9576796150
3.0170000000 1.5487023811 1.7468778419 3.9580783501
3.0180000000 1.5495180016 1.7468251152 3.9584769096
3.0190000000 1.5502925529 1.7467638359 3.9588752861
3.0200000000 1.5510133705 1.7466938057 3.9592734871
3.0210000000 1.5516446190 1.7466148109 3.9596715279
3.0220000000 1.5522232170 1.7465266304 3.9600694008
3.0230000000 1.5529283562 1.7464290428 3.9604671059
3.0240000000 1.5536991310 1.7463217964 3.9608646584
3.0250000000 1.5545201149 1.7462046547 3.9612620506
3.0260000000 1.5553837242 1.7460773506 3.9616592979
3.0270000000 1.5562853966 1.7459396095 3.9620563927
3.0280000000 1.5572220802 1.7457911491 3.9624533424
3.0290000000 1.5581916389 1.7456316719 3.9628501549
3.0300000000 1.5591924934 1.7454608650 3.9632468224
3.0310000000 1.5602234764 1.7452784004 3.9636433601
3.0320000000 1.5612837029 1.7450839424 3.9640397682
3.0330000000 1.5623725166 1.7448771172 3.9644360466
3.0340000000 1.5634894371 1.7446575508 3.9648322029
3.0350000000 1.5646340981 1.7444248466 3.9652282372
3.0360000000 1.5658062935 1.7441785851 3.9656241570
3.0370000000 1.5670058861 1.7439183159 3.9660199623
3.0380000000 1.5682328529 1.7436435661 3.9664156532
3.0390000000 1.5694872322 1.7433538475 3.9668112450
3.0400000000 1.5707691460 1.7430486259 3.9672067299
3.0410000000 1.5720787926 1.7427273521 3.9676021233
3.0420000000 1.5734164314 1.7423894310 3.9679974098
3.0430000000 1.5747823906 1.7420342216 3.9683926125
3.0440000000 1.5761770744 1.7416610603 3.9687877235
3.0450000000 1.5776009331 1.7412692299 3.9691827507
3.0460000000 1.5790545082 1.7408579521 3.9695777016
3.0470000000 1.5805384102 1.7404264183 3.9699725685
3.0480000000 1.5820533104 1.7399737282 3.9703673592
3.0490000000 1.5835999794 1.7394989433 3.9707620888
3.0500000000 1.5851792641 1.7390010338 3.9711567421
3.0510000000 1.5867921104 1.7384788933 3.9715513344
3.0520000000 1.5884395714 1.7379313164 3.9719458656
3.0530000000 1.5901228065 1.7373569908 3.9723403435
3.0540000000 1.5918431053 1.7367545052 3.9727347679
3.0550000000 1.5936018944 1.7361222878 3.9731291466
3.0560000000 1.5954007759 1.7354586296 3.9735234718
3.0570000000 1.5972415047 1.7347616539 3.9739177589
3.0580000000 1.5991260643 1.7340292778 3.9743120079
3.0590000000 1.6010566673 1.7332591743 3.9747062187
3.0600000000 1.6030358009 1.7324487724 3.9751003990
3.0610000000 1.6050662575 1.7315951729 3.9754945564
3.0620000000 1.6071512337 1.7306950951 3.9758886833
3.0630000000 1.6092943535 1.7297448387 3.9762827950
3.0640000000 1.6114997826 1.7287401543 3.9766768837
3.0650000000 1.6137723274 1.7276761513 3.9770709648
3.0660000000 1.6161176109 1.7265471458 3.9774650307
3.0670000000 1.6185422249 1.7253464699 3.9778590889
3.0680000000 1.6210540276 1.7240661888 3.9782531471
3.0690000000 1.6236624794 1.7226967888 3.9786472054
3.0700000000 1.6263791542 1.7212266273 3.9790412712
3.0710000000 1.6292184486 1.7196412544 3.9794353371
3.0720000000 1.6321986504 1.7179223289 3.9798294182
3.0730000000 1.6353436012 1.7160459404 3.9802235146
3.0740000000 1.6386854057 1.7139799461 3.9806176338
3.0750000000 1.6422690544 1.7116792870 3.9810117683
3.0760000000 1.6461611977 1.7090772743 3.9814059334
3.0770000000 1.6504683266 1.7060673714 3.9818001213
3.0780000000 1.6553813515 1.7024586143 3.9821943398
3.0790000000 1.6613170204 1.6978342171 3.9825886040
3.0800000000 1.6697110481 1.6907584190 3.9829828987
