0.0211000000 0.0108884619
0.0261000000 0.0134677197
0.0281000000 0.0144992529
0.0311000000 0.0160463721
0.0331000000 0.0170776318
0.0341000000 0.0175932178
0.0351000000 0.0181087744
0.0361000000 0.0186243018
0.0371000000 0.0191397900
0.0381000000 0.0196552490
0.0391000000 0.0201706689
0.0401000000 0.0206860498
0.0411000000 0.0212014014
0.0421000000 0.0217167041
0.0431000000 0.0222319775
0.0441000000 0.0227472021
0.0451000000 0.0232623975
0.0461000000 0.0237775439
0.0471000000 0.0242926514
0.0481000000 0.0248077100
0.0491000000 0.0253227295
0.0501000000 0.0258377002
0.0511000000 0.0263526221
0.0521000000 0.0268675049
0.0531000000 0.0273823291
0.0541000000 0.0278971143
0.0551000000 0.0284118408
0.0561000000 0.0289265186
0.0571000000 0.0294411475
0.0581000000 0.0299557275
0.0591000000 0.0304702490
0.0601000000 0.0309847119
0.0611000000 0.0314991260
0.0621000000 0.0320134814
0.0631000000 0.0325277783
0.0641000000 0.0330420166
0.0651000000 0.0335561865
0.0661000000 0.0340703076
0.0671000000 0.0345843701
0.0681000000 0.0350983643
0.0691000000 0.0356122900
0.0701000000 0.0361261670
0.0711000000 0.0366399658
0.0721000000 0.0371537061
0.0731000000 0.0376673779
0.0741000000 0.0381809814
0.0751000000 0.0386945068
0.0761000000 0.0392079736
0.0771000000 0.0397213721
0.0781000000 0.0402346924
0.0791000000 0.0407479443
0.0801000000 0.0412611182
0.0811000000 0.0417742236
0.0821000000 0.0422872510
0.0831000000 0.0428002002
0.0841000000 0.0433130811
0.0851000000 0.0438258740
0.0861000000 0.0443385889
0.0871000000 0.0448512354
0.0881000000 0.0453637939
0.0891000000 0.0458762646
0.0901000000 0.0463886572
0.0911000000 0.0469009717
0.0921000000 0.0474131982
0.0931000000 0.0479253369
0.0941000000 0.0484373877
0.0951000000 0.0489493506
0.0961000000 0.0494612354
0.0971000000 0.0499730225
0.0981000000 0.0504847217
0.0991000000 0.0509963330
0.1001000000 0.0515078467
0.1011000000 0.0520192725
0.1021000000 0.0525306006
0.1031000000 0.0530418408
0.1041000000 0.0535529736
0.1051000000 0.0540640186
0.1061000000 0.0545749658
0.1071000000 0.0550858154
0.1081000000 0.0555965576
0.1091000000 0.0561072119
0.1101000000 0.0566177588
0.1111000000 0.0571281982
0.1121000000 0.0576385400
0.1131000000 0.0581487744
0.1141000000 0.0586589111
0.1151000000 0.0591689404
0.1161000000 0.0596788623
0.1171000000 0.0601886670
0.1181000000 0.0606983740
0.1191000000 0.0612079639
0.1201000000 0.0617174463
0.1211000000 0.0622268213
0.1221000000 0.0627360791
0.1231000000 0.0632452295
0.1241000000 0.0637542627
0.1251000000 0.0642631787
0.1261000000 0.0647719775
0.1271000000 0.0652806592
0.1281000000 0.0657892334
0.1291000000 0.0662976807
0.1301000000 0.0668060010
0.1311000000 0.0673142139
0.1321000000 0.0678222998
0.1331000000 0.0683302588
0.1341000000 0.0688381006
0.1351000000 0.0693458154
0.1361000000 0.0698534033
0.1371000000 0.0703608643
0.1381000000 0.0708681982
0.1391000000 0.0713754053
0.1401000000 0.0718824854
0.1411000000 0.0723894287
0.1421000000 0.0728962549
0.1431000000 0.0734029346
0.1441000000 0.0739094873
0.1451000000 0.0744159033
0.1461000000 0.0749221924
0.1471000000 0.0754283447
0.1481000000 0.0759343506
0.1491000000 0.0764402295
0.1501000000 0.0769459619
0.1511000000 0.0774515576
0.1521000000 0.0779570166
0.1531000000 0.0784623291
0.1541000000 0.0789675049
0.1551000000 0.0794725342
0.1561000000 0.0799774170
0.1571000000 0.0804821631
0.1581000000 0.0809867529
0.1591000000 0.0814912061
0.1601000000 0.0819955029
0.1611000000 0.0824996631
0.1621000000 0.0830036670
0.1631000000 0.0835075146
0.1641000000 0.0840112158
0.1651000000 0.0845147705
0.1661000000 0.0850181592
0.1671000000 0.0855214014
0.1681000000 0.0860244873
0.1691000000 0.0865274170
0.1701000000 0.0870301904
0.1711000000 0.0875328076
0.1721000000 0.0880352686
0.1731000000 0.0885375635
0.1741000000 0.0890397021
0.1751000000 0.0895416748
0.1761000000 0.0900434912
0.1771000000 0.0905451416
0.1781000000 0.0910466260
0.1791000000 0.0915479443
0.1801000000 0.0920490967
0.1811000000 0.0925500830
0.1821000000 0.0930509033
0.1831000000 0.0935515576
0.1841000000 0.0940520361
0.1851000000 0.0945523486
0.1861000000 0.0950524854
0.1871000000 0.0955524463
0.1881000000 0.0960522412
0.1891000000 0.0965518604
0.1901000000 0.0970513037
0.1911000000 0.0975505713
0.1921000000 0.0980496631
0.1931000000 0.0985485693
0.1941000000 0.0990473096
0.1951000000 0.0995458545
0.1961000000 0.1000442334
0.1971000000 0.1005424268
0.1981000000 0.1010404346
0.1991000000 0.1015382568
0.2001000000 0.1020358936
0.2011000000 0.1025333545
0.2021000000 0.1030306201
0.2031000000 0.1035277002
0.2041000000 0.1040246045
0.2051000000 0.1045213037
0.2061000000 0.1050178174
0.2071000000 0.1055141455
0.2081000000 0.1060102783
0.2091000000 0.1065062256
0.2101000000 0.1070019775
0.2111000000 0.1074975244
0.2121000000 0.1079928857
0.2131000000 0.1084880518
0.2141000000 0.1089830225
0.2151000000 0.1094777881
0.2161000000 0.1099723584
0.2171000000 0.1104667334
0.2181000000 0.1109609033
0.2191000000 0.1114548682
0.2201000000 0.1119486377
0.2211000000 0.1124422021
0.2221000000 0.1129355615
0.2231000000 0.1134287158
0.2241000000 0.1139216650
0.2251000000 0.1144144092
0.2261000000 0.1149069482
0.2271000000 0.1153992822
0.2281000000 0.1158914014
0.2291000000 0.1163833057
0.2301000000 0.1168750049
0.2311000000 0.1173664893
0.2321000000 0.1178577686
0.2331000000 0.1183488330
0.2341000000 0.1188396729
0.2351000000 0.1193303076
0.2361000000 0.1198207275
0.2371000000 0.1203109229
0.2381000000 0.1208009033
0.2391000000 0.1212906689
0.2401000000 0.1217802100
0.2411000000 0.1222695361
0.2421000000 0.1227586377
0.2431000000 0.1232475244
0.2441000000 0.1237361768
0.2451000000 0.1242246143
0.2461000000 0.1247128271
0.2471000000 0.1252008154
0.2481000000 0.1256885693
0.2491000000 0.1261761084
0.2501000000 0.1266634131
0.2511000000 0.1271504834
0.2521000000 0.1276373389
0.2531000000 0.1281239502
0.2541000000 0.1286103369
0.2551000000 0.1290964990
0.2561000000 0.1295824170
0.2571000000 0.1300681104
0.2581000000 0.1305535596
0.2591000000 0.1310387842
0.2601000000 0.1315237646
0.2611000000 0.1320085205
0.2621000000 0.1324930225
0.2631000000 0.1329772998
0.2641000000 0.1334613330
0.2651000000 0.1339451318
0.2661000000 0.1344286865
0.2671000000 0.1349119971
0.2681000000 0.1353950732
0.2691000000 0.1358778955
0.2701000000 0.1363604834
0.2711000000 0.1368428271
0.2721000000 0.1373249268
0.2731000000 0.1378067725
0.2741000000 0.1382883740
0.2751000000 0.1387697314
0.2761000000 0.1392508447
0.2771000000 0.1397317041
0.2781000000 0.1402123193
0.2791000000 0.1406926807
0.2801000000 0.1411727881
0.2811000000 0.1416526514
0.2821000000 0.1421322607
0.2831000000 0.1426116162
0.2841000000 0.1430907080
0.2851000000 0.1435695557
0.2861000000 0.1440481494
0.2871000000 0.1445264893
0.2881000000 0.1450045654
0.2891000000 0.1454823877
0.2901000000 0.1459599561
0.2911000000 0.1464372607
0.2921000000 0.1469143115
0.2931000000 0.1473910986
0.2941000000 0.1478676221
0.2951000000 0.1483438916
0.2961000000 0.1488198975
0.2971000000 0.1492956396
0.2981000000 0.1497711182
0.2991000000 0.1502463330
