0.0061000000 2.4807939990
0.0071000000 2.4807994775
0.0081000000 2.4808057861
0.0091000000 2.4808128857
0.0101000000 2.4808208252
0.0111000000 2.4808295947
0.0121000000 2.4808391943
0.0131000000 2.4808496143
0.0141000000 2.4808608643
0.0151000000 2.4808729346
0.0161000000 2.4808858447
0.0171000000 2.4808995752
0.0181000000 2.4809141260
0.0191000000 2.4809295166
0.0201000000 2.4809457178
0.0211000000 2.4809627588
0.0221000000 2.4809806201
0.0231000000 2.4809993115
0.0241000000 2.4810188232
0.0251000000 2.4810391650
0.0261000000 2.4810603272
0.0271000000 2.4810823193
0.0281000000 2.4811051416
0.0291000000 2.4811287842
0.0301000000 2.4811532568
0.0311000000 2.4811785498
0.0321000000 2.4812046631
0.0331000000 2.4812316162
0.0341000000 2.4812593799
0.0351000000 2.4812879736
0.0361000000 2.4813173975
0.0371000000 2.4813476318
0.0381000000 2.4813787061
