1.7070000000 0.0046323814 0.9768015709 1.5287275200 2.5130797539 3.1657217751
1.7080000000 0.0136503868 0.9774675407 1.5293325539 2.5134065590 3.1663031120
1.7090000000 0.0187722816 0.9781334953 1.5299368324 2.5137331734 3.1668845940
1.7100000000 0.0227959557 0.9787994270 1.5305403404 2.5140596046 3.1674662209
1.7110000000 0.0262317467 0.9794653435 1.5311430702 2.5143858528 3.1680479851
1.7120000000 0.0292873039 0.9801312447 1.5317450142 2.5147119102 3.1686298943
1.7130000000 0.0320714912 0.9807971230 1.5323461647 2.5150377769 3.1692119408
1.7140000000 0.0346497841 0.9814629860 1.5329465141 2.5153634605 3.1697941399
1.7150000000 0.0370651894 0.9821288261 1.5335460472 2.5156889458 3.1703764763
1.7160000000 0.0393477135 0.9827946510 1.5341447563 2.5160142403 3.1709589577
1.7170000000 0.0415192833 0.9834604530 1.5347426338 2.5163393440 3.1715415840
1.7180000000 0.0435964851 0.9841262398 1.5353396645 2.5166642494 3.1721243553
1.7190000000 0.0455922203 0.9847920113 1.5359358406 2.5169889565 3.1727072639
1.7200000000 0.0475167656 0.9854577675 1.5365311546 2.5173134651 3.1732903175
1.7210000000 0.0493784370 0.9861235008 1.5371255913 2.5176377754 3.1738735237
1.7220000000 0.0511841087 0.9867892189 1.5377191429 2.5179618797 3.1744568672
1.7230000000 0.0529395103 0.9874549141 1.5383117943 2.5182857857 3.1750403557
1.7240000000 0.0546494865 0.9881205940 1.5389035378 2.5186094856 3.1756239891
1.7250000000 0.0563181801 0.9887862587 1.5394943581 2.5189329796 3.1762077675
1.7260000000 0.0579491615 0.9894519005 1.5400842552 2.5192562599 3.1767916832
1.7270000000 0.0595455284 0.9901175270 1.5406732063 2.5195793419 3.1773757515
1.7280000000 0.0611100044 0.9907831383 1.5412611961 2.5199022026 3.1779599648
1.7290000000 0.0626449699 0.9914487343 1.5418482246 2.5202248573 3.1785443230
1.7300000000 0.0641525459 0.9921143074 1.5424342690 2.5205472984 3.1791288261
1.7310000000 0.0656346321 0.9927798576 1.5430193138 2.5208695183 3.1797134666
1.7320000000 0.0670929146 0.9934454002 1.5436033592 2.5211915245 3.1802982597
1.7330000000 0.0685289040 0.9941109200 1.5441863899 2.5215133171 3.1808831978
1.7340000000 0.0699439964 0.9947764244 1.5447683754 2.5218348885 3.1814682808
1.7350000000 0.0713394127 0.9954419136 1.5453493233 2.5221562309 3.1820535088
1.7360000000 0.0727163124 0.9961073799 1.5459292030 2.5224773598 3.1826388817
1.7370000000 0.0740757103 0.9967728310 1.5465080147 2.5227982597 3.1832244072
1.7380000000 0.0754185677 0.9974382591 1.5470857353 2.5231189308 3.1838100700
1.7390000000 0.0767457390 0.9981036797 1.5476623421 2.5234393806 3.1843958855
1.7400000000 0.0780580406 0.9987690773 1.5482378349 2.5237595940 3.1849818382
1.7410000000 0.0793562050 0.9994344521 1.5488121910 2.5240795784 3.1855679436
1.7420000000 0.0806409187 1.0000998192 1.5493853950 2.5243993340 3.1861541939
1.7430000000 0.0819128151 1.0007651634 1.5499574318 2.5247188530 3.1867405968
1.7440000000 0.0831724815 1.0014304924 1.5505282784 2.5250381355 3.1873271370
1.7450000000 0.0844204674 1.0020957985 1.5510979271 2.5253571815 3.1879138298
1.7460000000 0.0856572838 1.0027610893 1.5516663551 2.5256759834 3.1885006676
1.7470000000 0.0868834190 1.0034263649 1.5522335396 2.5259945488 3.1890876579
1.7480000000 0.0880993004 1.0040916252 1.5527994804 2.5263128700 3.1896747856
1.7490000000 0.0893053703 1.0047568626 1.5533641319 2.5266309471 3.1902620659
1.7500000000 0.0905020027 1.0054220848 1.5539275017 2.5269487801 3.1908494987
1.7510000000 0.0916895790 1.0060872917 1.5544895515 2.5272663689 3.1914370689
1.7520000000 0.0928684425 1.0067524757 1.5550502663 2.5275837059 3.1920247917
1.7530000000 0.0940389214 1.0074176445 1.5556096306 2.5279007835 3.1926126595
1.7540000000 0.0952013359 1.0080827980 1.5561676216 2.5282176170 3.1932006798
1.7550000000 0.0963559685 1.0087479362 1.5567242088 2.5285341988 3.1937888451
1.7560000000 0.0975031013 1.0094130516 1.5572793770 2.5288505135 3.1943771629
1.7570000000 0.0986429939 1.0100781517 1.5578331108 2.5291665764 3.1949656258
1.7580000000 0.0997758980 1.0107432289 1.5583853722 2.5294823799 3.1955542412
1.7590000000 0.1009020424 1.0114082909 1.5589361382 2.5297979240 3.1961429939
1.7600000000 0.1020216637 1.0120733376 1.5594853935 2.5301132011 3.1967319069
1.7610000000 0.1031349678 1.0127383690 1.5600331078 2.5304282188 3.1973209648
1.7620000000 0.1042421532 1.0134033775 1.5605792580 2.5307429619 3.1979101677
1.7630000000 0.1053434258 1.0140683708 1.5611238136 2.5310574455 3.1984995232
1.7640000000 0.1064389610 1.0147333412 1.5616667442 2.5313716469 3.1990890312
1.7650000000 0.1075289421 1.0153983040 1.5622080193 2.5316855888 3.1996786842
1.7660000000 0.1086135216 1.0160632439 1.5627476158 2.5319992485 3.2002684898
1.7670000000 0.1096928825 1.0167281609 1.5632855034 2.5323126335 3.2008584404
1.7680000000 0.1107671547 1.0173930626 1.5638216515 2.5326257439 3.2014485435
1.7690000000 0.1118365059 1.0180579491 1.5643560143 2.5329385719 3.2020387993
1.7700000000 0.1129010658 1.0187228203 1.5648885689 2.5332511177 3.2026292000
1.7710000000 0.1139609642 1.0193876686 1.5654192848 2.5335633812 3.2032197533
1.7720000000 0.1150163460 1.0200525017 1.5659481163 2.5338753548 3.2038104591
1.7730000000 0.1160673180 1.0207173119 1.5664750252 2.5341870461 3.2044013100
1.7740000000 0.1171140175 1.0213821068 1.5669999809 2.5344984550 3.2049923134
1.7750000000 0.1181565361 1.0220468864 1.5675229378 2.5348095665 3.2055834694
1.7760000000 0.1191950035 1.0227116508 1.5680438576 2.5351203804 3.2061747780
1.7770000000 0.1202295189 1.0233763924 1.5685626945 2.5354309044 3.2067662315
1.7780000000 0.1212601738 1.0240411110 1.5690794029 2.5357411308 3.2073578453
1.7790000000 0.1222870827 1.0247058144 1.5695939293 2.5360510597 3.2079496040
1.7800000000 0.1233103294 1.0253705025 1.5701062355 2.5363606911 3.2085415077
1.7810000000 0.1243300133 1.0260351753 1.5706162682 2.5366700096 3.2091335716
1.7820000000 0.1253462029 1.0266998253 1.5711239662 2.5369790306 3.2097257881
1.7830000000 0.1263590050 1.0273644600 1.5716292839 2.5372877464 3.2103181496
1.7840000000 0.1273684883 1.0280290718 1.5721321602 2.5375961494 3.2109106712
1.7850000000 0.1283747368 1.0286936684 1.5726325264 2.5379042473 3.2115033379
1.7860000000 0.1293778191 1.0293582420 1.5731303291 2.5382120323 3.2120961571
1.7870000000 0.1303778114 1.0300228004 1.5736254921 2.5385194969 3.2126891289
1.7880000000 0.1313747902 1.0306873436 1.5741179466 2.5388266487 3.2132822609
1.7890000000 0.1323688164 1.0313518639 1.5746076241 2.5391334801 3.2138755379
1.7900000000 0.1333599586 1.0320163689 1.5750944405 2.5394399910 3.2144689674
1.7910000000 0.1343482857 1.0326808510 1.5755783119 2.5397461739 3.2150625496
1.7920000000 0.1353338585 1.0333453178 1.5760591469 2.5400520363 3.2156562843
1.7930000000 0.1363167229 1.0340097618 1.5765368614 2.5403575783 3.2162501793
1.7940000000 0.1372969551 1.0346741905 1.5770113564 2.5406627846 3.2168442192
1.7950000000 0.1382746010 1.0353386040 1.5774825172 2.5409676552 3.2174384193
1.7960000000 0.1392497215 1.0360029945 1.5779502373 2.5412721977 3.2180327721
1.7970000000 0.1402223625 1.0366673698 1.5784143867 2.5415764046 3.2186272697
1.7980000000 0.1411925850 1.0373317223 1.5788748512 2.5418802757 3.2192219276
1.7990000000 0.1421604271 1.0379960518 1.5793314781 2.5421838036 3.2198167381
1.8000000000 0.1431259422 1.0386603737 1.5797841148 2.5424869881 3.2204117088
1.8010000000 0.1440891838 1.0393246651 1.5802326088 2.5427898293 3.2210068245
1.8020000000 0.1450501823 1.0399889412 1.5806767769 2.5430923195 3.2216021004
1.8030000000 0.1460089989 1.0406532021 1.5811164207 2.5433944664 3.2221975288
1.8040000000 0.1469656639 1.0413174400 1.5815513268 2.5436962624 3.2227931175
1.8050000000 0.1479202156 1.0419816628 1.5819812584 2.5439977074 3.2233888512
1.8060000000 0.1488727150 1.0426458626 1.5824059563 2.5442987938 3.2239847450
1.8070000000 0.1498231773 1.0433100471 1.5828251228 2.5445995216 3.2245807991
1.8080000000 0.1507716560 1.0439742088 1.5832384224 2.5448998833 3.2251769981
1.8090000000 0.1517181892 1.0446383476 1.5836454887 2.5451998940 3.2257733574
1.8100000000 0.1526627998 1.0453024712 1.5840458717 2.5454995308 3.2263698769
1.8110000000 0.1536055412 1.0459665794 1.5844390755 2.5457988091 3.2269665413
1.8120000000 0.1545464287 1.0466306648 1.5848244896 2.5460977135 3.2275633736
1.8130000000 0.1554855080 1.0472947273 1.5852014046 2.5463962440 3.2281603508
1.8140000000 0.1564228096 1.0479587746 1.5855689278 2.5466944008 3.2287574883
1.8150000000 0.1573583641 1.0486227989 1.5859259300 2.5469921837 3.2293547859
1.8160000000 0.1582922020 1.0492868004 1.5862709236 2.5472895851 3.2299522362
1.8170000000 0.1592243462 1.0499507866 1.5866018639 2.5475866127 3.2305498466
1.8180000000 0.1601548424 1.0506147575 1.5869156380 2.5478832512 3.2311476097
1.8190000000 0.1610837059 1.0512786980 1.5872069054 2.5481795006 3.2317455330
1.8200000000 0.1620109673 1.0519426308 1.5874632378 2.5484753609 3.2323436089
1.8210000000 0.1629366570 1.0526065331 1.5876611061 2.5487708397 3.2329418449
1.8220000000 0.1638607979 1.0532704201 1.5879216270 2.5490659142 3.2335402412
1.8230000000 0.1647834206 1.0539342842 1.5882198601 2.5493605995 3.2341387901
1.8240000000 0.1657045479 1.0545981331 1.5885437965 2.5496548805 3.2347374992
1.8250000000 0.1666242027 1.0552619591 1.5888882256 2.5499487648 3.2353363609
1.8260000000 0.1675424080 1.0559257622 1.5892501259 2.5502422447 3.2359353828
1.8270000000 0.1684591866 1.0565895500 1.5896274681 2.5505353203 3.2365345650
1.8280000000 0.1693745689 1.0572533150 1.5900188103 2.5508279915 3.2371339073
1.8290000000 0.1702885704 1.0579170570 1.5904230461 2.5511202431 3.2377334099
1.8300000000 0.1712012138 1.0585807838 1.5908393211 2.5514120827 3.2383330650
1.8310000000 0.1721125221 1.0592444878 1.5912669182 2.5517035103 3.2389328804
1.8320000000 0.1730225105 1.0599081688 1.5917052498 2.5519945183 3.2395328560
1.8330000000 0.1739312096 1.0605718346 1.5921538200 2.5522850990 3.2401329918
1.8340000000 0.1748386345 1.0612354774 1.5926122093 2.5525752602 3.2407332802
1.8350000000 0.1757448006 1.0618990974 1.5930800362 2.5528649940 3.2413337364
1.8360000000 0.1766497307 1.0625626945 1.5935569801 2.5531542931 3.2419343452
1.8370000000 0.1775534401 1.0632262764 1.5940427513 2.5534431648 3.2425351219
1.8380000000 0.1784559517 1.0638898354 1.5945370903 2.5537316017 3.2431360512
1.8390000000 0.1793572807 1.0645533714 1.5950397530 2.5540196037 3.2437371407
1.8400000000 0.1802574501 1.0652168922 1.5955505409 2.5543071632 3.2443383904
1.8410000000 0.1811564674 1.0658803825 1.5960692558 2.5545942726 3.2449398079
1.8420000000 0.1820543556 1.0665438576 1.5965957146 2.5548809471 3.2455413780
1.8430000000 0.1829511223 1.0672073097 1.5971297569 2.5551671638 3.2461431084
1.8440000000 0.1838467979 1.0678707390 1.5976712379 2.5554529305 3.2467450066
1.8450000000 0.1847413902 1.0685341530 1.5982200050 2.5557382469 3.2473470573
1.8460000000 0.1856349068 1.0691975441 1.5987759285 2.5560231056 3.2479492760
1.8470000000 0.1865273781 1.0698609123 1.5993388939 2.5563075066 3.2485516472
1.8480000000 0.1874188042 1.0705242577 1.5999087868 2.5565914421 3.2491541862
1.8490000000 0.1883092079 1.0711875801 1.6004854851 2.5568749046 3.2497568855
1.8500000000 0.1891986046 1.0718508797 1.6010689049 2.5571579094 3.2503597527
1.8510000000 0.1900870018 1.0725141640 1.6016589394 2.5574404335 3.2509627724
1.8520000000 0.1909744148 1.0731774254 1.6022554970 2.5577224922 3.2515659599
1.8530000000 0.1918608589 1.0738406639 1.6028584938 2.5580040627 3.2521693077
1.8540000000 0.1927463493 1.0745038795 1.6034678459 2.5582851601 3.2527728157
1.8550000000 0.1936308861 1.0751670723 1.6040834846 2.5585657768 3.2533764915
1.8560000000 0.1945144997 1.0758302422 1.6047053185 2.5588458977 3.2539803276
1.8570000000 0.1953971901 1.0764933891 1.6053332939 2.5591255379 3.2545843239
1.8580000000 0.1962789726 1.0771565208 1.6059673271 2.5594046822 3.2551884880
1.8590000000 0.1971598549 1.0778196220 1.6066073647 2.5596833305 3.2557928123
1.8600000000 0.1980398598 1.0784827080 1.6072533379 2.5599614754 3.2563972969
1.8610000000 0.1989189796 1.0791457634 1.6079051857 2.5602391243 3.2570019493
1.8620000000 0.1997972450 1.0798088036 1.6085628548 2.5605162697 3.2576067696
1.8630000000 0.2006746559 1.0804718208 1.6092262917 2.5607929039 3.2582117500
1.8640000000 0.2015512276 1.0811348152 1.6098954353 2.5610690269 3.2588168907
1.8650000000 0.2024269676 1.0817977867 1.6105702324 2.5613446388 3.2594221992
1.8660000000 0.2033018837 1.0824607353 1.6112506447 2.5616197243 3.2600276756
1.8670000000 0.2041759911 1.0831236610 1.6119366112 2.5618942986 3.2606333122
1.8680000000 0.2050492973 1.0837865562 1.6126280861 2.5621683464 3.2612391090
1.8690000000 0.2059218102 1.0844494362 1.6133250389 2.5624418602 3.2618450813
1.8700000000 0.2067935448 1.0851122932 1.6140274086 2.5627148476 3.2624512062
1.8710000000 0.2076645012 1.0857751274 1.6147351570 2.5629873085 3.2630575066
1.8720000000 0.2085346947 1.0864379387 1.6154482536 2.5632592201 3.2636639671
1.8730000000 0.2094041328 1.0871007271 1.6161666450 2.5635305977 3.2642705956
1.8740000000 0.2102728310 1.0877634926 1.6168902931 2.5638014336 3.2648773918
1.8750000000 0.2111407814 1.0884262352 1.6176191750 2.5640717125 3.2654843559
1.8760000000 0.2120080070 1.0890889473 1.6183532372 2.5643414497 3.2660914803
1.8770000000 0.2128745155 1.0897516441 1.6190924492 2.5646106300 3.2666987724
1.8780000000 0.2137403069 1.0904143181 1.6198367729 2.5648792534 3.2673062325
1.8790000000 0.2146053963 1.0910769615 1.6205861855 2.5651473122 3.2679138603
1.8800000000 0.2154697838 1.0917395897 1.6213406410 2.5654148064 3.2685216484
1.8810000000 0.2163334846 1.0924021873 1.6221001167 2.5656817360 3.2691296120
1.8820000000 0.2171965065 1.0930647621 1.6228645744 2.5659480934 3.2697377357
1.8830000000 0.2180588493 1.0937273140 1.6236339836 2.5662138786 3.2703460350
1.8840000000 0.2189205284 1.0943898430 1.6244083214 2.5664790764 3.2709544945
1.8850000000 0.2197815437 1.0950523491 1.6251875496 2.5667437019 3.2715631218
1.8860000000 0.2206419029 1.0957148247 1.6259716530 2.5670077324 3.2721719246
1.8870000000 0.2215016212 1.0963772850 1.6267605858 2.5672711754 3.2727808876
1.8880000000 0.2223606987 1.0970397148 1.6275543327 2.5675340233 3.2733900261
1.8890000000 0.2232191429 1.0977021217 1.6283528557 2.5677962837 3.2739993248
1.8900000000 0.2240769691 1.0983645058 1.6291561470 2.5680579338 3.2746087990
1.8910000000 0.2249341621 1.0990268669 1.6299641685 2.5683189812 3.2752184410
1.8920000000 0.2257907524 1.0996892052 1.6307768898 2.5685794182 3.2758282509
1.8930000000 0.2266467247 1.1003515129 1.6315943031 2.5688392448 3.2764382286
1.8940000000 0.2275021019 1.1010137978 1.6324163704 2.5690984612 3.2770483742
1.8950000000 0.2283568840 1.1016760597 1.6332430763 2.5693570518 3.2776586952
1.8960000000 0.2292110786 1.1023382988 1.6340743904 2.5696150169 3.2782691841
1.8970000000 0.2300646858 1.1030005074 1.6349102898 2.5698723564 3.2788798409
1.8980000000 0.2309177208 1.1036626930 1.6357507668 2.5701290627 3.2794906731
1.8990000000 0.2317701759 1.1043248558 1.6365957832 2.5703851357 3.2801016655
1.9000000000 0.2326220665 1.1049869957 1.6374453239 2.5706405754 3.2807128410
1.9010000000 0.2334734001 1.1056491051 1.6382993736 2.5708953590 3.2813241768
1.9020000000 0.2343241768 1.1063111916 1.6391579018 2.5711495018 3.2819356880
1.9030000000 0.2351743965 1.1069732552 1.6400208931 2.5714029961 3.2825473671
1.9040000000 0.2360240746 1.1076352882 1.6408883324 2.5716558266 3.2831592216
1.9050000000 0.2368732109 1.1082972984 1.6417601891 2.5719080009 3.2837712517
1.9060000000 0.2377218132 1.1089592857 1.6426364555 2.5721595116 3.2843834496
1.9070000000 0.2385698814 1.1096212425 1.6435171089 2.5724103584 3.2849958153
1.9080000000 0.2394174232 1.1102831764 1.6444021339 2.5726605263 3.2856083565
1.9090000000 0.2402644463 1.1109450874 1.6452915077 2.5729100151 3.2862210655
1.9100000000 0.2411109581 1.1116069679 1.6461852150 2.5731588325 3.2868339577
1.9110000000 0.2419569511 1.1122688255 1.6470832329 2.5734069557 3.2874470100
1.9120000000 0.2428024330 1.1129306602 1.6479855614 2.5736543922 3.2880602455
1.9130000000 0.2436474190 1.1135924644 1.6488921623 2.5739011345 3.2886736488
1.9140000000 0.2444919014 1.1142542381 1.6498030357 2.5741471825 3.2892872276
1.9150000000 0.2453358955 1.1149159966 1.6507181664 2.5743925285 3.2899009743
1.9160000000 0.2461793938 1.1155777168 1.6516375237 2.5746371574 3.2905149040
1.9170000000 0.2470224037 1.1162394218 1.6525611000 2.5748810844 3.2911290016
1.9180000000 0.2478649330 1.1169010963 1.6534888878 2.5751242943 3.2917432747
1.9190000000 0.2487069817 1.1175627403 1.6544208641 2.5753667793 3.2923577232
1.9200000000 0.2495485649 1.1182243614 1.6553570137 2.5756085396 3.2929723473
1.9210000000 0.2503896675 1.1188859596 1.6562973289 2.5758495750 3.2935871391
1.9220000000 0.2512303123 1.1195475273 1.6572417870 2.5760898705 3.2942021141
1.9230000000 0.2520704842 1.1202090645 1.6581903877 2.5763294258 3.2948172569
1.9240000000 0.2529102058 1.1208705788 1.6591431007 2.5765682411 3.2954325829
1.9250000000 0.2537494698 1.1215320702 1.6600999260 2.5768063087 3.2960480766
1.9260000000 0.2545882759 1.1221935310 1.6610608406 2.5770436211 3.2966637535
1.9270000000 0.2554266396 1.1228549614 1.6620258446 2.5772801704 3.2972795982
1.9280000000 0.2562645531 1.1235163689 1.6629949150 2.5775159645 3.2978956261
1.9290000000 0.2571020317 1.1241777458 1.6639680443 2.5777509880 3.2985118294
1.9300000000 0.2579390678 1.1248390999 1.6649452171 2.5779852409 3.2991282082
1.9310000000 0.2587756691 1.1255004234 1.6659264259 2.5782187080 3.2997447624
1.9320000000 0.2596118355 1.1261617165 1.6669116554 2.5784514046 3.3003614922
1.9330000000 0.2604475746 1.1268229866 1.6679008980 2.5786833000 3.3009784050
1.9340000000 0.2612828865 1.1274842339 1.6688941383 2.5789144096 3.3015954857
1.9350000000 0.2621177788 1.1281454430 1.6698913689 2.5791447258 3.3022127571
1.9360000000 0.2629522514 1.1288066292 1.6708925819 2.5793742332 3.3028301964
1.9370000000 0.2637863121 1.1294677925 1.6718977623 2.5796029320 3.3034478188
1.9380000000 0.2646199532 1.1301289177 1.6729069023 2.5798308220 3.3040656166
1.9390000000 0.2654531822 1.1307900200 1.6739199867 2.5800578880 3.3046835899
1.9400000000 0.2662860069 1.1314510994 1.6749370155 2.5802841301 3.3053017464
1.9410000000 0.2671184196 1.1321121407 1.6759579735 2.5805095482 3.3059200783
1.9420000000 0.2679504356 1.1327731590 1.6769828453 2.5807341270 3.3065385933
1.9430000000 0.2687820549 1.1334341545 1.6780116310 2.5809578743 3.3071572914
1.9440000000 0.2696132698 1.1340951118 1.6790443230 2.5811807671 3.3077761650
1.9450000000 0.2704440956 1.1347560463 1.6800809059 2.5814028130 3.3083952141
1.9460000000 0.2712745247 1.1354169502 1.6811213799 2.5816239967 3.3090144463
1.9470000000 0.2721045647 1.1360778236 1.6821657219 2.5818443260 3.3096338615
1.9480000000 0.2729342232 1.1367386742 1.6832139397 2.5820637856 3.3102534523
1.9490000000 0.2737634926 1.1373994942 1.6842660103 2.5822823677 3.3108732262
1.9500000000 0.2745923805 1.1380602837 1.6853219414 2.5825000725 3.3114931831
1.9510000000 0.2754208870 1.1387210426 1.6863817177 2.5827168922 3.3121133156
1.9520000000 0.2762490196 1.1393817711 1.6874453316 2.5829328270 3.3127336311
1.9530000000 0.2770767784 1.1400424767 1.6885127754 2.5831478615 3.3133541298
1.9540000000 0.2779041634 1.1407031517 1.6895840492 2.5833619957 3.3139748116
1.9550000000 0.2787311745 1.1413637962 1.6906591377 2.5835752220 3.3145956764
1.9560000000 0.2795578194 1.1420244102 1.6917380333 2.5837875328 3.3152167244
1.9570000000 0.2803840904 1.1426849937 1.6928207359 2.5839989204 3.3158379478
1.9580000000 0.2812100029 1.1433455467 1.6939072380 2.5842093849 3.3164593620
1.9590000000 0.2820355568 1.1440060768 1.6949975395 2.5844189186 3.3170809517
1.9600000000 0.2828607445 1.1446665688 1.6960916176 2.5846275139 3.3177027321
1.9610000000 0.2836855812 1.1453270378 1.6971894798 2.5848351555 3.3183246880
1.9620000000 0.2845100517 1.1459874763 1.6982911186 2.5850418587 3.3189468346
1.9630000000 0.2853341789 1.1466478844 1.6993965263 2.5852476006 3.3195691566
1.9640000000 0.2861579475 1.1473082619 1.7005057030 2.5854523735 3.3201916695
1.9650000000 0.2869813652 1.1479686089 1.7016186333 2.5856561851 3.3208143654
1.9660000000 0.2878044319 1.1486289253 1.7027353249 2.5858590126 3.3214372444
1.9670000000 0.2886271553 1.1492892113 1.7038557625 2.5860608635 3.3220603142
1.9680000000 0.2894495354 1.1499494667 1.7049799538 2.5862617226 3.3226835594
1.9690000000 0.2902715645 1.1506096916 1.7061078758 2.5864615898 3.3233069954
1.9700000000 0.2910932579 1.1512698860 1.7072395439 2.5866604500 3.3239306221
1.9710000000 0.2919146080 1.1519300499 1.7083749428 2.5868583031 3.3245544243
1.9720000000 0.2927356224 1.1525901833 1.7095140724 2.5870551338 3.3251784172
1.9730000000 0.2935563011 1.1532502861 1.7106569328 2.5872509499 3.3258026009
1.9740000000 0.2943766441 1.1539103584 1.7118035088 2.5874457283 3.3264269676
1.9750000000 0.2951966515 1.1545704002 1.7129538155 2.5876394768 3.3270515175
1.9760000000 0.2960163231 1.1552304115 1.7141078300 2.5878321800 3.3276762581
1.9770000000 0.2968356743 1.1558903923 1.7152655602 2.5880238304 3.3283011818
1.9780000000 0.2976546898 1.1565503349 1.7164269981 2.5882144203 3.3289262962
1.9790000000 0.2984733772 1.1572102547 1.7175921516 2.5884039497 3.3295516014
1.9800000000 0.2992917366 1.1578701439 1.7187610054 2.5885924034 3.3301770897
1.9810000000 0.3001097755 1.1585299950 1.7199335594 2.5887797813 3.3308027687
1.9820000000 0.3009274864 1.1591898155 1.7211098213 2.5889660683 3.3314286385
1.9830000000 0.3017448845 1.1598496056 1.7222897835 2.5891512642 3.3320546913
1.9840000000 0.3025619545 1.1605093651 1.7234734383 2.5893353539 3.3326809349
1.9850000000 0.3033787041 1.1611690941 1.7246607933 2.5895183372 3.3333073692
1.9860000000 0.3041951408 1.1618287926 1.7258518410 2.5897002068 3.3339339943
1.9870000000 0.3050112572 1.1624884529 1.7270465813 2.5898809471 3.3345608101
1.9880000000 0.3058270531 1.1631480827 1.7282450142 2.5900605583 3.3351878090
1.9890000000 0.3066425438 1.1638076820 1.7294471397 2.5902390251 3.3358150063
1.9900000000 0.3074577141 1.1644672508 1.7306529503 2.5904163475 3.3364423866
1.9910000000 0.3082725792 1.1651267815 1.7318624535 2.5905925102 3.3370699654
1.9920000000 0.3090871315 1.1657862892 1.7330756493 2.5907675133 3.3376977272
1.9930000000 0.3099013710 1.1664457588 1.7342925301 2.5909413414 3.3383256874
1.9940000000 0.3107152977 1.1671051903 1.7355130959 2.5911139870 3.3389538307
1.9950000000 0.3115289268 1.1677645988 1.7367373543 2.5912854424 3.3395821724
1.9960000000 0.3123422432 1.1684239693 1.7379652977 2.5914557075 3.3402107048
1.9970000000 0.3131552544 1.1690833092 1.7391969337 2.5916247673 3.3408394356
1.9980000000 0.3139679604 1.1697426109 1.7404322548 2.5917926064 3.3414683495
1.9990000000 0.3147803612 1.1704018898 1.7416712685 2.5919592247 3.3420974617
2.0000000000 0.3155924644 1.1710611305 1.7429139748 2.5921246223 3.3427267647
2.0010000000 0.3164042625 1.1717203331 1.7441603661 2.5922887688 3.3433562584
2.0020000000 0.3172157631 1.1723795052 1.7454104500 2.5924516716 3.3439859505
2.0030000000 0.3180269661 1.1730386467 1.7466642342 2.5926133156 3.3446158409
2.0040000000 0.3188378639 1.1736977501 1.7479217110 2.5927737007 3.3452459145
2.0050000000 0.3196484642 1.1743568230 1.7491828804 2.5929328041 3.3458761940
2.0060000000 0.3204587669 1.1750158653 1.7504477501 2.5930906258 3.3465066566
2.0070000000 0.3212687798 1.1756748695 1.7517163200 2.5932471504 3.3471373253
2.0080000000 0.3220784874 1.1763338432 1.7529885979 2.5934023781 3.3477681847
2.0090000000 0.3228879051 1.1769927788 1.7542645683 2.5935562935 3.3483992348
2.0100000000 0.3236970329 1.1776516838 1.7555442543 2.5937088814 3.3490304909
2.0110000000 0.3245058632 1.1783105583 1.7568276482 2.5938601418 3.3496619377
2.0120000000 0.3253144035 1.1789693871 1.7581147499 2.5940100670 3.3502935829
2.0130000000 0.3261226463 1.1796281929 1.7594055748 2.5941586418 3.3509254189
2.0140000000 0.3269305992 1.1802869606 1.7607001076 2.5943058510 3.3515574608
2.0150000000 0.3277382622 1.1809456902 1.7619983635 2.5944516945 3.3521896935
2.0160000000 0.3285456429 1.1816043892 1.7633003502 2.5945961571 3.3528221245
2.0170000000 0.3293527260 1.1822630501 1.7646060600 2.5947392311 3.3534547539
2.0180000000 0.3301595268 1.1829216805 1.7659155006 2.5948809013 3.3540875816
2.0190000000 0.3309660301 1.1835802727 1.7672286797 2.5950211678 3.3547206078
2.0200000000 0.3317722588 1.1842388344 1.7685455894 2.5951600151 3.3553538399
2.0210000000 0.3325781898 1.1848973579 1.7698662529 2.5952974281 3.3559872627
2.0220000000 0.3333838387 1.1855558510 1.7711906548 2.5954333992 3.3566208839
2.0230000000 0.3341892052 1.1862142982 1.7725188179 2.5955679207 3.3572547112
2.0240000000 0.3349942818 1.1868727226 1.7738507347 2.5957009773 3.3578887367
2.0250000000 0.3357990761 1.1875311012 1.7751864128 2.5958325615 3.3585229607
2.0260000000 0.3366035881 1.1881894493 1.7765258522 2.5959626579 3.3591573830
2.0270000000 0.3374078102 1.1888477592 1.7778690681 2.5960912666 3.3597920113
2.0280000000 0.3382117577 1.1895060387 1.7792160683 2.5962183647 3.3604268379
2.0290000000 0.3390154152 1.1901642799 1.7805668449 2.5963439445 3.3610618629
2.0300000000 0.3398187981 1.1908224831 1.7819214058 2.5964679909 3.3616970940
2.0310000000 0.3406218910 1.1914806557 1.7832797661 2.5965905037 3.3623325233
2.0320000000 0.3414247093 1.1921387825 1.7846419258 2.5967114601 3.3629681587
2.0330000000 0.3422272453 1.1927968788 1.7860078926 2.5968308525 3.3636040001
2.0340000000 0.3430294991 1.1934549446 1.7873776741 2.5969486732 3.3642400398
2.0350000000 0.3438314705 1.1941129646 1.7887512779 2.5970648994 3.3648762856
2.0360000000 0.3446331596 1.1947709541 1.7901287041 2.5971795311 3.3655127296
2.0370000000 0.3454345741 1.1954289055 1.7915099602 2.5972925453 3.3661493797
2.0380000000 0.3462357140 1.1960868187 1.7928950615 2.5974039345 3.3667862358
2.0390000000 0.3470365639 1.1967447014 1.7942840080 2.5975136909 3.3674232979
2.0400000000 0.3478371468 1.1974025383 1.7956768150 2.5976217995 3.3680605659
2.0410000000 0.3486374397 1.1980603447 1.7970734825 2.5977282372 3.3686980324
2.0420000000 0.3494374657 1.1987181129 1.7984740181 2.5978330040 3.3693357124
2.0430000000 0.3502372093 1.1993758430 1.7998784370 2.5979360847 3.3699735909
2.0440000000 0.3510366707 1.2000335350 1.8012867470 2.5980374641 3.3706116829
2.0450000000 0.3518358574 1.2006911888 1.8026989479 2.5981371269 3.3712499733
2.0460000000 0.3526347694 1.2013488121 1.8041150551 2.5982350578 3.3718884773
2.0470000000 0.3534333992 1.2020063896 1.8055350685 2.5983312492 3.3725271873
2.0480000000 0.3542317619 1.2026639366 1.8069590111 2.5984256859 3.3731661034
2.0490000000 0.3550298347 1.2033214455 1.8083868904 2.5985183525 3.3738052254
2.0500000000 0.3558276405 1.2039789085 1.8098187065 2.5986092339 3.3744445610
2.0510000000 0.3566251640 1.2046363411 1.8112544670 2.5986983223 3.3750841026
2.0520000000 0.3574224205 1.2052937355 1.8126941948 2.5987855949 3.3757238502
2.0530000000 0.3582193947 1.2059510918 1.8141378975 2.5988710442 3.3763638039
2.0540000000 0.3590160866 1.2066084023 1.8155855751 2.5989546547 3.3770039787
2.0550000000 0.3598125114 1.2072656822 1.8170372429 2.5990364037 3.3776443520
2.0560000000 0.3606086540 1.2079229240 1.8184929161 2.5991162834 3.3782849464
2.0570000000 0.3614045296 1.2085801277 1.8199526100 2.5991942787 3.3789257393
2.0580000000 0.3622001228 1.2092372856 1.8214163170 2.5992703667 3.3795667534
2.0590000000 0.3629954414 1.2098944130 1.8228840675 2.5993445473 3.3802079735
2.0600000000 0.3637904778 1.2105514946 1.8243558617 2.5994167900 3.3808494072
2.0610000000 0.3645852470 1.2112085457 1.8258317146 2.5994870872 3.3814910469
2.0620000000 0.3653797417 1.2118655510 1.8273116417 2.5995554161 3.3821329079
2.0630000000 0.3661739540 1.2125225258 1.8287956505 2.5996217690 3.3827749748
2.0640000000 0.3669678917 1.2131794548 1.8302837563 2.5996861229 3.3834172630
2.0650000000 0.3677615547 1.2138363457 1.8317759743 2.5997484627 3.3840597572
2.0660000000 0.3685549431 1.2144931984 1.8332723122 2.5998087730 3.3847024651
2.0670000000 0.3693480492 1.2151500053 1.8347727776 2.5998670387 3.3853453941
2.0680000000 0.3701408882 1.2158067818 1.8362774010 2.5999232368 3.3859885292
2.0690000000 0.3709334450 1.2164635124 1.8377861824 2.5999773598 3.3866318855
2.0700000000 0.3717257271 1.2171202049 1.8392991447 2.6000293770 3.3872754478
2.0710000000 0.3725177345 1.2177768593 1.8408162956 2.6000792809 3.3879192314
2.0720000000 0.3733094597 1.2184334755 1.8423376427 2.6001270485 3.3885632362
2.0730000000 0.3741009178 1.2190900459 1.8438632240 2.6001726646 3.3892074547
2.0740000000 0.3748920860 1.2197465858 1.8453930321 2.6002161064 3.3898518867
2.0750000000 0.3756829872 1.2204030800 1.8469270897 2.6002573662 3.3904965324
2.0760000000 0.3764736061 1.2210595284 1.8484654121 2.6002964058 3.3911413994
2.0770000000 0.3772639503 1.2217159462 1.8500080147 2.6003332253 3.3917864876
2.0780000000 0.3780540199 1.2223723183 1.8515549202 2.6003677940 3.3924317894
2.0790000000 0.3788438072 1.2230286522 1.8531061363 2.6004000969 3.3930773125
2.0800000000 0.3796333122 1.2236849403 1.8546616783 2.6004301186 3.3937230568
2.0810000000 0.3804225426 1.2243411903 1.8562215767 2.6004578285 3.3943690147
2.0820000000 0.3812114983 1.2249974022 1.8577858315 2.6004832115 3.3950151939
2.0830000000 0.3820001717 1.2256535683 1.8593544731 2.6005062447 3.3956615944
2.0840000000 0.3827885628 1.2263096962 1.8609275093 2.6005269127 3.3963082161
2.0850000000 0.3835766792 1.2269657860 1.8625049629 2.6005451927 3.3969550591
2.0860000000 0.3843645134 1.2276218300 1.8640868568 2.6005610542 3.3976021233
2.0870000000 0.3851520729 1.2282778358 1.8656732063 2.6005744896 3.3982494087
2.0880000000 0.3859393425 1.2289337959 1.8672640266 2.6005854759 3.3988969154
2.0890000000 0.3867263374 1.2295897179 1.8688593407 2.6005939751 3.3995446434
2.0900000000 0.3875130501 1.2302455940 1.8704591713 2.6005999870 3.4001926002
2.0910000000 0.3882994804 1.2309014320 1.8720635262 2.6006034660 3.4008407784
2.0920000000 0.3890856361 1.2315572319 1.8736724434 2.6006044044 3.4014891777
2.0930000000 0.3898715019 1.2322129860 1.8752859306 2.6006027794 3.4021377983
2.0940000000 0.3906570854 1.2328686943 1.8769040108 2.6005985603 3.4027866478
2.0950000000 0.3914423866 1.2335243645 1.8785267067 2.6005917244 3.4034357262
2.0960000000 0.3922274055 1.2341799889 1.8801540413 2.6005822487 3.4040850258
2.0970000000 0.3930121422 1.2348355751 1.8817860374 2.6005701103 3.4047345467
2.0980000000 0.3937965889 1.2354911156 1.8834227180 2.6005552788 3.4053842964
2.0990000000 0.3945807533 1.2361466179 1.8850641060 2.6005377312 3.4060342751
2.1000000000 0.3953646355 1.2368020744 1.8867102165 2.6005174446 3.4066844826
2.1010000000 0.3961482277 1.2374574852 1.8883610802 2.6004943962 3.4073349190
2.1020000000 0.3969315376 1.2381128578 1.8900167198 2.6004685478 3.4079855766
2.1030000000 0.3977145576 1.2387681847 1.8916771660 2.6004398842 3.4086364708
2.1040000000 0.3984972878 1.2394234734 1.8933424339 2.6004083672 3.4092875862
2.1050000000 0.3992797356 1.2400787163 1.8950125465 2.6003739815 3.4099389305
2.1060000000 0.4000618935 1.2407339134 1.8966875420 2.6003366966 3.4105905113
2.1070000000 0.4008437614 1.2413890724 1.8983674431 2.6002964745 3.4112423210
2.1080000000 0.4016253395 1.2420441780 1.9000522652 2.6002532921 3.4118943596
2.1090000000 0.4024066277 1.2426992455 1.9017420464 2.6002071266 3.4125466270
2.1100000000 0.4031876259 1.2433542747 1.9034368172 2.6001579399 3.4131991310
2.1110000000 0.4039683342 1.2440092506 1.9051365929 2.6001057091 3.4138518639
2.1120000000 0.4047487526 1.2446641884 1.9068414116 2.6000503960 3.4145048332
2.1130000000 0.4055288734 1.2453190804 1.9085512962 2.5999919701 3.4151580315
2.1140000000 0.4063087044 1.2459739342 1.9102662773 2.5999304085 3.4158114662
2.1150000000 0.4070882378 1.2466287346 1.9119863853 2.5998656731 3.4164651299
2.1160000000 0.4078674812 1.2472834969 1.9137116585 2.5997977333 3.4171190300
2.1170000000 0.4086464272 1.2479382133 1.9154421120 2.5997265587 3.4177731667
2.1180000000 0.4094250755 1.2485928841 1.9171777916 2.5996521111 3.4184275398
2.1190000000 0.4102034340 1.2492475090 1.9189187202 2.5995743599 3.4190821495
2.1200000000 0.4109814873 1.2499020882 1.9206649361 2.5994932671 3.4197369881
2.1210000000 0.4117592430 1.2505566292 1.9224164696 2.5994088020 3.4203920708
2.1220000000 0.4125367088 1.2512111168 1.9241733513 2.5993209267 3.4210473900
2.1230000000 0.4133138695 1.2518655663 1.9259356194 2.5992296028 3.4217029457
2.1240000000 0.4140907249 1.2525199623 1.9277033119 2.5991348076 3.4223587379
2.1250000000 0.4148672829 1.2531743202 1.9294764519 2.5990364876 3.4230147743
2.1260000000 0.4156435432 1.2538286324 1.9312550926 2.5989346123 3.4236710472
2.1270000000 0.4164194984 1.2544828987 1.9330392570 2.5988291359 3.4243275566
2.1280000000 0.4171951485 1.2551371193 1.9348289909 2.5987200356 3.4249843101
2.1290000000 0.4179704933 1.2557912941 1.9366243248 2.5986072578 3.4256413002
2.1300000000 0.4187455406 1.2564454155 1.9384253044 2.5984907646 3.4262985420
2.1310000000 0.4195202751 1.2570994987 1.9402319603 2.5983705177 3.4269560127
2.1320000000 0.4202947044 1.2577535362 1.9420443382 2.5982464790 3.4276137352
2.1330000000 0.4210688286 1.2584075279 1.9438624840 2.5981186028 3.4282716942
2.1340000000 0.4218426399 1.2590614662 1.9456864357 2.5979868431 3.4289299049
2.1350000000 0.4226161461 1.2597153664 1.9475162239 2.5978511620 3.4295883522
2.1360000000 0.4233893394 1.2603692207 1.9493519096 2.5977115059 3.4302470436
2.1370000000 0.4241622200 1.2610230217 1.9511935234 2.5975678368 3.4309059868
2.1380000000 0.4249347878 1.2616767769 1.9530411186 2.5974201088 3.4315651741
2.1390000000 0.4257070427 1.2623304939 1.9548947411 2.5972682762 3.4322246056
2.1400000000 0.4264789848 1.2629841576 1.9567544289 2.5971122856 3.4328842812
2.1410000000 0.4272506142 1.2636377754 1.9586202278 2.5969520912 3.4335442085
2.1420000000 0.4280219231 1.2642913399 1.9604921989 2.5967876472 3.4342043800
2.1430000000 0.4287929115 1.2649448662 1.9623703804 2.5966189003 3.4348648033
2.1440000000 0.4295635872 1.2655983391 1.9642548256 2.5964457970 3.4355254707
2.1450000000 0.4303339424 1.2662517662 1.9661455879 2.5962682915 3.4361863899
2.1460000000 0.4311039772 1.2669051476 1.9680427208 2.5960863228 3.4368475609
2.1470000000 0.4318736916 1.2675584831 1.9699462700 2.5958998451 3.4375089836
2.1480000000 0.4326430779 1.2682117653 1.9718562889 2.5957087975 3.4381706581
2.1490000000 0.4334121513 1.2688650017 1.9737728386 2.5955131264 3.4388325844
2.1500000000 0.4341808891 1.2695181923 1.9756959724 2.5953127708 3.4394947624
2.1510000000 0.4349493065 1.2701713371 1.9776257515 2.5951076775 3.4401571922
2.1520000000 0.4357173958 1.2708244286 1.9795622292 2.5948977852 3.4408198738
2.1530000000 0.4364851570 1.2714774742 1.9815054588 2.5946830330 3.4414828148
2.1540000000 0.4372525826 1.2721304665 1.9834555168 2.5944633675 3.4421460075
2.1550000000 0.4380196877 1.2727834129 1.9854124565 2.5942387047 3.4428094521
2.1560000000 0.4387864494 1.2734363136 1.9873763390 2.5940090065 3.4434731560
2.1570000000 0.4395528831 1.2740891685 1.9893472328 2.5937741890 3.4441371193
2.1580000000 0.4403189888 1.2747419701 1.9913252068 2.5935341911 3.4448013420
2.1590000000 0.4410847511 1.2753947182 1.9933103142 2.5932889442 3.4454658165
2.1600000000 0.4418501778 1.2760474281 1.9953026390 2.5930383797 3.4461305504
2.1610000000 0.4426152687 1.2767000771 1.9973022499 2.5927824287 3.4467955513
2.1620000000 0.4433800163 1.2773526878 1.9993092079 2.5925210152 3.4474608040
2.1630000000 0.4441444206 1.2780052452 2.0013235893 2.5922540627 3.4481263237
2.1640000000 0.4449084892 1.2786577492 2.0033454781 2.5919815025 3.4487920952
2.1650000000 0.4456722145 1.2793102074 2.0053749504 2.5917032509 3.4494581337
2.1660000000 0.4464355888 1.2799626122 2.0074120674 2.5914192390 3.4501244392
2.1670000000 0.4471986198 1.2806149712 2.0094569283 2.5911293755 3.4507910042
2.1680000000 0.4479612999 1.2812672768 2.0115096016 2.5908335838 3.4514578285
2.1690000000 0.4487236366 1.2819195366 2.0135701790 2.5905317802 3.4521249275
2.1700000000 0.4494856148 1.2825717430 2.0156387444 2.5902238731 3.4527922859
2.1710000000 0.4502472420 1.2832239037 2.0177153816 2.5899097786 3.4534599113
2.1720000000 0.4510085182 1.2838760109 2.0198001747 2.5895894051 3.4541278038
2.1730000000 0.4517694435 1.2845280724 2.0218932304 2.5892626610 3.4547959633
2.1740000000 0.4525300026 1.2851800728 2.0239946327 2.5889294548 3.4554643898
2.1750000000 0.4532902107 1.2858320274 2.0261044807 2.5885896797 3.4561330833
2.1760000000 0.4540500526 1.2864839363 2.0282228737 2.5882432518 3.4568020515
2.1770000000 0.4548095360 1.2871357918 2.0303499107 2.5878900642 3.4574712868
2.1780000000 0.4555686607 1.2877875938 2.0324856911 2.5875300102 3.4581407967
2.1790000000 0.4563274117 1.2884393501 2.0346303215 2.5871629906 3.4588105736
2.1800000000 0.4570857964 1.2890910454 2.0367839088 2.5867888832 3.4594806252
2.1810000000 0.4578438225 1.2897426949 2.0389465752 2.5864075890 3.4601509514
2.1820000000 0.4586014671 1.2903942986 2.0411184196 2.5860189934 3.4608215523
2.1830000000 0.4593587456 1.2910458412 2.0432995720 2.5856229744 3.4614924202
2.1840000000 0.4601156502 1.2916973381 2.0454901390 2.5852194099 3.4621635704
2.1850000000 0.4608721809 1.2923487816 2.0476902504 2.5848081856 3.4628349953
2.1860000000 0.4616283379 1.2930001717 2.0499000359 2.5843891640 3.4635067024
2.1870000000 0.4623841057 1.2936515160 2.0521196251 2.5839622231 3.4641786842
2.1880000000 0.4631394997 1.2943027992 2.0543491402 2.5835272255 3.4648509407
2.1890000000 0.4638945122 1.2949540367 2.0565887260 2.5830840416 3.4655234795
2.1900000000 0.4646491356 1.2956052208 2.0588385200 2.5826325188 3.4661963005
2.1910000000 0.4654033775 1.2962563515 2.0610986748 2.5821725197 3.4668694038
2.1920000000 0.4661572227 1.2969074287 2.0633693275 2.5817038994 3.4675427895
2.1930000000 0.4669106865 1.2975584602 2.0656506310 2.5812264900 3.4682164574
2.1940000000 0.4676637535 1.2982094307 2.0679427528 2.5807401543 3.4688903999
2.1950000000 0.4684164314 1.2988603554 2.0702458534 2.5802447166 3.4695646400
2.1960000000 0.4691687050 1.2995112190 2.0725600853 2.5797400169 3.4702391548
2.1970000000 0.4699205894 1.3001620369 2.0748856316 2.5792258720 3.4709139671
2.1980000000 0.4706720619 1.3008128014 2.0772226677 2.5787021217 3.4715890617
2.1990000000 0.4714231377 1.3014635048 2.0795713692 2.5781685753 3.4722644386
2.2000000000 0.4721738091 1.3021141624 2.0819319344 2.5776250496 3.4729401131
2.2010000000 0.4729240761 1.3027647667 2.0843045540 2.5770713463 3.4736160698
2.2020000000 0.4736739311 1.3034153099 2.0866894188 2.5765072594 3.4742923241
2.2030000000 0.4744233742 1.3040658073 2.0890867424 2.5759325981 3.4749688683
2.2040000000 0.4751724052 1.3047162514 2.0914967308 2.5753471336 3.4756457024
2.2050000000 0.4759210167 1.3053666344 2.0939196129 2.5747506599 3.4763228340
2.2060000000 0.4766692162 1.3060169716 2.0963556099 2.5741429482 3.4770002556
2.2070000000 0.4774169884 1.3066672478 2.0988049660 2.5735237541 3.4776779747
2.2080000000 0.4781643410 1.3073174782 2.1012679100 2.5728928413 3.4783559914
2.2090000000 0.4789112663 1.3079676476 2.1037446938 2.5722499504 3.4790343056
2.2100000000 0.4796577644 1.3086177635 2.1062355919 2.5715948372 3.4797129173
2.2110000000 0.4804038353 1.3092678261 2.1087408638 2.5709272194 3.4803918266
2.2120000000 0.4811494637 1.3099178352 2.1112607918 2.5702468224 3.4810710411
2.2130000000 0.4818946648 1.3105677834 2.1137956657 2.5695533485 3.4817505531
2.2140000000 0.4826394234 1.3112176857 2.1163457832 2.5688465080 3.4824303703
2.2150000000 0.4833837471 1.3118675270 2.1189114571 2.5681259880 3.4831104851
2.2160000000 0.4841276207 1.3125173149 2.1214930153 2.5673914604 3.4837909126
2.2170000000 0.4848710518 1.3131670494 2.1240907860 2.5666425896 3.4844716377
2.2180000000 0.4856140327 1.3138167305 2.1267051277 2.5658790245 3.4851526756
2.2190000000 0.4863565636 1.3144663506 2.1293364067 2.5651003990 3.4858340187
2.2200000000 0.4870986366 1.3151159172 2.1319849892 2.5643063393 3.4865156746
2.2210000000 0.4878402519 1.3157654305 2.1346512871 2.5634964485 3.4871976357
2.2220000000 0.4885814095 1.3164148903 2.1373356972 2.5626703072 3.4878799095
2.2230000000 0.4893221016 1.3170642891 2.1400386620 2.5618274956 3.4885624962
2.2240000000 0.4900623283 1.3177136345 2.1427606239 2.5609675636 3.4892453957
2.2250000000 0.4908020821 1.3183629189 2.1455020561 2.5600900383 3.4899286156
2.2260000000 0.4915413704 1.3190121574 2.1482634392 2.5591944313 3.4906121407
2.2270000000 0.4922801781 1.3196613350 2.1510452995 2.5582802315 3.4912959862
2.2280000000 0.4930185051 1.3203104515 2.1538481712 2.5573468971 3.4919801521
2.2290000000 0.4937563515 1.3209595146 2.1566726189 2.5563938637 3.4926646385
2.2300000000 0.4944937172 1.3216085243 2.1595192299 2.5554205437 3.4933494453
2.2310000000 0.4952305870 1.3222574806 2.1623886223 2.5544263115 3.4940345726
2.2320000000 0.4959669685 1.3229063759 2.1652814598 2.5534105110 3.4947200203
2.2330000000 0.4967028542 1.3235552101 2.1681984291 2.5523724709 3.4954057961
2.2340000000 0.4974382439 1.3242039909 2.1711402550 2.5513114433 3.4960918999
2.2350000000 0.4981731224 1.3248527184 2.1741076927 2.5502266808 3.4967783241
2.2360000000 0.4989074974 1.3255013847 2.1771015663 2.5491173668 3.4974650764
2.2370000000 0.4996413689 1.3261499977 2.1801227150 2.5479826546 3.4981521645
2.2380000000 0.5003747215 1.3267985497 2.1831720543 2.5468216286 3.4988395805
2.2390000000 0.5011075554 1.3274470482 2.1862505379 2.5456333427 3.4995273247
2.2400000000 0.5018398628 1.3280954857 2.1893591881 2.5444167747 3.5002154121
2.2410000000 0.5025716515 1.3287438622 2.1924990807 2.5431708336 3.5009038277
2.2420000000 0.5033029137 1.3293921852 2.1956713753 2.5418943825 3.5015925789
2.2430000000 0.5040336342 1.3300404549 2.1988773079 2.5405861778 3.5022816734
2.2440000000 0.5047638206 1.3306886635 2.2021181755 2.5392449074 3.5029711037
2.2450000000 0.5054934654 1.3313368111 2.2053954048 2.5378691673 3.5036608772
2.2460000000 0.5062225685 1.3319849052 2.2087104912 2.5364574471 3.5043509941
2.2470000000 0.5069511147 1.3326329384 2.2120650673 2.5350081215 3.5050414467
2.2480000000 0.5076791039 1.3332809181 2.2154608803 2.5335194435 3.5057322578
2.2490000000 0.5084065361 1.3339288368 2.2188998070 2.5319895287 3.5064234047
2.2500000000 0.5091334038 1.3345766945 2.2223839073 2.5304163322 3.5071149025
2.2510000000 0.5098597069 1.3352244911 2.2259153938 2.5287976418 3.5078067589
2.2520000000 0.5105854301 1.3358722343 2.2294966698 2.5271310387 3.5084989586
2.2530000000 0.5113105736 1.3365199242 2.2331303825 2.5254138908 3.5091915169
2.2540000000 0.5120351372 1.3371675453 2.2368194008 2.5236433144 3.5098844261
2.2550000000 0.5127591133 1.3378151131 2.2405669060 2.5218161430 3.5105776939
2.2560000000 0.5134824867 1.3384626198 2.2443763924 2.5199288902 3.5112713203
2.2570000000 0.5142052727 1.3391100655 2.2482517204 2.5179776726 3.5119653053
2.2580000000 0.5149274406 1.3397574577 2.2521971931 2.5159581947 3.5126596565
2.2590000000 0.5156490059 1.3404047890 2.2562176323 2.5138656502 3.5133543739
2.2600000000 0.5163699532 1.3410520592 2.2603184319 2.5116946297 3.5140494499
2.2610000000 0.5170902824 1.3416992683 2.2645056877 2.5094390450 3.5147448997
2.2620000000 0.5178099785 1.3423464241 2.2687863579 2.5070919380 3.5154407158
2.2630000000 0.5185290489 1.3429935188 2.2731683693 2.5046453819 3.5161369057
2.2640000000 0.5192474709 1.3436405525 2.2776608925 2.5020901985 3.5168334694
2.2650000000 0.5199652519 1.3442875252 2.2822746086 2.4994157295 3.5175304070
2.2660000000 0.5206823769 1.3449344368 2.2870220528 2.4966094170 3.5182277260
2.2670000000 0.5213988380 1.3455812874 2.2919181480 2.4936563454 3.5189254189
2.2680000000 0.5221146431 1.3462280846 2.2969808693 2.4905385475 3.5196234932
2.2690000000 0.5228297691 1.3468748207 2.3022321892 2.4872340508 3.5203219566
2.2700000000 0.5235442162 1.3475214958 2.3076994743 2.4837154808 3.5210208015
2.2710000000 0.5242579765 1.3481681023 2.3134175224 2.4799480400 3.5217200356
2.2720000000 0.5249710350 1.3488146629 2.3194317741 2.4758863029 3.5224196663
2.2730000000 0.5256833992 1.3494611549 2.3258034706 2.4714690132 3.5231196861
2.2740000000 0.5263950539 1.3501075859 2.3326186714 2.4666101189 3.5238200951
2.2750000000 0.5271059837 1.3507539558 2.3400051689 2.4611818275 3.5245209084
2.2760000000 0.5278161888 1.3514002647 2.3481678505 2.4549792595 3.5252221184
2.2770000000 0.5285256615 1.3520465202 2.3574757729 2.4476333427 3.5259237328
2.2780000000 0.5292343864 1.3526927071 2.3687410088 2.4383320198 3.5266257515
2.2790000000 0.5299423637 1.3533388405 2.3848201714 2.4242186623 3.5273281822
