0.0841000000 2.1017520752 2.4836950244
0.0851000000 2.1017938135 2.4837645654
0.0861000000 2.1018360400 2.4838349170
0.0871000000 2.1018787451 2.4839060791
0.0881000000 2.1019219385 2.4839780518
0.0891000000 2.1019656104 2.4840508350
0.0901000000 2.1020097705 2.4841244287
0.0911000000 2.1020544189 2.4841988330
0.0921000000 2.1020995459 2.4842740479
0.0931000000 2.1021451611 2.4843500635
0.0941000000 2.1021912451 2.4844268994
0.0951000000 2.1022378271 2.4845045361
0.0961000000 2.1022848779 2.4845829736
0.0971000000 2.1023324170 2.4846622314
0.0981000000 2.1023804443 2.4847422900
0.0991000000 2.1024289404 2.4848231494
0.1001000000 2.1024779248 2.4849048193
0.1011000000 2.1025273877 2.4849872900
0.1021000000 2.1025773291 2.4850705713
0.1031000000 2.1026277588 2.4851546533
0.1041000000 2.1026786572 2.4852395459
0.1051000000 2.1027300342 2.4853252393
0.1061000000 2.1027818994 2.4854117334
0.1071000000 2.1028342334 2.4854990283
0.1081000000 2.1028870557 2.4855871240
0.1091000000 2.1029403467 2.4856760303
0.1101000000 2.1029941162 2.4857657275
0.1111000000 2.1030483643 2.4858562354
0.1121000000 2.1031030908 2.4859475342
0.1131000000 2.1031582959 2.4860396338
0.1141000000 2.1032139697 2.4861325342
0.1151000000 2.1032701221 2.4862262354
0.1161000000 2.1033267529 2.4863207373
0.1171000000 2.1033838525 2.4864160400
0.1181000000 2.1034414307 2.4865121338
0.1191000000 2.1034994873 2.4866090186
0.1201000000 2.1035580127 2.4867067139
0.1211000000 2.1036170068 2.4868051904
0.1221000000 2.1036764795 2.4869044678
0.1231000000 2.1037364209 2.4870045459
0.1241000000 2.1037968408 2.4871054150
0.1251000000 2.1038577295 2.4872070752
0.1261000000 2.1039190869 2.4873095361
0.1271000000 2.1039809131 2.4874127783
0.1281000000 2.1040432178 2.4875168213
0.1291000000 2.1041059814 2.4876216553
0.1301000000 2.1041692236 2.4877272705
0.1311000000 2.1042329346 2.4878336865
0.1321000000 2.1042971143 2.4879408936
0.1331000000 2.1043617627 2.4880488818
0.1341000000 2.1044268701 2.4881576709
0.1351000000 2.1044924561 2.4882672412
0.1361000000 2.1045585107 2.4883775928
0.1371000000 2.1046250244 2.4884887451
0.1381000000 2.1046920068 2.4886006689
0.1391000000 2.1047594580 2.4887133936
0.1401000000 2.1048273682 2.4888268897
0.1411000000 2.1048957471 2.4889411865
0.1421000000 2.1049645947 2.4890562549
0.1431000000 2.1050339014 2.4891721143
0.1441000000 2.1051036670 2.4892887549
0.1451000000 2.1051739014 2.4894061768
0.1461000000 2.1052446045 2.4895243799
0.1471000000 2.1053157666 2.4896433643
0.1481000000 2.1053873877 2.4897631299
0.1491000000 2.1054594678 2.4898836768
0.1501000000 2.1055320166 2.4900050049
0.1511000000 2.1056050146 2.4901271143
0.1521000000 2.1056784814 2.4902499951
0.1531000000 2.1057524072 2.4903736572
0.1541000000 2.1058267920 2.4904981006
0.1551000000 2.1059016357 2.4906233154
0.1561000000 2.1059769385 2.4907493018
0.1571000000 2.1060526904 2.4908760693
0.1581000000 2.1061289111 2.4910036084
0.1591000000 2.1062055811 2.4911319287
0.1601000000 2.1062827100 2.4912610205
0.1611000000 2.1063602979 2.4913908740
0.1621000000 2.1064383447 2.4915215088
0.1631000000 2.1065168311 2.4916529150
0.1641000000 2.1065957861 2.4917850928
0.1651000000 2.1066751904 2.4919180322
0.1661000000 2.1067550439 2.4920517529
0.1671000000 2.1068353564 2.4921862354
0.1681000000 2.1069161182 2.4923214795
0.1691000000 2.1069973389 2.4924575049
0.1701000000 2.1070789990 2.4925942920
0.1711000000 2.1071611182 2.4927318408
0.1721000000 2.1072436865 2.4928701611
0.1731000000 2.1073267041 2.4930092334
0.1741000000 2.1074101709 2.4931490869
0.1751000000 2.1074940869 2.4932896924
0.1761000000 2.1075784521 2.4934310596
0.1771000000 2.1076632666 2.4935731982
0.1781000000 2.1077485205 2.4937160889
0.1791000000 2.1078342334 2.4938597412
0.1801000000 2.1079203857 2.4940041650
0.1811000000 2.1080069873 2.4941493311
0.1821000000 2.1080940283 2.4942952686
0.1831000000 2.1081815186 2.4944419580
0.1841000000 2.1082694482 2.4945893994
0.1851000000 2.1083578271 2.4947376025
0.1861000000 2.1084466553 2.4948865674
0.1871000000 2.1085359131 2.4950362744
0.1881000000 2.1086256201 2.4951867432
0.1891000000 2.1087157666 2.4953379639
0.1901000000 2.1088063525 2.4954899365
0.1911000000 2.1088973877 2.4956426611
0.1921000000 2.1089888525 2.4957961377
0.1931000000 2.1090807666 2.4959503662
0.1941000000 2.1091731104 2.4961053467
0.1951000000 2.1092659033 2.4962610693
0.1961000000 2.1093591260 2.4964175439
0.1971000000 2.1094527881 2.4965747607
0.1981000000 2.1095468799 2.4967327295
0.1991000000 2.1096414209 2.4968914404
0.2001000000 2.1097363916 2.4970509033
0.2011000000 2.1098317920 2.4972111084
0.2021000000 2.1099276318 2.4973720459
0.2031000000 2.1100239111 2.4975337354
0.2041000000 2.1101206201 2.4976961670
0.2051000000 2.1102177588 2.4978593408
0.2061000000 2.1103153271 2.4980232568
0.2071000000 2.1104133350 2.4981879053
0.2081000000 2.1105117725 2.4983532959
0.2091000000 2.1106106396 2.4985194287
0.2101000000 2.1107099365 2.4986862939
0.2111000000 2.1108096631 2.4988539014
0.2121000000 2.1109098193 2.4990222412
0.2131000000 2.1110104053 2.4991913135
0.2141000000 2.1111114209 2.4993611182
0.2151000000 2.1112128564 2.4995316650
0.2161000000 2.1113147217 2.4997029346
0.2171000000 2.1114170166 2.4998749463
0.2181000000 2.1115197412 2.5000476807
0.2191000000 2.1116228760 2.5002211475
0.2201000000 2.1117264502 2.5003953467
0.2211000000 2.1118304443 2.5005702686
0.2221000000 2.1119348584 2.5007459229
0.2231000000 2.1120396924 2.5009222998
0.2241000000 2.1121449561 2.5010994092
0.2251000000 2.1122506396 2.5012772412
0.2261000000 2.1123567432 2.5014557959
0.2271000000 2.1124632666 2.5016350732
0.2281000000 2.1125702100 2.5018150732
0.2291000000 2.1126775635 2.5019957959
0.2301000000 2.1127853467 2.5021772412
0.2311000000 2.1128935498 2.5023594092
0.2321000000 2.1130021631 2.5025422900
0.2331000000 2.1131111963 2.5027258936
0.2341000000 2.1132206494 2.5029102197
0.2351000000 2.1133305127 2.5030952588
0.2361000000 2.1134407959 2.5032810107
0.2371000000 2.1135514893 2.5034674854
0.2381000000 2.1136626025 2.5036546631
0.2391000000 2.1137741260 2.5038425635
0.2401000000 2.1138860596 2.5040311768
0.2411000000 2.1139984033 2.5042204932
0.2421000000 2.1141111670 2.5044105322
0.2431000000 2.1142243408 2.5046012744
0.2441000000 2.1143379150 2.5047927197
0.2451000000 2.1144519092 2.5049848877
0.2461000000 2.1145663037 2.5051777490
0.2471000000 2.1146811182 2.5053713232
0.2481000000 2.1147963330 2.5055656104
0.2491000000 2.1149119580 2.5057605908
0.2501000000 2.1150279834 2.5059562842
0.2511000000 2.1151444189 2.5061526807
0.2521000000 2.1152612646 2.5063497705
0.2531000000 2.1153785107 2.5065475635
0.2541000000 2.1154961670 2.5067460596
0.2551000000 2.1156142236 2.5069452588
0.2561000000 2.1157326807 2.5071451611
0.2571000000 2.1158515381 2.5073457471
0.2581000000 2.1159708057 2.5075470361
0.2591000000 2.1160904639 2.5077490283
0.2601000000 2.1162105322 2.5079517041
0.2611000000 2.1163310010 2.5081550830
0.2621000000 2.1164518604 2.5083591553
0.2631000000 2.1165731299 2.5085639111
0.2641000000 2.1166947900 2.5087693701
0.2651000000 2.1168168506 2.5089755127
0.2661000000 2.1169393018 2.5091823486
0.2671000000 2.1170621533 2.5093898682
0.2681000000 2.1171854053 2.5095980811
0.2691000000 2.1173090479 2.5098069775
0.2701000000 2.1174330908 2.5100165674
0.2711000000 2.1175575244 2.5102268311
0.2721000000 2.1176823486 2.5104377881
0.2731000000 2.1178075732 2.5106494287
0.2741000000 2.1179331787 2.5108617432
0.2751000000 2.1180591846 2.5110747412
0.2761000000 2.1181855811 2.5112884326
0.2771000000 2.1183123584 2.5115027881
0.2781000000 2.1184395361 2.5117178272
0.2791000000 2.1185670947 2.5119335498
0.2801000000 2.1186950537 2.5121499463
0.2811000000 2.1188233936 2.5123670166
0.2821000000 2.1189521143 2.5125847705
0.2831000000 2.1190812256 2.5128031885
0.2841000000 2.1192107275 2.5130222803
0.2851000000 2.1193406104 2.5132420459
0.2861000000 2.1194708838 2.5134624854
0.2871000000 2.1196015381 2.5136835986
0.2881000000 2.1197325732 2.5139053760
0.2891000000 2.1198639893 2.5141278272
0.2901000000 2.1199957959 2.5143509424
0.2911000000 2.1201279834 2.5145747217
0.2921000000 2.1202605420 2.5147991748
0.2931000000 2.1203934912 2.5150242822
0.2941000000 2.1205268213 2.5152500635
0.2951000000 2.1206605225 2.5154765088
0.2961000000 2.1207946045 2.5157036084
0.2971000000 2.1209290674 2.5159313721
0.2981000000 2.1210639014 2.5161597900
0.2991000000 2.1211991162 2.5163888818
