0.0001000000 0.9999999951
0.0011000000 0.9999995361
0.0021000000 0.9999982959
0.0031000000 0.9999962939
0.0041000000 0.9999935107
0.0051000000 0.9999899658
0.0061000000 0.9999856396
0.0071000000 0.9999805420
0.0081000000 0.9999746826
0.0091000000 0.9999680420
0.0101000000 0.9999606299
0.0111000000 0.9999524463
0.0121000000 0.9999435010
0.0131000000 0.9999337744
0.0141000000 0.9999232764
0.0151000000 0.9999120068
0.0161000000 0.9998999658
0.0171000000 0.9998871533
0.0181000000 0.9998735791
0.0191000000 0.9998592236
0.0201000000 0.9998440967
0.0211000000 0.9998281982
0.0221000000 0.9998115381
0.0231000000 0.9997940967
0.0241000000 0.9997758936
0.0251000000 0.9997569092
0.0261000000 0.9997371631
0.0271000000 0.9997166455
0.0281000000 0.9996953467
0.0291000000 0.9996732861
0.0301000000 0.9996504541
0.0311000000 0.9996268506
0.0321000000 0.9996024854
0.0331000000 0.9995773389
0.0341000000 0.9995514307
0.0351000000 0.9995247510
0.0361000000 0.9994972998
0.0371000000 0.9994690771
0.0381000000 0.9994400928
0.0391000000 0.9994103271
0.0401000000 0.9993797998
0.0411000000 0.9993485107
0.0421000000 0.9993164404
0.0431000000 0.9992836084
0.0441000000 0.9992500049
0.0451000000 0.9992156396
0.0461000000 0.9991805029
0.0471000000 0.9991445947
0.0481000000 0.9991079248
0.0491000000 0.9990704834
0.0501000000 0.9990322705
0.0511000000 0.9989932959
0.0521000000 0.9989535596
0.0531000000 0.9989130518
0.0541000000 0.9988717725
0.0551000000 0.9988297314
0.0561000000 0.9987869287
0.0571000000 0.9987433545
0.0581000000 0.9986990186
0.0591000000 0.9986539111
0.0601000000 0.9986080420
0.0611000000 0.9985614111
0.0621000000 0.9985140088
0.0631000000 0.9984658447
0.0641000000 0.9984169189
0.0651000000 0.9983672217
0.0661000000 0.9983167725
0.0671000000 0.9982655518
0.0681000000 0.9982135693
0.0691000000 0.9981608252
0.0701000000 0.9981073193
0.0711000000 0.9980530420
0.0721000000 0.9979980127
0.0731000000 0.9979422217
0.0741000000 0.9978856592
0.0751000000 0.9978283447
0.0761000000 0.9977702686
0.0771000000 0.9977114307
0.0781000000 0.9976518311
0.0791000000 0.9975914697
0.0801000000 0.9975303467
0.0811000000 0.9974684717
0.0821000000 0.9974058252
0.0831000000 0.9973424268
0.0841000000 0.9972782764
0.0851000000 0.9972133643
0.0861000000 0.9971476904
0.0871000000 0.9970812549
0.0881000000 0.9970140674
0.0891000000 0.9969461182
0.0901000000 0.9968774170
0.0911000000 0.9968079639
0.0921000000 0.9967377490
0.0931000000 0.9966667822
0.0941000000 0.9965950537
0.0951000000 0.9965225732
0.0961000000 0.9964493408
0.0971000000 0.9963753467
0.0981000000 0.9963006006
0.0991000000 0.9962251025
0.1001000000 0.9961488525
0.1011000000 0.9960718506
0.1021000000 0.9959940967
0.1031000000 0.9959155908
0.1041000000 0.9958363330
0.1051000000 0.9957563232
0.1061000000 0.9956755615
0.1071000000 0.9955940479
0.1081000000 0.9955117822
0.1091000000 0.9954287744
0.1101000000 0.9953450049
0.1111000000 0.9952605029
0.1121000000 0.9951752393
0.1131000000 0.9950892334
0.1141000000 0.9950024756
0.1151000000 0.9949149756
0.1161000000 0.9948267236
0.1171000000 0.9947377295
0.1181000000 0.9946479932
0.1191000000 0.9945575049
0.1201000000 0.9944662744
0.1211000000 0.9943742920
0.1221000000 0.9942815771
0.1231000000 0.9941881104
0.1241000000 0.9940939014
0.1251000000 0.9939989502
0.1261000000 0.9939032568
0.1271000000 0.9938068213
0.1281000000 0.9937096436
0.1291000000 0.9936117236
0.1301000000 0.9935130713
0.1311000000 0.9934136670
0.1321000000 0.9933135303
0.1331000000 0.9932126514
0.1341000000 0.9931110400
0.1351000000 0.9930086865
0.1361000000 0.9929055908
0.1371000000 0.9928017627
0.1381000000 0.9926972021
0.1391000000 0.9925918994
0.1401000000 0.9924858545
0.1411000000 0.9923790869
0.1421000000 0.9922715771
0.1431000000 0.9921633350
0.1441000000 0.9920543604
0.1451000000 0.9919446533
0.1461000000 0.9918342139
0.1471000000 0.9917230322
0.1481000000 0.9916111279
0.1491000000 0.9914984912
0.1501000000 0.9913851318
0.1511000000 0.9912710303
0.1521000000 0.9911562061
0.1531000000 0.9910406494
0.1541000000 0.9909243701
0.1551000000 0.9908073584
0.1561000000 0.9906896143
0.1571000000 0.9905711475
0.1581000000 0.9904519580
0.1591000000 0.9903320459
0.1601000000 0.9902114014
0.1611000000 0.9900900342
0.1621000000 0.9899679443
0.1631000000 0.9898451318
0.1641000000 0.9897215967
0.1651000000 0.9895973291
0.1661000000 0.9894723486
0.1671000000 0.9893466553
0.1681000000 0.9892202295
0.1691000000 0.9890930908
0.1701000000 0.9889652295
0.1711000000 0.9888366455
0.1721000000 0.9887073486
0.1731000000 0.9885773291
0.1741000000 0.9884465967
0.1751000000 0.9883151514
0.1761000000 0.9881829834
0.1771000000 0.9880501025
0.1781000000 0.9879165088
0.1791000000 0.9877822021
0.1801000000 0.9876471826
0.1811000000 0.9875114502
0.1821000000 0.9873750049
0.1831000000 0.9872378467
0.1841000000 0.9870999756
0.1851000000 0.9869614014
0.1861000000 0.9868221143
0.1871000000 0.9866821143
0.1881000000 0.9865414111
0.1891000000 0.9863999951
0.1901000000 0.9862578760
0.1911000000 0.9861150537
0.1921000000 0.9859715186
0.1931000000 0.9858272900
0.1941000000 0.9856823486
0.1951000000 0.9855367041
0.1961000000 0.9853903564
0.1971000000 0.9852433057
0.1981000000 0.9850955518
0.1991000000 0.9849471045
0.2001000000 0.9847979541
0.2011000000 0.9846481006
0.2021000000 0.9844975439
0.2031000000 0.9843462939
0.2041000000 0.9841943506
0.2051000000 0.9840417041
0.2061000000 0.9838883643
0.2071000000 0.9837343311
0.2081000000 0.9835795947
0.2091000000 0.9834241650
0.2101000000 0.9832680518
0.2111000000 0.9831112354
0.2121000000 0.9829537354
0.2131000000 0.9827955420
0.2141000000 0.9826366553
0.2151000000 0.9824770752
0.2161000000 0.9823168115
0.2171000000 0.9821558545
0.2181000000 0.9819942139
0.2191000000 0.9818318799
0.2201000000 0.9816688721
0.2211000000 0.9815051611
0.2221000000 0.9813407764
0.2231000000 0.9811757080
0.2241000000 0.9810099561
0.2251000000 0.9808435107
0.2261000000 0.9806763916
0.2271000000 0.9805085889
0.2281000000 0.9803401123
0.2291000000 0.9801709521
0.2301000000 0.9800011084
0.2311000000 0.9798305811
0.2321000000 0.9796593896
0.2331000000 0.9794875146
0.2341000000 0.9793149658
0.2351000000 0.9791417334
0.2361000000 0.9789678369
0.2371000000 0.9787932568
0.2381000000 0.9786180127
0.2391000000 0.9784420850
0.2401000000 0.9782654932
0.2411000000 0.9780882275
0.2421000000 0.9779102979
0.2431000000 0.9777316943
0.2441000000 0.9775524170
0.2451000000 0.9773724756
0.2461000000 0.9771918701
0.2471000000 0.9770105908
0.2481000000 0.9768286572
0.2491000000 0.9766460498
0.2501000000 0.9764627783
0.2511000000 0.9762788428
0.2521000000 0.9760942529
0.2531000000 0.9759089990
0.2541000000 0.9757230811
0.2551000000 0.9755364990
0.2561000000 0.9753492627
0.2571000000 0.9751613623
0.2581000000 0.9749728076
0.2591000000 0.9747835986
0.2601000000 0.9745937354
0.2611000000 0.9744032080
0.2621000000 0.9742120264
0.2631000000 0.9740202002
0.2641000000 0.9738277100
0.2651000000 0.9736345752
0.2661000000 0.9734407861
0.2671000000 0.9732463525
0.2681000000 0.9730512549
0.2691000000 0.9728555225
0.2701000000 0.9726591357
0.2711000000 0.9724621045
0.2721000000 0.9722644189
0.2731000000 0.9720660889
0.2741000000 0.9718671240
0.2751000000 0.9716675049
0.2761000000 0.9714672412
0.2771000000 0.9712663428
0.2781000000 0.9710647998
0.2791000000 0.9708626123
0.2801000000 0.9706597900
0.2811000000 0.9704563232
0.2821000000 0.9702522217
0.2831000000 0.9700474854
0.2841000000 0.9698421045
0.2851000000 0.9696360889
0.2861000000 0.9694294482
0.2871000000 0.9692221631
0.2881000000 0.9690142432
0.2891000000 0.9688056982
0.2901000000 0.9685965186
0.2911000000 0.9683867041
0.2921000000 0.9681762646
0.2931000000 0.9679651904
0.2941000000 0.9677534912
0.2951000000 0.9675411670
0.2961000000 0.9673282080
0.2971000000 0.9671146338
0.2981000000 0.9669004248
0.2991000000 0.9666856006
