4.5530000000 1.3354406624 3.6411050072
4.5540000000 1.3360710335 3.6417092323
4.5550000000 1.3367014885 3.6423136101
4.5560000000 1.3373320122 3.6429181404
4.5570000000 1.3379626122 3.6435228233
4.5580000000 1.3385932808 3.6441276588
4.5590000000 1.3392240334 3.6447326469
4.5600000000 1.3398548622 3.6453377800
4.5610000000 1.3404857674 3.6459430656
4.5620000000 1.3411167412 3.6465485115
4.5630000000 1.3417477989 3.6471541023
4.5640000000 1.3423789253 3.6477598381
4.5650000000 1.3430101357 3.6483657341
4.5660000000 1.3436414146 3.6489717827
4.5670000000 1.3442727699 3.6495779762
4.5680000000 1.3449042015 3.6501843224
4.5690000000 1.3455357094 3.6507908211
4.5700000000 1.3461672935 3.6513974724
4.5710000000 1.3467989540 3.6520042763
4.5720000000 1.3474306908 3.6526112328
4.5730000000 1.3480625038 3.6532183418
4.5740000000 1.3486943932 3.6538255959
4.5750000000 1.3493263588 3.6544330101
4.5760000000 1.3499583931 3.6550405693
4.5770000000 1.3505905113 3.6556482811
4.5780000000 1.3512227058 3.6562561531
4.5790000000 1.3518549690 3.6568641701
4.5800000000 1.3524873161 3.6574723396
4.5810000000 1.3531197319 3.6580806618
4.5820000000 1.3537522316 3.6586891289
4.5830000000 1.3543848000 3.6592977562
4.5840000000 1.3550174446 3.6599065361
4.5850000000 1.3556501656 3.6605154686
4.5860000000 1.3562829704 3.6611245461
4.5870000000 1.3569158440 3.6617337837
4.5880000000 1.3575487938 3.6623431664
4.5890000000 1.3581818199 3.6629527016
4.5900000000 1.3588149223 3.6635623970
4.5910000000 1.3594481010 3.6641722374
4.5920000000 1.3600813560 3.6647822304
4.5930000000 1.3607146873 3.6653923836
4.5940000000 1.3613480949 3.6660026817
4.5950000000 1.3619815788 3.6666131325
4.5960000000 1.3626151390 3.6672237358
4.5970000000 1.3632487755 3.6678344917
4.5980000000 1.3638824883 3.6684454079
4.5990000000 1.3645162697 3.6690564690
4.6000000000 1.3651501350 3.6696676826
4.6010000000 1.3657840767 3.6702790489
4.6020000000 1.3664180946 3.6708905678
4.6030000000 1.3670521812 3.6715022392
4.6040000000 1.3676863518 3.6721140633
4.6050000000 1.3683205986 3.6727260399
4.6060000000 1.3689549141 3.6733381691
4.6070000000 1.3695893135 3.6739504585
4.6080000000 1.3702237892 3.6745628929
4.6090000000 1.3708583336 3.6751754799
4.6100000000 1.3714929619 3.6757882195
4.6110000000 1.3721276665 3.6764011192
4.6120000000 1.3727624397 3.6770141640
4.6130000000 1.3733972969 3.6776273613
4.6140000000 1.3740322227 3.6782407188
4.6150000000 1.3746672325 3.6788542213
4.6160000000 1.3753023186 3.6794678841
4.6170000000 1.3759374733 3.6800816917
4.6180000000 1.3765727119 3.6806956596
4.6190000000 1.3772080193 3.6813097801
4.6200000000 1.3778434105 3.6819240532
4.6210000000 1.3784788780 3.6825384712
4.6220000000 1.3791144142 3.6831530495
4.6230000000 1.3797500343 3.6837677803
4.6240000000 1.3803857231 3.6843826637
4.6250000000 1.3810214958 3.6849977074
4.6260000000 1.3816573448 3.6856128960
4.6270000000 1.3822932625 3.6862282372
4.6280000000 1.3829292641 3.6868437386
4.6290000000 1.3835653419 3.6874593925
4.6300000000 1.3842014885 3.6880751915
4.6310000000 1.3848377190 3.6886911507
4.6320000000 1.3854740257 3.6893072624
4.6330000000 1.3861104088 3.6899235268
4.6340000000 1.3867468605 3.6905399437
4.6350000000 1.3873833961 3.6911565208
4.6360000000 1.3880200081 3.6917732430
4.6370000000 1.3886566963 3.6923901253
4.6380000000 1.3892934608 3.6930071602
4.6390000000 1.3899303017 3.6936243401
4.6400000000 1.3905672188 3.6942416878
4.6410000000 1.3912042122 3.6948591805
4.6420000000 1.3918412819 3.6954768257
4.6430000000 1.3924784279 3.6960946312
4.6440000000 1.3931156502 3.6967125816
4.6450000000 1.3937529488 3.6973306923
4.6460000000 1.3943903236 3.6979489555
4.6470000000 1.3950277748 3.6985673790
4.6480000000 1.3956653023 3.6991859474
4.6490000000 1.3963029137 3.6998046761
4.6500000000 1.3969405937 3.7004235497
4.6510000000 1.3975783501 3.7010425835
4.6520000000 1.3982161903 3.7016617775
4.6530000000 1.3988540993 3.7022811165
4.6540000000 1.3994920921 3.7029006157
4.6550000000 1.4001301537 3.7035202675
4.6560000000 1.4007682991 3.7041400719
4.6570000000 1.4014065208 3.7047600288
4.6580000000 1.4020448112 3.7053801384
4.6590000000 1.4026831856 3.7060004082
4.6600000000 1.4033216362 3.7066208305
4.6610000000 1.4039601631 3.7072414055
4.6620000000 1.4045987663 3.7078621407
4.6630000000 1.4052374458 3.7084830208
4.6640000000 1.4058762016 3.7091040611
4.6650000000 1.4065150337 3.7097252541
4.6660000000 1.4071539421 3.7103466072
4.6670000000 1.4077929344 3.7109681129
4.6680000000 1.4084319954 3.7115897713
4.6690000000 1.4090711327 3.7122115822
4.6700000000 1.4097103539 3.7128335457
4.6710000000 1.4103496513 3.7134556694
4.6720000000 1.4109890175 3.7140779457
4.6730000000 1.4116284676 3.7147003822
4.6740000000 1.4122679939 3.7153229637
4.6750000000 1.4129075966 3.7159457054
4.6760000000 1.4135472755 3.7165685997
4.6770000000 1.4141870308 3.7171916542
4.6780000000 1.4148268623 3.7178148613
4.6790000000 1.4154667702 3.7184382210
4.6800000000 1.4161067543 3.7190617409
4.6810000000 1.4167468224 3.7196854057
4.6820000000 1.4173869591 3.7203092308
4.6830000000 1.4180271797 3.7209332161
4.6840000000 1.4186674690 3.7215573540
4.6850000000 1.4193078423 3.7221816444
4.6860000000 1.4199482918 3.7228060875
4.6870000000 1.4205888176 3.7234306908
4.6880000000 1.4212294197 3.7240554466
4.6890000000 1.4218700981 3.7246803627
4.6900000000 1.4225108528 3.7253054314
4.6910000000 1.4231516914 3.7259306526
4.6920000000 1.4237925987 3.7265560341
4.6930000000 1.4244335899 3.7271815681
4.6940000000 1.4250746498 3.7278072548
4.6950000000 1.4257157936 3.7284331017
4.6960000000 1.4263570137 3.7290591011
4.6970000000 1.4269983101 3.7296852531
4.6980000000 1.4276396828 3.7303115654
4.6990000000 1.4282811317 3.7309380379
4.7000000000 1.4289226646 3.7315646553
4.7010000000 1.4295642662 3.7321914330
4.7020000000 1.4302059517 3.7328183708
4.7030000000 1.4308477058 3.7334454613
4.7040000000 1.4314895439 3.7340727043
4.7050000000 1.4321314583 3.7347001076
4.7060000000 1.4327734489 3.7353276634
4.7070000000 1.4334155159 3.7359553795
4.7080000000 1.4340576668 3.7365832481
4.7090000000 1.4346998863 3.7372112694
4.7100000000 1.4353421898 3.7378394508
4.7110000000 1.4359845619 3.7384677849
4.7120000000 1.4366270180 3.7390962791
4.7130000000 1.4372695503 3.7397249336
4.7140000000 1.4379121590 3.7403537331
4.7150000000 1.4385548439 3.7409827003
4.7160000000 1.4391976128 3.7416118126
4.7170000000 1.4398404503 3.7422410851
4.7180000000 1.4404833717 3.7428705177
4.7190000000 1.4411263695 3.7435001030
4.7200000000 1.4417694359 3.7441298485
4.7210000000 1.4424125862 3.7447597466
4.7220000000 1.4430558205 3.7453897972
4.7230000000 1.4436991234 3.7460200081
4.7240000000 1.4443425102 3.7466503792
4.7250000000 1.4449859657 3.7472809029
4.7260000000 1.4456295052 3.7479115868
4.7270000000 1.4462731209 3.7485424232
4.7280000000 1.4469168129 3.7491734123
4.7290000000 1.4475605812 3.7498045692
4.7300000000 1.4482044334 3.7504358711
4.7310000000 1.4488483543 3.7510673409
4.7320000000 1.4494923592 3.7516989555
4.7330000000 1.4501364403 3.7523307381
4.7340000000 1.4507805977 3.7529626656
4.7350000000 1.4514248314 3.7535947609
4.7360000000 1.4520691490 3.7542270088
4.7370000000 1.4527135353 3.7548594093
4.7380000000 1.4533580055 3.7554919701
4.7390000000 1.4540025520 3.7561246910
4.7400000000 1.4546471748 3.7567575645
4.7410000000 1.4552918739 3.7573905983
4.7420000000 1.4559366570 3.7580237846
4.7430000000 1.4565815086 3.7586571312
4.7440000000 1.4572264442 3.7592906380
4.7450000000 1.4578714561 3.7599242973
4.7460000000 1.4585165443 3.7605581169
4.7470000000 1.4591617165 3.7611920891
4.7480000000 1.4598069572 3.7618262215
4.7490000000 1.4604522820 3.7624605141
4.7500000000 1.4610976830 3.7630949593
4.7510000000 1.4617431602 3.7637295647
4.7520000000 1.4623887138 3.7643643227
4.7530000000 1.4630343513 3.7649992409
4.7540000000 1.4636800575 3.7656343193
4.7550000000 1.4643258476 3.7662695503
4.7560000000 1.4649717140 3.7669049416
4.7570000000 1.4656176643 3.7675404930
4.7580000000 1.4662636833 3.7681761971
4.7590000000 1.4669097862 3.7688120613
4.7600000000 1.4675559578 3.7694480782
4.7610000000 1.4682022209 3.7700842628
4.7620000000 1.4688485527 3.7707206001
4.7630000000 1.4694949608 3.7713570900
4.7640000000 1.4701414528 3.7719937401
4.7650000000 1.4707880211 3.7726305504
4.7660000000 1.4714346657 3.7732675209
4.7670000000 1.4720813866 3.7739046440
4.7680000000 1.4727281914 3.7745419273
4.7690000000 1.4733750648 3.7751793709
4.7700000000 1.4740220222 3.7758169746
4.7710000000 1.4746690636 3.7764547310
4.7720000000 1.4753161736 3.7770926476
4.7730000000 1.4759633675 3.7777307167
4.7740000000 1.4766106300 3.7783689461
4.7750000000 1.4772579765 3.7790073357
4.7760000000 1.4779054070 3.7796458855
4.7770000000 1.4785529060 3.7802845955
4.7780000000 1.4792004890 3.7809234581
4.7790000000 1.4798481483 3.7815624809
4.7800000000 1.4804958839 3.7822016640
4.7810000000 1.4811437035 3.7828409996
4.7820000000 1.4817915916 3.7834804955
4.7830000000 1.4824395638 3.7841201515
4.7840000000 1.4830876122 3.7847599678
4.7850000000 1.4837357445 3.7853999443
4.7860000000 1.4843839455 3.7860400734
4.7870000000 1.4850322304 3.7866803627
4.7880000000 1.4856805916 3.7873208122
4.7890000000 1.4863290367 3.7879614220
4.7900000000 1.4869775505 3.7886021843
4.7910000000 1.4876261482 3.7892431068
4.7920000000 1.4882748222 3.7898841896
4.7930000000 1.4889235725 3.7905254326
4.7940000000 1.4895724068 3.7911668358
4.7950000000 1.4902213173 3.7918083992
4.7960000000 1.4908703041 3.7924501152
4.7970000000 1.4915193672 3.7930919914
4.7980000000 1.4921685143 3.7937340279
4.7990000000 1.4928177376 3.7943762245
4.8000000000 1.4934670372 3.7950185814
4.8010000000 1.4941164131 3.7956610909
4.8020000000 1.4947658730 3.7963037682
4.8030000000 1.4954154091 3.7969465981
4.8040000000 1.4960650215 3.7975895882
4.8050000000 1.4967147179 3.7982327385
4.8060000000 1.4973644829 3.7988760490
4.8070000000 1.4980143318 3.7995195122
4.8080000000 1.4986642647 3.8001631432
4.8090000000 1.4993142662 3.8008069267
4.8100000000 1.4999643517 3.8014508781
4.8110000000 1.5006145134 3.8020949821
4.8120000000 1.5012647591 3.8027392464
4.8130000000 1.5019150734 3.8033836708
4.8140000000 1.5025654716 3.8040282555
4.8150000000 1.5032159538 3.8046730003
4.8160000000 1.5038665047 3.8053178978
4.8170000000 1.5045171394 3.8059629631
4.8180000000 1.5051678505 3.8066081886
4.8190000000 1.5058186378 3.8072535667
4.8200000000 1.5064695091 3.8078991127
4.8210000000 1.5071204567 3.8085448112
4.8220000000 1.5077714806 3.8091906700
4.8230000000 1.5084225883 3.8098366966
4.8240000000 1.5090737724 3.8104828758
4.8250000000 1.5097250328 3.8111292152
4.8260000000 1.5103763695 3.8117757149
4.8270000000 1.5110277901 3.8124223747
4.8280000000 1.5116792870 3.8130692024
4.8290000000 1.5123308678 3.8137161827
4.8300000000 1.5129825172 3.8143633232
4.8310000000 1.5136342506 3.8150106239
4.8320000000 1.5142860680 3.8156580849
4.8330000000 1.5149379539 3.8163057060
4.8340000000 1.5155899239 3.8169534874
4.8350000000 1.5162419701 3.8176014290
4.8360000000 1.5168941002 3.8182495308
4.8370000000 1.5175463066 3.8188977928
4.8380000000 1.5181985893 3.8195462151
4.8390000000 1.5188509560 3.8201947975
4.8400000000 1.5195033989 3.8208435402
4.8410000000 1.5201559181 3.8214924431
4.8420000000 1.5208085136 3.8221415062
4.8430000000 1.5214611931 3.8227907295
4.8440000000 1.5221139488 3.8234401207
4.8450000000 1.5227667885 3.8240896645
4.8460000000 1.5234196968 3.8247393684
4.8470000000 1.5240726967 3.8253892403
4.8480000000 1.5247257652 3.8260392647
4.8490000000 1.5253789177 3.8266894569
4.8500000000 1.5260321465 3.8273398018
4.8510000000 1.5266854515 3.8279903145
4.8520000000 1.5273388405 3.8286409874
4.8530000000 1.5279923058 3.8292918205
4.8540000000 1.5286458549 3.8299428139
4.8550000000 1.5292994804 3.8305939674
4.8560000000 1.5299531822 3.8312452812
4.8570000000 1.5306069679 3.8318967552
4.8580000000 1.5312608299 3.8325483894
4.8590000000 1.5319147682 3.8332001915
4.8600000000 1.5325687828 3.8338521538
4.8610000000 1.5332228813 3.8345042686
4.8620000000 1.5338770638 3.8351565514
4.8630000000 1.5345313148 3.8358089943
4.8640000000 1.5351856499 3.8364615974
4.8650000000 1.5358400688 3.8371143684
4.8660000000 1.5364945641 3.8377672920
4.8670000000 1.5371491356 3.8384203835
4.8680000000 1.5378037834 3.8390736351
4.8690000000 1.5384585152 3.8397270393
4.8700000000 1.5391133232 3.8403806190
4.8710000000 1.5397682152 3.8410343513
4.8720000000 1.5404231834 3.8416882439
4.8730000000 1.5410782280 3.8423423042
4.8740000000 1.5417333565 3.8429965248
4.8750000000 1.5423885612 3.8436509056
4.8760000000 1.5430438423 3.8443054466
4.8770000000 1.5436992073 3.8449601479
4.8780000000 1.5443546486 3.8456150169
4.8790000000 1.5450101738 3.8462700462
4.8800000000 1.5456657753 3.8469252357
4.8810000000 1.5463214531 3.8475805855
4.8820000000 1.5469772148 3.8482361031
4.8830000000 1.5476330528 3.8488917732
4.8840000000 1.5482889748 3.8495476112
4.8850000000 1.5489449730 3.8502036171
4.8860000000 1.5496010475 3.8508597755
4.8870000000 1.5502572060 3.8515161018
4.8880000000 1.5509134407 3.8521725883
4.8890000000 1.5515697517 3.8528292351
4.8900000000 1.5522261467 3.8534860497
4.8910000000 1.5528826256 3.8541430168
4.8920000000 1.5535391731 3.8548001518
4.8930000000 1.5541958046 3.8554574547
4.8940000000 1.5548525200 3.8561149101
4.8950000000 1.5555093117 3.8567725334
4.8960000000 1.5561661797 3.8574303246
4.8970000000 1.5568231316 3.8580882683
4.8980000000 1.5574801598 3.8587463799
4.8990000000 1.5581372719 3.8594046516
4.9000000000 1.5587944603 3.8600630836
4.9010000000 1.5594517250 3.8607216835
4.9020000000 1.5601090736 3.8613804436
4.9030000000 1.5607664986 3.8620393715
4.9040000000 1.5614240074 3.8626984596
4.9050000000 1.5620815926 3.8633577080
4.9060000000 1.5627392540 3.8640171165
4.9070000000 1.5633969994 3.8646766930
4.9080000000 1.5640548286 3.8653364296
4.9090000000 1.5647127266 3.8659963341
4.9100000000 1.5653707161 3.8666563911
4.9110000000 1.5660287743 3.8673166237
4.9120000000 1.5666869164 3.8679770088
4.9130000000 1.5673451424 3.8686375618
4.9140000000 1.5680034447 3.8692982826
4.9150000000 1.5686618233 3.8699591637
4.9160000000 1.5693202858 3.8706202049
4.9170000000 1.5699788246 3.8712814064
4.9180000000 1.5706374474 3.8719427757
4.9190000000 1.5712961464 3.8726043129
4.9200000000 1.5719549294 3.8732660103
4.9210000000 1.5726137886 3.8739278679
4.9220000000 1.5732727242 3.8745898857
4.9230000000 1.5739317436 3.8752520790
4.9240000000 1.5745908470 3.8759144249
4.9250000000 1.5752500191 3.8765769386
4.9260000000 1.5759092827 3.8772396126
4.9270000000 1.5765686226 3.8779024544
4.9280000000 1.5772280388 3.8785654640
4.9290000000 1.5778875313 3.8792286263
4.9300000000 1.5785471153 3.8798919640
4.9310000000 1.5792067680 3.8805554543
4.9320000000 1.5798665047 3.8812191200
4.9330000000 1.5805263252 3.8818829384
4.9340000000 1.5811862221 3.8825469246
4.9350000000 1.5818461952 3.8832110786
4.9360000000 1.5825062523 3.8838753929
4.9370000000 1.5831663933 3.8845398750
4.9380000000 1.5838266106 3.8852045174
4.9390000000 1.5844869041 3.8858693275
4.9400000000 1.5851472816 3.8865342979
4.9410000000 1.5858077354 3.8871994362
4.9420000000 1.5864682732 3.8878647346
4.9430000000 1.5871288872 3.8885302010
4.9440000000 1.5877895851 3.8891958275
4.9450000000 1.5884503593 3.8898616219
4.9460000000 1.5891112175 3.8905275764
4.9470000000 1.5897721519 3.8911936989
4.9480000000 1.5904331703 3.8918599892
4.9490000000 1.5910942650 3.8925264397
4.9500000000 1.5917554436 3.8931930504
4.9510000000 1.5924166985 3.8938598366
4.9520000000 1.5930780373 3.8945267754
4.9530000000 1.5937394524 3.8951938896
4.9540000000 1.5944009514 3.8958611641
4.9550000000 1.5950625267 3.8965285988
4.9560000000 1.5957241783 3.8971962013
4.9570000000 1.5963859215 3.8978639717
4.9580000000 1.5970477333 3.8985319023
4.9590000000 1.5977096367 3.8992000008
4.9600000000 1.5983716087 3.8998682671
4.9610000000 1.5990336647 3.9005366936
4.9620000000 1.5996958046 3.9012052879
4.9630000000 1.6003580208 3.9018740501
4.9640000000 1.6010203209 3.9025429726
4.9650000000 1.6016826973 3.9032120628
4.9660000000 1.6023451576 3.9038813133
4.9670000000 1.6030077019 3.9045507317
4.9680000000 1.6036703148 3.9052203178
4.9690000000 1.6043330193 3.9058900642
4.9700000000 1.6049958000 3.9065599785
4.9710000000 1.6056586571 3.9072300606
4.9720000000 1.6063215981 3.9079003029
4.9730000000 1.6069846230 3.9085707207
4.9740000000 1.6076477242 3.9092412910
4.9750000000 1.6083109016 3.9099120369
4.9760000000 1.6089741631 3.9105829430
4.9770000000 1.6096375084 3.9112540169
4.9780000000 1.6103009300 3.9119252586
4.9790000000 1.6109644279 3.9125966606
4.9800000000 1.6116280174 3.9132682304
4.9810000000 1.6122916756 3.9139399681
4.9820000000 1.6129554253 3.9146118660
4.9830000000 1.6136192513 3.9152839394
4.9840000000 1.6142831535 3.9159561729
4.9850000000 1.6149471397 3.9166285667
4.9860000000 1.6156112022 3.9173011360
4.9870000000 1.6162753487 3.9179738655
4.9880000000 1.6169395790 3.9186467628
4.9890000000 1.6176038857 3.9193198280
4.9900000000 1.6182682762 3.9199930611
4.9910000000 1.6189327431 3.9206664543
4.9920000000 1.6195972939 3.9213400154
4.9930000000 1.6202619209 3.9220137444
4.9940000000 1.6209266319 3.9226876411
4.9950000000 1.6215914268 3.9233617058
4.9960000000 1.6222562981 3.9240359306
4.9970000000 1.6229212456 3.9247103233
4.9980000000 1.6235862846 3.9253848839
4.9990000000 1.6242513924 3.9260596123
