4.830000 0.015664 0.778945 5.191445
4.835000 0.042305 0.779102 5.196758
4.840000 0.057773 0.779180 5.201992
4.845000 0.069883 0.779336 5.207305
4.850000 0.080195 0.779414 5.212539
4.855000 0.089414 0.779570 5.217852
4.860000 0.097695 0.779648 5.223086
4.865000 0.105430 0.779727 5.228398
4.870000 0.112539 0.779805 5.233633
4.875000 0.119336 0.779805 5.238945
4.880000 0.125742 0.779883 5.244180
4.885000 0.131836 0.779883 5.249492
4.890000 0.137617 0.779883 5.254727
4.895000 0.143242 0.779883 5.260039
4.900000 0.148633 0.779883 5.265273
4.905000 0.153789 0.779805 5.270586
4.910000 0.158867 0.779805 5.275820
4.915000 0.163711 0.779727 5.281133
4.920000 0.168477 0.779648 5.286367
4.925000 0.173086 0.779570 5.291680
4.930000 0.177539 0.779414 5.296914
4.935000 0.181914 0.779336 5.302227
4.940000 0.186211 0.779180 5.307461
4.945000 0.190352 0.779023 5.312773
4.950000 0.194414 0.778867 5.318008
4.955000 0.198320 0.778633 5.323320
4.960000 0.202227 0.778398 5.328633
4.965000 0.206055 0.778164 5.333867
4.970000 0.209727 0.777930 5.339180
4.975000 0.213398 0.777695 5.344414
4.980000 0.216914 0.777383 5.349727
4.985000 0.220352 0.777070 5.355039
4.990000 0.223711 0.776758 5.360273
4.995000 0.226992 0.776367 5.365586
