2.5000000010 0.3297953467 1.3437320850 3.4785425928
2.6000000010 0.3773853467 1.4009184033 3.5543079639
2.7000000010 0.5613629150 1.4576631299 3.6314316260
2.8000000010 0.6971221729 1.5139933643 3.7099168604
2.9000000010 0.8161239014 1.5700170264 3.7897569092
3.0000000010 0.9317368506 1.6260523291 3.8709361572
3.1000000010 1.0482245947 1.6831089404 3.9534312940
3.2000000010 1.1681324072 1.7510610010 4.0372125147
3.3000000010 1.2937828271 1.8126018799 4.1222447412
3.4000000010 1.4281093799 1.8630068506 4.2084887451
3.5000000010 1.5754376709 1.9061914404 4.2959023193
3.6000000010 1.7344519385 1.9403287354 4.3844412744
3.7000000010 1.8412468897 1.9594252393 4.4740603662
