0.020000 0.999975 2.100125
0.025000 0.999975 2.100225
0.030000 0.999925 2.100325
0.035000 0.999925 2.100425
0.040000 0.999925 2.100525
0.045000 0.999875 2.100675
0.050000 0.999825 2.100875
0.055000 0.999825 2.101025
0.060000 0.999775 2.101225
0.065000 0.999725 2.101425
0.070000 0.999725 2.101675
0.075000 0.999675 2.101925
0.080000 0.999625 2.102175
0.085000 0.999575 2.102475
0.090000 0.999525 2.102775
0.095000 0.999475 2.103075
0.100000 0.999375 2.103425
0.105000 0.999325 2.103775
0.110000 0.999275 2.104125
0.115000 0.999175 2.104525
0.120000 0.999125 2.104925
0.125000 0.999075 2.105325
0.130000 0.998975 2.105775
0.135000 0.998925 2.106225
0.140000 0.998825 2.106675
0.145000 0.998725 2.107175
0.150000 0.998625 2.107675
0.155000 0.998575 2.108175
0.160000 0.998475 2.108725
0.165000 0.998375 2.109275
0.170000 0.998275 2.109825
0.175000 0.998175 2.110425
0.180000 0.998075 2.111025
0.185000 0.997975 2.111675
0.190000 0.997875 2.112275
0.195000 0.997725 2.112925
0.200000 0.997625 2.113625
0.205000 0.997525 2.114275
0.210000 0.997375 2.114975
0.215000 0.997275 2.115725
0.220000 0.997175 2.116425
0.225000 0.997025 2.117175
0.230000 0.996875 2.117975
0.235000 0.996775 2.118725
0.240000 0.996625 2.119525
0.245000 0.996525 2.120375
0.250000 0.996375 2.121175
0.255000 0.996225 2.122025
0.260000 0.996075 2.122925
0.265000 0.995925 2.123775
0.270000 0.995775 2.124675
0.275000 0.995625 2.125575
0.280000 0.995525 2.126525
0.285000 0.995325 2.127475
0.290000 0.995175 2.128425
0.295000 0.995025 2.129425
0.300000 0.994875 2.130375
0.305000 0.994725 2.131425
0.310000 0.994575 2.132425
0.315000 0.994425 2.133475
0.320000 0.994225 2.134525
0.325000 0.994075 2.135575
0.330000 0.993925 2.136675
0.335000 0.993725 2.137775
0.340000 0.993575 2.138925
0.345000 0.993375 2.140025
0.350000 0.993225 2.141175
0.355000 0.993025 2.142325
0.360000 0.992875 2.143525
0.365000 0.992675 2.144725
0.370000 0.992525 2.145925
0.375000 0.992325 2.147175
0.380000 0.992175 2.148375
0.385000 0.991975 2.149675
0.390000 0.991775 2.150925
0.395000 0.991575 2.152225
0.400000 0.991425 2.153525
0.405000 0.991225 2.154825
0.410000 0.991025 2.156175
0.415000 0.990875 2.157525
0.420000 0.990675 2.158875
0.425000 0.990475 2.160225
0.430000 0.990275 2.161625
0.435000 0.990075 2.163025
0.440000 0.989875 2.164475
0.445000 0.989725 2.165875
0.450000 0.989525 2.167325
0.455000 0.989325 2.168825
0.460000 0.989125 2.170275
0.465000 0.988925 2.171775
0.470000 0.988725 2.173275
0.475000 0.988525 2.174775
0.480000 0.988325 2.176325
0.485000 0.988125 2.177875
0.490000 0.987925 2.179425
0.495000 0.987725 2.181025
0.500000 0.987575 2.182625
0.505000 0.987375 2.184225
0.510000 0.987175 2.185825
0.515000 0.986975 2.187475
0.520000 0.986775 2.189125
0.525000 0.986575 2.190775
0.530000 0.986375 2.192475
0.535000 0.986175 2.194125
0.540000 0.985975 2.195825
0.545000 0.985775 2.197575
0.550000 0.985575 2.199275
0.555000 0.985375 2.201025
0.560000 0.985175 2.202775
0.565000 0.985025 2.204575
0.570000 0.984825 2.206325
0.575000 0.984625 2.208125
0.580000 0.984425 2.209925
0.585000 0.984225 2.211775
0.590000 0.984025 2.213625
0.595000 0.983875 2.215475
0.600000 0.983675 2.217325
0.605000 0.983475 2.219175
0.610000 0.983275 2.221075
0.615000 0.983125 2.222975
0.620000 0.982925 2.224875
0.625000 0.982725 2.226825
0.630000 0.982575 2.228775
0.635000 0.982375 2.230725
0.640000 0.982175 2.232675
0.645000 0.982025 2.234625
0.650000 0.981825 2.236625
0.655000 0.981675 2.238625
0.660000 0.981475 2.240625
0.665000 0.981325 2.242675
0.670000 0.981125 2.244725
0.675000 0.980975 2.246775
0.680000 0.980775 2.248825
0.685000 0.980625 2.250925
0.690000 0.980475 2.252975
0.695000 0.980275 2.255075
0.700000 0.980125 2.257225
0.705000 0.979975 2.259325
0.710000 0.979825 2.261475
0.715000 0.979675 2.263625
0.720000 0.979525 2.265775
0.725000 0.979375 2.267925
0.730000 0.979225 2.270125
0.735000 0.979075 2.272325
0.740000 0.978925 2.274525
0.745000 0.978775 2.276725
0.750000 0.978625 2.278975
0.755000 0.978475 2.281225
0.760000 0.978325 2.283475
0.765000 0.978225 2.285725
0.770000 0.978075 2.287975
0.775000 0.977925 2.290275
0.780000 0.977825 2.292575
0.785000 0.977675 2.294875
0.790000 0.977575 2.297225
0.795000 0.977425 2.299525
0.800000 0.977325 2.301875
0.805000 0.977225 2.304225
0.810000 0.977125 2.306575
0.815000 0.976975 2.308975
0.820000 0.976875 2.311325
0.825000 0.976775 2.313725
0.830000 0.976675 2.316125
0.835000 0.976575 2.318575
0.840000 0.976475 2.320975
0.845000 0.976425 2.323425
0.850000 0.976325 2.325875
0.855000 0.976225 2.328325
0.860000 0.976125 2.330825
0.865000 0.976075 2.333275
0.870000 0.975975 2.335775
0.875000 0.975925 2.338275
0.880000 0.975825 2.340775
0.885000 0.975775 2.343325
0.890000 0.975725 2.345825
0.895000 0.975675 2.348375
0.900000 0.975625 2.350925
0.905000 0.975575 2.353475
0.910000 0.975525 2.356075
0.915000 0.975475 2.358675
0.920000 0.975425 2.361225
0.925000 0.975375 2.363825
0.930000 0.975325 2.366475
0.935000 0.975325 2.369075
0.940000 0.975275 2.371725
0.945000 0.975275 2.374375
0.950000 0.975225 2.377025
0.955000 0.975225 2.379675
0.960000 0.975225 2.382325
0.965000 0.975225 2.385025
0.970000 0.975175 2.387675
0.975000 0.975175 2.390375
0.980000 0.975225 2.393125
0.985000 0.975225 2.395825
0.990000 0.975225 2.398525
0.995000 0.975225 2.401275
1.000000 0.975275 2.404025
1.005000 0.975275 2.406775
1.010000 0.975325 2.409525
1.015000 0.975325 2.412325
1.020000 0.975375 2.415075
1.025000 0.975425 2.417875
1.030000 0.975475 2.420675
1.035000 0.975525 2.423475
1.040000 0.975575 2.426325
1.045000 0.975625 2.429125
1.050000 0.975675 2.431975
1.055000 0.975775 2.434825
1.060000 0.975825 2.437675
1.065000 0.975925 2.440525
1.070000 0.975975 2.443375
1.075000 0.976075 2.446275
1.080000 0.976175 2.449175
1.085000 0.976275 2.452075
1.090000 0.976375 2.454975
1.095000 0.976475 2.457875
1.100000 0.976575 2.460775
1.105000 0.976675 2.463725
1.110000 0.976775 2.466675
1.115000 0.976925 2.469625
1.120000 0.977025 2.472575
1.125000 0.977175 2.475525
1.130000 0.977325 2.478475
1.135000 0.977475 2.481475
1.140000 0.977575 2.484475
1.145000 0.977775 2.487475
1.150000 0.977925 2.490475
1.155000 0.978075 2.493475
1.160000 0.978225 2.496475
1.165000 0.978425 2.499525
1.170000 0.978575 2.502575
1.175000 0.978775 2.505625
1.180000 0.978925 2.508675
1.185000 0.979125 2.511725
1.190000 0.979325 2.514775
1.195000 0.979525 2.517875
1.200000 0.979725 2.520925
1.205000 0.979975 2.524025
1.210000 0.980175 2.527125
1.215000 0.980375 2.530225
1.220000 0.980625 2.533325
1.225000 0.980875 2.536475
1.230000 0.981075 2.539575
1.235000 0.981325 2.542725
1.240000 0.981575 2.545875
1.245000 0.981825 2.549025
1.250000 0.982075 2.552175
1.255000 0.982375 2.555375
1.260000 0.982625 2.558525
1.265000 0.982925 2.561725
1.270000 0.983175 2.564875
1.275000 0.983475 2.568075
1.280000 0.983775 2.571275
1.285000 0.984075 2.574525
1.290000 0.984375 2.577725
1.295000 0.984675 2.580925
1.300000 0.984975 2.584175
1.305000 0.985275 2.587425
1.310000 0.985625 2.590675
1.315000 0.985925 2.593925
1.320000 0.986275 2.597175
1.325000 0.986625 2.600425
1.330000 0.986975 2.603725
1.335000 0.987325 2.606975
1.340000 0.987675 2.610275
1.345000 0.988025 2.613575
1.350000 0.988425 2.616875
1.355000 0.988775 2.620175
1.360000 0.989175 2.623475
1.365000 0.989525 2.626825
1.370000 0.989925 2.630125
1.375000 0.990325 2.633475
1.380000 0.990725 2.636825
1.385000 0.991125 2.640175
1.390000 0.991575 2.643525
1.395000 0.991975 2.646875
1.400000 0.992425 2.650225
1.405000 0.992825 2.653625
1.410000 0.993275 2.657025
1.415000 0.993725 2.660375
1.420000 0.994175 2.663775
1.425000 0.994625 2.667175
1.430000 0.995075 2.670575
1.435000 0.995525 2.674025
1.440000 0.996025 2.677425
1.445000 0.996475 2.680825
1.450000 0.996975 2.684275
1.455000 0.997475 2.687725
1.460000 0.997925 2.691175
1.465000 0.998425 2.694625
1.470000 0.998975 2.698075
1.475000 0.999475 2.701525
1.480000 0.999975 2.704975
1.485000 1.000525 2.708475
1.490000 1.001025 2.711975
1.495000 1.001575 2.715425
1.500000 1.002125 2.718925
1.505000 1.002675 2.722425
1.510000 1.003225 2.725925
1.515000 1.003775 2.729475
1.520000 1.004325 2.732975
1.525000 1.004925 2.736475
1.530000 1.005475 2.740025
1.535000 1.006075 2.743575
1.540000 1.006675 2.747075
1.545000 1.007225 2.750625
1.550000 1.007825 2.754175
1.555000 1.008475 2.757775
1.560000 1.009075 2.761325
1.565000 1.009675 2.764875
1.570000 1.010325 2.768475
1.575000 1.010925 2.772025
1.580000 1.011575 2.775625
1.585000 1.012225 2.779225
1.590000 1.012875 2.782825
1.595000 1.013525 2.786425
1.600000 1.014175 2.790025
1.605000 1.014825 2.793625
1.610000 1.015525 2.797275
1.615000 1.016175 2.800875
1.620000 1.016875 2.804525
1.625000 1.017575 2.808175
1.630000 1.018275 2.811825
1.635000 1.018975 2.815475
1.640000 1.019675 2.819125
1.645000 1.020375 2.822775
1.650000 1.021075 2.826425
1.655000 1.021825 2.830075
1.660000 1.022525 2.833775
1.665000 1.023275 2.837425
1.670000 1.024025 2.841125
1.675000 1.024775 2.844825
1.680000 1.025525 2.848525
1.685000 1.026275 2.852225
1.690000 1.027075 2.855925
1.695000 1.027825 2.859625
1.700000 1.028625 2.863375
1.705000 1.029375 2.867075
1.710000 1.030175 2.870825
1.715000 1.030975 2.874525
1.720000 1.031775 2.878275
1.725000 1.032575 2.882025
1.730000 1.033425 2.885775
1.735000 1.034225 2.889525
1.740000 1.035075 2.893275
1.745000 1.035875 2.897025
1.750000 1.036725 2.900775
1.755000 1.037575 2.904575
1.760000 1.038425 2.908325
1.765000 1.039275 2.912125
1.770000 1.040125 2.915925
1.775000 1.041025 2.919725
1.780000 1.041875 2.923525
1.785000 1.042775 2.927325
1.790000 1.043625 2.931125
1.795000 1.044525 2.934925
1.800000 1.045425 2.938725
1.805000 1.046325 2.942575
1.810000 1.047225 2.946375
1.815000 1.048175 2.950225
1.820000 1.049075 2.954025
1.825000 1.050025 2.957875
1.830000 1.050925 2.961725
1.835000 1.051875 2.965575
1.840000 1.052825 2.969425
1.845000 1.053775 2.973275
1.850000 1.054725 2.977175
1.855000 1.055675 2.981025
1.860000 1.056675 2.984875
1.865000 1.057625 2.988775
1.870000 1.058625 2.992625
1.875000 1.059575 2.996525
1.880000 1.060575 3.000425
1.885000 1.061575 3.004325
1.890000 1.062575 3.008225
1.895000 1.063575 3.012125
1.900000 1.064625 3.016025
1.905000 1.065625 3.019925
1.910000 1.066675 3.023875
1.915000 1.067675 3.027775
1.920000 1.068725 3.031725
1.925000 1.069775 3.035625
1.930000 1.070825 3.039575
1.935000 1.071875 3.043525
1.940000 1.072925 3.047425
1.945000 1.074025 3.051375
1.950000 1.075075 3.055325
1.955000 1.076175 3.059325
1.960000 1.077225 3.063275
1.965000 1.078325 3.067225
1.970000 1.079425 3.071175
1.975000 1.080525 3.075175
1.980000 1.081625 3.079125
1.985000 1.082725 3.083125
1.990000 1.083875 3.087125
1.995000 1.084975 3.091125
2.000000 1.086125 3.095075
2.005000 1.087275 3.099075
2.010000 1.088425 3.103075
2.015000 1.089525 3.107125
2.020000 1.090725 3.111125
2.025000 1.091875 3.115125
2.030000 1.093025 3.119125
2.035000 1.094175 3.123175
2.040000 1.095375 3.127175
2.045000 1.096575 3.131225
2.050000 1.097725 3.135275
2.055000 1.098925 3.139275
2.060000 1.100125 3.143325
2.065000 1.101325 3.147375
2.070000 1.102525 3.151425
2.075000 1.103775 3.155475
2.080000 1.104975 3.159525
2.085000 1.106225 3.163625
2.090000 1.107425 3.167675
2.095000 1.108675 3.171725
2.100000 1.109925 3.175825
2.105000 1.111175 3.179875
2.110000 1.112425 3.183975
2.115000 1.113675 3.188075
2.120000 1.114925 3.192175
2.125000 1.116225 3.196225
2.130000 1.117475 3.200325
2.135000 1.118775 3.204425
2.140000 1.120075 3.208525
2.145000 1.121375 3.212675
2.150000 1.122625 3.216775
2.155000 1.123975 3.220875
2.160000 1.125275 3.225025
2.165000 1.126575 3.229125
2.170000 1.127875 3.233275
2.175000 1.129225 3.237375
2.180000 1.130575 3.241525
2.185000 1.131875 3.245675
2.190000 1.133225 3.249775
2.195000 1.134575 3.253925
2.200000 1.135925 3.258075
2.205000 1.137275 3.262225
2.210000 1.138675 3.266375
2.215000 1.140025 3.270575
2.220000 1.141375 3.274725
2.225000 1.142775 3.278875
2.230000 1.144175 3.283075
2.235000 1.145575 3.287225
2.240000 1.146925 3.291425
2.245000 1.148325 3.295575
2.250000 1.149775 3.299775
2.255000 1.151175 3.303975
2.260000 1.152575 3.308125
2.265000 1.154025 3.312325
2.270000 1.155425 3.316525
2.275000 1.156875 3.320725
2.280000 1.158325 3.324925
2.285000 1.159725 3.329175
2.290000 1.161175 3.333375
2.295000 1.162625 3.337575
2.300000 1.164125 3.341775
2.305000 1.165575 3.346025
2.310000 1.167025 3.350225
2.315000 1.168525 3.354475
2.320000 1.169975 3.358725
2.325000 1.171475 3.362925
2.330000 1.172975 3.367175
2.335000 1.174475 3.371425
2.340000 1.175975 3.375675
2.345000 1.177475 3.379925
2.350000 1.178975 3.384175
2.355000 1.180475 3.388425
2.360000 1.182025 3.392675
2.365000 1.183525 3.396925
2.370000 1.185075 3.401225
2.375000 1.186625 3.405475
2.380000 1.188175 3.409725
2.385000 1.189725 3.414025
2.390000 1.191275 3.418275
2.395000 1.192825 3.422575
2.400000 1.194375 3.426875
2.405000 1.195925 3.431175
2.410000 1.197525 3.435425
2.415000 1.199075 3.439725
2.420000 1.200675 3.444025
2.425000 1.202275 3.448325
2.430000 1.203875 3.452625
2.435000 1.205425 3.456925
2.440000 1.207075 3.461275
2.445000 1.208675 3.465575
2.450000 1.210275 3.469875
2.455000 1.211875 3.474175
2.460000 1.213525 3.478525
2.465000 1.215125 3.482825
2.470000 1.216775 3.487175
2.475000 1.218425 3.491525
2.480000 1.220025 3.495825
2.485000 1.221675 3.500175
2.490000 1.223325 3.504525
2.495000 1.225025 3.508875
2.500000 1.226675 3.513175
2.505000 1.228325 3.517525
2.510000 1.230025 3.521875
2.515000 1.231675 3.526275
2.520000 1.233375 3.530625
2.525000 1.235025 3.534975
2.530000 1.236725 3.539325
2.535000 1.238425 3.543725
2.540000 1.240125 3.548075
2.545000 1.241825 3.552425
2.550000 1.243525 3.556825
2.555000 1.245275 3.561175
2.560000 1.246975 3.565575
2.565000 1.248725 3.569975
2.570000 1.250425 3.574325
2.575000 1.252175 3.578725
2.580000 1.253925 3.583125
2.585000 1.255675 3.587525
2.590000 1.257425 3.591925
2.595000 1.259175 3.596325
2.600000 1.260925 3.600725
2.605000 1.262675 3.605125
2.610000 1.264425 3.609525
2.615000 1.266225 3.613975
2.620000 1.267975 3.618375
2.625000 1.269775 3.622775
2.630000 1.271575 3.627225
2.635000 1.273325 3.631625
2.640000 1.275125 3.636075
2.645000 1.276925 3.640475
2.650000 1.278725 3.644925
2.655000 1.280575 3.649325
2.660000 1.282375 3.653775
2.665000 1.284175 3.658225
2.670000 1.286025 3.662675
2.675000 1.287825 3.667125
2.680000 1.289675 3.671575
2.685000 1.291525 3.676025
2.690000 1.293375 3.680475
2.695000 1.295175 3.684925
2.700000 1.297025 3.689375
2.705000 1.298925 3.693825
2.710000 1.300775 3.698325
2.715000 1.302625 3.702775
2.720000 1.304475 3.707225
2.725000 1.306375 3.711725
2.730000 1.308225 3.716175
2.735000 1.310125 3.720675
2.740000 1.312025 3.725125
2.745000 1.313925 3.729625
2.750000 1.315825 3.734125
2.755000 1.317725 3.738575
2.760000 1.319625 3.743075
2.765000 1.321525 3.747575
2.770000 1.323425 3.752075
2.775000 1.325375 3.756575
2.780000 1.327275 3.761075
2.785000 1.329225 3.765575
2.790000 1.331125 3.770075
2.795000 1.333075 3.774575
2.800000 1.335025 3.779075
2.805000 1.336975 3.783575
2.810000 1.338925 3.788125
2.815000 1.340875 3.792625
2.820000 1.342825 3.797175
2.825000 1.344775 3.801675
2.830000 1.346775 3.806175
2.835000 1.348725 3.810725
2.840000 1.350675 3.815275
2.845000 1.352675 3.819775
2.850000 1.354675 3.824325
2.855000 1.356675 3.828875
2.860000 1.358625 3.833375
2.865000 1.360625 3.837925
2.870000 1.362625 3.842475
2.875000 1.364675 3.847025
2.880000 1.366675 3.851575
2.885000 1.368675 3.856125
2.890000 1.370675 3.860675
2.895000 1.372725 3.865225
2.900000 1.374725 3.869775
2.905000 1.376775 3.874375
2.910000 1.378825 3.878925
2.915000 1.380875 3.883475
2.920000 1.382875 3.888075
2.925000 1.384925 3.892625
2.930000 1.387025 3.897225
2.935000 1.389075 3.901775
2.940000 1.391125 3.906375
2.945000 1.393175 3.910925
2.950000 1.395275 3.915525
2.955000 1.397325 3.920075
2.960000 1.399425 3.924675
2.965000 1.401475 3.929275
2.970000 1.403575 3.933875
2.975000 1.405675 3.938475
2.980000 1.407775 3.943075
2.985000 1.409875 3.947675
2.990000 1.411975 3.952275
2.995000 1.414075 3.956875
3.000000 1.416175 3.961475
3.005000 1.418325 3.966075
3.010000 1.420425 3.970675
3.015000 1.422575 3.975275
3.020000 1.424675 3.979925
3.025000 1.426825 3.984525
3.030000 1.428925 3.989125
3.035000 1.431075 3.993775
3.040000 1.433225 3.998375
3.045000 1.435375 4.003025
3.050000 1.437525 4.007625
3.055000 1.439675 4.012275
3.060000 1.441875 4.016875
3.065000 1.444025 4.021525
3.070000 1.446175 4.026175
3.075000 1.448375 4.030775
3.080000 1.450525 4.035425
3.085000 1.452725 4.040075
3.090000 1.454925 4.044725
3.095000 1.457125 4.049375
3.100000 1.459275 4.054025
3.105000 1.461475 4.058675
3.110000 1.463675 4.063325
3.115000 1.465925 4.067975
3.120000 1.468125 4.072625
3.125000 1.470325 4.077275
3.130000 1.472525 4.081975
3.135000 1.474775 4.086625
3.140000 1.476975 4.091275
3.145000 1.479225 4.095925
3.150000 1.481475 4.100625
3.155000 1.483675 4.105275
3.160000 1.485925 4.109975
3.165000 1.488175 4.114625
3.170000 1.490425 4.119325
3.175000 1.492675 4.123975
3.180000 1.494925 4.128675
3.185000 1.497225 4.133375
3.190000 1.499475 4.138075
3.195000 1.501725 4.142725
3.200000 1.504025 4.147425
3.205000 1.506275 4.152125
3.210000 1.508575 4.156825
3.215000 1.510875 4.161525
3.220000 1.513125 4.166225
3.225000 1.515425 4.170925
3.230000 1.517725 4.175625
3.235000 1.520025 4.180325
3.240000 1.522325 4.185025
3.245000 1.524675 4.189725
3.250000 1.526975 4.194425
3.255000 1.529275 4.199175
3.260000 1.531625 4.203875
3.265000 1.533925 4.208575
3.270000 1.536275 4.213325
3.275000 1.538575 4.218025
3.280000 1.540925 4.222725
3.285000 1.543275 4.227475
3.290000 1.545625 4.232175
3.295000 1.547975 4.236925
3.300000 1.550325 4.241675
3.305000 1.552675 4.246375
3.310000 1.555025 4.251125
3.315000 1.557375 4.255875
3.320000 1.559725 4.260575
3.325000 1.562125 4.265325
3.330000 1.564475 4.270075
3.335000 1.566875 4.274825
3.340000 1.569275 4.279575
3.345000 1.571625 4.284325
3.350000 1.574025 4.289075
3.355000 1.576425 4.293825
3.360000 1.578825 4.298575
3.365000 1.581225 4.303325
3.370000 1.583625 4.308075
3.375000 1.586025 4.312825
3.380000 1.588425 4.317575
3.385000 1.590875 4.322375
3.390000 1.593275 4.327125
3.395000 1.595675 4.331875
3.400000 1.598125 4.336625
3.405000 1.600575 4.341425
3.410000 1.602975 4.346175
3.415000 1.605425 4.350975
3.420000 1.607875 4.355725
3.425000 1.610325 4.360525
3.430000 1.612775 4.365275
3.435000 1.615225 4.370075
3.440000 1.617675 4.374875
3.445000 1.620125 4.379625
3.450000 1.622575 4.384425
3.455000 1.625075 4.389225
3.460000 1.627525 4.394025
3.465000 1.630025 4.398775
3.470000 1.632475 4.403575
3.475000 1.634975 4.408375
3.480000 1.637475 4.413175
3.485000 1.639925 4.417975
3.490000 1.642425 4.422775
3.495000 1.644925 4.427575
3.500000 1.647425 4.432375
3.505000 1.649925 4.437175
3.510000 1.652475 4.441975
3.515000 1.654975 4.446825
3.520000 1.657475 4.451625
3.525000 1.659975 4.456425
3.530000 1.662525 4.461225
3.535000 1.665025 4.466075
3.540000 1.667575 4.470875
3.545000 1.670125 4.475675
3.550000 1.672625 4.480525
3.555000 1.675175 4.485325
3.560000 1.677725 4.490175
3.565000 1.680275 4.494975
3.570000 1.682825 4.499825
3.575000 1.685375 4.504675
3.580000 1.687925 4.509475
3.585000 1.690525 4.514325
3.590000 1.693075 4.519175
3.595000 1.695625 4.523975
3.600000 1.698225 4.528825
3.605000 1.700775 4.533675
3.610000 1.703375 4.538525
3.615000 1.705975 4.543375
3.620000 1.708525 4.548175
3.625000 1.711125 4.553025
3.630000 1.713725 4.557875
3.635000 1.716325 4.562725
3.640000 1.718925 4.567575
3.645000 1.721525 4.572425
3.650000 1.724125 4.577325
3.655000 1.726775 4.582175
3.660000 1.729375 4.587025
3.665000 1.731975 4.591875
3.670000 1.734625 4.596725
3.675000 1.737225 4.601625
3.680000 1.739875 4.606475
3.685000 1.742525 4.611325
3.690000 1.745125 4.616225
3.695000 1.747775 4.621075
3.700000 1.750425 4.625925
3.705000 1.753075 4.630825
3.710000 1.755725 4.635675
3.715000 1.758375 4.640575
3.720000 1.761025 4.645425
3.725000 1.763675 4.650325
3.730000 1.766375 4.655225
3.735000 1.769025 4.660075
3.740000 1.771725 4.664975
3.745000 1.774375 4.669875
3.750000 1.777075 4.674725
3.755000 1.779725 4.679625
3.760000 1.782425 4.684525
3.765000 1.785125 4.689425
3.770000 1.787825 4.694325
3.775000 1.790525 4.699225
3.780000 1.793225 4.704125
3.785000 1.795925 4.709025
3.790000 1.798625 4.713925
3.795000 1.801325 4.718825
3.800000 1.804025 4.723725
3.805000 1.806775 4.728625
3.810000 1.809475 4.733525
3.815000 1.812225 4.738425
3.820000 1.814925 4.743325
3.825000 1.817675 4.748275
3.830000 1.820425 4.753175
3.835000 1.823125 4.758075
3.840000 1.825875 4.762975
3.845000 1.828625 4.767925
3.850000 1.831375 4.772825
3.855000 1.834125 4.777775
3.860000 1.836875 4.782675
3.865000 1.839625 4.787575
3.870000 1.842425 4.792525
3.875000 1.845175 4.797475
3.880000 1.847925 4.802375
3.885000 1.850725 4.807325
3.890000 1.853475 4.812225
3.895000 1.856275 4.817175
3.900000 1.859025 4.822125
3.905000 1.861825 4.827025
3.910000 1.864625 4.831975
3.915000 1.867425 4.836925
3.920000 1.870225 4.841875
3.925000 1.873025 4.846825
3.930000 1.875825 4.851725
3.935000 1.878625 4.856675
3.940000 1.881425 4.861625
3.945000 1.884225 4.866575
3.950000 1.887075 4.871525
3.955000 1.889875 4.876475
3.960000 1.892725 4.881425
3.965000 1.895525 4.886375
3.970000 1.898375 4.891325
3.975000 1.901175 4.896275
3.980000 1.904025 4.901275
3.985000 1.906875 4.906225
3.990000 1.909725 4.911175
3.995000 1.912575 4.916125
4.000000 1.915425 4.921125
4.005000 1.918275 4.926075
4.010000 1.921125 4.931025
4.015000 1.923975 4.936025
4.020000 1.926825 4.940975
4.025000 1.929725 4.945925
4.030000 1.932575 4.950925
4.035000 1.935475 4.955875
4.040000 1.938325 4.960875
4.045000 1.941225 4.965825
4.050000 1.944075 4.970825
4.055000 1.946975 4.975775
4.060000 1.949875 4.980775
4.065000 1.952775 4.985775
4.070000 1.955675 4.990725
4.075000 1.958575 4.995725
4.080000 1.961475 5.000725
4.085000 1.964375 5.005725
4.090000 1.967275 5.010675
4.095000 1.970175 5.015675
4.100000 1.973125 5.020675
4.105000 1.976025 5.025675
4.110000 1.978975 5.030675
4.115000 1.981875 5.035675
4.120000 1.984825 5.040675
4.125000 1.987725 5.045675
4.130000 1.990675 5.050675
4.135000 1.993625 5.055675
4.140000 1.996575 5.060675
4.145000 1.999525 5.065675
4.150000 2.002475 5.070675
4.155000 2.005425 5.075675
4.160000 2.008375 5.080675
4.165000 2.011325 5.085725
4.170000 2.014275 5.090725
4.175000 2.017275 5.095725
4.180000 2.020225 5.100725
4.185000 2.023225 5.105775
4.190000 2.026175 5.110775
4.195000 2.029175 5.115775
4.200000 2.032125 5.120825
4.205000 2.035125 5.125825
4.210000 2.038125 5.130875
4.215000 2.041125 5.135875
4.220000 2.044125 5.140925
4.225000 2.047125 5.145925
4.230000 2.050125 5.150975
4.235000 2.053125 5.155975
4.240000 2.056125 5.161025
4.245000 2.059125 5.166075
4.250000 2.062175 5.171075
4.255000 2.065175 5.176125
4.260000 2.068175 5.181175
4.265000 2.071225 5.186225
4.270000 2.074225 5.191225
4.275000 2.077275 5.196275
4.280000 2.080325 5.201325
4.285000 2.083375 5.206375
4.290000 2.086375 5.211425
4.295000 2.089425 5.216475
4.300000 2.092475 5.221525
4.305000 2.095525 5.226575
4.310000 2.098575 5.231625
4.315000 2.101625 5.236675
4.320000 2.104725 5.241725
4.325000 2.107775 5.246775
4.330000 2.110825 5.251825
4.335000 2.113925 5.256875
4.340000 2.116975 5.261925
4.345000 2.120075 5.266975
4.350000 2.123125 5.272025
4.355000 2.126225 5.277125
4.360000 2.129325 5.282175
4.365000 2.132425 5.287225
4.370000 2.135475 5.292275
4.375000 2.138575 5.297375
4.380000 2.141675 5.302425
4.385000 2.144775 5.307525
4.390000 2.147875 5.312575
4.395000 2.151025 5.317625
4.400000 2.154125 5.322725
4.405000 2.157225 5.327775
4.410000 2.160375 5.332875
4.415000 2.163475 5.337925
4.420000 2.166625 5.343025
4.425000 2.169725 5.348125
4.430000 2.172875 5.353175
4.435000 2.175975 5.358275
4.440000 2.179125 5.363325
4.445000 2.182275 5.368425
4.450000 2.185425 5.373525
4.455000 2.188575 5.378625
4.460000 2.191725 5.383675
4.465000 2.194875 5.388775
4.470000 2.198025 5.393875
4.475000 2.201175 5.398975
4.480000 2.204375 5.404075
4.485000 2.207525 5.409175
4.490000 2.210675 5.414225
4.495000 2.213875 5.419325
4.500000 2.217025 5.424425
4.505000 2.220225 5.429525
4.510000 2.223375 5.434625
4.515000 2.226575 5.439725
4.520000 2.229775 5.444875
4.525000 2.232975 5.449975
4.530000 2.236175 5.455075
4.535000 2.239375 5.460175
4.540000 2.242575 5.465275
4.545000 2.245775 5.470375
4.550000 2.248975 5.475475
4.555000 2.252175 5.480625
4.560000 2.255375 5.485725
4.565000 2.258625 5.490825
4.570000 2.261825 5.495975
4.575000 2.265075 5.501075
4.580000 2.268275 5.506175
4.585000 2.271525 5.511325
4.590000 2.274725 5.516425
4.595000 2.277975 5.521575
4.600000 2.281225 5.526675
4.605000 2.284475 5.531775
4.610000 2.287725 5.536925
4.615000 2.290975 5.542075
4.620000 2.294225 5.547175
4.625000 2.297475 5.552325
4.630000 2.300725 5.557425
4.635000 2.303975 5.562575
4.640000 2.307275 5.567725
4.645000 2.310525 5.572825
4.650000 2.313775 5.577975
4.655000 2.317075 5.583125
4.660000 2.320325 5.588225
4.665000 2.323625 5.593375
4.670000 2.326925 5.598525
4.675000 2.330175 5.603675
4.680000 2.333475 5.608825
4.685000 2.336775 5.613975
4.690000 2.340075 5.619125
4.695000 2.343375 5.624225
4.700000 2.346675 5.629375
4.705000 2.349975 5.634525
4.710000 2.353275 5.639675
4.715000 2.356575 5.644825
4.720000 2.359925 5.649975
4.725000 2.363225 5.655125
4.730000 2.366525 5.660325
4.735000 2.369875 5.665475
4.740000 2.373225 5.670625
4.745000 2.376525 5.675775
4.750000 2.379875 5.680925
4.755000 2.383225 5.686075
4.760000 2.386525 5.691275
4.765000 2.389875 5.696425
4.770000 2.393225 5.701575
4.775000 2.396575 5.706725
4.780000 2.399925 5.711925
4.785000 2.403275 5.717075
4.790000 2.406625 5.722275
4.795000 2.410025 5.727425
4.800000 2.413375 5.732575
4.805000 2.416725 5.737775
4.810000 2.420125 5.742925
4.815000 2.423475 5.748125
4.820000 2.426875 5.753275
4.825000 2.430225 5.758475
4.830000 2.433625 5.763625
4.835000 2.437025 5.768825
4.840000 2.440375 5.774025
4.845000 2.443775 5.779175
4.850000 2.447175 5.784375
4.855000 2.450575 5.789575
4.860000 2.453975 5.794725
4.865000 2.457375 5.799925
4.870000 2.460775 5.805125
4.875000 2.464225 5.810325
4.880000 2.467625 5.815475
4.885000 2.471025 5.820675
4.890000 2.474475 5.825875
4.895000 2.477875 5.831075
4.900000 2.481325 5.836275
4.905000 2.484725 5.841475
4.910000 2.488175 5.846675
4.915000 2.491575 5.851875
4.920000 2.495025 5.857075
4.925000 2.498475 5.862275
4.930000 2.501925 5.867475
4.935000 2.505375 5.872675
4.940000 2.508825 5.877875
4.945000 2.512275 5.883075
4.950000 2.515725 5.888275
4.955000 2.519175 5.893475
4.960000 2.522675 5.898675
4.965000 2.526125 5.903875
4.970000 2.529575 5.909125
4.975000 2.533075 5.914325
4.980000 2.536525 5.919525
4.985000 2.540025 5.924725
4.990000 2.543475 5.929975
4.995000 2.546975 5.935175
