0.1000000010 0.0489550000 0.9994250000 2.1030150000 2.3464650000
0.2000000010 0.0971350000 0.9979850000 2.1117750000 2.3597650000
0.3000000010 0.1437850000 0.9965150000 2.1254950000 2.3810950000
0.4000000010 0.1882150000 0.9962950000 2.1432150000 2.4093950000
0.5000000010 0.2301150000 0.9989850000 2.1639950000 2.4435750000
0.6000000010 0.2708250000 1.0063850000 2.1870650000 2.4826050000
0.7000000010 0.3087150000 1.0201750000 2.2118950000 2.5256150000
0.8000000010 0.3346650000 1.0415850000 2.2381150000 2.5719050000
0.9000000010 0.3475350000 1.0711950000 2.2654650000 2.6209350000
1.0000000010 0.3445550000 1.1088350000 2.2937750000 2.6722950000
1.1000000010 0.3335550000 1.1537550000 2.3229050000 2.7256850000
1.2000000010 0.3171150000 1.2048550000 2.3526650000 2.7808950000
1.3000000010 0.2885450000 1.2608850000 2.3828650000 2.8377850000
1.4000000010 0.2522650000 1.3205750000 2.4132150000 2.8962550000
1.5000000010 0.2108350000 1.3826750000 2.4433550000 2.9562550000
1.6000000010 0.1659750000 1.4458950000 2.4727750000 3.0177650000
1.7000000010 0.1187550000 1.5087750000 2.5007650000 3.0807750000
