0.0171000000 0.0086993018
0.0241000000 0.0122593896
0.0251000000 0.0127678857
0.0311000000 0.0158184033
0.0321000000 0.0163267334
0.0331000000 0.0168350244
0.0361000000 0.0183597412
0.0371000000 0.0188679150
0.0381000000 0.0193760498
0.0391000000 0.0198841553
0.0401000000 0.0203922314
0.0411000000 0.0209002588
0.0421000000 0.0214082568
0.0431000000 0.0219162158
0.0441000000 0.0224241455
0.0451000000 0.0229320264
0.0461000000 0.0234398584
0.0471000000 0.0239476611
0.0481000000 0.0244554150
0.0491000000 0.0249631299
0.0501000000 0.0254708057
0.0511000000 0.0259784326
0.0521000000 0.0264860107
0.0531000000 0.0269935400
0.0541000000 0.0275010205
0.0551000000 0.0280084619
0.0561000000 0.0285158447
0.0571000000 0.0290231787
0.0581000000 0.0295304639
0.0591000000 0.0300377002
0.0601000000 0.0305448779
0.0611000000 0.0310520068
0.0621000000 0.0315590674
0.0631000000 0.0320660889
0.0641000000 0.0325730420
0.0651000000 0.0330799463
0.0661000000 0.0335867822
0.0671000000 0.0340935693
0.0681000000 0.0346002881
0.0691000000 0.0351069482
0.0701000000 0.0356135498
0.0711000000 0.0361200830
0.0721000000 0.0366265576
0.0731000000 0.0371329639
0.0741000000 0.0376393018
0.0751000000 0.0381455811
0.0761000000 0.0386517822
0.0771000000 0.0391579248
0.0781000000 0.0396639893
0.0791000000 0.0401699951
0.0801000000 0.0406759229
0.0811000000 0.0411817725
0.0821000000 0.0416875537
0.0831000000 0.0421932666
0.0841000000 0.0426989014
0.0851000000 0.0432044580
0.0861000000 0.0437099365
0.0871000000 0.0442153467
0.0881000000 0.0447206689
0.0891000000 0.0452259229
0.0901000000 0.0457310889
0.0911000000 0.0462361768
0.0921000000 0.0467411768
0.0931000000 0.0472460986
0.0941000000 0.0477509326
0.0951000000 0.0482556885
0.0961000000 0.0487603564
0.0971000000 0.0492649365
0.0981000000 0.0497694287
0.0991000000 0.0502738330
0.1001000000 0.0507781494
0.1011000000 0.0512823779
0.1021000000 0.0517865186
0.1031000000 0.0522905615
0.1041000000 0.0527945068
0.1051000000 0.0532983643
0.1061000000 0.0538021338
0.1071000000 0.0543057959
0.1081000000 0.0548093701
0.1091000000 0.0553128467
0.1101000000 0.0558162158
0.1111000000 0.0563194971
0.1121000000 0.0568226709
0.1131000000 0.0573257471
0.1141000000 0.0578287256
0.1151000000 0.0583315967
0.1161000000 0.0588343604
0.1171000000 0.0593370264
0.1181000000 0.0598395850
0.1191000000 0.0603420361
0.1201000000 0.0608443896
0.1211000000 0.0613466260
0.1221000000 0.0618487549
0.1231000000 0.0623507666
0.1241000000 0.0628526807
0.1251000000 0.0633544775
0.1261000000 0.0638561572
0.1271000000 0.0643577295
0.1281000000 0.0648591846
0.1291000000 0.0653605322
0.1301000000 0.0658617529
0.1311000000 0.0663628662
0.1321000000 0.0668638525
0.1331000000 0.0673647217
0.1341000000 0.0678654736
0.1351000000 0.0683661084
0.1361000000 0.0688666162
0.1371000000 0.0693670068
0.1381000000 0.0698672705
0.1391000000 0.0703674170
0.1401000000 0.0708674268
0.1411000000 0.0713673193
0.1421000000 0.0718670850
0.1431000000 0.0723667139
0.1441000000 0.0728662256
0.1451000000 0.0733656006
0.1461000000 0.0738648486
0.1471000000 0.0743639600
0.1481000000 0.0748629443
0.1491000000 0.0753618018
0.1501000000 0.0758605127
0.1511000000 0.0763590967
0.1521000000 0.0768575439
0.1531000000 0.0773558545
0.1541000000 0.0778540283
0.1551000000 0.0783520557
0.1561000000 0.0788499561
0.1571000000 0.0793477100
0.1581000000 0.0798453174
0.1591000000 0.0803427881
0.1601000000 0.0808401221
0.1611000000 0.0813373096
0.1621000000 0.0818343408
0.1631000000 0.0823312354
0.1641000000 0.0828279932
0.1651000000 0.0833245947
0.1661000000 0.0838210400
0.1671000000 0.0843173486
0.1681000000 0.0848135010
0.1691000000 0.0853095068
0.1701000000 0.0858053564
0.1711000000 0.0863010596
0.1721000000 0.0867966064
0.1731000000 0.0872919971
0.1741000000 0.0877872314
0.1751000000 0.0882823096
0.1761000000 0.0887772314
0.1771000000 0.0892720068
0.1781000000 0.0897666064
0.1791000000 0.0902610596
0.1801000000 0.0907553467
0.1811000000 0.0912494678
0.1821000000 0.0917434326
0.1831000000 0.0922372314
0.1841000000 0.0927308740
0.1851000000 0.0932243408
0.1861000000 0.0937176514
0.1871000000 0.0942107959
0.1881000000 0.0947037646
0.1891000000 0.0951965674
0.1901000000 0.0956892041
0.1911000000 0.0961816748
0.1921000000 0.0966739697
0.1931000000 0.0971660889
0.1941000000 0.0976580420
0.1951000000 0.0981498193
0.1961000000 0.0986414209
0.1971000000 0.0991328467
0.1981000000 0.0996240967
0.1991000000 0.1001151709
0.2001000000 0.1006060693
0.2011000000 0.1010967920
0.2021000000 0.1015873291
0.2031000000 0.1020776904
0.2041000000 0.1025678662
0.2051000000 0.1030578662
0.2061000000 0.1035476709
0.2071000000 0.1040372998
0.2081000000 0.1045267529
0.2091000000 0.1050160107
0.2101000000 0.1055050830
0.2111000000 0.1059939697
0.2121000000 0.1064826709
0.2131000000 0.1069711768
0.2141000000 0.1074594971
0.2151000000 0.1079476318
0.2161000000 0.1084355713
0.2171000000 0.1089233154
0.2181000000 0.1094108643
0.2191000000 0.1098982275
0.2201000000 0.1103853955
0.2211000000 0.1108723682
0.2221000000 0.1113591357
0.2231000000 0.1118457178
0.2241000000 0.1123320947
0.2251000000 0.1128182764
0.2261000000 0.1133042627
0.2271000000 0.1137900439
0.2281000000 0.1142756201
0.2291000000 0.1147610010
0.2301000000 0.1152461768
0.2311000000 0.1157311475
0.2321000000 0.1162159131
0.2331000000 0.1167004736
0.2341000000 0.1171848389
0.2351000000 0.1176689893
0.2361000000 0.1181529248
0.2371000000 0.1186366650
0.2381000000 0.1191201904
0.2391000000 0.1196035010
0.2401000000 0.1200866064
0.2411000000 0.1205694971
0.2421000000 0.1210521826
0.2431000000 0.1215346533
0.2441000000 0.1220169092
0.2451000000 0.1224989404
0.2461000000 0.1229807666
0.2471000000 0.1234623779
0.2481000000 0.1239437744
0.2491000000 0.1244249463
0.2501000000 0.1249059033
0.2511000000 0.1253866357
0.2521000000 0.1258671533
0.2531000000 0.1263474463
0.2541000000 0.1268275244
0.2551000000 0.1273073779
0.2561000000 0.1277870068
0.2571000000 0.1282664111
0.2581000000 0.1287455908
0.2591000000 0.1292245459
0.2601000000 0.1297032764
0.2611000000 0.1301817822
0.2621000000 0.1306600635
0.2631000000 0.1311381104
0.2641000000 0.1316159326
0.2651000000 0.1320935205
0.2661000000 0.1325708838
0.2671000000 0.1330480127
0.2681000000 0.1335249072
0.2691000000 0.1340015771
0.2701000000 0.1344780127
0.2711000000 0.1349542139
0.2721000000 0.1354301709
0.2731000000 0.1359059033
0.2741000000 0.1363814014
0.2751000000 0.1368566553
0.2761000000 0.1373316846
0.2771000000 0.1378064600
0.2781000000 0.1382810107
0.2791000000 0.1387553174
0.2801000000 0.1392293799
0.2811000000 0.1397032080
0.2821000000 0.1401767920
0.2831000000 0.1406501416
0.2841000000 0.1411232373
0.2851000000 0.1415960986
0.2861000000 0.1420687158
0.2871000000 0.1425410889
0.2881000000 0.1430132080
0.2891000000 0.1434850928
0.2901000000 0.1439567236
0.2911000000 0.1444281201
0.2921000000 0.1448992627
0.2931000000 0.1453701514
0.2941000000 0.1458407959
0.2951000000 0.1463111963
0.2961000000 0.1467813428
0.2971000000 0.1472512451
0.2981000000 0.1477208838
0.2991000000 0.1481902881
