0.0001000000 0.9999999951
0.0011000000 0.9999998682
0.0021000000 0.9999995361
0.0031000000 0.9999989893
0.0041000000 0.9999982373
0.0051000000 0.9999972705
0.0061000000 0.9999960986
0.0071000000 0.9999947119
0.0081000000 0.9999931104
0.0091000000 0.9999913135
0.0101000000 0.9999892920
0.0111000000 0.9999870752
0.0121000000 0.9999846338
0.0131000000 0.9999819971
0.0141000000 0.9999791455
0.0151000000 0.9999760791
0.0161000000 0.9999728076
0.0171000000 0.9999693311
0.0181000000 0.9999656396
0.0191000000 0.9999617432
0.0201000000 0.9999576416
0.0211000000 0.9999533252
0.0221000000 0.9999488037
0.0231000000 0.9999440771
0.0241000000 0.9999391357
0.0251000000 0.9999339893
0.0261000000 0.9999286377
0.0271000000 0.9999230713
0.0281000000 0.9999172998
0.0291000000 0.9999113232
0.0301000000 0.9999051416
0.0311000000 0.9998987549
0.0321000000 0.9998921533
0.0331000000 0.9998853564
0.0341000000 0.9998783447
0.0351000000 0.9998711279
0.0361000000 0.9998637061
0.0371000000 0.9998560791
0.0381000000 0.9998482471
0.0391000000 0.9998402100
0.0401000000 0.9998319775
0.0411000000 0.9998235303
0.0421000000 0.9998148779
0.0431000000 0.9998060303
0.0441000000 0.9997969678
0.0451000000 0.9997877100
0.0461000000 0.9997782471
0.0471000000 0.9997685889
0.0481000000 0.9997587158
0.0491000000 0.9997486475
0.0501000000 0.9997383838
0.0511000000 0.9997279150
0.0521000000 0.9997172412
0.0531000000 0.9997063721
0.0541000000 0.9996952979
0.0551000000 0.9996840283
0.0561000000 0.9996725537
0.0571000000 0.9996608838
0.0581000000 0.9996490186
0.0591000000 0.9996369482
0.0601000000 0.9996246826
0.0611000000 0.9996122217
0.0621000000 0.9995995654
0.0631000000 0.9995867139
0.0641000000 0.9995736572
0.0651000000 0.9995604150
0.0661000000 0.9995469678
0.0671000000 0.9995333350
0.0681000000 0.9995195068
0.0691000000 0.9995054834
0.0701000000 0.9994912646
0.0711000000 0.9994768604
0.0721000000 0.9994622510
0.0731000000 0.9994474561
0.0741000000 0.9994324756
0.0751000000 0.9994172998
0.0761000000 0.9994019385
0.0771000000 0.9993863818
0.0781000000 0.9993706396
0.0791000000 0.9993547021
0.0801000000 0.9993385791
0.0811000000 0.9993222705
0.0821000000 0.9993057764
0.0831000000 0.9992890967
0.0841000000 0.9992722314
0.0851000000 0.9992551807
0.0861000000 0.9992379346
0.0871000000 0.9992205225
0.0881000000 0.9992029150
0.0891000000 0.9991851221
0.0901000000 0.9991671533
0.0911000000 0.9991490088
0.0921000000 0.9991306689
0.0931000000 0.9991121631
0.0941000000 0.9990934717
0.0951000000 0.9990745947
0.0961000000 0.9990555518
0.0971000000 0.9990363232
0.0981000000 0.9990169189
0.0991000000 0.9989973389
0.1001000000 0.9989775830
0.1011000000 0.9989576514
0.1021000000 0.9989375537
0.1031000000 0.9989172705
0.1041000000 0.9988968213
0.1051000000 0.9988761963
0.1061000000 0.9988554053
0.1071000000 0.9988344385
0.1081000000 0.9988133057
0.1091000000 0.9987919971
0.1101000000 0.9987705322
0.1111000000 0.9987488916
0.1121000000 0.9987270850
0.1131000000 0.9987051123
0.1141000000 0.9986829736
0.1151000000 0.9986606689
0.1161000000 0.9986381982
0.1171000000 0.9986155713
0.1181000000 0.9985927783
0.1191000000 0.9985698291
0.1201000000 0.9985467139
0.1211000000 0.9985234424
0.1221000000 0.9985000146
0.1231000000 0.9984764209
0.1241000000 0.9984526807
0.1251000000 0.9984287744
0.1261000000 0.9984047217
0.1271000000 0.9983805029
0.1281000000 0.9983561377
0.1291000000 0.9983316162
0.1301000000 0.9983069482
0.1311000000 0.9982821240
0.1321000000 0.9982571533
0.1331000000 0.9982320361
0.1341000000 0.9982067627
0.1351000000 0.9981813525
0.1361000000 0.9981557861
0.1371000000 0.9981300830
0.1381000000 0.9981042236
0.1391000000 0.9980782275
0.1401000000 0.9980520947
0.1411000000 0.9980258154
0.1421000000 0.9979993896
0.1431000000 0.9979728271
0.1441000000 0.9979461279
0.1451000000 0.9979192920
0.1461000000 0.9978923193
0.1471000000 0.9978652100
0.1481000000 0.9978379639
0.1491000000 0.9978105908
0.1501000000 0.9977830811
0.1511000000 0.9977554346
0.1521000000 0.9977276611
0.1531000000 0.9976997607
0.1541000000 0.9976717334
0.1551000000 0.9976435693
0.1561000000 0.9976152881
0.1571000000 0.9975868799
0.1581000000 0.9975583447
0.1591000000 0.9975296826
0.1601000000 0.9975009033
0.1611000000 0.9974720068
0.1621000000 0.9974429834
0.1631000000 0.9974138525
0.1641000000 0.9973845947
0.1651000000 0.9973552197
0.1661000000 0.9973257275
0.1671000000 0.9972961279
0.1681000000 0.9972664111
0.1691000000 0.9972365869
0.1701000000 0.9972066455
0.1711000000 0.9971765967
0.1721000000 0.9971464404
0.1731000000 0.9971161768
0.1741000000 0.9970858057
0.1751000000 0.9970553271
0.1761000000 0.9970247510
0.1771000000 0.9969940674
0.1781000000 0.9969632861
0.1791000000 0.9969323975
0.1801000000 0.9969014209
0.1811000000 0.9968703369
0.1821000000 0.9968391553
0.1831000000 0.9968078857
0.1841000000 0.9967765186
0.1851000000 0.9967450635
0.1861000000 0.9967135107
0.1871000000 0.9966818701
0.1881000000 0.9966501416
0.1891000000 0.9966183252
0.1901000000 0.9965864209
0.1911000000 0.9965544287
0.1921000000 0.9965223584
0.1931000000 0.9964902002
0.1941000000 0.9964579639
0.1951000000 0.9964256494
0.1961000000 0.9963932568
0.1971000000 0.9963607861
0.1981000000 0.9963282373
0.1991000000 0.9962956104
0.2001000000 0.9962629150
0.2011000000 0.9962301416
0.2021000000 0.9961973096
0.2031000000 0.9961643994
0.2041000000 0.9961314209
0.2051000000 0.9960983838
0.2061000000 0.9960652686
0.2071000000 0.9960321045
0.2081000000 0.9959988623
0.2091000000 0.9959655713
0.2101000000 0.9959322217
0.2111000000 0.9958988037
0.2121000000 0.9958653369
0.2131000000 0.9958318115
0.2141000000 0.9957982373
0.2151000000 0.9957646045
0.2161000000 0.9957309229
0.2171000000 0.9956971924
0.2181000000 0.9956634131
0.2191000000 0.9956295850
0.2201000000 0.9955957178
0.2211000000 0.9955618018
0.2221000000 0.9955278467
0.2231000000 0.9954938428
0.2241000000 0.9954598096
0.2251000000 0.9954257373
0.2261000000 0.9953916260
0.2271000000 0.9953574756
0.2281000000 0.9953232959
0.2291000000 0.9952890869
0.2301000000 0.9952548486
0.2311000000 0.9952205713
0.2321000000 0.9951862842
0.2331000000 0.9951519580
0.2341000000 0.9951176123
0.2351000000 0.9950832471
0.2361000000 0.9950488525
0.2371000000 0.9950144482
0.2381000000 0.9949800146
0.2391000000 0.9949455713
0.2401000000 0.9949111182
0.2411000000 0.9948766455
0.2421000000 0.9948421631
0.2431000000 0.9948076709
0.2441000000 0.9947731689
0.2451000000 0.9947386670
0.2461000000 0.9947041553
0.2471000000 0.9946696338
0.2481000000 0.9946351221
0.2491000000 0.9946006006
0.2501000000 0.9945660889
0.2511000000 0.9945315771
0.2521000000 0.9944970654
0.2531000000 0.9944625635
0.2541000000 0.9944280713
0.2551000000 0.9943935889
0.2561000000 0.9943591162
0.2571000000 0.9943246631
0.2581000000 0.9942902197
0.2591000000 0.9942557861
0.2601000000 0.9942213818
0.2611000000 0.9941869873
0.2621000000 0.9941526221
0.2631000000 0.9941182764
0.2641000000 0.9940839600
0.2651000000 0.9940496729
0.2661000000 0.9940154053
0.2671000000 0.9939811670
0.2681000000 0.9939469678
0.2691000000 0.9939127979
0.2701000000 0.9938786670
0.2711000000 0.9938445752
0.2721000000 0.9938105127
0.2731000000 0.9937764990
0.2741000000 0.9937425244
0.2751000000 0.9937085986
0.2761000000 0.9936747217
0.2771000000 0.9936408838
0.2781000000 0.9936070947
0.2791000000 0.9935733643
0.2801000000 0.9935396826
0.2811000000 0.9935060596
0.2821000000 0.9934724854
0.2831000000 0.9934389795
0.2841000000 0.9934055322
0.2851000000 0.9933721436
0.2861000000 0.9933388232
0.2871000000 0.9933055615
0.2881000000 0.9932723779
0.2891000000 0.9932392529
0.2901000000 0.9932062061
0.2911000000 0.9931732275
0.2921000000 0.9931403369
0.2931000000 0.9931075146
0.2941000000 0.9930747705
0.2951000000 0.9930421045
0.2961000000 0.9930095264
0.2971000000 0.9929770361
0.2981000000 0.9929446240
0.2991000000 0.9929122998
