0.0841000000 2.1017620264 2.4716141260
0.0851000000 2.1018039990 2.4716831397
0.0861000000 2.1018464600 2.4717529541
0.0871000000 2.1018894092 2.4718235693
0.0881000000 2.1019328467 2.4718949951
0.0891000000 2.1019767725 2.4719672314
0.0901000000 2.1020211768 2.4720402588
0.0911000000 2.1020660791 2.4721140967
0.0921000000 2.1021114600 2.4721887354
0.0931000000 2.1021573291 2.4722641748
0.0941000000 2.1022036865 2.4723404248
0.0951000000 2.1022505225 2.4724174658
0.0961000000 2.1022978467 2.4724953174
0.0971000000 2.1023456494 2.4725739600
0.0981000000 2.1023939404 2.4726534131
0.0991000000 2.1024427197 2.4727336572
0.1001000000 2.1024919775 2.4728147022
0.1011000000 2.1025417236 2.4728965576
0.1021000000 2.1025919482 2.4729791943
0.1031000000 2.1026426514 2.4730626416
0.1041000000 2.1026938428 2.4731468799
0.1051000000 2.1027455127 2.4732319189
0.1061000000 2.1027976709 2.4733177588
0.1071000000 2.1028502979 2.4734043897
0.1081000000 2.1029034131 2.4734918213
0.1091000000 2.1029570068 2.4735800439
0.1101000000 2.1030110889 2.4736690674
0.1111000000 2.1030656396 2.4737588818
0.1121000000 2.1031206787 2.4738494873
0.1131000000 2.1031761865 2.4739408936
0.1141000000 2.1032321826 2.4740330811
0.1151000000 2.1032886475 2.4741260693
0.1161000000 2.1033456006 2.4742198584
0.1171000000 2.1034030225 2.4743144287
0.1181000000 2.1034609229 2.4744097900
0.1191000000 2.1035193018 2.4745059424
0.1201000000 2.1035781592 2.4746028955
0.1211000000 2.1036374854 2.4747006299
0.1221000000 2.1036972900 2.4747991553
0.1231000000 2.1037575732 2.4748984619
0.1241000000 2.1038183252 2.4749985693
0.1251000000 2.1038795557 2.4750994580
0.1261000000 2.1039412646 2.4752011279
0.1271000000 2.1040034424 2.4753035986
0.1281000000 2.1040660889 2.4754068408
0.1291000000 2.1041292139 2.4755108838
0.1301000000 2.1041928076 2.4756156982
0.1311000000 2.1042568799 2.4757213037
0.1321000000 2.1043214111 2.4758276904
0.1331000000 2.1043864209 2.4759348682
0.1341000000 2.1044519092 2.4760428272
0.1351000000 2.1045178564 2.4761515576
0.1361000000 2.1045842725 2.4762610791
0.1371000000 2.1046511670 2.4763713818
0.1381000000 2.1047185205 2.4764824658
0.1391000000 2.1047863525 2.4765943311
0.1401000000 2.1048546436 2.4767069678
0.1411000000 2.1049234131 2.4768203955
0.1421000000 2.1049926416 2.4769345947
0.1431000000 2.1050623389 2.4770495654
0.1441000000 2.1051324951 2.4771653272
0.1451000000 2.1052031299 2.4772818604
0.1461000000 2.1052742236 2.4773991650
0.1471000000 2.1053457764 2.4775172510
0.1481000000 2.1054177979 2.4776361084
0.1491000000 2.1054902881 2.4777557373
0.1501000000 2.1055632373 2.4778761475
0.1511000000 2.1056366553 2.4779973291
0.1521000000 2.1057105322 2.4781192725
0.1531000000 2.1057848682 2.4782419971
0.1541000000 2.1058596729 2.4783654932
0.1551000000 2.1059349268 2.4784897607
0.1561000000 2.1060106494 2.4786147998
0.1571000000 2.1060868311 2.4787406006
0.1581000000 2.1061634717 2.4788671826
0.1591000000 2.1062405811 2.4789945264
0.1601000000 2.1063181396 2.4791226318
0.1611000000 2.1063961572 2.4792515088
0.1621000000 2.1064746338 2.4793811572
0.1631000000 2.1065535693 2.4795115576
0.1641000000 2.1066329541 2.4796427393
0.1651000000 2.1067128076 2.4797746729
0.1661000000 2.1067931104 2.4799073779
0.1671000000 2.1068738623 2.4800408447
0.1681000000 2.1069550732 2.4801750732
0.1691000000 2.1070367432 2.4803100537
0.1701000000 2.1071188623 2.4804458057
0.1711000000 2.1072014404 2.4805823193
0.1721000000 2.1072844678 2.4807195850
0.1731000000 2.1073679443 2.4808576123
0.1741000000 2.1074518799 2.4809964014
0.1751000000 2.1075362646 2.4811359522
0.1761000000 2.1076210986 2.4812762549
0.1771000000 2.1077063818 2.4814173096
0.1781000000 2.1077921143 2.4815591260
0.1791000000 2.1078782959 2.4817016943
0.1801000000 2.1079649268 2.4818450147
0.1811000000 2.1080520068 2.4819890869
0.1821000000 2.1081395361 2.4821339209
0.1831000000 2.1082275146 2.4822794971
0.1841000000 2.1083159326 2.4824258350
0.1851000000 2.1084047998 2.4825729150
0.1861000000 2.1084941162 2.4827207471
0.1871000000 2.1085838721 2.4828693311
0.1881000000 2.1086740771 2.4830186572
0.1891000000 2.1087647217 2.4831687354
0.1901000000 2.1088558154 2.4833195654
0.1911000000 2.1089473486 2.4834711377
0.1921000000 2.1090393213 2.4836234522
0.1931000000 2.1091317432 2.4837765186
0.1941000000 2.1092246045 2.4839303272
0.1951000000 2.1093179053 2.4840848682
0.1961000000 2.1094116455 2.4842401611
0.1971000000 2.1095058252 2.4843961963
0.1981000000 2.1096004443 2.4845529736
0.1991000000 2.1096954932 2.4847104932
0.2001000000 2.1097909912 2.4848687451
0.2011000000 2.1098869287 2.4850277393
0.2021000000 2.1099832959 2.4851874756
0.2031000000 2.1100801025 2.4853479443
0.2041000000 2.1101773389 2.4855091455
0.2051000000 2.1102750244 2.4856710889
0.2061000000 2.1103731299 2.4858337647
0.2071000000 2.1104716748 2.4859971826
0.2081000000 2.1105706592 2.4861613232
0.2091000000 2.1106700635 2.4863262061
0.2101000000 2.1107699072 2.4864918115
0.2111000000 2.1108701904 2.4866581494
0.2121000000 2.1109708936 2.4868252197
0.2131000000 2.1110720361 2.4869930225
0.2141000000 2.1111735986 2.4871615576
0.2151000000 2.1112756006 2.4873308154
0.2161000000 2.1113780225 2.4875007959
0.2171000000 2.1114808838 2.4876715088
0.2181000000 2.1115841650 2.4878429443
0.2191000000 2.1116878760 2.4880151123
0.2201000000 2.1117920068 2.4881879932
0.2211000000 2.1118965771 2.4883616064
0.2221000000 2.1120015576 2.4885359326
0.2231000000 2.1121069775 2.4887109912
0.2241000000 2.1122128076 2.4888867627
0.2251000000 2.1123190771 2.4890632568
0.2261000000 2.1124257568 2.4892404736
0.2271000000 2.1125328662 2.4894184033
0.2281000000 2.1126403955 2.4895970557
0.2291000000 2.1127483447 2.4897764209
0.2301000000 2.1128567139 2.4899564990
0.2311000000 2.1129655029 2.4901372998
0.2321000000 2.1130747119 2.4903188135
0.2331000000 2.1131843408 2.4905010303
0.2341000000 2.1132943896 2.4906839697
0.2351000000 2.1134048584 2.4908676221
0.2361000000 2.1135157373 2.4910519775
0.2371000000 2.1136270459 2.4912370557
0.2381000000 2.1137387549 2.4914228272
0.2391000000 2.1138508838 2.4916093213
0.2401000000 2.1139634326 2.4917965186
0.2411000000 2.1140763916 2.4919844189
0.2421000000 2.1141897705 2.4921730225
0.2431000000 2.1143035596 2.4923623389
0.2441000000 2.1144177490 2.4925523584
0.2451000000 2.1145323682 2.4927430811
0.2461000000 2.1146473877 2.4929344971
0.2471000000 2.1147628174 2.4931266260
0.2481000000 2.1148786670 2.4933194482
0.2491000000 2.1149949170 2.4935129736
0.2501000000 2.1151115771 2.4937072022
0.2511000000 2.1152286475 2.4939021240
0.2521000000 2.1153461182 2.4940977393
0.2531000000 2.1154640088 2.4942940576
0.2541000000 2.1155822900 2.4944910693
0.2551000000 2.1157009912 2.4946887744
0.2561000000 2.1158200928 2.4948871729
0.2571000000 2.1159395947 2.4950862647
0.2581000000 2.1160595068 2.4952860498
0.2591000000 2.1161798193 2.4954865283
0.2601000000 2.1163005322 2.4956877002
0.2611000000 2.1164216455 2.4958895557
0.2621000000 2.1165431689 2.4960920947
0.2631000000 2.1166650830 2.4962953272
0.2641000000 2.1167874072 2.4964992529
0.2651000000 2.1169101221 2.4967038525
0.2661000000 2.1170332471 2.4969091455
0.2671000000 2.1171567627 2.4971151123
0.2681000000 2.1172806689 2.4973217725
0.2691000000 2.1174049854 2.4975291162
0.2701000000 2.1175296924 2.4977371338
0.2711000000 2.1176547998 2.4979458350
0.2721000000 2.1177802979 2.4981552100
0.2731000000 2.1179061865 2.4983652783
0.2741000000 2.1180324756 2.4985760107
0.2751000000 2.1181591553 2.4987874268
0.2761000000 2.1182862256 2.4989995166
0.2771000000 2.1184136963 2.4992122803
0.2781000000 2.1185415479 2.4994257178
0.2791000000 2.1186697998 2.4996398291
0.2801000000 2.1187984424 2.4998546143
0.2811000000 2.1189274658 2.5000700732
0.2821000000 2.1190568799 2.5002861963
0.2831000000 2.1191866846 2.5005029932
0.2841000000 2.1193168799 2.5007204639
0.2851000000 2.1194474658 2.5009385889
0.2861000000 2.1195784326 2.5011573877
0.2871000000 2.1197097803 2.5013768604
0.2881000000 2.1198415186 2.5015969873
0.2891000000 2.1199736475 2.5018177783
0.2901000000 2.1201061475 2.5020392432
0.2911000000 2.1202390381 2.5022613623
0.2921000000 2.1203723096 2.5024841357
0.2931000000 2.1205059717 2.5027075830
0.2941000000 2.1206400049 2.5029316846
0.2951000000 2.1207744287 2.5031564404
0.2961000000 2.1209092236 2.5033818604
0.2971000000 2.1210443994 2.5036079346
0.2981000000 2.1211799561 2.5038346631
0.2991000000 2.1213158936 2.5040620459
