0.0051000000 2.4687306299
0.0061000000 2.4687352588
0.0071000000 2.4687406592
0.0081000000 2.4687468897
0.0091000000 2.4687539600
0.0101000000 2.4687618408
0.0111000000 2.4687705420
0.0121000000 2.4687800635
0.0131000000 2.4687904053
0.0141000000 2.4688015772
0.0151000000 2.4688135596
0.0161000000 2.4688263623
0.0171000000 2.4688399854
0.0181000000 2.4688544385
0.0191000000 2.4688697022
0.0201000000 2.4688857861
0.0211000000 2.4689026904
0.0221000000 2.4689204150
0.0231000000 2.4689389600
0.0241000000 2.4689583252
0.0251000000 2.4689785107
0.0261000000 2.4689995166
0.0271000000 2.4690213428
0.0281000000 2.4690439893
0.0291000000 2.4690674463
0.0301000000 2.4690917334
0.0311000000 2.4691168311
0.0321000000 2.4691427588
0.0331000000 2.4691694971
0.0341000000 2.4691970459
0.0351000000 2.4692254248
0.0361000000 2.4692546240
0.0371000000 2.4692846338
0.0381000000 2.4693154639
0.0391000000 2.4693471143
0.0401000000 2.4693795752
0.0411000000 2.4694128564
0.0421000000 2.4694469580
0.0431000000 2.4694818799
0.0441000000 2.4695176123
0.0451000000 2.4695541650
0.0461000000 2.4695915283
0.0471000000 2.4696297119
0.0481000000 2.4696687158
0.0491000000 2.4697085303
0.0501000000 2.4697491553
0.0511000000 2.4697906006
0.0521000000 2.4698328662
0.0531000000 2.4698759424
0.0541000000 2.4699198389
0.0551000000 2.4699645361
0.0561000000 2.4700100635
0.0571000000 2.4700563916
0.0581000000 2.4701035400
0.0591000000 2.4701515088
0.0601000000 2.4702002783
0.0611000000 2.4702498682
0.0621000000 2.4703002686
0.0631000000 2.4703514795
0.0641000000 2.4704035107
