2.2840000000 0.5617235374 1.3361093407 3.5165743446
2.2850000000 0.5636678886 1.3367331734 3.5172856331
2.2860000000 0.5655902367 1.3373568993 3.5179974480
2.2870000000 0.5674924126 1.3379805336 3.5187097893
2.2880000000 0.5693759804 1.3386040764 3.5194226570
2.2890000000 0.5712422676 1.3392275124 3.5201360664
2.2900000000 0.5730924568 1.3398508568 3.5208500175
2.2910000000 0.5749275780 1.3404740944 3.5215645180
2.2920000000 0.5767485237 1.3410972404 3.5222795753
2.2930000000 0.5785561256 1.3417202873 3.5229951973
2.2940000000 0.5803511009 1.3423432274 3.5237113991
2.2950000000 0.5821341133 1.3429660759 3.5244281731
2.2960000000 0.5839057655 1.3435888252 3.5251455345
2.2970000000 0.5856666069 1.3442114677 3.5258634911
2.2980000000 0.5874171257 1.3448340187 3.5265820503
2.2990000000 0.5891577950 1.3454564629 3.5273012199
2.3000000000 0.5908890266 1.3460788078 3.5280210228
2.3010000000 0.5926112251 1.3467010536 3.5287414513
2.3020000000 0.5943247490 1.3473231926 3.5294625206
2.3030000000 0.5960299416 1.3479452400 3.5301842461
2.3040000000 0.5977271233 1.3485671806 3.5309066353
2.3050000000 0.5994165764 1.3491890221 3.5316297035
2.3060000000 0.6010985985 1.3498107567 3.5323534584
2.3070000000 0.6027734337 1.3504323921 3.5330779152
2.3080000000 0.6044413261 1.3510539284 3.5338030968
2.3090000000 0.6061025276 1.3516753578 3.5345290031
2.3100000000 0.6077572365 1.3522966881 3.5352556648
2.3110000000 0.6094056664 1.3529179115 3.5359830894
2.3120000000 0.6110480156 1.3535390282 3.5367112999
2.3130000000 0.6126844673 1.3541600456 3.5374403114
2.3140000000 0.6143151970 1.3547809639 3.5381701469
2.3150000000 0.6159403725 1.3554017754 3.5389008293
2.3160000000 0.6175601540 1.3560224800 3.5396323891
2.3170000000 0.6191746941 1.3566430779 3.5403648491
2.3180000000 0.6207841377 1.3572635765 3.5410982323
2.3190000000 0.6223886299 1.3578839684 3.5418325844
2.3200000000 0.6239882927 1.3585042534 3.5425679283
2.3210000000 0.6255832558 1.3591244392 3.5433043098
2.3220000000 0.6271736488 1.3597445107 3.5440417824
2.3230000000 0.6287595787 1.3603644829 3.5447803764
2.3240000000 0.6303411598 1.3609843483 3.5455201683
2.3250000000 0.6319185066 1.3616040993 3.5462612190
2.3260000000 0.6334917107 1.3622237511 3.5470036049
2.3270000000 0.6350608864 1.3628432961 3.5477474251
2.3280000000 0.6366261101 1.3634627342 3.5484927864
2.3290000000 0.6381874962 1.3640820656 3.5492398338
2.3300000000 0.6397451134 1.3647012901 3.5499887505
2.3310000000 0.6412990608 1.3653204002 3.5507397804
2.3320000000 0.6428494148 1.3659394112 3.5514932899
2.3330000000 0.6443962517 1.3665583076 3.5522498589
2.3340000000 0.6459396629 1.3671770973 3.5530106087
2.3350000000 0.6474797096 1.3677957802 3.5537802010
2.3360000000 0.6490164680 1.3684143486 3.5545472527
2.3370000000 0.6505500069 1.3690328178 3.5553074074
2.3380000000 0.6520803947 1.3696511650 3.5560637856
2.3390000000 0.6536077003 1.3702694130 3.5568173637
2.3400000000 0.6551319847 1.3708875465 3.5575686455
2.3410000000 0.6566533089 1.3715055733 3.5583179741
2.3420000000 0.6581717339 1.3721234856 3.5590655632
2.3430000000 0.6596873131 1.3727412910 3.5598115959
2.3440000000 0.6612001076 1.3733589897 3.5605561943
2.3450000000 0.6627101707 1.3739765663 3.5612994652
2.3460000000 0.6642175560 1.3745940437 3.5620414925
2.3470000000 0.6657223167 1.3752113991 3.5627823524
2.3480000000 0.6672245064 1.3758286476 3.5635221062
2.3490000000 0.6687241554 1.3764457893 3.5642607994
2.3500000000 0.6702213326 1.3770628090 3.5649984856
2.3510000000 0.6717160759 1.3776797218 3.5657352028
2.3520000000 0.6732084312 1.3782965279 3.5664709892
2.3530000000 0.6746984367 1.3789132118 3.5672058678
2.3540000000 0.6761861458 1.3795297890 3.5679398766
2.3550000000 0.6776715965 1.3801462517 3.5686730385
2.3560000000 0.6791548195 1.3807625999 3.5694053764
2.3570000000 0.6806358681 1.3813788338 3.5701369133
2.3580000000 0.6821147728 1.3819949532 3.5708676643
2.3590000000 0.6835915794 1.3826109581 3.5715976524
2.3600000000 0.6850663185 1.3832268486 3.5723268929
2.3610000000 0.6865390205 1.3838426323 3.5730554008
2.3620000000 0.6880097313 1.3844582939 3.5737831917
2.3630000000 0.6894784813 1.3850738411 3.5745102730
2.3640000000 0.6909453011 1.3856892738 3.5752366676
2.3650000000 0.6924102287 1.3863045921 3.5759623756
2.3660000000 0.6938732948 1.3869197960 3.5766874199
2.3670000000 0.6953345299 1.3875348854 3.5774118004
2.3680000000 0.6967939644 1.3881498528 3.5781355324
2.3690000000 0.6982516289 1.3887647133 3.5788586235
2.3700000000 0.6997075462 1.3893794518 3.5795810814
2.3710000000 0.7011617546 1.3899940681 3.5803029137
2.3720000000 0.7026142845 1.3906085777 3.5810241280
2.3730000000 0.7040651512 1.3912229652 3.5817447243
2.3740000000 0.7055143852 1.3918372383 3.5824647255
2.3750000000 0.7069620247 1.3924513893 3.5831841316
2.3760000000 0.7084080849 1.3930654259 3.5839029427
2.3770000000 0.7098525887 1.3936793480 3.5846211662
2.3780000000 0.7112955666 1.3942931480 3.5853388176
2.3790000000 0.7127370415 1.3949068260 3.5860558891
2.3800000000 0.7141770439 1.3955203896 3.5867723885
2.3810000000 0.7156155815 1.3961338387 3.5874883232
2.3820000000 0.7170526924 1.3967471657 3.5882037010
2.3830000000 0.7184883995 1.3973603706 3.5889185219
2.3840000000 0.7199227104 1.3979734612 3.5896327858
2.3850000000 0.7213556557 1.3985864296 3.5903465004
2.3860000000 0.7227872658 1.3991992760 3.5910596733
2.3870000000 0.7242175407 1.3998120079 3.5917723122
2.3880000000 0.7256465187 1.4004246101 3.5924844017
2.3890000000 0.7270742149 1.4010371056 3.5931959648
2.3900000000 0.7285006523 1.4016494713 3.5939069939
2.3910000000 0.7299258461 1.4022617226 3.5946174889
2.3920000000 0.7313498116 1.4028738518 3.5953274651
2.3930000000 0.7327725716 1.4034858513 3.5960369148
2.3940000000 0.7341941490 1.4040977440 3.5967458458
2.3950000000 0.7356145515 1.4047095070 3.5974542580
2.3960000000 0.7370338097 1.4053211479 3.5981621590
2.3970000000 0.7384519386 1.4059326668 3.5988695412
2.3980000000 0.7398689461 1.4065440712 3.5995764122
2.3990000000 0.7412848549 1.4071553459 3.6002827797
2.4000000000 0.7426996880 1.4077665062 3.6009886360
2.4010000000 0.7441134529 1.4083775368 3.6016939888
2.4020000000 0.7455261650 1.4089884453 3.6023988380
2.4030000000 0.7469378548 1.4095992317 3.6031031837
2.4040000000 0.7483485146 1.4102099037 3.6038070335
2.4050000000 0.7497581825 1.4108204460 3.6045103798
2.4060000000 0.7511668587 1.4114308662 3.6052132378
2.4070000000 0.7525745659 1.4120411568 3.6059155922
2.4080000000 0.7539813194 1.4126513329 3.6066174583
2.4090000000 0.7553871269 1.4132613792 3.6073188286
2.4100000000 0.7567920113 1.4138713036 3.6080197105
2.4110000000 0.7581959724 1.4144811058 3.6087201042
2.4120000000 0.7595990410 1.4150907860 3.6094200096
2.4130000000 0.7610012245 1.4157003365 3.6101194267
2.4140000000 0.7624025307 1.4163097649 3.6108183556
2.4150000000 0.7638029823 1.4169190712 3.6115167961
2.4160000000 0.7652025871 1.4175282555 3.6122147636
2.4170000000 0.7666013603 1.4181373100 3.6129122353
2.4180000000 0.7679993095 1.4187462425 3.6136092339
2.4190000000 0.7693964500 1.4193550453 3.6143057442
2.4200000000 0.7707927971 1.4199637260 3.6150017815
2.4210000000 0.7721883659 1.4205722847 3.6156973305
2.4220000000 0.7735831566 1.4211807137 3.6163924065
2.4230000000 0.7749771919 1.4217890205 3.6170870018
2.4240000000 0.7763704796 1.4223971977 3.6177811241
2.4250000000 0.7777630272 1.4230052528 3.6184747658
2.4260000000 0.7791548576 1.4236131783 3.6191679268
2.4270000000 0.7805459709 1.4242209816 3.6198606148
2.4280000000 0.7819363823 1.4248286552 3.6205528297
2.4290000000 0.7833260994 1.4254362068 3.6212445717
2.4300000000 0.7847151451 1.4260436363 3.6219358330
2.4310000000 0.7861035118 1.4266509285 3.6226266289
2.4320000000 0.7874912224 1.4272581062 3.6233169441
2.4330000000 0.7888782845 1.4278651466 3.6240067863
2.4340000000 0.7902647133 1.4284720650 3.6246961555
2.4350000000 0.7916505089 1.4290788612 3.6253850594
2.4360000000 0.7930356865 1.4296855278 3.6260734825
2.4370000000 0.7944202614 1.4302920647 3.6267614403
2.4380000000 0.7958042336 1.4308984795 3.6274489250
2.4390000000 0.7971876183 1.4315047646 3.6281359367
2.4400000000 0.7985704231 1.4321109276 3.6288224754
2.4410000000 0.7999526558 1.4327169609 3.6295085487
2.4420000000 0.8013343391 1.4333228645 3.6301941490
2.4430000000 0.8027154579 1.4339286461 3.6308792763
2.4440000000 0.8040960426 1.4345342979 3.6315639305
2.4450000000 0.8054760933 1.4351398201 3.6322481194
2.4460000000 0.8068556175 1.4357452202 3.6329318428
2.4470000000 0.8082346306 1.4363504906 3.6336150856
2.4480000000 0.8096131401 1.4369556313 3.6342978706
2.4490000000 0.8109911461 1.4375606499 3.6349801750
2.4500000000 0.8123686638 1.4381655388 3.6356620140
2.4510000000 0.8137457008 1.4387703056 3.6363433800
2.4520000000 0.8151222649 1.4393749352 3.6370242805
2.4530000000 0.8164983711 1.4399794502 3.6377047081
2.4540000000 0.8178740120 1.4405838280 3.6383846703
2.4550000000 0.8192492104 1.4411880836 3.6390641594
2.4560000000 0.8206239738 1.4417922096 3.6397431755
2.4570000000 0.8219982948 1.4423962135 3.6404217186
2.4580000000 0.8233721962 1.4430000877 3.6410997963
2.4590000000 0.8247456856 1.4436038399 3.6417774086
2.4600000000 0.8261187630 1.4442074623 3.6424545403
2.4610000000 0.8274914360 1.4448109550 3.6431312065
2.4620000000 0.8288637199 1.4454143257 3.6438073997
2.4630000000 0.8302356148 1.4460175667 3.6444831276
2.4640000000 0.8316071281 1.4466206779 3.6451583824
2.4650000000 0.8329782753 1.4472236671 3.6458331566
2.4660000000 0.8343490562 1.4478265343 3.6465074654
2.4670000000 0.8357194786 1.4484292717 3.6471813087
2.4680000000 0.8370895500 1.4490318794 3.6478546715
2.4690000000 0.8384592857 1.4496343651 3.6485275612
2.4700000000 0.8398286781 1.4502367287 3.6491999855
2.4710000000 0.8411977425 1.4508389626 3.6498719292
2.4720000000 0.8425664787 1.4514410744 3.6505434074
2.4730000000 0.8439349098 1.4520430565 3.6512144051
2.4740000000 0.8453030281 1.4526449165 3.6518849373
2.4750000000 0.8466708412 1.4532466545 3.6525549889
2.4760000000 0.8480383568 1.4538482628 3.6532245674
2.4770000000 0.8494055824 1.4544497490 3.6538936729
2.4780000000 0.8507725334 1.4550511131 3.6545622978
2.4790000000 0.8521392021 1.4556523476 3.6552304497
2.4800000000 0.8535055962 1.4562534676 3.6558981285
2.4810000000 0.8548717308 1.4568544579 3.6565653343
2.4820000000 0.8562376060 1.4574553261 3.6572320595
2.4830000000 0.8576032372 1.4580560722 3.6578983040
2.4840000000 0.8589686165 1.4586566963 3.6585640755
2.4850000000 0.8603337517 1.4592571907 3.6592293739
2.4860000000 0.8616986580 1.4598575706 3.6598941841
2.4870000000 0.8630633354 1.4604578285 3.6605585213
2.4880000000 0.8644277916 1.4610579643 3.6612223854
2.4890000000 0.8657920341 1.4616579781 3.6618857613
2.4900000000 0.8671560631 1.4622578773 3.6625486641
2.4910000000 0.8685198936 1.4628576469 3.6632110786
2.4920000000 0.8698835182 1.4634573021 3.6638730202
2.4930000000 0.8712469521 1.4640568352 3.6645344734
2.4940000000 0.8726102028 1.4646562538 3.6651954536
2.4950000000 0.8739732704 1.4652555504 3.6658559456
2.4960000000 0.8753361549 1.4658547325 3.6665159569
2.4970000000 0.8766988792 1.4664537926 3.6671754875
2.4980000000 0.8780614281 1.4670527382 3.6678345375
2.4990000000 0.8794238243 1.4676515694 3.6684930992
2.5000000000 0.8807860603 1.4682502785 3.6691511726
2.5010000000 0.8821481514 1.4688488731 3.6698087654
2.5020000000 0.8835100975 1.4694473534 3.6704658699
2.5030000000 0.8848719063 1.4700457268 3.6711224937
2.5040000000 0.8862335854 1.4706439781 3.6717786293
2.5050000000 0.8875951271 1.4712421150 3.6724342766
2.5060000000 0.8889565544 1.4718401451 3.6730894356
2.5070000000 0.8903178520 1.4724380608 3.6737441063
2.5080000000 0.8916790504 1.4730358620 3.6743982964
2.5090000000 0.8930401344 1.4736335564 3.6750519905
2.5100000000 0.8944011116 1.4742311440 3.6757051964
2.5110000000 0.8957619972 1.4748286171 3.6763579063
2.5120000000 0.8971227837 1.4754259834 3.6770101280
2.5130000000 0.8984834862 1.4760232430 3.6776618614
2.5140000000 0.8998441048 1.4766203957 3.6783131065
2.5150000000 0.9012046471 1.4772174416 3.6789638557
2.5160000000 0.9025651131 1.4778143883 3.6796141090
2.5170000000 0.9039255104 1.4784112206 3.6802638741
2.5180000000 0.9052858467 1.4790079613 3.6809131355
2.5190000000 0.9066461220 1.4796045876 3.6815619087
2.5200000000 0.9080063362 1.4802011223 3.6822101860
2.5210000000 0.9093665047 1.4807975502 3.6828579674
2.5220000000 0.9107266273 1.4813938866 3.6835052528
2.5230000000 0.9120867119 1.4819901161 3.6841520424
2.5240000000 0.9134467583 1.4825862541 3.6847983284
2.5250000000 0.9148067741 1.4831822929 3.6854441185
2.5260000000 0.9161667595 1.4837782402 3.6860894127
2.5270000000 0.9175267296 1.4843740959 3.6867342033
2.5280000000 0.9188866768 1.4849698524 3.6873784981
2.5290000000 0.9202466087 1.4855655251 3.6880222893
2.5300000000 0.9216065254 1.4861611061 3.6886655769
2.5310000000 0.9229664497 1.4867565956 3.6893083687
2.5320000000 0.9243263664 1.4873520012 3.6899506493
2.5330000000 0.9256862831 1.4879473228 3.6905924339
2.5340000000 0.9270462151 1.4885425529 3.6912337074
2.5350000000 0.9284061546 1.4891377068 3.6918744850
2.5360000000 0.9297661095 1.4897327843 3.6925147514
2.5370000000 0.9311260872 1.4903277779 3.6931545143
2.5380000000 0.9324860878 1.4909226875 3.6937937660
2.5390000000 0.9338461189 1.4915175285 3.6944325142
2.5400000000 0.9352061882 1.4921123009 3.6950707512
2.5410000000 0.9365662880 1.4927069893 3.6957084846
2.5420000000 0.9379264336 1.4933016167 3.6963457069
2.5430000000 0.9392866249 1.4938961678 3.6969824181
2.5440000000 0.9406468620 1.4944906578 3.6976186180
2.5450000000 0.9420071602 1.4950850868 3.6982543068
2.5460000000 0.9433675117 1.4956794472 3.6988894844
2.5470000000 0.9447279243 1.4962737541 3.6995241508
2.5480000000 0.9460884056 1.4968680000 3.7001583061
2.5490000000 0.9474489555 1.4974621849 3.7007919426
2.5500000000 0.9488095741 1.4980563240 3.7014250603
2.5510000000 0.9501702766 1.4986504097 3.7020576744
2.5520000000 0.9515310631 1.4992444496 3.7026897621
2.5530000000 0.9528919334 1.4998384438 3.7033213387
2.5540000000 0.9542528877 1.5004323997 3.7039523964
2.5550000000 0.9556139412 1.5010263100 3.7045829353
2.5560000000 0.9569750938 1.5016201897 3.7052129555
2.5570000000 0.9583363457 1.5022140312 3.7058424568
2.5580000000 0.9596977043 1.5028078423 3.7064714394
2.5590000000 0.9610591698 1.5034016228 3.7070999031
2.5600000000 0.9624207497 1.5039953880 3.7077278404
2.5610000000 0.9637824440 1.5045891304 3.7083552589
2.5620000000 0.9651442680 1.5051828499 3.7089821587
2.5630000000 0.9665062065 1.5057765617 3.7096085243
2.5640000000 0.9678682747 1.5063702660 3.7102343712
2.5650000000 0.9692304802 1.5069639549 3.7108596992
2.5660000000 0.9705928154 1.5075576515 3.7114844933
2.5670000000 0.9719552956 1.5081513481 3.7121087608
2.5680000000 0.9733179131 1.5087450523 3.7127325096
2.5690000000 0.9746806831 1.5093387642 3.7133557243
2.5700000000 0.9760435982 1.5099324989 3.7139784126
2.5710000000 0.9774066734 1.5105262489 3.7146005669
2.5720000000 0.9787699013 1.5111200294 3.7152221947
2.5730000000 0.9801332893 1.5117138405 3.7158432961
2.5740000000 0.9814968452 1.5123076897 3.7164638634
2.5750000000 0.9828605766 1.5129015770 3.7170838966
2.5760000000 0.9842244759 1.5134955101 3.7177034035
2.5770000000 0.9855885506 1.5140895042 3.7183223686
2.5780000000 0.9869528008 1.5146835594 3.7189408073
2.5790000000 0.9883172417 1.5152776756 3.7195587044
2.5800000000 0.9896818657 1.5158718681 3.7201760750
2.5810000000 0.9910466805 1.5164661369 3.7207929039
2.5820000000 0.9924116859 1.5170604973 3.7214091911
2.5830000000 0.9937768974 1.5176549568 3.7220249519
2.5840000000 0.9951423073 1.5182495155 3.7226401711
2.5850000000 0.9965079155 1.5188441887 3.7232548485
2.5860000000 0.9978737373 1.5194389839 3.7238689842
2.5870000000 0.9992397728 1.5200339012 3.7244825859
2.5880000000 1.0006060219 1.5206289635 3.7250956383
2.5890000000 1.0019724922 1.5212241783 3.7257081566
2.5900000000 1.0033391838 1.5218195457 3.7263201332
2.5910000000 1.0047060966 1.5224150887 3.7269315605
2.5920000000 1.0060732460 1.5230108070 3.7275424538
2.5930000000 1.0074406242 1.5236067238 3.7281527977
2.5940000000 1.0088082390 1.5242028465 3.7287625923
2.5950000000 1.0101760902 1.5247991905 3.7293718452
2.5960000000 1.0115441933 1.5253957634 3.7299805489
2.5970000000 1.0129125328 1.5259925804 3.7305887108
2.5980000000 1.0142811317 1.5265896645 3.7311963234
2.5990000000 1.0156499825 1.5271870308 3.7318033867
2.6000000000 1.0170190849 1.5277846870 3.7324099007
2.6010000000 1.0183884544 1.5283826637 3.7330158577
2.6020000000 1.0197580833 1.5289809685 3.7336212730
2.6030000000 1.0211279869 1.5295796318 3.7342261391
2.6040000000 1.0224981575 1.5301786690 3.7348304482
2.6050000000 1.0238685951 1.5307781029 3.7354342079
2.6060000000 1.0252393227 1.5313779640 3.7360374107
2.6070000000 1.0266103249 1.5319782753 3.7366400566
2.6080000000 1.0279816093 1.5325790596 3.7372421532
2.6090000000 1.0293531914 1.5331803551 3.7378436928
2.6100000000 1.0307250557 1.5337821922 3.7384446831
2.6110000000 1.0320972176 1.5343846092 3.7390451088
2.6120000000 1.0334696770 1.5349876366 3.7396449776
2.6130000000 1.0348424416 1.5355913200 3.7402442894
2.6140000000 1.0362155113 1.5361957054 3.7408430443
2.6150000000 1.0375888863 1.5368008385 3.7414412422
2.6160000000 1.0389625740 1.5374067802 3.7420388756
2.6170000000 1.0403365822 1.5380135765 3.7426359520
2.6180000000 1.0417109032 1.5386213112 3.7432324638
2.6190000000 1.0430855446 1.5392300453 3.7438284187
2.6200000000 1.0444605141 1.5398398552 3.7444238014
2.6210000000 1.0458358116 1.5404508476 3.7450186272
2.6220000000 1.0472114449 1.5410631218 3.7456128883
2.6230000000 1.0485874138 1.5416767998 3.7462065926
2.6240000000 1.0499637184 1.5422920113 3.7467997246
2.6250000000 1.0513403664 1.5429089241 3.7473922920
2.6260000000 1.0527173576 1.5435277214 3.7479842873
2.6270000000 1.0540946999 1.5441486473 3.7485757179
2.6280000000 1.0554724007 1.5447719612 3.7491665840
2.6290000000 1.0568504524 1.5453980293 3.7497568855
2.6300000000 1.0582288628 1.5460272942 3.7503466148
2.6310000000 1.0596076317 1.5466603584 3.7509357719
2.6320000000 1.0609867744 1.5472980385 3.7515243568
2.6330000000 1.0623662834 1.5479415779 3.7521123772
2.6340000000 1.0637461662 1.5485930061 3.7526998253
2.6350000000 1.0651264229 1.5492563057 3.7532867012
2.6360000000 1.0665070610 1.5499431190 3.7538730049
2.6370000000 1.0678880882 1.5506800804 3.7544587288
2.6380000000 1.0692694969 1.5513583107 3.7550438881
2.6390000000 1.0706512947 1.5520166893 3.7556284676
2.6400000000 1.0720334816 1.5526638527 3.7562124672
2.6410000000 1.0734160728 1.5533031502 3.7567959023
2.6420000000 1.0747990608 1.5539363823 3.7573787575
2.6430000000 1.0761824532 1.5545646782 3.7579610329
2.6440000000 1.0775662498 1.5551887932 3.7585427284
2.6450000000 1.0789504585 1.5558092766 3.7591238518
2.6460000000 1.0803350792 1.5564265480 3.7597043953
2.6470000000 1.0817201195 1.5570409279 3.7602843590
2.6480000000 1.0831055794 1.5576526833 3.7608637428
2.6490000000 1.0844914665 1.5582620201 3.7614425468
2.6500000000 1.0858777809 1.5588691063 3.7620207710
2.6510000000 1.0872645226 1.5594741096 3.7625984154
2.6520000000 1.0886516991 1.5600771370 3.7631754723
2.6530000000 1.0900393181 1.5606783028 3.7637519493
2.6540000000 1.0914273720 1.5612777061 3.7643278465
2.6550000000 1.0928158760 1.5618754311 3.7649031563
2.6560000000 1.0942048225 1.5624715462 3.7654778862
2.6570000000 1.0955942268 1.5630661125 3.7660520287
2.6580000000 1.0969840813 1.5636591988 3.7666255836
2.6590000000 1.0983743935 1.5642508430 3.7671985588
2.6600000000 1.0997651711 1.5648411064 3.7677709465
2.6610000000 1.1011564140 1.5654300194 3.7683427391
2.6620000000 1.1025481224 1.5660176277 3.7689139519
2.6630000000 1.1039403114 1.5666039619 3.7694845772
2.6640000000 1.1053329735 1.5671890602 3.7700546150
2.6650000000 1.1067261086 1.5677729378 3.7706240578
2.6660000000 1.1081197319 1.5683556328 3.7711929207
2.6670000000 1.1095138435 1.5689371758 3.7717611885
2.6680000000 1.1109084435 1.5695175743 3.7723288689
2.6690000000 1.1123035393 1.5700968513 3.7728959541
2.6700000000 1.1136991234 1.5706750374 3.7734624519
2.6710000000 1.1150952187 1.5712521324 3.7740283546
2.6720000000 1.1164918175 1.5718281746 3.7745936699
2.6730000000 1.1178889198 1.5724031639 3.7751583900
2.6740000000 1.1192865334 1.5729771156 3.7757225151
2.6750000000 1.1206846657 1.5735500450 3.7762860527
2.6760000000 1.1220833168 1.5741219673 3.7768489952
2.6770000000 1.1234824867 1.5746928825 3.7774113350
2.6780000000 1.1248821831 1.5752628212 3.7779730873
2.6790000000 1.1262824059 1.5758317757 3.7785342445
2.6800000000 1.1276831703 1.5763997612 3.7790948067
2.6810000000 1.1290844688 1.5769667854 3.7796547737
2.6820000000 1.1304863014 1.5775328560 3.7802141380
2.6830000000 1.1318886833 1.5780979805 3.7807729149
2.6840000000 1.1332916145 1.5786621666 3.7813310890
2.6850000000 1.1346950951 1.5792254143 3.7818886604
2.6860000000 1.1360991325 1.5797877388 3.7824456444
2.6870000000 1.1375037270 1.5803491402 3.7830020256
2.6880000000 1.1389088860 1.5809096260 3.7835578041
2.6890000000 1.1403146095 1.5814692039 3.7841129875
2.6900000000 1.1417209053 1.5820278664 3.7846675758
2.6910000000 1.1431277733 1.5825856285 3.7852215538
2.6920000000 1.1445352135 1.5831424828 3.7857749367
2.6930000000 1.1459432411 1.5836984444 3.7863277245
2.6940000000 1.1473518562 1.5842535133 3.7868799095
2.6950000000 1.1487610512 1.5848076897 3.7874314842
2.6960000000 1.1501708488 1.5853609734 3.7879824715
2.6970000000 1.1515812340 1.5859133720 3.7885328484
2.6980000000 1.1529922218 1.5864648781 3.7890826225
2.6990000000 1.1544038200 1.5870155067 3.7896317940
2.7000000000 1.1558160210 1.5875652504 3.7901803703
2.7010000000 1.1572288322 1.5881141167 3.7907283363
2.7020000000 1.1586422615 1.5886620979 3.7912756996
2.7030000000 1.1600563087 1.5892092018 3.7918224602
2.7040000000 1.1614709816 1.5897554283 3.7923686180
2.7050000000 1.1628862801 1.5903007774 3.7929141731
2.7060000000 1.1643022118 1.5908452492 3.7934591255
2.7070000000 1.1657187767 1.5913888359 3.7940034676
2.7080000000 1.1671359825 1.5919315529 3.7945472069
2.7090000000 1.1685538292 1.5924733849 3.7950903435
2.7100000000 1.1699723244 1.5930143394 3.7956328773
2.7110000000 1.1713914680 1.5935544167 3.7961748009
2.7120000000 1.1728112679 1.5940936165 3.7967161217
2.7130000000 1.1742317238 1.5946319389 3.7972568321
2.7140000000 1.1756528511 1.5951693764 3.7977969398
2.7150000000 1.1770746422 1.5957059288 3.7983364372
2.7160000000 1.1784970970 1.5962415962 3.7988753319
2.7170000000 1.1799202385 1.5967763863 3.7994136238
2.7180000000 1.1813440514 1.5973102913 3.7999513054
2.7190000000 1.1827685509 1.5978433037 3.8004883766
2.7200000000 1.1841937370 1.5983754311 3.8010248451
2.7210000000 1.1856196175 1.5989066658 3.8015607033
2.7220000000 1.1870461845 1.5994370079 3.8020959587
2.7230000000 1.1884734612 1.5999664497 3.8026306038
2.7240000000 1.1899014397 1.6004950066 3.8031646385
2.7250000000 1.1913301277 1.6010226555 3.8036980705
2.7260000000 1.1927595253 1.6015494118 3.8042308922
2.7270000000 1.1941896400 1.6020752602 3.8047631111
2.7280000000 1.1956204720 1.6026002007 3.8052947197
2.7290000000 1.1970520363 1.6031242409 3.8058257179
2.7300000000 1.1984843254 1.6036473656 3.8063561058
2.7310000000 1.1999173546 1.6041695747 3.8068858910
2.7320000000 1.2013511162 1.6046908684 3.8074150658
2.7330000000 1.2027856255 1.6052112465 3.8079436302
2.7340000000 1.2042208748 1.6057307014 3.8084715919
2.7350000000 1.2056568794 1.6062492332 3.8089989433
2.7360000000 1.2070936394 1.6067668343 3.8095256844
2.7370000000 1.2085311546 1.6072835045 3.8100518150
2.7380000000 1.2099694405 1.6077992363 3.8105773430
2.7390000000 1.2114084892 1.6083140373 3.8111022606
2.7400000000 1.2128483162 1.6088278923 3.8116265678
2.7410000000 1.2142889214 1.6093408012 3.8121502724
2.7420000000 1.2157303047 1.6098527641 3.8126733589
2.7430000000 1.2171724739 1.6103637733 3.8131958504
2.7440000000 1.2186154366 1.6108738213 3.8137177238
2.7450000000 1.2200592003 1.6113829155 3.8142389946
2.7460000000 1.2215037575 1.6118910408 3.8147596550
2.7470000000 1.2229491158 1.6123982048 3.8152797127
2.7480000000 1.2243952904 1.6129043922 3.8157991600
2.7490000000 1.2258422813 1.6134096031 3.8163179970
2.7500000000 1.2272900810 1.6139138298 3.8168362236
2.7510000000 1.2287387123 1.6144170799 3.8173538551
2.7520000000 1.2301881676 1.6149193306 3.8178708687
2.7530000000 1.2316384544 1.6154205894 3.8183872795
2.7540000000 1.2330895805 1.6159208565 3.8189030800
2.7550000000 1.2345415459 1.6164201164 3.8194182777
2.7560000000 1.2359943657 1.6169183617 3.8199328728
2.7570000000 1.2374480247 1.6174155998 3.8204468575
2.7580000000 1.2389025459 1.6179118233 3.8209602394
2.7590000000 1.2403579292 1.6184070168 3.8214730110
2.7600000000 1.2418141823 1.6189011879 3.8219851799
2.7610000000 1.2432712975 1.6193943214 3.8224967384
2.7620000000 1.2447292900 1.6198864174 3.8230076942
2.7630000000 1.2461881676 1.6203774681 3.8235180473
2.7640000000 1.2476479225 1.6208674736 3.8240277977
2.7650000000 1.2491085701 1.6213564262 3.8245369453
2.7660000000 1.2505701180 1.6218443108 3.8250454826
2.7670000000 1.2520325584 1.6223311348 3.8255534172
2.7680000000 1.2534959068 1.6228168907 3.8260607567
2.7690000000 1.2549601631 1.6233015633 3.8265674858
2.7700000000 1.2564253349 1.6237851524 3.8270736122
2.7710000000 1.2578914223 1.6242676582 3.8275791359
2.7720000000 1.2593584404 1.6247490654 3.8280840645
2.7730000000 1.2608263817 1.6252293663 3.8285883827
2.7740000000 1.2622952614 1.6257085686 3.8290921059
2.7750000000 1.2637650795 1.6261866493 3.8295952263
2.7760000000 1.2652358360 1.6266636162 3.8300977440
2.7770000000 1.2667075539 1.6271394539 3.8305996666
2.7780000000 1.2681802177 1.6276141548 3.8311009865
2.7790000000 1.2696538429 1.6280877266 3.8316017113
2.7800000000 1.2711284294 1.6285601387 3.8321018333
2.7810000000 1.2726039925 1.6290314064 3.8326013603
2.7820000000 1.2740805244 1.6295015068 3.8331002922
2.7830000000 1.2755580406 1.6299704475 3.8335986214
2.7840000000 1.2770365410 1.6304382057 3.8340963554
2.7850000000 1.2785160332 1.6309047890 3.8345934944
2.7860000000 1.2799965172 1.6313701744 3.8350900383
2.7870000000 1.2814780006 1.6318343697 3.8355859795
2.7880000000 1.2829604912 1.6322973595 3.8360813332
2.7890000000 1.2844439964 1.6327591438 3.8365760994
2.7900000000 1.2859285164 1.6332196999 3.8370702629
2.7910000000 1.2874140511 1.6336790352 3.8375638390
2.7920000000 1.2889006233 1.6341371346 3.8380568199
2.7930000000 1.2903882179 1.6345939827 3.8385492058
2.7940000000 1.2918768501 1.6350495872 3.8390410042
2.7950000000 1.2933665276 1.6355039330 3.8395322151
2.7960000000 1.2948572502 1.6359570122 3.8400228386
2.7970000000 1.2963490257 1.6364088097 3.8405128670
2.7980000000 1.2978418541 1.6368593330 3.8410023079
2.7990000000 1.2993357506 1.6373085518 3.8414911613
2.8000000000 1.3008307152 1.6377564735 3.8419794350
2.8010000000 1.3023267479 1.6382030907 3.8424671135
2.8020000000 1.3038238564 1.6386483803 3.8429542122
2.8030000000 1.3053220558 1.6390923424 3.8434407234
2.8040000000 1.3068213387 1.6395349693 3.8439266548
2.8050000000 1.3083217201 1.6399762459 3.8444119987
2.8060000000 1.3098231926 1.6404161644 3.8448967628
2.8070000000 1.3113257713 1.6408547173 3.8453809471
2.8080000000 1.3128294640 1.6412918968 3.8458645439
2.8090000000 1.3143342628 1.6417276878 3.8463475685
2.8100000000 1.3158401833 1.6421620827 3.8468300056
2.8110000000 1.3173472252 1.6425950737 3.8473118706
2.8120000000 1.3188553963 1.6430266533 3.8477931633
2.8130000000 1.3203647041 1.6434567986 3.8482738686
2.8140000000 1.3218751488 1.6438855095 3.8487540092
2.8150000000 1.3233867302 1.6443127708 3.8492335701
2.8160000000 1.3248994713 1.6447385750 3.8497125587
2.8170000000 1.3264133568 1.6451629143 3.8501909676
2.8180000000 1.3279284019 1.6455857658 3.8506688118
2.8190000000 1.3294446068 1.6460071297 3.8511460838
2.8200000000 1.3309619789 1.6464269905 3.8516227837
2.8210000000 1.3324805260 1.6468453331 3.8520989189
2.8220000000 1.3340002480 1.6472621574 3.8525744896
2.8230000000 1.3355211449 1.6476774330 3.8530494881
2.8240000000 1.3370432320 1.6480911674 3.8535239220
2.8250000000 1.3385665016 1.6485033379 3.8539977837
2.8260000000 1.3400909691 1.6489139290 3.8544710960
2.8270000000 1.3416166344 1.6493229332 3.8549438362
2.8280000000 1.3431434975 1.6497303429 3.8554160194
2.8290000000 1.3446715660 1.6501361351 3.8558876381
2.8300000000 1.3462008476 1.6505403099 3.8563586998
2.8310000000 1.3477313423 1.6509428368 3.8568292046
2.8320000000 1.3492630501 1.6513437157 3.8572991524
2.8330000000 1.3507959785 1.6517429237 3.8577685432
2.8340000000 1.3523301277 1.6521404610 3.8582373772
2.8350000000 1.3538655052 1.6525362968 3.8587056618
2.8360000000 1.3554021111 1.6529304237 3.8591733894
2.8370000000 1.3569399529 1.6533228340 3.8596405678
2.8380000000 1.3584790306 1.6537135048 3.8601072044
2.8390000000 1.3600193443 1.6541024284 3.8605732841
2.8400000000 1.3615609016 1.6544895821 3.8610388145
2.8410000000 1.3631036949 1.6548749504 3.8615038033
2.8420000000 1.3646477394 1.6552585258 3.8619682503
2.8430000000 1.3661930275 1.6556402855 3.8624321556
2.8440000000 1.3677395668 1.6560202217 3.8628955116
2.8450000000 1.3692873573 1.6563983040 3.8633583336
2.8460000000 1.3708363991 1.6567745323 3.8638206062
2.8470000000 1.3723866920 1.6571488762 3.8642823524
2.8480000000 1.3739382362 1.6575213280 3.8647435570
2.8490000000 1.3754910393 1.6578918724 3.8652042274
2.8500000000 1.3770450935 1.6582604790 3.8656643639
2.8510000000 1.3786003990 1.6586271400 3.8661239662
2.8520000000 1.3801569633 1.6589918404 3.8665830421
2.8530000000 1.3817147789 1.6593545494 3.8670415840
2.8540000000 1.3832738457 1.6597152596 3.8674995995
2.8550000000 1.3848341637 1.6600739555 3.8679570961
2.8560000000 1.3863957329 1.6604306068 3.8684140587
2.8570000000 1.3879585457 1.6607851982 3.8688705025
2.8580000000 1.3895226097 1.6611377068 3.8693264198
2.8590000000 1.3910879097 1.6614881172 3.8697818184
2.8600000000 1.3926544456 1.6618364143 3.8702367058
2.8610000000 1.3942222099 1.6621825600 3.8706910667
2.8620000000 1.3957912102 1.6625265541 3.8711449165
2.8630000000 1.3973614388 1.6628683586 3.8715982552
2.8640000000 1.3989328804 1.6632079659 3.8720510750
2.8650000000 1.4005055351 1.6635453377 3.8725033913
2.8660000000 1.4020793953 1.6638804665 3.8729551964
2.8670000000 1.4036544533 1.6642133217 3.8734064903
2.8680000000 1.4052307014 1.6645438805 3.8738572807
2.8690000000 1.4068081322 1.6648721199 3.8743075676
2.8700000000 1.4083867378 1.6651980095 3.8747573586
2.8710000000 1.4099665031 1.6655215416 3.8752066460
2.8720000000 1.4115474205 1.6658426781 3.8756554298
2.8730000000 1.4131294746 1.6661613960 3.8761037178
2.8740000000 1.4147126579 1.6664776649 3.8765515175
2.8750000000 1.4162969475 1.6667914696 3.8769988213
2.8760000000 1.4178823433 1.6671027794 3.8774456291
2.8770000000 1.4194688148 1.6674115562 3.8778919487
2.8780000000 1.4210563545 1.6677177849 3.8783377800
2.8790000000 1.4226449394 1.6680214348 3.8787831306
2.8800000000 1.4242345467 1.6683224754 3.8792279930
2.8810000000 1.4258251686 1.6686208763 3.8796723747
2.8820000000 1.4274167747 1.6689166145 3.8801162758
2.8830000000 1.4290093422 1.6692096443 3.8805597038
2.8840000000 1.4306028481 1.6694999504 3.8810026512
2.8850000000 1.4321972694 1.6697874947 3.8814451256
2.8860000000 1.4337925758 1.6700722466 3.8818871269
2.8870000000 1.4353887367 1.6703541679 3.8823286552
2.8880000000 1.4369857216 1.6706332283 3.8827697182
2.8890000000 1.4385834923 1.6709093971 3.8832103081
2.8900000000 1.4401820259 1.6711826363 3.8836504402
2.8910000000 1.4417812843 1.6714529076 3.8840901146
2.8920000000 1.4433812218 1.6717201805 3.8845293236
2.8930000000 1.4449818001 1.6719844170 3.8849680748
2.8940000000 1.4465829735 1.6722455711 3.8854063683
2.8950000000 1.4481847038 1.6725036125 3.8858442116
2.8960000000 1.4497869377 1.6727585030 3.8862815971
2.8970000000 1.4513896217 1.6730101967 3.8867185326
2.8980000000 1.4529927101 1.6732586555 3.8871550255
2.8990000000 1.4545961418 1.6735038338 3.8875910759
2.9000000000 1.4561998558 1.6737456932 3.8880266762
2.9010000000 1.4578037910 1.6739841881 3.8884618416
2.9020000000 1.4594078865 1.6742192650 3.8888965645
2.9030000000 1.4610120659 1.6744508934 3.8893308525
2.9040000000 1.4626162605 1.6746790199 3.8897647057
2.9050000000 1.4642203941 1.6749035988 3.8901981239
2.9060000000 1.4658243828 1.6751245689 3.8906311150
2.9070000000 1.4674281502 1.6753418922 3.8910636787
2.9080000000 1.4690315895 1.6755555153 3.8914958229
2.9090000000 1.4706346245 1.6757653770 3.8919275322
2.9100000000 1.4722371483 1.6759714394 3.8923588295
2.9110000000 1.4738390541 1.6761736336 3.8927897072
2.9120000000 1.4754402428 1.6763719063 3.8932201729
2.9130000000 1.4770405922 1.6765661964 3.8936502190
2.9140000000 1.4786399879 1.6767564507 3.8940798531
2.9150000000 1.4802382927 1.6769426079 3.8945090828
2.9160000000 1.4818353920 1.6771245995 3.8949379005
2.9170000000 1.4834311333 1.6773023643 3.8953663216
2.9180000000 1.4850253792 1.6774758339 3.8957943382
2.9190000000 1.4866179695 1.6776449471 3.8962219582
2.9200000000 1.4882087517 1.6778096275 3.8966491814
2.9210000000 1.4897975502 1.6779698067 3.8970760078
2.9220000000 1.4913841896 1.6781254158 3.8975024452
2.9230000000 1.4929684944 1.6782763634 3.8979284859
2.9240000000 1.4945502663 1.6784225883 3.8983541527
2.9250000000 1.4961293068 1.6785640068 3.8987794228
2.9260000000 1.4977053947 1.6787005348 3.8992043190
2.9270000000 1.4992783241 1.6788320808 3.8996288414
2.9280000000 1.5008478508 1.6789585762 3.9000529823
2.9290000000 1.5024137306 1.6790799141 3.9004767494
2.9300000000 1.5039757195 1.6791960030 3.9009001427
2.9310000000 1.5055335503 1.6793067589 3.9013231697
2.9320000000 1.5070869484 1.6794120750 3.9017458305
2.9330000000 1.5086356163 1.6795118523 3.9021681328
2.9340000000 1.5101792564 1.6796059837 3.9025900688
2.9350000000 1.5117175560 1.6796943703 3.9030116539
2.9360000000 1.5132501869 1.6797768898 3.9034328804
2.9370000000 1.5147768135 1.6798534355 3.9038537560
2.9380000000 1.5162970619 1.6799238777 3.9042742805
2.9390000000 1.5178105659 1.6799881020 3.9046944542
2.9400000000 1.5193169441 1.6800459785 3.9051142921
2.9410000000 1.5208157845 1.6800973778 3.9055337791
2.9420000000 1.5223066750 1.6801421623 3.9059529305
2.9430000000 1.5237891731 1.6801801872 3.9063717537
2.9440000000 1.5252628212 1.6802113075 3.9067902336
2.9450000000 1.5267271538 1.6802353706 3.9072083931
2.9460000000 1.5281816673 1.6802522163 3.9076262169
2.9470000000 1.5296258583 1.6802616844 3.9080437202
2.9480000000 1.5310591927 1.6802635994 3.9084609032
2.9490000000 1.5324811211 1.6802577858 3.9088777657
2.9500000000 1.5338910561 1.6802440605 3.9092943077
2.9510000000 1.5352884178 1.6802222252 3.9097105446
2.9520000000 1.5366725731 1.6801920815 3.9101264687
2.9530000000 1.5380428810 1.6801534309 3.9105420799
2.9540000000 1.5393986626 1.6801060371 3.9109573936
2.9550000000 1.5407392311 1.6800496788 3.9113724022
2.9560000000 1.5420638390 1.6799841194 3.9117871132
2.9570000000 1.5433717308 1.6799091072 3.9122015266
2.9580000000 1.5446621132 1.6798243752 3.9126156502
2.9590000000 1.5459341316 1.6797296562 3.9130294838
2.9600000000 1.5471869164 1.6796246605 3.9134430275
2.9610000000 1.5484195213 1.6795090828 3.9138562889
2.9620000000 1.5496309624 1.6793826103 3.9142692680
2.9630000000 1.5508201790 1.6792448921 3.9146819725
2.9640000000 1.5519860191 1.6790956001 3.9150944023
2.9650000000 1.5531272545 1.6789343376 3.9155065575
2.9660000000 1.5542425194 1.6787607231 3.9159184456
2.9670000000 1.5553303032 1.6785743370 3.9163300743
2.9680000000 1.5563888893 1.6783747444 3.9167414360
2.9690000000 1.5574163170 1.6781614647 3.9171525307
2.9700000000 1.5584102516 1.6779340096 3.9175633812
2.9710000000 1.5593678474 1.6776918449 3.9179739723
2.9720000000 1.5602855110 1.6774344063 3.9183843117
2.9730000000 1.5611583824 1.6771610985 3.9187944069
2.9740000000 1.5619793510 1.6768712654 3.9192042503
2.9750000000 1.5627364540 1.6765642281 3.9196138649
2.9760000000 1.5634020653 1.6762392311 3.9200232353
2.9770000000 1.5639499016 1.6758954811 3.9204323692
2.9780000000 1.5646398277 1.6755321159 3.9208412743
2.9790000000 1.5654208870 1.6751481972 3.9212499504
2.9800000000 1.5662717171 1.6747427177 3.9216584053
2.9810000000 1.5671831551 1.6743145790 3.9220666389
2.9820000000 1.5681502953 1.6738625679 3.9224746437
2.9830000000 1.5691703224 1.6733853722 3.9228824425
2.9840000000 1.5702417030 1.6728815498 3.9232900276
2.9850000000 1.5713637352 1.6723494987 3.9236973991
2.9860000000 1.5725363808 1.6717874565 3.9241045647
2.9870000000 1.5737601433 1.6711934547 3.9245115318
2.9880000000 1.5750359917 1.6705652885 3.9249183006
2.9890000000 1.5763653679 1.6699004784 3.9253248711
2.9900000000 1.5777501945 1.6691962471 3.9257312431
2.9910000000 1.5791928749 1.6684493828 3.9261374321
2.9920000000 1.5806963997 1.6676562386 3.9265434380
2.9930000000 1.5822644081 1.6668125801 3.9269492531
2.9940000000 1.5839013100 1.6659134636 3.9273548927
2.9950000000 1.5856124611 1.6649530602 3.9277603493
2.9960000000 1.5874044075 1.6639243889 3.9281656380
2.9970000000 1.5892852058 1.6628190117 3.9285707588
2.9980000000 1.5912649117 1.6616264992 3.9289757042
2.9990000000 1.5933562889 1.6603337898 3.9293804970
3.0000000000 1.5955758781 1.6589240227 3.9297851219
3.0010000000 1.5979457283 1.6573748817 3.9301895943
3.0020000000 1.6004962807 1.6556556740 3.9305939064
3.0030000000 1.6032716408 1.6537220573 3.9309980736
3.0040000000 1.6063400002 1.6515056267 3.9314020958
3.0050000000 1.6098174095 1.6488901024 3.9318059731
3.0060000000 1.6139346809 1.6456445122 3.9322097130
3.0070000000 1.6193159294 1.6411445580 3.9326133080
