3.0080000000 3.9330167732
3.0090000000 3.9334201088
3.0100000000 3.9338233223
3.0110000000 3.9342264061
3.0120000000 3.9346293755
3.0130000000 3.9350322227
3.0140000000 3.9354349556
3.0150000000 3.9358375816
3.0160000000 3.9362401009
3.0170000000 3.9366425209
3.0180000000 3.9370448418
3.0190000000 3.9374470558
3.0200000000 3.9378491859
3.0210000000 3.9382512245
3.0220000000 3.9386531792
3.0230000000 3.9390550499
3.0240000000 3.9394568367
3.0250000000 3.9398585472
3.0260000000 3.9402601891
3.0270000000 3.9406617622
3.0280000000 3.9410632744
3.0290000000 3.9414647179
3.0300000000 3.9418661003
3.0310000000 3.9422674294
3.0320000000 3.9426687126
3.0330000000 3.9430699425
3.0340000000 3.9434711266
3.0350000000 3.9438722725
3.0360000000 3.9442733726
3.0370000000 3.9446744423
3.0380000000 3.9450754814
3.0390000000 3.9454764900
3.0400000000 3.9458774757
3.0410000000 3.9462784386
3.0420000000 3.9466793861
3.0430000000 3.9470803185
3.0440000000 3.9474812431
3.0450000000 3.9478821526
3.0460000000 3.9482830620
3.0470000000 3.9486839714
3.0480000000 3.9490848885
3.0490000000 3.9494858055
3.0500000000 3.9498867302
3.0510000000 3.9502876701
3.0520000000 3.9506886253
3.0530000000 3.9510896034
3.0540000000 3.9514906044
3.0550000000 3.9518916283
3.0560000000 3.9522926826
3.0570000000 3.9526937752
3.0580000000 3.9530948982
3.0590000000 3.9534960594
3.0600000000 3.9538972740
3.0610000000 3.9542985268
3.0620000000 3.9546998329
3.0630000000 3.9551011925
3.0640000000 3.9555026131
3.0650000000 3.9559040871
3.0660000000 3.9563056297
3.0670000000 3.9567072334
3.0680000000 3.9571089134
3.0690000000 3.9575106621
3.0700000000 3.9579124947
3.0710000000 3.9583144035
3.0720000000 3.9587163963
3.0730000000 3.9591184731
3.0740000000 3.9595206413
3.0750000000 3.9599229088
3.0760000000 3.9603252678
3.0770000000 3.9607277260
3.0780000000 3.9611302910
3.0790000000 3.9615329628
3.0800000000 3.9619357491
3.0810000000 3.9623386421
3.0820000000 3.9627416496
3.0830000000 3.9631447792
3.0840000000 3.9635480385
3.0850000000 3.9639514198
3.0860000000 3.9643549309
3.0870000000 3.9647585716
3.0880000000 3.9651623497
3.0890000000 3.9655662727
3.0900000000 3.9659703331
3.0910000000 3.9663745384
3.0920000000 3.9667788963
3.0930000000 3.9671834068
3.0940000000 3.9675880699
3.0950000000 3.9679928932
3.0960000000 3.9683978767
3.0970000000 3.9688030205
3.0980000000 3.9692083397
3.0990000000 3.9696138268
3.1000000000 3.9700194893
3.1010000000 3.9704253273
3.1020000000 3.9708313484
3.1030000000 3.9712375526
3.1040000000 3.9716439400
3.1050000000 3.9720505257
3.1060000000 3.9724572945
3.1070000000 3.9728642616
3.1080000000 3.9732714272
3.1090000000 3.9736787987
3.1100000000 3.9740863762
3.1110000000 3.9744941597
3.1120000000 3.9749021492
3.1130000000 3.9753103600
3.1140000000 3.9757187843
3.1150000000 3.9761274223
3.1160000000 3.9765362892
3.1170000000 3.9769453850
3.1180000000 3.9773547096
3.1190000000 3.9777642632
3.1200000000 3.9781740532
3.1210000000 3.9785840797
3.1220000000 3.9789943428
3.1230000000 3.9794048500
3.1240000000 3.9798156090
3.1250000000 3.9802266121
3.1260000000 3.9806378746
3.1270000000 3.9810493889
3.1280000000 3.9814611549
3.1290000000 3.9818731880
3.1300000000 3.9822854805
3.1310000000 3.9826980400
3.1320000000 3.9831108742
3.1330000000 3.9835239677
3.1340000000 3.9839373436
3.1350000000 3.9843510017
3.1360000000 3.9847649345
3.1370000000 3.9851791496
3.1380000000 3.9855936470
3.1390000000 3.9860084343
3.1400000000 3.9864235191
3.1410000000 3.9868388863
3.1420000000 3.9872545586
3.1430000000 3.9876705284
3.1440000000 3.9880867958
3.1450000000 3.9885033684
3.1460000000 3.9889202461
3.1470000000 3.9893374367
3.1480000000 3.9897549324
3.1490000000 3.9901727486
3.1500000000 3.9905908852
3.1510000000 3.9910093346
3.1520000000 3.9914281044
3.1530000000 3.9918472023
3.1540000000 3.9922666283
3.1550000000 3.9926863823
3.1560000000 3.9931064644
3.1570000000 3.9935268898
3.1580000000 3.9939476433
3.1590000000 3.9943687401
3.1600000000 3.9947901802
3.1610000000 3.9952119560
3.1620000000 3.9956340904
3.1630000000 3.9960565681
3.1640000000 3.9964793892
3.1650000000 3.9969025764
3.1660000000 3.9973261147
3.1670000000 3.9977500038
3.1680000000 3.9981742668
3.1690000000 3.9985988808
3.1700000000 3.9990238686
3.1710000000 3.9994492149
3.1720000000 3.9998749351
3.1730000000 4.0003010292
3.1740000000 4.0007274971
3.1750000000 4.0011543388
3.1760000000 4.0015815544
3.1770000000 4.0020091591
3.1780000000 4.0024371376
3.1790000000 4.0028655128
3.1800000000 4.0032942619
3.1810000000 4.0037234077
3.1820000000 4.0041529427
3.1830000000 4.0045828743
3.1840000000 4.0050131950
3.1850000000 4.0054439201
3.1860000000 4.0058750343
3.1870000000 4.0063065605
3.1880000000 4.0067384834
3.1890000000 4.0071708107
3.1900000000 4.0076035500
3.1910000000 4.0080367012
3.1920000000 4.0084702568
3.1930000000 4.0089042244
3.1940000000 4.0093386116
3.1950000000 4.0097734184
3.1960000000 4.0102086372
3.1970000000 4.0106442833
3.1980000000 4.0110803490
3.1990000000 4.0115168343
3.2000000000 4.0119537544
3.2010000000 4.0123910942
3.2020000000 4.0128288689
3.2030000000 4.0132670784
3.2040000000 4.0137057152
3.2050000000 4.0141447868
3.2060000000 4.0145843010
3.2070000000 4.0150242500
3.2080000000 4.0154646416
3.2090000000 4.0159054756
3.2100000000 4.0163467522
3.2110000000 4.0167884712
3.2120000000 4.0172306404
3.2130000000 4.0176732597
3.2140000000 4.0181163216
3.2150000000 4.0185598412
3.2160000000 4.0190038185
3.2170000000 4.0194482460
3.2180000000 4.0198931236
3.2190000000 4.0203384666
3.2200000000 4.0207842674
3.2210000000 4.0212305336
3.2220000000 4.0216772575
3.2230000000 4.0221244469
3.2240000000 4.0225721092
3.2250000000 4.0230202293
3.2260000000 4.0234688225
3.2270000000 4.0239178810
3.2280000000 4.0243674126
3.2290000000 4.0248174171
3.2300000000 4.0252678947
3.2310000000 4.0257188530
3.2320000000 4.0261702843
3.2330000000 4.0266221962
3.2340000000 4.0270745888
3.2350000000 4.0275274544
3.2360000000 4.0279808083
3.2370000000 4.0284346428
3.2380000000 4.0288889656
3.2390000000 4.0293437691
3.2400000000 4.0297990685
3.2410000000 4.0302548485
3.2420000000 4.0307111244
3.2430000000 4.0311678810
3.2440000000 4.0316251411
3.2450000000 4.0320828896
3.2460000000 4.0325411339
3.2470000000 4.0329998665
3.2480000000 4.0334591026
3.2490000000 4.0339188347
3.2500000000 4.0343790703
3.2510000000 4.0348398018
3.2520000000 4.0353010292
3.2530000000 4.0357627678
3.2540000000 4.0362250023
3.2550000000 4.0366877480
3.2560000000 4.0371509895
3.2570000000 4.0376147423
3.2580000000 4.0380790062
3.2590000000 4.0385437737
3.2600000000 4.0390090523
3.2610000000 4.0394748344
3.2620000000 4.0399411354
3.2630000000 4.0404079475
3.2640000000 4.0408752708
3.2650000000 4.0413431053
3.2660000000 4.0418114586
3.2670000000 4.0422803230
3.2680000000 4.0427497063
3.2690000000 4.0432196083
3.2700000000 4.0436900291
3.2710000000 4.0441609688
3.2720000000 4.0446324272
3.2730000000 4.0451044044
3.2740000000 4.0455769005
3.2750000000 4.0460499229
3.2760000000 4.0465234642
3.2770000000 4.0469975319
3.2780000000 4.0474721260
3.2790000000 4.0479472466
3.2800000000 4.0484228859
3.2810000000 4.0488990517
3.2820000000 4.0493757515
3.2830000000 4.0498529778
3.2840000000 4.0503307304
3.2850000000 4.0508090096
3.2860000000 4.0512878227
3.2870000000 4.0517671623
3.2880000000 4.0522470360
3.2890000000 4.0527274437
3.2900000000 4.0532083778
3.2910000000 4.0536898460
3.2920000000 4.0541718483
3.2930000000 4.0546543846
3.2940000000 4.0551374550
3.2950000000 4.0556210594
3.2960000000 4.0561052055
3.2970000000 4.0565898781
3.2980000000 4.0570750923
3.2990000000 4.0575608482
3.3000000000 4.0580471306
3.3010000000 4.0585339622
3.3020000000 4.0590213280
3.3030000000 4.0595092278
3.3040000000 4.0599976692
3.3050000000 4.0604866524
3.3060000000 4.0609761772
3.3070000000 4.0614662437
3.3080000000 4.0619568443
3.3090000000 4.0624479942
3.3100000000 4.0629396782
3.3110000000 4.0634319038
3.3120000000 4.0639246788
3.3130000000 4.0644179955
3.3140000000 4.0649118538
3.3150000000 4.0654062538
3.3160000000 4.0659011955
3.3170000000 4.0663966866
3.3180000000 4.0668927193
3.3190000000 4.0673892937
3.3200000000 4.0678864174
3.3210000000 4.0683840828
3.3220000000 4.0688822975
3.3230000000 4.0693810539
3.3240000000 4.0698803596
3.3250000000 4.0703802071
3.3260000000 4.0708806038
3.3270000000 4.0713815422
3.3280000000 4.0718830376
3.3290000000 4.0723850670
3.3300000000 4.0728876534
3.3310000000 4.0733907814
3.3320000000 4.0738944588
3.3330000000 4.0743986855
3.3340000000 4.0749034538
3.3350000000 4.0754087791
3.3360000000 4.0759146461
3.3370000000 4.0764210625
3.3380000000 4.0769280281
3.3390000000 4.0774355354
3.3400000000 4.0779435997
3.3410000000 4.0784522057
3.3420000000 4.0789613609
3.3430000000 4.0794710732
3.3440000000 4.0799813271
3.3450000000 4.0804921226
3.3460000000 4.0810034752
3.3470000000 4.0815153770
3.3480000000 4.0820278282
3.3490000000 4.0825408211
3.3500000000 4.0830543709
3.3510000000 4.0835684624
3.3520000000 4.0840831032
3.3530000000 4.0845983009
3.3540000000 4.0851140404
3.3550000000 4.0856303291
3.3560000000 4.0861471672
3.3570000000 4.0866645470
3.3580000000 4.0871824837
3.3590000000 4.0877009621
3.3600000000 4.0882199974
3.3610000000 4.0887395744
3.3620000000 4.0892597008
3.3630000000 4.0897803764
3.3640000000 4.0903016014
3.3650000000 4.0908233681
3.3660000000 4.0913456917
3.3670000000 4.0918685570
3.3680000000 4.0923919640
3.3690000000 4.0929159279
3.3700000000 4.0934404335
3.3710000000 4.0939654884
3.3720000000 4.0944910927
3.3730000000 4.0950172386
3.3740000000 4.0955439339
3.3750000000 4.0960711708
3.3760000000 4.0965989571
3.3770000000 4.0971272926
3.3780000000 4.0976561699
3.3790000000 4.0981855965
3.3800000000 4.0987155647
3.3810000000 4.0992460747
3.3820000000 4.0997771339
3.3830000000 4.1003087425
3.3840000000 4.1008408928
3.3850000000 4.1013735847
3.3860000000 4.1019068184
3.3870000000 4.1024406013
3.3880000000 4.1029749184
3.3890000000 4.1035097847
3.3900000000 4.1040452003
3.3910000000 4.1045811501
3.3920000000 4.1051176414
3.3930000000 4.1056546822
3.3940000000 4.1061922569
3.3950000000 4.1067303810
3.3960000000 4.1072690392
3.3970000000 4.1078082390
3.3980000000 4.1083479805
3.3990000000 4.1088882637
3.4000000000 4.1094290886
3.4010000000 4.1099704475
3.4020000000 4.1105123482
3.4030000000 4.1110547905
3.4040000000 4.1115977669
3.4050000000 4.1121412849
3.4060000000 4.1126853371
3.4070000000 4.1132299309
3.4080000000 4.1137750587
3.4090000000 4.1143207283
3.4100000000 4.1148669243
3.4110000000 4.1154136620
3.4120000000 4.1159609413
3.4130000000 4.1165087471
3.4140000000 4.1170570946
3.4150000000 4.1176059685
3.4160000000 4.1181553841
3.4170000000 4.1187053261
3.4180000000 4.1192558098
3.4190000000 4.1198068199
3.4200000000 4.1203583641
3.4210000000 4.1209104424
3.4220000000 4.1214630470
3.4230000000 4.1220161858
3.4240000000 4.1225698586
3.4250000000 4.1231240578
3.4260000000 4.1236787834
3.4270000000 4.1242340431
3.4280000000 4.1247898293
3.4290000000 4.1253461494
3.4300000000 4.1259029961
3.4310000000 4.1264603615
3.4320000000 4.1270182610
3.4330000000 4.1275766869
3.4340000000 4.1281356392
3.4350000000 4.1286951180
3.4360000000 4.1292551231
3.4370000000 4.1298156471
3.4380000000 4.1303766975
3.4390000000 4.1309382744
3.4400000000 4.1315003700
3.4410000000 4.1320629921
3.4420000000 4.1326261330
3.4430000000 4.1331898003
3.4440000000 4.1337539864
3.4450000000 4.1343186913
3.4460000000 4.1348839226
3.4470000000 4.1354496651
3.4480000000 4.1360159340
3.4490000000 4.1365827141
3.4500000000 4.1371500206
3.4510000000 4.1377178383
3.4520000000 4.1382861748
3.4530000000 4.1388550301
3.4540000000 4.1394243965
3.4550000000 4.1399942818
3.4560000000 4.1405646858
3.4570000000 4.1411356010
3.4580000000 4.1417070274
3.4590000000 4.1422789650
3.4600000000 4.1428514214
3.4610000000 4.1434243889
3.4620000000 4.1439978676
3.4630000000 4.1445718498
3.4640000000 4.1451463509
3.4650000000 4.1457213631
3.4660000000 4.1462968788
3.4670000000 4.1468729057
3.4680000000 4.1474494438
3.4690000000 4.1480264854
3.4700000000 4.1486040306
3.4710000000 4.1491820869
3.4720000000 4.1497606544
3.4730000000 4.1503397179
3.4740000000 4.1509192924
3.4750000000 4.1514993706
3.4760000000 4.1520799446
3.4770000000 4.1526610298
3.4780000000 4.1532426109
3.4790000000 4.1538247032
3.4800000000 4.1544072914
3.4810000000 4.1549903755
3.4820000000 4.1555739632
3.4830000000 4.1561580544
3.4840000000 4.1567426414
3.4850000000 4.1573277245
3.4860000000 4.1579133034
3.4870000000 4.1584993858
3.4880000000 4.1590859566
3.4890000000 4.1596730309
3.4900000000 4.1602605934
3.4910000000 4.1608486519
3.4920000000 4.1614372063
3.4930000000 4.1620262566
3.4940000000 4.1626157951
3.4950000000 4.1632058220
3.4960000000 4.1637963448
3.4970000000 4.1643873558
3.4980000000 4.1649788628
3.4990000000 4.1655708580
3.5000000000 4.1661633339
3.5010000000 4.1667563057
3.5020000000 4.1673497658
3.5030000000 4.1679437065
3.5040000000 4.1685381355
3.5050000000 4.1691330528
3.5060000000 4.1697284508
3.5070000000 4.1703243370
3.5080000000 4.1709207115
3.5090000000 4.1715175591
3.5100000000 4.1721148949
3.5110000000 4.1727127113
3.5120000000 4.1733110085
3.5130000000 4.1739097862
3.5140000000 4.1745090370
3.5150000000 4.1751087761
3.5160000000 4.1757089882
3.5170000000 4.1763096809
3.5180000000 4.1769108543
3.5190000000 4.1775125008
3.5200000000 4.1781146202
3.5210000000 4.1787172203
3.5220000000 4.1793202934
3.5230000000 4.1799238396
3.5240000000 4.1805278587
3.5250000000 4.1811323509
3.5260000000 4.1817373085
3.5270000000 4.1823427467
3.5280000000 4.1829486504
3.5290000000 4.1835550270
3.5300000000 4.1841618690
3.5310000000 4.1847691841
3.5320000000 4.1853769646
3.5330000000 4.1859852104
3.5340000000 4.1865939293
3.5350000000 4.1872031059
3.5360000000 4.1878127556
3.5370000000 4.1884228630
3.5380000000 4.1890334435
3.5390000000 4.1896444817
3.5400000000 4.1902559776
3.5410000000 4.1908679390
3.5420000000 4.1914803658
3.5430000000 4.1920932503
3.5440000000 4.1927065926
3.5450000000 4.1933204002
3.5460000000 4.1939346581
3.5470000000 4.1945493813
3.5480000000 4.1951645546
3.5490000000 4.1957801933
3.5500000000 4.1963962822
3.5510000000 4.1970128288
3.5520000000 4.1976298256
3.5530000000 4.1982472801
3.5540000000 4.1988651848
3.5550000000 4.1994835472
3.5560000000 4.2001023521
3.5570000000 4.2007216148
3.5580000000 4.2013413277
3.5590000000 4.2019614906
3.5600000000 4.2025821037
3.5610000000 4.2032031593
3.5620000000 4.2038246727
3.5630000000 4.2044466209
3.5640000000 4.2050690269
3.5650000000 4.2056918755
3.5660000000 4.2063151665
3.5670000000 4.2069389000
3.5680000000 4.2075630836
3.5690000000 4.2081877022
3.5700000000 4.2088127708
3.5710000000 4.2094382744
3.5720000000 4.2100642281
3.5730000000 4.2106906090
3.5740000000 4.2113174400
3.5750000000 4.2119447060
3.5760000000 4.2125724144
3.5770000000 4.2132005577
3.5780000000 4.2138291359
3.5790000000 4.2144581490
3.5800000000 4.2150876045
3.5810000000 4.2157174873
3.5820000000 4.2163478127
3.5830000000 4.2169785652
3.5840000000 4.2176097527
3.5850000000 4.2182413750
3.5860000000 4.2188734245
3.5870000000 4.2195059090
3.5880000000 4.2201388206
3.5890000000 4.2207721596
3.5900000000 4.2214059334
3.5910000000 4.2220401268
3.5920000000 4.2226747551
3.5930000000 4.2233098106
3.5940000000 4.2239452858
3.5950000000 4.2245811882
3.5960000000 4.2252175179
3.5970000000 4.2258542747
3.5980000000 4.2264914513
3.5990000000 4.2271290550
3.6000000000 4.2277670708
3.6010000000 4.2284055138
3.6020000000 4.2290443764
3.6030000000 4.2296836662
3.6040000000 4.2303233681
3.6050000000 4.2309634895
3.6060000000 4.2316040306
3.6070000000 4.2322449837
3.6080000000 4.2328863640
3.6090000000 4.2335281487
3.6100000000 4.2341703606
3.6110000000 4.2348129768
3.6120000000 4.2354560127
3.6130000000 4.2360994606
3.6140000000 4.2367433205
3.6150000000 4.2373875923
3.6160000000 4.2380322762
3.6170000000 4.2386773720
3.6180000000 4.2393228798
3.6190000000 4.2399687920
3.6200000000 4.2406151161
3.6210000000 4.2412618446
3.6220000000 4.2419089851
3.6230000000 4.2425565300
3.6240000000 4.2432044792
3.6250000000 4.2438528404
3.6260000000 4.2445015984
3.6270000000 4.2451507683
3.6280000000 4.2458003349
3.6290000000 4.2464503059
3.6300000000 4.2471006813
3.6310000000 4.2477514534
3.6320000000 4.2484026299
3.6330000000 4.2490542107
3.6340000000 4.2497061806
3.6350000000 4.2503585548
3.6360000000 4.2510113335
3.6370000000 4.2516645012
3.6380000000 4.2523180656
3.6390000000 4.2529720345
3.6400000000 4.2536263924
3.6410000000 4.2542811470
3.6420000000 4.2549362907
3.6430000000 4.2555918312
3.6440000000 4.2562477684
3.6450000000 4.2569040947
3.6460000000 4.2575608177
3.6470000000 4.2582179222
3.6480000000 4.2588754234
3.6490000000 4.2595333138
3.6500000000 4.2601915932
3.6510000000 4.2608502617
3.6520000000 4.2615093193
3.6530000000 4.2621687584
3.6540000000 4.2628285866
3.6550000000 4.2634888039
3.6560000000 4.2641494026
3.6570000000 4.2648103905
3.6580000000 4.2654717522
3.6590000000 4.2661335106
3.6600000000 4.2667956429
3.6610000000 4.2674581566
3.6620000000 4.2681210518
3.6630000000 4.2687843361
3.6640000000 4.2694479942
3.6650000000 4.2701120338
3.6660000000 4.2707764473
3.6670000000 4.2714412422
3.6680000000 4.2721064186
3.6690000000 4.2727719688
3.6700000000 4.2734378929
3.6710000000 4.2741041908
3.6720000000 4.2747708702
3.6730000000 4.2754379234
3.6740000000 4.2761053505
3.6750000000 4.2767731438
3.6760000000 4.2774413185
3.6770000000 4.2781098595
3.6780000000 4.2787787743
3.6790000000 4.2794480553
3.6800000000 4.2801177101
3.6810000000 4.2807877388
3.6820000000 4.2814581261
3.6830000000 4.2821288948
3.6840000000 4.2828000221
3.6850000000 4.2834715157
3.6860000000 4.2841433754
3.6870000000 4.2848156090
3.6880000000 4.2854882011
3.6890000000 4.2861611595
3.6900000000 4.2868344765
3.6910000000 4.2875081596
3.6920000000 4.2881822090
3.6930000000 4.2888566170
3.6940000000 4.2895313911
3.6950000000 4.2902065239
3.6960000000 4.2908820152
3.6970000000 4.2915578651
3.6980000000 4.2922340736
3.6990000000 4.2929106483
3.7000000000 4.2935875740
3.7010000000 4.2942648582
3.7020000000 4.2949424934
3.7030000000 4.2956204948
3.7040000000 4.2962988472
3.7050000000 4.2969775505
3.7060000000 4.2976566124
3.7070000000 4.2983360252
3.7080000000 4.2990157967
3.7090000000 4.2996959114
3.7100000000 4.3003763847
3.7110000000 4.3010572090
3.7120000000 4.3017383842
3.7130000000 4.3024199028
3.7140000000 4.3031017799
3.7150000000 4.3037840004
3.7160000000 4.3044665718
3.7170000000 4.3051494865
3.7180000000 4.3058327522
3.7190000000 4.3065163612
3.7200000000 4.3072003212
3.7210000000 4.3078846245
3.7220000000 4.3085692711
3.7230000000 4.3092542610
3.7240000000 4.3099395943
3.7250000000 4.3106252708
3.7260000000 4.3113112907
3.7270000000 4.3119976540
3.7280000000 4.3126843605
3.7290000000 4.3133714027
3.7300000000 4.3140587883
3.7310000000 4.3147465096
3.7320000000 4.3154345741
3.7330000000 4.3161229744
3.7340000000 4.3168117104
3.7350000000 4.3175007820
3.7360000000 4.3181901970
3.7370000000 4.3188799477
3.7380000000 4.3195700264
3.7390000000 4.3202604485
3.7400000000 4.3209511986
3.7410000000 4.3216422920
3.7420000000 4.3223337059
3.7430000000 4.3230254631
3.7440000000 4.3237175484
3.7450000000 4.3244099617
3.7460000000 4.3251027107
3.7470000000 4.3257957878
3.7480000000 4.3264891930
3.7490000000 4.3271829338
3.7500000000 4.3278769951
3.7510000000 4.3285713921
3.7520000000 4.3292661095
3.7530000000 4.3299611626
3.7540000000 4.3306565361
3.7550000000 4.3313522377
3.7560000000 4.3320482597
3.7570000000 4.3327446175
3.7580000000 4.3334412880
3.7590000000 4.3341382866
3.7600000000 4.3348356133
3.7610000000 4.3355332527
3.7620000000 4.3362312202
3.7630000000 4.3369295082
3.7640000000 4.3376281242
3.7650000000 4.3383270531
3.7660000000 4.3390263023
3.7670000000 4.3397258720
3.7680000000 4.3404257622
3.7690000000 4.3411259651
3.7700000000 4.3418264885
3.7710000000 4.3425273323
3.7720000000 4.3432284889
3.7730000000 4.3439299660
3.7740000000 4.3446317558
3.7750000000 4.3453338585
3.7760000000 4.3460362816
3.7770000000 4.3467390175
3.7780000000 4.3474420586
3.7790000000 4.3481454201
3.7800000000 4.3488490944
3.7810000000 4.3495530815
3.7820000000 4.3502573738
3.7830000000 4.3509619789
3.7840000000 4.3516668968
3.7850000000 4.3523721275
3.7860000000 4.3530776634
3.7870000000 4.3537835045
3.7880000000 4.3544896584
3.7890000000 4.3551961250
3.7900000000 4.3559028893
3.7910000000 4.3566099663
3.7920000000 4.3573173485
3.7930000000 4.3580250359
3.7940000000 4.3587330208
3.7950000000 4.3594413185
3.7960000000 4.3601499214
3.7970000000 4.3608588219
3.7980000000 4.3615680351
3.7990000000 4.3622775459
3.8000000000 4.3629873543
3.8010000000 4.3636974678
3.8020000000 4.3644078789
3.8030000000 4.3651185951
3.8040000000 4.3658296089
3.8050000000 4.3665409279
3.8060000000 4.3672525368
3.8070000000 4.3679644508
3.8080000000 4.3686766624
3.8090000000 4.3693891716
3.8100000000 4.3701019707
3.8110000000 4.3708150749
3.8120000000 4.3715284691
3.8130000000 4.3722421684
3.8140000000 4.3729561501
3.8150000000 4.3736704369
3.8160000000 4.3743850136
3.8170000000 4.3750998802
3.8180000000 4.3758150444
3.8190000000 4.3765304985
3.8200000000 4.3772462425
3.8210000000 4.3779622841
3.8220000000 4.3786786156
3.8230000000 4.3793952370
3.8240000000 4.3801121483
3.8250000000 4.3808293495
3.8260000000 4.3815468330
3.8270000000 4.3822646141
3.8280000000 4.3829826775
3.8290000000 4.3837010384
3.8300000000 4.3844196739
3.8310000000 4.3851386070
3.8320000000 4.3858578148
3.8330000000 4.3865773201
3.8340000000 4.3872971001
3.8350000000 4.3880171700
3.8360000000 4.3887375298
3.8370000000 4.3894581642
3.8380000000 4.3901790886
3.8390000000 4.3909002953
3.8400000000 4.3916217766
3.8410000000 4.3923435478
3.8420000000 4.3930656013
3.8430000000 4.3937879295
3.8440000000 4.3945105400
3.8450000000 4.3952334328
3.8460000000 4.3959566078
3.8470000000 4.3966800575
3.8480000000 4.3974037895
3.8490000000 4.3981277962
3.8500000000 4.3988520851
3.8510000000 4.3995766487
3.8520000000 4.4003014870
3.8530000000 4.4010265999
3.8540000000 4.4017519951
3.8550000000 4.4024776649
3.8560000000 4.4032036018
3.8570000000 4.4039298210
3.8580000000 4.4046563148
3.8590000000 4.4053830757
3.8600000000 4.4061101189
3.8610000000 4.4068374290
3.8620000000 4.4075650139
3.8630000000 4.4082928658
3.8640000000 4.4090209923
3.8650000000 4.4097493935
3.8660000000 4.4104780617
3.8670000000 4.4112069969
3.8680000000 4.4119362068
3.8690000000 4.4126656837
3.8700000000 4.4133954277
3.8710000000 4.4141254387
3.8720000000 4.4148557243
3.8730000000 4.4155862694
3.8740000000 4.4163170891
3.8750000000 4.4170481682
3.8760000000 4.4177795219
3.8770000000 4.4185111351
3.8780000000 4.4192430153
3.8790000000 4.4199751549
3.8800000000 4.4207075691
3.8810000000 4.4214402351
3.8820000000 4.4221731758
3.8830000000 4.4229063759
3.8840000000 4.4236398354
3.8850000000 4.4243735619
3.8860000000 4.4251075401
3.8870000000 4.4258417931
3.8880000000 4.4265762978
3.8890000000 4.4273110695
3.8900000000 4.4280460930
3.8910000000 4.4287813835
3.8920000000 4.4295169258
3.8930000000 4.4302527351
3.8940000000 4.4309887962
3.8950000000 4.4317251167
3.8960000000 4.4324616966
3.8970000000 4.4331985359
3.8980000000 4.4339356270
3.8990000000 4.4346729774
3.9000000000 4.4354105797
3.9010000000 4.4361484413
3.9020000000 4.4368865547
3.9030000000 4.4376249275
3.9040000000 4.4383635521
3.9050000000 4.4391024284
3.9060000000 4.4398415565
3.9070000000 4.4405809441
3.9080000000 4.4413205757
3.9090000000 4.4420604668
3.9100000000 4.4428006096
3.9110000000 4.4435409966
3.9120000000 4.4442816353
3.9130000000 4.4450225334
3.9140000000 4.4457636757
3.9150000000 4.4465050621
3.9160000000 4.4472467079
3.9170000000 4.4479885979
3.9180000000 4.4487307320
3.9190000000 4.4494731255
3.9200000000 4.4502157555
3.9210000000 4.4509586372
3.9220000000 4.4517017632
3.9230000000 4.4524451408
3.9240000000 4.4531887627
3.9250000000 4.4539326286
3.9260000000 4.4546767387
3.9270000000 4.4554210930
3.9280000000 4.4561656914
3.9290000000 4.4569105415
3.9300000000 4.4576556282
3.9310000000 4.4584009590
3.9320000000 4.4591465340
3.9330000000 4.4598923454
3.9340000000 4.4606384087
3.9350000000 4.4613847084
3.9360000000 4.4621312523
3.9370000000 4.4628780327
3.9380000000 4.4636250572
3.9390000000 4.4643723183
3.9400000000 4.4651198235
3.9410000000 4.4658675652
3.9420000000 4.4666155434
3.9430000000 4.4673637657
3.9440000000 4.4681122246
3.9450000000 4.4688609200
3.9460000000 4.4696098518
3.9470000000 4.4703590202
3.9480000000 4.4711084251
3.9490000000 4.4718580742
3.9500000000 4.4726079521
3.9510000000 4.4733580666
3.9520000000 4.4741084175
3.9530000000 4.4748589973
3.9540000000 4.4756098213
3.9550000000 4.4763608742
3.9560000000 4.4771121559
3.9570000000 4.4778636818
3.9580000000 4.4786154289
3.9590000000 4.4793674202
3.9600000000 4.4801196327
3.9610000000 4.4808720818
3.9620000000 4.4816247673
3.9630000000 4.4823776817
3.9640000000 4.4831308250
3.9650000000 4.4838841972
3.9660000000 4.4846377983
3.9670000000 4.4853916283
3.9680000000 4.4861456947
3.9690000000 4.4868999825
3.9700000000 4.4876545067
3.9710000000 4.4884092522
3.9720000000 4.4891642265
3.9730000000 4.4899194298
3.9740000000 4.4906748619
3.9750000000 4.4914305153
3.9760000000 4.4921863976
3.9770000000 4.4929425087
3.9780000000 4.4936988411
3.9790000000 4.4944554024
3.9800000000 4.4952121925
3.9810000000 4.4959691963
3.9820000000 4.4967264290
3.9830000000 4.4974838905
3.9840000000 4.4982415733
3.9850000000 4.4989994774
3.9860000000 4.4997576027
3.9870000000 4.5005159569
3.9880000000 4.5012745247
3.9890000000 4.5020333214
3.9900000000 4.5027923317
3.9910000000 4.5035515709
3.9920000000 4.5043110313
3.9930000000 4.5050707054
3.9940000000 4.5058306007
3.9950000000 4.5065907173
3.9960000000 4.5073510551
3.9970000000 4.5081116142
3.9980000000 4.5088723869
3.9990000000 4.5096333809
4.0000000000 4.5103945885
4.0010000000 4.5111560173
4.0020000000 4.5119176674
4.0030000000 4.5126795235
4.0040000000 4.5134416084
4.0050000000 4.5142038994
4.0060000000 4.5149664116
4.0070000000 4.5157291374
4.0080000000 4.5164920845
4.0090000000 4.5172552376
4.0100000000 4.5180186119
4.0110000000 4.5187821999
4.0120000000 4.5195460014
4.0130000000 4.5203100166
4.0140000000 4.5210742378
4.0150000000 4.5218386803
4.0160000000 4.5226033363
4.0170000000 4.5233681984
4.0180000000 4.5241332741
4.0190000000 4.5248985634
4.0200000000 4.5256640663
4.0210000000 4.5264297752
4.0220000000 4.5271956978
4.0230000000 4.5279618340
4.0240000000 4.5287281761
4.0250000000 4.5294947243
4.0260000000 4.5302614861
4.0270000000 4.5310284538
4.0280000000 4.5317956352
4.0290000000 4.5325630226
4.0300000000 4.5333306160
4.0310000000 4.5340984230
4.0320000000 4.5348664360
4.0330000000 4.5356346474
4.0340000000 4.5364030724
4.0350000000 4.5371717110
4.0360000000 4.5379405479
4.0370000000 4.5387095909
4.0380000000 4.5394788399
4.0390000000 4.5402482948
4.0400000000 4.5410179482
4.0410000000 4.5417878151
4.0420000000 4.5425578804
4.0430000000 4.5433281517
4.0440000000 4.5440986290
4.0450000000 4.5448693123
4.0460000000 4.5456401939
4.0470000000 4.5464112740
4.0480000000 4.5471825676
4.0490000000 4.5479540520
4.0500000000 4.5487257500
4.0510000000 4.5494976387
4.0520000000 4.5502697334
4.0530000000 4.5510420265
4.0540000000 4.5518145256
4.0550000000 4.5525872231
4.0560000000 4.5533601189
4.0570000000 4.5541332130
4.0580000000 4.5549065056
4.0590000000 4.5556800041
4.0600000000 4.5564536934
4.0610000000 4.5572275887
4.0620000000 4.5580016747
4.0630000000 4.5587759666
4.0640000000 4.5595504494
4.0650000000 4.5603251305
4.0660000000 4.5611000099
4.0670000000 4.5618750877
4.0680000000 4.5626503563
4.0690000000 4.5634258308
4.0700000000 4.5642014961
4.0710000000 4.5649773521
4.0720000000 4.5657534065
4.0730000000 4.5665296593
4.0740000000 4.5673061028
4.0750000000 4.5680827446
4.0760000000 4.5688595772
4.0770000000 4.5696366005
4.0780000000 4.5704138222
4.0790000000 4.5711912346
4.0800000000 4.5719688454
4.0810000000 4.5727466393
4.0820000000 4.5735246315
4.0830000000 4.5743028145
4.0840000000 4.5750811958
4.0850000000 4.5758597603
4.0860000000 4.5766385155
4.0870000000 4.5774174690
4.0880000000 4.5781966057
4.0890000000 4.5789759331
4.0900000000 4.5797554588
4.0910000000 4.5805351677
4.0920000000 4.5813150673
4.0930000000 4.5820951500
4.0940000000 4.5828754311
4.0950000000 4.5836558952
4.0960000000 4.5844365501
4.0970000000 4.5852173882
4.0980000000 4.5859984245
4.0990000000 4.5867796364
4.1000000000 4.5875610466
4.1010000000 4.5883426323
4.1020000000 4.5891244164
4.1030000000 4.5899063759
4.1040000000 4.5906885262
4.1050000000 4.5914708672
4.1060000000 4.5922533913
4.1070000000 4.5930360985
4.1080000000 4.5938189888
4.1090000000 4.5946020699
4.1100000000 4.5953853264
4.1110000000 4.5961687737
4.1120000000 4.5969524040
4.1130000000 4.5977362175
4.1140000000 4.5985202141
4.1150000000 4.5993043938
4.1160000000 4.6000887566
4.1170000000 4.6008733025
4.1180000000 4.6016580315
4.1190000000 4.6024429436
4.1200000000 4.6032280388
4.1210000000 4.6040133095
4.1220000000 4.6047987633
4.1230000000 4.6055844002
4.1240000000 4.6063702202
4.1250000000 4.6071562157
4.1260000000 4.6079423943
4.1270000000 4.6087287483
4.1280000000 4.6095152855
4.1290000000 4.6103019981
4.1300000000 4.6110888939
4.1310000000 4.6118759727
4.1320000000 4.6126632271
4.1330000000 4.6134506569
4.1340000000 4.6142382698
4.1350000000 4.6150260506
4.1360000000 4.6158140221
4.1370000000 4.6166021614
4.1380000000 4.6173904839
4.1390000000 4.6181789742
4.1400000000 4.6189676476
4.1410000000 4.6197564964
4.1420000000 4.6205455284
4.1430000000 4.6213347282
4.1440000000 4.6221241035
4.1450000000 4.6229136543
4.1460000000 4.6237033806
4.1470000000 4.6244932823
4.1480000000 4.6252833595
4.1490000000 4.6260736122
4.1500000000 4.6268640327
4.1510000000 4.6276546364
4.1520000000 4.6284454079
4.1530000000 4.6292363548
4.1540000000 4.6300274696
4.1550000000 4.6308187599
4.1560000000 4.6316102257
4.1570000000 4.6324018593
4.1580000000 4.6331936684
4.1590000000 4.6339856529
4.1600000000 4.6347778053
4.1610000000 4.6355701256
4.1620000000 4.6363626213
4.1630000000 4.6371552849
4.1640000000 4.6379481239
4.1650000000 4.6387411232
4.1660000000 4.6395343056
4.1670000000 4.6403276482
4.1680000000 4.6411211662
4.1690000000 4.6419148521
4.1700000000 4.6427087059
4.1710000000 4.6435027275
4.1720000000 4.6442969170
4.1730000000 4.6450912743
4.1740000000 4.6458858070
4.1750000000 4.6466805000
4.1760000000 4.6474753685
4.1770000000 4.6482703972
4.1780000000 4.6490655937
4.1790000000 4.6498609581
4.1800000000 4.6506564903
4.1810000000 4.6514521904
4.1820000000 4.6522480583
4.1830000000 4.6530440865
4.1840000000 4.6538402824
4.1850000000 4.6546366463
4.1860000000 4.6554331703
4.1870000000 4.6562298698
4.1880000000 4.6570267220
4.1890000000 4.6578237495
4.1900000000 4.6586209297
4.1910000000 4.6594182854
4.1920000000 4.6602158012
4.1930000000 4.6610134773
4.1940000000 4.6618113213
4.1950000000 4.6626093254
4.1960000000 4.6634074974
4.1970000000 4.6642058220
4.1980000000 4.6650043221
4.1990000000 4.6658029747
4.2000000000 4.6666017952
4.2010000000 4.6674007759
4.2020000000 4.6681999168
4.2030000000 4.6689992180
4.2040000000 4.6697986794
4.2050000000 4.6705983086
4.2060000000 4.6713980980
4.2070000000 4.6721980400
4.2080000000 4.6729981499
4.2090000000 4.6737984123
4.2100000000 4.6745988426
4.2110000000 4.6753994255
4.2120000000 4.6762001762
4.2130000000 4.6770010796
4.2140000000 4.6778021431
4.2150000000 4.6786033669
4.2160000000 4.6794047508
4.2170000000 4.6802062874
4.2180000000 4.6810079842
4.2190000000 4.6818098412
4.2200000000 4.6826118584
4.2210000000 4.6834140282
4.2220000000 4.6842163582
4.2230000000 4.6850188408
4.2240000000 4.6858214836
4.2250000000 4.6866242790
4.2260000000 4.6874272346
4.2270000000 4.6882303505
4.2280000000 4.6890336189
4.2290000000 4.6898370399
4.2300000000 4.6906406136
4.2310000000 4.6914443474
4.2320000000 4.6922482414
4.2330000000 4.6930522804
4.2340000000 4.6938564796
4.2350000000 4.6946608315
4.2360000000 4.6954653435
4.2370000000 4.6962700005
4.2380000000 4.6970748177
4.2390000000 4.6978797874
4.2400000000 4.6986849022
4.2410000000 4.6994901772
4.2420000000 4.7002956047
4.2430000000 4.7011011848
4.2440000000 4.7019069252
4.2450000000 4.7027128105
4.2460000000 4.7035188484
4.2470000000 4.7043250313
4.2480000000 4.7051313744
4.2490000000 4.7059378700
4.2500000000 4.7067445107
4.2510000000 4.7075513039
4.2520000000 4.7083582497
4.2530000000 4.7091653481
4.2540000000 4.7099725990
4.2550000000 4.7107799950
4.2560000000 4.7115875435
4.2570000000 4.7123952370
4.2580000000 4.7132030830
4.2590000000 4.7140110817
4.2600000000 4.7148192253
4.2610000000 4.7156275215
4.2620000000 4.7164359703
4.2630000000 4.7172445564
4.2640000000 4.7180533028
4.2650000000 4.7188621864
4.2660000000 4.7196712303
4.2670000000 4.7204804115
4.2680000000 4.7212897453
4.2690000000 4.7220992241
4.2700000000 4.7229088554
4.2710000000 4.7237186241
4.2720000000 4.7245285454
4.2730000000 4.7253386192
4.2740000000 4.7261488304
4.2750000000 4.7269591942
4.2760000000 4.7277696953
4.2770000000 4.7285803490
4.2780000000 4.7293911476
4.2790000000 4.7302020912
4.2800000000 4.7310131798
4.2810000000 4.7318244133
4.2820000000 4.7326357918
4.2830000000 4.7334473228
4.2840000000 4.7342589912
4.2850000000 4.7350707970
4.2860000000 4.7358827553
4.2870000000 4.7366948586
4.2880000000 4.7375070992
4.2890000000 4.7383194923
4.2900000000 4.7391320229
4.2910000000 4.7399446983
4.2920000000 4.7407575111
4.2930000000 4.7415704765
4.2940000000 4.7423835793
4.2950000000 4.7431968269
4.2960000000 4.7440102119
4.2970000000 4.7448237419
4.2980000000 4.7456374168
4.2990000000 4.7464512291
4.3000000000 4.7472651787
4.3010000000 4.7480792809
4.3020000000 4.7488935127
4.3030000000 4.7497078896
4.3040000000 4.7505224113
4.3050000000 4.7513370705
4.3060000000 4.7521518745
4.3070000000 4.7529668083
4.3080000000 4.7537818947
4.3090000000 4.7545971107
4.3100000000 4.7554124718
4.3110000000 4.7562279701
4.3120000000 4.7570436058
4.3130000000 4.7578593864
4.3140000000 4.7586753044
4.3150000000 4.7594913597
4.3160000000 4.7603075523
4.3170000000 4.7611238823
4.3180000000 4.7619403496
4.3190000000 4.7627569618
4.3200000000 4.7635737038
4.3210000000 4.7643905907
4.3220000000 4.7652076073
4.3230000000 4.7660247688
4.3240000000 4.7668420601
4.3250000000 4.7676594963
4.3260000000 4.7684770622
4.3270000000 4.7692947655
4.3280000000 4.7701126060
4.3290000000 4.7709305840
4.3300000000 4.7717486992
4.3310000000 4.7725669518
4.3320000000 4.7733853340
4.3330000000 4.7742038612
4.3340000000 4.7750225105
4.3350000000 4.7758413048
4.3360000000 4.7766602287
4.3370000000 4.7774792900
4.3380000000 4.7782984886
4.3390000000 4.7791178169
4.3400000000 4.7799372826
4.3410000000 4.7807568855
4.3420000000 4.7815766106
4.3430000000 4.7823964806
4.3440000000 4.7832164803
4.3450000000 4.7840366173
4.3460000000 4.7848568764
4.3470000000 4.7856772804
4.3480000000 4.7864978142
4.3490000000 4.7873184776
4.3500000000 4.7881392784
4.3510000000 4.7889602013
4.3520000000 4.7897812691
4.3530000000 4.7906024590
4.3540000000 4.7914237862
4.3550000000 4.7922452431
4.3560000000 4.7930668373
4.3570000000 4.7938885536
4.3580000000 4.7947104073
4.3590000000 4.7955323906
4.3600000000 4.7963545036
4.3610000000 4.7971767464
4.3620000000 4.7979991264
4.3630000000 4.7988216286
4.3640000000 4.7996442680
4.3650000000 4.8004670296
4.3660000000 4.8012899284
4.3670000000 4.8021129494
4.3680000000 4.8029361076
4.3690000000 4.8037593880
4.3700000000 4.8045828056
4.3710000000 4.8054063454
4.3720000000 4.8062300148
4.3730000000 4.8070538216
4.3740000000 4.8078777428
4.3750000000 4.8087018013
4.3760000000 4.8095259895
4.3770000000 4.8103502998
4.3780000000 4.8111747398
4.3790000000 4.8119993095
4.3800000000 4.8128240089
4.3810000000 4.8136488304
4.3820000000 4.8144737816
4.3830000000 4.8152988625
4.3840000000 4.8161240654
4.3850000000 4.8169493980
4.3860000000 4.8177748528
4.3870000000 4.8186004448
4.3880000000 4.8194261513
4.3890000000 4.8202519875
4.3900000000 4.8210779533
4.3910000000 4.8219040413
4.3920000000 4.8227302589
4.3930000000 4.8235565987
4.3940000000 4.8243830605
4.3950000000 4.8252096519
4.3960000000 4.8260363731
4.3970000000 4.8268632088
4.3980000000 4.8276901741
4.3990000000 4.8285172691
4.4000000000 4.8293444786
4.4010000000 4.8301718178
4.4020000000 4.8309992790
4.4030000000 4.8318268700
4.4040000000 4.8326545753
4.4050000000 4.8334824104
4.4060000000 4.8343103676
4.4070000000 4.8351384544
4.4080000000 4.8359666557
4.4090000000 4.8367949867
4.4100000000 4.8376234322
4.4110000000 4.8384520073
4.4120000000 4.8392807045
4.4130000000 4.8401095161
4.4140000000 4.8409384575
4.4150000000 4.8417675209
4.4160000000 4.8425967064
4.4170000000 4.8434260139
4.4180000000 4.8442554359
4.4190000000 4.8450849876
4.4200000000 4.8459146538
4.4210000000 4.8467444496
4.4220000000 4.8475743599
4.4230000000 4.8484043922
4.4240000000 4.8492345467
4.4250000000 4.8500648232
4.4260000000 4.8508952217
4.4270000000 4.8517257347
4.4280000000 4.8525563698
4.4290000000 4.8533871269
4.4300000000 4.8542180061
4.4310000000 4.8550489998
4.4320000000 4.8558801155
4.4330000000 4.8567113457
4.4340000000 4.8575426979
4.4350000000 4.8583741722
4.4360000000 4.8592057686
4.4370000000 4.8600374794
4.4380000000 4.8608693047
4.4390000000 4.8617012520
4.4400000000 4.8625333214
4.4410000000 4.8633655052
4.4420000000 4.8641978035
4.4430000000 4.8650302238
4.4440000000 4.8658627663
4.4450000000 4.8666954231
4.4460000000 4.8675281944
4.4470000000 4.8683610878
4.4480000000 4.8691940956
4.4490000000 4.8700272179
4.4500000000 4.8708604622
4.4510000000 4.8716938210
4.4520000000 4.8725273018
4.4530000000 4.8733608894
4.4540000000 4.8741945992
4.4550000000 4.8750284233
4.4560000000 4.8758623695
4.4570000000 4.8766964226
4.4580000000 4.8775305977
4.4590000000 4.8783648872
4.4600000000 4.8791992912
4.4610000000 4.8800338097
4.4620000000 4.8808684425
4.4630000000 4.8817031975
4.4640000000 4.8825380592
4.4650000000 4.8833730431
4.4660000000 4.8842081337
4.4670000000 4.8850433464
4.4680000000 4.8858786736
4.4690000000 4.8867141075
4.4700000000 4.8875496635
4.4710000000 4.8883853264
4.4720000000 4.8892211113
4.4730000000 4.8900570030
4.4740000000 4.8908930092
4.4750000000 4.8917291298
4.4760000000 4.8925653648
4.4770000000 4.8934017143
4.4780000000 4.8942381783
4.4790000000 4.8950747490
4.4800000000 4.8959114342
4.4810000000 4.8967482338
4.4820000000 4.8975851479
4.4830000000 4.8984221687
4.4840000000 4.8992593117
4.4850000000 4.9000965614
4.4860000000 4.9009339180
4.4870000000 4.9017713890
4.4880000000 4.9026089745
4.4890000000 4.9034466743
4.4900000000 4.9042844810
4.4910000000 4.9051224022
4.4920000000 4.9059604301
4.4930000000 4.9067985725
4.4940000000 4.9076368217
4.4950000000 4.9084751854
4.4960000000 4.9093136635
4.4970000000 4.9101522484
4.4980000000 4.9109909401
4.4990000000 4.9118297462
4.5000000000 4.9126686592
4.5010000000 4.9135076866
4.5020000000 4.9143468208
4.5030000000 4.9151860695
4.5040000000 4.9160254173
4.5050000000 4.9168648872
4.5060000000 4.9177044563
4.5070000000 4.9185441399
4.5080000000 4.9193839302
4.5090000000 4.9202238350
4.5100000000 4.9210638466
4.5110000000 4.9219039650
4.5120000000 4.9227441902
4.5130000000 4.9235845299
4.5140000000 4.9244249687
4.5150000000 4.9252655220
4.5160000000 4.9261061821
4.5170000000 4.9269469566
4.5180000000 4.9277878304
4.5190000000 4.9286288109
4.5200000000 4.9294699059
4.5210000000 4.9303111076
4.5220000000 4.9311524086
4.5230000000 4.9319938240
4.5240000000 4.9328353462
4.5250000000 4.9336769753
4.5260000000 4.9345187111
4.5270000000 4.9353605537
4.5280000000 4.9362025032
4.5290000000 4.9370445518
4.5300000000 4.9378867149
4.5310000000 4.9387289848
4.5320000000 4.9395713539
4.5330000000 4.9404138374
4.5340000000 4.9412564201
4.5350000000 4.9420991096
4.5360000000 4.9429419136
4.5370000000 4.9437848091
4.5380000000 4.9446278191
4.5390000000 4.9454709358
4.5400000000 4.9463141518
4.5410000000 4.9471574745
4.5420000000 4.9480009041
4.5430000000 4.9488444328
4.5440000000 4.9496880760
4.5450000000 4.9505318184
4.5460000000 4.9513756599
4.5470000000 4.9522196159
4.5480000000 4.9530636711
4.5490000000 4.9539078255
4.5500000000 4.9547520866
4.5510000000 4.9555964546
4.5520000000 4.9564409294
4.5530000000 4.9572855034
4.5540000000 4.9581301765
4.5550000000 4.9589749641
4.5560000000 4.9598198433
4.5570000000 4.9606648293
4.5580000000 4.9615099220
4.5590000000 4.9623551140
4.5600000000 4.9632004128
4.5610000000 4.9640458107
4.5620000000 4.9648913155
4.5630000000 4.9657369194
4.5640000000 4.9665826225
4.5650000000 4.9674284325
4.5660000000 4.9682743416
4.5670000000 4.9691203499
4.5680000000 4.9699664650
4.5690000000 4.9708126793
4.5700000000 4.9716590004
4.5710000000 4.9725054207
4.5720000000 4.9733519402
4.5730000000 4.9741985588
4.5740000000 4.9750452843
4.5750000000 4.9758921089
4.5760000000 4.9767390327
4.5770000000 4.9775860558
4.5780000000 4.9784331779
4.5790000000 4.9792804070
4.5800000000 4.9801277351
4.5810000000 4.9809751625
4.5820000000 4.9818226891
4.5830000000 4.9826703148
4.5840000000 4.9835180473
4.5850000000 4.9843658714
4.5860000000 4.9852138023
4.5870000000 4.9860618248
4.5880000000 4.9869099541
4.5890000000 4.9877581825
4.5900000000 4.9886065025
4.5910000000 4.9894549294
4.5920000000 4.9903034554
4.5930000000 4.9911520729
4.5940000000 4.9920007973
4.5950000000 4.9928496208
4.5960000000 4.9936985359
4.5970000000 4.9945475578
4.5980000000 4.9953966713
4.5990000000 4.9962458839
4.6000000000 4.9970951958
4.6010000000 4.9979446068
4.6020000000 4.9987941170
4.6030000000 4.9996437263
4.6040000000 5.0004934273
4.6050000000 5.0013432274
4.6060000000 5.0021931343
4.6070000000 5.0030431252
4.6080000000 5.0038932228
4.6090000000 5.0047434120
4.6100000000 5.0055937004
4.6110000000 5.0064440880
4.6120000000 5.0072945747
4.6130000000 5.0081451530
4.6140000000 5.0089958305
4.6150000000 5.0098465996
4.6160000000 5.0106974754
4.6170000000 5.0115484352
4.6180000000 5.0123995018
4.6190000000 5.0132506599
4.6200000000 5.0141019096
4.6210000000 5.0149532661
4.6220000000 5.0158047066
4.6230000000 5.0166562538
4.6240000000 5.0175078926
4.6250000000 5.0183596230
4.6260000000 5.0192114525
4.6270000000 5.0200633736
4.6280000000 5.0209153938
4.6290000000 5.0217675133
4.6300000000 5.0226197166
4.6310000000 5.0234720268
4.6320000000 5.0243244209
4.6330000000 5.0251769218
4.6340000000 5.0260295067
4.6350000000 5.0268821907
4.6360000000 5.0277349663
4.6370000000 5.0285878410
4.6380000000 5.0294408073
4.6390000000 5.0302938652
4.6400000000 5.0311470222
4.6410000000 5.0320002708
4.6420000000 5.0328536110
4.6430000000 5.0337070427
4.6440000000 5.0345605736
4.6450000000 5.0354141960
4.6460000000 5.0362679100
4.6470000000 5.0371217232
4.6480000000 5.0379756279
4.6490000000 5.0388296165
4.6500000000 5.0396837120
4.6510000000 5.0405378914
4.6520000000 5.0413921623
4.6530000000 5.0422465324
4.6540000000 5.0431009941
4.6550000000 5.0439555397
4.6560000000 5.0448101845
4.6570000000 5.0456649208
4.6580000000 5.0465197487
4.6590000000 5.0473746758
4.6600000000 5.0482296867
4.6610000000 5.0490847893
4.6620000000 5.0499399834
4.6630000000 5.0507952766
4.6640000000 5.0516506538
4.6650000000 5.0525061226
4.6660000000 5.0533616905
4.6670000000 5.0542173424
4.6680000000 5.0550730858
4.6690000000 5.0559289207
4.6700000000 5.0567848549
4.6710000000 5.0576408730
4.6720000000 5.0584969749
4.6730000000 5.0593531761
4.6740000000 5.0602094688
4.6750000000 5.0610658455
4.6760000000 5.0619223213
4.6770000000 5.0627788811
4.6780000000 5.0636355324
4.6790000000 5.0644922752
4.6800000000 5.0653491096
4.6810000000 5.0662060280
4.6820000000 5.0670630379
4.6830000000 5.0679201393
4.6840000000 5.0687773323
4.6850000000 5.0696346169
4.6860000000 5.0704919853
4.6870000000 5.0713494453
4.6880000000 5.0722069893
4.6890000000 5.0730646324
4.6900000000 5.0739223595
4.6910000000 5.0747801704
4.6920000000 5.0756380806
4.6930000000 5.0764960747
4.6940000000 5.0773541527
4.6950000000 5.0782123222
4.6960000000 5.0790705833
4.6970000000 5.0799289284
4.6980000000 5.0807873650
4.6990000000 5.0816458931
4.7000000000 5.0825045052
4.7010000000 5.0833632088
4.7020000000 5.0842219963
4.7030000000 5.0850808678
4.7040000000 5.0859398384
4.7050000000 5.0867988853
4.7060000000 5.0876580238
4.7070000000 5.0885172539
4.7080000000 5.0893765678
4.7090000000 5.0902359734
4.7100000000 5.0910954628
4.7110000000 5.0919550362
4.7120000000 5.0928147011
4.7130000000 5.0936744499
4.7140000000 5.0945342827
4.7150000000 5.0953942070
4.7160000000 5.0962542229
4.7170000000 5.0971143150
4.7180000000 5.0979744987
4.7190000000 5.0988347740
4.7200000000 5.0996951256
4.7210000000 5.1005555687
4.7220000000 5.1014160957
4.7230000000 5.1022767143
4.7240000000 5.1031374168
4.7250000000 5.1039982033
4.7260000000 5.1048590736
4.7270000000 5.1057200279
4.7280000000 5.1065810738
4.7290000000 5.1074422035
4.7300000000 5.1083034172
4.7310000000 5.1091647148
4.7320000000 5.1100261040
4.7330000000 5.1108875771
4.7340000000 5.1117491264
4.7350000000 5.1126107674
4.7360000000 5.1134724922
4.7370000000 5.1143343010
4.7380000000 5.1151962013
4.7390000000 5.1160581779
4.7400000000 5.1169202461
4.7410000000 5.1177823906
4.7420000000 5.1186446266
4.7430000000 5.1195069389
4.7440000000 5.1203693428
4.7450000000 5.1212318306
4.7460000000 5.1220944023
4.7470000000 5.1229570503
4.7480000000 5.1238197899
4.7490000000 5.1246826134
4.7500000000 5.1255455132
4.7510000000 5.1264085045
4.7520000000 5.1272715797
4.7530000000 5.1281347313
4.7540000000 5.1289979744
4.7550000000 5.1298612938
4.7560000000 5.1307246971
4.7570000000 5.1315881844
4.7580000000 5.1324517555
4.7590000000 5.1333154106
4.7600000000 5.1341791496
4.7610000000 5.1350429726
4.7620000000 5.1359068718
4.7630000000 5.1367708550
4.7640000000 5.1376349220
4.7650000000 5.1384990730
4.7660000000 5.1393633080
4.7670000000 5.1402276192
4.7680000000 5.1410920219
4.7690000000 5.1419565010
4.7700000000 5.1428210564
4.7710000000 5.1436857033
4.7720000000 5.1445504265
4.7730000000 5.1454152336
4.7740000000 5.1462801247
4.7750000000 5.1471450920
4.7760000000 5.1480101433
4.7770000000 5.1488752785
4.7780000000 5.1497404900
4.7790000000 5.1506057854
4.7800000000 5.1514711647
4.7810000000 5.1523366203
4.7820000000 5.1532021599
4.7830000000 5.1540677757
4.7840000000 5.1549334755
4.7850000000 5.1557992592
4.7860000000 5.1566651192
4.7870000000 5.1575310631
4.7880000000 5.1583970909
4.7890000000 5.1592631874
4.7900000000 5.1601293755
4.7910000000 5.1609956398
4.7920000000 5.1618619804
4.7930000000 5.1627284050
4.7940000000 5.1635949135
4.7950000000 5.1644614983
4.7960000000 5.1653281593
4.7970000000 5.1661949043
4.7980000000 5.1670617332
4.7990000000 5.1679286385
4.8000000000 5.1687956200
4.8010000000 5.1696626854
4.8020000000 5.1705298271
4.8030000000 5.1713970451
4.8040000000 5.1722643471
4.8050000000 5.1731317253
4.8060000000 5.1739991875
4.8070000000 5.1748667259
4.8080000000 5.1757343407
4.8090000000 5.1766020393
4.8100000000 5.1774698143
4.8110000000 5.1783376656
4.8120000000 5.1792056007
4.8130000000 5.1800736122
4.8140000000 5.1809417000
4.8150000000 5.1818098717
4.8160000000 5.1826781120
4.8170000000 5.1835464363
4.8180000000 5.1844148445
4.8190000000 5.1852833214
4.8200000000 5.1861518822
4.8210000000 5.1870205193
4.8220000000 5.1878892326
4.8230000000 5.1887580223
4.8240000000 5.1896268959
4.8250000000 5.1904958458
4.8260000000 5.1913648643
4.8270000000 5.1922339745
4.8280000000 5.1931031532
4.8290000000 5.1939724083
4.8300000000 5.1948417473
4.8310000000 5.1957111549
4.8320000000 5.1965806465
4.8330000000 5.1974502144
4.8340000000 5.1983198586
4.8350000000 5.1991895714
4.8360000000 5.2000593758
4.8370000000 5.2009292488
4.8380000000 5.2017991982
4.8390000000 5.2026692238
4.8400000000 5.2035393257
4.8410000000 5.2044095039
4.8420000000 5.2052797661
4.8430000000 5.2061500969
4.8440000000 5.2070205040
4.8450000000 5.2078909874
4.8460000000 5.2087615547
4.8470000000 5.2096321907
4.8480000000 5.2105029030
4.8490000000 5.2113736916
4.8500000000 5.2122445564
4.8510000000 5.2131154976
4.8520000000 5.2139865150
4.8530000000 5.2148576012
4.8540000000 5.2157287712
4.8550000000 5.2166000175
4.8560000000 5.2174713326
4.8570000000 5.2183427238
4.8580000000 5.2192141914
4.8590000000 5.2200857353
4.8600000000 5.2209573555
4.8610000000 5.2218290520
4.8620000000 5.2227008171
4.8630000000 5.2235726585
4.8640000000 5.2244445839
4.8650000000 5.2253165703
4.8660000000 5.2261886406
4.8670000000 5.2270607796
4.8680000000 5.2279330025
4.8690000000 5.2288052940
4.8700000000 5.2296776543
4.8710000000 5.2305500984
4.8720000000 5.2314226112
4.8730000000 5.2322952003
4.8740000000 5.2331678581
4.8750000000 5.2340405998
4.8760000000 5.2349134102
4.8770000000 5.2357862892
4.8780000000 5.2366592522
4.8790000000 5.2375322838
4.8800000000 5.2384053841
4.8810000000 5.2392785683
4.8820000000 5.2401518211
4.8830000000 5.2410251427
4.8840000000 5.2418985405
4.8850000000 5.2427720146
4.8860000000 5.2436455574
4.8870000000 5.2445191765
4.8880000000 5.2453928719
4.8890000000 5.2462666359
4.8900000000 5.2471404762
4.8910000000 5.2480143852
4.8920000000 5.2488883705
4.8930000000 5.2497624245
4.8940000000 5.2506365547
4.8950000000 5.2515107536
4.8960000000 5.2523850288
4.8970000000 5.2532593803
4.8980000000 5.2541338005
4.8990000000 5.2550082893
4.9000000000 5.2558828545
4.9010000000 5.2567574883
4.9020000000 5.2576321983
4.9030000000 5.2585069771
4.9040000000 5.2593818321
4.9050000000 5.2602567558
4.9060000000 5.2611317482
4.9070000000 5.2620068169
4.9080000000 5.2628819618
4.9090000000 5.2637571678
4.9100000000 5.2646324501
4.9110000000 5.2655078087
4.9120000000 5.2663832359
4.9130000000 5.2672587318
4.9140000000 5.2681343040
4.9150000000 5.2690099449
4.9160000000 5.2698856544
4.9170000000 5.2707614326
4.9180000000 5.2716372871
4.9190000000 5.2725132179
4.9200000000 5.2733892097
4.9210000000 5.2742652779
4.9220000000 5.2751414146
4.9230000000 5.2760176201
4.9240000000 5.2768939018
4.9250000000 5.2777702522
4.9260000000 5.2786466713
4.9270000000 5.2795231590
4.9280000000 5.2803997231
4.9290000000 5.2812763557
4.9300000000 5.2821530571
4.9310000000 5.2830298271
4.9320000000 5.2839066734
4.9330000000 5.2847835808
4.9340000000 5.2856605644
4.9350000000 5.2865376167
4.9360000000 5.2874147377
4.9370000000 5.2882919350
4.9380000000 5.2891691933
4.9390000000 5.2900465279
4.9400000000 5.2909239235
4.9410000000 5.2918013954
4.9420000000 5.2926789360
4.9430000000 5.2935565453
4.9440000000 5.2944342308
4.9450000000 5.2953119774
4.9460000000 5.2961897926
4.9470000000 5.2970676842
4.9480000000 5.2979456367
4.9490000000 5.2988236656
4.9500000000 5.2997017555
4.9510000000 5.3005799217
4.9520000000 5.3014581566
4.9530000000 5.3023364601
4.9540000000 5.3032148247
4.9550000000 5.3040932655
4.9560000000 5.3049717751
4.9570000000 5.3058503532
4.9580000000 5.3067289925
4.9590000000 5.3076077080
4.9600000000 5.3084864922
4.9610000000 5.3093653374
4.9620000000 5.3102442589
4.9630000000 5.3111232414
4.9640000000 5.3120023003
4.9650000000 5.3128814201
4.9660000000 5.3137606163
4.9670000000 5.3146398735
4.9680000000 5.3155191994
4.9690000000 5.3163985939
4.9700000000 5.3172780571
4.9710000000 5.3181575890
4.9720000000 5.3190371895
4.9730000000 5.3199168510
4.9740000000 5.3207965889
4.9750000000 5.3216763878
4.9760000000 5.3225562553
4.9770000000 5.3234361916
4.9780000000 5.3243161964
4.9790000000 5.3251962624
4.9800000000 5.3260764046
4.9810000000 5.3269566078
4.9820000000 5.3278368797
4.9830000000 5.3287172203
4.9840000000 5.3295976219
4.9850000000 5.3304780922
4.9860000000 5.3313586388
4.9870000000 5.3322392387
4.9880000000 5.3331199150
4.9890000000 5.3340006523
4.9900000000 5.3348814583
4.9910000000 5.3357623329
4.9920000000 5.3366432762
4.9930000000 5.3375242805
4.9940000000 5.3384053535
4.9950000000 5.3392864952
4.9960000000 5.3401676979
4.9970000000 5.3410489693
4.9980000000 5.3419303017
4.9990000000 5.3428117104
