1.5410000000 0.0930783043 0.8570561028 1.4250780907 2.4585583534 3.0562825508
1.5420000000 0.0930370979 0.8577145882 1.4257352486 2.4589017525 3.0568406258
1.5430000000 0.0930014076 0.8583729439 1.4263923454 2.4592451363 3.0573988228
1.5440000000 0.0929712334 0.8590311775 1.4270493889 2.4595884972 3.0579571571
1.5450000000 0.0929465981 0.8596893044 1.4277063713 2.4599318428 3.0585156212
1.5460000000 0.0929275093 0.8603473167 1.4283632927 2.4602751732 3.0590742226
1.5470000000 0.0929139748 0.8610052299 1.4290201530 2.4606184807 3.0596329536
1.5480000000 0.0929060020 0.8616630363 1.4296769447 2.4609617653 3.0601918068
1.5490000000 0.0929035988 0.8623207436 1.4303336678 2.4613050270 3.0607508049
1.5500000000 0.0929067726 0.8629783592 1.4309903221 2.4616482658 3.0613099251
1.5510000000 0.0929155235 0.8636358833 1.4316469002 2.4619914818 3.0618691826
1.5520000000 0.0929298668 0.8642933235 1.4323034096 2.4623346748 3.0624285698
1.5530000000 0.0929498024 0.8649506721 1.4329598427 2.4626778450 3.0629880943
1.5540000000 0.0929753227 0.8656079445 1.4336161919 2.4630209923 3.0635477409
1.5550000000 0.0930064430 0.8662651329 1.4342724648 2.4633641090 3.0641075325
1.5560000000 0.0930431480 0.8669222450 1.4349286537 2.4637071953 3.0646674461
1.5570000000 0.0930854530 0.8675792809 1.4355847588 2.4640502586 3.0652274971
1.5580000000 0.0931333427 0.8682362480 1.4362407722 2.4643932991 3.0657876778
1.5590000000 0.0931868248 0.8688931389 1.4368966942 2.4647363014 3.0663479881
1.5600000000 0.0932458839 0.8695499687 1.4375525322 2.4650792809 3.0669084358
1.5610000000 0.0933105278 0.8702067299 1.4382082634 2.4654222298 3.0674690132
1.5620000000 0.0933807411 0.8708634224 1.4388639107 2.4657651405 3.0680297279
1.5630000000 0.0934565163 0.8715200539 1.4395194511 2.4661080284 3.0685905724
1.5640000000 0.0935378532 0.8721766243 1.4401748924 2.4664508781 3.0691515541
1.5650000000 0.0936247368 0.8728331261 1.4408302269 2.4667936974 3.0697126579
1.5660000000 0.0937171593 0.8734895821 1.4414854622 2.4671364784 3.0702739067
1.5670000000 0.0938151054 0.8741459694 1.4421405830 2.4674792290 3.0708352776
1.5680000000 0.0939185677 0.8748023109 1.4427955971 2.4678219414 3.0713967934
1.5690000000 0.0940275383 0.8754585915 1.4434504967 2.4681646233 3.0719584312
1.5700000000 0.0941419868 0.8761148186 1.4441052818 2.4685072594 3.0725202065
1.5710000000 0.0942619133 0.8767709999 1.4447599449 2.4688498650 3.0730821190
1.5720000000 0.0943873024 0.8774271278 1.4454144936 2.4691924324 3.0736441612
1.5730000000 0.0945181236 0.8780832024 1.4460689125 2.4695349541 3.0742063332
1.5740000000 0.0946543770 0.8787392311 1.4467232094 2.4698774452 3.0747686424
1.5750000000 0.0947960320 0.8793952065 1.4473773842 2.4702198906 3.0753310890
1.5760000000 0.0949430656 0.8800511436 1.4480314217 2.4705622902 3.0758936577
1.5770000000 0.0950954781 0.8807070274 1.4486853294 2.4709046516 3.0764563713
1.5780000000 0.0952532310 0.8813628731 1.4493391075 2.4712469749 3.0770192146
1.5790000000 0.0954163017 0.8820186653 1.4499927406 2.4715892448 3.0775821953
1.5800000000 0.0955846825 0.8826744194 1.4506462364 2.4719314766 3.0781453056
1.5810000000 0.0957583351 0.8833301353 1.4512995872 2.4722736626 3.0787085457
1.5820000000 0.0959372444 0.8839858055 1.4519528008 2.4726158028 3.0792719307
1.5830000000 0.0961213875 0.8846414299 1.4526058617 2.4729578896 3.0798354378
1.5840000000 0.0963107262 0.8852970238 1.4532587700 2.4732999382 3.0803990898
1.5850000000 0.0965052528 0.8859525719 1.4539115334 2.4736419334 3.0809628716
1.5860000000 0.0967049294 0.8866080818 1.4545641365 2.4739838753 3.0815267830
1.5870000000 0.0969097252 0.8872635536 1.4552165794 2.4743257713 3.0820908318
1.5880000000 0.0971196175 0.8879189873 1.4558688698 2.4746676140 3.0826550179
1.5890000000 0.0973345833 0.8885743904 1.4565209923 2.4750094109 3.0832193413
1.5900000000 0.0975545921 0.8892297478 1.4571729469 2.4753511543 3.0837837944
1.5910000000 0.0977796059 0.8898850746 1.4578247337 2.4756928368 3.0843483849
1.5920000000 0.0980095940 0.8905403633 1.4584763527 2.4760344734 3.0849131050
1.5930000000 0.0982445412 0.8911956215 1.4591277962 2.4763760490 3.0854779625
1.5940000000 0.0984844017 0.8918508415 1.4597790642 2.4767175713 3.0860429573
1.5950000000 0.0987291451 0.8925060310 1.4604301567 2.4770590401 3.0866080818
1.5960000000 0.0989787483 0.8931611824 1.4610810661 2.4774004478 3.0871733437
1.5970000000 0.0992331734 0.8938163033 1.4617317848 2.4777417946 3.0877387428
1.5980000000 0.0994923897 0.8944713936 1.4623823204 2.4780830879 3.0883042793
1.5990000000 0.0997563591 0.8951264534 1.4630326653 2.4784243126 3.0888699455
1.6000000000 0.1000250511 0.8957814751 1.4636828194 2.4787654839 3.0894357491
1.6010000000 0.1002984276 0.8964364738 1.4643327751 2.4791065941 3.0900016899
1.6020000000 0.1005764656 0.8970914345 1.4649825401 2.4794476433 3.0905677605
1.6030000000 0.1008591194 0.8977463722 1.4656320915 2.4797886238 3.0911339760
1.6040000000 0.1011463661 0.8984012718 1.4662814445 2.4801295357 3.0917003212
1.6050000000 0.1014381523 0.8990561485 1.4669305916 2.4804703941 3.0922668037
1.6060000000 0.1017344627 0.8997109947 1.4675795326 2.4808111763 3.0928334160
1.6070000000 0.1020352516 0.9003658104 1.4682282524 2.4811518974 3.0934001732
1.6080000000 0.1023404808 0.9010205956 1.4688767586 2.4814925499 3.0939670601
1.6090000000 0.1026501198 0.9016753578 1.4695250511 2.4818331337 3.0945340843
1.6100000000 0.1029641304 0.9023300896 1.4701731148 2.4821736488 3.0951012459
1.6110000000 0.1032824745 0.9029847908 1.4708209572 2.4825140877 3.0956685448
1.6120000000 0.1036051216 0.9036394691 1.4714685707 2.4828544655 3.0962359810
1.6130000000 0.1039320335 0.9042941170 1.4721159554 2.4831947594 3.0968035545
1.6140000000 0.1042631721 0.9049487419 1.4727631035 2.4835349922 3.0973712578
1.6150000000 0.1045984917 0.9056033363 1.4734100151 2.4838751411 3.0979390984
1.6160000000 0.1049379768 0.9062579079 1.4740566902 2.4842152214 3.0985070839
1.6170000000 0.1052815742 0.9069124489 1.4747031212 2.4845552254 3.0990751991
1.6180000000 0.1056292534 0.9075669670 1.4753493004 2.4848951454 3.0996434517
1.6190000000 0.1059809685 0.9082214622 1.4759952354 2.4852349968 3.1002118416
1.6200000000 0.1063366966 0.9088759270 1.4766409187 2.4855747643 3.1007803688
1.6210000000 0.1066963997 0.9095303688 1.4772863426 2.4859144554 3.1013490334
1.6220000000 0.1070600243 0.9101847878 1.4779315071 2.4862540627 3.1019178352
1.6230000000 0.1074275551 0.9108391762 1.4785764122 2.4865935936 3.1024867744
1.6240000000 0.1077989464 0.9114935417 1.4792210503 2.4869330406 3.1030558510
1.6250000000 0.1081741524 0.9121478844 1.4798654213 2.4872724037 3.1036250648
1.6260000000 0.1085531502 0.9128022041 1.4805095177 2.4876116829 3.1041944160
1.6270000000 0.1089359016 0.9134565010 1.4811533318 2.4879508705 3.1047639046
1.6280000000 0.1093223686 0.9141107750 1.4817968788 2.4882899818 3.1053335304
1.6290000000 0.1097125130 0.9147650185 1.4824401360 2.4886290016 3.1059032936
1.6300000000 0.1101062965 0.9154192467 1.4830831108 2.4889679298 3.1064731941
1.6310000000 0.1105036888 0.9160734444 1.4837257957 2.4893067741 3.1070432320
1.6320000000 0.1109046440 0.9167276268 1.4843681831 2.4896455345 3.1076134071
1.6330000000 0.1113091469 0.9173817787 1.4850102806 2.4899841957 3.1081837273
1.6340000000 0.1117171440 0.9180359154 1.4856520729 2.4903227654 3.1087541771
1.6350000000 0.1121286049 0.9186900215 1.4862935677 2.4906612434 3.1093247719
1.6360000000 0.1125434914 0.9193441048 1.4869347496 2.4909996300 3.1098954964
1.6370000000 0.1129617729 0.9199981728 1.4875756264 2.4913379173 3.1104663658
1.6380000000 0.1133834190 0.9206522102 1.4882161827 2.4916761131 3.1110373726
1.6390000000 0.1138083916 0.9213062325 1.4888564262 2.4920142097 3.1116085243
1.6400000000 0.1142366447 0.9219602318 1.4894963493 2.4923522072 3.1121798058
1.6410000000 0.1146681633 0.9226142082 1.4901359444 2.4926901054 3.1127512321
1.6420000000 0.1151029015 0.9232681618 1.4907752113 2.4930279121 3.1133227882
1.6430000000 0.1155408287 0.9239220924 1.4914141426 2.4933656120 3.1138944893
1.6440000000 0.1159819069 0.9245760002 1.4920527382 2.4937032051 3.1144663277
1.6450000000 0.1164261131 0.9252298927 1.4926909904 2.4940406990 3.1150383110
1.6460000000 0.1168734093 0.9258837624 1.4933289070 2.4943780937 3.1156104317
1.6470000000 0.1173237572 0.9265376015 1.4939664650 2.4947153816 3.1161826820
1.6480000000 0.1177771263 0.9271914253 1.4946036797 2.4950525627 3.1167550850
1.6490000000 0.1182334938 0.9278452339 1.4952405357 2.4953896370 3.1173276176
1.6500000000 0.1186928139 0.9284990120 1.4958770256 2.4957266045 3.1179002953
1.6510000000 0.1191550636 0.9291527748 1.4965131569 2.4960634575 3.1184731102
1.6520000000 0.1196202126 0.9298065147 1.4971489143 2.4964002037 3.1190460701
1.6530000000 0.1200882225 0.9304602318 1.4977843056 2.4967368431 3.1196191597
1.6540000000 0.1205590706 0.9311139336 1.4984193153 2.4970733604 3.1201923943
1.6550000000 0.1210327187 0.9317676125 1.4990539436 2.4974097710 3.1207657738
1.6560000000 0.1215091362 0.9324212685 1.4996881905 2.4977460670 3.1213392906
1.6570000000 0.1219883003 0.9330749016 1.5003220406 2.4980822487 3.1219129448
1.6580000000 0.1224701729 0.9337285194 1.5009555016 2.4984183159 3.1224867363
1.6590000000 0.1229547310 0.9343821144 1.5015885658 2.4987542610 3.1230606804
1.6600000000 0.1234419365 0.9350356865 1.5022212257 2.4990900841 3.1236347542
1.6610000000 0.1239317741 0.9356892433 1.5028534813 2.4994257927 3.1242089729
1.6620000000 0.1244241982 0.9363427773 1.5034853249 2.4997613792 3.1247833290
1.6630000000 0.1249191933 0.9369962883 1.5041167488 2.5000968437 3.1253578300
1.6640000000 0.1254167290 0.9376497765 1.5047477531 2.5004321861 3.1259324684
1.6650000000 0.1259167671 0.9383032494 1.5053783302 2.5007673988 3.1265072517
1.6660000000 0.1264192924 0.9389567070 1.5060084801 2.5011024971 3.1270821724
1.6670000000 0.1269242744 0.9396101341 1.5066381950 2.5014374580 3.1276572380
1.6680000000 0.1274316826 0.9402635460 1.5072674675 2.5017722969 3.1282324409
1.6690000000 0.1279414940 0.9409169350 1.5078962975 2.5021070061 3.1288077888
1.6700000000 0.1284536705 0.9415703087 1.5085246773 2.5024415855 3.1293832741
1.6710000000 0.1289682045 0.9422236595 1.5091526070 2.5027760353 3.1299589043
1.6720000000 0.1294850502 0.9428769951 1.5097800713 2.5031103477 3.1305346794
1.6730000000 0.1300042000 0.9435303001 1.5104070778 2.5034445305 3.1311105919
1.6740000000 0.1305256157 0.9441835976 1.5110336113 2.5037785759 3.1316866417
1.6750000000 0.1310492821 0.9448368645 1.5116596718 2.5041124916 3.1322628441
1.6760000000 0.1315751610 0.9454901161 1.5122852592 2.5044462700 3.1328391838
1.6770000000 0.1321032372 0.9461433449 1.5129103508 2.5047799034 3.1334156609
1.6780000000 0.1326334801 0.9467965584 1.5135349617 2.5051133995 3.1339922829
1.6790000000 0.1331658745 0.9474497490 1.5141590767 2.5054467583 3.1345690498
1.6800000000 0.1337003899 0.9481029167 1.5147826881 2.5057799797 3.1351459618
1.6810000000 0.1342370033 0.9487560692 1.5154057884 2.5061130486 3.1357230110
1.6820000000 0.1347756920 0.9494091988 1.5160283852 2.5064459801 3.1363002052
1.6830000000 0.1353164330 0.9500623131 1.5166504631 2.5067787666 3.1368775444
1.6840000000 0.1358592033 0.9507154045 1.5172720146 2.5071114006 3.1374550209
1.6850000000 0.1364039803 0.9513684731 1.5178930397 2.5074438896 3.1380326424
1.6860000000 0.1369507408 0.9520215263 1.5185135307 2.5077762337 3.1386104088
1.6870000000 0.1374994621 0.9526745567 1.5191334877 2.5081084251 3.1391883202
1.6880000000 0.1380501213 0.9533275642 1.5197528954 2.5084404640 3.1397663765
1.6890000000 0.1386027031 0.9539805565 1.5203717461 2.5087723503 3.1403445702
1.6900000000 0.1391571770 0.9546335335 1.5209900475 2.5091040840 3.1409229088
1.6910000000 0.1397135277 0.9552864799 1.5216077766 2.5094356651 3.1415013924
1.6920000000 0.1402717400 0.9559394112 1.5222249413 2.5097670860 3.1420800209
1.6930000000 0.1408317757 0.9565923271 1.5228415260 2.5100983467 3.1426587944
1.6940000000 0.1413936348 0.9572452126 1.5234575310 2.5104294548 3.1432377052
1.6950000000 0.1419572792 0.9578980904 1.5240729408 2.5107604027 3.1438167686
1.6960000000 0.1425227013 0.9585509377 1.5246877632 2.5110911827 3.1443959694
1.6970000000 0.1430898781 0.9592037697 1.5253019829 2.5114218101 3.1449753151
1.6980000000 0.1436587944 0.9598565788 1.5259155846 2.5117522621 3.1455548058
1.6990000000 0.1442294197 0.9605093727 1.5265285835 2.5120825539 3.1461344490
1.7000000000 0.1448017387 0.9611621437 1.5271409492 2.5124126854 3.1467142296
1.7010000000 0.1453757362 0.9618148918 1.5277526894 2.5127426414 3.1472941551
1.7020000000 0.1459513969 0.9624676247 1.5283637962 2.5130724297 3.1478742256
1.7030000000 0.1465286980 0.9631203346 1.5289742622 2.5134020500 3.1484544411
1.7040000000 0.1471076164 0.9637730217 1.5295840721 2.5137314949 3.1490348015
1.7050000000 0.1476881447 0.9644256935 1.5301932259 2.5140607643 3.1496153069
1.7060000000 0.1482702522 0.9650783424 1.5308017159 2.5143898659 3.1501959572
1.7070000000 0.1488539314 0.9657309761 1.5314095268 2.5147187843 3.1507767525
1.7080000000 0.1494391670 0.9663835869 1.5320166664 2.5150475349 3.1513577003
1.7090000000 0.1500259361 0.9670361748 1.5326231117 2.5153760948 3.1519387856
1.7100000000 0.1506142235 0.9676887398 1.5332288704 2.5157044868 3.1525200233
1.7110000000 0.1512040062 0.9683412895 1.5338339195 2.5160326881 3.1531013985
1.7120000000 0.1517952843 0.9689938164 1.5344382515 2.5163607140 3.1536829262
1.7130000000 0.1523880196 0.9696463280 1.5350418739 2.5166885490 3.1542645988
1.7140000000 0.1529822121 0.9702988091 1.5356447639 2.5170162010 3.1548464165
1.7150000000 0.1535778465 0.9709512825 1.5362469215 2.5173436699 3.1554283791
1.7160000000 0.1541748924 0.9716037254 1.5368483315 2.5176709480 3.1560104942
1.7170000000 0.1547733498 0.9722561531 1.5374489861 2.5179980278 3.1565927467
1.7180000000 0.1553731956 0.9729085579 1.5380488777 2.5183249245 3.1571751518
1.7190000000 0.1559744148 0.9735609398 1.5386480064 2.5186516304 3.1577577019
1.7200000000 0.1565769997 0.9742132988 1.5392463493 2.5189781380 3.1583404045
1.7210000000 0.1571809273 0.9748656425 1.5398438988 2.5193044548 3.1589232445
1.7220000000 0.1577861824 0.9755179634 1.5404406548 2.5196305733 3.1595062370
1.7230000000 0.1583927574 0.9761702690 1.5410366096 2.5199564934 3.1600893822
1.7240000000 0.1590006294 0.9768225441 1.5416317406 2.5202822075 3.1606726646
1.7250000000 0.1596097908 0.9774748039 1.5422260399 2.5206077232 3.1612560997
1.7260000000 0.1602202339 0.9781270485 1.5428195076 2.5209330406 3.1618396797
1.7270000000 0.1608319283 0.9787792625 1.5434121284 2.5212581520 3.1624234123
1.7280000000 0.1614448738 0.9794314613 1.5440038948 2.5215830574 3.1630072899
1.7290000000 0.1620590553 0.9800836372 1.5445947914 2.5219077568 3.1635913124
1.7300000000 0.1626744499 0.9807357903 1.5451848106 2.5222322426 3.1641754875
1.7310000000 0.1632910576 0.9813879204 1.5457739372 2.5225565224 3.1647598076
1.7320000000 0.1639088554 0.9820400352 1.5463621635 2.5228805885 3.1653442802
1.7330000000 0.1645278358 0.9826921272 1.5469494820 2.5232044411 3.1659288979
1.7340000000 0.1651479912 0.9833441963 1.5475358849 2.5235280800 3.1665136681
1.7350000000 0.1657692986 0.9839962425 1.5481213417 2.5238514976 3.1670985832
1.7360000000 0.1663917427 0.9846482658 1.5487058601 2.5241747017 3.1676836433
1.7370000000 0.1670153313 0.9853002739 1.5492894173 2.5244976845 3.1682688560
1.7380000000 0.1676400337 0.9859522591 1.5498720055 2.5248204536 3.1688542213
1.7390000000 0.1682658424 0.9866042213 1.5504536171 2.5251429939 3.1694397316
1.7400000000 0.1688927498 0.9872561607 1.5510342293 2.5254653053 3.1700253944
1.7410000000 0.1695207405 0.9879080772 1.5516138344 2.5257873955 3.1706112022
1.7420000000 0.1701498070 0.9885599709 1.5521924171 2.5261092567 3.1711971626
1.7430000000 0.1707799339 0.9892118492 1.5527699699 2.5264308968 3.1717832756
1.7440000000 0.1714111137 0.9898637047 1.5533464699 2.5267523003 3.1723695335
1.7450000000 0.1720433311 0.9905155373 1.5539219093 2.5270734673 3.1729559441
1.7460000000 0.1726765785 0.9911673470 1.5544962807 2.5273944054 3.1735424995
1.7470000000 0.1733108406 0.9918191338 1.5550695534 2.5277151070 3.1741292152
1.7480000000 0.1739461174 0.9924708977 1.5556417198 2.5280355721 3.1747160759
1.7490000000 0.1745823860 0.9931226387 1.5562127724 2.5283558006 3.1753030815
1.7500000000 0.1752196388 0.9937743645 1.5567826881 2.5286757851 3.1758902473
1.7510000000 0.1758578682 0.9944260597 1.5573514519 2.5289955254 3.1764775581
1.7520000000 0.1764970665 0.9950777397 1.5579190483 2.5293150215 3.1770650215
1.7530000000 0.1771372261 0.9957293892 1.5584854622 2.5296342812 3.1776526299
1.7540000000 0.1777783241 0.9963810234 1.5590506706 2.5299532814 3.1782403984
1.7550000000 0.1784203606 0.9970326347 1.5596146660 2.5302720451 3.1788283119
1.7560000000 0.1790633202 0.9976842232 1.5601774254 2.5305905495 3.1794163780
1.7570000000 0.1797072029 0.9983357811 1.5607389259 2.5309088020 3.1800045967
1.7580000000 0.1803519936 0.9989873238 1.5612991600 2.5312268028 3.1805929680
1.7590000000 0.1809976768 0.9996388435 1.5618581047 2.5315445518 3.1811814919
1.7600000000 0.1816442528 1.0002903404 1.5624157372 2.5318620338 3.1817701607
1.7610000000 0.1822917061 1.0009418144 1.5629720421 2.5321792641 3.1823589897
1.7620000000 0.1829400368 1.0015932655 1.5635269890 2.5324962273 3.1829479713
1.7630000000 0.1835892220 1.0022446938 1.5640805702 2.5328129311 3.1835370979
1.7640000000 0.1842392616 1.0028960991 1.5646327629 2.5331293755 3.1841263771
1.7650000000 0.1848901482 1.0035474815 1.5651835365 2.5334455452 3.1847158165
1.7660000000 0.1855418663 1.0041988335 1.5657328758 2.5337614479 3.1853054008
1.7670000000 0.1861944160 1.0048501701 1.5662807579 2.5340770836 3.1858951454
1.7680000000 0.1868477821 1.0055014839 1.5668271523 2.5343924522 3.1864850349
1.7690000000 0.1875019569 1.0061527748 1.5673720436 2.5347075386 3.1870750847
1.7700000000 0.1881569405 1.0068040352 1.5679153938 2.5350223503 3.1876652794
1.7710000000 0.1888127098 1.0074552803 1.5684571953 2.5353368874 3.1882556343
1.7720000000 0.1894692726 1.0081064949 1.5689974022 2.5356511421 3.1888461418
1.7730000000 0.1901266060 1.0087576942 1.5695360069 2.5359651222 3.1894368019
1.7740000000 0.1907847176 1.0094088631 1.5700729637 2.5362788124 3.1900276146
1.7750000000 0.1914435844 1.0100600090 1.5706082497 2.5365922203 3.1906185799
1.7760000000 0.1921032066 1.0107111320 1.5711418419 2.5369053459 3.1912097054
1.7770000000 0.1927635841 1.0113622322 1.5716737022 2.5372181740 3.1918009758
1.7780000000 0.1934246941 1.0120133095 1.5722037926 2.5375307198 3.1923924065
1.7790000000 0.1940865364 1.0126643562 1.5727320976 2.5378429680 3.1929839973
1.7800000000 0.1947491035 1.0133153877 1.5732585716 2.5381549263 3.1935757332
1.7810000000 0.1954123878 1.0139663887 1.5737831764 2.5384665871 3.1941676292
1.7820000000 0.1960763817 1.0146173668 1.5743058815 2.5387779503 3.1947596779
1.7830000000 0.1967410851 1.0152683220 1.5748266487 2.5390890083 3.1953518791
1.7840000000 0.1974064827 1.0159192543 1.5753454323 2.5393997688 3.1959442329
1.7850000000 0.1980725670 1.0165701561 1.5758622017 2.5397102242 3.1965367470
1.7860000000 0.1987393303 1.0172210350 1.5763769112 2.5400203667 3.1971294212
1.7870000000 0.1994067726 1.0178718987 1.5768895149 2.5403302116 3.1977222404
1.7880000000 0.2000748787 1.0185227242 1.5773999672 2.5406397362 3.1983152199
1.7890000000 0.2007436562 1.0191735344 1.5779082222 2.5409489555 3.1989083595
1.7900000000 0.2014130821 1.0198243141 1.5784142342 2.5412578621 3.1995016518
1.7910000000 0.2020831642 1.0204750710 1.5789179420 2.5415664482 3.2000950966
1.7920000000 0.2027538795 1.0211258049 1.5794193001 2.5418747139 3.2006887016
1.7930000000 0.2034252357 1.0217765160 1.5799182396 2.5421826668 3.2012824669
1.7940000000 0.2040972252 1.0224271965 1.5804147224 2.5424902916 3.2018763847
1.7950000000 0.2047698326 1.0230778542 1.5809086723 2.5427975883 3.2024704552
1.7960000000 0.2054430580 1.0237284813 1.5814000206 2.5431045647 3.2030646858
1.7970000000 0.2061168938 1.0243790855 1.5818887138 2.5434112129 3.2036590767
1.7980000000 0.2067913399 1.0250296669 1.5823746681 2.5437175255 3.2042536201
1.7990000000 0.2074663811 1.0256802254 1.5828578148 2.5440235023 3.2048483238
1.8000000000 0.2081420174 1.0263307533 1.5833380623 2.5443291512 3.2054431801
1.8010000000 0.2088182411 1.0269812584 1.5838153496 2.5446344566 3.2060381966
1.8020000000 0.2094950447 1.0276317329 1.5842895622 2.5449394264 3.2066333733
1.8030000000 0.2101724281 1.0282821922 1.5847606239 2.5452440529 3.2072287025
1.8040000000 0.2108503761 1.0289326134 1.5852284203 2.5455483360 3.2078241920
1.8050000000 0.2115288887 1.0295830193 1.5856928596 2.5458522758 3.2084198418
1.8060000000 0.2122079659 1.0302333870 1.5861538124 2.5461558647 3.2090156517
1.8070000000 0.2128875923 1.0308837395 1.5866111641 2.5464591026 3.2096116142
1.8080000000 0.2135677681 1.0315340614 1.5870647774 2.5467619896 3.2102077370
1.8090000000 0.2142484932 1.0321843529 1.5875145073 2.5470645180 3.2108040199
1.8100000000 0.2149297447 1.0328346291 1.5879602089 2.5473666878 3.2114004631
1.8110000000 0.2156115379 1.0334848671 1.5884017143 2.5476684990 3.2119970665
1.8120000000 0.2162938499 1.0341350822 1.5888388329 2.5479699516 3.2125938225
1.8130000000 0.2169766884 1.0347852745 1.5892713737 2.5482710381 3.2131907463
1.8140000000 0.2176600456 1.0354354362 1.5896991081 2.5485717583 3.2137878227
1.8150000000 0.2183439064 1.0360855751 1.5901217995 2.5488721123 3.2143850594
1.8160000000 0.2190282784 1.0367356834 1.5905391731 2.5491720924 3.2149824562
1.8170000000 0.2197131538 1.0373857689 1.5909509239 2.5494716911 3.2155800133
1.8180000000 0.2203985252 1.0380358238 1.5913567162 2.5497709236 3.2161777382
1.8190000000 0.2210843849 1.0386858482 1.5917561455 2.5500697746 3.2167756157
1.8200000000 0.2217707329 1.0393358498 1.5921487694 2.5503682442 3.2173736534
1.8210000000 0.2224575615 1.0399858208 1.5925340385 2.5506663322 3.2179718513
1.8220000000 0.2231448708 1.0406357689 1.5929113350 2.5509640312 3.2185702095
1.8230000000 0.2238326530 1.0412856865 1.5932798882 2.5512613487 3.2191687355
1.8240000000 0.2245209007 1.0419355812 1.5936387444 2.5515582695 3.2197674141
1.8250000000 0.2252096138 1.0425854454 1.5939866676 2.5518548012 3.2203662605
1.8260000000 0.2258987846 1.0432352791 1.5943220177 2.5521509361 3.2209652596
1.8270000000 0.2265884056 1.0438850899 1.5946424599 2.5524466743 3.2215644264
1.8280000000 0.2272784843 1.0445348701 1.5949442940 2.5527420082 3.2221637611
1.8290000000 0.2279690056 1.0451846199 1.5952206154 2.5530369377 3.2227632484
1.8300000000 0.2286599617 1.0458343468 1.5954499397 2.5533314629 3.2233628960
1.8310000000 0.2293513603 1.0464840431 1.5956598320 2.5536255836 3.2239627113
1.8320000000 0.2300431938 1.0471337090 1.5959337883 2.5539192924 3.2245626869
1.8330000000 0.2307354546 1.0477833519 1.5962386818 2.5542125893 3.2251628304
1.8340000000 0.2314281349 1.0484329643 1.5965664787 2.5545054665 3.2257631264
1.8350000000 0.2321212349 1.0490825462 1.5969131279 2.5547979240 3.2263635902
1.8360000000 0.2328147545 1.0497320976 1.5972761345 2.5550899696 3.2269642220
1.8370000000 0.2335086861 1.0503816261 1.5976537743 2.5553815804 3.2275650139
1.8380000000 0.2342030220 1.0510311241 1.5980447655 2.5556727715 3.2281659660
1.8390000000 0.2348977623 1.0516805916 1.5984481468 2.5559635277 3.2287670784
1.8400000000 0.2355928993 1.0523300285 1.5988631172 2.5562538567 3.2293683662
1.8410000000 0.2362884331 1.0529794426 1.5992890511 2.5565437508 3.2299698067
1.8420000000 0.2369843636 1.0536288185 1.5997253990 2.5568332100 3.2305714149
1.8430000000 0.2376806755 1.0542781715 1.6001717110 2.5571222267 3.2311731911
1.8440000000 0.2383773766 1.0549274940 1.6006275902 2.5574108009 3.2317751274
1.8450000000 0.2390744514 1.0555767860 1.6010926933 2.5576989250 3.2323772240
1.8460000000 0.2397719078 1.0562260551 1.6015667076 2.5579866066 3.2329794960
1.8470000000 0.2404697380 1.0568752861 1.6020493813 2.5582738380 3.2335819206
1.8480000000 0.2411679344 1.0575244942 1.6025404472 2.5585606117 3.2341845207
1.8490000000 0.2418664894 1.0581736641 1.6030397072 2.5588469276 3.2347872810
1.8500000000 0.2425654106 1.0588228111 1.6035469475 2.5591327858 3.2353902092
1.8510000000 0.2432646904 1.0594719276 1.6040619850 2.5594181862 3.2359932976
1.8520000000 0.2439643288 1.0601210136 1.6045846672 2.5597031136 3.2365965538
1.8530000000 0.2446643105 1.0607700691 1.6051148186 2.5599875755 3.2371999779
1.8540000000 0.2453646431 1.0614190941 1.6056523170 2.5602715721 3.2378035698
1.8550000000 0.2460653191 1.0620680885 1.6061970177 2.5605550880 3.2384073219
1.8560000000 0.2467663307 1.0627170525 1.6067487984 2.5608381233 3.2390112419
1.8570000000 0.2474676857 1.0633659859 1.6073075447 2.5611206856 3.2396153297
1.8580000000 0.2481693687 1.0640148888 1.6078731422 2.5614027596 3.2402195854
1.8590000000 0.2488713875 1.0646637611 1.6084454994 2.5616843529 3.2408240089
1.8600000000 0.2495737267 1.0653126030 1.6090245094 2.5619654579 3.2414286003
1.8610000000 0.2502763939 1.0659614143 1.6096100883 2.5622460670 3.2420333519
1.8620000000 0.2509793739 1.0666101952 1.6102021446 2.5625261803 3.2426382790
1.8630000000 0.2516826744 1.0672589455 1.6108006020 2.5628057976 3.2432433662
1.8640000000 0.2523862953 1.0679076653 1.6114053841 2.5630849113 3.2438486290
1.8650000000 0.2530902138 1.0685563545 1.6120164070 2.5633635216 3.2444540520
1.8660000000 0.2537944450 1.0692050056 1.6126336021 2.5636416206 3.2450596504
1.8670000000 0.2544989815 1.0698536339 1.6132569160 2.5639192162 3.2456654091
1.8680000000 0.2552038231 1.0705022240 1.6138862648 2.5641962929 3.2462713432
1.8690000000 0.2559089546 1.0711507835 1.6145216026 2.5644728584 3.2468774452
1.8700000000 0.2566143837 1.0717993126 1.6151628609 2.5647488976 3.2474837151
1.8710000000 0.2573201027 1.0724478111 1.6158099785 2.5650244102 3.2480901527
1.8720000000 0.2580261116 1.0730962791 1.6164629173 2.5652994041 3.2486967583
1.8730000000 0.2587324028 1.0737447166 1.6171216087 2.5655738640 3.2493035316
1.8740000000 0.2594389763 1.0743931160 1.6177860069 2.5658477898 3.2499104805
1.8750000000 0.2601458321 1.0750414848 1.6184560661 2.5661211739 3.2505175972
1.8760000000 0.2608529625 1.0756898232 1.6191317406 2.5663940239 3.2511248817
1.8770000000 0.2615603676 1.0763381310 1.6198129692 2.5666663322 3.2517323418
1.8780000000 0.2622680397 1.0769864006 1.6204997292 2.5669380913 3.2523399620
1.8790000000 0.2629759865 1.0776346474 1.6211919670 2.5672092934 3.2529477577
1.8800000000 0.2636841927 1.0782828484 1.6218896370 2.5674799538 3.2535557289
1.8810000000 0.2643926582 1.0789310265 1.6225927086 2.5677500496 3.2541638680
1.8820000000 0.2651013908 1.0795791664 1.6233011360 2.5680195808 3.2547721748
1.8830000000 0.2658103752 1.0802272758 1.6240148811 2.5682885551 3.2553806572
1.8840000000 0.2665196114 1.0808753548 1.6247339134 2.5685569572 3.2559893074
1.8850000000 0.2672290993 1.0815233955 1.6254581871 2.5688247948 3.2565981331
1.8860000000 0.2679388390 1.0821714058 1.6261876793 2.5690920525 3.2572071266
1.8870000000 0.2686488152 1.0828193855 1.6269223518 2.5693587303 3.2578162956
1.8880000000 0.2693590431 1.0834673271 1.6276621666 2.5696248283 3.2584256325
1.8890000000 0.2700695076 1.0841152382 1.6284071007 2.5698903389 3.2590351448
1.8900000000 0.2707802086 1.0847631187 1.6291571083 2.5701552620 3.2596448326
1.8910000000 0.2714911461 1.0854109612 1.6299121742 2.5704195976 3.2602546883
1.8920000000 0.2722023125 1.0860587654 1.6306722679 2.5706833305 3.2608647194
1.8930000000 0.2729137154 1.0867065392 1.6314373436 2.5709464607 3.2614749184
1.8940000000 0.2736253395 1.0873542824 1.6322073936 2.5712089882 3.2620852928
1.8950000000 0.2743371849 1.0880019875 1.6329823799 2.5714709129 3.2626958427
1.8960000000 0.2750492592 1.0886496620 1.6337622719 2.5717322197 3.2633065681
1.8970000000 0.2757615471 1.0892972984 1.6345470543 2.5719929161 3.2639174690
1.8980000000 0.2764740562 1.0899449043 1.6353366890 2.5722529869 3.2645285377
1.8990000000 0.2771867714 1.0905924721 1.6361311607 2.5725124397 3.2651397820
1.9000000000 0.2778997078 1.0912400093 1.6369304390 2.5727712593 3.2657512016
1.9010000000 0.2786128426 1.0918875084 1.6377345085 2.5730294533 3.2663627968
1.9020000000 0.2793261909 1.0925349770 1.6385433311 2.5732870140 3.2669745674
1.9030000000 0.2800397453 1.0931824074 1.6393568993 2.5735439262 3.2675865135
1.9040000000 0.2807534981 1.0938297997 1.6401751747 2.5738002052 3.2681986351
1.9050000000 0.2814674492 1.0944771614 1.6409981499 2.5740558357 3.2688109322
1.9060000000 0.2821816063 1.0951244850 1.6418257942 2.5743108101 3.2694234047
1.9070000000 0.2828959465 1.0957717781 1.6426580849 2.5745651283 3.2700360527
1.9080000000 0.2836104851 1.0964190331 1.6434950066 2.5748187904 3.2706488762
1.9090000000 0.2843252144 1.0970662498 1.6443365440 2.5750717888 3.2712618752
1.9100000000 0.2850401268 1.0977134285 1.6451826668 2.5753241234 3.2718750572
1.9110000000 0.2857552299 1.0983605766 1.6460333595 2.5755757790 3.2724884071
1.9120000000 0.2864705086 1.0990076942 1.6468885994 2.5758267632 3.2731019402
1.9130000000 0.2871859703 1.0996547661 1.6477483711 2.5760770683 3.2737156487
1.9140000000 0.2879016151 1.1003018074 1.6486126595 2.5763266869 3.2743295326
1.9150000000 0.2886174355 1.1009488106 1.6494814415 2.5765756111 3.2749435921
1.9160000000 0.2893334236 1.1015957756 1.6503547020 2.5768238487 3.2755578346
1.9170000000 0.2900495872 1.1022427101 1.6512324181 2.5770713844 3.2761722527
1.9180000000 0.2907659187 1.1028895988 1.6521145821 2.5773182182 3.2767868538
1.9190000000 0.2914824181 1.1035364571 1.6530011711 2.5775643501 3.2774016228
1.9200000000 0.2921990852 1.1041832771 1.6538921623 2.5778097649 3.2780165825
1.9210000000 0.2929159126 1.1048300667 1.6547875557 2.5780544701 3.2786317101
1.9220000000 0.2936329002 1.1054768105 1.6556873283 2.5782984505 3.2792470207
1.9230000000 0.2943500481 1.1061235237 1.6565914574 2.5785417061 3.2798625145
1.9240000000 0.2950673561 1.1067701912 1.6574999352 2.5787842369 3.2804781837
1.9250000000 0.2957848091 1.1074168282 1.6584127464 2.5790260277 3.2810940361
1.9260000000 0.2965024223 1.1080634270 1.6593298759 2.5792670860 3.2817100639
1.9270000000 0.2972201805 1.1087099876 1.6602513084 2.5795073967 3.2823262749
1.9280000000 0.2979380913 1.1093565102 1.6611770287 2.5797469597 3.2829426689
1.9290000000 0.2986561394 1.1100030022 1.6621070213 2.5799857674 3.2835592384
1.9300000000 0.2993743401 1.1106494484 1.6630412788 2.5802238274 3.2841759911
1.9310000000 0.3000926781 1.1112958565 1.6639797859 2.5804611168 3.2847929268
1.9320000000 0.3008111534 1.1119422264 1.6649225273 2.5806976357 3.2854100380
1.9330000000 0.3015297737 1.1125885658 1.6658694878 2.5809333916 3.2860273323
1.9340000000 0.3022485237 1.1132348595 1.6668206673 2.5811683617 3.2866448097
1.9350000000 0.3029674110 1.1138811150 1.6677760353 2.5814025536 3.2872624702
1.9360000000 0.3036864281 1.1145273399 1.6687355919 2.5816359596 3.2878803139
1.9370000000 0.3044055672 1.1151735191 1.6696993294 2.5818685722 3.2884983406
1.9380000000 0.3051248436 1.1158196602 1.6706672173 2.5821003914 3.2891165428
1.9390000000 0.3058442421 1.1164657631 1.6716392632 2.5823314018 3.2897349358
1.9400000000 0.3065637627 1.1171118279 1.6726154518 2.5825616112 3.2903535042
1.9410000000 0.3072834053 1.1177578545 1.6735957680 2.5827910042 3.2909722633
1.9420000000 0.3080031700 1.1184038429 1.6745801964 2.5830195732 3.2915912056
1.9430000000 0.3087230492 1.1190497856 1.6755687370 2.5832473259 3.2922103233
1.9440000000 0.3094430428 1.1196956978 1.6765613747 2.5834742470 3.2928296318
1.9450000000 0.3101631584 1.1203415642 1.6775581017 2.5837003365 3.2934491234
1.9460000000 0.3108833733 1.1209873924 1.6785589104 2.5839255867 3.2940687981
1.9470000000 0.3116037102 1.1216331825 1.6795637779 2.5841499977 3.2946886635
1.9480000000 0.3123241463 1.1222789268 1.6805727119 2.5843735466 3.2953087044
1.9490000000 0.3130446892 1.1229246407 1.6815856895 2.5845962486 3.2959289360
1.9500000000 0.3137653389 1.1235703087 1.6826027107 2.5848180885 3.2965493507
1.9510000000 0.3144860954 1.1242159386 1.6836237679 2.5850390587 3.2971699562
1.9520000000 0.3152069435 1.1248615303 1.6846488457 2.5852591515 3.2977907448
1.9530000000 0.3159278984 1.1255070763 1.6856779366 2.5854783745 3.2984117165
1.9540000000 0.3166489449 1.1261525841 1.6867110329 2.5856967125 3.2990328789
1.9550000000 0.3173700829 1.1267980537 1.6877481346 2.5859141579 3.2996542244
1.9560000000 0.3180913200 1.1274434776 1.6887892189 2.5861307030 3.3002757530
1.9570000000 0.3188126488 1.1280888634 1.6898342934 2.5863463554 3.3008974800
1.9580000000 0.3195340614 1.1287342110 1.6908833427 2.5865610924 3.3015193825
1.9590000000 0.3202555656 1.1293795128 1.6919363594 2.5867749214 3.3021414833
1.9600000000 0.3209771538 1.1300247765 1.6929933357 2.5869878349 3.3027637672
1.9610000000 0.3216988258 1.1306700020 1.6940542641 2.5871998177 3.3033862343
1.9620000000 0.3224205818 1.1313151817 1.6951191444 2.5874108696 3.3040088921
1.9630000000 0.3231424141 1.1319603233 1.6961879692 2.5876209831 3.3046317406
1.9640000000 0.3238643227 1.1326054192 1.6972607307 2.5878301506 3.3052547798
1.9650000000 0.3245863152 1.1332504768 1.6983374138 2.5880383720 3.3058780098
1.9660000000 0.3253083763 1.1338954887 1.6994180260 2.5882456398 3.3065014229
1.9670000000 0.3260305138 1.1345404625 1.7005025520 2.5884519386 3.3071250267
1.9680000000 0.3267527275 1.1351853905 1.7015909920 2.5886572685 3.3077488213
1.9690000000 0.3274750023 1.1358302803 1.7026833382 2.5888616295 3.3083728065
1.9700000000 0.3281973457 1.1364751244 1.7037795830 2.5890649986 3.3089969826
1.9710000000 0.3289197578 1.1371199226 1.7048797264 2.5892673912 3.3096213493
1.9720000000 0.3296422386 1.1377646828 1.7059837608 2.5894687767 3.3102459068
1.9730000000 0.3303647804 1.1384094048 1.7070916786 2.5896691704 3.3108706551
1.9740000000 0.3310873756 1.1390540810 1.7082034798 2.5898685493 3.3114955940
1.9750000000 0.3318100395 1.1396987114 1.7093191566 2.5900669136 3.3121207237
1.9760000000 0.3325327492 1.1403432961 1.7104387093 2.5902642555 3.3127460442
1.9770000000 0.3332555275 1.1409878426 1.7115621300 2.5904605751 3.3133715630
1.9780000000 0.3339783516 1.1416323433 1.7126894188 2.5906558495 3.3139972649
1.9790000000 0.3347012291 1.1422768059 1.7138205681 2.5908500862 3.3146231651
1.9800000000 0.3354241600 1.1429212227 1.7149555702 2.5910432701 3.3152492561
1.9810000000 0.3361471367 1.1435655937 1.7160944328 2.5912354012 3.3158755455
1.9820000000 0.3368701591 1.1442099190 1.7172371407 2.5914264641 3.3165020256
1.9830000000 0.3375932274 1.1448542061 1.7183837013 2.5916164589 3.3171286964
1.9840000000 0.3383163414 1.1454984474 1.7195341072 2.5918053703 3.3177555656
1.9850000000 0.3390395012 1.1461426430 1.7206883583 2.5919931984 3.3183826256
1.9860000000 0.3397626991 1.1467867928 1.7218464470 2.5921799355 3.3190098839
1.9870000000 0.3404859352 1.1474308968 1.7230083733 2.5923655663 3.3196373329
1.9880000000 0.3412092018 1.1480749626 1.7241741295 2.5925500908 3.3202649803
1.9890000000 0.3419325142 1.1487189827 1.7253437233 2.5927335014 3.3208928261
1.9900000000 0.3426558571 1.1493629570 1.7265171471 2.5929157829 3.3215208626
1.9910000000 0.3433792305 1.1500068855 1.7276944084 2.5930969429 3.3221490898
1.9920000000 0.3441026344 1.1506507683 1.7288754921 2.5932769585 3.3227775230
1.9930000000 0.3448260612 1.1512946053 1.7300603981 2.5934558220 3.3234061470
1.9940000000 0.3455495262 1.1519383965 1.7312491341 2.5936335335 3.3240349693
1.9950000000 0.3462730064 1.1525821419 1.7324416924 2.5938100853 3.3246639900
1.9960000000 0.3469965172 1.1532258492 1.7336380806 2.5939854622 3.3252932091
1.9970000000 0.3477200508 1.1538695030 1.7348382835 2.5941596642 3.3259226189
1.9980000000 0.3484435997 1.1545131111 1.7360423164 2.5943326759 3.3265522346
1.9990000000 0.3491671715 1.1551566811 1.7372501640 2.5945044899 3.3271820488
2.0000000000 0.3498907661 1.1558001976 1.7384618340 2.5946751060 3.3278120537
2.0010000000 0.3506143684 1.1564436684 1.7396773262 2.5948445015 3.3284422646
2.0020000000 0.3513379860 1.1570870934 1.7408966408 2.5950126839 3.3290726738
2.0030000000 0.3520616188 1.1577304802 1.7421197700 2.5951796303 3.3297032814
2.0040000000 0.3527852592 1.1583738136 1.7433467293 2.5953453407 3.3303340874
2.0050000000 0.3535089073 1.1590170937 1.7445775108 2.5955098076 3.3309650917
2.0060000000 0.3542325630 1.1596603355 1.7458121071 2.5956730156 3.3315962944
2.0070000000 0.3549562340 1.1603035316 1.7470505333 2.5958349571 3.3322277031
2.0080000000 0.3556798973 1.1609466743 1.7482927818 2.5959956245 3.3328593101
2.0090000000 0.3564035683 1.1615897713 1.7495388603 2.5961550179 3.3334911232
2.0100000000 0.3571272392 1.1622328224 1.7507887611 2.5963131142 3.3341231346
2.0110000000 0.3578509178 1.1628758278 1.7520424995 2.5964699059 3.3347553444
2.0120000000 0.3585745888 1.1635187874 1.7533000603 2.5966253929 3.3353877602
2.0130000000 0.3592982521 1.1641616936 1.7545614510 2.5967795525 3.3360203743
2.0140000000 0.3600219154 1.1648045540 1.7558266792 2.5969323921 3.3366531944
2.0150000000 0.3607455635 1.1654473686 1.7570957451 2.5970838890 3.3372862206
2.0160000000 0.3614692116 1.1660901299 1.7583686562 2.5972340355 3.3379194450
2.0170000000 0.3621928520 1.1667328529 1.7596453972 2.5973828239 3.3385528755
2.0180000000 0.3629164696 1.1673755150 1.7609259834 2.5975302467 3.3391865120
2.0190000000 0.3636400871 1.1680181389 1.7622104225 2.5976762886 3.3398203468
2.0200000000 0.3643636818 1.1686607094 1.7634987068 2.5978209496 3.3404543877
2.0210000000 0.3650872612 1.1693032341 1.7647908440 2.5979642067 3.3410886345
2.0220000000 0.3658108177 1.1699457054 1.7660868416 2.5981060600 3.3417230873
2.0230000000 0.3665343666 1.1705881310 1.7673866997 2.5982464867 3.3423577461
2.0240000000 0.3672578850 1.1712305031 1.7686904106 2.5983854942 3.3429926109
2.0250000000 0.3679813805 1.1718728294 1.7699979973 2.5985230522 3.3436276817
2.0260000000 0.3687048531 1.1725151024 1.7713094521 2.5986591682 3.3442629585
2.0270000000 0.3694283028 1.1731573296 1.7726247826 2.5987938194 3.3448984413
2.0280000000 0.3701517220 1.1737995110 1.7739439964 2.5989270058 3.3455341377
2.0290000000 0.3708751106 1.1744416389 1.7752670937 2.5990586967 3.3461700325
2.0300000000 0.3715984764 1.1750837135 1.7765940742 2.5991889076 3.3468061409
2.0310000000 0.3723218040 1.1757257423 1.7779249535 2.5993176079 3.3474424553
2.0320000000 0.3730450935 1.1763677177 1.7792597237 2.5994447899 3.3480789757
2.0330000000 0.3737683525 1.1770096397 1.7805984077 2.5995704460 3.3487157097
2.0340000000 0.3744915733 1.1776515160 1.7819409981 2.5996945610 3.3493526497
2.0350000000 0.3752147560 1.1782933464 1.7832875023 2.5998171349 3.3499897957
2.0360000000 0.3759379005 1.1789351158 1.7846379280 2.5999381371 3.3506271553
2.0370000000 0.3766609993 1.1795768394 1.7859922752 2.6000575676 3.3512647285
2.0380000000 0.3773840599 1.1802185097 1.7873505592 2.6001754189 3.3519025078
2.0390000000 0.3781070747 1.1808601341 1.7887127876 2.6002916603 3.3525405006
2.0400000000 0.3788300362 1.1815017052 1.7900789528 2.6004062996 3.3531787071
2.0410000000 0.3795529518 1.1821432228 1.7914490700 2.6005193138 3.3538171196
2.0420000000 0.3802758217 1.1827846870 1.7928231544 2.6006306953 3.3544557457
2.0430000000 0.3809986382 1.1834260979 1.7942011986 2.6007404289 3.3550945854
2.0440000000 0.3817214012 1.1840674629 1.7955832176 2.6008485069 3.3557336311
2.0450000000 0.3824441109 1.1847087746 1.7969692192 2.6009549065 3.3563728981
2.0460000000 0.3831667595 1.1853500328 1.7983592110 2.6010596199 3.3570123787
2.0470000000 0.3838893547 1.1859912376 1.7997531929 2.6011626320 3.3576520653
2.0480000000 0.3846118889 1.1866323891 1.8011511803 2.6012639351 3.3582919731
2.0490000000 0.3853343620 1.1872734947 1.8025531807 2.6013635139 3.3589320946
2.0500000000 0.3860567741 1.1879145393 1.8039592018 2.6014613533 3.3595724297
2.0510000000 0.3867791252 1.1885555382 1.8053692513 2.6015574379 3.3602129784
2.0520000000 0.3875014000 1.1891964760 1.8067833443 2.6016517601 3.3608537483
2.0530000000 0.3882236137 1.1898373680 1.8082014809 2.6017442970 3.3614947243
2.0540000000 0.3889457588 1.1904781990 1.8096236763 2.6018350410 3.3621359215
2.0550000000 0.3896678352 1.1911189842 1.8110499306 2.6019239769 3.3627773399
2.0560000000 0.3903898354 1.1917597084 1.8124802666 2.6020110893 3.3634189720
2.0570000000 0.3911117668 1.1924003868 1.8139146843 2.6020963631 3.3640608177
2.0580000000 0.3918336143 1.1930410042 1.8153531990 2.6021797829 3.3647028847
2.0590000000 0.3925553932 1.1936815681 1.8167958183 2.6022613335 3.3653451729
2.0600000000 0.3932770882 1.1943220787 1.8182425575 2.6023410072 3.3659876747
2.0610000000 0.3939987068 1.1949625359 1.8196934166 2.6024187813 3.3666303978
2.0620000000 0.3947202339 1.1956029396 1.8211484184 2.6024946404 3.3672733421
2.0630000000 0.3954416847 1.1962432899 1.8226075706 2.6025685692 3.3679165001
2.0640000000 0.3961630516 1.1968835793 1.8240708733 2.6026405525 3.3685598793
2.0650000000 0.3968843269 1.1975238228 1.8255383568 2.6027105827 3.3692034874
2.0660000000 0.3976055183 1.1981640053 1.8270100212 2.6027786293 3.3698473091
2.0670000000 0.3983266182 1.1988041344 1.8284858818 2.6028446846 3.3704913521
2.0680000000 0.3990476189 1.1994442024 1.8299659462 2.6029087334 3.3711356163
2.0690000000 0.3997685356 1.2000842171 1.8314502373 2.6029707527 3.3717801094
2.0700000000 0.4004893532 1.2007241783 1.8329387627 2.6030307274 3.3724248161
2.0710000000 0.4012100716 1.2013640862 1.8344315300 2.6030886497 3.3730697517
2.0720000000 0.4019306908 1.2020039330 1.8359285545 2.6031444893 3.3737149086
2.0730000000 0.4026512108 1.2026437263 1.8374298515 2.6031982307 3.3743602943
2.0740000000 0.4033716316 1.2032834663 1.8389354439 2.6032498665 3.3750058937
2.0750000000 0.4040919533 1.2039231453 1.8404453316 2.6032993660 3.3756517296
2.0760000000 0.4048121605 1.2045627708 1.8419595299 2.6033467216 3.3762977791
2.0770000000 0.4055322609 1.2052023354 1.8434780617 2.6033919106 3.3769440651
2.0780000000 0.4062522545 1.2058418465 1.8450009422 2.6034349098 3.3775905724
2.0790000000 0.4069721413 1.2064812965 1.8465281715 2.6034757118 3.3782373009
2.0800000000 0.4076919136 1.2071206932 1.8480597878 2.6035142860 3.3788842659
2.0810000000 0.4084115715 1.2077600288 1.8495957832 2.6035506172 3.3795314522
2.0820000000 0.4091311150 1.2083993111 1.8511361961 2.6035846901 3.3801788673
2.0830000000 0.4098505363 1.2090385323 1.8526810265 2.6036164818 3.3808265038
2.0840000000 0.4105698433 1.2096776924 1.8542302895 2.6036459694 3.3814743767
2.0850000000 0.4112890282 1.2103167992 1.8557840157 2.6036731377 3.3821224785
2.0860000000 0.4120080910 1.2109558525 1.8573422127 2.6036979637 3.3827708092
2.0870000000 0.4127270317 1.2115948372 1.8589048958 2.6037204247 3.3834193687
2.0880000000 0.4134458427 1.2122337685 1.8604720879 2.6037405052 3.3840681572
2.0890000000 0.4141645241 1.2128726463 1.8620438118 2.6037581749 3.3847171745
2.0900000000 0.4148830833 1.2135114555 1.8636200752 2.6037734261 3.3853664284
2.0910000000 0.4156015053 1.2141502113 1.8652009010 2.6037862282 3.3860159111
2.0920000000 0.4163197975 1.2147889061 1.8667863045 2.6037965584 3.3866656303
2.0930000000 0.4170379524 1.2154275475 1.8683763161 2.6038043938 3.3873155785
2.0940000000 0.4177559700 1.2160661201 1.8699709435 2.6038097191 3.3879657555
2.0950000000 0.4184738503 1.2167046394 1.8715702095 2.6038125038 3.3886161690
2.0960000000 0.4191915932 1.2173430977 1.8731741371 2.6038127251 3.3892668190
2.0970000000 0.4199091911 1.2179814949 1.8747827415 2.6038103600 3.3899177055
2.0980000000 0.4206266441 1.2186198311 1.8763960533 2.6038053932 3.3905688210
2.0990000000 0.4213439522 1.2192581062 1.8780140877 2.6037977943 3.3912201729
2.1000000000 0.4220611153 1.2198963280 1.8796368599 2.6037875328 3.3918717690
2.1010000000 0.4227781258 1.2205344810 1.8812644081 2.6037745934 3.3925235939
2.1020000000 0.4234949837 1.2211725731 1.8828967400 2.6037589455 3.3931756554
2.1030000000 0.4242116890 1.2218106117 1.8845338783 2.6037405586 3.3938279533
2.1040000000 0.4249282417 1.2224485817 1.8861758614 2.6037194176 3.3944804955
2.1050000000 0.4256446342 1.2230864983 1.8878226967 2.6036954994 3.3951332741
2.1060000000 0.4263608742 1.2237243462 1.8894744148 2.6036687584 3.3957862892
2.1070000000 0.4270769463 1.2243621330 1.8911310387 2.6036391869 3.3964395409
2.1080000000 0.4277928581 1.2249998589 1.8927925987 2.6036067467 3.3970930367
2.1090000000 0.4285086098 1.2256375237 1.8944591103 2.6035714149 3.3977467766
2.1100000000 0.4292241936 1.2262751274 1.8961306038 2.6035331612 3.3984007530
2.1110000000 0.4299396019 1.2269126701 1.8978071098 2.6034919548 3.3990549736
2.1120000000 0.4306548500 1.2275501518 1.8994886436 2.6034477730 3.3997094307
2.1130000000 0.4313699150 1.2281875648 1.9011752434 2.6034005852 3.4003641319
2.1140000000 0.4320848122 1.2288249168 1.9028669319 2.6033503532 3.4010190773
2.1150000000 0.4327995338 1.2294622078 1.9045637398 2.6032970619 3.4016742668
2.1160000000 0.4335140800 1.2300994377 1.9062656898 2.6032406654 3.4023297081
2.1170000000 0.4342284431 1.2307365990 1.9079728127 2.6031811409 3.4029853859
2.1180000000 0.4349426231 1.2313736992 1.9096851387 2.6031184578 3.4036413078
2.1190000000 0.4356566124 1.2320107384 1.9114026985 2.6030525780 3.4042974815
2.1200000000 0.4363704262 1.2326477089 1.9131255150 2.6029834709 3.4049538918
2.1210000000 0.4370840492 1.2332846184 1.9148536339 2.6029111061 3.4056105614
2.1220000000 0.4377974739 1.2339214668 1.9165870781 2.6028354530 3.4062674675
2.1230000000 0.4385107155 1.2345582466 1.9183258781 2.6027564659 3.4069246254
2.1240000000 0.4392237587 1.2351949654 1.9200700645 2.6026741219 3.4075820351
2.1250000000 0.4399366112 1.2358316154 1.9218196754 2.6025883904 3.4082396965
2.1260000000 0.4406492577 1.2364682045 1.9235747414 2.6024992180 3.4088976021
2.1270000000 0.4413617058 1.2371047249 1.9253353004 2.6024065819 3.4095557594
2.1280000000 0.4420739479 1.2377411842 1.9271013908 2.6023104362 3.4102141685
2.1290000000 0.4427859917 1.2383775749 1.9288730354 2.6022107506 3.4108728294
2.1300000000 0.4434978218 1.2390138969 1.9306502724 2.6021074867 3.4115317421
2.1310000000 0.4442094460 1.2396501579 1.9324331551 2.6020006065 3.4121909065
2.1320000000 0.4449208641 1.2402863579 1.9342216988 2.6018900642 3.4128503227
2.1330000000 0.4456320610 1.2409224815 1.9360159569 2.6017758293 3.4135099907
2.1340000000 0.4463430443 1.2415585442 1.9378159599 2.6016578560 3.4141699181
2.1350000000 0.4470538063 1.2421945457 1.9396217537 2.6015361061 3.4148301048
2.1360000000 0.4477643547 1.2428304710 1.9414333687 2.6014105263 3.4154905434
2.1370000000 0.4484746742 1.2434663353 1.9432508507 2.6012810936 3.4161512337
2.1380000000 0.4491847725 1.2441021309 1.9450742531 2.6011477470 3.4168121910
2.1390000000 0.4498946419 1.2447378578 1.9469035988 2.6010104561 3.4174734001
2.1400000000 0.4506042824 1.2453735237 1.9487389412 2.6008691673 3.4181348686
2.1410000000 0.4513136864 1.2460091209 1.9505803261 2.6007238350 3.4187965965
2.1420000000 0.4520228615 1.2466446419 1.9524277916 2.6005744209 3.4194585838
2.1430000000 0.4527318001 1.2472801018 1.9542813835 2.6004208717 3.4201208305
2.1440000000 0.4534404945 1.2479154930 1.9561411552 2.6002631340 3.4207833366
2.1450000000 0.4541489525 1.2485508156 1.9580071449 2.6001011696 3.4214461098
2.1460000000 0.4548571663 1.2491860695 1.9598794136 2.5999349251 3.4221091423
2.1470000000 0.4555651360 1.2498212624 1.9617579994 2.5997643547 3.4227724342
2.1480000000 0.4562728539 1.2504563789 1.9636429558 2.5995893974 3.4234359932
2.1490000000 0.4569803200 1.2510914268 1.9655343361 2.5994099998 3.4240998192
2.1500000000 0.4576875343 1.2517264061 1.9674321861 2.5992261238 3.4247639046
2.1510000000 0.4583944893 1.2523613167 1.9693365593 2.5990377007 3.4254282646
2.1520000000 0.4591011925 1.2529961586 1.9712475243 2.5988446770 3.4260928841
2.1530000000 0.4598076286 1.2536309319 1.9731651192 2.5986469994 3.4267577705
2.1540000000 0.4605138054 1.2542656288 1.9750894051 2.5984446144 3.4274229317
2.1550000000 0.4612197151 1.2549002647 1.9770204353 2.5982374535 3.4280883522
2.1560000000 0.4619253502 1.2555348244 1.9789582787 2.5980254707 3.4287540474
2.1570000000 0.4626307182 1.2561693153 1.9809029961 2.5978085899 3.4294200172
2.1580000000 0.4633358116 1.2568037376 1.9828546333 2.5975867577 3.4300862541
2.1590000000 0.4640406303 1.2574380913 1.9848132668 2.5973599052 3.4307527580
2.1600000000 0.4647451668 1.2580723686 1.9867789497 2.5971279716 3.4314195442
2.1610000000 0.4654494209 1.2587065773 1.9887517509 2.5968908958 3.4320865974
2.1620000000 0.4661533852 1.2593407097 1.9907317390 2.5966486092 3.4327539253
2.1630000000 0.4668570671 1.2599747810 1.9927189827 2.5964010277 3.4334215279
2.1640000000 0.4675604591 1.2606087761 1.9947135429 2.5961481056 3.4340894051
2.1650000000 0.4682635536 1.2612426949 1.9967154961 2.5958897514 3.4347575569
2.1660000000 0.4689663506 1.2618765450 1.9987249184 2.5956259041 3.4354259911
2.1670000000 0.4696688576 1.2625103264 2.0007418709 2.5953564873 3.4360946999
2.1680000000 0.4703710518 1.2631440315 2.0027664452 2.5950814171 3.4367636909
2.1690000000 0.4710729408 1.2637776604 2.0047986946 2.5948006248 3.4374329567
2.1700000000 0.4717745323 1.2644112282 2.0068387260 2.5945140266 3.4381025047
2.1710000000 0.4724758034 1.2650447121 2.0088865929 2.5942215462 3.4387723351
2.1720000000 0.4731767616 1.2656781273 2.0109423943 2.5939230995 3.4394424477
2.1730000000 0.4738773994 1.2663114662 2.0130062141 2.5936185951 3.4401128426
2.1740000000 0.4745777245 1.2669447365 2.0150781288 2.5933079491 3.4407835197
2.1750000000 0.4752777214 1.2675779305 2.0171582298 2.5929910774 3.4414544868
2.1760000000 0.4759773903 1.2682110481 2.0192466087 2.5926678886 3.4421257362
2.1770000000 0.4766767235 1.2688440971 2.0213433495 2.5923382835 3.4427972755
2.1780000000 0.4773757286 1.2694770699 2.0234485588 2.5920021782 3.4434690971
2.1790000000 0.4780743980 1.2701099663 2.0255623283 2.5916594658 3.4441412086
2.1800000000 0.4787727318 1.2707427864 2.0276847572 2.5913100548 3.4448136101
2.1810000000 0.4794707146 1.2713755379 2.0298159447 2.5909538307 3.4454863014
2.1820000000 0.4801683540 1.2720082054 2.0319559898 2.5905907021 3.4461592827
2.1830000000 0.4808656425 1.2726408043 2.0341050072 2.5902205620 3.4468325539
2.1840000000 0.4815625801 1.2732733269 2.0362631035 2.5898432961 3.4475061226
2.1850000000 0.4822591515 1.2739057732 2.0384303780 2.5894587898 3.4481799812
2.1860000000 0.4829553719 1.2745381432 2.0406069679 2.5890669365 3.4488541374
2.1870000000 0.4836512184 1.2751704445 2.0427929726 2.5886676140 3.4495285912
2.1880000000 0.4843467064 1.2758026619 2.0449885139 2.5882607002 3.4502033424
2.1890000000 0.4850418129 1.2764348030 2.0471937218 2.5878460655 3.4508783913
2.1900000000 0.4857365532 1.2770668678 2.0494087257 2.5874235954 3.4515537300
2.1910000000 0.4864309044 1.2776988564 2.0516336403 2.5869931526 3.4522293816
2.1920000000 0.4871248741 1.2783307686 2.0538686180 2.5865546074 3.4529053230
2.1930000000 0.4878184624 1.2789626045 2.0561137810 2.5861078148 3.4535815773
2.1940000000 0.4885116539 1.2795943565 2.0583692818 2.5856526375 3.4542581291
2.1950000000 0.4892044563 1.2802260399 2.0606352577 2.5851889229 3.4549349785
2.1960000000 0.4898968544 1.2808576393 2.0629118614 2.5847165337 3.4556121407
2.1970000000 0.4905888481 1.2814891624 2.0651992378 2.5842353096 3.4562896080
2.1980000000 0.4912804298 1.2821206093 2.0674975624 2.5837450981 3.4569673805
2.1990000000 0.4919716072 1.2827519722 2.0698069801 2.5832457237 3.4576454659
2.2000000000 0.4926623650 1.2833832664 2.0721276741 2.5827370338 3.4583238564
2.2010000000 0.4933526955 1.2840144768 2.0744597969 2.5822188454 3.4590025597
2.2020000000 0.4940426140 1.2846456032 2.0768035393 2.5816909828 3.4596815758
2.2030000000 0.4947320900 1.2852766533 2.0791590843 2.5811532631 3.4603609047
2.2040000000 0.4954211388 1.2859076271 2.0815266228 2.5806055031 3.4610405464
2.2050000000 0.4961097450 1.2865385170 2.0839063377 2.5800474968 3.4617205086
2.2060000000 0.4967979088 1.2871693306 2.0862984352 2.5794790535 3.4624007835
2.2070000000 0.4974856224 1.2878000679 2.0887031212 2.5788999672 3.4630813789
2.2080000000 0.4981728783 1.2884307137 2.0911206169 2.5783100166 3.4637622871
2.2090000000 0.4988596840 1.2890612907 2.0935511284 2.5777089806 3.4644435234
2.2100000000 0.4995460243 1.2896917763 2.0959948997 2.5770966377 3.4651250725
2.2110000000 0.5002318916 1.2903221855 2.0984521599 2.5764727516 3.4658069572
2.2120000000 0.5009172859 1.2909525185 2.1009231529 2.5758370705 3.4664891548
2.2130000000 0.5016021996 1.2915827675 2.1034081306 2.5751893425 3.4671716805
2.2140000000 0.5022866249 1.2922129326 2.1059073524 2.5745293159 3.4678545341
2.2150000000 0.5029705620 1.2928430138 2.1084210930 2.5738567085 3.4685377235
2.2160000000 0.5036540031 1.2934730186 2.1109496269 2.5731712456 3.4692212334
2.2170000000 0.5043369408 1.2941029396 2.1134932594 2.5724726372 3.4699050789
2.2180000000 0.5050193748 1.2947327766 2.1160522804 2.5717605782 3.4705892525
2.2190000000 0.5057012901 1.2953625374 2.1186270027 2.5710347557 3.4712737617
2.2200000000 0.5063826866 1.2959922066 2.1212177544 2.5702948418 3.4719586067
2.2210000000 0.5070635567 1.2966217995 2.1238248711 2.5695405006 3.4726437874
2.2220000000 0.5077438927 1.2972513084 2.1264487114 2.5687713814 3.4733293114
2.2230000000 0.5084236870 1.2978807259 2.1290896416 2.5679871254 3.4740151711
2.2240000000 0.5091029396 1.2985100670 2.1317480354 2.5671873360 3.4747013741
2.2250000000 0.5097816353 1.2991393242 2.1344242897 2.5663716240 3.4753879127
2.2260000000 0.5104597740 1.2997684975 2.1371188240 2.5655395775 3.4760748024
2.2270000000 0.5111373482 1.3003975868 2.1398320656 2.5646907616 3.4767620430
2.2280000000 0.5118143425 1.3010265923 2.1425644646 2.5638247337 3.4774496193
2.2290000000 0.5124907570 1.3016555061 2.1453165016 2.5629410057 3.4781375542
2.2300000000 0.5131665840 1.3022843437 2.1480886574 2.5620391045 3.4788258400
2.2310000000 0.5138418083 1.3029130898 2.1508814507 2.5611185036 3.4795144768
2.2320000000 0.5145164299 1.3035417519 2.1536954308 2.5601786613 3.4802034645
2.2330000000 0.5151904335 1.3041703300 2.1565311470 2.5592190208 3.4808928108
2.2340000000 0.5158638191 1.3047988243 2.1593892097 2.5582389793 3.4815825157
2.2350000000 0.5165365791 1.3054272346 2.1622702293 2.5572379189 3.4822725792
2.2360000000 0.5172086906 1.3060555534 2.1651748695 2.5562151833 3.4829630013
2.2370000000 0.5178801537 1.3066837883 2.1681038170 2.5551700783 3.4836537971
2.2380000000 0.5185509605 1.3073119316 2.1710578041 2.5541018715 3.4843449516
2.2390000000 0.5192211037 1.3079399986 2.1740376015 2.5530098152 3.4850364723
2.2400000000 0.5198905602 1.3085679665 2.1770440102 2.5518930779 3.4857283592
2.2410000000 0.5205593376 1.3091958580 2.1800778847 2.5507508125 3.4864206200
2.2420000000 0.5212274055 1.3098236580 2.1831401482 2.5495821190 3.4871132545
2.2430000000 0.5218947716 1.3104513664 2.1862317467 2.5483860207 3.4878062706
2.2440000000 0.5225614128 1.3110789909 2.1893537102 2.5471615028 3.4884996529
2.2450000000 0.5232273216 1.3117065239 2.1925071144 2.5459074898 3.4891934242
2.2460000000 0.5238924828 1.3123339729 2.1956931343 2.5446228065 3.4898875694
2.2470000000 0.5245568886 1.3129613304 2.1989129829 2.5433062401 3.4905821037
2.2480000000 0.5252205162 1.3135886040 2.2021679955 2.5419564552 3.4912770195
2.2490000000 0.5258833656 1.3142157860 2.2054595680 2.5405720482 3.4919723320
2.2500000000 0.5265454140 1.3148428764 2.2087892189 2.5391515160 3.4926680260
2.2510000000 0.5272066536 1.3154698753 2.2121585808 2.5376932182 3.4933641167
2.2520000000 0.5278670616 1.3160967903 2.2155694008 2.5361954155 3.4940606041
2.2530000000 0.5285266228 1.3167236137 2.2190235634 2.5346562080 3.4947574883
2.2540000000 0.5291853218 1.3173503456 2.2225231133 2.5330735512 3.4954547691
2.2550000000 0.5298431511 1.3179769859 2.2260702858 2.5314452324 3.4961524544
2.2560000000 0.5305000725 1.3186035423 2.2296674767 2.5297688408 3.4968505516
2.2570000000 0.5311560860 1.3192299995 2.2333173332 2.5280417290 3.4975490532
2.2580000000 0.5318111534 1.3198563728 2.2370227394 2.5262610207 3.4982479591
2.2590000000 0.5324652748 1.3204826546 2.2407868614 2.5244235420 3.4989472847
2.2600000000 0.5331184044 1.3211088371 2.2446131935 2.5225258141 3.4996470299
2.2610000000 0.5337705421 1.3217349358 2.2485055962 2.5205639534 3.5003471870
2.2620000000 0.5344216423 1.3223609428 2.2524683723 2.5185336647 3.5010477715
2.2630000000 0.5350716972 1.3229868507 2.2565063362 2.5164301491 3.5017487755
2.2640000000 0.5357206612 1.3236126747 2.2606248665 2.5142480202 3.5024502144
2.2650000000 0.5363685188 1.3242383995 2.2648300591 2.5119811745 3.5031520805
2.2660000000 0.5370152321 1.3248640327 2.2691288338 2.5096227074 3.5038543816
2.2670000000 0.5376607628 1.3254895744 2.2735291023 2.5071646919 3.5045571251
2.2680000000 0.5383050880 1.3261150246 2.2780400047 2.5045979958 3.5052603035
2.2690000000 0.5389481621 1.3267403831 2.2826721611 2.5019119987 3.5059639320
2.2700000000 0.5395899467 1.3273656425 2.2874380455 2.4990942268 3.5066680107
2.2710000000 0.5402304192 1.3279908104 2.2923524895 2.4961298561 3.5073725319
2.2720000000 0.5408695488 1.3286158791 2.2974333229 2.4930010490 3.5080775185
2.2730000000 0.5415073509 1.3292408638 2.3027023430 2.4896860161 3.5087829628
2.2740000000 0.5421439476 1.3298657494 2.3081866264 2.4861576729 3.5094888649
2.2750000000 0.5427802467 1.3304905357 2.3139205742 2.4823816261 3.5101952400
2.2760000000 0.5449156609 1.3311152306 2.3199489632 2.4783130836 3.5109020805
2.2770000000 0.5472136726 1.3317398338 2.3263320351 2.4738918266 3.5116094017
2.2780000000 0.5494244194 1.3323643379 2.3331541100 2.4690335274 3.5123172035
2.2790000000 0.5515734138 1.3329887428 2.3405397682 2.4636136055 3.5130254860
2.2800000000 0.5536738243 1.3336130562 2.3486874199 2.4574336510 3.5137342567
2.2810000000 0.5557339439 1.3342372704 2.3579505196 2.4501402016 3.5144435234
2.2820000000 0.5577595711 1.3348613930 2.3690911064 2.4409712257 3.5151532936
2.2830000000 0.5597549858 1.3354854164 2.3846335030 2.4274024086 3.5158635597
