0.686700 0.001602 1.062539
0.686800 0.003398 1.062539
0.686900 0.004570 1.062617
0.687000 0.005508 1.062617
0.687100 0.006289 1.062617
0.687200 0.006992 1.062617
0.687300 0.007617 1.062695
0.687400 0.008164 1.062695
0.687500 0.008711 1.062695
0.687600 0.009258 1.062695
0.687700 0.009727 1.062773
0.687800 0.010195 1.062773
0.687900 0.010586 1.062773
0.688000 0.011055 1.062773
0.688100 0.011445 1.062773
0.688200 0.011836 1.062852
0.688300 0.012227 1.062852
0.688400 0.012617 1.062852
0.688500 0.012930 1.062852
0.688600 0.013320 1.062930
0.688700 0.013633 1.062930
0.688800 0.013945 1.062930
0.688900 0.014336 1.062930
0.689000 0.014648 1.063008
0.689100 0.014961 1.063008
0.689200 0.015273 1.063008
0.689300 0.015508 1.063008
0.689400 0.015820 1.063086
0.689500 0.016133 1.063086
0.689600 0.016367 1.063086
0.689700 0.016680 1.063086
0.689800 0.016914 1.063164
0.689900 0.017227 1.063164
0.690000 0.017461 1.063164
0.690100 0.017773 1.063164
0.690200 0.018008 1.063164
0.690300 0.018242 1.063242
0.690400 0.018477 1.063242
0.690500 0.018789 1.063242
0.690600 0.019023 1.063242
0.690700 0.019258 1.063320
0.690800 0.019492 1.063320
0.690900 0.019727 1.063320
0.691000 0.019961 1.063320
0.691100 0.020195 1.063398
0.691200 0.020430 1.063398
0.691300 0.020586 1.063398
0.691400 0.020820 1.063398
0.691500 0.021055 1.063477
0.691600 0.021289 1.063477
0.691700 0.021523 1.063477
0.691800 0.021680 1.063477
0.691900 0.021914 1.063555
0.692000 0.022148 1.063555
0.692100 0.022305 1.063555
0.692200 0.022539 1.063555
0.692300 0.022695 1.063555
0.692400 0.022930 1.063633
0.692500 0.023164 1.063633
0.692600 0.023320 1.063633
0.692700 0.023555 1.063633
0.692800 0.023711 1.063711
0.692900 0.023945 1.063711
0.693000 0.024102 1.063711
0.693100 0.024258 1.063711
0.693200 0.024492 1.063789
0.693300 0.024648 1.063789
0.693400 0.024883 1.063789
0.693500 0.025039 1.063789
0.693600 0.025195 1.063867
0.693700 0.025430 1.063867
0.693800 0.025586 1.063867
0.693900 0.025742 1.063867
0.694000 0.025898 1.063945
0.694100 0.026133 1.063945
0.694200 0.026289 1.063945
0.694300 0.026445 1.063945
0.694400 0.026602 1.064023
0.694500 0.026836 1.064023
0.694600 0.026992 1.064023
0.694700 0.027148 1.064023
0.694800 0.027305 1.064023
0.694900 0.027461 1.064102
0.695000 0.027617 1.064102
0.695100 0.027773 1.064102
0.695200 0.028008 1.064102
0.695300 0.028164 1.064180
0.695400 0.028320 1.064180
0.695500 0.028477 1.064180
0.695600 0.028633 1.064180
0.695700 0.028789 1.064258
0.695800 0.028945 1.064258
0.695900 0.029102 1.064258
0.696000 0.029258 1.064258
0.696100 0.029414 1.064336
0.696200 0.029570 1.064336
0.696300 0.029727 1.064336
0.696400 0.029883 1.064336
0.696500 0.030039 1.064414
0.696600 0.030195 1.064414
0.696700 0.030352 1.064414
0.696800 0.030508 1.064414
0.696900 0.030664 1.064492
0.697000 0.030742 1.064492
0.697100 0.030898 1.064492
0.697200 0.031055 1.064492
0.697300 0.031211 1.064570
0.697400 0.031367 1.064570
0.697500 0.031523 1.064570
0.697600 0.031680 1.064570
0.697700 0.031836 1.064570
0.697800 0.031914 1.064648
0.697900 0.032070 1.064648
0.698000 0.032227 1.064648
0.698100 0.032383 1.064648
0.698200 0.032539 1.064727
0.698300 0.032617 1.064727
0.698400 0.032773 1.064727
0.698500 0.032930 1.064727
0.698600 0.033086 1.064805
0.698700 0.033242 1.064805
0.698800 0.033320 1.064805
0.698900 0.033477 1.064805
0.699000 0.033633 1.064883
0.699100 0.033789 1.064883
0.699200 0.033867 1.064883
0.699300 0.034023 1.064883
0.699400 0.034180 1.064961
0.699500 0.034258 1.064961
0.699600 0.034414 1.064961
0.699700 0.034570 1.064961
0.699800 0.034648 1.065039
0.699900 0.034805 1.065039
0.700000 0.034961 1.065039
0.700100 0.035117 1.065039
0.700200 0.035195 1.065117
0.700300 0.035352 1.065117
0.700400 0.035508 1.065117
0.700500 0.035586 1.065117
0.700600 0.035742 1.065195
0.700700 0.035820 1.065195
0.700800 0.035977 1.065195
0.700900 0.036133 1.065195
0.701000 0.036211 1.065195
0.701100 0.036367 1.065273
0.701200 0.036445 1.065273
0.701300 0.036602 1.065273
0.701400 0.036758 1.065273
0.701500 0.036836 1.065352
0.701600 0.036992 1.065352
0.701700 0.037070 1.065352
0.701800 0.037227 1.065352
0.701900 0.037383 1.065430
0.702000 0.037461 1.065430
0.702100 0.037617 1.065430
0.702200 0.037695 1.065430
0.702300 0.037852 1.065508
0.702400 0.037930 1.065508
0.702500 0.038086 1.065508
0.702600 0.038164 1.065508
0.702700 0.038320 1.065586
0.702800 0.038398 1.065586
0.702900 0.038555 1.065586
0.703000 0.038633 1.065586
0.703100 0.038789 1.065664
0.703200 0.038867 1.065664
0.703300 0.039023 1.065664
0.703400 0.039102 1.065664
0.703500 0.039258 1.065742
0.703600 0.039336 1.065742
0.703700 0.039492 1.065742
0.703800 0.039570 1.065742
0.703900 0.039727 1.065820
0.704000 0.039805 1.065820
0.704100 0.039961 1.065820
0.704200 0.040039 1.065820
0.704300 0.040195 1.065898
0.704400 0.040273 1.065898
0.704500 0.040430 1.065898
0.704600 0.040508 1.065898
0.704700 0.040664 1.065898
0.704800 0.040742 1.065977
0.704900 0.040820 1.065977
0.705000 0.040977 1.065977
0.705100 0.041055 1.065977
0.705200 0.041211 1.066055
0.705300 0.041289 1.066055
0.705400 0.041367 1.066055
0.705500 0.041523 1.066055
0.705600 0.041602 1.066133
0.705700 0.041758 1.066133
0.705800 0.041836 1.066133
0.705900 0.041914 1.066133
0.706000 0.042070 1.066211
0.706100 0.042148 1.066211
0.706200 0.042305 1.066211
0.706300 0.042383 1.066211
0.706400 0.042461 1.066289
0.706500 0.042617 1.066289
0.706600 0.042695 1.066289
0.706700 0.042773 1.066289
0.706800 0.042930 1.066367
0.706900 0.043008 1.066367
0.707000 0.043164 1.066367
0.707100 0.043242 1.066367
0.707200 0.043320 1.066445
0.707300 0.043477 1.066445
0.707400 0.043555 1.066445
0.707500 0.043633 1.066445
0.707600 0.043789 1.066523
0.707700 0.043867 1.066523
0.707800 0.043945 1.066523
0.707900 0.044102 1.066523
0.708000 0.044180 1.066602
0.708100 0.044258 1.066602
0.708200 0.044414 1.066602
0.708300 0.044492 1.066602
0.708400 0.044570 1.066680
0.708500 0.044648 1.066680
0.708600 0.044805 1.066680
0.708700 0.044883 1.066680
0.708800 0.044961 1.066758
0.708900 0.045117 1.066758
0.709000 0.045195 1.066758
0.709100 0.045273 1.066758
0.709200 0.045430 1.066758
0.709300 0.045508 1.066836
0.709400 0.045586 1.066836
0.709500 0.045664 1.066836
0.709600 0.045820 1.066836
0.709700 0.045898 1.066914
0.709800 0.045977 1.066914
0.709900 0.046055 1.066914
0.710000 0.046211 1.066914
0.710100 0.046289 1.066992
0.710200 0.046367 1.066992
0.710300 0.046445 1.066992
0.710400 0.046602 1.066992
0.710500 0.046680 1.067070
0.710600 0.046758 1.067070
0.710700 0.046836 1.067070
0.710800 0.046992 1.067070
0.710900 0.047070 1.067148
0.711000 0.047148 1.067148
0.711100 0.047227 1.067148
0.711200 0.047383 1.067148
0.711300 0.047461 1.067227
0.711400 0.047539 1.067227
0.711500 0.047617 1.067227
0.711600 0.047773 1.067227
0.711700 0.047852 1.067305
0.711800 0.047930 1.067305
0.711900 0.048008 1.067305
0.712000 0.048086 1.067305
0.712100 0.048242 1.067383
0.712200 0.048320 1.067383
0.712300 0.048398 1.067383
0.712400 0.048477 1.067383
0.712500 0.048555 1.067461
0.712600 0.048711 1.067461
0.712700 0.048789 1.067461
0.712800 0.048867 1.067461
0.712900 0.048945 1.067539
0.713000 0.049023 1.067539
0.713100 0.049180 1.067539
0.713200 0.049258 1.067539
0.713300 0.049336 1.067617
0.713400 0.049414 1.067617
0.713500 0.049492 1.067617
0.713600 0.049570 1.067617
0.713700 0.049727 1.067695
0.713800 0.049805 1.067695
0.713900 0.049883 1.067695
0.714000 0.049961 1.067695
0.714100 0.050039 1.067773
0.714200 0.050117 1.067773
0.714300 0.050273 1.067773
0.714400 0.050352 1.067773
0.714500 0.050430 1.067852
0.714600 0.050508 1.067852
0.714700 0.050586 1.067852
0.714800 0.050664 1.067852
0.714900 0.050742 1.067930
0.715000 0.050898 1.067930
0.715100 0.050977 1.067930
0.715200 0.051055 1.067930
0.715300 0.051133 1.068008
0.715400 0.051211 1.068008
0.715500 0.051289 1.068008
0.715600 0.051367 1.068008
0.715700 0.051523 1.068086
0.715800 0.051602 1.068086
0.715900 0.051680 1.068086
0.716000 0.051758 1.068086
0.716100 0.051836 1.068164
0.716200 0.051914 1.068164
0.716300 0.051992 1.068164
0.716400 0.052070 1.068164
0.716500 0.052227 1.068242
0.716600 0.052305 1.068242
0.716700 0.052383 1.068242
0.716800 0.052461 1.068242
0.716900 0.052539 1.068320
0.717000 0.052617 1.068320
0.717100 0.052695 1.068320
0.717200 0.052773 1.068320
0.717300 0.052852 1.068398
0.717400 0.052930 1.068398
0.717500 0.053086 1.068398
0.717600 0.053164 1.068398
0.717700 0.053242 1.068398
0.717800 0.053320 1.068477
0.717900 0.053398 1.068477
0.718000 0.053477 1.068477
0.718100 0.053555 1.068477
0.718200 0.053633 1.068555
0.718300 0.053711 1.068555
0.718400 0.053789 1.068555
0.718500 0.053867 1.068555
0.718600 0.054023 1.068633
0.718700 0.054102 1.068633
0.718800 0.054180 1.068633
0.718900 0.054258 1.068633
0.719000 0.054336 1.068711
0.719100 0.054414 1.068711
0.719200 0.054492 1.068711
0.719300 0.054570 1.068711
0.719400 0.054648 1.068789
0.719500 0.054727 1.068789
0.719600 0.054805 1.068789
0.719700 0.054883 1.068789
0.719800 0.054961 1.068867
0.719900 0.055039 1.068867
0.720000 0.055117 1.068867
0.720100 0.055195 1.068867
0.720200 0.055352 1.068945
0.720300 0.055430 1.068945
0.720400 0.055508 1.068945
0.720500 0.055586 1.068945
0.720600 0.055664 1.069023
0.720700 0.055742 1.069023
0.720800 0.055820 1.069023
0.720900 0.055898 1.069023
0.721000 0.055977 1.069102
0.721100 0.056055 1.069102
0.721200 0.056133 1.069102
0.721300 0.056211 1.069102
0.721400 0.056289 1.069180
0.721500 0.056367 1.069180
0.721600 0.056445 1.069180
0.721700 0.056523 1.069180
0.721800 0.056602 1.069258
0.721900 0.056680 1.069258
0.722000 0.056758 1.069258
0.722100 0.056836 1.069258
0.722200 0.056914 1.069336
0.722300 0.056992 1.069336
0.722400 0.057070 1.069336
0.722500 0.057148 1.069336
0.722600 0.057227 1.069414
0.722700 0.057305 1.069414
0.722800 0.057383 1.069414
0.722900 0.057461 1.069414
0.723000 0.057539 1.069492
0.723100 0.057617 1.069492
0.723200 0.057695 1.069492
0.723300 0.057773 1.069492
0.723400 0.057852 1.069570
0.723500 0.057930 1.069570
0.723600 0.058008 1.069570
0.723700 0.058086 1.069570
0.723800 0.058164 1.069648
0.723900 0.058242 1.069648
0.724000 0.058320 1.069648
0.724100 0.058398 1.069648
0.724200 0.058477 1.069727
0.724300 0.058555 1.069727
0.724400 0.058633 1.069727
0.724500 0.058711 1.069727
0.724600 0.058789 1.069805
0.724700 0.058867 1.069805
0.724800 0.058945 1.069805
0.724900 0.059023 1.069805
0.725000 0.059102 1.069883
0.725100 0.059180 1.069883
0.725200 0.059258 1.069883
0.725300 0.059336 1.069883
0.725400 0.059414 1.069961
0.725500 0.059492 1.069961
0.725600 0.059570 1.069961
0.725700 0.059648 1.069961
0.725800 0.059727 1.070039
0.725900 0.059805 1.070039
0.726000 0.059883 1.070039
0.726100 0.059961 1.070039
0.726200 0.060039 1.070117
0.726300 0.060117 1.070117
0.726400 0.060195 1.070117
0.726500 0.060273 1.070195
0.726600 0.060352 1.070195
0.726700 0.060430 1.070195
0.726800 0.060508 1.070195
0.726900 0.060586 1.070273
0.727000 0.060586 1.070273
0.727100 0.060664 1.070273
0.727200 0.060742 1.070273
0.727300 0.060820 1.070352
0.727400 0.060898 1.070352
0.727500 0.060977 1.070352
0.727600 0.061055 1.070352
0.727700 0.061133 1.070430
0.727800 0.061211 1.070430
0.727900 0.061289 1.070430
0.728000 0.061367 1.070430
0.728100 0.061445 1.070508
0.728200 0.061523 1.070508
0.728300 0.061602 1.070508
0.728400 0.061680 1.070508
0.728500 0.061758 1.070586
0.728600 0.061836 1.070586
0.728700 0.061914 1.070586
0.728800 0.061914 1.070586
0.728900 0.061992 1.070664
0.729000 0.062070 1.070664
0.729100 0.062148 1.070664
0.729200 0.062227 1.070664
0.729300 0.062305 1.070742
0.729400 0.062383 1.070742
0.729500 0.062461 1.070742
0.729600 0.062539 1.070742
0.729700 0.062617 1.070820
0.729800 0.062695 1.070820
0.729900 0.062773 1.070820
0.730000 0.062852 1.070820
0.730100 0.062930 1.070898
0.730200 0.062930 1.070898
0.730300 0.063008 1.070898
0.730400 0.063086 1.070898
0.730500 0.063164 1.070977
0.730600 0.063242 1.070977
0.730700 0.063320 1.070977
0.730800 0.063398 1.070977
0.730900 0.063477 1.071055
0.731000 0.063555 1.071055
0.731100 0.063633 1.071055
0.731200 0.063711 1.071055
0.731300 0.063789 1.071133
0.731400 0.063789 1.071133
0.731500 0.063867 1.071133
0.731600 0.063945 1.071133
0.731700 0.064023 1.071211
0.731800 0.064102 1.071211
0.731900 0.064180 1.071211
0.732000 0.064258 1.071211
0.732100 0.064336 1.071289
0.732200 0.064414 1.071289
0.732300 0.064492 1.071289
0.732400 0.064492 1.071289
0.732500 0.064570 1.071367
0.732600 0.064648 1.071367
0.732700 0.064727 1.071367
0.732800 0.064805 1.071367
0.732900 0.064883 1.071445
0.733000 0.064961 1.071445
0.733100 0.065039 1.071445
0.733200 0.065117 1.071445
0.733300 0.065117 1.071523
0.733400 0.065195 1.071523
0.733500 0.065273 1.071523
0.733600 0.065352 1.071523
0.733700 0.065430 1.071602
0.733800 0.065508 1.071602
0.733900 0.065586 1.071602
0.734000 0.065664 1.071602
0.734100 0.065742 1.071680
0.734200 0.065742 1.071680
0.734300 0.065820 1.071680
0.734400 0.065898 1.071680
0.734500 0.065977 1.071758
0.734600 0.066055 1.071758
0.734700 0.066133 1.071758
0.734800 0.066211 1.071836
0.734900 0.066289 1.071836
0.735000 0.066289 1.071836
0.735100 0.066367 1.071836
0.735200 0.066445 1.071914
0.735300 0.066523 1.071914
0.735400 0.066602 1.071914
0.735500 0.066680 1.071914
0.735600 0.066758 1.071992
0.735700 0.066758 1.071992
0.735800 0.066836 1.071992
0.735900 0.066914 1.071992
0.736000 0.066992 1.072070
0.736100 0.067070 1.072070
0.736200 0.067148 1.072070
0.736300 0.067227 1.072070
0.736400 0.067227 1.072148
0.736500 0.067305 1.072148
0.736600 0.067383 1.072148
0.736700 0.067461 1.072148
0.736800 0.067539 1.072227
0.736900 0.067617 1.072227
0.737000 0.067695 1.072227
0.737100 0.067695 1.072227
0.737200 0.067773 1.072305
0.737300 0.067852 1.072305
0.737400 0.067930 1.072305
0.737500 0.068008 1.072305
0.737600 0.068086 1.072383
0.737700 0.068164 1.072383
0.737800 0.068164 1.072383
0.737900 0.068242 1.072383
0.738000 0.068320 1.072461
0.738100 0.068398 1.072461
0.738200 0.068477 1.072461
0.738300 0.068555 1.072461
0.738400 0.068555 1.072539
0.738500 0.068633 1.072539
0.738600 0.068711 1.072539
0.738700 0.068789 1.072539
0.738800 0.068867 1.072617
0.738900 0.068945 1.072617
0.739000 0.069023 1.072617
0.739100 0.069023 1.072617
0.739200 0.069102 1.072695
0.739300 0.069180 1.072695
0.739400 0.069258 1.072695
0.739500 0.069336 1.072773
0.739600 0.069414 1.072773
0.739700 0.069414 1.072773
0.739800 0.069492 1.072773
0.739900 0.069570 1.072852
0.740000 0.069648 1.072852
0.740100 0.069727 1.072852
0.740200 0.069805 1.072852
0.740300 0.069805 1.072930
0.740400 0.069883 1.072930
0.740500 0.069961 1.072930
0.740600 0.070039 1.072930
0.740700 0.070117 1.073008
0.740800 0.070117 1.073008
0.740900 0.070195 1.073008
0.741000 0.070273 1.073008
0.741100 0.070352 1.073086
0.741200 0.070430 1.073086
0.741300 0.070508 1.073086
0.741400 0.070508 1.073086
0.741500 0.070586 1.073164
0.741600 0.070664 1.073164
0.741700 0.070742 1.073164
0.741800 0.070820 1.073164
0.741900 0.070820 1.073242
0.742000 0.070898 1.073242
0.742100 0.070977 1.073242
0.742200 0.071055 1.073242
0.742300 0.071133 1.073320
0.742400 0.071211 1.073320
0.742500 0.071211 1.073320
0.742600 0.071289 1.073320
0.742700 0.071367 1.073398
0.742800 0.071445 1.073398
0.742900 0.071523 1.073398
0.743000 0.071523 1.073398
0.743100 0.071602 1.073477
0.743200 0.071680 1.073477
0.743300 0.071758 1.073477
0.743400 0.071836 1.073555
0.743500 0.071836 1.073555
0.743600 0.071914 1.073555
0.743700 0.071992 1.073555
0.743800 0.072070 1.073633
0.743900 0.072148 1.073633
0.744000 0.072148 1.073633
0.744100 0.072227 1.073633
0.744200 0.072305 1.073711
0.744300 0.072383 1.073711
0.744400 0.072461 1.073711
0.744500 0.072461 1.073711
0.744600 0.072539 1.073789
0.744700 0.072617 1.073789
0.744800 0.072695 1.073789
0.744900 0.072773 1.073789
0.745000 0.072773 1.073867
0.745100 0.072852 1.073867
0.745200 0.072930 1.073867
0.745300 0.073008 1.073867
0.745400 0.073086 1.073945
0.745500 0.073086 1.073945
0.745600 0.073164 1.073945
0.745700 0.073242 1.073945
0.745800 0.073320 1.074023
0.745900 0.073320 1.074023
0.746000 0.073398 1.074023
0.746100 0.073477 1.074023
0.746200 0.073555 1.074102
0.746300 0.073633 1.074102
0.746400 0.073633 1.074102
0.746500 0.073711 1.074180
0.746600 0.073789 1.074180
0.746700 0.073867 1.074180
0.746800 0.073867 1.074180
0.746900 0.073945 1.074258
0.747000 0.074023 1.074258
0.747100 0.074102 1.074258
0.747200 0.074180 1.074258
0.747300 0.074180 1.074336
0.747400 0.074258 1.074336
0.747500 0.074336 1.074336
0.747600 0.074414 1.074336
0.747700 0.074414 1.074414
0.747800 0.074492 1.074414
0.747900 0.074570 1.074414
0.748000 0.074648 1.074414
0.748100 0.074727 1.074492
0.748200 0.074727 1.074492
0.748300 0.074805 1.074492
0.748400 0.074883 1.074492
0.748500 0.074961 1.074570
0.748600 0.074961 1.074570
0.748700 0.075039 1.074570
0.748800 0.075117 1.074570
0.748900 0.075195 1.074648
0.749000 0.075195 1.074648
0.749100 0.075273 1.074648
0.749200 0.075352 1.074727
0.749300 0.075430 1.074727
0.749400 0.075508 1.074727
0.749500 0.075508 1.074727
0.749600 0.075586 1.074805
0.749700 0.075664 1.074805
0.749800 0.075742 1.074805
0.749900 0.075742 1.074805
0.750000 0.075820 1.074883
0.750100 0.075898 1.074883
0.750200 0.075977 1.074883
0.750300 0.075977 1.074883
0.750400 0.076055 1.074961
0.750500 0.076133 1.074961
0.750600 0.076211 1.074961
0.750700 0.076211 1.074961
0.750800 0.076289 1.075039
0.750900 0.076367 1.075039
0.751000 0.076445 1.075039
0.751100 0.076445 1.075039
0.751200 0.076523 1.075117
0.751300 0.076602 1.075117
0.751400 0.076680 1.075117
0.751500 0.076680 1.075117
0.751600 0.076758 1.075195
0.751700 0.076836 1.075195
0.751800 0.076914 1.075195
0.751900 0.076914 1.075273
0.752000 0.076992 1.075273
0.752100 0.077070 1.075273
0.752200 0.077148 1.075273
0.752300 0.077148 1.075352
0.752400 0.077227 1.075352
0.752500 0.077305 1.075352
0.752600 0.077383 1.075352
0.752700 0.077383 1.075430
0.752800 0.077461 1.075430
0.752900 0.077539 1.075430
0.753000 0.077617 1.075430
0.753100 0.077617 1.075508
0.753200 0.077695 1.075508
0.753300 0.077773 1.075508
0.753400 0.077852 1.075508
0.753500 0.077852 1.075586
0.753600 0.077930 1.075586
0.753700 0.078008 1.075586
0.753800 0.078086 1.075586
0.753900 0.078086 1.075664
0.754000 0.078164 1.075664
0.754100 0.078242 1.075664
0.754200 0.078242 1.075742
0.754300 0.078320 1.075742
0.754400 0.078398 1.075742
0.754500 0.078477 1.075742
0.754600 0.078477 1.075820
0.754700 0.078555 1.075820
0.754800 0.078633 1.075820
0.754900 0.078711 1.075820
0.755000 0.078711 1.075898
0.755100 0.078789 1.075898
0.755200 0.078867 1.075898
0.755300 0.078945 1.075898
0.755400 0.078945 1.075977
0.755500 0.079023 1.075977
0.755600 0.079102 1.075977
0.755700 0.079102 1.075977
0.755800 0.079180 1.076055
0.755900 0.079258 1.076055
0.756000 0.079336 1.076055
0.756100 0.079336 1.076055
0.756200 0.079414 1.076133
0.756300 0.079492 1.076133
0.756400 0.079570 1.076133
0.756500 0.079570 1.076211
0.756600 0.079648 1.076211
0.756700 0.079727 1.076211
0.756800 0.079727 1.076211
0.756900 0.079805 1.076289
0.757000 0.079883 1.076289
0.757100 0.079961 1.076289
0.757200 0.079961 1.076289
0.757300 0.080039 1.076367
0.757400 0.080117 1.076367
0.757500 0.080117 1.076367
0.757600 0.080195 1.076367
0.757700 0.080273 1.076445
0.757800 0.080352 1.076445
0.757900 0.080352 1.076445
0.758000 0.080430 1.076445
0.758100 0.080508 1.076523
0.758200 0.080508 1.076523
0.758300 0.080586 1.076523
0.758400 0.080664 1.076602
0.758500 0.080742 1.076602
0.758600 0.080742 1.076602
0.758700 0.080820 1.076602
0.758800 0.080898 1.076680
0.758900 0.080898 1.076680
0.759000 0.080977 1.076680
0.759100 0.081055 1.076680
0.759200 0.081133 1.076758
0.759300 0.081133 1.076758
0.759400 0.081211 1.076758
0.759500 0.081289 1.076758
0.759600 0.081289 1.076836
0.759700 0.081367 1.076836
0.759800 0.081445 1.076836
0.759900 0.081523 1.076836
0.760000 0.081523 1.076914
0.760100 0.081602 1.076914
0.760200 0.081680 1.076914
0.760300 0.081680 1.076992
0.760400 0.081758 1.076992
0.760500 0.081836 1.076992
0.760600 0.081836 1.076992
0.760700 0.081914 1.077070
0.760800 0.081992 1.077070
0.760900 0.082070 1.077070
0.761000 0.082070 1.077070
0.761100 0.082148 1.077148
0.761200 0.082227 1.077148
0.761300 0.082227 1.077148
0.761400 0.082305 1.077148
0.761500 0.082383 1.077227
0.761600 0.082383 1.077227
0.761700 0.082461 1.077227
0.761800 0.082539 1.077227
0.761900 0.082617 1.077305
0.762000 0.082617 1.077305
0.762100 0.082695 1.077305
0.762200 0.082773 1.077383
0.762300 0.082773 1.077383
0.762400 0.082852 1.077383
0.762500 0.082930 1.077383
0.762600 0.082930 1.077461
0.762700 0.083008 1.077461
0.762800 0.083086 1.077461
0.762900 0.083086 1.077461
0.763000 0.083164 1.077539
0.763100 0.083242 1.077539
0.763200 0.083320 1.077539
0.763300 0.083320 1.077539
0.763400 0.083398 1.077617
0.763500 0.083477 1.077617
0.763600 0.083477 1.077617
0.763700 0.083555 1.077617
0.763800 0.083633 1.077695
0.763900 0.083633 1.077695
0.764000 0.083711 1.077695
0.764100 0.083789 1.077773
0.764200 0.083789 1.077773
0.764300 0.083867 1.077773
0.764400 0.083945 1.077773
0.764500 0.083945 1.077852
0.764600 0.084023 1.077852
0.764700 0.084102 1.077852
0.764800 0.084180 1.077852
0.764900 0.084180 1.077930
0.765000 0.084258 1.077930
0.765100 0.084336 1.077930
0.765200 0.084336 1.077930
0.765300 0.084414 1.078008
0.765400 0.084492 1.078008
0.765500 0.084492 1.078008
0.765600 0.084570 1.078086
0.765700 0.084648 1.078086
0.765800 0.084648 1.078086
0.765900 0.084727 1.078086
0.766000 0.084805 1.078164
0.766100 0.084805 1.078164
0.766200 0.084883 1.078164
0.766300 0.084961 1.078164
0.766400 0.084961 1.078242
0.766500 0.085039 1.078242
0.766600 0.085117 1.078242
0.766700 0.085117 1.078242
0.766800 0.085195 1.078320
0.766900 0.085273 1.078320
0.767000 0.085273 1.078320
0.767100 0.085352 1.078320
0.767200 0.085430 1.078398
0.767300 0.085430 1.078398
0.767400 0.085508 1.078398
0.767500 0.085586 1.078477
0.767600 0.085586 1.078477
0.767700 0.085664 1.078477
0.767800 0.085742 1.078477
0.767900 0.085742 1.078555
0.768000 0.085820 1.078555
0.768100 0.085898 1.078555
0.768200 0.085898 1.078555
0.768300 0.085977 1.078633
0.768400 0.086055 1.078633
0.768500 0.086055 1.078633
0.768600 0.086133 1.078633
0.768700 0.086211 1.078711
0.768800 0.086211 1.078711
0.768900 0.086289 1.078711
0.769000 0.086367 1.078789
0.769100 0.086367 1.078789
0.769200 0.086445 1.078789
0.769300 0.086523 1.078789
0.769400 0.086523 1.078867
0.769500 0.086602 1.078867
0.769600 0.086680 1.078867
0.769700 0.086680 1.078867
0.769800 0.086758 1.078945
0.769900 0.086836 1.078945
0.770000 0.086836 1.078945
0.770100 0.086914 1.078945
0.770200 0.086992 1.079023
0.770300 0.086992 1.079023
0.770400 0.087070 1.079023
0.770500 0.087148 1.079102
0.770600 0.087148 1.079102
0.770700 0.087227 1.079102
0.770800 0.087305 1.079102
0.770900 0.087305 1.079180
0.771000 0.087383 1.079180
0.771100 0.087461 1.079180
0.771200 0.087461 1.079180
0.771300 0.087539 1.079258
0.771400 0.087617 1.079258
0.771500 0.087617 1.079258
0.771600 0.087695 1.079258
0.771700 0.087773 1.079336
0.771800 0.087773 1.079336
0.771900 0.087852 1.079336
0.772000 0.087930 1.079414
0.772100 0.087930 1.079414
0.772200 0.088008 1.079414
0.772300 0.088086 1.079414
0.772400 0.088086 1.079492
0.772500 0.088164 1.079492
0.772600 0.088164 1.079492
0.772700 0.088242 1.079492
0.772800 0.088320 1.079570
0.772900 0.088320 1.079570
0.773000 0.088398 1.079570
0.773100 0.088477 1.079570
0.773200 0.088477 1.079648
0.773300 0.088555 1.079648
0.773400 0.088633 1.079648
0.773500 0.088633 1.079727
0.773600 0.088711 1.079727
0.773700 0.088789 1.079727
0.773800 0.088789 1.079727
0.773900 0.088867 1.079805
0.774000 0.088945 1.079805
0.774100 0.088945 1.079805
0.774200 0.089023 1.079805
0.774300 0.089102 1.079883
0.774400 0.089102 1.079883
0.774500 0.089180 1.079883
0.774600 0.089180 1.079961
0.774700 0.089258 1.079961
0.774800 0.089336 1.079961
0.774900 0.089336 1.079961
0.775000 0.089414 1.080039
0.775100 0.089492 1.080039
0.775200 0.089492 1.080039
0.775300 0.089570 1.080039
0.775400 0.089648 1.080117
0.775500 0.089648 1.080117
0.775600 0.089727 1.080117
0.775700 0.089727 1.080117
0.775800 0.089805 1.080195
0.775900 0.089883 1.080195
0.776000 0.089883 1.080195
0.776100 0.089961 1.080273
0.776200 0.090039 1.080273
0.776300 0.090039 1.080273
0.776400 0.090117 1.080273
0.776500 0.090195 1.080352
0.776600 0.090195 1.080352
0.776700 0.090273 1.080352
0.776800 0.090273 1.080352
0.776900 0.090352 1.080430
0.777000 0.090430 1.080430
0.777100 0.090430 1.080430
0.777200 0.090508 1.080430
0.777300 0.090586 1.080508
0.777400 0.090586 1.080508
0.777500 0.090664 1.080508
0.777600 0.090742 1.080586
0.777700 0.090742 1.080586
0.777800 0.090820 1.080586
0.777900 0.090820 1.080586
0.778000 0.090898 1.080664
0.778100 0.090977 1.080664
0.778200 0.090977 1.080664
0.778300 0.091055 1.080664
0.778400 0.091133 1.080742
0.778500 0.091133 1.080742
0.778600 0.091211 1.080742
0.778700 0.091289 1.080820
0.778800 0.091289 1.080820
0.778900 0.091367 1.080820
0.779000 0.091367 1.080820
0.779100 0.091445 1.080898
0.779200 0.091523 1.080898
0.779300 0.091523 1.080898
0.779400 0.091602 1.080898
0.779500 0.091680 1.080977
0.779600 0.091680 1.080977
0.779700 0.091758 1.080977
0.779800 0.091758 1.080977
0.779900 0.091836 1.081055
0.780000 0.091914 1.081055
0.780100 0.091914 1.081055
0.780200 0.091992 1.081133
0.780300 0.092070 1.081133
0.780400 0.092070 1.081133
0.780500 0.092148 1.081133
0.780600 0.092148 1.081211
0.780700 0.092227 1.081211
0.780800 0.092305 1.081211
0.780900 0.092305 1.081211
0.781000 0.092383 1.081289
0.781100 0.092383 1.081289
0.781200 0.092461 1.081289
0.781300 0.092539 1.081367
0.781400 0.092539 1.081367
0.781500 0.092617 1.081367
0.781600 0.092695 1.081367
0.781700 0.092695 1.081445
0.781800 0.092773 1.081445
0.781900 0.092773 1.081445
0.782000 0.092852 1.081445
0.782100 0.092930 1.081523
0.782200 0.092930 1.081523
0.782300 0.093008 1.081523
0.782400 0.093086 1.081602
0.782500 0.093086 1.081602
0.782600 0.093164 1.081602
0.782700 0.093164 1.081602
0.782800 0.093242 1.081680
0.782900 0.093320 1.081680
0.783000 0.093320 1.081680
0.783100 0.093398 1.081680
0.783200 0.093398 1.081758
0.783300 0.093477 1.081758
0.783400 0.093555 1.081758
0.783500 0.093555 1.081836
0.783600 0.093633 1.081836
0.783700 0.093711 1.081836
0.783800 0.093711 1.081836
0.783900 0.093789 1.081914
0.784000 0.093789 1.081914
0.784100 0.093867 1.081914
0.784200 0.093945 1.081914
0.784300 0.093945 1.081992
0.784400 0.094023 1.081992
0.784500 0.094023 1.081992
0.784600 0.094102 1.081992
0.784700 0.094180 1.082070
0.784800 0.094180 1.082070
0.784900 0.094258 1.082070
0.785000 0.094258 1.082148
0.785100 0.094336 1.082148
0.785200 0.094414 1.082148
0.785300 0.094414 1.082148
0.785400 0.094492 1.082227
0.785500 0.094492 1.082227
0.785600 0.094570 1.082227
0.785700 0.094648 1.082227
0.785800 0.094648 1.082305
0.785900 0.094727 1.082305
0.786000 0.094805 1.082305
0.786100 0.094805 1.082383
0.786200 0.094883 1.082383
0.786300 0.094883 1.082383
0.786400 0.094961 1.082383
0.786500 0.095039 1.082461
0.786600 0.095039 1.082461
0.786700 0.095117 1.082461
0.786800 0.095117 1.082461
0.786900 0.095195 1.082539
0.787000 0.095273 1.082539
0.787100 0.095273 1.082539
0.787200 0.095352 1.082617
0.787300 0.095352 1.082617
0.787400 0.095430 1.082617
0.787500 0.095508 1.082617
0.787600 0.095508 1.082695
0.787700 0.095586 1.082695
0.787800 0.095586 1.082695
0.787900 0.095664 1.082695
0.788000 0.095742 1.082773
0.788100 0.095742 1.082773
0.788200 0.095820 1.082773
0.788300 0.095820 1.082852
0.788400 0.095898 1.082852
0.788500 0.095977 1.082852
0.788600 0.095977 1.082852
0.788700 0.096055 1.082930
0.788800 0.096055 1.082930
0.788900 0.096133 1.082930
0.789000 0.096211 1.082930
0.789100 0.096211 1.083008
0.789200 0.096289 1.083008
0.789300 0.096289 1.083008
0.789400 0.096367 1.083086
0.789500 0.096445 1.083086
0.789600 0.096445 1.083086
0.789700 0.096523 1.083086
0.789800 0.096523 1.083164
0.789900 0.096602 1.083164
0.790000 0.096602 1.083164
0.790100 0.096680 1.083164
0.790200 0.096758 1.083242
0.790300 0.096758 1.083242
0.790400 0.096836 1.083242
0.790500 0.096836 1.083320
0.790600 0.096914 1.083320
0.790700 0.096992 1.083320
0.790800 0.096992 1.083320
0.790900 0.097070 1.083398
0.791000 0.097070 1.083398
0.791100 0.097148 1.083398
0.791200 0.097227 1.083398
0.791300 0.097227 1.083477
0.791400 0.097305 1.083477
0.791500 0.097305 1.083477
0.791600 0.097383 1.083555
0.791700 0.097461 1.083555
0.791800 0.097461 1.083555
0.791900 0.097539 1.083555
0.792000 0.097539 1.083633
0.792100 0.097617 1.083633
0.792200 0.097617 1.083633
0.792300 0.097695 1.083633
0.792400 0.097773 1.083711
0.792500 0.097773 1.083711
0.792600 0.097852 1.083711
0.792700 0.097852 1.083789
0.792800 0.097930 1.083789
0.792900 0.098008 1.083789
0.793000 0.098008 1.083789
0.793100 0.098086 1.083867
0.793200 0.098086 1.083867
0.793300 0.098164 1.083867
0.793400 0.098164 1.083945
0.793500 0.098242 1.083945
0.793600 0.098320 1.083945
0.793700 0.098320 1.083945
0.793800 0.098398 1.084023
0.793900 0.098398 1.084023
0.794000 0.098477 1.084023
0.794100 0.098555 1.084023
0.794200 0.098555 1.084102
0.794300 0.098633 1.084102
0.794400 0.098633 1.084102
0.794500 0.098711 1.084180
0.794600 0.098711 1.084180
0.794700 0.098789 1.084180
0.794800 0.098867 1.084180
0.794900 0.098867 1.084258
0.795000 0.098945 1.084258
0.795100 0.098945 1.084258
0.795200 0.099023 1.084258
0.795300 0.099102 1.084336
0.795400 0.099102 1.084336
0.795500 0.099180 1.084336
0.795600 0.099180 1.084414
0.795700 0.099258 1.084414
0.795800 0.099258 1.084414
0.795900 0.099336 1.084414
0.796000 0.099414 1.084492
0.796100 0.099414 1.084492
0.796200 0.099492 1.084492
0.796300 0.099492 1.084492
0.796400 0.099570 1.084570
0.796500 0.099570 1.084570
0.796600 0.099648 1.084570
0.796700 0.099727 1.084648
0.796800 0.099727 1.084648
0.796900 0.099805 1.084648
0.797000 0.099805 1.084648
0.797100 0.099883 1.084727
0.797200 0.099883 1.084727
0.797300 0.099961 1.084727
0.797400 0.100039 1.084805
0.797500 0.100039 1.084805
0.797600 0.100117 1.084805
0.797700 0.100117 1.084805
0.797800 0.100195 1.084883
0.797900 0.100195 1.084883
0.798000 0.100273 1.084883
0.798100 0.100352 1.084883
0.798200 0.100352 1.084961
0.798300 0.100430 1.084961
0.798400 0.100430 1.084961
0.798500 0.100508 1.085039
0.798600 0.100508 1.085039
0.798700 0.100586 1.085039
0.798800 0.100664 1.085039
0.798900 0.100664 1.085117
0.799000 0.100742 1.085117
0.799100 0.100742 1.085117
0.799200 0.100820 1.085117
0.799300 0.100820 1.085195
0.799400 0.100898 1.085195
0.799500 0.100977 1.085195
0.799600 0.100977 1.085273
0.799700 0.101055 1.085273
0.799800 0.101055 1.085273
0.799900 0.101133 1.085273
0.800000 0.101133 1.085352
0.800100 0.101211 1.085352
0.800200 0.101289 1.085352
0.800300 0.101289 1.085430
0.800400 0.101367 1.085430
0.800500 0.101367 1.085430
0.800600 0.101445 1.085430
0.800700 0.101445 1.085508
0.800800 0.101523 1.085508
0.800900 0.101602 1.085508
0.801000 0.101602 1.085508
0.801100 0.101680 1.085586
0.801200 0.101680 1.085586
0.801300 0.101758 1.085586
0.801400 0.101758 1.085664
0.801500 0.101836 1.085664
0.801600 0.101836 1.085664
0.801700 0.101914 1.085664
0.801800 0.101992 1.085742
0.801900 0.101992 1.085742
0.802000 0.102070 1.085742
0.802100 0.102070 1.085820
0.802200 0.102148 1.085820
0.802300 0.102148 1.085820
0.802400 0.102227 1.085820
0.802500 0.102227 1.085898
0.802600 0.102305 1.085898
0.802700 0.102383 1.085898
0.802800 0.102383 1.085898
0.802900 0.102461 1.085977
0.803000 0.102461 1.085977
0.803100 0.102539 1.085977
0.803200 0.102539 1.086055
0.803300 0.102617 1.086055
0.803400 0.102695 1.086055
0.803500 0.102695 1.086055
0.803600 0.102773 1.086133
0.803700 0.102773 1.086133
0.803800 0.102852 1.086133
0.803900 0.102852 1.086211
0.804000 0.102930 1.086211
0.804100 0.102930 1.086211
0.804200 0.103008 1.086211
0.804300 0.103086 1.086289
0.804400 0.103086 1.086289
0.804500 0.103164 1.086289
0.804600 0.103164 1.086289
0.804700 0.103242 1.086367
0.804800 0.103242 1.086367
0.804900 0.103320 1.086367
0.805000 0.103320 1.086445
0.805100 0.103398 1.086445
0.805200 0.103477 1.086445
0.805300 0.103477 1.086445
0.805400 0.103555 1.086523
0.805500 0.103555 1.086523
0.805600 0.103633 1.086523
0.805700 0.103633 1.086602
0.805800 0.103711 1.086602
0.805900 0.103711 1.086602
0.806000 0.103789 1.086602
0.806100 0.103867 1.086680
0.806200 0.103867 1.086680
0.806300 0.103945 1.086680
0.806400 0.103945 1.086680
0.806500 0.104023 1.086758
0.806600 0.104023 1.086758
0.806700 0.104102 1.086758
0.806800 0.104102 1.086836
0.806900 0.104180 1.086836
0.807000 0.104180 1.086836
0.807100 0.104258 1.086836
0.807200 0.104336 1.086914
0.807300 0.104336 1.086914
0.807400 0.104414 1.086914
0.807500 0.104414 1.086992
0.807600 0.104492 1.086992
0.807700 0.104492 1.086992
0.807800 0.104570 1.086992
0.807900 0.104570 1.087070
0.808000 0.104648 1.087070
0.808100 0.104727 1.087070
0.808200 0.104727 1.087070
0.808300 0.104805 1.087148
0.808400 0.104805 1.087148
0.808500 0.104883 1.087148
0.808600 0.104883 1.087227
0.808700 0.104961 1.087227
0.808800 0.104961 1.087227
0.808900 0.105039 1.087227
0.809000 0.105039 1.087305
0.809100 0.105117 1.087305
0.809200 0.105195 1.087305
0.809300 0.105195 1.087383
0.809400 0.105273 1.087383
0.809500 0.105273 1.087383
0.809600 0.105352 1.087383
0.809700 0.105352 1.087461
0.809800 0.105430 1.087461
0.809900 0.105430 1.087461
0.810000 0.105508 1.087539
0.810100 0.105508 1.087539
0.810200 0.105586 1.087539
0.810300 0.105586 1.087539
0.810400 0.105664 1.087617
0.810500 0.105742 1.087617
0.810600 0.105742 1.087617
0.810700 0.105820 1.087617
0.810800 0.105820 1.087695
0.810900 0.105898 1.087695
0.811000 0.105898 1.087695
0.811100 0.105977 1.087773
0.811200 0.105977 1.087773
0.811300 0.106055 1.087773
0.811400 0.106055 1.087773
0.811500 0.106133 1.087852
0.811600 0.106211 1.087852
0.811700 0.106211 1.087852
0.811800 0.106289 1.087930
0.811900 0.106289 1.087930
0.812000 0.106367 1.087930
0.812100 0.106367 1.087930
0.812200 0.106445 1.088008
0.812300 0.106445 1.088008
0.812400 0.106523 1.088008
0.812500 0.106523 1.088086
0.812600 0.106602 1.088086
0.812700 0.106602 1.088086
0.812800 0.106680 1.088086
0.812900 0.106758 1.088164
0.813000 0.106758 1.088164
0.813100 0.106836 1.088164
0.813200 0.106836 1.088164
0.813300 0.106914 1.088242
0.813400 0.106914 1.088242
0.813500 0.106992 1.088242
0.813600 0.106992 1.088320
0.813700 0.107070 1.088320
0.813800 0.107070 1.088320
0.813900 0.107148 1.088320
0.814000 0.107148 1.088398
0.814100 0.107227 1.088398
0.814200 0.107227 1.088398
0.814300 0.107305 1.088477
0.814400 0.107383 1.088477
0.814500 0.107383 1.088477
0.814600 0.107461 1.088477
0.814700 0.107461 1.088555
0.814800 0.107539 1.088555
0.814900 0.107539 1.088555
0.815000 0.107617 1.088633
0.815100 0.107617 1.088633
0.815200 0.107695 1.088633
0.815300 0.107695 1.088633
0.815400 0.107773 1.088711
0.815500 0.107773 1.088711
0.815600 0.107852 1.088711
0.815700 0.107852 1.088789
0.815800 0.107930 1.088789
0.815900 0.108008 1.088789
0.816000 0.108008 1.088789
0.816100 0.108086 1.088867
0.816200 0.108086 1.088867
0.816300 0.108164 1.088867
0.816400 0.108164 1.088945
0.816500 0.108242 1.088945
0.816600 0.108242 1.088945
0.816700 0.108320 1.088945
0.816800 0.108320 1.089023
0.816900 0.108398 1.089023
0.817000 0.108398 1.089023
0.817100 0.108477 1.089023
0.817200 0.108477 1.089102
0.817300 0.108555 1.089102
0.817400 0.108555 1.089102
0.817500 0.108633 1.089180
0.817600 0.108711 1.089180
0.817700 0.108711 1.089180
0.817800 0.108789 1.089180
0.817900 0.108789 1.089258
0.818000 0.108867 1.089258
0.818100 0.108867 1.089258
0.818200 0.108945 1.089336
0.818300 0.108945 1.089336
0.818400 0.109023 1.089336
0.818500 0.109023 1.089336
0.818600 0.109102 1.089414
0.818700 0.109102 1.089414
0.818800 0.109180 1.089414
0.818900 0.109180 1.089492
0.819000 0.109258 1.089492
0.819100 0.109258 1.089492
0.819200 0.109336 1.089492
0.819300 0.109336 1.089570
0.819400 0.109414 1.089570
0.819500 0.109414 1.089570
0.819600 0.109492 1.089648
0.819700 0.109570 1.089648
0.819800 0.109570 1.089648
0.819900 0.109648 1.089648
0.820000 0.109648 1.089727
0.820100 0.109727 1.089727
0.820200 0.109727 1.089727
0.820300 0.109805 1.089805
0.820400 0.109805 1.089805
0.820500 0.109883 1.089805
0.820600 0.109883 1.089805
0.820700 0.109961 1.089883
0.820800 0.109961 1.089883
0.820900 0.110039 1.089883
0.821000 0.110039 1.089961
0.821100 0.110117 1.089961
0.821200 0.110117 1.089961
0.821300 0.110195 1.089961
0.821400 0.110195 1.090039
0.821500 0.110273 1.090039
0.821600 0.110273 1.090039
0.821700 0.110352 1.090117
0.821800 0.110352 1.090117
0.821900 0.110430 1.090117
0.822000 0.110508 1.090117
0.822100 0.110508 1.090195
0.822200 0.110586 1.090195
0.822300 0.110586 1.090195
0.822400 0.110664 1.090195
0.822500 0.110664 1.090273
0.822600 0.110742 1.090273
0.822700 0.110742 1.090273
0.822800 0.110820 1.090352
0.822900 0.110820 1.090352
0.823000 0.110898 1.090352
0.823100 0.110898 1.090352
0.823200 0.110977 1.090430
0.823300 0.110977 1.090430
0.823400 0.111055 1.090430
0.823500 0.111055 1.090508
0.823600 0.111133 1.090508
0.823700 0.111133 1.090508
0.823800 0.111211 1.090508
0.823900 0.111211 1.090586
0.824000 0.111289 1.090586
0.824100 0.111289 1.090586
0.824200 0.111367 1.090664
0.824300 0.111367 1.090664
0.824400 0.111445 1.090664
0.824500 0.111445 1.090664
0.824600 0.111523 1.090742
0.824700 0.111523 1.090742
0.824800 0.111602 1.090742
0.824900 0.111602 1.090820
0.825000 0.111680 1.090820
0.825100 0.111758 1.090820
0.825200 0.111758 1.090820
0.825300 0.111836 1.090898
0.825400 0.111836 1.090898
0.825500 0.111914 1.090898
0.825600 0.111914 1.090977
0.825700 0.111992 1.090977
0.825800 0.111992 1.090977
0.825900 0.112070 1.090977
0.826000 0.112070 1.091055
0.826100 0.112148 1.091055
0.826200 0.112148 1.091055
0.826300 0.112227 1.091133
0.826400 0.112227 1.091133
0.826500 0.112305 1.091133
0.826600 0.112305 1.091133
0.826700 0.112383 1.091211
0.826800 0.112383 1.091211
0.826900 0.112461 1.091211
0.827000 0.112461 1.091289
0.827100 0.112539 1.091289
0.827200 0.112539 1.091289
0.827300 0.112617 1.091289
0.827400 0.112617 1.091367
0.827500 0.112695 1.091367
0.827600 0.112695 1.091367
0.827700 0.112773 1.091445
0.827800 0.112773 1.091445
0.827900 0.112852 1.091445
0.828000 0.112852 1.091445
0.828100 0.112930 1.091523
0.828200 0.112930 1.091523
0.828300 0.113008 1.091523
0.828400 0.113008 1.091602
0.828500 0.113086 1.091602
0.828600 0.113086 1.091602
0.828700 0.113164 1.091602
0.828800 0.113164 1.091680
0.828900 0.113242 1.091680
0.829000 0.113242 1.091680
0.829100 0.113320 1.091758
0.829200 0.113320 1.091758
0.829300 0.113398 1.091758
0.829400 0.113398 1.091758
0.829500 0.113477 1.091836
0.829600 0.113477 1.091836
0.829700 0.113555 1.091836
0.829800 0.113555 1.091914
0.829900 0.113633 1.091914
0.830000 0.113633 1.091914
0.830100 0.113711 1.091914
0.830200 0.113711 1.091992
0.830300 0.113789 1.091992
0.830400 0.113789 1.091992
0.830500 0.113867 1.092070
0.830600 0.113867 1.092070
0.830700 0.113945 1.092070
0.830800 0.113945 1.092070
0.830900 0.114023 1.092148
0.831000 0.114023 1.092148
0.831100 0.114102 1.092148
0.831200 0.114102 1.092227
0.831300 0.114180 1.092227
0.831400 0.114180 1.092227
0.831500 0.114258 1.092227
0.831600 0.114258 1.092305
0.831700 0.114336 1.092305
0.831800 0.114336 1.092305
0.831900 0.114414 1.092383
0.832000 0.114414 1.092383
0.832100 0.114492 1.092383
0.832200 0.114492 1.092383
0.832300 0.114570 1.092461
0.832400 0.114570 1.092461
0.832500 0.114648 1.092461
0.832600 0.114648 1.092539
0.832700 0.114727 1.092539
0.832800 0.114727 1.092539
0.832900 0.114805 1.092539
0.833000 0.114805 1.092617
0.833100 0.114883 1.092617
0.833200 0.114883 1.092617
0.833300 0.114961 1.092695
0.833400 0.114961 1.092695
0.833500 0.115039 1.092695
0.833600 0.115039 1.092773
0.833700 0.115117 1.092773
0.833800 0.115117 1.092773
0.833900 0.115195 1.092773
0.834000 0.115195 1.092852
0.834100 0.115273 1.092852
0.834200 0.115273 1.092852
0.834300 0.115352 1.092930
0.834400 0.115352 1.092930
0.834500 0.115430 1.092930
0.834600 0.115430 1.092930
0.834700 0.115508 1.093008
0.834800 0.115508 1.093008
0.834900 0.115586 1.093008
0.835000 0.115586 1.093086
0.835100 0.115664 1.093086
0.835200 0.115664 1.093086
0.835300 0.115742 1.093086
0.835400 0.115742 1.093164
0.835500 0.115820 1.093164
0.835600 0.115820 1.093164
0.835700 0.115898 1.093242
0.835800 0.115898 1.093242
0.835900 0.115977 1.093242
0.836000 0.115977 1.093242
0.836100 0.116055 1.093320
0.836200 0.116055 1.093320
0.836300 0.116133 1.093320
0.836400 0.116133 1.093398
0.836500 0.116211 1.093398
0.836600 0.116211 1.093398
0.836700 0.116289 1.093398
0.836800 0.116289 1.093477
0.836900 0.116367 1.093477
0.837000 0.116367 1.093477
0.837100 0.116445 1.093555
0.837200 0.116445 1.093555
0.837300 0.116523 1.093555
0.837400 0.116523 1.093555
0.837500 0.116602 1.093633
0.837600 0.116602 1.093633
0.837700 0.116680 1.093633
0.837800 0.116680 1.093711
0.837900 0.116758 1.093711
0.838000 0.116758 1.093711
0.838100 0.116836 1.093711
0.838200 0.116836 1.093789
0.838300 0.116914 1.093789
0.838400 0.116914 1.093789
0.838500 0.116992 1.093867
0.838600 0.116992 1.093867
0.838700 0.117070 1.093867
0.838800 0.117070 1.093945
0.838900 0.117148 1.093945
0.839000 0.117148 1.093945
0.839100 0.117227 1.093945
0.839200 0.117227 1.094023
0.839300 0.117305 1.094023
0.839400 0.117305 1.094023
0.839500 0.117383 1.094102
0.839600 0.117383 1.094102
0.839700 0.117461 1.094102
0.839800 0.117461 1.094102
0.839900 0.117539 1.094180
0.840000 0.117539 1.094180
0.840100 0.117539 1.094180
0.840200 0.117617 1.094258
0.840300 0.117617 1.094258
0.840400 0.117695 1.094258
0.840500 0.117695 1.094258
0.840600 0.117773 1.094336
0.840700 0.117773 1.094336
0.840800 0.117852 1.094336
0.840900 0.117852 1.094414
0.841000 0.117930 1.094414
0.841100 0.117930 1.094414
0.841200 0.118008 1.094414
0.841300 0.118008 1.094492
0.841400 0.118086 1.094492
0.841500 0.118086 1.094492
0.841600 0.118164 1.094570
0.841700 0.118164 1.094570
0.841800 0.118242 1.094570
0.841900 0.118242 1.094648
0.842000 0.118320 1.094648
0.842100 0.118320 1.094648
0.842200 0.118398 1.094648
0.842300 0.118398 1.094727
0.842400 0.118477 1.094727
0.842500 0.118477 1.094727
0.842600 0.118555 1.094805
0.842700 0.118555 1.094805
0.842800 0.118633 1.094805
0.842900 0.118633 1.094805
0.843000 0.118711 1.094883
0.843100 0.118711 1.094883
0.843200 0.118789 1.094883
0.843300 0.118789 1.094961
0.843400 0.118789 1.094961
0.843500 0.118867 1.094961
0.843600 0.118867 1.094961
0.843700 0.118945 1.095039
0.843800 0.118945 1.095039
0.843900 0.119023 1.095039
0.844000 0.119023 1.095117
0.844100 0.119102 1.095117
0.844200 0.119102 1.095117
0.844300 0.119180 1.095117
0.844400 0.119180 1.095195
0.844500 0.119258 1.095195
0.844600 0.119258 1.095195
0.844700 0.119336 1.095273
0.844800 0.119336 1.095273
0.844900 0.119414 1.095273
0.845000 0.119414 1.095352
0.845100 0.119492 1.095352
0.845200 0.119492 1.095352
0.845300 0.119570 1.095352
0.845400 0.119570 1.095430
0.845500 0.119648 1.095430
0.845600 0.119648 1.095430
0.845700 0.119727 1.095508
0.845800 0.119727 1.095508
0.845900 0.119805 1.095508
0.846000 0.119805 1.095508
0.846100 0.119805 1.095586
0.846200 0.119883 1.095586
0.846300 0.119883 1.095586
0.846400 0.119961 1.095664
0.846500 0.119961 1.095664
0.846600 0.120039 1.095664
0.846700 0.120039 1.095664
0.846800 0.120117 1.095742
0.846900 0.120117 1.095742
0.847000 0.120195 1.095742
0.847100 0.120195 1.095820
0.847200 0.120273 1.095820
0.847300 0.120273 1.095820
0.847400 0.120352 1.095898
0.847500 0.120352 1.095898
0.847600 0.120430 1.095898
0.847700 0.120430 1.095898
0.847800 0.120508 1.095977
0.847900 0.120508 1.095977
0.848000 0.120586 1.095977
0.848100 0.120586 1.096055
0.848200 0.120586 1.096055
0.848300 0.120664 1.096055
0.848400 0.120664 1.096055
0.848500 0.120742 1.096133
0.848600 0.120742 1.096133
0.848700 0.120820 1.096133
0.848800 0.120820 1.096211
0.848900 0.120898 1.096211
0.849000 0.120898 1.096211
0.849100 0.120977 1.096211
0.849200 0.120977 1.096289
0.849300 0.121055 1.096289
0.849400 0.121055 1.096289
0.849500 0.121133 1.096367
0.849600 0.121133 1.096367
0.849700 0.121211 1.096367
0.849800 0.121211 1.096445
0.849900 0.121289 1.096445
0.850000 0.121289 1.096445
0.850100 0.121289 1.096445
0.850200 0.121367 1.096523
0.850300 0.121367 1.096523
0.850400 0.121445 1.096523
0.850500 0.121445 1.096602
0.850600 0.121523 1.096602
0.850700 0.121523 1.096602
0.850800 0.121602 1.096602
0.850900 0.121602 1.096680
0.851000 0.121680 1.096680
0.851100 0.121680 1.096680
0.851200 0.121758 1.096758
0.851300 0.121758 1.096758
0.851400 0.121836 1.096758
0.851500 0.121836 1.096836
0.851600 0.121914 1.096836
0.851700 0.121914 1.096836
0.851800 0.121992 1.096836
0.851900 0.121992 1.096914
0.852000 0.121992 1.096914
0.852100 0.122070 1.096914
0.852200 0.122070 1.096992
0.852300 0.122148 1.096992
0.852400 0.122148 1.096992
0.852500 0.122227 1.096992
0.852600 0.122227 1.097070
0.852700 0.122305 1.097070
0.852800 0.122305 1.097070
0.852900 0.122383 1.097148
0.853000 0.122383 1.097148
0.853100 0.122461 1.097148
0.853200 0.122461 1.097227
0.853300 0.122539 1.097227
0.853400 0.122539 1.097227
0.853500 0.122539 1.097227
0.853600 0.122617 1.097305
0.853700 0.122617 1.097305
0.853800 0.122695 1.097305
0.853900 0.122695 1.097383
0.854000 0.122773 1.097383
0.854100 0.122773 1.097383
0.854200 0.122852 1.097383
0.854300 0.122852 1.097461
0.854400 0.122930 1.097461
0.854500 0.122930 1.097461
0.854600 0.123008 1.097539
0.854700 0.123008 1.097539
0.854800 0.123086 1.097539
0.854900 0.123086 1.097617
0.855000 0.123086 1.097617
0.855100 0.123164 1.097617
0.855200 0.123164 1.097617
0.855300 0.123242 1.097695
0.855400 0.123242 1.097695
0.855500 0.123320 1.097695
0.855600 0.123320 1.097773
0.855700 0.123398 1.097773
0.855800 0.123398 1.097773
0.855900 0.123477 1.097773
0.856000 0.123477 1.097852
0.856100 0.123555 1.097852
0.856200 0.123555 1.097852
0.856300 0.123633 1.097930
0.856400 0.123633 1.097930
0.856500 0.123633 1.097930
0.856600 0.123711 1.098008
0.856700 0.123711 1.098008
0.856800 0.123789 1.098008
0.856900 0.123789 1.098008
0.857000 0.123867 1.098086
0.857100 0.123867 1.098086
0.857200 0.123945 1.098086
0.857300 0.123945 1.098164
0.857400 0.124023 1.098164
0.857500 0.124023 1.098164
0.857600 0.124102 1.098164
0.857700 0.124102 1.098242
0.857800 0.124102 1.098242
0.857900 0.124180 1.098242
0.858000 0.124180 1.098320
0.858100 0.124258 1.098320
0.858200 0.124258 1.098320
0.858300 0.124336 1.098398
0.858400 0.124336 1.098398
0.858500 0.124414 1.098398
0.858600 0.124414 1.098398
0.858700 0.124492 1.098477
0.858800 0.124492 1.098477
0.858900 0.124570 1.098477
0.859000 0.124570 1.098555
0.859100 0.124570 1.098555
0.859200 0.124648 1.098555
0.859300 0.124648 1.098633
0.859400 0.124727 1.098633
0.859500 0.124727 1.098633
0.859600 0.124805 1.098633
0.859700 0.124805 1.098711
0.859800 0.124883 1.098711
0.859900 0.124883 1.098711
0.860000 0.124961 1.098789
0.860100 0.124961 1.098789
0.860200 0.125039 1.098789
0.860300 0.125039 1.098789
0.860400 0.125039 1.098867
0.860500 0.125117 1.098867
0.860600 0.125117 1.098867
0.860700 0.125195 1.098945
0.860800 0.125195 1.098945
0.860900 0.125273 1.098945
0.861000 0.125273 1.099023
0.861100 0.125352 1.099023
0.861200 0.125352 1.099023
0.861300 0.125430 1.099023
0.861400 0.125430 1.099102
0.861500 0.125430 1.099102
0.861600 0.125508 1.099102
0.861700 0.125508 1.099180
0.861800 0.125586 1.099180
0.861900 0.125586 1.099180
0.862000 0.125664 1.099258
0.862100 0.125664 1.099258
0.862200 0.125742 1.099258
0.862300 0.125742 1.099258
0.862400 0.125820 1.099336
0.862500 0.125820 1.099336
0.862600 0.125898 1.099336
0.862700 0.125898 1.099414
0.862800 0.125898 1.099414
0.862900 0.125977 1.099414
0.863000 0.125977 1.099492
0.863100 0.126055 1.099492
0.863200 0.126055 1.099492
0.863300 0.126133 1.099492
0.863400 0.126133 1.099570
0.863500 0.126211 1.099570
0.863600 0.126211 1.099570
0.863700 0.126289 1.099648
0.863800 0.126289 1.099648
0.863900 0.126289 1.099648
0.864000 0.126367 1.099648
0.864100 0.126367 1.099727
0.864200 0.126445 1.099727
0.864300 0.126445 1.099727
0.864400 0.126523 1.099805
0.864500 0.126523 1.099805
0.864600 0.126602 1.099805
0.864700 0.126602 1.099883
0.864800 0.126680 1.099883
0.864900 0.126680 1.099883
0.865000 0.126680 1.099883
0.865100 0.126758 1.099961
0.865200 0.126758 1.099961
0.865300 0.126836 1.099961
0.865400 0.126836 1.100039
0.865500 0.126914 1.100039
0.865600 0.126914 1.100039
0.865700 0.126992 1.100117
0.865800 0.126992 1.100117
0.865900 0.126992 1.100117
0.866000 0.127070 1.100117
0.866100 0.127070 1.100195
0.866200 0.127148 1.100195
0.866300 0.127148 1.100195
0.866400 0.127227 1.100273
0.866500 0.127227 1.100273
0.866600 0.127305 1.100273
0.866700 0.127305 1.100352
0.866800 0.127383 1.100352
0.866900 0.127383 1.100352
0.867000 0.127383 1.100352
0.867100 0.127461 1.100430
0.867200 0.127461 1.100430
0.867300 0.127539 1.100430
0.867400 0.127539 1.100508
0.867500 0.127617 1.100508
0.867600 0.127617 1.100508
0.867700 0.127695 1.100586
0.867800 0.127695 1.100586
0.867900 0.127773 1.100586
0.868000 0.127773 1.100586
0.868100 0.127773 1.100664
0.868200 0.127852 1.100664
0.868300 0.127852 1.100664
0.868400 0.127930 1.100742
0.868500 0.127930 1.100742
0.868600 0.128008 1.100742
0.868700 0.128008 1.100742
0.868800 0.128086 1.100820
0.868900 0.128086 1.100820
0.869000 0.128086 1.100820
0.869100 0.128164 1.100898
0.869200 0.128164 1.100898
0.869300 0.128242 1.100898
0.869400 0.128242 1.100977
0.869500 0.128320 1.100977
0.869600 0.128320 1.100977
0.869700 0.128398 1.100977
0.869800 0.128398 1.101055
0.869900 0.128398 1.101055
0.870000 0.128477 1.101055
0.870100 0.128477 1.101133
0.870200 0.128555 1.101133
0.870300 0.128555 1.101133
0.870400 0.128633 1.101211
0.870500 0.128633 1.101211
0.870600 0.128711 1.101211
0.870700 0.128711 1.101211
0.870800 0.128789 1.101289
0.870900 0.128789 1.101289
0.871000 0.128789 1.101289
0.871100 0.128867 1.101367
0.871200 0.128867 1.101367
0.871300 0.128945 1.101367
0.871400 0.128945 1.101445
0.871500 0.129023 1.101445
0.871600 0.129023 1.101445
0.871700 0.129102 1.101445
0.871800 0.129102 1.101523
0.871900 0.129102 1.101523
0.872000 0.129180 1.101523
0.872100 0.129180 1.101602
0.872200 0.129258 1.101602
0.872300 0.129258 1.101602
0.872400 0.129336 1.101680
0.872500 0.129336 1.101680
0.872600 0.129414 1.101680
0.872700 0.129414 1.101680
0.872800 0.129414 1.101758
0.872900 0.129492 1.101758
0.873000 0.129492 1.101758
0.873100 0.129570 1.101836
0.873200 0.129570 1.101836
0.873300 0.129648 1.101836
0.873400 0.129648 1.101914
0.873500 0.129727 1.101914
0.873600 0.129727 1.101914
0.873700 0.129727 1.101914
0.873800 0.129805 1.101992
0.873900 0.129805 1.101992
0.874000 0.129883 1.101992
0.874100 0.129883 1.102070
0.874200 0.129961 1.102070
0.874300 0.129961 1.102070
0.874400 0.129961 1.102148
0.874500 0.130039 1.102148
0.874600 0.130039 1.102148
0.874700 0.130117 1.102148
0.874800 0.130117 1.102227
0.874900 0.130195 1.102227
0.875000 0.130195 1.102227
0.875100 0.130273 1.102305
0.875200 0.130273 1.102305
0.875300 0.130273 1.102305
0.875400 0.130352 1.102383
0.875500 0.130352 1.102383
0.875600 0.130430 1.102383
0.875700 0.130430 1.102461
0.875800 0.130508 1.102461
0.875900 0.130508 1.102461
0.876000 0.130586 1.102461
0.876100 0.130586 1.102539
0.876200 0.130586 1.102539
0.876300 0.130664 1.102539
0.876400 0.130664 1.102617
0.876500 0.130742 1.102617
0.876600 0.130742 1.102617
0.876700 0.130820 1.102695
0.876800 0.130820 1.102695
0.876900 0.130820 1.102695
0.877000 0.130898 1.102695
0.877100 0.130898 1.102773
0.877200 0.130977 1.102773
0.877300 0.130977 1.102773
0.877400 0.131055 1.102852
0.877500 0.131055 1.102852
0.877600 0.131133 1.102852
0.877700 0.131133 1.102930
0.877800 0.131133 1.102930
0.877900 0.131211 1.102930
0.878000 0.131211 1.102930
0.878100 0.131289 1.103008
0.878200 0.131289 1.103008
0.878300 0.131367 1.103008
0.878400 0.131367 1.103086
0.878500 0.131445 1.103086
0.878600 0.131445 1.103086
0.878700 0.131445 1.103164
0.878800 0.131523 1.103164
0.878900 0.131523 1.103164
0.879000 0.131602 1.103164
0.879100 0.131602 1.103242
0.879200 0.131680 1.103242
0.879300 0.131680 1.103242
0.879400 0.131680 1.103320
0.879500 0.131758 1.103320
0.879600 0.131758 1.103320
0.879700 0.131836 1.103398
0.879800 0.131836 1.103398
0.879900 0.131914 1.103398
0.880000 0.131914 1.103398
0.880100 0.131914 1.103477
0.880200 0.131992 1.103477
0.880300 0.131992 1.103477
0.880400 0.132070 1.103555
0.880500 0.132070 1.103555
0.880600 0.132148 1.103555
0.880700 0.132148 1.103633
0.880800 0.132227 1.103633
0.880900 0.132227 1.103633
0.881000 0.132227 1.103711
0.881100 0.132305 1.103711
0.881200 0.132305 1.103711
0.881300 0.132383 1.103711
0.881400 0.132383 1.103789
0.881500 0.132461 1.103789
0.881600 0.132461 1.103789
0.881700 0.132461 1.103867
0.881800 0.132539 1.103867
0.881900 0.132539 1.103867
0.882000 0.132617 1.103945
0.882100 0.132617 1.103945
0.882200 0.132695 1.103945
0.882300 0.132695 1.103945
0.882400 0.132695 1.104023
0.882500 0.132773 1.104023
0.882600 0.132773 1.104023
0.882700 0.132852 1.104102
0.882800 0.132852 1.104102
0.882900 0.132930 1.104102
0.883000 0.132930 1.104180
0.883100 0.133008 1.104180
0.883200 0.133008 1.104180
0.883300 0.133008 1.104180
0.883400 0.133086 1.104258
0.883500 0.133086 1.104258
0.883600 0.133164 1.104258
0.883700 0.133164 1.104336
0.883800 0.133242 1.104336
0.883900 0.133242 1.104336
0.884000 0.133242 1.104414
0.884100 0.133320 1.104414
0.884200 0.133320 1.104414
0.884300 0.133398 1.104492
0.884400 0.133398 1.104492
0.884500 0.133477 1.104492
0.884600 0.133477 1.104492
0.884700 0.133477 1.104570
0.884800 0.133555 1.104570
0.884900 0.133555 1.104570
0.885000 0.133633 1.104648
0.885100 0.133633 1.104648
0.885200 0.133711 1.104648
0.885300 0.133711 1.104727
0.885400 0.133711 1.104727
0.885500 0.133789 1.104727
0.885600 0.133789 1.104727
0.885700 0.133867 1.104805
0.885800 0.133867 1.104805
0.885900 0.133945 1.104805
0.886000 0.133945 1.104883
0.886100 0.133945 1.104883
0.886200 0.134023 1.104883
0.886300 0.134023 1.104961
0.886400 0.134102 1.104961
0.886500 0.134102 1.104961
0.886600 0.134180 1.105039
0.886700 0.134180 1.105039
0.886800 0.134180 1.105039
0.886900 0.134258 1.105039
0.887000 0.134258 1.105117
0.887100 0.134336 1.105117
0.887200 0.134336 1.105117
0.887300 0.134414 1.105195
0.887400 0.134414 1.105195
0.887500 0.134414 1.105195
0.887600 0.134492 1.105273
0.887700 0.134492 1.105273
0.887800 0.134570 1.105273
0.887900 0.134570 1.105273
0.888000 0.134648 1.105352
0.888100 0.134648 1.105352
0.888200 0.134648 1.105352
0.888300 0.134727 1.105430
0.888400 0.134727 1.105430
0.888500 0.134805 1.105430
0.888600 0.134805 1.105508
0.888700 0.134883 1.105508
0.888800 0.134883 1.105508
0.888900 0.134883 1.105586
0.889000 0.134961 1.105586
0.889100 0.134961 1.105586
0.889200 0.135039 1.105586
0.889300 0.135039 1.105664
0.889400 0.135117 1.105664
0.889500 0.135117 1.105664
0.889600 0.135117 1.105742
0.889700 0.135195 1.105742
0.889800 0.135195 1.105742
0.889900 0.135273 1.105820
0.890000 0.135273 1.105820
0.890100 0.135352 1.105820
0.890200 0.135352 1.105898
0.890300 0.135352 1.105898
0.890400 0.135430 1.105898
0.890500 0.135430 1.105898
0.890600 0.135508 1.105977
0.890700 0.135508 1.105977
0.890800 0.135508 1.105977
0.890900 0.135586 1.106055
0.891000 0.135586 1.106055
0.891100 0.135664 1.106055
0.891200 0.135664 1.106133
0.891300 0.135742 1.106133
0.891400 0.135742 1.106133
0.891500 0.135742 1.106133
0.891600 0.135820 1.106211
0.891700 0.135820 1.106211
0.891800 0.135898 1.106211
0.891900 0.135898 1.106289
0.892000 0.135977 1.106289
0.892100 0.135977 1.106289
0.892200 0.135977 1.106367
0.892300 0.136055 1.106367
0.892400 0.136055 1.106367
0.892500 0.136133 1.106445
0.892600 0.136133 1.106445
0.892700 0.136211 1.106445
0.892800 0.136211 1.106445
0.892900 0.136211 1.106523
0.893000 0.136289 1.106523
0.893100 0.136289 1.106523
0.893200 0.136367 1.106602
0.893300 0.136367 1.106602
0.893400 0.136367 1.106602
0.893500 0.136445 1.106680
0.893600 0.136445 1.106680
0.893700 0.136523 1.106680
0.893800 0.136523 1.106758
0.893900 0.136602 1.106758
0.894000 0.136602 1.106758
0.894100 0.136602 1.106758
0.894200 0.136680 1.106836
0.894300 0.136680 1.106836
0.894400 0.136758 1.106836
0.894500 0.136758 1.106914
0.894600 0.136836 1.106914
0.894700 0.136836 1.106914
0.894800 0.136836 1.106992
0.894900 0.136914 1.106992
0.895000 0.136914 1.106992
0.895100 0.136992 1.107070
0.895200 0.136992 1.107070
0.895300 0.136992 1.107070
0.895400 0.137070 1.107070
0.895500 0.137070 1.107148
0.895600 0.137148 1.107148
0.895700 0.137148 1.107148
0.895800 0.137227 1.107227
0.895900 0.137227 1.107227
0.896000 0.137227 1.107227
0.896100 0.137305 1.107305
0.896200 0.137305 1.107305
0.896300 0.137383 1.107305
0.896400 0.137383 1.107383
0.896500 0.137461 1.107383
0.896600 0.137461 1.107383
0.896700 0.137461 1.107383
0.896800 0.137539 1.107461
0.896900 0.137539 1.107461
0.897000 0.137617 1.107461
0.897100 0.137617 1.107539
0.897200 0.137617 1.107539
0.897300 0.137695 1.107539
0.897400 0.137695 1.107617
0.897500 0.137773 1.107617
0.897600 0.137773 1.107617
0.897700 0.137852 1.107695
0.897800 0.137852 1.107695
0.897900 0.137852 1.107695
0.898000 0.137930 1.107695
0.898100 0.137930 1.107773
0.898200 0.138008 1.107773
0.898300 0.138008 1.107773
0.898400 0.138008 1.107852
0.898500 0.138086 1.107852
0.898600 0.138086 1.107852
0.898700 0.138164 1.107930
0.898800 0.138164 1.107930
0.898900 0.138242 1.107930
0.899000 0.138242 1.108008
0.899100 0.138242 1.108008
0.899200 0.138320 1.108008
0.899300 0.138320 1.108008
0.899400 0.138398 1.108086
0.899500 0.138398 1.108086
0.899600 0.138398 1.108086
0.899700 0.138477 1.108164
0.899800 0.138477 1.108164
0.899900 0.138555 1.108164
0.900000 0.138555 1.108242
0.900100 0.138633 1.108242
0.900200 0.138633 1.108242
0.900300 0.138633 1.108320
0.900400 0.138711 1.108320
0.900500 0.138711 1.108320
0.900600 0.138789 1.108320
0.900700 0.138789 1.108398
0.900800 0.138789 1.108398
0.900900 0.138867 1.108398
0.901000 0.138867 1.108477
0.901100 0.138945 1.108477
0.901200 0.138945 1.108477
0.901300 0.139023 1.108555
0.901400 0.139023 1.108555
0.901500 0.139023 1.108555
0.901600 0.139102 1.108633
0.901700 0.139102 1.108633
0.901800 0.139180 1.108633
0.901900 0.139180 1.108711
0.902000 0.139180 1.108711
0.902100 0.139258 1.108711
0.902200 0.139258 1.108711
0.902300 0.139336 1.108789
0.902400 0.139336 1.108789
0.902500 0.139336 1.108789
0.902600 0.139414 1.108867
0.902700 0.139414 1.108867
0.902800 0.139492 1.108867
0.902900 0.139492 1.108945
0.903000 0.139570 1.108945
0.903100 0.139570 1.108945
0.903200 0.139570 1.109023
0.903300 0.139648 1.109023
0.903400 0.139648 1.109023
0.903500 0.139727 1.109023
0.903600 0.139727 1.109102
0.903700 0.139727 1.109102
0.903800 0.139805 1.109102
0.903900 0.139805 1.109180
0.904000 0.139883 1.109180
0.904100 0.139883 1.109180
0.904200 0.139883 1.109258
0.904300 0.139961 1.109258
0.904400 0.139961 1.109258
0.904500 0.140039 1.109336
0.904600 0.140039 1.109336
0.904700 0.140117 1.109336
0.904800 0.140117 1.109336
0.904900 0.140117 1.109414
0.905000 0.140195 1.109414
0.905100 0.140195 1.109414
0.905200 0.140273 1.109492
0.905300 0.140273 1.109492
0.905400 0.140273 1.109492
0.905500 0.140352 1.109570
0.905600 0.140352 1.109570
0.905700 0.140430 1.109570
0.905800 0.140430 1.109648
0.905900 0.140430 1.109648
0.906000 0.140508 1.109648
0.906100 0.140508 1.109727
0.906200 0.140586 1.109727
0.906300 0.140586 1.109727
0.906400 0.140664 1.109727
0.906500 0.140664 1.109805
0.906600 0.140664 1.109805
0.906700 0.140742 1.109805
0.906800 0.140742 1.109883
0.906900 0.140820 1.109883
0.907000 0.140820 1.109883
0.907100 0.140820 1.109961
0.907200 0.140898 1.109961
0.907300 0.140898 1.109961
0.907400 0.140977 1.110039
0.907500 0.140977 1.110039
0.907600 0.140977 1.110039
0.907700 0.141055 1.110117
0.907800 0.141055 1.110117
0.907900 0.141133 1.110117
0.908000 0.141133 1.110117
0.908100 0.141133 1.110195
0.908200 0.141211 1.110195
0.908300 0.141211 1.110195
0.908400 0.141289 1.110273
0.908500 0.141289 1.110273
0.908600 0.141367 1.110273
0.908700 0.141367 1.110352
0.908800 0.141367 1.110352
0.908900 0.141445 1.110352
0.909000 0.141445 1.110430
0.909100 0.141523 1.110430
0.909200 0.141523 1.110430
0.909300 0.141523 1.110430
0.909400 0.141602 1.110508
0.909500 0.141602 1.110508
0.909600 0.141680 1.110508
0.909700 0.141680 1.110586
0.909800 0.141680 1.110586
0.909900 0.141758 1.110586
0.910000 0.141758 1.110664
0.910100 0.141836 1.110664
0.910200 0.141836 1.110664
0.910300 0.141836 1.110742
0.910400 0.141914 1.110742
0.910500 0.141914 1.110742
0.910600 0.141992 1.110820
0.910700 0.141992 1.110820
0.910800 0.141992 1.110820
0.910900 0.142070 1.110820
0.911000 0.142070 1.110898
0.911100 0.142148 1.110898
0.911200 0.142148 1.110898
0.911300 0.142227 1.110977
0.911400 0.142227 1.110977
0.911500 0.142227 1.110977
0.911600 0.142305 1.111055
0.911700 0.142305 1.111055
0.911800 0.142383 1.111055
0.911900 0.142383 1.111133
0.912000 0.142383 1.111133
0.912100 0.142461 1.111133
0.912200 0.142461 1.111211
0.912300 0.142539 1.111211
0.912400 0.142539 1.111211
0.912500 0.142539 1.111211
0.912600 0.142617 1.111289
0.912700 0.142617 1.111289
0.912800 0.142695 1.111289
0.912900 0.142695 1.111367
0.913000 0.142695 1.111367
0.913100 0.142773 1.111367
0.913200 0.142773 1.111445
0.913300 0.142852 1.111445
0.913400 0.142852 1.111445
0.913500 0.142852 1.111523
0.913600 0.142930 1.111523
0.913700 0.142930 1.111523
0.913800 0.143008 1.111602
0.913900 0.143008 1.111602
0.914000 0.143008 1.111602
0.914100 0.143086 1.111602
0.914200 0.143086 1.111680
0.914300 0.143164 1.111680
0.914400 0.143164 1.111680
0.914500 0.143164 1.111758
0.914600 0.143242 1.111758
0.914700 0.143242 1.111758
0.914800 0.143320 1.111836
0.914900 0.143320 1.111836
0.915000 0.143320 1.111836
0.915100 0.143398 1.111914
0.915200 0.143398 1.111914
0.915300 0.143477 1.111914
0.915400 0.143477 1.111992
0.915500 0.143477 1.111992
0.915600 0.143555 1.111992
0.915700 0.143555 1.111992
0.915800 0.143633 1.112070
0.915900 0.143633 1.112070
0.916000 0.143633 1.112070
0.916100 0.143711 1.112148
0.916200 0.143711 1.112148
0.916300 0.143789 1.112148
0.916400 0.143789 1.112227
0.916500 0.143789 1.112227
0.916600 0.143867 1.112227
0.916700 0.143867 1.112305
0.916800 0.143945 1.112305
0.916900 0.143945 1.112305
0.917000 0.143945 1.112383
0.917100 0.144023 1.112383
0.917200 0.144023 1.112383
0.917300 0.144102 1.112461
0.917400 0.144102 1.112461
0.917500 0.144102 1.112461
0.917600 0.144180 1.112461
0.917700 0.144180 1.112539
0.917800 0.144258 1.112539
0.917900 0.144258 1.112539
0.918000 0.144258 1.112617
0.918100 0.144336 1.112617
0.918200 0.144336 1.112617
0.918300 0.144414 1.112695
0.918400 0.144414 1.112695
0.918500 0.144414 1.112695
0.918600 0.144492 1.112773
0.918700 0.144492 1.112773
0.918800 0.144570 1.112773
0.918900 0.144570 1.112852
0.919000 0.144570 1.112852
0.919100 0.144648 1.112852
0.919200 0.144648 1.112852
0.919300 0.144727 1.112930
0.919400 0.144727 1.112930
0.919500 0.144727 1.112930
0.919600 0.144805 1.113008
0.919700 0.144805 1.113008
0.919800 0.144883 1.113008
0.919900 0.144883 1.113086
0.920000 0.144883 1.113086
0.920100 0.144961 1.113086
0.920200 0.144961 1.113164
0.920300 0.145039 1.113164
0.920400 0.145039 1.113164
0.920500 0.145039 1.113242
0.920600 0.145117 1.113242
0.920700 0.145117 1.113242
0.920800 0.145195 1.113320
0.920900 0.145195 1.113320
0.921000 0.145195 1.113320
0.921100 0.145273 1.113320
0.921200 0.145273 1.113398
0.921300 0.145352 1.113398
0.921400 0.145352 1.113398
0.921500 0.145352 1.113477
0.921600 0.145430 1.113477
0.921700 0.145430 1.113477
0.921800 0.145508 1.113555
0.921900 0.145508 1.113555
0.922000 0.145508 1.113555
0.922100 0.145586 1.113633
0.922200 0.145586 1.113633
0.922300 0.145664 1.113633
0.922400 0.145664 1.113711
0.922500 0.145664 1.113711
0.922600 0.145742 1.113711
0.922700 0.145742 1.113789
0.922800 0.145820 1.113789
0.922900 0.145820 1.113789
0.923000 0.145820 1.113789
0.923100 0.145898 1.113867
0.923200 0.145898 1.113867
0.923300 0.145977 1.113867
0.923400 0.145977 1.113945
0.923500 0.145977 1.113945
0.923600 0.146055 1.113945
0.923700 0.146055 1.114023
0.923800 0.146133 1.114023
0.923900 0.146133 1.114023
0.924000 0.146133 1.114102
0.924100 0.146211 1.114102
0.924200 0.146211 1.114102
0.924300 0.146211 1.114180
0.924400 0.146289 1.114180
0.924500 0.146289 1.114180
0.924600 0.146367 1.114258
0.924700 0.146367 1.114258
0.924800 0.146367 1.114258
0.924900 0.146445 1.114258
0.925000 0.146445 1.114336
0.925100 0.146523 1.114336
0.925200 0.146523 1.114336
0.925300 0.146523 1.114414
0.925400 0.146602 1.114414
0.925500 0.146602 1.114414
0.925600 0.146680 1.114492
0.925700 0.146680 1.114492
0.925800 0.146680 1.114492
0.925900 0.146758 1.114570
0.926000 0.146758 1.114570
0.926100 0.146836 1.114570
0.926200 0.146836 1.114648
0.926300 0.146836 1.114648
0.926400 0.146914 1.114648
0.926500 0.146914 1.114727
0.926600 0.146992 1.114727
0.926700 0.146992 1.114727
0.926800 0.146992 1.114805
0.926900 0.147070 1.114805
0.927000 0.147070 1.114805
0.927100 0.147148 1.114805
0.927200 0.147148 1.114883
0.927300 0.147148 1.114883
0.927400 0.147227 1.114883
0.927500 0.147227 1.114961
0.927600 0.147227 1.114961
0.927700 0.147305 1.114961
0.927800 0.147305 1.115039
0.927900 0.147383 1.115039
0.928000 0.147383 1.115039
0.928100 0.147383 1.115117
0.928200 0.147461 1.115117
0.928300 0.147461 1.115117
0.928400 0.147539 1.115195
0.928500 0.147539 1.115195
0.928600 0.147539 1.115195
0.928700 0.147617 1.115273
0.928800 0.147617 1.115273
0.928900 0.147695 1.115273
0.929000 0.147695 1.115273
0.929100 0.147695 1.115352
0.929200 0.147773 1.115352
0.929300 0.147773 1.115352
0.929400 0.147852 1.115430
0.929500 0.147852 1.115430
0.929600 0.147852 1.115430
0.929700 0.147930 1.115508
0.929800 0.147930 1.115508
0.929900 0.147930 1.115508
0.930000 0.148008 1.115586
0.930100 0.148008 1.115586
0.930200 0.148086 1.115586
0.930300 0.148086 1.115664
0.930400 0.148086 1.115664
0.930500 0.148164 1.115664
0.930600 0.148164 1.115742
0.930700 0.148242 1.115742
0.930800 0.148242 1.115742
0.930900 0.148242 1.115820
0.931000 0.148320 1.115820
0.931100 0.148320 1.115820
0.931200 0.148398 1.115820
0.931300 0.148398 1.115898
0.931400 0.148398 1.115898
0.931500 0.148477 1.115898
0.931600 0.148477 1.115977
0.931700 0.148477 1.115977
0.931800 0.148555 1.115977
0.931900 0.148555 1.116055
0.932000 0.148633 1.116055
0.932100 0.148633 1.116055
0.932200 0.148633 1.116133
0.932300 0.148711 1.116133
0.932400 0.148711 1.116133
0.932500 0.148789 1.116211
0.932600 0.148789 1.116211
0.932700 0.148789 1.116211
0.932800 0.148867 1.116289
0.932900 0.148867 1.116289
0.933000 0.148945 1.116289
0.933100 0.148945 1.116367
0.933200 0.148945 1.116367
0.933300 0.149023 1.116367
0.933400 0.149023 1.116367
0.933500 0.149023 1.116445
0.933600 0.149102 1.116445
0.933700 0.149102 1.116445
0.933800 0.149180 1.116523
0.933900 0.149180 1.116523
0.934000 0.149180 1.116523
0.934100 0.149258 1.116602
0.934200 0.149258 1.116602
0.934300 0.149336 1.116602
0.934400 0.149336 1.116680
0.934500 0.149336 1.116680
0.934600 0.149414 1.116680
0.934700 0.149414 1.116758
0.934800 0.149414 1.116758
0.934900 0.149492 1.116758
0.935000 0.149492 1.116836
0.935100 0.149570 1.116836
0.935200 0.149570 1.116836
0.935300 0.149570 1.116914
0.935400 0.149648 1.116914
0.935500 0.149648 1.116914
0.935600 0.149727 1.116992
0.935700 0.149727 1.116992
0.935800 0.149727 1.116992
0.935900 0.149805 1.116992
0.936000 0.149805 1.117070
0.936100 0.149883 1.117070
0.936200 0.149883 1.117070
0.936300 0.149883 1.117148
0.936400 0.149961 1.117148
0.936500 0.149961 1.117148
0.936600 0.149961 1.117227
0.936700 0.150039 1.117227
0.936800 0.150039 1.117227
0.936900 0.150117 1.117305
0.937000 0.150117 1.117305
0.937100 0.150117 1.117305
0.937200 0.150195 1.117383
0.937300 0.150195 1.117383
0.937400 0.150273 1.117383
0.937500 0.150273 1.117461
0.937600 0.150273 1.117461
0.937700 0.150352 1.117461
0.937800 0.150352 1.117539
0.937900 0.150352 1.117539
0.938000 0.150430 1.117539
0.938100 0.150430 1.117617
0.938200 0.150508 1.117617
0.938300 0.150508 1.117617
0.938400 0.150508 1.117617
0.938500 0.150586 1.117695
0.938600 0.150586 1.117695
0.938700 0.150664 1.117695
0.938800 0.150664 1.117773
0.938900 0.150664 1.117773
0.939000 0.150742 1.117773
0.939100 0.150742 1.117852
0.939200 0.150742 1.117852
0.939300 0.150820 1.117852
0.939400 0.150820 1.117930
0.939500 0.150898 1.117930
0.939600 0.150898 1.117930
0.939700 0.150898 1.118008
0.939800 0.150977 1.118008
0.939900 0.150977 1.118008
0.940000 0.150977 1.118086
0.940100 0.151055 1.118086
0.940200 0.151055 1.118086
0.940300 0.151133 1.118164
0.940400 0.151133 1.118164
0.940500 0.151133 1.118164
0.940600 0.151211 1.118242
0.940700 0.151211 1.118242
0.940800 0.151289 1.118242
0.940900 0.151289 1.118242
0.941000 0.151289 1.118320
0.941100 0.151367 1.118320
0.941200 0.151367 1.118320
0.941300 0.151367 1.118398
0.941400 0.151445 1.118398
0.941500 0.151445 1.118398
0.941600 0.151523 1.118477
0.941700 0.151523 1.118477
0.941800 0.151523 1.118477
0.941900 0.151602 1.118555
0.942000 0.151602 1.118555
0.942100 0.151680 1.118555
0.942200 0.151680 1.118633
0.942300 0.151680 1.118633
0.942400 0.151758 1.118633
0.942500 0.151758 1.118711
0.942600 0.151758 1.118711
0.942700 0.151836 1.118711
0.942800 0.151836 1.118789
0.942900 0.151914 1.118789
0.943000 0.151914 1.118789
0.943100 0.151914 1.118867
0.943200 0.151992 1.118867
0.943300 0.151992 1.118867
0.943400 0.151992 1.118945
0.943500 0.152070 1.118945
0.943600 0.152070 1.118945
0.943700 0.152148 1.119023
0.943800 0.152148 1.119023
0.943900 0.152148 1.119023
0.944000 0.152227 1.119023
0.944100 0.152227 1.119102
0.944200 0.152227 1.119102
0.944300 0.152305 1.119102
0.944400 0.152305 1.119180
0.944500 0.152383 1.119180
0.944600 0.152383 1.119180
0.944700 0.152383 1.119258
0.944800 0.152461 1.119258
0.944900 0.152461 1.119258
0.945000 0.152539 1.119336
0.945100 0.152539 1.119336
0.945200 0.152539 1.119336
0.945300 0.152617 1.119414
0.945400 0.152617 1.119414
0.945500 0.152617 1.119414
0.945600 0.152695 1.119492
0.945700 0.152695 1.119492
0.945800 0.152773 1.119492
0.945900 0.152773 1.119570
0.946000 0.152773 1.119570
0.946100 0.152852 1.119570
0.946200 0.152852 1.119648
0.946300 0.152852 1.119648
0.946400 0.152930 1.119648
0.946500 0.152930 1.119727
0.946600 0.153008 1.119727
0.946700 0.153008 1.119727
0.946800 0.153008 1.119805
0.946900 0.153086 1.119805
0.947000 0.153086 1.119805
0.947100 0.153086 1.119805
0.947200 0.153164 1.119883
0.947300 0.153164 1.119883
0.947400 0.153242 1.119883
0.947500 0.153242 1.119961
0.947600 0.153242 1.119961
0.947700 0.153320 1.119961
0.947800 0.153320 1.120039
0.947900 0.153320 1.120039
0.948000 0.153398 1.120039
0.948100 0.153398 1.120117
0.948200 0.153477 1.120117
0.948300 0.153477 1.120117
0.948400 0.153477 1.120195
0.948500 0.153555 1.120195
0.948600 0.153555 1.120195
0.948700 0.153633 1.120273
0.948800 0.153633 1.120273
0.948900 0.153633 1.120273
0.949000 0.153711 1.120352
0.949100 0.153711 1.120352
0.949200 0.153711 1.120352
0.949300 0.153789 1.120430
0.949400 0.153789 1.120430
0.949500 0.153867 1.120430
0.949600 0.153867 1.120508
0.949700 0.153867 1.120508
0.949800 0.153945 1.120508
0.949900 0.153945 1.120586
0.950000 0.153945 1.120586
0.950100 0.154023 1.120586
0.950200 0.154023 1.120664
0.950300 0.154102 1.120664
0.950400 0.154102 1.120664
0.950500 0.154102 1.120664
0.950600 0.154180 1.120742
0.950700 0.154180 1.120742
0.950800 0.154180 1.120742
0.950900 0.154258 1.120820
0.951000 0.154258 1.120820
0.951100 0.154336 1.120820
0.951200 0.154336 1.120898
0.951300 0.154336 1.120898
0.951400 0.154414 1.120898
0.951500 0.154414 1.120977
0.951600 0.154414 1.120977
0.951700 0.154492 1.120977
0.951800 0.154492 1.121055
0.951900 0.154570 1.121055
0.952000 0.154570 1.121055
0.952100 0.154570 1.121133
0.952200 0.154648 1.121133
0.952300 0.154648 1.121133
0.952400 0.154648 1.121211
0.952500 0.154727 1.121211
0.952600 0.154727 1.121211
0.952700 0.154805 1.121289
0.952800 0.154805 1.121289
0.952900 0.154805 1.121289
0.953000 0.154883 1.121367
0.953100 0.154883 1.121367
0.953200 0.154883 1.121367
0.953300 0.154961 1.121445
0.953400 0.154961 1.121445
0.953500 0.155039 1.121445
0.953600 0.155039 1.121523
0.953700 0.155039 1.121523
0.953800 0.155117 1.121523
0.953900 0.155117 1.121602
0.954000 0.155117 1.121602
0.954100 0.155195 1.121602
0.954200 0.155195 1.121602
0.954300 0.155195 1.121680
0.954400 0.155273 1.121680
0.954500 0.155273 1.121680
0.954600 0.155352 1.121758
0.954700 0.155352 1.121758
0.954800 0.155352 1.121758
0.954900 0.155430 1.121836
0.955000 0.155430 1.121836
0.955100 0.155430 1.121836
0.955200 0.155508 1.121914
0.955300 0.155508 1.121914
0.955400 0.155586 1.121914
0.955500 0.155586 1.121992
0.955600 0.155586 1.121992
0.955700 0.155664 1.121992
0.955800 0.155664 1.122070
0.955900 0.155664 1.122070
0.956000 0.155742 1.122070
0.956100 0.155742 1.122148
0.956200 0.155820 1.122148
0.956300 0.155820 1.122148
0.956400 0.155820 1.122227
0.956500 0.155898 1.122227
0.956600 0.155898 1.122227
0.956700 0.155898 1.122305
0.956800 0.155977 1.122305
0.956900 0.155977 1.122305
0.957000 0.156055 1.122383
0.957100 0.156055 1.122383
0.957200 0.156055 1.122383
0.957300 0.156133 1.122461
0.957400 0.156133 1.122461
0.957500 0.156133 1.122461
0.957600 0.156211 1.122539
0.957700 0.156211 1.122539
0.957800 0.156211 1.122539
0.957900 0.156289 1.122617
0.958000 0.156289 1.122617
0.958100 0.156367 1.122617
0.958200 0.156367 1.122695
0.958300 0.156367 1.122695
0.958400 0.156445 1.122695
0.958500 0.156445 1.122695
0.958600 0.156445 1.122773
0.958700 0.156523 1.122773
0.958800 0.156523 1.122773
0.958900 0.156602 1.122852
0.959000 0.156602 1.122852
0.959100 0.156602 1.122852
0.959200 0.156680 1.122930
0.959300 0.156680 1.122930
0.959400 0.156680 1.122930
0.959500 0.156758 1.123008
0.959600 0.156758 1.123008
0.959700 0.156836 1.123008
0.959800 0.156836 1.123086
0.959900 0.156836 1.123086
0.960000 0.156914 1.123086
0.960100 0.156914 1.123164
0.960200 0.156914 1.123164
0.960300 0.156992 1.123164
0.960400 0.156992 1.123242
0.960500 0.156992 1.123242
0.960600 0.157070 1.123242
0.960700 0.157070 1.123320
0.960800 0.157148 1.123320
0.960900 0.157148 1.123320
0.961000 0.157148 1.123398
0.961100 0.157227 1.123398
0.961200 0.157227 1.123398
0.961300 0.157227 1.123477
0.961400 0.157305 1.123477
0.961500 0.157305 1.123477
0.961600 0.157383 1.123555
0.961700 0.157383 1.123555
0.961800 0.157383 1.123555
0.961900 0.157461 1.123633
0.962000 0.157461 1.123633
0.962100 0.157461 1.123633
0.962200 0.157539 1.123711
0.962300 0.157539 1.123711
0.962400 0.157539 1.123711
0.962500 0.157617 1.123789
0.962600 0.157617 1.123789
0.962700 0.157695 1.123789
0.962800 0.157695 1.123867
0.962900 0.157695 1.123867
0.963000 0.157773 1.123867
0.963100 0.157773 1.123945
0.963200 0.157773 1.123945
0.963300 0.157852 1.123945
0.963400 0.157852 1.124023
0.963500 0.157930 1.124023
0.963600 0.157930 1.124023
0.963700 0.157930 1.124102
0.963800 0.158008 1.124102
0.963900 0.158008 1.124102
0.964000 0.158008 1.124102
0.964100 0.158086 1.124180
0.964200 0.158086 1.124180
0.964300 0.158086 1.124180
0.964400 0.158164 1.124258
0.964500 0.158164 1.124258
0.964600 0.158242 1.124258
0.964700 0.158242 1.124336
0.964800 0.158242 1.124336
0.964900 0.158320 1.124336
0.965000 0.158320 1.124414
0.965100 0.158320 1.124414
0.965200 0.158398 1.124414
0.965300 0.158398 1.124492
0.965400 0.158398 1.124492
0.965500 0.158477 1.124492
0.965600 0.158477 1.124570
0.965700 0.158555 1.124570
0.965800 0.158555 1.124570
0.965900 0.158555 1.124648
0.966000 0.158633 1.124648
0.966100 0.158633 1.124648
0.966200 0.158633 1.124727
0.966300 0.158711 1.124727
0.966400 0.158711 1.124727
0.966500 0.158711 1.124805
0.966600 0.158789 1.124805
0.966700 0.158789 1.124805
0.966800 0.158867 1.124883
0.966900 0.158867 1.124883
0.967000 0.158867 1.124883
0.967100 0.158945 1.124961
0.967200 0.158945 1.124961
0.967300 0.158945 1.124961
0.967400 0.159023 1.125039
0.967500 0.159023 1.125039
0.967600 0.159023 1.125039
0.967700 0.159102 1.125117
0.967800 0.159102 1.125117
0.967900 0.159180 1.125117
0.968000 0.159180 1.125195
0.968100 0.159180 1.125195
0.968200 0.159258 1.125195
0.968300 0.159258 1.125273
0.968400 0.159258 1.125273
0.968500 0.159336 1.125273
0.968600 0.159336 1.125352
0.968700 0.159336 1.125352
0.968800 0.159414 1.125352
0.968900 0.159414 1.125430
0.969000 0.159492 1.125430
0.969100 0.159492 1.125430
0.969200 0.159492 1.125508
0.969300 0.159570 1.125508
0.969400 0.159570 1.125508
0.969500 0.159570 1.125586
0.969600 0.159648 1.125586
0.969700 0.159648 1.125586
0.969800 0.159648 1.125664
0.969900 0.159727 1.125664
0.970000 0.159727 1.125664
0.970100 0.159805 1.125742
0.970200 0.159805 1.125742
0.970300 0.159805 1.125742
0.970400 0.159883 1.125820
0.970500 0.159883 1.125820
0.970600 0.159883 1.125820
0.970700 0.159961 1.125898
0.970800 0.159961 1.125898
0.970900 0.159961 1.125898
0.971000 0.160039 1.125977
0.971100 0.160039 1.125977
0.971200 0.160117 1.125977
0.971300 0.160117 1.126055
0.971400 0.160117 1.126055
0.971500 0.160195 1.126055
0.971600 0.160195 1.126133
0.971700 0.160195 1.126133
0.971800 0.160273 1.126133
0.971900 0.160273 1.126211
0.972000 0.160273 1.126211
0.972100 0.160352 1.126211
0.972200 0.160352 1.126211
0.972300 0.160430 1.126289
0.972400 0.160430 1.126289
0.972500 0.160430 1.126289
0.972600 0.160508 1.126367
0.972700 0.160508 1.126367
0.972800 0.160508 1.126367
0.972900 0.160586 1.126445
0.973000 0.160586 1.126445
0.973100 0.160586 1.126445
0.973200 0.160664 1.126523
0.973300 0.160664 1.126523
0.973400 0.160742 1.126523
0.973500 0.160742 1.126602
0.973600 0.160742 1.126602
0.973700 0.160820 1.126602
0.973800 0.160820 1.126680
0.973900 0.160820 1.126680
0.974000 0.160898 1.126680
0.974100 0.160898 1.126758
0.974200 0.160898 1.126758
0.974300 0.160977 1.126758
0.974400 0.160977 1.126836
0.974500 0.160977 1.126836
0.974600 0.161055 1.126836
0.974700 0.161055 1.126914
0.974800 0.161133 1.126914
0.974900 0.161133 1.126914
0.975000 0.161133 1.126992
0.975100 0.161211 1.126992
0.975200 0.161211 1.126992
0.975300 0.161211 1.127070
0.975400 0.161289 1.127070
0.975500 0.161289 1.127070
0.975600 0.161289 1.127148
0.975700 0.161367 1.127148
0.975800 0.161367 1.127148
0.975900 0.161367 1.127227
0.976000 0.161445 1.127227
0.976100 0.161445 1.127227
0.976200 0.161523 1.127305
0.976300 0.161523 1.127305
0.976400 0.161523 1.127305
0.976500 0.161602 1.127383
0.976600 0.161602 1.127383
0.976700 0.161602 1.127383
0.976800 0.161680 1.127461
0.976900 0.161680 1.127461
0.977000 0.161680 1.127461
0.977100 0.161758 1.127539
0.977200 0.161758 1.127539
0.977300 0.161836 1.127539
0.977400 0.161836 1.127617
0.977500 0.161836 1.127617
0.977600 0.161914 1.127617
0.977700 0.161914 1.127695
0.977800 0.161914 1.127695
0.977900 0.161992 1.127695
0.978000 0.161992 1.127773
0.978100 0.161992 1.127773
0.978200 0.162070 1.127773
0.978300 0.162070 1.127852
0.978400 0.162070 1.127852
0.978500 0.162148 1.127852
0.978600 0.162148 1.127930
0.978700 0.162227 1.127930
0.978800 0.162227 1.127930
0.978900 0.162227 1.128008
0.979000 0.162305 1.128008
0.979100 0.162305 1.128008
0.979200 0.162305 1.128086
0.979300 0.162383 1.128086
0.979400 0.162383 1.128086
0.979500 0.162383 1.128164
0.979600 0.162461 1.128164
0.979700 0.162461 1.128164
0.979800 0.162461 1.128242
0.979900 0.162539 1.128242
0.980000 0.162539 1.128242
0.980100 0.162617 1.128320
0.980200 0.162617 1.128320
0.980300 0.162617 1.128320
0.980400 0.162695 1.128398
0.980500 0.162695 1.128398
0.980600 0.162695 1.128398
0.980700 0.162773 1.128477
0.980800 0.162773 1.128477
0.980900 0.162773 1.128477
0.981000 0.162852 1.128555
0.981100 0.162852 1.128555
0.981200 0.162852 1.128555
0.981300 0.162930 1.128633
0.981400 0.162930 1.128633
0.981500 0.163008 1.128633
0.981600 0.163008 1.128711
0.981700 0.163008 1.128711
0.981800 0.163086 1.128711
0.981900 0.163086 1.128789
0.982000 0.163086 1.128789
0.982100 0.163164 1.128789
0.982200 0.163164 1.128867
0.982300 0.163164 1.128867
0.982400 0.163242 1.128867
0.982500 0.163242 1.128945
0.982600 0.163242 1.128945
0.982700 0.163320 1.128945
0.982800 0.163320 1.129023
0.982900 0.163320 1.129023
0.983000 0.163398 1.129023
0.983100 0.163398 1.129102
0.983200 0.163477 1.129102
0.983300 0.163477 1.129102
0.983400 0.163477 1.129180
0.983500 0.163555 1.129180
0.983600 0.163555 1.129180
0.983700 0.163555 1.129258
0.983800 0.163633 1.129258
0.983900 0.163633 1.129258
0.984000 0.163633 1.129336
0.984100 0.163711 1.129336
0.984200 0.163711 1.129336
0.984300 0.163711 1.129414
0.984400 0.163789 1.129414
0.984500 0.163789 1.129414
0.984600 0.163867 1.129492
0.984700 0.163867 1.129492
0.984800 0.163867 1.129492
0.984900 0.163945 1.129570
0.985000 0.163945 1.129570
0.985100 0.163945 1.129570
0.985200 0.164023 1.129648
0.985300 0.164023 1.129648
0.985400 0.164023 1.129648
0.985500 0.164102 1.129727
0.985600 0.164102 1.129727
0.985700 0.164102 1.129727
0.985800 0.164180 1.129805
0.985900 0.164180 1.129805
0.986000 0.164180 1.129805
0.986100 0.164258 1.129883
0.986200 0.164258 1.129883
0.986300 0.164336 1.129883
0.986400 0.164336 1.129961
0.986500 0.164336 1.129961
0.986600 0.164414 1.129961
0.986700 0.164414 1.130039
0.986800 0.164414 1.130039
0.986900 0.164492 1.130039
0.987000 0.164492 1.130117
0.987100 0.164492 1.130117
0.987200 0.164570 1.130117
0.987300 0.164570 1.130195
0.987400 0.164570 1.130195
0.987500 0.164648 1.130195
0.987600 0.164648 1.130273
0.987700 0.164648 1.130273
0.987800 0.164727 1.130273
0.987900 0.164727 1.130352
0.988000 0.164805 1.130352
0.988100 0.164805 1.130352
0.988200 0.164805 1.130430
0.988300 0.164883 1.130430
0.988400 0.164883 1.130430
0.988500 0.164883 1.130508
0.988600 0.164961 1.130508
0.988700 0.164961 1.130508
0.988800 0.164961 1.130586
0.988900 0.165039 1.130586
0.989000 0.165039 1.130586
0.989100 0.165039 1.130664
0.989200 0.165117 1.130664
0.989300 0.165117 1.130664
0.989400 0.165117 1.130742
0.989500 0.165195 1.130742
0.989600 0.165195 1.130742
0.989700 0.165195 1.130820
0.989800 0.165273 1.130820
0.989900 0.165273 1.130820
0.990000 0.165352 1.130898
0.990100 0.165352 1.130898
0.990200 0.165352 1.130898
0.990300 0.165430 1.130977
0.990400 0.165430 1.130977
0.990500 0.165430 1.130977
0.990600 0.165508 1.131055
0.990700 0.165508 1.131055
0.990800 0.165508 1.131055
0.990900 0.165586 1.131133
0.991000 0.165586 1.131133
0.991100 0.165586 1.131133
0.991200 0.165664 1.131211
0.991300 0.165664 1.131211
0.991400 0.165664 1.131211
0.991500 0.165742 1.131289
0.991600 0.165742 1.131289
0.991700 0.165742 1.131289
0.991800 0.165820 1.131367
0.991900 0.165820 1.131367
0.992000 0.165898 1.131367
0.992100 0.165898 1.131445
0.992200 0.165898 1.131445
0.992300 0.165977 1.131445
0.992400 0.165977 1.131523
0.992500 0.165977 1.131523
0.992600 0.166055 1.131523
0.992700 0.166055 1.131602
0.992800 0.166055 1.131602
0.992900 0.166133 1.131602
0.993000 0.166133 1.131680
0.993100 0.166133 1.131680
0.993200 0.166211 1.131758
0.993300 0.166211 1.131758
0.993400 0.166211 1.131758
0.993500 0.166289 1.131836
0.993600 0.166289 1.131836
0.993700 0.166289 1.131836
0.993800 0.166367 1.131914
0.993900 0.166367 1.131914
0.994000 0.166445 1.131914
0.994100 0.166445 1.131992
0.994200 0.166445 1.131992
0.994300 0.166523 1.131992
0.994400 0.166523 1.132070
0.994500 0.166523 1.132070
0.994600 0.166602 1.132070
0.994700 0.166602 1.132148
0.994800 0.166602 1.132148
0.994900 0.166680 1.132148
0.995000 0.166680 1.132227
0.995100 0.166680 1.132227
0.995200 0.166758 1.132227
0.995300 0.166758 1.132305
0.995400 0.166758 1.132305
0.995500 0.166836 1.132305
0.995600 0.166836 1.132383
0.995700 0.166836 1.132383
0.995800 0.166914 1.132383
0.995900 0.166914 1.132461
0.996000 0.166914 1.132461
0.996100 0.166992 1.132461
0.996200 0.166992 1.132539
0.996300 0.167070 1.132539
0.996400 0.167070 1.132539
0.996500 0.167070 1.132617
0.996600 0.167148 1.132617
0.996700 0.167148 1.132617
0.996800 0.167148 1.132695
0.996900 0.167227 1.132695
0.997000 0.167227 1.132695
0.997100 0.167227 1.132773
0.997200 0.167305 1.132773
0.997300 0.167305 1.132773
0.997400 0.167305 1.132852
0.997500 0.167383 1.132852
0.997600 0.167383 1.132852
0.997700 0.167383 1.132930
0.997800 0.167461 1.132930
0.997900 0.167461 1.132930
0.998000 0.167461 1.133008
0.998100 0.167539 1.133008
0.998200 0.167539 1.133008
0.998300 0.167539 1.133086
0.998400 0.167617 1.133086
0.998500 0.167617 1.133086
0.998600 0.167695 1.133164
0.998700 0.167695 1.133164
0.998800 0.167695 1.133164
0.998900 0.167773 1.133242
0.999000 0.167773 1.133242
0.999100 0.167773 1.133242
0.999200 0.167852 1.133320
0.999300 0.167852 1.133320
0.999400 0.167852 1.133320
0.999500 0.167930 1.133398
0.999600 0.167930 1.133398
0.999700 0.167930 1.133398
0.999800 0.168008 1.133477
0.999900 0.168008 1.133477
1.000000 0.168008 1.133477
1.000100 0.168086 1.133555
1.000200 0.168086 1.133555
1.000300 0.168086 1.133555
1.000400 0.168164 1.133633
1.000500 0.168164 1.133633
1.000600 0.168164 1.133633
1.000700 0.168242 1.133711
1.000800 0.168242 1.133711
1.000900 0.168242 1.133711
1.001000 0.168320 1.133789
1.001100 0.168320 1.133789
1.001200 0.168320 1.133867
1.001300 0.168398 1.133867
1.001400 0.168398 1.133867
1.001500 0.168477 1.133945
1.001600 0.168477 1.133945
1.001700 0.168477 1.133945
1.001800 0.168555 1.134023
1.001900 0.168555 1.134023
1.002000 0.168555 1.134023
1.002100 0.168633 1.134102
1.002200 0.168633 1.134102
1.002300 0.168633 1.134102
1.002400 0.168711 1.134180
1.002500 0.168711 1.134180
1.002600 0.168711 1.134180
1.002700 0.168789 1.134258
1.002800 0.168789 1.134258
1.002900 0.168789 1.134258
1.003000 0.168867 1.134336
1.003100 0.168867 1.134336
1.003200 0.168867 1.134336
1.003300 0.168945 1.134414
1.003400 0.168945 1.134414
1.003500 0.168945 1.134414
1.003600 0.169023 1.134492
1.003700 0.169023 1.134492
1.003800 0.169023 1.134492
1.003900 0.169102 1.134570
1.004000 0.169102 1.134570
1.004100 0.169102 1.134570
1.004200 0.169180 1.134648
1.004300 0.169180 1.134648
1.004400 0.169258 1.134648
1.004500 0.169258 1.134727
1.004600 0.169258 1.134727
1.004700 0.169336 1.134727
1.004800 0.169336 1.134805
1.004900 0.169336 1.134805
1.005000 0.169414 1.134805
1.005100 0.169414 1.134883
1.005200 0.169414 1.134883
1.005300 0.169492 1.134883
1.005400 0.169492 1.134961
1.005500 0.169492 1.134961
1.005600 0.169570 1.134961
1.005700 0.169570 1.135039
1.005800 0.169570 1.135039
1.005900 0.169648 1.135039
1.006000 0.169648 1.135117
1.006100 0.169648 1.135117
1.006200 0.169727 1.135117
1.006300 0.169727 1.135195
1.006400 0.169727 1.135195
1.006500 0.169805 1.135195
1.006600 0.169805 1.135273
1.006700 0.169805 1.135273
1.006800 0.169883 1.135352
1.006900 0.169883 1.135352
1.007000 0.169883 1.135352
1.007100 0.169961 1.135430
1.007200 0.169961 1.135430
1.007300 0.169961 1.135430
1.007400 0.170039 1.135508
1.007500 0.170039 1.135508
1.007600 0.170039 1.135508
1.007700 0.170117 1.135586
1.007800 0.170117 1.135586
1.007900 0.170117 1.135586
1.008000 0.170195 1.135664
1.008100 0.170195 1.135664
1.008200 0.170273 1.135664
1.008300 0.170273 1.135742
1.008400 0.170273 1.135742
1.008500 0.170352 1.135742
1.008600 0.170352 1.135820
1.008700 0.170352 1.135820
1.008800 0.170430 1.135820
1.008900 0.170430 1.135898
1.009000 0.170430 1.135898
1.009100 0.170508 1.135898
1.009200 0.170508 1.135977
1.009300 0.170508 1.135977
1.009400 0.170586 1.135977
1.009500 0.170586 1.136055
1.009600 0.170586 1.136055
1.009700 0.170664 1.136055
1.009800 0.170664 1.136133
1.009900 0.170664 1.136133
1.010000 0.170742 1.136133
1.010100 0.170742 1.136211
1.010200 0.170742 1.136211
1.010300 0.170820 1.136211
1.010400 0.170820 1.136289
1.010500 0.170820 1.136289
1.010600 0.170898 1.136289
1.010700 0.170898 1.136367
1.010800 0.170898 1.136367
1.010900 0.170977 1.136367
1.011000 0.170977 1.136445
1.011100 0.170977 1.136445
1.011200 0.171055 1.136523
1.011300 0.171055 1.136523
1.011400 0.171055 1.136523
1.011500 0.171133 1.136602
1.011600 0.171133 1.136602
1.011700 0.171133 1.136602
1.011800 0.171211 1.136680
1.011900 0.171211 1.136680
1.012000 0.171211 1.136680
1.012100 0.171289 1.136758
1.012200 0.171289 1.136758
1.012300 0.171289 1.136758
1.012400 0.171367 1.136836
1.012500 0.171367 1.136836
1.012600 0.171367 1.136836
1.012700 0.171445 1.136914
1.012800 0.171445 1.136914
1.012900 0.171445 1.136914
1.013000 0.171523 1.136992
1.013100 0.171523 1.136992
1.013200 0.171523 1.136992
1.013300 0.171602 1.137070
1.013400 0.171602 1.137070
1.013500 0.171680 1.137070
1.013600 0.171680 1.137148
1.013700 0.171680 1.137148
1.013800 0.171758 1.137148
1.013900 0.171758 1.137227
1.014000 0.171758 1.137227
1.014100 0.171836 1.137227
1.014200 0.171836 1.137305
1.014300 0.171836 1.137305
1.014400 0.171914 1.137305
1.014500 0.171914 1.137383
1.014600 0.171914 1.137383
1.014700 0.171992 1.137383
1.014800 0.171992 1.137461
1.014900 0.171992 1.137461
1.015000 0.172070 1.137539
1.015100 0.172070 1.137539
1.015200 0.172070 1.137539
1.015300 0.172148 1.137617
1.015400 0.172148 1.137617
1.015500 0.172148 1.137617
1.015600 0.172227 1.137695
1.015700 0.172227 1.137695
1.015800 0.172227 1.137695
1.015900 0.172305 1.137773
1.016000 0.172305 1.137773
1.016100 0.172305 1.137773
1.016200 0.172383 1.137852
1.016300 0.172383 1.137852
1.016400 0.172383 1.137852
1.016500 0.172461 1.137930
1.016600 0.172461 1.137930
1.016700 0.172461 1.137930
1.016800 0.172539 1.138008
1.016900 0.172539 1.138008
1.017000 0.172539 1.138008
1.017100 0.172617 1.138086
1.017200 0.172617 1.138086
1.017300 0.172617 1.138086
1.017400 0.172695 1.138164
1.017500 0.172695 1.138164
1.017600 0.172695 1.138164
1.017700 0.172773 1.138242
1.017800 0.172773 1.138242
1.017900 0.172773 1.138242
1.018000 0.172852 1.138320
1.018100 0.172852 1.138320
1.018200 0.172852 1.138320
1.018300 0.172930 1.138398
1.018400 0.172930 1.138398
1.018500 0.172930 1.138477
1.018600 0.173008 1.138477
1.018700 0.173008 1.138477
1.018800 0.173008 1.138555
1.018900 0.173086 1.138555
1.019000 0.173086 1.138555
1.019100 0.173086 1.138633
1.019200 0.173164 1.138633
1.019300 0.173164 1.138633
1.019400 0.173164 1.138711
1.019500 0.173242 1.138711
1.019600 0.173242 1.138711
1.019700 0.173242 1.138789
1.019800 0.173320 1.138789
1.019900 0.173320 1.138789
1.020000 0.173320 1.138867
1.020100 0.173398 1.138867
1.020200 0.173398 1.138867
1.020300 0.173398 1.138945
1.020400 0.173477 1.138945
1.020500 0.173477 1.138945
1.020600 0.173477 1.139023
1.020700 0.173555 1.139023
1.020800 0.173555 1.139023
1.020900 0.173555 1.139102
1.021000 0.173633 1.139102
1.021100 0.173633 1.139102
1.021200 0.173633 1.139180
1.021300 0.173711 1.139180
1.021400 0.173711 1.139180
1.021500 0.173711 1.139258
1.021600 0.173789 1.139258
1.021700 0.173789 1.139336
1.021800 0.173789 1.139336
1.021900 0.173867 1.139336
1.022000 0.173867 1.139414
1.022100 0.173867 1.139414
1.022200 0.173945 1.139414
1.022300 0.173945 1.139492
1.022400 0.173945 1.139492
1.022500 0.174023 1.139492
1.022600 0.174023 1.139570
1.022700 0.174023 1.139570
1.022800 0.174102 1.139570
1.022900 0.174102 1.139648
1.023000 0.174102 1.139648
1.023100 0.174180 1.139648
1.023200 0.174180 1.139727
1.023300 0.174180 1.139727
1.023400 0.174258 1.139727
1.023500 0.174258 1.139805
1.023600 0.174258 1.139805
1.023700 0.174336 1.139805
1.023800 0.174336 1.139883
1.023900 0.174336 1.139883
1.024000 0.174414 1.139883
1.024100 0.174414 1.139961
1.024200 0.174414 1.139961
1.024300 0.174492 1.139961
1.024400 0.174492 1.140039
1.024500 0.174492 1.140039
1.024600 0.174570 1.140117
1.024700 0.174570 1.140117
1.024800 0.174570 1.140117
1.024900 0.174648 1.140195
1.025000 0.174648 1.140195
1.025100 0.174648 1.140195
1.025200 0.174727 1.140273
1.025300 0.174727 1.140273
1.025400 0.174727 1.140273
1.025500 0.174805 1.140352
1.025600 0.174805 1.140352
1.025700 0.174805 1.140352
1.025800 0.174883 1.140430
1.025900 0.174883 1.140430
1.026000 0.174883 1.140430
1.026100 0.174961 1.140508
1.026200 0.174961 1.140508
1.026300 0.174961 1.140508
1.026400 0.175039 1.140586
1.026500 0.175039 1.140586
1.026600 0.175039 1.140586
1.026700 0.175117 1.140664
1.026800 0.175117 1.140664
1.026900 0.175117 1.140664
1.027000 0.175195 1.140742
1.027100 0.175195 1.140742
1.027200 0.175195 1.140742
1.027300 0.175273 1.140820
1.027400 0.175273 1.140820
1.027500 0.175273 1.140898
1.027600 0.175352 1.140898
1.027700 0.175352 1.140898
1.027800 0.175352 1.140977
1.027900 0.175430 1.140977
1.028000 0.175430 1.140977
1.028100 0.175430 1.141055
