0.0251000000 0.0087598682
0.0261000000 0.0091088037
0.0341000000 0.0118999756
0.0351000000 0.0122488330
0.0361000000 0.0125976709
0.0371000000 0.0129465088
0.0381000000 0.0132953369
0.0431000000 0.0150392822
0.0441000000 0.0153880322
0.0451000000 0.0157367725
0.0461000000 0.0160855029
0.0471000000 0.0164342139
0.0481000000 0.0167829150
0.0491000000 0.0171316064
0.0501000000 0.0174802783
0.0511000000 0.0178289404
0.0521000000 0.0181775830
0.0531000000 0.0185262061
0.0541000000 0.0188748291
0.0551000000 0.0192234229
0.0561000000 0.0195720068
0.0571000000 0.0199205713
0.0581000000 0.0202691260
0.0591000000 0.0206176611
0.0601000000 0.0209661768
0.0611000000 0.0213146729
0.0621000000 0.0216631592
0.0631000000 0.0220116260
0.0641000000 0.0223600732
0.0651000000 0.0227085010
0.0661000000 0.0230569189
0.0671000000 0.0234053076
0.0681000000 0.0237536865
0.0691000000 0.0241020361
0.0701000000 0.0244503760
0.0711000000 0.0247986865
0.0721000000 0.0251469873
0.0731000000 0.0254952588
0.0741000000 0.0258435205
0.0751000000 0.0261917529
0.0761000000 0.0265399658
0.0771000000 0.0268881592
0.0781000000 0.0272363330
0.0791000000 0.0275844873
0.0801000000 0.0279326123
0.0811000000 0.0282807178
0.0821000000 0.0286288037
0.0831000000 0.0289768701
0.0841000000 0.0293249072
0.0851000000 0.0296729248
0.0861000000 0.0300209131
0.0871000000 0.0303688818
0.0881000000 0.0307168311
0.0891000000 0.0310647510
0.0901000000 0.0314126514
0.0911000000 0.0317605225
0.0921000000 0.0321083740
0.0931000000 0.0324561963
0.0941000000 0.0328039990
0.0951000000 0.0331517725
0.0961000000 0.0334995264
0.0971000000 0.0338472510
0.0981000000 0.0341949463
0.0991000000 0.0345426123
0.1001000000 0.0348902588
0.1011000000 0.0352378760
0.1021000000 0.0355854736
0.1031000000 0.0359330420
0.1041000000 0.0362805713
0.1051000000 0.0366280908
0.1061000000 0.0369755713
0.1071000000 0.0373230225
0.1081000000 0.0376704541
0.1091000000 0.0380178564
0.1101000000 0.0383652295
0.1111000000 0.0387125732
0.1121000000 0.0390598877
0.1131000000 0.0394071729
0.1141000000 0.0397544287
0.1151000000 0.0401016553
0.1161000000 0.0404488525
0.1171000000 0.0407960205
0.1181000000 0.0411431592
0.1191000000 0.0414902686
0.1201000000 0.0418373486
0.1211000000 0.0421843994
0.1221000000 0.0425314209
0.1231000000 0.0428784131
0.1241000000 0.0432253662
0.1251000000 0.0435722998
0.1261000000 0.0439191943
0.1271000000 0.0442660596
0.1281000000 0.0446128955
0.1291000000 0.0449596924
0.1301000000 0.0453064697
0.1311000000 0.0456532080
0.1321000000 0.0459999170
0.1331000000 0.0463465869
0.1341000000 0.0466932373
0.1351000000 0.0470398486
0.1361000000 0.0473864209
0.1371000000 0.0477329736
0.1381000000 0.0480794873
0.1391000000 0.0484259717
0.1401000000 0.0487724170
0.1411000000 0.0491188330
0.1421000000 0.0494652197
0.1431000000 0.0498115674
0.1441000000 0.0501578857
0.1451000000 0.0505041650
0.1461000000 0.0508504150
0.1471000000 0.0511966357
0.1481000000 0.0515428174
0.1491000000 0.0518889697
0.1501000000 0.0522350830
0.1511000000 0.0525811670
0.1521000000 0.0529272119
0.1531000000 0.0532732275
0.1541000000 0.0536192041
0.1551000000 0.0539651514
0.1561000000 0.0543110693
0.1571000000 0.0546569482
0.1581000000 0.0550027881
0.1591000000 0.0553485986
0.1601000000 0.0556943701
0.1611000000 0.0560401123
0.1621000000 0.0563858154
0.1631000000 0.0567314893
0.1641000000 0.0570771240
0.1651000000 0.0574227295
0.1661000000 0.0577682959
0.1671000000 0.0581138232
0.1681000000 0.0584593213
0.1691000000 0.0588047900
0.1701000000 0.0591502197
0.1711000000 0.0594956104
0.1721000000 0.0598409717
0.1731000000 0.0601862939
0.1741000000 0.0605315869
0.1751000000 0.0608768408
0.1761000000 0.0612220654
0.1771000000 0.0615672510
0.1781000000 0.0619123975
0.1791000000 0.0622575146
0.1801000000 0.0626026025
0.1811000000 0.0629476416
0.1821000000 0.0632926611
0.1831000000 0.0636376416
0.1841000000 0.0639825830
0.1851000000 0.0643274951
0.1861000000 0.0646723682
0.1871000000 0.0650172119
0.1881000000 0.0653620166
0.1891000000 0.0657067920
0.1901000000 0.0660515283
0.1911000000 0.0663962354
0.1921000000 0.0667409033
0.1931000000 0.0670855420
0.1941000000 0.0674301416
0.1951000000 0.0677747119
0.1961000000 0.0681192529
0.1971000000 0.0684637549
0.1981000000 0.0688082275
0.1991000000 0.0691526611
0.2001000000 0.0694970654
0.2011000000 0.0698414404
0.2021000000 0.0701857764
0.2031000000 0.0705300830
0.2041000000 0.0708743506
0.2051000000 0.0712185889
0.2061000000 0.0715627979
0.2071000000 0.0719069775
0.2081000000 0.0722511279
0.2091000000 0.0725952393
0.2101000000 0.0729393213
0.2111000000 0.0732833643
0.2121000000 0.0736273877
0.2131000000 0.0739713818
0.2141000000 0.0743153369
0.2151000000 0.0746592627
0.2161000000 0.0750031592
0.2171000000 0.0753470264
0.2181000000 0.0756908643
0.2191000000 0.0760346729
0.2201000000 0.0763784521
0.2211000000 0.0767222021
0.2221000000 0.0770659229
0.2231000000 0.0774096143
0.2241000000 0.0777532764
0.2251000000 0.0780969189
0.2261000000 0.0784405225
0.2271000000 0.0787841064
0.2281000000 0.0791276611
0.2291000000 0.0794711865
0.2301000000 0.0798146924
0.2311000000 0.0801581689
0.2321000000 0.0805016162
0.2331000000 0.0808450342
0.2341000000 0.0811884326
0.2351000000 0.0815318115
0.2361000000 0.0818751611
0.2371000000 0.0822184912
0.2381000000 0.0825617920
0.2391000000 0.0829050635
0.2401000000 0.0832483252
0.2411000000 0.0835915576
0.2421000000 0.0839347705
0.2431000000 0.0842779639
0.2441000000 0.0846211279
0.2451000000 0.0849642822
0.2461000000 0.0853074072
0.2471000000 0.0856505127
0.2481000000 0.0859936084
0.2491000000 0.0863366748
0.2501000000 0.0866797217
0.2511000000 0.0870227588
0.2521000000 0.0873657764
0.2531000000 0.0877087744
0.2541000000 0.0880517627
0.2551000000 0.0883947314
0.2561000000 0.0887376807
0.2571000000 0.0890806201
0.2581000000 0.0894235400
0.2591000000 0.0897664502
0.2601000000 0.0901093506
0.2611000000 0.0904522412
0.2621000000 0.0907951123
0.2631000000 0.0911379736
0.2641000000 0.0914808252
0.2651000000 0.0918236670
0.2661000000 0.0921664990
0.2671000000 0.0925093213
0.2681000000 0.0928521436
0.2691000000 0.0931949561
0.2701000000 0.0935377588
0.2711000000 0.0938805518
0.2721000000 0.0942233447
0.2731000000 0.0945661377
0.2741000000 0.0949089209
0.2751000000 0.0952517041
0.2761000000 0.0955944873
0.2771000000 0.0959372705
0.2781000000 0.0962800439
0.2791000000 0.0966228271
0.2801000000 0.0969656104
0.2811000000 0.0973083936
0.2821000000 0.0976511768
0.2831000000 0.0979939697
0.2841000000 0.0983367725
0.2851000000 0.0986795752
0.2861000000 0.0990223877
0.2871000000 0.0993652002
0.2881000000 0.0997080322
0.2891000000 0.1000508643
0.2901000000 0.1003937158
0.2911000000 0.1007365674
0.2921000000 0.1010794385
0.2931000000 0.1014223291
0.2941000000 0.1017652295
0.2951000000 0.1021081494
0.2961000000 0.1024510791
0.2971000000 0.1027940381
0.2981000000 0.1031370068
0.2991000000 0.1034800049
