0.0001000000 1.0000000049
0.0011000000 1.0000002490
0.0021000000 1.0000008936
0.0031000000 1.0000019580
0.0041000000 1.0000034229
0.0051000000 1.0000052979
0.0061000000 1.0000075732
0.0071000000 1.0000102588
0.0081000000 1.0000133545
0.0091000000 1.0000168506
0.0101000000 1.0000207666
0.0111000000 1.0000250732
0.0121000000 1.0000297998
0.0131000000 1.0000349268
0.0141000000 1.0000404639
0.0151000000 1.0000464111
0.0161000000 1.0000527588
0.0171000000 1.0000595166
0.0181000000 1.0000666846
0.0191000000 1.0000742627
0.0201000000 1.0000822412
0.0211000000 1.0000906299
0.0221000000 1.0000994189
0.0231000000 1.0001086279
0.0241000000 1.0001182373
0.0251000000 1.0001282568
0.0261000000 1.0001386768
0.0271000000 1.0001495068
0.0281000000 1.0001607471
0.0291000000 1.0001723975
0.0301000000 1.0001844580
0.0311000000 1.0001969189
0.0321000000 1.0002097900
0.0331000000 1.0002230713
0.0341000000 1.0002367529
0.0351000000 1.0002508545
0.0361000000 1.0002653564
0.0371000000 1.0002802686
0.0381000000 1.0002955811
0.0391000000 1.0003113135
0.0401000000 1.0003274463
0.0411000000 1.0003439893
0.0421000000 1.0003609424
0.0431000000 1.0003783057
0.0441000000 1.0003960791
0.0451000000 1.0004142529
0.0461000000 1.0004328369
0.0471000000 1.0004518311
0.0481000000 1.0004712354
0.0491000000 1.0004910498
0.0501000000 1.0005112744
0.0511000000 1.0005319092
0.0521000000 1.0005529443
0.0531000000 1.0005743994
0.0541000000 1.0005962549
0.0551000000 1.0006185205
0.0561000000 1.0006411963
0.0571000000 1.0006642822
0.0581000000 1.0006877783
0.0591000000 1.0007116846
0.0601000000 1.0007360010
0.0611000000 1.0007607275
0.0621000000 1.0007858643
0.0631000000 1.0008114111
0.0641000000 1.0008373682
0.0651000000 1.0008637354
0.0661000000 1.0008905127
0.0671000000 1.0009177002
0.0681000000 1.0009452979
0.0691000000 1.0009733057
0.0701000000 1.0010017236
0.0711000000 1.0010305518
0.0721000000 1.0010597900
0.0731000000 1.0010894385
0.0741000000 1.0011195068
0.0751000000 1.0011499756
0.0761000000 1.0011808643
0.0771000000 1.0012121631
0.0781000000 1.0012438721
0.0791000000 1.0012759912
0.0801000000 1.0013085205
0.0811000000 1.0013414697
0.0821000000 1.0013748291
0.0831000000 1.0014085986
0.0841000000 1.0014427783
0.0851000000 1.0014773682
0.0861000000 1.0015123779
0.0871000000 1.0015477979
0.0881000000 1.0015836279
0.0891000000 1.0016198682
0.0901000000 1.0016565283
0.0911000000 1.0016935986
0.0921000000 1.0017310889
0.0931000000 1.0017689893
0.0941000000 1.0018072998
0.0951000000 1.0018460205
0.0961000000 1.0018851611
0.0971000000 1.0019247217
0.0981000000 1.0019646826
0.0991000000 1.0020050732
0.1001000000 1.0020458643
0.1011000000 1.0020870752
0.1021000000 1.0021287061
0.1031000000 1.0021707471
0.1041000000 1.0022132080
0.1051000000 1.0022560791
0.1061000000 1.0022993701
0.1071000000 1.0023430713
0.1081000000 1.0023871924
0.1091000000 1.0024317236
0.1101000000 1.0024766748
0.1111000000 1.0025220459
0.1121000000 1.0025678369
0.1131000000 1.0026140381
0.1141000000 1.0026606494
0.1151000000 1.0027076904
0.1161000000 1.0027551416
0.1171000000 1.0028030127
0.1181000000 1.0028512939
0.1191000000 1.0029000049
0.1201000000 1.0029491260
0.1211000000 1.0029986670
0.1221000000 1.0030486182
0.1231000000 1.0030989990
0.1241000000 1.0031497900
0.1251000000 1.0032010107
0.1261000000 1.0032526416
0.1271000000 1.0033046924
0.1281000000 1.0033571631
0.1291000000 1.0034100537
0.1301000000 1.0034633643
0.1311000000 1.0035170947
0.1321000000 1.0035712451
0.1331000000 1.0036258154
0.1341000000 1.0036808154
0.1351000000 1.0037362256
0.1361000000 1.0037920557
0.1371000000 1.0038483057
0.1381000000 1.0039049854
0.1391000000 1.0039620850
0.1401000000 1.0040195947
0.1411000000 1.0040775342
0.1421000000 1.0041359033
0.1431000000 1.0041946826
0.1441000000 1.0042538916
0.1451000000 1.0043135205
0.1461000000 1.0043735693
0.1471000000 1.0044340479
0.1481000000 1.0044949463
0.1491000000 1.0045562646
0.1501000000 1.0046180127
0.1511000000 1.0046801807
0.1521000000 1.0047427783
0.1531000000 1.0048057959
0.1541000000 1.0048692334
0.1551000000 1.0049331006
0.1561000000 1.0049973877
0.1571000000 1.0050621045
0.1581000000 1.0051272510
0.1591000000 1.0051928174
0.1601000000 1.0052588135
0.1611000000 1.0053252295
0.1621000000 1.0053920850
0.1631000000 1.0054593506
0.1641000000 1.0055270557
0.1651000000 1.0055951807
0.1661000000 1.0056637354
0.1671000000 1.0057327100
0.1681000000 1.0058021240
0.1691000000 1.0058719580
0.1701000000 1.0059422217
0.1711000000 1.0060129150
0.1721000000 1.0060840381
0.1731000000 1.0061555908
0.1741000000 1.0062275732
0.1751000000 1.0062999854
0.1761000000 1.0063728174
0.1771000000 1.0064460889
0.1781000000 1.0065197900
0.1791000000 1.0065939209
0.1801000000 1.0066684814
0.1811000000 1.0067434717
0.1821000000 1.0068188916
0.1831000000 1.0068947412
0.1841000000 1.0069710303
0.1851000000 1.0070477490
0.1861000000 1.0071248975
0.1871000000 1.0072024756
0.1881000000 1.0072804834
0.1891000000 1.0073589307
0.1901000000 1.0074378174
0.1911000000 1.0075171240
0.1921000000 1.0075968701
0.1931000000 1.0076770557
0.1941000000 1.0077576611
0.1951000000 1.0078387158
0.1961000000 1.0079202002
0.1971000000 1.0080021143
0.1981000000 1.0080844678
0.1991000000 1.0081672607
0.2001000000 1.0082504834
0.2011000000 1.0083341455
0.2021000000 1.0084182373
0.2031000000 1.0085027686
0.2041000000 1.0085877393
0.2051000000 1.0086731494
0.2061000000 1.0087589893
0.2071000000 1.0088452686
0.2081000000 1.0089319873
0.2091000000 1.0090191455
0.2101000000 1.0091067432
0.2111000000 1.0091947803
0.2121000000 1.0092832471
0.2131000000 1.0093721631
0.2141000000 1.0094615186
0.2151000000 1.0095513037
0.2161000000 1.0096415381
0.2171000000 1.0097322119
0.2181000000 1.0098233252
0.2191000000 1.0099148779
0.2201000000 1.0100068701
0.2211000000 1.0100993018
0.2221000000 1.0101921826
0.2231000000 1.0102855029
0.2241000000 1.0103792627
0.2251000000 1.0104734619
0.2261000000 1.0105681104
0.2271000000 1.0106632080
0.2281000000 1.0107587354
0.2291000000 1.0108547119
0.2301000000 1.0109511377
0.2311000000 1.0110480029
0.2321000000 1.0111453076
0.2331000000 1.0112430615
0.2341000000 1.0113412646
0.2351000000 1.0114399072
0.2361000000 1.0115389990
0.2371000000 1.0116385400
0.2381000000 1.0117385205
0.2391000000 1.0118389502
0.2401000000 1.0119398291
0.2411000000 1.0120411475
0.2421000000 1.0121429248
0.2431000000 1.0122451416
0.2441000000 1.0123478076
0.2451000000 1.0124509229
0.2461000000 1.0125544873
0.2471000000 1.0126585010
0.2481000000 1.0127629639
0.2491000000 1.0128678760
0.2501000000 1.0129732373
0.2511000000 1.0130790479
0.2521000000 1.0131853076
0.2531000000 1.0132920264
0.2541000000 1.0133991943
0.2551000000 1.0135068018
0.2561000000 1.0136148682
0.2571000000 1.0137233936
0.2581000000 1.0138323584
0.2591000000 1.0139417822
0.2601000000 1.0140516650
0.2611000000 1.0141619971
0.2621000000 1.0142727783
0.2631000000 1.0143840186
0.2641000000 1.0144957080
0.2651000000 1.0146078467
0.2661000000 1.0147204541
0.2671000000 1.0148335107
0.2681000000 1.0149470166
0.2691000000 1.0150609814
0.2701000000 1.0151754053
0.2711000000 1.0152902881
0.2721000000 1.0154056201
0.2731000000 1.0155214111
0.2741000000 1.0156376611
0.2751000000 1.0157543701
0.2761000000 1.0158715283
0.2771000000 1.0159891553
0.2781000000 1.0161072314
0.2791000000 1.0162257764
0.2801000000 1.0163447705
0.2811000000 1.0164642334
0.2821000000 1.0165841455
0.2831000000 1.0167045264
0.2841000000 1.0168253662
0.2851000000 1.0169466650
0.2861000000 1.0170684229
0.2871000000 1.0171906396
0.2881000000 1.0173133252
0.2891000000 1.0174364697
0.2901000000 1.0175600732
0.2911000000 1.0176841455
0.2921000000 1.0178086768
0.2931000000 1.0179336768
0.2941000000 1.0180591260
0.2951000000 1.0181850537
0.2961000000 1.0183114404
0.2971000000 1.0184382861
0.2981000000 1.0185656006
0.2991000000 1.0186933838
