0.3000000000 0.1037887154 1.0188087807 2.1256251106 2.2807904854
0.3010000000 0.1041317482 1.0189374504 2.1257882042 2.2809793434
0.3020000000 0.1044748116 1.0190665779 2.1259517479 2.2811687431
0.3030000000 0.1048178978 1.0191961784 2.1261157341 2.2813586998
0.3040000000 0.1051610069 1.0193262367 2.1262801628 2.2815491982
0.3050000000 0.1055041542 1.0194567680 2.1264450340 2.2817402382
0.3060000000 0.1058473244 1.0195877647 2.1266103554 2.2819318352
0.3070000000 0.1061905251 1.0197192345 2.1267761116 2.2821239738
0.3080000000 0.1065337563 1.0198511620 2.1269423103 2.2823166542
0.3090000000 0.1068770256 1.0199835625 2.1271089439 2.2825098763
0.3100000000 0.1072203331 1.0201164360 2.1272760200 2.2827036476
0.3110000000 0.1075636711 1.0202497749 2.1274435387 2.2828979607
0.3120000000 0.1079070473 1.0203835793 2.1276114922 2.2830928078
0.3130000000 0.1082504692 1.0205178566 2.1277798805 2.2832882042
0.3140000000 0.1085939217 1.0206525993 2.1279487038 2.2834841423
0.3150000000 0.1089374275 1.0207878227 2.1281179619 2.2836806145
0.3160000000 0.1092809715 1.0209235039 2.1282876549 2.2838776283
0.3170000000 0.1096245613 1.0210596657 2.1284577827 2.2840751762
0.3180000000 0.1099682045 1.0211962929 2.1286283455 2.2842732658
0.3190000000 0.1103118935 1.0213333931 2.1287993355 2.2844718895
0.3200000000 0.1106556358 1.0214709663 2.1289707603 2.2846710548
0.3210000000 0.1109994240 1.0216090050 2.1291426125 2.2848707542
0.3220000000 0.1113432732 1.0217475243 2.1293148994 2.2850709877
0.3230000000 0.1116871758 1.0218865089 2.1294876060 2.2852717552
0.3240000000 0.1120311394 1.0220259743 2.1296607475 2.2854730568
0.3250000000 0.1123751640 1.0221659050 2.1298343086 2.2856748924
0.3260000000 0.1127192497 1.0223063164 2.1300083046 2.2858772545
0.3270000000 0.1130633965 1.0224472008 2.1301827202 2.2860801506
0.3280000000 0.1134076118 1.0225885506 2.1303575630 2.2862835808
0.3290000000 0.1137518959 1.0227303810 2.1305328331 2.2864875450
0.3300000000 0.1140962486 1.0228726921 2.1307085228 2.2866920280
0.3310000000 0.1144406776 1.0230154686 2.1308846321 2.2868970451
0.3320000000 0.1147851830 1.0231587257 2.1310611610 2.2871025887
0.3330000000 0.1151297569 1.0233024559 2.1312381172 2.2873086662
0.3340000000 0.1154744148 1.0234466667 2.1314154930 2.2875152626
0.3350000000 0.1158191566 1.0235913506 2.1315932808 2.2877223854
0.3360000000 0.1161639824 1.0237365150 2.1317714958 2.2879300423
0.3370000000 0.1165088921 1.0238821526 2.1319501228 2.2881382179
0.3380000000 0.1168538933 1.0240282631 2.1321291618 2.2883469124
0.3390000000 0.1171989861 1.0241748619 2.1323086281 2.2885561333
0.3400000000 0.1175441704 1.0243219337 2.1324884987 2.2887658806
0.3410000000 0.1178894539 1.0244694786 2.1326687889 2.2889761467
0.3420000000 0.1182348366 1.0246175041 2.1328494911 2.2891869392
0.3430000000 0.1185803185 1.0247660179 2.1330306053 2.2893982430
0.3440000000 0.1189259148 1.0249149971 2.1332121315 2.2896100731
0.3450000000 0.1192716103 1.0250644646 2.1333940697 2.2898224220
0.3460000000 0.1196174202 1.0252144127 2.1335764198 2.2900352898
0.3470000000 0.1199633446 1.0253648415 2.1337591820 2.2902486687
0.3480000000 0.1203093910 1.0255157433 2.1339423485 2.2904625740
0.3490000000 0.1206555519 1.0256671333 2.1341259193 2.2906769905
0.3500000000 0.1210018425 1.0258189964 2.1343099022 2.2908919182
0.3510000000 0.1213482552 1.0259713478 2.1344942894 2.2911073723
0.3520000000 0.1216948051 1.0261241798 2.1346790810 2.2913233299
0.3530000000 0.1220414848 1.0262774925 2.1348642845 2.2915398064
0.3540000000 0.1223883018 1.0264312935 2.1350498848 2.2917567940
0.3550000000 0.1227352715 1.0265855675 2.1352358894 2.2919743004
0.3560000000 0.1230823784 1.0267403297 2.1354222984 2.2921923103
0.3570000000 0.1234296379 1.0268955727 2.1356091042 2.2924108315
0.3580000000 0.1237770500 1.0270513039 2.1357963142 2.2926298637
0.3590000000 0.1241246300 1.0272075157 2.1359839211 2.2928494072
0.3600000000 0.1244723625 1.0273642159 2.1361719322 2.2930694618
0.3610000000 0.1248202705 1.0275213966 2.1363603401 2.2932900200
0.3620000000 0.1251683464 1.0276790581 2.1365491371 2.2935110893
0.3630000000 0.1255166054 1.0278372154 2.1367383385 2.2937326622
0.3640000000 0.1258650475 1.0279958534 2.1369279366 2.2939547386
0.3650000000 0.1262136726 1.0281549721 2.1371179314 2.2941773262
0.3660000000 0.1265624962 1.0283145790 2.1373083153 2.2944004173
0.3670000000 0.1269115181 1.0284746742 2.1374990959 2.2946240044
0.3680000000 0.1272607460 1.0286352577 2.1376902657 2.2948481026
0.3690000000 0.1276101875 1.0287963295 2.1378818321 2.2950727043
0.3700000000 0.1279598427 1.0289578819 2.1380737877 2.2952978020
0.3710000000 0.1283097267 1.0291199303 2.1382661400 2.2955234032
0.3720000000 0.1286598396 1.0292824593 2.1384588737 2.2957495079
0.3730000000 0.1290101967 1.0294454765 2.1386519966 2.2959761086
0.3740000000 0.1293607979 1.0296089897 2.1388455086 2.2962032127
0.3750000000 0.1297116508 1.0297729836 2.1390394096 2.2964308128
0.3760000000 0.1300627708 1.0299374733 2.1392336998 2.2966589088
0.3770000000 0.1304141655 1.0301024513 2.1394283714 2.2968875084
0.3780000000 0.1307658424 1.0302679176 2.1396234245 2.2971165962
0.3790000000 0.1311178093 1.0304338722 2.1398188667 2.2973461800
0.3800000000 0.1314700813 1.0306003151 2.1400146904 2.2975762672
0.3810000000 0.1318226662 1.0307672539 2.1402109032 2.2978068428
0.3820000000 0.1321755791 1.0309346809 2.1404074898 2.2980379066
0.3830000000 0.1325288353 1.0311026039 2.1406044579 2.2982694740
0.3840000000 0.1328824425 1.0312710152 2.1408018150 2.2985015221
0.3850000000 0.1332364159 1.0314399147 2.1409995461 2.2987340736
0.3860000000 0.1335907784 1.0316093102 2.1411976509 2.2989671059
0.3870000000 0.1339455528 1.0317791939 2.1413961372 2.2992006340
0.3880000000 0.1343007469 1.0319495735 2.1415950050 2.2994346504
0.3890000000 0.1346563835 1.0321204491 2.1417942467 2.2996691551
0.3900000000 0.1350125008 1.0322918205 2.1419938622 2.2999041481
0.3910000000 0.1353691216 1.0324636803 2.1421938515 2.3001396294
0.3920000000 0.1357262688 1.0326360283 2.1423942146 2.3003755989
0.3930000000 0.1360839958 1.0328088799 2.1425949516 2.3006120491
0.3940000000 0.1364423409 1.0329822197 2.1427960625 2.3008489876
0.3950000000 0.1368013573 1.0331560631 2.1429975471 2.3010864143
0.3960000000 0.1371611214 1.0333303947 2.1431993980 2.3013243217
0.3970000000 0.1375217171 1.0335052223 2.1434016228 2.3015627098
0.3980000000 0.1378832817 1.0336805458 2.1436042213 2.3018015785
0.3990000000 0.1382460136 1.0338563652 2.1438071785 2.3020409355
0.4000000000 0.1386102791 1.0340326805 2.1440105095 2.3022807732
0.4010000000 0.1389773216 1.0342094917 2.1442142067 2.3025210915
0.4020000000 0.1393445244 1.0343868065 2.1444182701 2.3027618828
0.4030000000 0.1397089195 1.0345646095 2.1446226997 2.3030031624
0.4040000000 0.1400718346 1.0347429161 2.1448274956 2.3032449150
0.4050000000 0.1404336205 1.0349217186 2.1450326500 2.3034871483
0.4060000000 0.1407944756 1.0351010170 2.1452381706 2.3037298546
0.4070000000 0.1411545372 1.0352808189 2.1454440575 2.3039730415
0.4080000000 0.1415138969 1.0354611092 2.1456503029 2.3042167015
0.4090000000 0.1418726311 1.0356419106 2.1458569069 2.3044608421
0.4100000000 0.1422308006 1.0358232002 2.1460638771 2.3047054482
0.4110000000 0.1425884438 1.0360050011 2.1462712059 2.3049505348
0.4120000000 0.1429456139 1.0361872902 2.1464788857 2.3051960945
0.4130000000 0.1433023415 1.0363700829 2.1466869316 2.3054421196
0.4140000000 0.1436586494 1.0365533791 2.1468953362 2.3056886253
0.4150000000 0.1440145836 1.0367371712 2.1471040916 2.3059355965
0.4160000000 0.1443701668 1.0369214668 2.1473132057 2.3061830406
0.4170000000 0.1447254066 1.0371062660 2.1475226707 2.3064309502
0.4180000000 0.1450803413 1.0372915688 2.1477324944 2.3066793327
0.4190000000 0.1454349785 1.0374773674 2.1479426689 2.3069281807
0.4200000000 0.1457893333 1.0376636696 2.1481532021 2.3071775017
0.4210000000 0.1461434364 1.0378504677 2.1483640785 2.3074272881
0.4220000000 0.1464972878 1.0380377769 2.1485753136 2.3076775322
0.4230000000 0.1468509102 1.0382255898 2.1487868996 2.3079282494
0.4240000000 0.1472043190 1.0384138985 2.1489988289 2.3081794319
0.4250000000 0.1475575142 1.0386027107 2.1492111092 2.3084310799
0.4260000000 0.1479105110 1.0387920341 2.1494237404 2.3086831856
0.4270000000 0.1482633247 1.0389818535 2.1496367226 2.3089357567
0.4280000000 0.1486159630 1.0391721840 2.1498500404 2.3091887932
0.4290000000 0.1489684258 1.0393630180 2.1500637169 2.3094422874
0.4300000000 0.1493207359 1.0395543480 2.1502777290 2.3096962471
0.4310000000 0.1496728935 1.0397461891 2.1504920921 2.3099506645
0.4320000000 0.1500249062 1.0399385338 2.1507067986 2.3102055397
0.4330000000 0.1503767815 1.0401313896 2.1509218407 2.3104608727
0.4340000000 0.1507285271 1.0403247490 2.1511372337 2.3107166710
0.4350000000 0.1510801506 1.0405186119 2.1513529625 2.3109729195
0.4360000000 0.1514316521 1.0407129784 2.1515690422 2.3112296257
0.4370000000 0.1517830467 1.0409078560 2.1517854500 2.3114867897
0.4380000000 0.1521343269 1.0411032372 2.1520022011 2.3117444115
0.4390000000 0.1524855080 1.0412991295 2.1522192955 2.3120024910
0.4400000000 0.1528365898 1.0414955254 2.1524367256 2.3122610207
0.4410000000 0.1531875725 1.0416924248 2.1526544914 2.3125200005
0.4420000000 0.1535384712 1.0418898430 2.1528725929 2.3127794380
0.4430000000 0.1538892860 1.0420877571 2.1530910378 2.3130393257
0.4440000000 0.1542400169 1.0422861900 2.1533098106 2.3132996635
0.4450000000 0.1545906715 1.0424851265 2.1535289192 2.3135604515
0.4460000000 0.1549412498 1.0426845741 2.1537483635 2.3138216972
0.4470000000 0.1552917595 1.0428845253 2.1539681358 2.3140833855
0.4480000000 0.1556422005 1.0430849876 2.1541882439 2.3143455238
0.4490000000 0.1559925728 1.0432859612 2.1544086876 2.3146081123
0.4500000000 0.1563428917 1.0434874458 2.1546294594 2.3148711433
0.4510000000 0.1566931419 1.0436894417 2.1548505592 2.3151346321
0.4520000000 0.1570433388 1.0438919411 2.1550719872 2.3153985558
0.4530000000 0.1573934822 1.0440949593 2.1552937431 2.3156629295
0.4540000000 0.1577435722 1.0442984810 2.1555158348 2.3159277534
0.4550000000 0.1580936089 1.0445025139 2.1557382469 2.3161930122
0.4560000000 0.1584436073 1.0447070656 2.1559609871 2.3164587212
0.4570000000 0.1587935524 1.0449121208 2.1561840553 2.3167248726
0.4580000000 0.1591434593 1.0451176949 2.1564074440 2.3169914665
0.4590000000 0.1594933205 1.0453237724 2.1566311607 2.3172584953
0.4600000000 0.1598431435 1.0455303688 2.1568552055 2.3175259743
0.4610000000 0.1601929359 1.0457374763 2.1570795631 2.3177938881
0.4620000000 0.1605426826 1.0459450951 2.1573042488 2.3180622444
0.4630000000 0.1608923988 1.0461532249 2.1575292549 2.3183310432
0.4640000000 0.1612420845 1.0463618736 2.1577545891 2.3186002769
0.4650000000 0.1615917320 1.0465710258 2.1579802361 2.3188699455
0.4660000000 0.1619413567 1.0467806969 2.1582062035 2.3191400566
0.4670000000 0.1622909508 1.0469908867 2.1584324913 2.3194106026
0.4680000000 0.1626405220 1.0472015877 2.1586590919 2.3196815834
0.4690000000 0.1629900627 1.0474127998 2.1588860207 2.3199529991
0.4700000000 0.1633395805 1.0476245308 2.1591132545 2.3202248497
0.4710000000 0.1636890755 1.0478367729 2.1593408165 2.3204971352
0.4720000000 0.1640385551 1.0480495262 2.1595686836 2.3207698479
0.4730000000 0.1643880043 1.0482628059 2.1597968712 2.3210430031
0.4740000000 0.1647374458 1.0484765892 2.1600253716 2.3213165855
0.4750000000 0.1650868568 1.0486908989 2.1602541847 2.3215906029
0.4760000000 0.1654362602 1.0489057121 2.1604833107 2.3218650475
0.4770000000 0.1657856407 1.0491210518 2.1607127495 2.3221399193
0.4780000000 0.1661350136 1.0493369026 2.1609424934 2.3224152260
0.4790000000 0.1664843712 1.0495532722 2.1611725578 2.3226909599
0.4800000000 0.1668337135 1.0497701607 2.1614029274 2.3229671211
0.4810000000 0.1671830406 1.0499875603 2.1616336021 2.3232437096
0.4820000000 0.1675323601 1.0502054787 2.1618645897 2.3235207253
0.4830000000 0.1678816719 1.0504239159 2.1620958900 2.3237981682
0.4840000000 0.1682309685 1.0506428719 2.1623274879 2.3240760384
0.4850000000 0.1685802650 1.0508623390 2.1625593987 2.3243543358
0.4860000000 0.1689295464 1.0510823326 2.1627916145 2.3246330528
0.4870000000 0.1692788277 1.0513028374 2.1630241356 2.3249121971
0.4880000000 0.1696280937 1.0515238609 2.1632569618 2.3251917610
0.4890000000 0.1699773598 1.0517454109 2.1634900932 2.3254717522
0.4900000000 0.1703266258 1.0519674721 2.1637235222 2.3257521553
0.4910000000 0.1706758842 1.0521900520 2.1639572563 2.3260329933
0.4920000000 0.1710251427 1.0524131508 2.1641912956 2.3263142433
0.4930000000 0.1713743935 1.0526367760 2.1644256325 2.3265959129
0.4940000000 0.1717236443 1.0528609123 2.1646602669 2.3268780022
0.4950000000 0.1720729027 1.0530855751 2.1648952065 2.3271605186
0.4960000000 0.1724221535 1.0533107567 2.1651304436 2.3274434471
0.4970000000 0.1727714043 1.0535364494 2.1653659859 2.3277267876
0.4980000000 0.1731206551 1.0537626762 2.1656018181 2.3280105553
0.4990000000 0.1734699135 1.0539894142 2.1658379478 2.3282947350
0.5000000000 0.1738191719 1.0542166710 2.1660743752 2.3285793266
0.5010000000 0.1741684380 1.0544444542 2.1663111000 2.3288643379
0.5020000000 0.1745177040 1.0546727562 2.1665481224 2.3291497612
0.5030000000 0.1748669701 1.0549015846 2.1667854347 2.3294356041
0.5040000000 0.1752162437 1.0551309242 2.1670230446 2.3297218513
0.5050000000 0.1755655327 1.0553607903 2.1672609520 2.3300085182
0.5060000000 0.1759148140 1.0555911827 2.1674991417 2.3302955971
0.5070000000 0.1762641106 1.0558220940 2.1677376289 2.3305830803
0.5080000000 0.1766134148 1.0560535240 2.1679764061 2.3308709831
0.5090000000 0.1769627266 1.0562854805 2.1682154808 2.3311592903
0.5100000000 0.1773120461 1.0565179558 2.1684548378 2.3314480095
0.5110000000 0.1776613731 1.0567509575 2.1686944847 2.3317371330
0.5120000000 0.1780107079 1.0569844780 2.1689344215 2.3320266685
0.5130000000 0.1783600578 1.0572185249 2.1691746483 2.3323166161
0.5140000000 0.1787094154 1.0574530907 2.1694151649 2.3326069679
0.5150000000 0.1790587883 1.0576881828 2.1696559639 2.3328977242
0.5160000000 0.1794081688 1.0579237938 2.1698970528 2.3331888847
0.5170000000 0.1797575645 1.0581599312 2.1701384239 2.3334804573
0.5180000000 0.1801069756 1.0583965950 2.1703800850 2.3337724266
0.5190000000 0.1804564018 1.0586337852 2.1706220284 2.3340648079
0.5200000000 0.1808058357 1.0588714943 2.1708642540 2.3343575859
0.5210000000 0.1811552849 1.0591097298 2.1711067619 2.3346507683
0.5220000000 0.1815047493 1.0593484840 2.1713495598 2.3349443550
0.5230000000 0.1818542290 1.0595877724 2.1715926323 2.3352383461
0.5240000000 0.1822037315 1.0598275795 2.1718359871 2.3355327339
0.5250000000 0.1825532417 1.0600679131 2.1720796242 2.3358275261
0.5260000000 0.1829027748 1.0603087654 2.1723235435 2.3361227150
0.5270000000 0.1832523232 1.0605501518 2.1725677376 2.3364183006
0.5280000000 0.1836018944 1.0607920570 2.1728122139 2.3367142906
0.5290000000 0.1839514809 1.0610344887 2.1730569649 2.3370106773
0.5300000000 0.1843010826 1.0612774467 2.1733019981 2.3373074608
0.5310000000 0.1846507072 1.0615209389 2.1735473061 2.3376046410
0.5320000000 0.1850003548 1.0617649422 2.1737928963 2.3379022179
0.5330000000 0.1853500175 1.0620094795 2.1740387535 2.3382001915
0.5340000000 0.1856997032 1.0622545433 2.1742848930 2.3384985619
0.5350000000 0.1860494118 1.0625001335 2.1745312996 2.3387973213
0.5360000000 0.1863991432 1.0627462502 2.1747779884 2.3390964775
0.5370000000 0.1867488976 1.0629928932 2.1750249443 2.3393960304
0.5380000000 0.1870986748 1.0632400551 2.1752721748 2.3396959724
0.5390000000 0.1874484749 1.0634877510 2.1755196800 2.3399963112
0.5400000000 0.1877982979 1.0637359734 2.1757674522 2.3402970390
0.5410000000 0.1881481438 1.0639847221 2.1760154991 2.3405981560
0.5420000000 0.1884980202 1.0642339973 2.1762638206 2.3408996620
0.5430000000 0.1888479195 1.0644838066 2.1765124016 2.3412015648
0.5440000000 0.1891978416 1.0647341347 2.1767612572 2.3415038490
0.5450000000 0.1895477943 1.0649849892 2.1770103874 2.3418065300
0.5460000000 0.1898977776 1.0652363777 2.1772597771 2.3421095924
0.5470000000 0.1902477837 1.0654882927 2.1775094337 2.3424130516
0.5480000000 0.1905978127 1.0657407341 2.1777593651 2.3427168922
0.5490000000 0.1909478798 1.0659937019 2.1780095558 2.3430211143
0.5500000000 0.1912979698 1.0662471962 2.1782600136 2.3433257332
0.5510000000 0.1916480904 1.0665012245 2.1785107384 2.3436307259
0.5520000000 0.1919982414 1.0667557793 2.1787617302 2.3439361153
0.5530000000 0.1923484230 1.0670108604 2.1790129814 2.3442418785
0.5540000000 0.1926986351 1.0672664680 2.1792644997 2.3445480309
0.5550000000 0.1930488777 1.0675226097 2.1795162773 2.3448545647
0.5560000000 0.1933991585 1.0677792778 2.1797683220 2.3451614876
0.5570000000 0.1937494621 1.0680364723 2.1800206261 2.3454687843
0.5580000000 0.1940998039 1.0682942009 2.1802731895 2.3457764626
0.5590000000 0.1944501839 1.0685524559 2.1805260124 2.3460845222
0.5600000000 0.1948005943 1.0688112373 2.1807790947 2.3463929710
0.5610000000 0.1951510353 1.0690705528 2.1810324440 2.3467017860
0.5620000000 0.1955015144 1.0693303947 2.1812860451 2.3470109901
0.5630000000 0.1958520317 1.0695907631 2.1815399055 2.3473205681
0.5640000000 0.1962025795 1.0698516655 2.1817940254 2.3476305275
0.5650000000 0.1965531654 1.0701130943 2.1820484047 2.3479408607
0.5660000000 0.1969037895 1.0703750572 2.1823030357 2.3482515755
0.5670000000 0.1972544518 1.0706375465 2.1825579262 2.3485626640
0.5680000000 0.1976051521 1.0709005699 2.1828130684 2.3488741264
0.5690000000 0.1979558907 1.0711641121 2.1830684700 2.3491859703
0.5700000000 0.1983066673 1.0714281960 2.1833241234 2.3494981880
0.5710000000 0.1986574821 1.0716928062 2.1835800285 2.3498107719
0.5720000000 0.1990083427 1.0719579430 2.1838361855 2.3501237373
0.5730000000 0.1993592415 1.0722236137 2.1840926018 2.3504370766
0.5740000000 0.1997101784 1.0724898109 2.1843492699 2.3507507820
0.5750000000 0.2000611610 1.0727565422 2.1846061821 2.3510648613
0.5760000000 0.2004121819 1.0730238075 2.1848633537 2.3513793144
0.5770000000 0.2007632484 1.0732915993 2.1851207695 2.3516941414
0.5780000000 0.2011143608 1.0735599174 2.1853784370 2.3520093346
0.5790000000 0.2014655190 1.0738287697 2.1856363564 2.3523248940
0.5800000000 0.2018167152 1.0740981483 2.1858945198 2.3526408272
0.5810000000 0.2021679573 1.0743680687 2.1861529350 2.3529571266
0.5820000000 0.2025192451 1.0746385078 2.1864116020 2.3532737999
0.5830000000 0.2028705864 1.0749094810 2.1866705132 2.3535908394
0.5840000000 0.2032219658 1.0751809883 2.1869296684 2.3539082451
0.5850000000 0.2035733986 1.0754530296 2.1871890678 2.3542260170
0.5860000000 0.2039248772 1.0757255974 2.1874487190 2.3545441551
0.5870000000 0.2042764015 1.0759986916 2.1877086143 2.3548626518
0.5880000000 0.2046279793 1.0762723198 2.1879687462 2.3551815224
0.5890000000 0.2049796028 1.0765464821 2.1882291298 2.3555007591
0.5900000000 0.2053312798 1.0768211784 2.1884897575 2.3558203545
0.5910000000 0.2056830025 1.0770964012 2.1887506294 2.3561403160
0.5920000000 0.2060347862 1.0773721504 2.1890117378 2.3564606361
0.5930000000 0.2063866158 1.0776484413 2.1892730904 2.3567813225
0.5940000000 0.2067384987 1.0779252586 2.1895346870 2.3571023674
0.5950000000 0.2070904274 1.0782026024 2.1897965202 2.3574237785
0.5960000000 0.2074424248 1.0784804802 2.1900585976 2.3577455482
0.5970000000 0.2077944679 1.0787588921 2.1903209114 2.3580676765
0.5980000000 0.2081465645 1.0790378380 2.1905834618 2.3583901711
0.5990000000 0.2084987221 1.0793173103 2.1908462563 2.3587130165
0.6000000000 0.2088509331 1.0795973167 2.1911092873 2.3590362282
0.6010000000 0.2092031975 1.0798778496 2.1913725548 2.3593597984
0.6020000000 0.2095555229 1.0801589241 2.1916360664 2.3596837196
0.6030000000 0.2099079094 1.0804405174 2.1918998070 2.3600079994
0.6040000000 0.2102603569 1.0807226524 2.1921637840 2.3603326378
0.6050000000 0.2106128578 1.0810053139 2.1924280052 2.3606576347
0.6060000000 0.2109654198 1.0812885094 2.1926924553 2.3609829826
0.6070000000 0.2113180428 1.0815722313 2.1929571419 2.3613086891
0.6080000000 0.2116707268 1.0818564949 2.1932220573 2.3616347466
0.6090000000 0.2120234795 1.0821412849 2.1934872093 2.3619611626
0.6100000000 0.2123762856 1.0824266014 2.1937525978 2.3622879295
0.6110000000 0.2127291603 1.0827124519 2.1940182152 2.3626150551
0.6120000000 0.2130820961 1.0829988365 2.1942840691 2.3629425240
0.6130000000 0.2134351006 1.0832857552 2.1945501518 2.3632703514
0.6140000000 0.2137881737 1.0835732002 2.1948164635 2.3635985298
0.6150000000 0.2141413078 1.0838611794 2.1950830040 2.3639270592
0.6160000000 0.2144945107 1.0841496925 2.1953497810 2.3642559395
0.6170000000 0.2148477745 1.0844387321 2.1956167870 2.3645851631
0.6180000000 0.2152011147 1.0847283058 2.1958840218 2.3649147453
0.6190000000 0.2155545235 1.0850184135 2.1961514778 2.3652446709
0.6200000000 0.2159080009 1.0853090553 2.1964191704 2.3655749474
0.6210000000 0.2162615471 1.0856002235 2.1966870918 2.3659055748
0.6220000000 0.2166151695 1.0858919182 2.1969552345 2.3662365456
0.6230000000 0.2169688606 1.0861841545 2.1972236061 2.3665678673
0.6240000000 0.2173226204 1.0864769173 2.1974922066 2.3668995323
0.6250000000 0.2176764565 1.0867702141 2.1977610283 2.3672315407
0.6260000000 0.2180303688 1.0870640373 2.1980300789 2.3675639000
0.6270000000 0.2183843575 1.0873583946 2.1982993507 2.3678966026
0.6280000000 0.2187384224 1.0876532860 2.1985688515 2.3682296562
0.6290000000 0.2190925560 1.0879487038 2.1988385735 2.3685630455
0.6300000000 0.2194467735 1.0882446556 2.1991085167 2.3688967781
0.6310000000 0.2198010674 1.0885411415 2.1993786888 2.3692308617
0.6320000000 0.2201554451 1.0888381538 2.1996490746 2.3695652809
0.6330000000 0.2205098991 1.0891357002 2.1999196892 2.3699000435
0.6340000000 0.2208644295 1.0894337807 2.2001905251 2.3702351494
0.6350000000 0.2212190437 1.0897323875 2.2004615822 2.3705705986
0.6360000000 0.2215737419 1.0900315285 2.2007328606 2.3709063911
0.6370000000 0.2219285240 1.0903311958 2.2010043526 2.3712425194
0.6380000000 0.2222833824 1.0906314049 2.2012760658 2.3715789833
0.6390000000 0.2226383324 1.0909321327 2.2015480003 2.3719157906
0.6400000000 0.2229933662 1.0912333946 2.2018201561 2.3722529411
0.6410000000 0.2233484917 1.0915351906 2.2020925255 2.3725904274
0.6420000000 0.2237037010 1.0918375206 2.2023651161 2.3729282494
0.6430000000 0.2240589943 1.0921403770 2.2026379280 2.3732664070
0.6440000000 0.2244143791 1.0924437599 2.2029109459 2.3736049080
0.6450000000 0.2247698555 1.0927476845 2.2031841850 2.3739437370
0.6460000000 0.2251254234 1.0930521278 2.2034576454 2.3742829094
0.6470000000 0.2254810753 1.0933571129 2.2037313118 2.3746224174
0.6480000000 0.2258368263 1.0936626167 2.2040051994 2.3749622612
0.6490000000 0.2261926689 1.0939686623 2.2042793007 2.3753024330
0.6500000000 0.2265486107 1.0942752342 2.2045536156 2.3756429405
