0.0761000000 2.1017273975 2.2534831787
0.0771000000 2.1017729346 2.2535345068
0.0781000000 2.1018190576 2.2535864893
0.0791000000 2.1018657666 2.2536391357
0.0801000000 2.1019130518 2.2536924561
0.0811000000 2.1019609326 2.2537464307
0.0821000000 2.1020093994 2.2538010596
0.0831000000 2.1020584424 2.2538563623
0.0841000000 2.1021080811 2.2539123193
0.0851000000 2.1021582959 2.2539689502
0.0861000000 2.1022090967 2.2540262256
0.0871000000 2.1022604736 2.2540841748
0.0881000000 2.1023124365 2.2541427783
0.0891000000 2.1023649854 2.2542020459
0.0901000000 2.1024181201 2.2542619775
0.0911000000 2.1024718311 2.2543225635
0.0921000000 2.1025261182 2.2543838037
0.0931000000 2.1025809912 2.2544457080
0.0941000000 2.1026364502 2.2545082764
0.0951000000 2.1026924756 2.2545714990
0.0961000000 2.1027490967 2.2546353760
0.0971000000 2.1028062842 2.2546999170
0.0981000000 2.1028640576 2.2547651123
0.0991000000 2.1029224072 2.2548309717
0.1001000000 2.1029813330 2.2548974854
0.1011000000 2.1030408447 2.2549646533
0.1021000000 2.1031009229 2.2550324756
0.1031000000 2.1031615869 2.2551009619
0.1041000000 2.1032228271 2.2551700928
0.1051000000 2.1032846338 2.2552398877
0.1061000000 2.1033470264 2.2553103369
0.1071000000 2.1034099951 2.2553814404
0.1081000000 2.1034735303 2.2554531982
0.1091000000 2.1035376416 2.2555256104
0.1101000000 2.1036023291 2.2555986768
0.1111000000 2.1036675928 2.2556723975
0.1121000000 2.1037334229 2.2557467627
0.1131000000 2.1037998291 2.2558217920
0.1141000000 2.1038668115 2.2558974658
0.1151000000 2.1039343604 2.2559737939
0.1161000000 2.1040024854 2.2560507764
0.1171000000 2.1040711768 2.2561284131
0.1181000000 2.1041404443 2.2562066943
0.1191000000 2.1042102686 2.2562856299
0.1201000000 2.1042806787 2.2563652100
0.1211000000 2.1043516455 2.2564454443
0.1221000000 2.1044231885 2.2565263330
0.1231000000 2.1044952979 2.2566078662
0.1241000000 2.1045679736 2.2566900439
0.1251000000 2.1046412158 2.2567728760
0.1261000000 2.1047150244 2.2568563525
0.1271000000 2.1047893994 2.2569404736
0.1281000000 2.1048643408 2.2570252490
0.1291000000 2.1049398389 2.2571106689
0.1301000000 2.1050159131 2.2571967334
0.1311000000 2.1050925439 2.2572834522
0.1321000000 2.1051697412 2.2573708057
0.1331000000 2.1052475049 2.2574588037
0.1341000000 2.1053258252 2.2575474561
0.1351000000 2.1054047119 2.2576367432
0.1361000000 2.1054841650 2.2577266846
0.1371000000 2.1055641748 2.2578172607
0.1381000000 2.1056447412 2.2579084814
0.1391000000 2.1057258643 2.2580003467
0.1401000000 2.1058075537 2.2580928564
0.1411000000 2.1058897998 2.2581860010
0.1421000000 2.1059726025 2.2582797900
0.1431000000 2.1060559717 2.2583742236
0.1441000000 2.1061398877 2.2584692920
0.1451000000 2.1062243604 2.2585650049
0.1461000000 2.1063093994 2.2586613623
0.1471000000 2.1063949854 2.2587583447
0.1481000000 2.1064811279 2.2588559814
0.1491000000 2.1065678271 2.2589542432
0.1501000000 2.1066550732 2.2590531494
0.1511000000 2.1067428857 2.2591526904
0.1521000000 2.1068312451 2.2592528760
0.1531000000 2.1069201514 2.2593536865
0.1541000000 2.1070096143 2.2594551416
0.1551000000 2.1070996240 2.2595572314
0.1561000000 2.1071901904 2.2596599561
0.1571000000 2.1072813037 2.2597633057
0.1581000000 2.1073729639 2.2598672998
0.1591000000 2.1074651709 2.2599719287
0.1601000000 2.1075579346 2.2600771826
0.1611000000 2.1076512354 2.2601830811
0.1621000000 2.1077450928 2.2602896045
0.1631000000 2.1078394873 2.2603967529
0.1641000000 2.1079344385 2.2605045459
0.1651000000 2.1080299268 2.2606129639
0.1661000000 2.1081259619 2.2607220068
0.1671000000 2.1082225439 2.2608316846
0.1681000000 2.1083196631 2.2609419873
0.1691000000 2.1084173291 2.2610529248
0.1701000000 2.1085155322 2.2611644873
0.1711000000 2.1086142822 2.2612766846
0.1721000000 2.1087135693 2.2613895068
0.1731000000 2.1088134033 2.2615029541
0.1741000000 2.1089137646 2.2616170264
0.1751000000 2.1090146729 2.2617317236
0.1761000000 2.1091161182 2.2618470459
0.1771000000 2.1092181104 2.2619629932
0.1781000000 2.1093206299 2.2620795654
0.1791000000 2.1094236865 2.2621967627
0.1801000000 2.1095272803 2.2623145850
0.1811000000 2.1096314014 2.2624330225
0.1821000000 2.1097360693 2.2625520947
0.1831000000 2.1098412646 2.2626717822
0.1841000000 2.1099469971 2.2627920850
0.1851000000 2.1100532568 2.2629130127
0.1861000000 2.1101600537 2.2630345654
0.1871000000 2.1102673779 2.2631567334
0.1881000000 2.1103752295 2.2632795166
0.1891000000 2.1104836182 2.2634029248
0.1901000000 2.1105925342 2.2635269482
0.1911000000 2.1107019775 2.2636515869
0.1921000000 2.1108119482 2.2637768506
0.1931000000 2.1109224463 2.2639027197
0.1941000000 2.1110334717 2.2640292139
0.1951000000 2.1111450146 2.2641563232
0.1961000000 2.1112570947 2.2642840381
0.1971000000 2.1113696924 2.2644123779
0.1981000000 2.1114828174 2.2645413232
0.1991000000 2.1115964697 2.2646708838
0.2001000000 2.1117106396 2.2648010596
0.2011000000 2.1118253271 2.2649318408
0.2021000000 2.1119405420 2.2650632471
0.2031000000 2.1120562744 2.2651952490
0.2041000000 2.1121725244 2.2653278662
0.2051000000 2.1122893018 2.2654610986
0.2061000000 2.1124065869 2.2655949365
0.2071000000 2.1125243994 2.2657293799
0.2081000000 2.1126427197 2.2658644385
0.2091000000 2.1127615674 2.2660000928
0.2101000000 2.1128809229 2.2661363623
0.2111000000 2.1130007959 2.2662732373
0.2121000000 2.1131211768 2.2664107178
0.2131000000 2.1132420752 2.2665488037
0.2141000000 2.1133634912 2.2666874951
0.2151000000 2.1134854150 2.2668267920
0.2161000000 2.1136078467 2.2669666846
0.2171000000 2.1137307959 2.2671071826
0.2181000000 2.1138542529 2.2672482861
0.2191000000 2.1139782178 2.2673899951
0.2201000000 2.1141026904 2.2675322998
0.2211000000 2.1142276709 2.2676752002
0.2221000000 2.1143531592 2.2678187061
0.2231000000 2.1144791455 2.2679628174
0.2241000000 2.1146056494 2.2681075147
0.2251000000 2.1147326514 2.2682528174
0.2261000000 2.1148601611 2.2683987158
0.2271000000 2.1149881689 2.2685452100
0.2281000000 2.1151166846 2.2686923096
0.2291000000 2.1152456982 2.2688399951
0.2301000000 2.1153752197 2.2689882764
0.2311000000 2.1155052393 2.2691371533
0.2321000000 2.1156357568 2.2692866260
0.2331000000 2.1157667725 2.2694366846
0.2341000000 2.1158982861 2.2695873486
0.2351000000 2.1160302979 2.2697385889
0.2361000000 2.1161627979 2.2698904346
0.2371000000 2.1162958057 2.2700428662
0.2381000000 2.1164293018 2.2701958838
0.2391000000 2.1165632959 2.2703494971
0.2401000000 2.1166977881 2.2705036963
0.2411000000 2.1168327686 2.2706584814
0.2421000000 2.1169682373 2.2708138623
0.2431000000 2.1171042041 2.2709698193
0.2441000000 2.1172406592 2.2711263721
0.2451000000 2.1173776025 2.2712835107
0.2461000000 2.1175150342 2.2714412256
0.2471000000 2.1176529541 2.2715995361
0.2481000000 2.1177913623 2.2717584229
0.2491000000 2.1179302588 2.2719178955
0.2501000000 2.1180696436 2.2720779443
0.2511000000 2.1182095068 2.2722385889
0.2521000000 2.1183498584 2.2723997998
0.2531000000 2.1184906982 2.2725616064
0.2541000000 2.1186320166 2.2727239795
0.2551000000 2.1187738135 2.2728869385
0.2561000000 2.1189160986 2.2730504736
0.2571000000 2.1190588623 2.2732145947
0.2581000000 2.1192021045 2.2733792822
0.2591000000 2.1193458252 2.2735445557
0.2601000000 2.1194900244 2.2737104053
0.2611000000 2.1196347021 2.2738768213
0.2621000000 2.1197798584 2.2740438232
0.2631000000 2.1199254932 2.2742113916
0.2641000000 2.1200715967 2.2743795361
0.2651000000 2.1202181787 2.2745482568
0.2661000000 2.1203652393 2.2747175537
0.2671000000 2.1205127686 2.2748874072
0.2681000000 2.1206607666 2.2750578467
0.2691000000 2.1208092334 2.2752288525
0.2701000000 2.1209581787 2.2754004248
0.2711000000 2.1211075928 2.2755725635
0.2721000000 2.1212574756 2.2757452783
0.2731000000 2.1214078174 2.2759185596
0.2741000000 2.1215586377 2.2760924072
0.2751000000 2.1217099268 2.2762668213
0.2761000000 2.1218616748 2.2764418018
0.2771000000 2.1220138916 2.2766173389
0.2781000000 2.1221665674 2.2767934522
0.2791000000 2.1223197119 2.2769701221
0.2801000000 2.1224733154 2.2771473584
0.2811000000 2.1226273877 2.2773251611
0.2821000000 2.1227819092 2.2775035205
0.2831000000 2.1229368994 2.2776824463
0.2841000000 2.1230923486 2.2778619287
0.2851000000 2.1232482568 2.2780419678
0.2861000000 2.1234046240 2.2782225732
0.2871000000 2.1235614502 2.2784037354
0.2881000000 2.1237187256 2.2785854443
0.2891000000 2.1238764600 2.2787677295
0.2901000000 2.1240346533 2.2789505615
0.2911000000 2.1241932959 2.2791339404
0.2921000000 2.1243523975 2.2793178857
0.2931000000 2.1245119482 2.2795023877
0.2941000000 2.1246719482 2.2796874365
0.2951000000 2.1248323975 2.2798730420
0.2961000000 2.1249933057 2.2800592041
0.2971000000 2.1251546533 2.2802459131
0.2981000000 2.1253164502 2.2804331689
0.2991000000 2.1254787061 2.2806209814
