1.9900000010 0.0036250000 1.1144250000 1.6634250000 2.5619750000 3.2720750000
2.0000000010 0.0155250000 1.1210250000 1.6702750000 2.5631250000 3.2789250000
2.0100000010 0.0227750000 1.1276750000 1.6776250000 2.5641250000 3.2857250000
2.0200000010 0.0290750000 1.1342750000 1.6854250000 2.5650750000 3.2926250000
2.0300000010 0.0349250000 1.1409250000 1.6937250000 2.5658750000 3.2994750000
2.0400000010 0.0405750000 1.1475250000 1.7024750000 2.5665750000 3.3063750000
2.0500000010 0.0460250000 1.1541750000 1.7116750000 2.5671250000 3.3132750000
2.0600000010 0.0513750000 1.1607750000 1.7213250000 2.5675250000 3.3202250000
2.0700000010 0.0566250000 1.1674250000 1.7314250000 2.5678250000 3.3271250000
2.0800000010 0.0618750000 1.1740250000 1.7419750000 2.5679250000 3.3341250000
2.0900000010 0.0670750000 1.1806750000 1.7529250000 2.5678750000 3.3410750000
2.1000000010 0.0721750000 1.1872750000 1.7643250000 2.5676750000 3.3480750000
2.1100000010 0.0773250000 1.1938750000 1.7761250000 2.5672750000 3.3550750000
2.1200000010 0.0824250000 1.2005250000 1.7884250000 2.5666250000 3.3620750000
2.1300000010 0.0874750000 1.2071250000 1.8011250000 2.5658250000 3.3691250000
2.1400000010 0.0925750000 1.2137250000 1.8143250000 2.5647250000 3.3761750000
2.1500000010 0.0976250000 1.2203750000 1.8279750000 2.5634250000 3.3832250000
2.1600000010 0.1026250000 1.2269750000 1.8421250000 2.5618250000 3.3903250000
2.1700000010 0.1076750000 1.2335750000 1.8567750000 2.5599250000 3.3974250000
2.1800000010 0.1126750000 1.2401750000 1.8719250000 2.5577250000 3.4045250000
2.1900000010 0.1176750000 1.2468250000 1.8876750000 2.5551250000 3.4116750000
2.2000000010 0.1226750000 1.2534250000 1.9039750000 2.5521250000 3.4188250000
2.2100000010 0.1276750000 1.2600250000 1.9209250000 2.5487250000 3.4259750000
2.2200000010 0.1326750000 1.2666250000 1.9385250000 2.5448250000 3.4331750000
2.2300000010 0.1376750000 1.2732250000 1.9568750000 2.5403250000 3.4403750000
2.2400000010 0.1426250000 1.2798250000 1.9760250000 2.5352250000 3.4475750000
2.2500000010 0.1475750000 1.2864250000 1.9960750000 2.5293750000 3.4547750000
2.2600000010 0.1525750000 1.2930250000 2.0171750000 2.5226750000 3.4620250000
2.2700000010 0.1575250000 1.2996250000 2.0394250000 2.5149250000 3.4693250000
2.2800000010 0.1624750000 1.3062250000 2.0630750000 2.5059750000 3.4765750000
2.2900000010 0.1674250000 1.3128250000 2.0884750000 2.4954250000 3.4838750000
2.3000000010 0.1723750000 1.3194250000 2.1160750000 2.4828750000 3.4911750000
2.3100000010 0.1773250000 1.3260250000 2.1466750000 2.4674250000 3.4985250000
2.3200000010 0.1822750000 1.3326250000 2.1817250000 2.4476750000 3.5058750000
2.3300000010 0.1872250000 1.3392250000 2.2249250000 2.4199250000 3.5132250000
2.3400000010 0.1921250000 1.3458250000 2.2956750000 2.3647750000 3.5206250000
