4.2200000010 5.1317250000
4.2300000010 5.1409750000
4.2400000010 5.1502250000
4.2500000010 5.1595250000
4.2600000010 5.1687750000
4.2700000010 5.1780750000
4.2800000010 5.1873750000
4.2900000010 5.1966750000
4.3000000010 5.2059750000
4.3100000010 5.2152750000
4.3200000010 5.2246250000
4.3300000010 5.2339250000
4.3400000010 5.2432750000
4.3500000010 5.2526250000
4.3600000010 5.2619750000
4.3700000010 5.2713250000
4.3800000010 5.2806750000
4.3900000010 5.2900250000
4.4000000010 5.2994250000
4.4100000010 5.3088250000
4.4200000010 5.3181750000
4.4300000010 5.3275750000
4.4400000010 5.3369750000
4.4500000010 5.3464250000
4.4600000010 5.3558250000
4.4700000010 5.3652250000
4.4800000010 5.3746750000
4.4900000010 5.3841250000
4.5000000010 5.3935750000
4.5100000010 5.4030250000
4.5200000010 5.4124750000
4.5300000010 5.4219250000
4.5400000010 5.4314250000
4.5500000010 5.4409250000
4.5600000010 5.4503750000
4.5700000010 5.4598750000
4.5800000010 5.4694250000
4.5900000010 5.4789250000
4.6000000010 5.4884250000
4.6100000010 5.4979750000
4.6200000010 5.5074750000
4.6300000010 5.5170250000
4.6400000010 5.5265750000
4.6500000010 5.5361250000
4.6600000010 5.5457250000
4.6700000010 5.5552750000
4.6800000010 5.5648750000
4.6900000010 5.5744250000
4.7000000010 5.5840250000
4.7100000010 5.5936250000
4.7200000010 5.6032250000
4.7300000010 5.6128750000
4.7400000010 5.6224750000
4.7500000010 5.6321250000
4.7600000010 5.6417750000
4.7700000010 5.6514250000
4.7800000010 5.6610750000
4.7900000010 5.6707250000
4.8000000010 5.6803750000
4.8100000010 5.6900750000
4.8200000010 5.6997750000
4.8300000010 5.7094250000
4.8400000010 5.7191250000
4.8500000010 5.7288750000
4.8600000010 5.7385750000
4.8700000010 5.7482750000
4.8800000010 5.7580250000
4.8900000010 5.7677750000
4.9000000010 5.7775250000
4.9100000010 5.7872750000
4.9200000010 5.7970250000
4.9300000010 5.8067750000
4.9400000010 5.8165750000
4.9500000010 5.8263750000
4.9600000010 5.8361250000
4.9700000010 5.8459250000
4.9800000010 5.8557750000
4.9900000010 5.8655750000
