2.3500000010 0.1970750000 1.3524250000 3.5280250000
2.3600000010 0.2019750000 1.3590250000 3.5354250000
2.3700000010 0.2069250000 1.3656250000 3.5428250000
2.3800000010 0.2118250000 1.3722250000 3.5502750000
2.3900000010 0.2167750000 1.3787750000 3.5577250000
2.4000000010 0.2216750000 1.3853750000 3.5652250000
2.4100000010 0.2265750000 1.3919750000 3.5727250000
2.4200000010 0.2314750000 1.3985750000 3.5802250000
2.4300000010 0.2363750000 1.4051750000 3.5877750000
2.4400000010 0.2412750000 1.4117250000 3.5953250000
2.4500000010 0.2461750000 1.4183250000 3.6028750000
2.4600000010 0.2510750000 1.4249250000 3.6104750000
2.4700000010 0.2559750000 1.4315250000 3.6180750000
2.4800000010 0.2608750000 1.4380750000 3.6256750000
2.4900000010 0.2657750000 1.4446750000 3.6333250000
2.5000000010 0.2706750000 1.4512750000 3.6409750000
2.5100000010 0.2755750000 1.4578750000 3.6486250000
2.5200000010 0.2804250000 1.4644750000 3.6563250000
2.5300000010 0.2853250000 1.4710750000 3.6640250000
2.5400000010 0.2902250000 1.4776750000 3.6717250000
2.5500000010 0.2950750000 1.4842250000 3.6794750000
2.5600000010 0.2999750000 1.4908250000 3.6872250000
2.5700000010 0.3048250000 1.4974250000 3.6949750000
2.5800000010 0.3097250000 1.5040250000 3.7027750000
2.5900000010 0.3146250000 1.5106750000 3.7105750000
2.6000000010 0.3194750000 1.5172750000 3.7184250000
2.6100000010 0.3243750000 1.5238750000 3.7262250000
2.6200000010 0.3292250000 1.5304750000 3.7341250000
2.6300000010 0.3341250000 1.5371250000 3.7419750000
2.6400000010 0.3390250000 1.5437250000 3.7498750000
2.6500000010 0.3438750000 1.5503750000 3.7577750000
2.6600000010 0.3487750000 1.5569750000 3.7657250000
2.6700000010 0.3536750000 1.5636250000 3.7736750000
2.6800000010 0.3585750000 1.5702750000 3.7816250000
2.6900000010 0.3634750000 1.5769750000 3.7896250000
2.7000000010 0.3683750000 1.5836250000 3.7976250000
2.7100000010 0.3732750000 1.5903250000 3.8056750000
2.7200000010 0.3781750000 1.5970250000 3.8137250000
2.7300000010 0.3831250000 1.6037250000 3.8217750000
2.7400000010 0.3880750000 1.6104750000 3.8298250000
2.7500000010 0.3930250000 1.6172750000 3.8379250000
2.7600000010 0.3979750000 1.6241250000 3.8460750000
2.7700000010 0.4029750000 1.6310750000 3.8542250000
2.7800000010 0.4079750000 1.6381250000 3.8623750000
2.7900000010 0.4130250000 1.6449750000 3.8705250000
2.8000000010 0.4180750000 1.6517250000 3.8787250000
2.8100000010 0.4231750000 1.6584750000 3.8869750000
2.8200000010 0.4283750000 1.6652250000 3.8951750000
2.8300000010 0.4335750000 1.6719250000 3.9034750000
2.8400000010 0.4389250000 1.6786250000 3.9117250000
2.8500000010 0.4444250000 1.6852750000 3.9200250000
2.8600000010 0.4501250000 1.6919250000 3.9283750000
