2.8800000010 0.5387250000 1.7051750000 3.9450750000
2.8900000010 0.5609250000 1.7118250000 3.9534750000
2.9000000010 0.5799250000 1.7183750000 3.9619250000
2.9100000010 0.5970750000 1.7249750000 3.9703750000
2.9200000010 0.6130750000 1.7315250000 3.9788250000
2.9300000010 0.6282750000 1.7381250000 3.9873250000
2.9400000010 0.6427750000 1.7446750000 3.9958750000
2.9500000010 0.6567750000 1.7511750000 4.0044750000
2.9600000010 0.6703750000 1.7577250000 4.0131250000
2.9700000010 0.6835750000 1.7642250000 4.0217750000
2.9800000010 0.6965250000 1.7707250000 4.0303750000
2.9900000010 0.7092750000 1.7771750000 4.0389750000
3.0000000010 0.7217750000 1.7836250000 4.0475750000
3.0100000010 0.7340750000 1.7901250000 4.0561250000
3.0200000010 0.7462250000 1.7965250000 4.0647250000
3.0300000010 0.7582250000 1.8029750000 4.0733250000
3.0400000010 0.7700750000 1.8093750000 4.0819250000
3.0500000010 0.7818750000 1.8157750000 4.0904750000
3.0600000010 0.7935250000 1.8221750000 4.0990750000
3.0700000010 0.8050750000 1.8285250000 4.1076750000
3.0800000010 0.8165750000 1.8348750000 4.1162750000
3.0900000010 0.8279750000 1.8412250000 4.1248750000
3.1000000010 0.8393250000 1.8475750000 4.1334750000
3.1100000010 0.8506250000 1.8538750000 4.1420750000
3.1200000010 0.8618750000 1.8601750000 4.1506750000
3.1300000010 0.8730750000 1.8664250000 4.1593250000
3.1400000010 0.8842250000 1.8727250000 4.1679250000
3.1500000010 0.8953250000 1.8789750000 4.1765750000
3.1600000010 0.9063750000 1.8851750000 4.1851750000
3.1700000010 0.9174250000 1.8913750000 4.1938250000
3.1800000010 0.9284250000 1.8975750000 4.2024750000
3.1900000010 0.9394250000 1.9037750000 4.2110750000
3.2000000010 0.9503750000 1.9099250000 4.2197250000
3.2100000010 0.9613250000 1.9160750000 4.2283750000
3.2200000010 0.9722750000 1.9221750000 4.2370750000
3.2300000010 0.9831750000 1.9282750000 4.2457250000
3.2400000010 0.9940750000 1.9343750000 4.2543750000
3.2500000010 1.0049750000 1.9404250000 4.2630750000
3.2600000010 1.0158250000 1.9464750000 4.2717250000
3.2700000010 1.0267250000 1.9525250000 4.2804250000
3.2800000010 1.0375750000 1.9585250000 4.2891250000
3.2900000010 1.0484250000 1.9644750000 4.2978250000
3.3000000010 1.0592750000 1.9704250000 4.3065250000
3.3100000010 1.0701250000 1.9763750000 4.3152250000
3.3200000010 1.0809750000 1.9822750000 4.3239250000
3.3300000010 1.0918750000 1.9881750000 4.3326250000
3.3400000010 1.1027250000 1.9940750000 4.3413750000
3.3500000010 1.1135750000 1.9998750000 4.3500750000
3.3600000010 1.1244250000 2.0057250000 4.3588250000
3.3700000010 1.1352750000 2.0115250000 4.3675750000
3.3800000010 1.1461750000 2.0172750000 4.3763250000
3.3900000010 1.1570250000 2.0230250000 4.3850750000
3.4000000010 1.1679250000 2.0287250000 4.3938250000
3.4100000010 1.1787750000 2.0344250000 4.4025750000
3.4200000010 1.1896750000 2.0400750000 4.4113250000
3.4300000010 1.2005750000 2.0457250000 4.4201250000
3.4400000010 1.2115250000 2.0513250000 4.4288750000
3.4500000010 1.2224250000 2.0569250000 4.4376750000
3.4600000010 1.2333750000 2.0624250000 4.4464750000
3.4700000010 1.2442750000 2.0679750000 4.4552750000
3.4800000010 1.2552250000 2.0734250000 4.4640750000
3.4900000010 1.2662250000 2.0789250000 4.4728750000
3.5000000010 1.2771750000 2.0843250000 4.4816750000
3.5100000010 1.2881750000 2.0897250000 4.4904750000
3.5200000010 1.2991750000 2.0950750000 4.4993250000
3.5300000010 1.3101750000 2.1003750000 4.5081250000
3.5400000010 1.3211750000 2.1056750000 4.5169750000
3.5500000010 1.3321750000 2.1109250000 4.5258250000
3.5600000010 1.3432250000 2.1161250000 4.5346750000
3.5700000010 1.3542750000 2.1212750000 4.5435250000
3.5800000010 1.3653250000 2.1264250000 4.5523750000
3.5900000010 1.3763750000 2.1315250000 4.5612250000
3.6000000010 1.3874750000 2.1365750000 4.5701250000
3.6100000010 1.3985250000 2.1415750000 4.5789750000
3.6200000010 1.4096250000 2.1465750000 4.5878750000
3.6300000010 1.4207250000 2.1514750000 4.5967750000
3.6400000010 1.4318250000 2.1563750000 4.6056250000
3.6500000010 1.4429250000 2.1611750000 4.6145250000
3.6600000010 1.4540750000 2.1659750000 4.6234250000
3.6700000010 1.4651750000 2.1707250000 4.6323750000
3.6800000010 1.4763250000 2.1754250000 4.6412750000
3.6900000010 1.4874250000 2.1800750000 4.6501750000
3.7000000010 1.4985750000 2.1846250000 4.6591250000
3.7100000010 1.5096750000 2.1891750000 4.6680750000
3.7200000010 1.5207750000 2.1936250000 4.6769750000
3.7300000010 1.5319250000 2.1980750000 4.6859250000
3.7400000010 1.5430250000 2.2024250000 4.6948750000
3.7500000010 1.5541250000 2.2067250000 4.7038250000
3.7600000010 1.5652250000 2.2109750000 4.7128250000
3.7700000010 1.5762750000 2.2151250000 4.7217750000
3.7800000010 1.5873250000 2.2192750000 4.7307250000
3.7900000010 1.5983750000 2.2232750000 4.7397250000
3.8000000010 1.6093750000 2.2272750000 4.7487250000
3.8100000010 1.6203750000 2.2311750000 4.7577250000
3.8200000010 1.6313250000 2.2349750000 4.7667250000
3.8300000010 1.6422250000 2.2387250000 4.7757250000
3.8400000010 1.6531250000 2.2423750000 4.7847250000
3.8500000010 1.6639250000 2.2459750000 4.7937250000
3.8600000010 1.6746750000 2.2494250000 4.8027750000
3.8700000010 1.6853750000 2.2528250000 4.8117750000
3.8800000010 1.6960250000 2.2561250000 4.8208250000
3.8900000010 1.7065750000 2.2593250000 4.8298750000
3.9000000010 1.7170750000 2.2624250000 4.8389250000
3.9100000010 1.7274750000 2.2654250000 4.8479750000
3.9200000010 1.7377250000 2.2683250000 4.8570250000
3.9300000010 1.7478750000 2.2710750000 4.8660750000
3.9400000010 1.7579250000 2.2737250000 4.8751750000
3.9500000010 1.7677750000 2.2762250000 4.8842250000
3.9600000010 1.7774750000 2.2785750000 4.8933250000
3.9700000010 1.7870250000 2.2807750000 4.9024250000
3.9800000010 1.7963250000 2.2828250000 4.9114750000
3.9900000010 1.8054250000 2.2847250000 4.9206250000
4.0000000010 1.8141750000 2.2864750000 4.9297250000
4.0100000010 1.8226750000 2.2880250000 4.9388250000
4.0200000010 1.8307250000 2.2893750000 4.9479250000
4.0300000010 1.8381750000 2.2904750000 4.9570750000
4.0400000010 1.8446250000 2.2913750000 4.9662250000
4.0500000010 1.8515250000 2.2920250000 4.9753250000
4.0600000010 1.8594750000 2.2924250000 4.9844750000
4.0700000010 1.8682250000 2.2925250000 4.9936250000
4.0800000010 1.8776750000 2.2922750000 5.0028250000
4.0900000010 1.8877750000 2.2916750000 5.0119750000
4.1000000010 1.8986250000 2.2907250000 5.0211250000
4.1100000010 1.9101750000 2.2892750000 5.0303250000
4.1200000010 1.9224750000 2.2873250000 5.0395250000
4.1300000010 1.9356250000 2.2848250000 5.0487250000
4.1400000010 1.9496750000 2.2816250000 5.0578750000
4.1500000010 1.9647750000 2.2775750000 5.0671250000
4.1600000010 1.9810750000 2.2725750000 5.0763250000
4.1700000010 1.9988250000 2.2662750000 5.0855250000
4.1800000010 2.0184750000 2.2583750000 5.0947750000
4.1900000010 2.0406750000 2.2480750000 5.1039750000
4.2000000010 2.0668750000 2.2339750000 5.1132250000
4.2100000010 2.1011750000 2.2120250000 5.1224750000
