0.1000000010 0.0497227686 0.9992502783 2.1030188721 2.3523000049
0.2000000010 0.0986482373 0.9972962646 2.1117770264 2.3658105615
0.3000000010 0.1459772021 0.9950028760 2.1254979248 2.3874535596
0.4000000010 0.1909735400 0.9937397510 2.1431959522 2.4161655811
0.5000000010 0.2332503955 0.9952581201 2.1639297217 2.4508149268
0.6000000010 0.2740640967 1.0014876807 2.1869423096 2.4903538721
0.7000000010 0.3119207568 1.0142419385 2.2116908154 2.5338925440
0.8000000010 0.3366545166 1.0348754150 2.2378115967 2.5807159619
0.9000000010 0.3468402295 1.0640136670 2.2650634815 2.6302712158
1.0000000010 0.3398162061 1.1014867529 2.2932726025 2.6821433154
1.1000000010 0.3284290967 1.1464864014 2.3222869971 2.7360293799
1.2000000010 0.3039574170 1.1978322412 2.3519412451 2.7917152490
1.3000000010 0.2663242529 1.2542074561 2.3820277393 2.8490556201
1.4000000010 0.2181432471 1.3142932178 2.4122699951 2.9079576904
1.5000000010 0.1585043213 1.3767991260 2.4422927002 2.9683679151
1.6000000010 0.0731213037 1.4404039697 2.4715812647 3.0302614893
