0.7000000010 1.2233157568
0.8000000010 1.2845663037
0.9000000010 1.3508216943
1.0000000010 1.4213939209
1.1000000010 1.4956766943
1.2000000010 1.5731450635
1.3000000010 1.6533498682
1.4000000010 1.7359097022
1.5000000010 1.8205020557
1.6000000010 1.9068547412
1.7000000010 1.9947380225
1.8000000010 2.0839577490
1.9000000010 2.1743495264
2.0000000010 2.2657737451
2.1000000010 2.3581114893
2.2000000010 2.4512611279
2.3000000010 2.5451355225
2.4000000010 2.6396596533
2.5000000010 2.7347687842
2.6000000010 2.8304068213
2.7000000010 2.9265250440
2.8000000010 3.0230809815
2.9000000010 3.1200375342
3.0000000010 3.2173622022
3.1000000010 3.3150264795
3.2000000010 3.4130052686
3.3000000010 3.5112764990
3.4000000010 3.6098206787
3.5000000010 3.7086206397
3.6000000010 3.8076612061
3.7000000010 3.9069289990
3.8000000010 4.0064122217
3.9000000010 4.1061005029
4.0000000010 4.2059847022
4.1000000010 4.3060568701
4.2000000010 4.4063100732
4.3000000010 4.5067382959
4.4000000010 4.6073364307
4.5000000010 4.7081001318
4.6000000010 4.8090258154
4.7000000010 4.9101105810
4.8000000010 5.0113521631
4.9000000010 5.1127489306
