4.2231000000 0.0000145378
4.2241000000 0.0000602455
4.2251000000 0.0001058235
4.2261000000 0.0001512718
4.2271000000 0.0001965828
4.2281000000 0.0002417641
4.2291000000 0.0002868156
4.2301000000 0.0003317375
4.2311000000 0.0003765221
4.2321000000 0.0004211769
4.2331000000 0.0004657021
4.2341000000 0.0005100899
4.2351000000 0.0005543556
4.2361000000 0.0005984840
4.2371000000 0.0006424828
4.2381000000 0.0006863518
4.2391000000 0.0007300835
4.2401000000 0.0007736855
4.2411000000 0.0008171577
4.2421000000 0.0008605003
4.2431000000 0.0009037132
4.2441000000 0.0009467888
4.2451000000 0.0009897346
4.2461000000 0.0010325508
4.2471000000 0.0010752373
4.2481000000 0.0011177940
4.2491000000 0.0011602135
4.2501000000 0.0012025032
4.2511000000 0.0012446632
4.2521000000 0.0012866936
4.2531000000 0.0013285942
4.2541000000 0.0013703575
4.2551000000 0.0014119987
4.2561000000 0.0014535027
4.2571000000 0.0014948769
4.2581000000 0.0015361214
4.2591000000 0.0015772285
4.2601000000 0.0016182137
4.2611000000 0.0016590614
4.2621000000 0.0016997871
4.2631000000 0.0017403755
4.2641000000 0.0017808342
4.2651000000 0.0018211555
4.2661000000 0.0018613548
4.2671000000 0.0019014244
4.2681000000 0.0019413567
4.2691000000 0.0019811592
4.2701000000 0.0020208397
4.2711000000 0.0020603828
4.2721000000 0.0020997963
4.2731000000 0.0021390724
4.2741000000 0.0021782265
4.2751000000 0.0022172508
4.2761000000 0.0022561378
4.2771000000 0.0022949028
4.2781000000 0.0023335304
4.2791000000 0.0023720284
4.2801000000 0.0024103966
4.2811000000 0.0024486351
4.2821000000 0.0024867439
4.2831000000 0.0025247231
4.2841000000 0.0025625725
4.2851000000 0.0026002846
4.2861000000 0.0026378746
4.2871000000 0.0026753273
4.2881000000 0.0027126579
4.2891000000 0.0027498512
4.2901000000 0.0027869225
4.2911000000 0.0028238564
4.2921000000 0.0028606606
4.2931000000 0.0028973351
4.2941000000 0.0029338799
4.2951000000 0.0029702950
4.2961000000 0.0030065804
4.2971000000 0.0030427361
4.2981000000 0.0030787621
4.2991000000 0.0031146584
4.3001000000 0.0031504250
4.3011000000 0.0031860619
4.3021000000 0.0032215614
4.3031000000 0.0032569389
4.3041000000 0.0032921867
4.3051000000 0.0033272972
4.3061000000 0.0033622856
4.3071000000 0.0033971443
4.3081000000 0.0034318657
4.3091000000 0.0034664650
4.3101000000 0.0035009270
4.3111000000 0.0035352669
4.3121000000 0.0035694771
4.3131000000 0.0036035500
4.3141000000 0.0036375008
4.3151000000 0.0036713142
4.3161000000 0.0037050056
4.3171000000 0.0037385597
4.3181000000 0.0037719917
4.3191000000 0.0038052864
4.3201000000 0.0038384590
4.3211000000 0.0038715019
4.3221000000 0.0039044075
4.3231000000 0.0039371910
4.3241000000 0.0039698372
4.3251000000 0.0040023613
4.3261000000 0.0040347557
4.3271000000 0.0040670204
4.3281000000 0.0040991478
4.3291000000 0.0041311531
4.3301000000 0.0041630287
4.3311000000 0.0041947746
4.3321000000 0.0042263908
4.3331000000 0.0042578773
4.3341000000 0.0042892342
4.3351000000 0.0043204613
4.3361000000 0.0043515587
4.3371000000 0.0043825264
4.3381000000 0.0044133644
4.3391000000 0.0044440727
4.3401000000 0.0044746590
4.3411000000 0.0045051079
4.3421000000 0.0045354271
4.3431000000 0.0045656242
4.3441000000 0.0045956917
4.3451000000 0.0046256218
4.3461000000 0.0046554298
4.3471000000 0.0046851082
4.3481000000 0.0047146492
4.3491000000 0.0047440681
4.3501000000 0.0047733574
4.3511000000 0.0048025169
4.3521000000 0.0048315544
4.3531000000 0.0048604546
4.3541000000 0.0048892250
4.3551000000 0.0049178734
4.3561000000 0.0049463844
4.3571000000 0.0049747734
4.3581000000 0.0050030251
4.3591000000 0.0050311546
4.3601000000 0.0050591545
4.3611000000 0.0050870247
4.3621000000 0.0051147652
4.3631000000 0.0051423759
4.3641000000 0.0051698647
4.3651000000 0.0051972160
4.3661000000 0.0052244453
4.3671000000 0.0052515373
4.3681000000 0.0052785072
4.3691000000 0.0053053474
4.3701000000 0.0053320580
4.3711000000 0.0053586388
4.3721000000 0.0053850899
4.3731000000 0.0054114113
4.3741000000 0.0054376106
4.3751000000 0.0054636726
4.3761000000 0.0054896126
4.3771000000 0.0055154228
4.3781000000 0.0055411034
4.3791000000 0.0055666542
4.3801000000 0.0055920753
4.3811000000 0.0056173744
4.3821000000 0.0056425362
4.3831000000 0.0056675758
4.3841000000 0.0056924858
4.3851000000 0.0057172661
4.3861000000 0.0057419167
4.3871000000 0.0057664375
4.3881000000 0.0057908287
4.3891000000 0.0058150978
4.3901000000 0.0058392296
4.3911000000 0.0058632393
4.3921000000 0.0058871193
4.3931000000 0.0059108696
4.3941000000 0.0059344978
4.3951000000 0.0059579887
4.3961000000 0.0059813576
4.3971000000 0.0060045967
4.3981000000 0.0060277061
4.3991000000 0.0060506859
4.4001000000 0.0060735359
4.4011000000 0.0060962563
4.4021000000 0.0061188545
4.4031000000 0.0061413231
4.4041000000 0.0061636620
4.4051000000 0.0061858711
4.4061000000 0.0062079506
4.4071000000 0.0062299080
4.4081000000 0.0062517281
4.4091000000 0.0062734261
4.4101000000 0.0062949944
4.4111000000 0.0063164330
4.4121000000 0.0063377495
4.4131000000 0.0063589287
4.4141000000 0.0063799858
4.4151000000 0.0064009132
4.4161000000 0.0064217110
4.4171000000 0.0064423866
4.4181000000 0.0064629250
4.4191000000 0.0064833412
4.4201000000 0.0065036278
4.4211000000 0.0065237846
4.4221000000 0.0065438118
4.4231000000 0.0065637169
4.4241000000 0.0065834846
4.4251000000 0.0066031303
4.4261000000 0.0066226463
4.4271000000 0.0066420403
4.4281000000 0.0066612968
4.4291000000 0.0066804314
4.4301000000 0.0066994362
4.4311000000 0.0067183113
4.4321000000 0.0067370567
4.4331000000 0.0067556801
4.4341000000 0.0067741737
4.4351000000 0.0067925377
4.4361000000 0.0068107719
4.4371000000 0.0068288765
4.4381000000 0.0068468590
4.4391000000 0.0068647118
4.4401000000 0.0068824348
4.4411000000 0.0069000282
4.4421000000 0.0069174995
4.4431000000 0.0069348335
4.4441000000 0.0069520454
4.4451000000 0.0069691277
4.4461000000 0.0069860878
4.4471000000 0.0070029106
4.4481000000 0.0070196114
4.4491000000 0.0070361824
4.4501000000 0.0070526314
4.4511000000 0.0070689430
4.4521000000 0.0070851326
4.4531000000 0.0071011925
4.4541000000 0.0071171227
4.4551000000 0.0071329308
4.4561000000 0.0071486015
4.4571000000 0.0071641502
4.4581000000 0.0071795769
4.4591000000 0.0071948662
4.4601000000 0.0072100334
4.4611000000 0.0072250710
4.4621000000 0.0072399788
4.4631000000 0.0072547569
4.4641000000 0.0072694130
4.4651000000 0.0072839394
4.4661000000 0.0072983360
4.4671000000 0.0073126030
4.4681000000 0.0073267479
4.4691000000 0.0073407555
4.4701000000 0.0073546410
4.4711000000 0.0073684044
4.4721000000 0.0073820305
4.4731000000 0.0073955345
4.4741000000 0.0074089088
4.4751000000 0.0074221611
4.4761000000 0.0074352760
4.4771000000 0.0074482689
4.4781000000 0.0074611320
4.4791000000 0.0074738731
4.4801000000 0.0074864769
4.4811000000 0.0074989586
4.4821000000 0.0075113106
4.4831000000 0.0075235329
4.4841000000 0.0075356331
4.4851000000 0.0075476036
4.4861000000 0.0075594444
4.4871000000 0.0075711632
4.4881000000 0.0075827446
4.4891000000 0.0075942039
4.4901000000 0.0076055336
4.4911000000 0.0076167412
4.4921000000 0.0076278114
4.4931000000 0.0076387596
4.4941000000 0.0076495857
4.4951000000 0.0076602745
4.4961000000 0.0076708412
4.4971000000 0.0076812782
4.4981000000 0.0076915855
4.4991000000 0.0077017708
4.5001000000 0.0077118263
4.5011000000 0.0077217522
4.5021000000 0.0077315483
4.5031000000 0.0077412224
4.5041000000 0.0077507668
4.5051000000 0.0077601814
4.5061000000 0.0077694664
4.5071000000 0.0077786293
4.5081000000 0.0077876625
4.5091000000 0.0077965660
4.5101000000 0.0078053474
4.5111000000 0.0078139992
4.5121000000 0.0078225212
4.5131000000 0.0078309135
4.5141000000 0.0078391838
4.5151000000 0.0078473244
4.5161000000 0.0078553352
4.5171000000 0.0078632164
4.5181000000 0.0078709755
4.5191000000 0.0078786049
4.5201000000 0.0078861046
4.5211000000 0.0078934822
4.5221000000 0.0079007301
4.5231000000 0.0079078484
4.5241000000 0.0079148369
4.5251000000 0.0079217033
4.5261000000 0.0079284401
4.5271000000 0.0079350471
4.5281000000 0.0079415321
4.5291000000 0.0079478874
4.5301000000 0.0079541130
4.5311000000 0.0079602089
4.5321000000 0.0079661827
4.5331000000 0.0079720192
4.5341000000 0.0079777412
4.5351000000 0.0079833260
4.5361000000 0.0079887886
4.5371000000 0.0079941216
4.5381000000 0.0079993248
4.5391000000 0.0080044060
4.5401000000 0.0080093575
4.5411000000 0.0080141792
4.5421000000 0.0080188713
4.5431000000 0.0080234413
4.5441000000 0.0080278816
4.5451000000 0.0080321922
4.5461000000 0.0080363808
4.5471000000 0.0080404396
4.5481000000 0.0080443687
4.5491000000 0.0080481682
4.5501000000 0.0080518456
4.5511000000 0.0080553932
4.5521000000 0.0080588112
4.5531000000 0.0080621071
4.5541000000 0.0080652733
4.5551000000 0.0080683098
4.5561000000 0.0080712166
4.5571000000 0.0080740013
4.5581000000 0.0080766563
4.5591000000 0.0080791817
4.5601000000 0.0080815849
4.5611000000 0.0080838585
4.5621000000 0.0080860023
4.5631000000 0.0080880165
4.5641000000 0.0080899086
4.5651000000 0.0080916710
4.5661000000 0.0080933037
4.5671000000 0.0080948143
4.5681000000 0.0080961952
4.5691000000 0.0080974464
4.5701000000 0.0080985680
4.5711000000 0.0080995674
4.5721000000 0.0081004372
4.5731000000 0.0081011772
4.5741000000 0.0081017876
4.5751000000 0.0081022758
4.5761000000 0.0081026344
4.5771000000 0.0081028709
4.5781000000 0.0081029701
4.5791000000 0.0081029472
4.5801000000 0.0081028023
4.5811000000 0.0081025200
4.5821000000 0.0081021156
4.5831000000 0.0081015816
4.5841000000 0.0081009178
4.5851000000 0.0081001320
4.5861000000 0.0080992165
4.5871000000 0.0080981712
4.5881000000 0.0080970039
4.5891000000 0.0080957069
4.5901000000 0.0080942802
4.5911000000 0.0080927238
4.5921000000 0.0080910454
4.5931000000 0.0080892296
4.5941000000 0.0080872993
4.5951000000 0.0080852318
4.5961000000 0.0080830421
4.5971000000 0.0080807228
4.5981000000 0.0080782738
4.5991000000 0.0080757027
4.6001000000 0.0080730019
4.6011000000 0.0080701714
4.6021000000 0.0080672112
4.6031000000 0.0080641289
4.6041000000 0.0080609169
4.6051000000 0.0080575752
4.6061000000 0.0080541115
4.6071000000 0.0080505180
4.6081000000 0.0080467949
4.6091000000 0.0080429420
4.6101000000 0.0080389671
4.6111000000 0.0080348625
4.6121000000 0.0080306282
4.6131000000 0.0080262642
4.6141000000 0.0080217781
4.6151000000 0.0080171623
4.6161000000 0.0080124168
4.6171000000 0.0080075493
4.6181000000 0.0080025520
4.6191000000 0.0079974251
4.6201000000 0.0079921684
4.6211000000 0.0079867897
4.6221000000 0.0079812813
4.6231000000 0.0079756432
4.6241000000 0.0079698830
4.6251000000 0.0079639854
4.6261000000 0.0079579659
4.6271000000 0.0079518242
4.6281000000 0.0079455452
4.6291000000 0.0079391441
4.6301000000 0.0079326134
4.6311000000 0.0079259529
4.6321000000 0.0079191704
4.6331000000 0.0079122581
4.6341000000 0.0079052162
4.6351000000 0.0078980446
4.6361000000 0.0078907509
4.6371000000 0.0078833275
4.6381000000 0.0078757744
4.6391000000 0.0078680992
4.6401000000 0.0078602867
4.6411000000 0.0078523521
4.6421000000 0.0078442955
4.6431000000 0.0078361015
4.6441000000 0.0078277855
4.6451000000 0.0078193398
4.6461000000 0.0078107643
4.6471000000 0.0078020668
4.6481000000 0.0077932396
4.6491000000 0.0077842827
4.6501000000 0.0077751961
4.6511000000 0.0077659874
4.6521000000 0.0077566490
4.6531000000 0.0077471809
4.6541000000 0.0077375832
4.6551000000 0.0077278633
4.6561000000 0.0077180061
4.6571000000 0.0077080269
4.6581000000 0.0076979256
4.6591000000 0.0076876869
4.6601000000 0.0076773262
4.6611000000 0.0076668358
4.6621000000 0.0076562233
4.6631000000 0.0076454735
4.6641000000 0.0076346016
4.6651000000 0.0076236000
4.6661000000 0.0076124763
4.6671000000 0.0076012154
4.6681000000 0.0075898323
4.6691000000 0.0075783195
4.6701000000 0.0075666771
4.6711000000 0.0075549126
4.6721000000 0.0075430183
4.6731000000 0.0075309944
4.6741000000 0.0075188408
4.6751000000 0.0075065575
4.6761000000 0.0074941521
4.6771000000 0.0074816170
4.6781000000 0.0074689522
4.6791000000 0.0074561653
4.6801000000 0.0074432411
4.6811000000 0.0074301949
4.6821000000 0.0074170265
4.6831000000 0.0074037209
4.6841000000 0.0073902855
4.6851000000 0.0073767281
4.6861000000 0.0073630409
4.6871000000 0.0073492317
4.6881000000 0.0073352852
4.6891000000 0.0073212166
4.6901000000 0.0073070183
4.6911000000 0.0072926903
4.6921000000 0.0072782326
4.6931000000 0.0072636528
4.6941000000 0.0072489433
4.6951000000 0.0072341042
4.6961000000 0.0072191353
4.6971000000 0.0072040443
4.6981000000 0.0071888237
4.6991000000 0.0071734734
4.7001000000 0.0071579933
4.7011000000 0.0071423836
4.7021000000 0.0071266518
4.7031000000 0.0071107826
4.7041000000 0.0070947914
4.7051000000 0.0070786781
4.7061000000 0.0070624275
4.7071000000 0.0070460548
4.7081000000 0.0070295525
4.7091000000 0.0070129204
4.7101000000 0.0069961586
4.7111000000 0.0069792671
4.7121000000 0.0069622536
4.7131000000 0.0069451103
4.7141000000 0.0069278374
4.7151000000 0.0069104347
4.7161000000 0.0068929100
4.7171000000 0.0068752480
4.7181000000 0.0068574638
4.7191000000 0.0068395500
4.7201000000 0.0068215141
4.7211000000 0.0068033409
4.7221000000 0.0067850456
4.7231000000 0.0067666130
4.7241000000 0.0067480583
4.7251000000 0.0067293816
4.7261000000 0.0067105675
4.7271000000 0.0066916313
4.7281000000 0.0066725578
4.7291000000 0.0066533623
4.7301000000 0.0066340446
4.7311000000 0.0066145897
4.7321000000 0.0065950050
4.7331000000 0.0065752983
4.7341000000 0.0065554619
4.7351000000 0.0065354958
4.7361000000 0.0065153999
4.7371000000 0.0064951744
4.7381000000 0.0064748268
4.7391000000 0.0064543495
4.7401000000 0.0064337425
4.7411000000 0.0064130058
4.7421000000 0.0063921394
4.7431000000 0.0063711433
4.7441000000 0.0063500252
4.7451000000 0.0063287773
4.7461000000 0.0063073921
4.7471000000 0.0062858925
4.7481000000 0.0062642555
4.7491000000 0.0062424889
4.7501000000 0.0062206001
4.7511000000 0.0061985741
4.7521000000 0.0061764259
4.7531000000 0.0061541481
4.7541000000 0.0061317406
4.7551000000 0.0061092110
4.7561000000 0.0060865440
4.7571000000 0.0060637550
4.7581000000 0.0060408287
4.7591000000 0.0060177803
4.7601000000 0.0059946022
4.7611000000 0.0059713020
4.7621000000 0.0059478645
4.7631000000 0.0059242973
4.7641000000 0.0059006081
4.7651000000 0.0058767891
4.7661000000 0.0058528404
4.7671000000 0.0058287621
4.7681000000 0.0058045540
4.7691000000 0.0057802162
4.7701000000 0.0057557487
4.7711000000 0.0057311592
4.7721000000 0.0057064400
4.7731000000 0.0056815834
4.7741000000 0.0056566048
4.7751000000 0.0056314964
4.7761000000 0.0056062660
4.7771000000 0.0055808983
4.7781000000 0.0055554008
4.7791000000 0.0055297813
4.7801000000 0.0055040245
4.7811000000 0.0054781456
4.7821000000 0.0054521370
4.7831000000 0.0054259987
4.7841000000 0.0053997307
4.7851000000 0.0053733330
4.7861000000 0.0053468132
4.7871000000 0.0053201561
4.7881000000 0.0052933769
4.7891000000 0.0052664604
4.7901000000 0.0052394218
4.7911000000 0.0052122536
4.7921000000 0.0051849556
4.7931000000 0.0051575279
4.7941000000 0.0051299706
4.7951000000 0.0051022835
4.7961000000 0.0050744667
4.7971000000 0.0050465279
4.7981000000 0.0050184517
4.7991000000 0.0049902534
4.8001000000 0.0049619179
4.8011000000 0.0049334602
4.8021000000 0.0049048729
4.8031000000 0.0048761559
4.8041000000 0.0048473091
4.8051000000 0.0048183327
4.8061000000 0.0047892265
4.8071000000 0.0047599907
4.8081000000 0.0047306252
4.8091000000 0.0047011375
4.8101000000 0.0046715126
4.8111000000 0.0046417656
4.8121000000 0.0046118813
4.8131000000 0.0045818748
4.8141000000 0.0045517311
4.8151000000 0.0045214653
4.8161000000 0.0044910698
4.8171000000 0.0044605446
4.8181000000 0.0044298897
4.8191000000 0.0043991051
4.8201000000 0.0043681908
4.8211000000 0.0043371468
4.8221000000 0.0043059731
4.8231000000 0.0042746696
4.8241000000 0.0042432365
4.8251000000 0.0042116737
4.8261000000 0.0041799889
4.8271000000 0.0041481667
4.8281000000 0.0041162148
4.8291000000 0.0040841408
4.8301000000 0.0040519295
4.8311000000 0.0040195961
4.8321000000 0.0039871254
4.8331000000 0.0039545326
4.8341000000 0.0039218025
4.8351000000 0.0038889503
4.8361000000 0.0038559685
4.8371000000 0.0038228493
4.8381000000 0.0037896080
4.8391000000 0.0037562370
4.8401000000 0.0037227287
4.8411000000 0.0036890984
4.8421000000 0.0036553383
4.8431000000 0.0036214409
4.8441000000 0.0035874214
4.8451000000 0.0035532722
4.8461000000 0.0035189934
4.8471000000 0.0034845772
4.8481000000 0.0034500389
4.8491000000 0.0034153709
4.8501000000 0.0033805733
4.8511000000 0.0033456459
4.8521000000 0.0033105812
4.8531000000 0.0032753944
4.8541000000 0.0032400780
4.8551000000 0.0032046318
4.8561000000 0.0031690483
4.8571000000 0.0031333427
4.8581000000 0.0030975075
4.8591000000 0.0030615349
4.8601000000 0.0030254402
4.8611000000 0.0029892159
4.8621000000 0.0029528542
4.8631000000 0.0029163704
4.8641000000 0.0028797493
4.8651000000 0.0028430061
4.8661000000 0.0028061256
4.8671000000 0.0027691231
4.8681000000 0.0027319832
4.8691000000 0.0026947212
4.8701000000 0.0026573219
4.8711000000 0.0026197929
4.8721000000 0.0025821419
4.8731000000 0.0025443535
4.8741000000 0.0025064354
4.8751000000 0.0024683876
4.8761000000 0.0024302101
4.8771000000 0.0023919029
4.8781000000 0.0023534660
4.8791000000 0.0023148994
4.8801000000 0.0022762032
4.8811000000 0.0022373772
4.8821000000 0.0021984138
4.8831000000 0.0021593285
4.8841000000 0.0021201134
4.8851000000 0.0020807610
4.8861000000 0.0020412788
4.8871000000 0.0020016747
4.8881000000 0.0019619331
4.8891000000 0.0019220619
4.8901000000 0.0018820610
4.8911000000 0.0018419380
4.8921000000 0.0018016701
4.8931000000 0.0017612801
4.8941000000 0.0017207603
4.8951000000 0.0016801109
4.8961000000 0.0016393242
4.8971000000 0.0015984154
4.8981000000 0.0015573692
4.8991000000 0.0015162010
4.9001000000 0.0014748955
4.9011000000 0.0014334602
4.9021000000 0.0013918953
4.9031000000 0.0013502007
4.9041000000 0.0013083763
4.9051000000 0.0012664146
4.9061000000 0.0012243309
4.9071000000 0.0011821098
4.9081000000 0.0011397667
4.9091000000 0.0010972862
4.9101000000 0.0010546761
4.9111000000 0.0010119362
4.9121000000 0.0009690666
4.9131000000 0.0009260674
4.9141000000 0.0008829308
4.9151000000 0.0008396721
4.9161000000 0.0007962761
4.9171000000 0.0007527504
4.9181000000 0.0007090950
4.9191000000 0.0006653099
4.9201000000 0.0006213951
4.9211000000 0.0005773430
4.9221000000 0.0005331688
4.9231000000 0.0004888573
4.9241000000 0.0004444160
4.9251000000 0.0003998451
4.9261000000 0.0003551445
4.9271000000 0.0003103142
4.9281000000 0.0002653465
4.9291000000 0.0002202568
4.9301000000 0.0001750298
4.9311000000 0.0001296730
4.9321000000 0.0000841866
4.9331000000 0.0000385628
