3.1500000010 4.0108852002
3.2400000010 4.0487961572
3.3300000010 4.0904528369
3.4200000010 4.1365467334
3.5100000010 4.1870765088
3.6000000010 4.2416780713
3.6900000010 4.2998617725
3.7800000010 4.3611371631
3.8700000010 4.4250641943
3.9600000010 4.4912666748
4.0500000010 4.5594298779
4.1400000010 4.6292924170
4.2300000010 4.7006373486
4.3200000010 4.7732840185
4.4100000010 4.8470812451
4.5000000010 4.9219017529
4.5900000010 4.9976377685
4.6800000010 5.0741975439
4.7700000010 5.1515025732
4.8600000010 5.2294853759
4.9500000010 5.3080877588
