0.1000000010 0.0487001611 0.9994851514 2.1030151514 2.3445316455
0.2000000010 0.0966375244 0.9982180029 2.1117677979 2.3577678565
0.3000000010 0.1430595557 0.9970092432 2.1254942920 2.3789838721
0.4000000010 0.1873003955 0.9971350146 2.1432211084 2.4071514600
0.5000000010 0.2290724756 1.0002121533 2.1640127002 2.4411744482
0.6000000010 0.2697511084 1.0080009131 2.1871113037 2.4800362744
0.7000000010 0.3076358643 1.0221335205 2.2119688623 2.5228721729
0.8000000010 0.3339556201 1.0438135303 2.2382151318 2.5689863623
0.9000000010 0.3476534814 1.0735886963 2.2656028272 2.6178399854
1.0000000010 0.3459958740 1.1112989697 2.2939534326 2.6690278467
1.1000000010 0.3346123193 1.1562101025 2.3231120850 2.7222535205
1.2000000010 0.3208552393 1.2072397510 2.3529122022 2.7773066943
1.3000000010 0.2949871826 1.2631620654 2.3831465479 2.8340439697
1.4000000010 0.2619611182 1.3227295654 2.4135405908 2.8923729736
1.5000000010 0.2247821240 1.3847052783 2.4437226904 2.9522396045
1.6000000010 0.1859515381 1.4478132861 2.4731841553 3.0136177783
1.7000000010 0.1482123682 1.5105871143 2.5012182568 3.0765013916
