0.0001000000 0.9999999951
0.0011000000 0.9999994678
0.0021000000 0.9999980615
0.0031000000 0.9999957764
0.0041000000 0.9999926221
0.0051000000 0.9999885791
0.0061000000 0.9999836572
0.0071000000 0.9999778662
0.0081000000 0.9999711963
0.0091000000 0.9999636377
0.0101000000 0.9999552100
0.0111000000 0.9999459033
0.0121000000 0.9999357178
0.0131000000 0.9999246533
0.0141000000 0.9999127100
0.0151000000 0.9998998877
0.0161000000 0.9998861963
0.0171000000 0.9998716162
0.0181000000 0.9998561670
0.0191000000 0.9998398389
0.0201000000 0.9998226318
0.0211000000 0.9998045459
0.0221000000 0.9997855811
0.0231000000 0.9997657471
0.0241000000 0.9997450342
0.0251000000 0.9997234424
0.0261000000 0.9997009717
0.0271000000 0.9996776221
0.0281000000 0.9996534033
0.0291000000 0.9996282959
0.0301000000 0.9996023193
0.0311000000 0.9995754736
0.0321000000 0.9995477393
0.0331000000 0.9995191357
0.0341000000 0.9994896631
0.0351000000 0.9994593018
0.0361000000 0.9994280713
0.0371000000 0.9993959717
0.0381000000 0.9993629834
0.0391000000 0.9993291260
0.0401000000 0.9992943994
0.0411000000 0.9992587939
0.0421000000 0.9992223096
0.0431000000 0.9991849561
0.0441000000 0.9991467236
0.0451000000 0.9991076221
0.0461000000 0.9990676416
0.0471000000 0.9990267920
0.0481000000 0.9989850732
0.0491000000 0.9989424756
0.0501000000 0.9988989990
0.0511000000 0.9988546631
0.0521000000 0.9988094482
0.0531000000 0.9987633545
0.0541000000 0.9987163916
0.0551000000 0.9986685596
0.0561000000 0.9986198584
0.0571000000 0.9985702881
0.0581000000 0.9985198389
0.0591000000 0.9984685205
0.0601000000 0.9984163330
0.0611000000 0.9983632764
0.0621000000 0.9983093506
0.0631000000 0.9982545459
0.0641000000 0.9981988818
0.0651000000 0.9981423389
0.0661000000 0.9980849365
0.0671000000 0.9980266650
0.0681000000 0.9979675146
0.0691000000 0.9979075049
0.0701000000 0.9978466260
0.0711000000 0.9977848779
0.0721000000 0.9977222607
0.0731000000 0.9976587842
0.0741000000 0.9975944287
0.0751000000 0.9975292139
0.0761000000 0.9974631299
0.0771000000 0.9973961865
0.0781000000 0.9973283740
0.0791000000 0.9972596924
0.0801000000 0.9971901514
0.0811000000 0.9971197510
0.0821000000 0.9970484717
0.0831000000 0.9969763428
0.0841000000 0.9969033447
0.0851000000 0.9968294775
0.0861000000 0.9967547510
0.0871000000 0.9966791650
0.0881000000 0.9966027197
0.0891000000 0.9965254053
0.0901000000 0.9964472412
0.0911000000 0.9963682080
0.0921000000 0.9962883154
0.0931000000 0.9962075635
0.0941000000 0.9961259424
0.0951000000 0.9960434717
0.0961000000 0.9959601416
0.0971000000 0.9958759521
0.0981000000 0.9957909033
0.0991000000 0.9957049951
0.1001000000 0.9956182373
0.1011000000 0.9955306104
0.1021000000 0.9954421338
0.1031000000 0.9953528076
0.1041000000 0.9952626123
0.1051000000 0.9951715771
0.1061000000 0.9950796729
0.1071000000 0.9949869189
0.1081000000 0.9948933154
0.1091000000 0.9947988525
0.1101000000 0.9947035400
0.1111000000 0.9946073779
0.1121000000 0.9945103564
0.1131000000 0.9944124854
0.1141000000 0.9943137646
0.1151000000 0.9942141943
0.1161000000 0.9941137744
0.1171000000 0.9940124951
0.1181000000 0.9939103760
0.1191000000 0.9938074072
0.1201000000 0.9937035889
0.1211000000 0.9935989209
0.1221000000 0.9934934131
0.1231000000 0.9933870459
0.1241000000 0.9932798389
0.1251000000 0.9931717920
0.1261000000 0.9930628955
0.1271000000 0.9929531494
0.1281000000 0.9928425635
0.1291000000 0.9927311279
0.1301000000 0.9926188525
0.1311000000 0.9925057373
0.1321000000 0.9923917725
0.1331000000 0.9922769775
0.1341000000 0.9921613330
0.1351000000 0.9920448486
0.1361000000 0.9919275244
0.1371000000 0.9918093604
0.1381000000 0.9916903564
0.1391000000 0.9915705225
0.1401000000 0.9914498389
0.1411000000 0.9913283252
0.1421000000 0.9912059717
0.1431000000 0.9910827881
0.1441000000 0.9909587549
0.1451000000 0.9908339014
0.1461000000 0.9907082080
0.1471000000 0.9905816748
0.1481000000 0.9904543115
0.1491000000 0.9903261182
0.1501000000 0.9901970947
0.1511000000 0.9900672314
0.1521000000 0.9899365479
0.1531000000 0.9898050244
0.1541000000 0.9896726807
0.1551000000 0.9895394971
0.1561000000 0.9894054932
0.1571000000 0.9892706592
0.1581000000 0.9891349951
0.1591000000 0.9889985010
0.1601000000 0.9888611865
0.1611000000 0.9887230420
0.1621000000 0.9885840771
0.1631000000 0.9884442920
0.1641000000 0.9883036768
0.1651000000 0.9881622314
0.1661000000 0.9880199756
0.1671000000 0.9878768994
0.1681000000 0.9877329932
0.1691000000 0.9875882666
0.1701000000 0.9874427295
0.1711000000 0.9872963623
0.1721000000 0.9871491846
0.1731000000 0.9870011865
0.1741000000 0.9868523682
0.1751000000 0.9867027393
0.1761000000 0.9865522900
0.1771000000 0.9864010303
0.1781000000 0.9862489502
0.1791000000 0.9860960596
0.1801000000 0.9859423584
0.1811000000 0.9857878369
0.1821000000 0.9856325049
0.1831000000 0.9854763721
0.1841000000 0.9853194189
0.1851000000 0.9851616553
0.1861000000 0.9850030908
0.1871000000 0.9848437158
0.1881000000 0.9846835303
0.1891000000 0.9845225342
0.1901000000 0.9843607373
0.1911000000 0.9841981299
0.1921000000 0.9840347217
0.1931000000 0.9838705127
0.1941000000 0.9837055029
0.1951000000 0.9835396826
0.1961000000 0.9833730615
0.1971000000 0.9832056396
0.1981000000 0.9830374170
0.1991000000 0.9828683936
