0.0001000000 0.9999999951
0.0011000000 0.9999994678
0.0021000000 0.9999980615
0.0031000000 0.9999957764
0.0041000000 0.9999926221
0.0051000000 0.9999885791
0.0061000000 0.9999836572
0.0071000000 0.9999778662
0.0081000000 0.9999711963
0.0091000000 0.9999636377
0.0101000000 0.9999552100
0.0111000000 0.9999459033
0.0121000000 0.9999357178
0.0131000000 0.9999246533
0.0141000000 0.9999127100
0.0151000000 0.9998998877
0.0161000000 0.9998861963
0.0171000000 0.9998716162
0.0181000000 0.9998561670
0.0191000000 0.9998398389
0.0201000000 0.9998226318
0.0211000000 0.9998045459
0.0221000000 0.9997855811
0.0231000000 0.9997657471
0.0241000000 0.9997450342
0.0251000000 0.9997234424
0.0261000000 0.9997009717
0.0271000000 0.9996776221
0.0281000000 0.9996534033
0.0291000000 0.9996283057
0.0301000000 0.9996023291
0.0311000000 0.9995754736
0.0321000000 0.9995477490
0.0331000000 0.9995191455
0.0341000000 0.9994896631
0.0351000000 0.9994593115
0.0361000000 0.9994280811
0.0371000000 0.9993959717
0.0381000000 0.9993629932
0.0391000000 0.9993291357
0.0401000000 0.9992943994
0.0411000000 0.9992587939
0.0421000000 0.9992223193
0.0431000000 0.9991849658
0.0441000000 0.9991467334
0.0451000000 0.9991076318
0.0461000000 0.9990676514
0.0471000000 0.9990268018
0.0481000000 0.9989850830
0.0491000000 0.9989424854
0.0501000000 0.9988990088
0.0511000000 0.9988546729
0.0521000000 0.9988094580
0.0531000000 0.9987633643
0.0541000000 0.9987164111
0.0551000000 0.9986685791
0.0561000000 0.9986198779
0.0571000000 0.9985702979
0.0581000000 0.9985198584
0.0591000000 0.9984685400
0.0601000000 0.9984163525
0.0611000000 0.9983632959
0.0621000000 0.9983093701
0.0631000000 0.9982545752
0.0641000000 0.9981989111
0.0651000000 0.9981423682
0.0661000000 0.9980849658
0.0671000000 0.9980266943
0.0681000000 0.9979675537
0.0691000000 0.9979075439
0.0701000000 0.9978466650
0.0711000000 0.9977849170
0.0721000000 0.9977223096
0.0731000000 0.9976588232
0.0741000000 0.9975944775
0.0751000000 0.9975292725
0.0761000000 0.9974631885
0.0771000000 0.9973962451
0.0781000000 0.9973284326
0.0791000000 0.9972597607
0.0801000000 0.9971902197
0.0811000000 0.9971198193
0.0821000000 0.9970485498
0.0831000000 0.9969764209
0.0841000000 0.9969034229
0.0851000000 0.9968295654
0.0861000000 0.9967548486
0.0871000000 0.9966792627
0.0881000000 0.9966028174
0.0891000000 0.9965255127
0.0901000000 0.9964473486
0.0911000000 0.9963683154
0.0921000000 0.9962884326
0.0931000000 0.9962076807
0.0941000000 0.9961260791
0.0951000000 0.9960436084
0.0961000000 0.9959602783
0.0971000000 0.9958760986
0.0981000000 0.9957910596
0.0991000000 0.9957051611
0.1001000000 0.9956184033
0.1011000000 0.9955307861
0.1021000000 0.9954423193
0.1031000000 0.9953529932
0.1041000000 0.9952628076
0.1051000000 0.9951717725
0.1061000000 0.9950798877
0.1071000000 0.9949871338
0.1081000000 0.9948935400
0.1091000000 0.9947990869
0.1101000000 0.9947037842
0.1111000000 0.9946076221
0.1121000000 0.9945106201
0.1131000000 0.9944127588
0.1141000000 0.9943140479
0.1151000000 0.9942144873
0.1161000000 0.9941140674
0.1171000000 0.9940128076
0.1181000000 0.9939106982
0.1191000000 0.9938077393
0.1201000000 0.9937039307
0.1211000000 0.9935992822
0.1221000000 0.9934937744
0.1231000000 0.9933874268
0.1241000000 0.9932802393
0.1251000000 0.9931721924
0.1261000000 0.9930633057
0.1271000000 0.9929535791
0.1281000000 0.9928430029
0.1291000000 0.9927315869
0.1301000000 0.9926193311
0.1311000000 0.9925062256
0.1321000000 0.9923922803
0.1331000000 0.9922774951
0.1341000000 0.9921618701
0.1351000000 0.9920454053
0.1361000000 0.9919280908
0.1371000000 0.9918099463
0.1381000000 0.9916909619
0.1391000000 0.9915711377
0.1401000000 0.9914504834
0.1411000000 0.9913289795
0.1421000000 0.9912066455
0.1431000000 0.9910834814
0.1441000000 0.9909594775
0.1451000000 0.9908346338
0.1461000000 0.9907089600
0.1471000000 0.9905824561
0.1481000000 0.9904551123
0.1491000000 0.9903269385
0.1501000000 0.9901979346
0.1511000000 0.9900681006
0.1521000000 0.9899374365
0.1531000000 0.9898059326
0.1541000000 0.9896736084
0.1551000000 0.9895404541
0.1561000000 0.9894064795
0.1571000000 0.9892716650
0.1581000000 0.9891360303
0.1591000000 0.9889995654
0.1601000000 0.9888622803
0.1611000000 0.9887241650
0.1621000000 0.9885852295
0.1631000000 0.9884454639
0.1641000000 0.9883048779
0.1651000000 0.9881634717
0.1661000000 0.9880212451
0.1671000000 0.9878781885
0.1681000000 0.9877343213
0.1691000000 0.9875896240
0.1701000000 0.9874441162
0.1711000000 0.9872977881
0.1721000000 0.9871506396
0.1731000000 0.9870026807
0.1741000000 0.9868539014
0.1751000000 0.9867043018
0.1761000000 0.9865538916
0.1771000000 0.9864026611
0.1781000000 0.9862506201
0.1791000000 0.9860977686
0.1801000000 0.9859441064
0.1811000000 0.9857896240
0.1821000000 0.9856343408
0.1831000000 0.9854782373
0.1841000000 0.9853213330
0.1851000000 0.9851636182
0.1861000000 0.9850050928
0.1871000000 0.9848457568
0.1881000000 0.9846856104
0.1891000000 0.9845246631
0.1901000000 0.9843629150
0.1911000000 0.9842003564
0.1921000000 0.9840369971
0.1931000000 0.9838728271
0.1941000000 0.9837078662
0.1951000000 0.9835420947
0.1961000000 0.9833755225
0.1971000000 0.9832081592
0.1981000000 0.9830399854
0.1991000000 0.9828710205
0.2001000000 0.9827012451
0.2011000000 0.9825306885
0.2021000000 0.9823593213
0.2031000000 0.9821871631
0.2041000000 0.9820142139
0.2051000000 0.9818404639
0.2061000000 0.9816659229
0.2071000000 0.9814905908
0.2081000000 0.9813144678
0.2091000000 0.9811375439
0.2101000000 0.9809598389
0.2111000000 0.9807813428
0.2121000000 0.9806020557
0.2131000000 0.9804219775
0.2141000000 0.9802411182
0.2151000000 0.9800594678
0.2161000000 0.9798770264
0.2171000000 0.9796938037
0.2181000000 0.9795097998
0.2191000000 0.9793250146
0.2201000000 0.9791394385
0.2211000000 0.9789530908
0.2221000000 0.9787659521
0.2231000000 0.9785780322
0.2241000000 0.9783893408
0.2251000000 0.9781998682
0.2261000000 0.9780096143
0.2271000000 0.9778185791
0.2281000000 0.9776267725
0.2291000000 0.9774341943
0.2301000000 0.9772408350
0.2311000000 0.9770467041
0.2321000000 0.9768518018
0.2331000000 0.9766561182
0.2341000000 0.9764596729
0.2351000000 0.9762624561
0.2361000000 0.9760644678
0.2371000000 0.9758657080
0.2381000000 0.9756661768
0.2391000000 0.9754658838
0.2401000000 0.9752648291
0.2411000000 0.9750630029
0.2421000000 0.9748604053
0.2431000000 0.9746570557
0.2441000000 0.9744529346
0.2451000000 0.9742480518
0.2461000000 0.9740424072
0.2471000000 0.9738360010
0.2481000000 0.9736288428
0.2491000000 0.9734209131
0.2501000000 0.9732122314
0.2511000000 0.9730027979
0.2521000000 0.9727926025
0.2531000000 0.9725816455
0.2541000000 0.9723699463
0.2551000000 0.9721574854
0.2561000000 0.9719442725
0.2571000000 0.9717303076
0.2581000000 0.9715155908
0.2591000000 0.9713001221
0.2601000000 0.9710839014
0.2611000000 0.9708669385
0.2621000000 0.9706492236
0.2631000000 0.9704307666
0.2641000000 0.9702115576
0.2651000000 0.9699916064
0.2661000000 0.9697709131
0.2671000000 0.9695494678
0.2681000000 0.9693272900
0.2691000000 0.9691043604
0.2701000000 0.9688806982
0.2711000000 0.9686562939
0.2721000000 0.9684311475
0.2731000000 0.9682052686
0.2741000000 0.9679786475
0.2751000000 0.9677512939
0.2761000000 0.9675231982
0.2771000000 0.9672943701
0.2781000000 0.9670648096
0.2791000000 0.9668345166
0.2801000000 0.9666034912
0.2811000000 0.9663717334
0.2821000000 0.9661392529
0.2831000000 0.9659060303
0.2841000000 0.9656720850
0.2851000000 0.9654374170
0.2861000000 0.9652020166
0.2871000000 0.9649658936
0.2881000000 0.9647290479
0.2891000000 0.9644914697
0.2901000000 0.9642531787
0.2911000000 0.9640141553
0.2921000000 0.9637744189
0.2931000000 0.9635339600
0.2941000000 0.9632927783
0.2951000000 0.9630508838
0.2961000000 0.9628082666
0.2971000000 0.9625649365
0.2981000000 0.9623208936
0.2991000000 0.9620761279
