0.2000000000 0.9827155876
0.2010000000 0.9825450554
0.2020000000 0.9823737144
0.2030000000 0.9822015800
0.2040000000 0.9820286522
0.2050000000 0.9818549232
0.2060000000 0.9816804085
0.2070000000 0.9815050926
0.2080000000 0.9813289833
0.2090000000 0.9811520882
0.2100000000 0.9809743919
0.2110000000 0.9807959099
0.2120000000 0.9806166420
0.2130000000 0.9804365807
0.2140000000 0.9802557259
0.2150000000 0.9800740929
0.2160000000 0.9798916664
0.2170000000 0.9797084541
0.2180000000 0.9795244560
0.2190000000 0.9793396797
0.2200000000 0.9791541100
0.2210000000 0.9789677620
0.2220000000 0.9787806358
0.2230000000 0.9785927238
0.2240000000 0.9784040260
0.2250000000 0.9782145576
0.2260000000 0.9780243034
0.2270000000 0.9778332710
0.2280000000 0.9776414604
0.2290000000 0.9774488792
0.2300000000 0.9772555122
0.2310000000 0.9770613747
0.2320000000 0.9768664665
0.2330000000 0.9766707802
0.2340000000 0.9764743233
0.2350000000 0.9762770958
0.2360000000 0.9760790977
0.2370000000 0.9758803215
0.2380000000 0.9756807823
0.2390000000 0.9754804726
0.2400000000 0.9752793922
0.2410000000 0.9750775490
0.2420000000 0.9748749428
0.2430000000 0.9746715660
0.2440000000 0.9744674263
0.2450000000 0.9742625160
0.2460000000 0.9740568504
0.2470000000 0.9738504219
0.2480000000 0.9736432304
0.2490000000 0.9734352760
0.2500000000 0.9732265663
0.2510000000 0.9730171013
0.2520000000 0.9728068733
0.2530000000 0.9725958824
0.2540000000 0.9723841438
0.2550000000 0.9721716499
0.2560000000 0.9719584007
0.2570000000 0.9717443886
0.2580000000 0.9715296364
0.2590000000 0.9713141212
0.2600000000 0.9710978661
0.2610000000 0.9708808556
0.2620000000 0.9706630898
0.2630000000 0.9704445839
0.2640000000 0.9702253304
0.2650000000 0.9700053215
0.2660000000 0.9697845726
0.2670000000 0.9695630760
0.2680000000 0.9693408394
0.2690000000 0.9691178551
0.2700000000 0.9688941307
0.2710000000 0.9686696663
0.2720000000 0.9684444618
0.2730000000 0.9682185097
0.2740000000 0.9679918251
0.2750000000 0.9677644005
0.2760000000 0.9675362434
0.2770000000 0.9673073463
0.2780000000 0.9670777092
0.2790000000 0.9668473396
0.2800000000 0.9666162376
0.2810000000 0.9663844032
0.2820000000 0.9661518364
0.2830000000 0.9659185448
0.2840000000 0.9656845131
0.2850000000 0.9654497566
0.2860000000 0.9652142754
0.2870000000 0.9649780617
0.2880000000 0.9647411232
0.2890000000 0.9645034599
0.2900000000 0.9642650642
0.2910000000 0.9640259514
0.2920000000 0.9637861137
0.2930000000 0.9635455589
0.2940000000 0.9633042793
0.2950000000 0.9630622749
0.2960000000 0.9628195534
0.2970000000 0.9625761223
0.2980000000 0.9623319664
0.2990000000 0.9620870934
0.3000000000 0.9618415031
0.3010000000 0.9615951958
0.3020000000 0.9613481789
0.3030000000 0.9611004524
0.3040000000 0.9608520088
0.3050000000 0.9606028557
0.3060000000 0.9603529930
0.3070000000 0.9601024208
0.3080000000 0.9598511391
0.3090000000 0.9595991478
0.3100000000 0.9593464546
0.3110000000 0.9590930519
0.3120000000 0.9588389473
0.3130000000 0.9585841331
0.3140000000 0.9583286171
0.3150000000 0.9580724068
0.3160000000 0.9578154869
0.3170000000 0.9575578728
0.3180000000 0.9572995567
0.3190000000 0.9570405388
0.3200000000 0.9567808266
0.3210000000 0.9565204201
0.3220000000 0.9562593193
0.3230000000 0.9559975166
0.3240000000 0.9557350273
0.3250000000 0.9554718437
0.3260000000 0.9552079659
0.3270000000 0.9549433937
0.3280000000 0.9546781349
0.3290000000 0.9544121895
0.3300000000 0.9541455574
0.3310000000 0.9538782310
0.3320000000 0.9536102257
0.3330000000 0.9533415337
0.3340000000 0.9530721550
0.3350000000 0.9528020897
0.3360000000 0.9525313454
0.3370000000 0.9522599220
0.3380000000 0.9519878120
0.3390000000 0.9517150230
0.3400000000 0.9514415627
0.3410000000 0.9511674156
0.3420000000 0.9508925972
0.3430000000 0.9506170998
0.3440000000 0.9503409309
0.3450000000 0.9500640831
0.3460000000 0.9497865639
0.3470000000 0.9495083733
0.3480000000 0.9492295113
0.3490000000 0.9489499779
0.3500000000 0.9486697731
0.3510000000 0.9483889046
0.3520000000 0.9481073647
0.3530000000 0.9478251610
0.3540000000 0.9475422935
0.3550000000 0.9472587547
0.3560000000 0.9469745598
0.3570000000 0.9466896935
0.3580000000 0.9464041710
0.3590000000 0.9461179848
0.3600000000 0.9458311424
0.3610000000 0.9455436363
0.3620000000 0.9452554741
0.3630000000 0.9449666557
0.3640000000 0.9446771812
0.3650000000 0.9443870506
0.3660000000 0.9440962639
0.3670000000 0.9438048286
0.3680000000 0.9435127373
0.3690000000 0.9432199898
0.3700000000 0.9429266014
0.3710000000 0.9426325569
0.3720000000 0.9423378639
0.3730000000 0.9420425224
0.3740000000 0.9417465401
0.3750000000 0.9414499092
0.3760000000 0.9411526299
0.3770000000 0.9408547096
0.3780000000 0.9405561409
0.3790000000 0.9402569389
0.3800000000 0.9399570885
0.3810000000 0.9396566048
0.3820000000 0.9393554726
0.3830000000 0.9390537071
0.3840000000 0.9387513084
0.3850000000 0.9384482689
0.3860000000 0.9381445961
0.3870000000 0.9378402824
0.3880000000 0.9375353432
0.3890000000 0.9372297707
0.3900000000 0.9369235573
0.3910000000 0.9366167259
0.3920000000 0.9363092537
0.3930000000 0.9360011559
0.3940000000 0.9356924324
0.3950000000 0.9353830833
0.3960000000 0.9350731010
0.3970000000 0.9347625008
0.3980000000 0.9344512749
0.3990000000 0.9341394234
0.4000000000 0.9338269539
0.4010000000 0.9335138588
0.4020000000 0.9332001457
0.4030000000 0.9328858070
0.4040000000 0.9325708580
0.4050000000 0.9322552834
0.4060000000 0.9319390984
0.4070000000 0.9316222954
0.4080000000 0.9313048820
0.4090000000 0.9309868507
0.4100000000 0.9306682014
0.4110000000 0.9303489494
0.4120000000 0.9300290794
0.4130000000 0.9297085991
0.4140000000 0.9293875160
0.4150000000 0.9290658226
0.4160000000 0.9287435188
0.4170000000 0.9284206123
0.4180000000 0.9280970955
0.4190000000 0.9277729759
0.4200000000 0.9274482536
0.4210000000 0.9271229286
0.4220000000 0.9267970009
0.4230000000 0.9264704781
0.4240000000 0.9261433525
0.4250000000 0.9258156242
0.4260000000 0.9254873009
0.4270000000 0.9251583748
0.4280000000 0.9248288612
0.4290000000 0.9244987450
0.4300000000 0.9241680412
0.4310000000 0.9238367424
0.4320000000 0.9235048485
0.4330000000 0.9231723671
0.4340000000 0.9228392906
0.4350000000 0.9225056267
0.4360000000 0.9221713753
0.4370000000 0.9218365288
0.4380000000 0.9215011024
0.4390000000 0.9211650887
0.4400000000 0.9208284874
0.4410000000 0.9204913063
0.4420000000 0.9201535378
0.4430000000 0.9198151894
0.4440000000 0.9194762611
0.4450000000 0.9191367531
0.4460000000 0.9187966652
0.4470000000 0.9184559975
0.4480000000 0.9181147499
0.4490000000 0.9177729225
0.4500000000 0.9174305229
0.4510000000 0.9170875511
0.4520000000 0.9167440071
0.4530000000 0.9163998833
0.4540000000 0.9160551872
0.4550000000 0.9157099266
0.4560000000 0.9153640862
0.4570000000 0.9150176811
0.4580000000 0.9146707115
0.4590000000 0.9143231697
0.4600000000 0.9139750633
0.4610000000 0.9136263924
0.4620000000 0.9132771492
0.4630000000 0.9129273491
0.4640000000 0.9125769844
0.4650000000 0.9122260551
0.4660000000 0.9118745689
0.4670000000 0.9115225182
0.4680000000 0.9111699028
0.4690000000 0.9108167381
0.4700000000 0.9104630089
0.4710000000 0.9101087303
0.4720000000 0.9097538872
0.4730000000 0.9093984947
0.4740000000 0.9090425453
0.4750000000 0.9086860466
0.4760000000 0.9083289909
0.4770000000 0.9079713860
0.4780000000 0.9076132317
0.4790000000 0.9072545280
0.4800000000 0.9068952751
0.4810000000 0.9065354729
0.4820000000 0.9061751213
0.4830000000 0.9058142281
0.4840000000 0.9054527855
0.4850000000 0.9050908012
0.4860000000 0.9047282677
0.4870000000 0.9043652000
0.4880000000 0.9040015831
0.4890000000 0.9036374321
0.4900000000 0.9032727394
0.4910000000 0.9029075050
0.4920000000 0.9025417290
0.4930000000 0.9021754189
0.4940000000 0.9018085747
0.4950000000 0.9014411964
0.4960000000 0.9010732765
0.4970000000 0.9007048302
0.4980000000 0.9003358498
0.4990000000 0.8999663353
0.5000000000 0.8995962868
0.5010000000 0.8992257118
0.5020000000 0.8988546028
0.5030000000 0.8984829674
0.5040000000 0.8981108055
0.5050000000 0.8977381172
0.5060000000 0.8973648949
0.5070000000 0.8969911537
0.5080000000 0.8966168938
0.5090000000 0.8962420998
0.5100000000 0.8958667870
0.5110000000 0.8954909554
0.5120000000 0.8951145973
0.5130000000 0.8947377281
0.5140000000 0.8943603325
0.5150000000 0.8939824181
0.5160000000 0.8936039848
0.5170000000 0.8932250404
0.5180000000 0.8928455772
0.5190000000 0.8924656029
0.5200000000 0.8920851097
0.5210000000 0.8917040977
0.5220000000 0.8913225822
0.5230000000 0.8909405556
0.5240000000 0.8905580101
0.5250000000 0.8901749611
0.5260000000 0.8897914009
0.5270000000 0.8894073372
0.5280000000 0.8890227547
0.5290000000 0.8886376762
0.5300000000 0.8882520866
0.5310000000 0.8878659935
0.5320000000 0.8874793968
0.5330000000 0.8870922966
0.5340000000 0.8867046928
0.5350000000 0.8863165855
0.5360000000 0.8859279823
0.5370000000 0.8855388756
0.5380000000 0.8851492729
0.5390000000 0.8847591667
0.5400000000 0.8843685646
0.5410000000 0.8839774666
0.5420000000 0.8835858727
0.5430000000 0.8831937828
0.5440000000 0.8828012047
0.5450000000 0.8824081230
0.5460000000 0.8820145531
0.5470000000 0.8816204948
0.5480000000 0.8812259407
0.5490000000 0.8808308983
0.5500000000 0.8804353676
0.5510000000 0.8800393486
0.5520000000 0.8796428337
0.5530000000 0.8792458382
0.5540000000 0.8788483543
0.5550000000 0.8784503899
0.5560000000 0.8780519371
0.5570000000 0.8776530037
0.5580000000 0.8772535820
0.5590000000 0.8768536797
0.5600000000 0.8764532967
0.5610000000 0.8760524330
0.5620000000 0.8756510887
0.5630000000 0.8752492638
0.5640000000 0.8748469658
0.5650000000 0.8744441872
0.5660000000 0.8740409279
0.5670000000 0.8736371956
0.5680000000 0.8732329903
0.5690000000 0.8728283043
0.5700000000 0.8724231529
0.5710000000 0.8720175209
0.5720000000 0.8716114235
0.5730000000 0.8712048531
0.5740000000 0.8707978096
0.5750000000 0.8703902931
0.5760000000 0.8699823112
0.5770000000 0.8695738640
0.5780000000 0.8691649437
0.5790000000 0.8687555656
0.5800000000 0.8683457146
0.5810000000 0.8679353981
0.5820000000 0.8675246162
0.5830000000 0.8671133766
0.5840000000 0.8667016640
