0.5850000000 0.8662895012 2.3026984215 2.3090244560
0.5860000000 0.8658768654 2.2999749870 2.3123526039
0.5870000000 0.8654637794 2.2983000374 2.3146323662
0.5880000000 0.8650502281 2.2970136986 2.3165236244
0.5890000000 0.8646362190 2.2959482002 2.3181941414
0.5900000000 0.8642217445 2.2950299263 2.3197175407
0.5910000000 0.8638068199 2.2942187614 2.3211339302
0.5920000000 0.8633914375 2.2934899940 2.3224680214
0.5930000000 0.8629755974 2.2928271446 2.3237363091
0.5940000000 0.8625593071 2.2922185326 2.3249504585
0.5950000000 0.8621425514 2.2916555748 2.3261190529
0.5960000000 0.8617253532 2.2911317101 2.3272486610
0.5970000000 0.8613076897 2.2906418037 2.3283444176
0.5980000000 0.8608895836 2.2901817360 2.3294104271
0.5990000000 0.8604710197 2.2897481728 2.3304500465
0.6000000000 0.8600520058 2.2893383293 2.3314660378
0.6010000000 0.8596325417 2.2889498863 2.3324607430
0.6020000000 0.8592126350 2.2885808601 2.3334361229
0.6030000000 0.8587922707 2.2882295723 2.3343938713
0.6040000000 0.8583714638 2.2878945580 2.3353354530
0.6050000000 0.8579502068 2.2875745430 2.3362621346
0.6060000000 0.8575284996 2.2872683983 2.3371750450
0.6070000000 0.8571063499 2.2869751472 2.3380751686
0.6080000000 0.8566837578 2.2866939049 2.3389633827
0.6090000000 0.8562607155 2.2864238930 2.3398404655
0.6100000000 0.8558372307 2.2861644020 2.3407071266
0.6110000000 0.8554133034 2.2859147987 2.3415640068
0.6120000000 0.8549889336 2.2856745186 2.3424116707
0.6130000000 0.8545641212 2.2854430199 2.3432506371
0.6140000000 0.8541388741 2.2852198448 2.3440813942
0.6150000000 0.8537131767 2.2850045509 2.3449043694
0.6160000000 0.8532870445 2.2847967415 2.3457199593
0.6170000000 0.8528604774 2.2845960503 2.3465285378
0.6180000000 0.8524334679 2.2844021263 2.3473304329
0.6190000000 0.8520060158 2.2842146721 2.3481259727
0.6200000000 0.8515781364 2.2840333900 2.3489154396
0.6210000000 0.8511498146 2.2838580132 2.3496990929
0.6220000000 0.8507210579 2.2836882820 2.3504771996
0.6230000000 0.8502918739 2.2835239754 2.3512499886
0.6240000000 0.8498622475 2.2833648720 2.3520176735
0.6250000000 0.8494321938 2.2832107506 2.3527804680
0.6260000000 0.8490016975 2.2830614433 2.3535385551
0.6270000000 0.8485707817 2.2829167519 2.3542921181
0.6280000000 0.8481394234 2.2827765160 2.3550413246
0.6290000000 0.8477076454 2.2826405754 2.3557863350
0.6300000000 0.8472754250 2.2825087776 2.3565273018
0.6310000000 0.8468427849 2.2823809776 2.3572643623
0.6320000000 0.8464097176 2.2822570534 2.3579976540
0.6330000000 0.8459762154 2.2821368599 2.3587273064
0.6340000000 0.8455422859 2.2820202827 2.3594534340
0.6350000000 0.8451079369 2.2819072151 2.3601761513
0.6360000000 0.8446731606 2.2817975426 2.3608955727
0.6370000000 0.8442379570 2.2816911659 2.3616117897
0.6380000000 0.8438023262 2.2815879784 2.3623249168
0.6390000000 0.8433662758 2.2814878960 2.3630350304
0.6400000000 0.8429297981 2.2813908272 2.3637422295
0.6410000000 0.8424929008 2.2812966805 2.3644465981
0.6420000000 0.8420555840 2.2812053795 2.3651482048
0.6430000000 0.8416178398 2.2811168480 2.3658471489
0.6440000000 0.8411796761 2.2810310097 2.3665434837
0.6450000000 0.8407411003 2.2809477959 2.3672372932
0.6460000000 0.8403020973 2.2808671379 2.3679286385
0.6470000000 0.8398626823 2.2807889671 2.3686175880
0.6480000000 0.8394228401 2.2807132301 2.3693042030
0.6490000000 0.8389825859 2.2806398506 2.3699885368
0.6500000000 0.8385419197 2.2805687828 2.3706706505
0.6510000000 0.8381008339 2.2804999733 2.3713506050
0.6520000000 0.8376593285 2.2804333611 2.3720284462
0.6530000000 0.8372174110 2.2803689003 2.3727042274
0.6540000000 0.8367750816 2.2803065453 2.3733780022
0.6550000000 0.8363323402 2.2802462349 2.3740498085
0.6560000000 0.8358891869 2.2801879387 2.3747196922
0.6570000000 0.8354456139 2.2801315956 2.3753877068
0.6580000000 0.8350016365 2.2800771828 2.3760538826
0.6590000000 0.8345572472 2.2800246468 2.3767182655
0.6600000000 0.8341124458 2.2799739494 2.3773809013
0.6610000000 0.8336672325 2.2799250526 2.3780418129
0.6620000000 0.8332216148 2.2798779259 2.3787010460
0.6630000000 0.8327755852 2.2798325233 2.3793586388
0.6640000000 0.8323291512 2.2797888145 2.3800146141
0.6650000000 0.8318823128 2.2797467690 2.3806690178
0.6660000000 0.8314350624 2.2797063484 2.3813218727
0.6670000000 0.8309874077 2.2796675301 2.3819732094
0.6680000000 0.8305393486 2.2796302757 2.3826230659
0.6690000000 0.8300908852 2.2795945625 2.3832714653
0.6700000000 0.8296420174 2.2795603523 2.3839184303
0.6710000000 0.8291927452 2.2795276299 2.3845639992
0.6720000000 0.8287430763 2.2794963570 2.3852081871
0.6730000000 0.8282929955 2.2794665184 2.3858510246
0.6740000000 0.8278425179 2.2794380760 2.3864925423
0.6750000000 0.8273916435 2.2794110146 2.3871327553
0.6760000000 0.8269403648 2.2793853111 2.3877716866
0.6770000000 0.8264886818 2.2793609352 2.3884093666
0.6780000000 0.8260366096 2.2793378639 2.3890458107
0.6790000000 0.8255841331 2.2793160896 2.3896810341
0.6800000000 0.8251312599 2.2792955742 2.3903150673
0.6810000000 0.8246779900 2.2792763100 2.3909479332
0.6820000000 0.8242243233 2.2792582664 2.3915796394
0.6830000000 0.8237702599 2.2792414284 2.3922102089
0.6840000000 0.8233157997 2.2792257805 2.3928396645
0.6850000000 0.8228609428 2.2792112999 2.3934680214
0.6860000000 0.8224056969 2.2791979637 2.3940952950
0.6870000000 0.8219500542 2.2791857643 2.3947215080
0.6880000000 0.8214940224 2.2791746788 2.3953466606
0.6890000000 0.8210375938 2.2791646919 2.3959707909
0.6900000000 0.8205807762 2.2791557808 2.3965938911
0.6910000000 0.8201235619 2.2791479454 2.3972159996
0.6920000000 0.8196659660 2.2791411552 2.3978371086
0.6930000000 0.8192079735 2.2791353950 2.3984572487
0.6940000000 0.8187495918 2.2791306648 2.3990764275
0.6950000000 0.8182908211 2.2791269341 2.3996946602
0.6960000000 0.8178316612 2.2791242027 2.4003119545
0.6970000000 0.8173721123 2.2791224403 2.4009283257
0.6980000000 0.8169121819 2.2791216469 2.4015437889
0.6990000000 0.8164518623 2.2791218071 2.4021583519
0.7000000000 0.8159911537 2.2791229057 2.4027720299
0.7010000000 0.8155300636 2.2791249275 2.4033848305
0.7020000000 0.8150685844 2.2791278648 2.4039967690
0.7030000000 0.8146067238 2.2791317024 2.4046078453
0.7040000000 0.8141444740 2.2791364326 2.4052180901
0.7050000000 0.8136818428 2.2791420403 2.4058274956
0.7060000000 0.8132188301 2.2791485176 2.4064360695
0.7070000000 0.8127554359 2.2791558495 2.4070438423
0.7080000000 0.8122916603 2.2791640282 2.4076507988
0.7090000000 0.8118275032 2.2791730385 2.4082569618
0.7100000000 0.8113629646 2.2791828804 2.4088623390
0.7110000000 0.8108980446 2.2791935310 2.4094669380
0.7120000000 0.8104327507 2.2792049904 2.4100707664
0.7130000000 0.8099670753 2.2792172432 2.4106738243
0.7140000000 0.8095010185 2.2792302895 2.4112761269
0.7150000000 0.8090345802 2.2792441063 2.4118776894
0.7160000000 0.8085677757 2.2792586861 2.4124785042
0.7170000000 0.8081005821 2.2792740364 2.4130785789
0.7180000000 0.8076330223 2.2792901268 2.4136779366
0.7190000000 0.8071650810 2.2793069649 2.4142765617
0.7200000000 0.8066967659 2.2793245354 2.4148744774
0.7210000000 0.8062280769 2.2793428307 2.4154716835
0.7220000000 0.8057590141 2.2793618431 2.4160681877
0.7230000000 0.8052895775 2.2793815727 2.4166639900
0.7240000000 0.8048197594 2.2794019966 2.4172590981
0.7250000000 0.8043495827 2.2794231148 2.4178535271
0.7260000000 0.8038790245 2.2794449196 2.4184472618
0.7270000000 0.8034080925 2.2794674034 2.4190403252
0.7280000000 0.8029367943 2.2794905586 2.4196327095
0.7290000000 0.8024651299 2.2795143776 2.4202244225
0.7300000000 0.8019930916 2.2795388603 2.4208154793
0.7310000000 0.8015206795 2.2795639915 2.4214058647
0.7320000000 0.8010479012 2.2795897636 2.4219955940
0.7330000000 0.8005747566 2.2796161766 2.4225846672
0.7340000000 0.8001012459 2.2796432228 2.4231730843
0.7350000000 0.7996273613 2.2796708946 2.4237608528
0.7360000000 0.7991531105 2.2796991920 2.4243479805
0.7370000000 0.7986784935 2.2797280922 2.4249344521
0.7380000000 0.7982035179 2.2797576103 2.4255202904
0.7390000000 0.7977281685 2.2797877235 2.4261054802
0.7400000000 0.7972524529 2.2798184319 2.4266900291
0.7410000000 0.7967763786 2.2798497276 2.4272739449
0.7420000000 0.7962999382 2.2798816185 2.4278572197
0.7430000000 0.7958231316 2.2799140816 2.4284398537
0.7440000000 0.7953459663 2.2799471169 2.4290218544
0.7450000000 0.7948684349 2.2799807243 2.4296032143
0.7460000000 0.7943905449 2.2800148964 2.4301839409
0.7470000000 0.7939122887 2.2800496178 2.4307640266
0.7480000000 0.7934336739 2.2800849037 2.4313434792
0.7490000000 0.7929547005 2.2801207314 2.4319222832
0.7500000000 0.7924753685 2.2801571007 2.4325004463
0.7510000000 0.7919956703 2.2801940117 2.4330779686
0.7520000000 0.7915156136 2.2802314568 2.4336548347
0.7530000000 0.7910351982 2.2802694359 2.4342310600
0.7540000000 0.7905544319 2.2803079338 2.4348066216
0.7550000000 0.7900732994 2.2803469505 2.4353815269
0.7560000000 0.7895918159 2.2803864861 2.4359557686
0.7570000000 0.7891099663 2.2804265327 2.4365293388
0.7580000000 0.7886277657 2.2804670906 2.4371022377
0.7590000000 0.7881452141 2.2805081444 2.4376744499
0.7600000000 0.7876623039 2.2805497017 2.4382459755
0.7610000000 0.7871790352 2.2805917549 2.4388167915
0.7620000000 0.7866954155 2.2806342964 2.4393869057
0.7630000000 0.7862114372 2.2806773262 2.4399562950
0.7640000000 0.7857271080 2.2807208366 2.4405249519
0.7650000000 0.7852424202 2.2807648277 2.4410928612
0.7660000000 0.7847573891 2.2808092995 2.4416599998
0.7670000000 0.7842719994 2.2808542366 2.4422263680
0.7680000000 0.7837862587 2.2808996391 2.4427919273
0.7690000000 0.7833001671 2.2809455147 2.4433566704
0.7700000000 0.7828137245 2.2809918480 2.4439205589
0.7710000000 0.7823269310 2.2810386314 2.4444835701
0.7720000000 0.7818397865 2.2810858803 2.4450456657
0.7730000000 0.7813522987 2.2811335716 2.4456068153
0.7740000000 0.7808644524 2.2811817131 2.4461669655
0.7750000000 0.7803762627 2.2812302971 2.4467260628
0.7760000000 0.7798877220 2.2812793236 2.4472840385
0.7770000000 0.7793988380 2.2813287926 2.4478408241
0.7780000000 0.7789096031 2.2813786888 2.4483962975
0.7790000000 0.7784200172 2.2814290199 2.4489503441
0.7800000000 0.7779300880 2.2814797707 2.4495027733
0.7810000000 0.7774398155 2.2815309563 2.4500533257
0.7820000000 0.7769491920 2.2815825615 2.4506015739
0.7830000000 0.7764582253 2.2816345863 2.4511466942
0.7840000000 0.7759669151 2.2816870232 2.4516853371
0.7850000000 0.7754752541 2.2817398796 2.4522259483
0.7860000000 0.7749832573 2.2817931404 2.4527720757
0.7870000000 0.7744909096 2.2818468132 2.4533213997
0.7880000000 0.7739982185 2.2819008904 2.4538731804
0.7890000000 0.7735051918 2.2819553719 2.4544270210
0.7900000000 0.7730118141 2.2820102501 2.4549826775
0.7910000000 0.7725181007 2.2820655251 2.4555399590
0.7920000000 0.7720240440 2.2821211967 2.4560987358
0.7930000000 0.7715296440 2.2821772575 2.4566589012
0.7940000000 0.7710349007 2.2822337151 2.4572203789
0.7950000000 0.7705398216 2.2822905540 2.4577831001
0.7960000000 0.7700443993 2.2823477745 2.4583469963
0.7970000000 0.7695486412 2.2824053841 2.4589120216
0.7980000000 0.7690525398 2.2824633675 2.4594781303
0.7990000000 0.7685560951 2.2825217247 2.4600452919
0.8000000000 0.7680593224 2.2825804634 2.4606134605
0.8010000000 0.7675622063 2.2826395760 2.4611826210
0.8020000000 0.7670647469 2.2826990547 2.4617527275
0.8030000000 0.7665669518 2.2827588997 2.4623237724
0.8040000000 0.7660688286 2.2828191185 2.4628957176
0.8050000000 0.7655703621 2.2828796959 2.4634685555
0.8060000000 0.7650715599 2.2829406319 2.4640422630
0.8070000000 0.7645724220 2.2830019341 2.4646168175
0.8080000000 0.7640729408 2.2830635872 2.4651922035
0.8090000000 0.7635731316 2.2831255989 2.4657684135
0.8100000000 0.7630729866 2.2831879616 2.4663454247
0.8110000000 0.7625725136 2.2832506752 2.4669232292
0.8120000000 0.7620716972 2.2833137398 2.4675018120
0.8130000000 0.7615705528 2.2833771477 2.4680811577
0.8140000000 0.7610690651 2.2834409065 2.4686612587
0.8150000000 0.7605672569 2.2835050011 2.4692421074
0.8160000000 0.7600651054 2.2835694389 2.4698236961
0.8170000000 0.7595626259 2.2836342201 2.4704060020
0.8180000000 0.7590598183 2.2836993370 2.4709890327
0.8190000000 0.7585566750 2.2837647896 2.4715727654
0.8200000000 0.7580531960 2.2838305779 2.4721571999
0.8210000000 0.7575493965 2.2838966942 2.4727423286
0.8220000000 0.7570452614 2.2839631462 2.4733281364
0.8230000000 0.7565407906 2.2840299187 2.4739146233
0.8240000000 0.7560359917 2.2840970268 2.4745017815
0.8250000000 0.7555308723 2.2841644478 2.4750896034
0.8260000000 0.7550254097 2.2842322044 2.4756780815
0.8270000000 0.7545196266 2.2843002739 2.4762672157
0.8280000000 0.7540135155 2.2843686714 2.4768569908
0.8290000000 0.7535070763 2.2844373817 2.4774474068
0.8300000000 0.7530003014 2.2845064125 2.4780384636
0.8310000000 0.7524932060 2.2845757561 2.4786301384
0.8320000000 0.7519857826 2.2846454124 2.4792224464
0.8330000000 0.7514780312 2.2847153816 2.4798153725
0.8340000000 0.7509699516 2.2847856560 2.4804089088
0.8350000000 0.7504615440 2.2848562431 2.4810030556
0.8360000000 0.7499528160 2.2849271431 2.4815978050
0.8370000000 0.7494437599 2.2849983406 2.4821931572
0.8380000000 0.7489343758 2.2850698433 2.4827891045
0.8390000000 0.7484246712 2.2851416588 2.4833856468
0.8400000000 0.7479146385 2.2852137642 2.4839827766
0.8410000000 0.7474042854 2.2852861748 2.4845804939
0.8420000000 0.7468936043 2.2853588829 2.4851787910
0.8430000000 0.7463825951 2.2854318886 2.4857776604
0.8440000000 0.7458712654 2.2855051918 2.4863771019
0.8450000000 0.7453596153 2.2855787849 2.4869771233
0.8460000000 0.7448476448 2.2856526756 2.4875777016
0.8470000000 0.7443353462 2.2857268562 2.4881788445
0.8480000000 0.7438227272 2.2858013268 2.4887805519
0.8490000000 0.7433097801 2.2858760872 2.4893828087
0.8500000000 0.7427965202 2.2859511375 2.4899856224
0.8510000000 0.7422829323 2.2860264702 2.4905889931
0.8520000000 0.7417690239 2.2861020927 2.4911929054
0.8530000000 0.7412548027 2.2861779976 2.4917973595
0.8540000000 0.7407402534 2.2862541847 2.4924023552
0.8550000000 0.7402253838 2.2863306541 2.4930078926
0.8560000000 0.7397101936 2.2864073982 2.4936139641
0.8570000000 0.7391946831 2.2864844246 2.4942205772
0.8580000000 0.7386788597 2.2865617332 2.4948277092
0.8590000000 0.7381627083 2.2866393166 2.4954353752
0.8600000000 0.7376462440 2.2867171745 2.4960435677
0.8610000000 0.7371294594 2.2867953072 2.4966522865
0.8620000000 0.7366123543 2.2868737144 2.4972615166
0.8630000000 0.7360949364 2.2869523888 2.4978712730
0.8640000000 0.7355771904 2.2870313377 2.4984815407
0.8650000000 0.7350591316 2.2871105614 2.4990923271
0.8660000000 0.7345407600 2.2871900444 2.4997036247
0.8670000000 0.7340220680 2.2872698021 2.5003154259
0.8680000000 0.7335030556 2.2873498268 2.5009277382
0.8690000000 0.7329837303 2.2874301109 2.5015405540
0.8700000000 0.7324640923 2.2875106621 2.5021538734
0.8710000000 0.7319441338 2.2875914803 2.5027676888
0.8720000000 0.7314238548 2.2876725578 2.5033820076
0.8730000000 0.7309032707 2.2877539024 2.5039968224
0.8740000000 0.7303823586 2.2878354988 2.5046121330
0.8750000000 0.7298611412 2.2879173622 2.5052279396
0.8760000000 0.7293396034 2.2879994774 2.5058442345
0.8770000000 0.7288177528 2.2880818520 2.5064610176
0.8780000000 0.7282955894 2.2881644859 2.5070782814
0.8790000000 0.7277731133 2.2882473717 2.5076960411
0.8800000000 0.7272503166 2.2883305168 2.5083142738
0.8810000000 0.7267272072 2.2884139137 2.5089329948
0.8820000000 0.7262037926 2.2884975624 2.5095521965
0.8830000000 0.7256800575 2.2885814629 2.5101718712
0.8840000000 0.7251560097 2.2886656151 2.5107920265
0.8850000000 0.7246316490 2.2887500191 2.5114126549
0.8860000000 0.7241069756 2.2888346672 2.5120337563
0.8870000000 0.7235819893 2.2889195671 2.5126553230
0.8880000000 0.7230566978 2.2890047112 2.5132773705
0.8890000000 0.7225310860 2.2890901070 2.5138998756
0.8900000000 0.7220051689 2.2891757393 2.5145228539
0.8910000000 0.7214789314 2.2892616234 2.5151462975
0.8920000000 0.7209523888 2.2893477516 2.5157701988
0.8930000000 0.7204255333 2.2894341240 2.5163945656
0.8940000000 0.7198983650 2.2895207329 2.5170193977
0.8950000000 0.7193708916 2.2896075859 2.5176446800
0.8960000000 0.7188431053 2.2896946831 2.5182704277
0.8970000000 0.7183150063 2.2897820168 2.5188966255
0.8980000000 0.7177865944 2.2898695869 2.5195232735
0.8990000000 0.7172578773 2.2899574013 2.5201503868
0.9000000000 0.7167288551 2.2900454445 2.5207779427
0.9010000000 0.7161995125 2.2901337318 2.5214059486
0.9020000000 0.7156698647 2.2902222557 2.5220344048
0.9030000000 0.7151399117 2.2903110085 2.5226633110
0.9040000000 0.7146096458 2.2903999977 2.5232926674
0.9050000000 0.7140790749 2.2904892235 2.5239224586
0.9060000000 0.7135481911 2.2905786781 2.5245527000
0.9070000000 0.7130170021 2.2906683617 2.5251833839
0.9080000000 0.7124855003 2.2907582817 2.5258145027
0.9090000000 0.7119536934 2.2908484306 2.5264460640
0.9100000000 0.7114215736 2.2909388161 2.5270780678
0.9110000000 0.7108891563 2.2910294228 2.5277105064
0.9120000000 0.7103564186 2.2911202583 2.5283433723
0.9130000000 0.7098233833 2.2912113228 2.5289766808
0.9140000000 0.7092900352 2.2913026161 2.5296104240
0.9150000000 0.7087563820 2.2913941383 2.5302445946
0.9160000000 0.7082224236 2.2914858818 2.5308792000
0.9170000000 0.7076881599 2.2915778542 2.5315142403
0.9180000000 0.7071535835 2.2916700478 2.5321497002
0.9190000000 0.7066187019 2.2917624626 2.5327855873
0.9200000000 0.7060835152 2.2918550987 2.5334219017
0.9210000000 0.7055480232 2.2919479637 2.5340586433
0.9220000000 0.7050122261 2.2920410500 2.5346958122
0.9230000000 0.7044761238 2.2921343575 2.5353334007
0.9240000000 0.7039397087 2.2922278786 2.5359714088
0.9250000000 0.7034029961 2.2923216286 2.5366098442
0.9260000000 0.7028659706 2.2924155922 2.5372486916
0.9270000000 0.7023286476 2.2925097771 2.5378879585
0.9280000000 0.7017910118 2.2926041756 2.5385276451
0.9290000000 0.7012530785 2.2926987953 2.5391677513
0.9300000000 0.7007148323 2.2927936287 2.5398082695
0.9310000000 0.7001762886 2.2928886833 2.5404491997
0.9320000000 0.6996374397 2.2929839516 2.5410905418
0.9330000000 0.6990982780 2.2930794334 2.5417323036
0.9340000000 0.6985588188 2.2931751289 2.5423744698
0.9350000000 0.6980190544 2.2932710381 2.5430170479
0.9360000000 0.6974789848 2.2933671608 2.5436600380
0.9370000000 0.6969386101 2.2934634972 2.5443034325
0.9380000000 0.6963979301 2.2935600471 2.5449472389
0.9390000000 0.6958569527 2.2936568108 2.5455914497
0.9400000000 0.6953156624 2.2937537804 2.5462360573
0.9410000000 0.6947740746 2.2938509636 2.5468810768
0.9420000000 0.6942321815 2.2939483528 2.5475265007
0.9430000000 0.6936899834 2.2940459557 2.5481723289
0.9440000000 0.6931474876 2.2941437645 2.5488185539
0.9450000000 0.6926046867 2.2942417793 2.5494651756
0.9460000000 0.6920615807 2.2943400078 2.5501122017
0.9470000000 0.6915181694 2.2944384422 2.5507596245
0.9480000000 0.6909744530 2.2945370827 2.5514074440
0.9490000000 0.6904304390 2.2946359215 2.5520556679
0.9500000000 0.6898861198 2.2947349739 2.5527042809
0.9510000000 0.6893415031 2.2948342323 2.5533532906
0.9520000000 0.6887965736 2.2949336967 2.5540026894
0.9530000000 0.6882513542 2.2950333595 2.5546524849
0.9540000000 0.6877058220 2.2951332283 2.5553026772
0.9550000000 0.6871599922 2.2952333031 2.5559532509
0.9560000000 0.6866138573 2.2953335762 2.5566042213
0.9570000000 0.6860674248 2.2954340553 2.5572555809
0.9580000000 0.6855206871 2.2955347328 2.5579073296
0.9590000000 0.6849736443 2.2956356163 2.5585594673
0.9600000000 0.6844263039 2.2957366982 2.5592119865
0.9610000000 0.6838786583 2.2958379784 2.5598648949
0.9620000000 0.6833307076 2.2959394569 2.5605181923
0.9630000000 0.6827824593 2.2960411415 2.5611718712
0.9640000000 0.6822339134 2.2961430168 2.5618259315
0.9650000000 0.6816850624 2.2962450981 2.5624803734
0.9660000000 0.6811359062 2.2963473701 2.5631352043
0.9670000000 0.6805864525 2.2964498482 2.5637904091
0.9680000000 0.6800366936 2.2965525169 2.5644460030
0.9690000000 0.6794866371 2.2966553841 2.5651019707
0.9700000000 0.6789362755 2.2967584496 2.5657583199
0.9710000000 0.6783856163 2.2968617134 2.5664150429
0.9720000000 0.6778346519 2.2969651680 2.5670721474
0.9730000000 0.6772833824 2.2970688133 2.5677296257
0.9740000000 0.6767318230 2.2971726646 2.5683874779
0.9750000000 0.6761799507 2.2972766991 2.5690457039
0.9760000000 0.6756277809 2.2973809319 2.5697043114
0.9770000000 0.6750753136 2.2974853630 2.5703632851
0.9780000000 0.6745225410 2.2975899773 2.5710226326
0.9790000000 0.6739694710 2.2976947899 2.5716823540
0.9800000000 0.6734160957 2.2977997932 2.5723424492
0.9810000000 0.6728624153 2.2979049950 2.5730029106
0.9820000000 0.6723084450 2.2980103798 2.5736637459
0.9830000000 0.6717541618 2.2981159554 2.5743249397
0.9840000000 0.6711995811 2.2982217293 2.5749865150
0.9850000000 0.6706447029 2.2983276863 2.5756484489
0.9860000000 0.6700895195 2.2984338341 2.5763107491
0.9870000000 0.6695340385 2.2985401726 2.5769734230
0.9880000000 0.6689782524 2.2986466942 2.5776364555
0.9890000000 0.6684221687 2.2987534142 2.5782998543
0.9900000000 0.6678657799 2.2988603172 2.5789636116
0.9910000000 0.6673090935 2.2989674110 2.5796277351
0.9920000000 0.6667521095 2.2990746880 2.5802922249
0.9930000000 0.6661948128 2.2991821556 2.5809570732
0.9940000000 0.6656372261 2.2992898064 2.5816222878
0.9950000000 0.6650793343 2.2993976479 2.5822878532
0.9960000000 0.6645211372 2.2995056725 2.5829537849
0.9970000000 0.6639626427 2.2996138802 2.5836200752
0.9980000000 0.6634038429 2.2997222786 2.5842867165
0.9990000000 0.6628447456 2.2998308601 2.5849537239
1.0000000000 0.6622853432 2.2999396248 2.5856210823
1.0010000000 0.6617256432 2.3000485802 2.5862887993
1.0020000000 0.6611656456 2.3001577110 2.5869568748
1.0030000000 0.6606053352 2.3002670326 2.5876253014
1.0040000000 0.6600447350 2.3003765297 2.5882940788
1.0050000000 0.6594838219 2.3004862175 2.5889632149
1.0060000000 0.6589226189 2.3005960884 2.5896327019
1.0070000000 0.6583611031 2.3007061348 2.5903025398
1.0080000000 0.6577992897 2.3008163643 2.5909727364
1.0090000000 0.6572371788 2.3009267769 2.5916432762
1.0100000000 0.6566747627 2.3010373726 2.5923141670
1.0110000000 0.6561120415 2.3011481514 2.5929854088
1.0120000000 0.6555490227 2.3012591057 2.5936570015
1.0130000000 0.6549857063 2.3013702431 2.5943289375
1.0140000000 0.6544220772 2.3014815559 2.5950012245
1.0150000000 0.6538581505 2.3015930519 2.5956738548
1.0160000000 0.6532939262 2.3017047310 2.5963468361
1.0170000000 0.6527293968 2.3018165855 2.5970201607
1.0180000000 0.6521645622 2.3019286156 2.5976938362
1.0190000000 0.6515994225 2.3020408287 2.5983678474
1.0200000000 0.6510339851 2.3021532173 2.5990422096
1.0210000000 0.6504682503 2.3022657890 2.5997169075
1.0220000000 0.6499022026 2.3023785362 2.6003919563
1.0230000000 0.6493358574 2.3024914589 2.6010673409
1.0240000000 0.6487692070 2.3026045570 2.6017430687
1.0250000000 0.6482022591 2.3027178383 2.6024191399
1.0260000000 0.6476349983 2.3028312874 2.6030955467
1.0270000000 0.6470674400 2.3029449196 2.6037722969
1.0280000000 0.6464995842 2.3030587196 2.6044493904
1.0290000000 0.6459314156 2.3031727028 2.6051268120
1.0300000000 0.6453629494 2.3032868614 2.6058045769
1.0310000000 0.6447941780 2.3034011955 2.6064826775
1.0320000000 0.6442251015 2.3035156975 2.6071611214
1.0330000000 0.6436557198 2.3036303749 2.6078398933
1.0340000000 0.6430860405 2.3037452354 2.6085190010
1.0350000000 0.6425160484 2.3038602638 2.6091984520
1.0360000000 0.6419457588 2.3039754677 2.6098782310
1.0370000000 0.6413751640 2.3040908394 2.6105583382
1.0380000000 0.6408042641 2.3042063866 2.6112387886
1.0390000000 0.6402330589 2.3043221092 2.6119195671
1.0400000000 0.6396615486 2.3044380074 2.6126006813
1.0410000000 0.6390897331 2.3045540733 2.6132821236
1.0420000000 0.6385176201 2.3046703072 2.6139638939
1.0430000000 0.6379451942 2.3047867241 2.6146459999
1.0440000000 0.6373724632 2.3049033012 2.6153284340
1.0450000000 0.6367994270 2.3050200539 2.6160111961
1.0460000000 0.6362260857 2.3051369820 2.6166942863
1.0470000000 0.6356524467 2.3052540779 2.6173777122
1.0480000000 0.6350784874 2.3053713417 2.6180614586
1.0490000000 0.6345042305 2.3054887810 2.6187455330
1.0500000000 0.6339296684 2.3056063881 2.6194299355
1.0510000000 0.6333548012 2.3057241631 2.6201146660
1.0520000000 0.6327796211 2.3058421059 2.6207997169
1.0530000000 0.6322041359 2.3059602242 2.6214850960
1.0540000000 0.6316283455 2.3060785027 2.6221707954
1.0550000000 0.6310522499 2.3061969566 2.6228568230
1.0560000000 0.6304758492 2.3063155785 2.6235431709
1.0570000000 0.6298991356 2.3064343681 2.6242298470
1.0580000000 0.6293221169 2.3065533257 2.6249168358
1.0590000000 0.6287447853 2.3066724510 2.6256041527
1.0600000000 0.6281671562 2.3067917442 2.6262917900
1.0610000000 0.6275892067 2.3069112053 2.6269797554
1.0620000000 0.6270109596 2.3070308342 2.6276680336
1.0630000000 0.6264323997 2.3071506310 2.6283566322
1.0640000000 0.6258535271 2.3072705956 2.6290455437
1.0650000000 0.6252743492 2.3073907204 2.6297347832
1.0660000000 0.6246948662 2.3075110207 2.6304243355
1.0670000000 0.6241150703 2.3076314812 2.6311142082
1.0680000000 0.6235349617 2.3077521095 2.6318044014
1.0690000000 0.6229545479 2.3078728981 2.6324949074
1.0700000000 0.6223738213 2.3079938545 2.6331857262
1.0710000000 0.6217927895 2.3081149788 2.6338768654
1.0720000000 0.6212114372 2.3082362709 2.6345683174
1.0730000000 0.6206297798 2.3083577232 2.6352600822
1.0740000000 0.6200478172 2.3084793434 2.6359521599
1.0750000000 0.6194655342 2.3086011238 2.6366445580
1.0760000000 0.6188829460 2.3087230721 2.6373372688
1.0770000000 0.6183000450 2.3088451805 2.6380302849
1.0780000000 0.6177168312 2.3089674568 2.6387236214
1.0790000000 0.6171333046 2.3090898933 2.6394172630
1.0800000000 0.6165494652 2.3092124901 2.6401112175
1.0810000000 0.6159653130 2.3093352547 2.6408054848
1.0820000000 0.6153808556 2.3094581871 2.6415000648
1.0830000000 0.6147960777 2.3095812721 2.6421949501
1.0840000000 0.6142109871 2.3097045250 2.6428901405
1.0850000000 0.6136255836 2.3098279457 2.6435856438
1.0860000000 0.6130398598 2.3099515190 2.6442814598
1.0870000000 0.6124538307 2.3100752602 2.6449775810
1.0880000000 0.6118674812 2.3101991615 2.6456740074
1.0890000000 0.6112808266 2.3103232231 2.6463707390
1.0900000000 0.6106938438 2.3104474449 2.6470677834
1.0910000000 0.6101065559 2.3105718346 2.6477651253
1.0920000000 0.6095189476 2.3106963768 2.6484627800
1.0930000000 0.6089310265 2.3108210869 2.6491607399
1.0940000000 0.6083427849 2.3109459496 2.6498589973
1.0950000000 0.6077542305 2.3110709801 2.6505575676
1.0960000000 0.6071653557 2.3111961708 2.6512564354
1.0970000000 0.6065761681 2.3113215218 2.6519556084
1.0980000000 0.6059866600 2.3114470253 2.6526550789
1.0990000000 0.6053968315 2.3115726967 2.6533548622
1.1000000000 0.6048066902 2.3116985207 2.6540549355
1.1010000000 0.6042162285 2.3118245125 2.6547553215
1.1020000000 0.6036254463 2.3119506569 2.6554559975
1.1030000000 0.6030343513 2.3120769615 2.6561569786
1.1040000000 0.6024429283 2.3122034264 2.6568582649
1.1050000000 0.6018511925 2.3123300514 2.6575598412
1.1060000000 0.6012591362 2.3124568291 2.6582617226
1.1070000000 0.6006667519 2.3125837669 2.6589639015
1.1080000000 0.6000740547 2.3127108650 2.6596663780
1.1090000000 0.5994810371 2.3128381233 2.6603691521
1.1100000000 0.5988876915 2.3129655342 2.6610722237
1.1110000000 0.5982940254 2.3130931129 2.6617755928
1.1120000000 0.5977000389 2.3132208366 2.6624792595
1.1130000000 0.5971057320 2.3133487206 2.6631832237
1.1140000000 0.5965111046 2.3134767647 2.6638874779
1.1150000000 0.5959161491 2.3136049690 2.6645920296
1.1160000000 0.5953208656 2.3137333260 2.6652968788
1.1170000000 0.5947252693 2.3138618355 2.6660020180
1.1180000000 0.5941293373 2.3139905128 2.6667074547
1.1190000000 0.5935330849 2.3141193352 2.6674131813
1.1200000000 0.5929365120 2.3142483177 2.6681192055
1.1210000000 0.5923396111 2.3143774605 2.6688255196
1.1220000000 0.5917423820 2.3145067558 2.6695321236
1.1230000000 0.5911448250 2.3146362038 2.6702390251
1.1240000000 0.5905469475 2.3147658119 2.6709462090
1.1250000000 0.5899487343 2.3148955727 2.6716536903
1.1260000000 0.5893502007 2.3150254860 2.6723614616
1.1270000000 0.5887513390 2.3151555595 2.6730695229
1.1280000000 0.5881521492 2.3152857857 2.6737778740
1.1290000000 0.5875526237 2.3154161644 2.6744865150
1.1300000000 0.5869527702 2.3155467033 2.6751954384
1.1310000000 0.5863525963 2.3156773949 2.6759046593
1.1320000000 0.5857520866 2.3158082390 2.6766141624
1.1330000000 0.5851512413 2.3159392357 2.6773239555
1.1340000000 0.5845500679 2.3160703926 2.6780340309
1.1350000000 0.5839485664 2.3162016945 2.6787443962
1.1360000000 0.5833467369 2.3163331566 2.6794550514
1.1370000000 0.5827445641 2.3164647713 2.6801659889
1.1380000000 0.5821420631 2.3165965385 2.6808772163
1.1390000000 0.5815392342 2.3167284584 2.6815887184
1.1400000000 0.5809360619 2.3168605309 2.6823005180
1.1410000000 0.5803325615 2.3169927635 2.6830125923
1.1420000000 0.5797287254 2.3171251411 2.6837249565
1.1430000000 0.5791245537 2.3172576714 2.6844376030
1.1440000000 0.5785200462 2.3173903618 2.6851505318
1.1450000000 0.5779152031 2.3175231972 2.6858637428
1.1460000000 0.5773100243 2.3176561852 2.6865772362
1.1470000000 0.5767045097 2.3177893257 2.6872910118
1.1480000000 0.5760986519 2.3179226265 2.6880050697
1.1490000000 0.5754924660 2.3180560722 2.6887194099
1.1500000000 0.5748859291 2.3181896706 2.6894340248
1.1510000000 0.5742790642 2.3183234138 2.6901489220
1.1520000000 0.5736718483 2.3184573174 2.6908641014
1.1530000000 0.5730643044 2.3185913734 2.6915795631
1.1540000000 0.5724564095 2.3187255745 2.6922952995
1.1550000000 0.5718481789 2.3188599281 2.6930113182
1.1560000000 0.5712396049 2.3189944344 2.6937276192
1.1570000000 0.5706306877 2.3191290932 2.6944441872
1.1580000000 0.5700214272 2.3192638969 2.6951610451
1.1590000000 0.5694118233 2.3193988609 2.6958781700
1.1600000000 0.5688018761 2.3195339699 2.6965955772
1.1610000000 0.5681915855 2.3196692238 2.6973132591
1.1620000000 0.5675809517 2.3198046379 2.6980312157
1.1630000000 0.5669699669 2.3199401970 2.6987494545
1.1640000000 0.5663586388 2.3200759010 2.6994679604
1.1650000000 0.5657469673 2.3202117577 2.7001867485
1.1660000000 0.5651349449 2.3203477669 2.7009058113
1.1670000000 0.5645225716 2.3204839287 2.7016251411
1.1680000000 0.5639098549 2.3206202354 2.7023447533
1.1690000000 0.5632967873 2.3207566948 2.7030646324
1.1700000000 0.5626833687 2.3208932991 2.7037847862
1.1710000000 0.5620695992 2.3210300560 2.7045052147
1.1720000000 0.5614554787 2.3211669579 2.7052259178
1.1730000000 0.5608410149 2.3213040123 2.7059468880
1.1740000000 0.5602261848 2.3214412117 2.7066681328
1.1750000000 0.5596110115 2.3215785637 2.7073896523
1.1760000000 0.5589954796 2.3217160606 2.7081114388
1.1770000000 0.5583795967 2.3218537102 2.7088334923
1.1780000000 0.5577633629 2.3219915047 2.7095558205
1.1790000000 0.5571467705 2.3221294518 2.7102784233
1.1800000000 0.5565298195 2.3222675438 2.7110012856
1.1810000000 0.5559125099 2.3224057808 2.7117244225
1.1820000000 0.5552948494 2.3225441704 2.7124478340
1.1830000000 0.5546768303 2.3226827049 2.7131715050
1.1840000000 0.5540584450 2.3228213921 2.7138954506
1.1850000000 0.5534397087 2.3229602165 2.7146196556
1.1860000000 0.5528206062 2.3230992012 2.7153441353
1.1870000000 0.5522011452 2.3232383232 2.7160688820
1.1880000000 0.5515813255 2.3233775978 2.7167938881
1.1890000000 0.5509611397 2.3235170174 2.7175191689
1.1900000000 0.5503405952 2.3236565819 2.7182447166
1.1910000000 0.5497196846 2.3237962914 2.7189705238
1.1920000000 0.5490984077 2.3239361534 2.7196965981
1.1930000000 0.5484767723 2.3240761604 2.7204229393
1.1940000000 0.5478547630 2.3242163124 2.7211495476
1.1950000000 0.5472323952 2.3243566093 2.7218764153
1.1960000000 0.5466096535 2.3244970589 2.7226035500
1.1970000000 0.5459865456 2.3246376457 2.7233309441
1.1980000000 0.5453630714 2.3247783852 2.7240586052
1.1990000000 0.5447392235 2.3249192696 2.7247865334
1.2000000000 0.5441150093 2.3250602989 2.7255147133
1.2010000000 0.5434904289 2.3252014732 2.7262431679
1.2020000000 0.5428654671 2.3253428001 2.7269718742
1.2030000000 0.5422401390 2.3254842644 2.7277008476
1.2040000000 0.5416144371 2.3256258736 2.7284300804
1.2050000000 0.5409883614 2.3257676353 2.7291595726
1.2060000000 0.5403619041 2.3259095345 2.7298893318
1.2070000000 0.5397350807 2.3260515862 2.7306193504
1.2080000000 0.5391078758 2.3261937752 2.7313496208
1.2090000000 0.5384802895 2.3263361168 2.7320801582
1.2100000000 0.5378523369 2.3264785957 2.7328109550
1.2110000000 0.5372239952 2.3266212196 2.7335420036
1.2120000000 0.5365952797 2.3267639961 2.7342733192
1.2130000000 0.5359661827 2.3269069099 2.7350048866
1.2140000000 0.5353366966 2.3270499763 2.7357367134
1.2150000000 0.5347068367 2.3271931801 2.7364687996
1.2160000000 0.5340765953 2.3273365288 2.7372011452
1.2170000000 0.5334459648 2.3274800224 2.7379337502
1.2180000000 0.5328149529 2.3276236610 2.7386666069
1.2190000000 0.5321835518 2.3277674446 2.7393997154
1.2200000000 0.5315517616 2.3279113655 2.7401330910
1.2210000000 0.5309195900 2.3280554390 2.7408667107
1.2220000000 0.5302870293 2.3281996498 2.7416005974
1.2230000000 0.5296540794 2.3283440056 2.7423347282
1.2240000000 0.5290207405 2.3284885063 2.7430691185
1.2250000000 0.5283870049 2.3286331520 2.7438037682
1.2260000000 0.5277528801 2.3287779427 2.7445386696
1.2270000000 0.5271183662 2.3289228706 2.7452738228
1.2280000000 0.5264834557 2.3290679436 2.7460092278
1.2290000000 0.5258481483 2.3292131615 2.7467448845
1.2300000000 0.5252124519 2.3293585167 2.7474808006
1.2310000000 0.5245763512 2.3295040245 2.7482169685
1.2320000000 0.5239398537 2.3296496696 2.7489533806
1.2330000000 0.5233029594 2.3297954521 2.7496900520
1.2340000000 0.5226656685 2.3299413872 2.7504269753
1.2350000000 0.5220279732 2.3300874596 2.7511641502
1.2360000000 0.5213898811 2.3302336769 2.7519015694
1.2370000000 0.5207513847 2.3303800316 2.7526392479
1.2380000000 0.5201124763 2.3305265312 2.7533771706
1.2390000000 0.5194731712 2.3306731758 2.7541153450
1.2400000000 0.5188334618 2.3308199577 2.7548537712
1.2410000000 0.5181933479 2.3309668846 2.7555924492
1.2420000000 0.5175528221 2.3311139565 2.7563313713
1.2430000000 0.5169118843 2.3312611656 2.7570705452
1.2440000000 0.5162705421 2.3314085197 2.7578099632
1.2450000000 0.5156287880 2.3315560112 2.7585496330
1.2460000000 0.5149866219 2.3317036476 2.7592895470
1.2470000000 0.5143440437 2.3318514214 2.7600297127
1.2480000000 0.5137010460 2.3319993401 2.7607701302
1.2490000000 0.5130576439 2.3321474037 2.7615107841
1.2500000000 0.5124138145 2.3322956047 2.7622516975
1.2510000000 0.5117695732 2.3324439430 2.7629928474
1.2520000000 0.5111249199 2.3325924263 2.7637342491
1.2530000000 0.5104798393 2.3327410545 2.7644758873
1.2540000000 0.5098343391 2.3328898201 2.7652177849
1.2550000000 0.5091884193 2.3330387230 2.7659599190
1.2560000000 0.5085420723 2.3331877708 2.7667022972
1.2570000000 0.5078953056 2.3333369560 2.7674449272
1.2580000000 0.5072481117 2.3334862862 2.7681877937
1.2590000000 0.5066004906 2.3336357536 2.7689309044
1.2600000000 0.5059524498 2.3337853661 2.7696742668
1.2610000000 0.5053039742 2.3339351158 2.7704178658
1.2620000000 0.5046550636 2.3340850029 2.7711617088
1.2630000000 0.5040057335 2.3342350349 2.7719058037
1.2640000000 0.5033559608 2.3343852043 2.7726501274
1.2650000000 0.5027057610 2.3345355186 2.7733947029
1.2660000000 0.5020551262 2.3346859703 2.7741395149
1.2670000000 0.5014040489 2.3348365593 2.7748845787
1.2680000000 0.5007525444 2.3349872856 2.7756298714
1.2690000000 0.5001005974 2.3351381569 2.7763754158
1.2700000000 0.4994482079 2.3352891655 2.7771211967
1.2710000000 0.4987953758 2.3354403191 2.7778672142
1.2720000000 0.4981421089 2.3355916100 2.7786134758
1.2730000000 0.4974883919 2.3357430382 2.7793599815
1.2740000000 0.4968342323 2.3358946037 2.7801067238
1.2750000000 0.4961796303 2.3360463142 2.7808537025
1.2760000000 0.4955245781 2.3361981544 2.7816009254
1.2770000000 0.4948690758 2.3363501472 2.7823483849
1.2780000000 0.4942131233 2.3365022697 2.7830960808
1.2790000000 0.4935567207 2.3366545296 2.7838440132
1.2800000000 0.4928998680 2.3368069344 2.7845921898
1.2810000000 0.4922425575 2.3369594765 2.7853406029
1.2820000000 0.4915847893 2.3371121559 2.7860892525
1.2830000000 0.4909265709 2.3372649803 2.7868381386
1.2840000000 0.4902678871 2.3374179344 2.7875872688
1.2850000000 0.4896087456 2.3375710335 2.7883366280
1.2860000000 0.4889491463 2.3377242699 2.7890862236
1.2870000000 0.4882890816 2.3378776436 2.7898360634
1.2880000000 0.4876285515 2.3380311546 2.7905861320
1.2890000000 0.4869675636 2.3381848030 2.7913364372
1.2900000000 0.4863061028 2.3383385963 2.7920869789
1.2910000000 0.4856441765 2.3384925194 2.7928377571
1.2920000000 0.4849817772 2.3386465874 2.7935887642
1.2930000000 0.4843189049 2.3388007927 2.7943400078
1.2940000000 0.4836555672 2.3389551353 2.7950914879
1.2950000000 0.4829917488 2.3391096153 2.7958432045
1.2960000000 0.4823274574 2.3392642326 2.7965951576
1.2970000000 0.4816626854 2.3394189873 2.7973473320
1.2980000000 0.4809974403 2.3395738792 2.7980997505
1.2990000000 0.4803317070 2.3397289085 2.7988523979
1.3000000000 0.4796654930 2.3398840752 2.7996052818
1.3010000000 0.4789987984 2.3400393867 2.8003583946
1.3020000000 0.4783316231 2.3401948280 2.8011117363
1.3030000000 0.4776639519 2.3403504066 2.8018653145
1.3040000000 0.4769958000 2.3405061302 2.8026191216
1.3050000000 0.4763271523 2.3406619835 2.8033731651
1.3060000000 0.4756580162 2.3408179741 2.8041274376
1.3070000000 0.4749883842 2.3409741020 2.8048819389
1.3080000000 0.4743182640 2.3411303749 2.8056366692
1.3090000000 0.4736476402 2.3412867775 2.8063916359
1.3100000000 0.4729765205 2.3414433174 2.8071468315
1.3110000000 0.4723048973 2.3415999947 2.8079022560
1.3120000000 0.4716327782 2.3417568092 2.8086579094
1.3130000000 0.4709601555 2.3419137611 2.8094137917
1.3140000000 0.4702870216 2.3420708504 2.8101699028
1.3150000000 0.4696133842 2.3422280769 2.8109262428
1.3160000000 0.4689392357 2.3423854408 2.8116828117
1.3170000000 0.4682645836 2.3425429344 2.8124396095
1.3180000000 0.4675894127 2.3427005730 2.8131966362
1.3190000000 0.4669137306 2.3428583412 2.8139538841
1.3200000000 0.4662375298 2.3430162544 2.8147113686
1.3210000000 0.4655608177 2.3431742973 2.8154690742
1.3220000000 0.4648835793 2.3433324776 2.8162270088
1.3230000000 0.4642058220 2.3434907951 2.8169851723
1.3240000000 0.4635275383 2.3436492424 2.8177435646
1.3250000000 0.4628487358 2.3438078346 2.8185021782
1.3260000000 0.4621693993 2.3439665565 2.8192610207
1.3270000000 0.4614895363 2.3441254234 2.8200200844
1.3280000000 0.4608091469 2.3442844200 2.8207793770
1.3290000000 0.4601282234 2.3444435463 2.8215388908
1.3300000000 0.4594467583 2.3446028175 2.8222986336
1.3310000000 0.4587647591 2.3447622261 2.8230586052
1.3320000000 0.4580822258 2.3449217644 2.8238187981
1.3330000000 0.4573991508 2.3450814400 2.8245792122
1.3340000000 0.4567155266 2.3452412453 2.8253398552
1.3350000000 0.4560313683 2.3454011955 2.8261007195
1.3360000000 0.4553466530 2.3455612755 2.8268618050
1.3370000000 0.4546613960 2.3457214928 2.8276231194
1.3380000000 0.4539755821 2.3458818474 2.8283846550
1.3390000000 0.4532892189 2.3460423393 2.8291464119
1.3400000000 0.4526022987 2.3462029610 2.8299083900
1.3410000000 0.4519148216 2.3463637199 2.8306705894
1.3420000000 0.4512267876 2.3465246086 2.8314330177
1.3430000000 0.4505381889 2.3466856422 2.8321956596
1.3440000000 0.4498490334 2.3468468056 2.8329585304
1.3450000000 0.4491593056 2.3470081062 2.8337216225
1.3460000000 0.4484690056 2.3471695366 2.8344849281
1.3470000000 0.4477781410 2.3473311043 2.8352484627
1.3480000000 0.4470867043 2.3474928093 2.8360122108
1.3490000000 0.4463946877 2.3476546440 2.8367761879
1.3500000000 0.4457020988 2.3478166237 2.8375403786
1.3510000000 0.4450089302 2.3479787254 2.8383047905
1.3520000000 0.4443151817 2.3481409721 2.8390694237
1.3530000000 0.4436208458 2.3483033485 2.8398342781
1.3540000000 0.4429259224 2.3484658546 2.8405993462
1.3550000000 0.4422304115 2.3486285057 2.8413646355
1.3560000000 0.4415343132 2.3487912865 2.8421301460
1.3570000000 0.4408376122 2.3489541969 2.8428958778
1.3580000000 0.4401403236 2.3491172447 2.8436618233
1.3590000000 0.4394424324 2.3492804298 2.8444279823
1.3600000000 0.4387439461 2.3494437447 2.8451943703
1.3610000000 0.4380448494 2.3496071968 2.8459609642
1.3620000000 0.4373451500 2.3497707787 2.8467277870
1.3630000000 0.4366448402 2.3499344978 2.8474948158
1.3640000000 0.4359439201 2.3500983543 2.8482620659
1.3650000000 0.4352423897 2.3502623405 2.8490295372
1.3660000000 0.4345402412 2.3504264641 2.8497972221
1.3670000000 0.4338374748 2.3505907173 2.8505651207
1.3680000000 0.4331340828 2.3507551079 2.8513332405
1.3690000000 0.4324300728 2.3509196281 2.8521015739
1.3700000000 0.4317254372 2.3510842857 2.8528701210
1.3710000000 0.4310201683 2.3512490730 2.8536388817
1.3720000000 0.4303142662 2.3514139976 2.8544078636
1.3730000000 0.4296077309 2.3515790520 2.8551770592
1.3740000000 0.4289005623 2.3517442436 2.8559464684
1.3750000000 0.4281927452 2.3519095650 2.8567160912
1.3760000000 0.4274842949 2.3520750237 2.8574859276
1.3770000000 0.4267751884 2.3522406197 2.8582559776
1.3780000000 0.4260654411 2.3524063377 2.8590262413
1.3790000000 0.4253550377 2.3525722008 2.8597967186
1.3800000000 0.4246439857 2.3527381859 2.8605674095
1.3810000000 0.4239322701 2.3529043083 2.8613383141
1.3820000000 0.4232198982 2.3530705681 2.8621094322
1.3830000000 0.4225068626 2.3532369575 2.8628807640
1.3840000000 0.4217931557 2.3534034767 2.8636523094
1.3850000000 0.4210787849 2.3535701332 2.8644240608
1.3860000000 0.4203637428 2.3537369270 2.8651960258
1.3870000000 0.4196480217 2.3539038429 2.8659682121
1.3880000000 0.4189316292 2.3540708961 2.8667405968
1.3890000000 0.4182145500 2.3542380867 2.8675132027
1.3900000000 0.4174967842 2.3544054070 2.8682860146
1.3910000000 0.4167783318 2.3545728569 2.8690590401
1.3920000000 0.4160591927 2.3547404442 2.8698322716
1.3930000000 0.4153393517 2.3549081612 2.8706057167
1.3940000000 0.4146188240 2.3550760155 2.8713793755
1.3950000000 0.4138975868 2.3552439919 2.8721532402
1.3960000000 0.4131756477 2.3554121132 2.8729273109
1.3970000000 0.4124530067 2.3555803566 2.8737016029
1.3980000000 0.4117296486 2.3557487373 2.8744760933
1.3990000000 0.4110055809 2.3559172478 2.8752507973
1.4000000000 0.4102807884 2.3560858955 2.8760257072
1.4010000000 0.4095552864 2.3562546730 2.8768008308
1.4020000000 0.4088290520 2.3564235802 2.8775761604
1.4030000000 0.4081020927 2.3565926247 2.8783517036
1.4040000000 0.4073744011 2.3567617989 2.8791274452
1.4050000000 0.4066459770 2.3569311028 2.8799034004
1.4060000000 0.4059168129 2.3571005440 2.8806795616
1.4070000000 0.4051869087 2.3572701073 2.8814559364
1.4080000000 0.4044562569 2.3574398155 2.8822325096
1.4090000000 0.4037248497 2.3576096458 2.8830092964
1.4100000000 0.4029927025 2.3577796135 2.8837862816
1.4110000000 0.4022597847 2.3579497108 2.8845634804
1.4120000000 0.4015261192 2.3581199379 2.8853408852
1.4130000000 0.4007916832 2.3582903023 2.8861184959
1.4140000000 0.4000564766 2.3584607887 2.8868963127
1.4150000000 0.3993204994 2.3586314125 2.8876743355
1.4160000000 0.3985837517 2.3588021736 2.8884525642
1.4170000000 0.3978462181 2.3589730568 2.8892309990
1.4180000000 0.3971079063 2.3591440773 2.8900096321
1.4190000000 0.3963688011 2.3593152275 2.8907884789
1.4200000000 0.3956289024 2.3594865074 2.8915675240
1.4210000000 0.3948882103 2.3596579247 2.8923467827
1.4220000000 0.3941467171 2.3598294716 2.8931262398
1.4230000000 0.3934044228 2.3600011406 2.8939059029
1.4240000000 0.3926613197 2.3601729546 2.8946857643
1.4250000000 0.3919174004 2.3603448906 2.8954658318
1.4260000000 0.3911726646 2.3605169640 2.8962461052
1.4270000000 0.3904271126 2.3606891594 2.8970265846
1.4280000000 0.3896807289 2.3608614922 2.8978072624
1.4290000000 0.3889335213 2.3610339546 2.8985881462
1.4300000000 0.3881854744 2.3612065544 2.8993692284
1.4310000000 0.3874365883 2.3613792763 2.9001505165
1.4320000000 0.3866868629 2.3615521355 2.9009320107
1.4330000000 0.3859362831 2.3617251167 2.9017137032
1.4340000000 0.3851848564 2.3618982353 2.9024956017
1.4350000000 0.3844325676 2.3620714836 2.9032776909
1.4360000000 0.3836794243 2.3622448692 2.9040599937
1.4370000000 0.3829254036 2.3624183769 2.9048424950
1.4380000000 0.3821705208 2.3625920219 2.9056251945
1.4390000000 0.3814147606 2.3627657890 2.9064080925
1.4400000000 0.3806581154 2.3629396935 2.9071911964
1.4410000000 0.3799005852 2.3631137276 2.9079744987
1.4420000000 0.3791421623 2.3632878914 2.9087580070
1.4430000000 0.3783828468 2.3634621849 2.9095417061
1.4440000000 0.3776226311 2.3636366081 2.9103256111
1.4450000000 0.3768615074 2.3638111687 2.9111097145
1.4460000000 0.3760994682 2.3639858513 2.9118940163
1.4470000000 0.3753365211 2.3641606712 2.9126785240
1.4480000000 0.3745726433 2.3643356133 2.9134632225
1.4490000000 0.3738078423 2.3645106926 2.9142481270
1.4500000000 0.3730421104 2.3646859016 2.9150332222
1.4510000000 0.3722754402 2.3648612404 2.9158185234
1.4520000000 0.3715078239 2.3650367088 2.9166040230
1.4530000000 0.3707392616 2.3652123070 2.9173897133
1.4540000000 0.3699697456 2.3653880348 2.9181756096
1.4550000000 0.3691992683 2.3655638924 2.9189616966
1.4560000000 0.3684278297 2.3657398796 2.9197479897
1.4570000000 0.3676554146 2.3659160042 2.9205344734
1.4580000000 0.3668820229 2.3660922508 2.9213211632
1.4590000000 0.3661076469 2.3662686272 2.9221080437
1.4600000000 0.3653322868 2.3664451332 2.9228951225
1.4610000000 0.3645559273 2.3666217766 2.9236823921
1.4620000000 0.3637785759 2.3667985420 2.9244698677
1.4630000000 0.3630002098 2.3669754448 2.9252575340
1.4640000000 0.3622208290 2.3671524696 2.9260453987
1.4650000000 0.3614404335 2.3673296242 2.9268334541
1.4660000000 0.3606590080 2.3675069160 2.9276217155
1.4670000000 0.3598765526 2.3676843300 2.9284101677
1.4680000000 0.3590930595 2.3678618813 2.9291988106
1.4690000000 0.3583085289 2.3680395546 2.9299876518
1.4700000000 0.3575229378 2.3682173653 2.9307766914
1.4710000000 0.3567362938 2.3683952980 2.9315659218
1.4720000000 0.3559485817 2.3685733604 2.9323553505
1.4730000000 0.3551598015 2.3687515602 2.9331449699
1.4740000000 0.3543699379 2.3689298820 2.9339347878
1.4750000000 0.3535789909 2.3691083336 2.9347247963
1.4760000000 0.3527869606 2.3692869225 2.9355150032
1.4770000000 0.3519938240 2.3694656334 2.9363054008
1.4780000000 0.3511995811 2.3696444740 2.9370959969
1.4790000000 0.3504042244 2.3698234444 2.9378867760
1.4800000000 0.3496077538 2.3700025444 2.9386777534
1.4810000000 0.3488101463 2.3701817741 2.9394689293
1.4820000000 0.3480114098 2.3703611336 2.9402602959
1.4830000000 0.3472115288 2.3705406227 2.9410518532
1.4840000000 0.3464104958 2.3707202415 2.9418436012
1.4850000000 0.3456083107 2.3708999825 2.9426355400
1.4860000000 0.3448049583 2.3710798607 2.9434276772
1.4870000000 0.3440004311 2.3712598610 2.9442200050
1.4880000000 0.3431947212 2.3714399986 2.9450125160
1.4890000000 0.3423878212 2.3716202583 2.9458052254
1.4900000000 0.3415797234 2.3718006477 2.9465981331
1.4910000000 0.3407704277 2.3719811745 2.9473912239
1.4920000000 0.3399599113 2.3721618233 2.9481845055
1.4930000000 0.3391481743 2.3723426018 2.9489779778
1.4940000000 0.3383352013 2.3725235023 2.9497716484
1.4950000000 0.3375209999 2.3727045403 2.9505655022
1.4960000000 0.3367055397 2.3728857079 2.9513595467
1.4970000000 0.3358888283 2.3730669975 2.9521537819
1.4980000000 0.3350708504 2.3732484169 2.9529482079
1.4990000000 0.3342515984 2.3734299660 2.9537428246
1.5000000000 0.3334310646 2.3736116447 2.9545376320
1.5010000000 0.3326092415 2.3737934532 2.9553326302
1.5020000000 0.3317861061 2.3739753914 2.9561278114
1.5030000000 0.3309616661 2.3741574593 2.9569231911
1.5040000000 0.3301359062 2.3743396492 2.9577187538
1.5050000000 0.3293088188 2.3745219688 2.9585144997
1.5060000000 0.3284803810 2.3747044182 2.9593104439
1.5070000000 0.3276506004 2.3748869972 2.9601065712
1.5080000000 0.3268194618 2.3750697060 2.9609028893
1.5090000000 0.3259869499 2.3752525444 2.9616993980
1.5100000000 0.3251530571 2.3754355049 2.9624960899
1.5110000000 0.3243177757 2.3756185951 2.9632929726
1.5120000000 0.3234810905 2.3758018150 2.9640900383
1.5130000000 0.3226429939 2.3759851646 2.9648872948
1.5140000000 0.3218034782 2.3761686440 2.9656847420
1.5150000000 0.3209625282 2.3763522453 2.9664823723
1.5160000000 0.3201201363 2.3765359764 2.9672801857
1.5170000000 0.3192762871 2.3767198372 2.9680781898
1.5180000000 0.3184309731 2.3769038277 2.9688763847
1.5190000000 0.3175841866 2.3770879478 2.9696747627
1.5200000000 0.3167359047 2.3772721901 2.9704733238
1.5210000000 0.3158861198 2.3774565620 2.9712720757
1.5220000000 0.3150348244 2.3776410637 2.9720710106
1.5230000000 0.3141820107 2.3778256950 2.9728701363
1.5240000000 0.3133276558 2.3780104485 2.9736694450
1.5250000000 0.3124717522 2.3781953392 2.9744689369
1.5260000000 0.3116142845 2.3783803520 2.9752686119
1.5270000000 0.3107552452 2.3785654869 2.9760684776
1.5280000000 0.3098946190 2.3787507591 2.9768685265
1.5290000000 0.3090323906 2.3789361534 2.9776687584
1.5300000000 0.3081685524 2.3791216774 2.9784691734
1.5310000000 0.3073030891 2.3793073311 2.9792697792
1.5320000000 0.3064359856 2.3794931068 2.9800705605
1.5330000000 0.3055672340 2.3796790123 2.9808715324
1.5340000000 0.3046968040 2.3798650475 2.9816726875
1.5350000000 0.3038247032 2.3800512123 2.9824740257
1.5360000000 0.3029509010 2.3802374992 2.9832755470
1.5370000000 0.3020753975 2.3804239159 2.9840772514
1.5380000000 0.3011981621 2.3806104622 2.9848791389
1.5390000000 0.3003191948 2.3807971306 2.9856812172
1.5400000000 0.2994384651 2.3809839363 2.9864834709
1.5410000000 0.2985559731 2.3811708641 2.9872859077
1.5420000000 0.2976716957 2.3813579140 2.9880885277
1.5430000000 0.2967856178 2.3815450935 2.9888913307
1.5440000000 0.2958977242 2.3817324028 2.9896943169
1.5450000000 0.2950079994 2.3819198418 2.9904974785
1.5460000000 0.2941164284 2.3821074028 2.9913008308
1.5470000000 0.2932229881 2.3822951012 2.9921043587
1.5480000000 0.2923276711 2.3824829140 2.9929080772
1.5490000000 0.2914304543 2.3826708641 2.9937119713
1.5500000000 0.2905313225 2.3828589363 2.9945160408
1.5510000000 0.2896302528 2.3830471306 2.9953203011
1.5520000000 0.2887272377 2.3832354622 2.9961247368
1.5530000000 0.2878222466 2.3834239159 2.9969293556
1.5540000000 0.2869152794 2.3836124992 2.9977341576
1.5550000000 0.2860062981 2.3838012047 2.9985391350
1.5560000000 0.2850952950 2.3839900398 2.9993442955
1.5570000000 0.2841822472 2.3841790047 3.0001496391
1.5580000000 0.2832671394 2.3843680916 3.0009551582
1.5590000000 0.2823499413 2.3845573082 3.0017608604
1.5600000000 0.2814306450 2.3847466545 3.0025667381
1.5610000000 0.2805092278 2.3849361229 3.0033727989
1.5620000000 0.2795856590 2.3851257210 3.0041790428
1.5630000000 0.2786599312 2.3853154411 3.0049854622
1.5640000000 0.2777320213 2.3855052910 3.0057920570
1.5650000000 0.2768018913 2.3856952705 3.0065988350
1.5660000000 0.2758695412 2.3858853722 3.0074057884
1.5670000000 0.2749349403 2.3860756035 3.0082129250
1.5680000000 0.2739980583 2.3862659645 3.0090202370
1.5690000000 0.2730588799 2.3864564476 3.0098277321
1.5700000000 0.2721173820 2.3866470604 3.0106354027
1.5710000000 0.2711735344 2.3868377953 3.0114432487
1.5720000000 0.2702273216 2.3870286598 3.0122512779
1.5730000000 0.2692787132 2.3872196541 3.0130594826
1.5740000000 0.2683276787 2.3874107704 3.0138678627
1.5750000000 0.2673742104 2.3876020164 3.0146764183
1.5760000000 0.2664182625 2.3877933846 3.0154851570
1.5770000000 0.2654598274 2.3879848824 3.0162940712
1.5780000000 0.2644988594 2.3881765022 3.0171031609
1.5790000000 0.2635353432 2.3883682594 3.0179124260
1.5800000000 0.2625692482 2.3885601311 3.0187218742
1.5810000000 0.2616005440 2.3887521324 3.0195314980
1.5820000000 0.2606292076 2.3889442635 3.0203412895
1.5830000000 0.2596552086 2.3891365166 3.0211512642
1.5840000000 0.2586785088 2.3893288994 3.0219614143
1.5850000000 0.2576990852 2.3895214119 3.0227717400
1.5860000000 0.2567169075 2.3897140465 3.0235822411
1.5870000000 0.2557319374 2.3899068031 3.0243929176
1.5880000000 0.2547441521 2.3900996895 3.0252037697
1.5890000000 0.2537535133 2.3902927055 3.0260147972
1.5900000000 0.2527599907 2.3904858437 3.0268260002
1.5910000000 0.2517635460 2.3906791115 3.0276373787
1.5920000000 0.2507641487 2.3908725014 3.0284489326
1.5930000000 0.2497617683 2.3910660210 3.0292606621
1.5940000000 0.2487563591 2.3912596626 3.0300725670
1.5950000000 0.2477478905 2.3914534340 3.0308846397
1.5960000000 0.2467363167 2.3916473351 3.0316968956
1.5970000000 0.2457216148 2.3918413506 3.0325093193
1.5980000000 0.2447037392 2.3920355034 3.0333219185
1.5990000000 0.2436826439 2.3922297783 3.0341346931
1.6000000000 0.2426582985 2.3924241753 3.0349476433
1.6010000000 0.2416306572 2.3926187019 3.0357607613
1.6020000000 0.2405996742 2.3928133507 3.0365740547
1.6030000000 0.2395653114 2.3930081291 3.0373875237
1.6040000000 0.2385275307 2.3932030373 3.0382011681
1.6050000000 0.2374862785 2.3933980675 3.0390149803
1.6060000000 0.2364415092 2.3935932198 3.0398289680
1.6070000000 0.2353931847 2.3937885017 3.0406431313
1.6080000000 0.2343412514 2.3939839058 3.0414574623
1.6090000000 0.2332856636 2.3941794395 3.0422719688
1.6100000000 0.2322263680 2.3943751030 3.0430866432
1.6110000000 0.2311633110 2.3945708809 3.0439014931
1.6120000000 0.2300964546 2.3947667961 3.0447165184
1.6130000000 0.2290257301 2.3949628258 3.0455317116
1.6140000000 0.2279510994 2.3951589928 3.0463470726
1.6150000000 0.2268724937 2.3953552742 3.0471626091
1.6160000000 0.2257898598 2.3955516930 3.0479783211
1.6170000000 0.2247031441 2.3957482262 3.0487942009
1.6180000000 0.2236122856 2.3959448891 3.0496102486
1.6190000000 0.2225172234 2.3961416817 3.0504264717
1.6200000000 0.2214178886 2.3963385963 3.0512428627
1.6210000000 0.2203142281 2.3965356331 3.0520594292
1.6220000000 0.2192061729 2.3967327995 3.0528761635
1.6230000000 0.2180936546 2.3969300880 3.0536930656
1.6240000000 0.2169766121 2.3971275063 3.0545101433
1.6250000000 0.2158549614 2.3973250465 3.0553273888
1.6260000000 0.2147286491 2.3975227165 3.0561448021
1.6270000000 0.2135975838 2.3977205086 3.0569623909
1.6280000000 0.2124616966 2.3979184227 3.0577801476
1.6290000000 0.2113209190 2.3981164665 3.0585980721
1.6300000000 0.2101751595 2.3983146400 3.0594161644
1.6310000000 0.2090243416 2.3985129280 3.0602344246
1.6320000000 0.2078683815 2.3987113533 3.0610528603
1.6330000000 0.2067071953 2.3989098930 3.0618714638
1.6340000000 0.2055406914 2.3991085625 3.0626902351
1.6350000000 0.2043687782 2.3993073616 3.0635091743
1.6360000000 0.2031913643 2.3995062752 3.0643282814
1.6370000000 0.2020083580 2.3997053261 3.0651475563
1.6380000000 0.2008196526 2.3999044914 3.0659670067
1.6390000000 0.1996251564 2.4001037865 3.0667866173
1.6400000000 0.1984247551 2.4003032112 3.0676064034
1.6410000000 0.1972183495 2.4005027504 3.0684263496
1.6420000000 0.1960058250 2.4007024193 3.0692464714
1.6430000000 0.1947870674 2.4009022179 3.0700667534
1.6440000000 0.1935619545 2.4011021385 3.0708872108
1.6450000000 0.1923303795 2.4013021812 3.0717078285
1.6460000000 0.1910922050 2.4015023537 3.0725286140
1.6470000000 0.1898473091 2.4017026482 3.0733495750
1.6480000000 0.1885955544 2.4019030724 3.0741706963
1.6490000000 0.1873368034 2.4021036110 3.0749919853
1.6500000000 0.1860709190 2.4023042870 3.0758134422
1.6510000000 0.1847977562 2.4025050774 3.0766350670
1.6520000000 0.1835171547 2.4027059975 3.0774568520
1.6530000000 0.1822289696 2.4029070396 3.0782788124
1.6540000000 0.1809330330 2.4031082115 3.0791009331
1.6550000000 0.1796291771 2.4033095055 3.0799232216
1.6560000000 0.1783172264 2.4035109215 3.0807456703
1.6570000000 0.1769970055 2.4037124672 3.0815682945
1.6580000000 0.1756683311 2.4039141350 3.0823910789
1.6590000000 0.1743310051 2.4041159325 3.0832140312
1.6600000000 0.1729848289 2.4043178444 3.0840371513
1.6610000000 0.1716295967 2.4045198860 3.0848604317
1.6620000000 0.1702650871 2.4047220573 3.0856838799
1.6630000000 0.1688910789 2.4049243431 3.0865074883
1.6640000000 0.1675073357 2.4051267662 3.0873312721
1.6650000000 0.1661136208 2.4053293037 3.0881552086
1.6660000000 0.1647096825 2.4055319710 3.0889793205
1.6670000000 0.1632952461 2.4057347603 3.0898035927
1.6680000000 0.1618700523 2.4059376717 3.0906280251
1.6690000000 0.1604338036 2.4061407127 3.0914526253
1.6700000000 0.1589862022 2.4063438759 3.0922773933
1.6710000000 0.1575269356 2.4065471611 3.0931023216
1.6720000000 0.1560556831 2.4067505760 3.0939274178
1.6730000000 0.1545720940 2.4069541130 3.0947526741
1.6740000000 0.1530758171 2.4071577721 3.0955780907
1.6750000000 0.1515664787 2.4073615608 3.0964036751
1.6760000000 0.1500436745 2.4075654640 3.0972294197
1.6770000000 0.1485070000 2.4077695045 3.0980553322
1.6780000000 0.1469560127 2.4079736595 3.0988814049
1.6790000000 0.1453902626 2.4081779442 3.0997076454
1.6800000000 0.1438092690 2.4083823509 3.1005340462
1.6810000000 0.1422125130 2.4085868797 3.1013606071
1.6820000000 0.1405994682 2.4087915382 3.1021873283
1.6830000000 0.1389695702 2.4089963188 3.1030142174
1.6840000000 0.1373222084 2.4092012215 3.1038412666
1.6850000000 0.1356567497 2.4094062462 3.1046684837
1.6860000000 0.1339725304 2.4096114006 3.1054958534
1.6870000000 0.1322688179 2.4098166771 3.1063233910
1.6880000000 0.1305448647 2.4100220757 3.1071510887
1.6890000000 0.1287998466 2.4102276039 3.1079789543
1.6900000000 0.1270329018 2.4104332542 3.1088069725
1.6910000000 0.1252431068 2.4106390266 3.1096351585
1.6920000000 0.1234294624 2.4108449211 3.1104635048
1.6930000000 0.1215909004 2.4110509453 3.1112920036
1.6940000000 0.1197262764 2.4112570915 3.1121206779
1.6950000000 0.1178343544 2.4114633598 3.1129495049
1.6960000000 0.1159137993 2.4116697502 3.1137784920
1.6970000000 0.1139631615 2.4118762703 3.1146076393
1.6980000000 0.1119808693 2.4120829124 3.1154369545
1.6990000000 0.1099652061 2.4122896767 3.1162664223
1.7000000000 0.1079143181 2.4124965630 3.1170960579
1.7010000000 0.1058261375 2.4127035789 3.1179258461
1.7020000000 0.1036984291 2.4129107094 3.1187558022
1.7030000000 0.1015287056 2.4131179771 3.1195859108
1.7040000000 0.0993142052 2.4133253593 3.1204161873
1.7050000000 0.0970518684 2.4135328636 3.1212466164
1.7060000000 0.0947382698 2.4137404976 3.1220772057
1.7070000000 0.0923695641 2.4139482536 3.1229079628
1.7080000000 0.0899413795 2.4141561317 3.1237388725
1.7090000000 0.0874487801 2.4143641396 3.1245699425
1.7100000000 0.0848860893 2.4145722694 3.1254011726
1.7110000000 0.0822467537 2.4147805138 3.1262325554
1.7120000000 0.0795231361 2.4149888954 3.1270641060
1.7130000000 0.0767062721 2.4151973915 3.1278958092
1.7140000000 0.0737854729 2.4154060097 3.1287276726
1.7150000000 0.0707478828 2.4156147575 3.1295596962
1.7160000000 0.0675777397 2.4158236275 3.1303918800
1.7170000000 0.0642554283 2.4160326195 3.1312242241
1.7180000000 0.0607560081 2.4162417412 3.1320567207
1.7190000000 0.0570468788 2.4164509773 3.1328893776
1.7200000000 0.0530841103 2.4166603432 3.1337221870
1.7210000000 0.0488059578 2.4168698311 3.1345551643
1.7220000000 0.0441207771 2.4170794411 3.1353882942
1.7230000000 0.0388817024 2.4172891731 3.1362215843
1.7240000000 0.0328245888 2.4174990349 3.1370550270
1.7250000000 0.0253701286 2.4177090187 3.1378886299
1.7260000000 0.0145036507 2.4179191170 3.1387223930
