3.2870000000 0.0135404854 2.8906646080 4.5850187111
3.2880000000 0.0253224602 2.8910584068 4.5860185509
3.2890000000 0.0331623344 2.8914523201 4.5870184746
3.2900000000 0.0394827232 2.8918463478 4.5880184669
3.2910000000 0.0449295235 2.8922404976 4.5890185432
3.2920000000 0.0497902718 2.8926347542 4.5900186958
3.2930000000 0.0542227898 2.8930291328 4.5910189323
3.2940000000 0.0583248100 2.8934236336 4.5920192375
3.2950000000 0.0621617851 2.8938182411 4.5930196266
3.2960000000 0.0657801247 2.8942129631 4.5940200844
3.2970000000 0.0692141151 2.8946078072 4.5950206261
3.2980000000 0.0724899635 2.8950027657 4.5960212440
3.2990000000 0.0756282310 2.8953978386 4.5970219383
3.3000000000 0.0786453819 2.8957930336 4.5980227089
3.3010000000 0.0815548668 2.8961883354 4.5990235558
3.3020000000 0.0843678169 2.8965837593 4.6000244865
3.3030000000 0.0870935936 2.8969792976 4.6010254860
3.3040000000 0.0897401466 2.8973749504 4.6020265694
3.3050000000 0.0923142815 2.8977707253 4.6030277290
3.3060000000 0.0948218956 2.8981666069 4.6040289650
3.3070000000 0.0972681465 2.8985626106 4.6050302773
3.3080000000 0.0996575356 2.8989587288 4.6060316658
3.3090000000 0.1019940834 2.8993549614 4.6070331306
3.3100000000 0.1042813225 2.8997513161 4.6080346718
3.3110000000 0.1065224342 2.9001477776 4.6090362968
3.3120000000 0.1087202797 2.9005443611 4.6100379906
3.3130000000 0.1108774223 2.9009410591 4.6110397682
3.3140000000 0.1129962044 2.9013378792 4.6120416222
3.3150000000 0.1150787315 2.9017348061 4.6130435524
3.3160000000 0.1171269493 2.9021318550 4.6140455513
3.3170000000 0.1191426277 2.9025290184 4.6150476341
3.3180000000 0.1211273918 2.9029262962 4.6160497932
3.3190000000 0.1230827293 2.9033236885 4.6170520363
3.3200000000 0.1250100212 2.9037212029 4.6180543480
3.3210000000 0.1269105568 2.9041188316 4.6190567360
3.3220000000 0.1287855186 2.9045165749 4.6200592003
3.3230000000 0.1306359978 2.9049144325 4.6210617485
3.3240000000 0.1324630318 2.9053124046 4.6220643654
3.3250000000 0.1342675819 2.9057104988 4.6230670662
3.3260000000 0.1360505257 2.9061087074 4.6240698433
3.3270000000 0.1378127174 2.9065070305 4.6250726891
3.3280000000 0.1395549355 2.9069054680 4.6260756187
3.3290000000 0.1412779274 2.9073040276 4.6270786247
3.3300000000 0.1429823799 2.9077027016 4.6280817070
3.3310000000 0.1446689568 2.9081014824 4.6290848656
3.3320000000 0.1463382683 2.9085003929 4.6300881004
3.3330000000 0.1479909019 2.9088994102 4.6310914116
3.3340000000 0.1496274223 2.9092985497 4.6320947990
3.3350000000 0.1512483330 2.9096977959 4.6330982628
3.3360000000 0.1528541451 2.9100971642 4.6341018028
3.3370000000 0.1544453239 2.9104966545 4.6351054192
3.3380000000 0.1560223198 2.9108962517 4.6361091118
3.3390000000 0.1575855522 2.9112959709 4.6371128807
3.3400000000 0.1591354408 2.9116958046 4.6381167259
3.3410000000 0.1606723671 2.9120957527 4.6391206551
3.3420000000 0.1621966896 2.9124958153 4.6401246529
3.3430000000 0.1637087746 2.9128959999 4.6411287270
3.3440000000 0.1652089500 2.9132962990 4.6421328850
3.3450000000 0.1666975441 2.9136967125 4.6431371117
3.3460000000 0.1681748543 2.9140972404 4.6441414146
3.3470000000 0.1696411934 2.9144978828 4.6451458015
3.3480000000 0.1710968208 2.9148986473 4.6461502571
3.3490000000 0.1725420265 2.9152995262 4.6471547890
3.3500000000 0.1739770699 2.9157005196 4.6481593971
3.3510000000 0.1754021873 2.9161016350 4.6491640892
3.3520000000 0.1768176308 2.9165028572 4.6501688499
3.3530000000 0.1782236214 2.9169042015 4.6511736870
3.3540000000 0.1796203957 2.9173056602 4.6521786079
3.3550000000 0.1810081596 2.9177072334 4.6531835976
3.3560000000 0.1823871117 2.9181089287 4.6541886635
3.3570000000 0.1837574654 2.9185107307 4.6551938133
3.3580000000 0.1851193962 2.9189126549 4.6561990318
3.3590000000 0.1864731026 2.9193147011 4.6572043266
3.3600000000 0.1878187599 2.9197168541 4.6582096977
3.3610000000 0.1891565361 2.9201191292 4.6592151451
3.3620000000 0.1904865913 2.9205215111 4.6602206688
3.3630000000 0.1918091011 2.9209240150 4.6612262764
3.3640000000 0.1931242180 2.9213266411 4.6622319527
3.3650000000 0.1944320869 2.9217293739 4.6632377052
3.3660000000 0.1957328529 2.9221322289 4.6642435341
3.3670000000 0.1970266609 2.9225351982 4.6652494392
3.3680000000 0.1983136406 2.9229382820 4.6662554131
3.3690000000 0.1995939369 2.9233414879 4.6672614708
3.3700000000 0.2008676643 2.9237448082 4.6682676048
3.3710000000 0.2021349602 2.9241482353 4.6692738152
3.3720000000 0.2033959312 2.9245517921 4.6702801018
3.3730000000 0.2046507072 2.9249554558 4.6712864571
3.3740000000 0.2058993950 2.9253592415 4.6722928963
3.3750000000 0.2071421089 2.9257631340 4.6732994041
3.3760000000 0.2083789482 2.9261671562 4.6743059959
3.3770000000 0.2096100273 2.9265712852 4.6753126564
3.3780000000 0.2108354454 2.9269755287 4.6763193932
3.3790000000 0.2120552940 2.9273798943 4.6773262062
3.3800000000 0.2132696724 2.9277843742 4.6783331032
3.3810000000 0.2144786797 2.9281889763 4.6793400688
3.3820000000 0.2156823997 2.9285936851 4.6803471107
3.3830000000 0.2168809242 2.9289985161 4.6813542290
3.3840000000 0.2180743370 2.9294034615 4.6823614159
3.3850000000 0.2192627220 2.9298085213 4.6833686867
3.3860000000 0.2204461555 2.9302136955 4.6843760338
3.3870000000 0.2216247292 2.9306189919 4.6853834496
3.3880000000 0.2227985191 2.9310244026 4.6863909492
3.3890000000 0.2239675865 2.9314299278 4.6873985176
3.3900000000 0.2251320229 2.9318355751 4.6884061623
3.3910000000 0.2262918892 2.9322413292 4.6894138832
3.3920000000 0.2274472542 2.9326472054 4.6904216881
3.3930000000 0.2285981941 2.9330531960 4.6914295540
3.3940000000 0.2297447701 2.9334593086 4.6924375038
3.3950000000 0.2308870506 2.9338655281 4.6934455299
3.3960000000 0.2320251045 2.9342718697 4.6944536324
3.3970000000 0.2331589851 2.9346783257 4.6954618034
3.3980000000 0.2342887535 2.9350849037 4.6964700508
3.3990000000 0.2354144707 2.9354915886 4.6974783821
3.4000000000 0.2365361977 2.9358983955 4.6984867821
3.4010000000 0.2376539879 2.9363053169 4.6994952583
3.4020000000 0.2387679024 2.9367123528 4.7005038109
3.4030000000 0.2398779869 2.9371195107 4.7015124321
3.4040000000 0.2409843025 2.9375267830 4.7025211372
3.4050000000 0.2420868950 2.9379341698 4.7035299110
3.4060000000 0.2431858177 2.9383416710 4.7045387688
3.4070000000 0.2442811241 2.9387492943 4.7055476952
3.4080000000 0.2453728600 2.9391570244 4.7065566978
3.4090000000 0.2464610710 2.9395648766 4.7075657768
3.4100000000 0.2475458107 2.9399728508 4.7085749245
3.4110000000 0.2486271172 2.9403809319 4.7095841560
3.4120000000 0.2497050362 2.9407891350 4.7105934563
3.4130000000 0.2507796135 2.9411974525 4.7116028404
3.4140000000 0.2518508949 2.9416058846 4.7126122932
3.4150000000 0.2529189186 2.9420144386 4.7136218224
3.4160000000 0.2539837227 2.9424231071 4.7146314278
3.4170000000 0.2550453606 2.9428318901 4.7156411018
3.4180000000 0.2561038551 2.9432407875 4.7166508598
3.4190000000 0.2571592598 2.9436497993 4.7176606865
3.4200000000 0.2582116051 2.9440589333 4.7186705894
3.4210000000 0.2592609291 2.9444681816 4.7196805687
3.4220000000 0.2603072701 2.9448775520 4.7206906242
3.4230000000 0.2613506660 2.9452870293 4.7217007484
3.4240000000 0.2623911476 2.9456966286 4.7227109566
3.4250000000 0.2634287605 2.9461063423 4.7237212334
3.4260000000 0.2644635201 2.9465161705 4.7247315865
3.4270000000 0.2654954720 2.9469261208 4.7257420158
3.4280000000 0.2665246544 2.9473361855 4.7267525139
3.4290000000 0.2675510826 2.9477463646 4.7277630959
3.4300000000 0.2685748100 2.9481566582 4.7287737465
3.4310000000 0.2695958443 2.9485670738 4.7297844734
3.4320000000 0.2706142387 2.9489775963 4.7307952766
3.4330000000 0.2716300011 2.9493882484 4.7318061485
3.4340000000 0.2726431847 2.9497990074 4.7328171043
3.4350000000 0.2736537971 2.9502098885 4.7338281288
3.4360000000 0.2746618767 2.9506208763 4.7348392296
3.4370000000 0.2756674538 2.9510319939 4.7358504066
3.4380000000 0.2766705589 2.9514432182 4.7368616600
3.4390000000 0.2776712074 2.9518545647 4.7378729820
3.4400000000 0.2786694298 2.9522660255 4.7388843803
3.4410000000 0.2796652565 2.9526776009 4.7398958549
3.4420000000 0.2806587105 2.9530892906 4.7409074059
3.4430000000 0.2816498146 2.9535011024 4.7419190254
3.4440000000 0.2826385994 2.9539130287 4.7429307213
3.4450000000 0.2836250877 2.9543250694 4.7439424934
3.4460000000 0.2846093102 2.9547372322 4.7449543419
3.4470000000 0.2855912743 2.9551495018 4.7459662666
3.4480000000 0.2865710106 2.9555618935 4.7469782600
3.4490000000 0.2875485497 2.9559744072 4.7479903297
3.4500000000 0.2885239067 2.9563870277 4.7490024757
3.4510000000 0.2894971046 2.9567997704 4.7500146904
3.4520000000 0.2904681664 2.9572126274 4.7510269890
3.4530000000 0.2914371147 2.9576256065 4.7520393562
3.4540000000 0.2924039726 2.9580386925 4.7530517998
3.4550000000 0.2933687553 2.9584519005 4.7540643120
3.4560000000 0.2943314857 2.9588652229 4.7550769081
3.4570000000 0.2952921867 2.9592786674 4.7560895729
3.4580000000 0.2962508736 2.9596922188 4.7571023064
3.4590000000 0.2972075691 2.9601058922 4.7581151237
3.4600000000 0.2981622963 2.9605196877 4.7591280098
3.4610000000 0.2991150703 2.9609335899 4.7601409721
3.4620000000 0.3000659065 2.9613476143 4.7611540108
3.4630000000 0.3010148277 2.9617617531 4.7621671181
3.4640000000 0.3019618492 2.9621760063 4.7631803017
3.4650000000 0.3029069939 2.9625903816 4.7641935616
3.4660000000 0.3038502769 2.9630048714 4.7652068977
3.4670000000 0.3047917137 2.9634194756 4.7662203026
3.4680000000 0.3057313271 2.9638341942 4.7672337837
3.4690000000 0.3066691322 2.9642490349 4.7682473412
3.4700000000 0.3076051445 2.9646639900 4.7692609673
3.4710000000 0.3085393715 2.9650790596 4.7702746773
3.4720000000 0.3094718437 2.9654942513 4.7712884560
3.4730000000 0.3104025764 2.9659095573 4.7723023033
3.4740000000 0.3113315773 2.9663249779 4.7733162270
3.4750000000 0.3122588692 2.9667405128 4.7743302269
3.4760000000 0.3131844597 2.9671561699 4.7753443031
3.4770000000 0.3141083641 2.9675719414 4.7763584480
3.4780000000 0.3150306129 2.9679878273 4.7773726768
3.4790000000 0.3159511986 2.9684038277 4.7783869667
3.4800000000 0.3168701515 2.9688199501 4.7794013405
3.4810000000 0.3177874870 2.9692361870 4.7804157829
3.4820000000 0.3187032051 2.9696525383 4.7814303017
3.4830000000 0.3196173363 2.9700690117 4.7824448891
3.4840000000 0.3205298805 2.9704855995 4.7834595528
3.4850000000 0.3214408607 2.9709023018 4.7844742928
3.4860000000 0.3223502922 2.9713191261 4.7854891090
3.4870000000 0.3232581749 2.9717360573 4.7865039940
3.4880000000 0.3241645317 2.9721531105 4.7875189552
3.4890000000 0.3250693779 2.9725702858 4.7885339851
3.4900000000 0.3259727211 2.9729875679 4.7895490990
3.4910000000 0.3268745842 2.9734049721 4.7905642738
3.4920000000 0.3277749596 2.9738224907 4.7915795326
3.4930000000 0.3286738777 2.9742401314 4.7925948601
3.4940000000 0.3295713387 2.9746578865 4.7936102638
3.4950000000 0.3304673653 2.9750757561 4.7946257362
3.4960000000 0.3313619652 2.9754937401 4.7956412926
3.4970000000 0.3322551460 2.9759118385 4.7966569099
3.4980000000 0.3331469231 2.9763300591 4.7976726112
3.4990000000 0.3340373116 2.9767484016 4.7986883812
3.5000000000 0.3349263191 2.9771668510 4.7997042274
3.5010000000 0.3358139534 2.9775854225 4.8007201424
3.5020000000 0.3367002296 2.9780041084 4.8017361336
3.5030000000 0.3375851555 2.9784229088 4.8027522011
3.5040000000 0.3384687462 2.9788418312 4.8037683372
3.5050000000 0.3393510094 2.9792608681 4.8047845497
3.5060000000 0.3402319527 2.9796800194 4.8058008385
3.5070000000 0.3411115990 2.9800992928 4.8068171959
3.5080000000 0.3419899406 2.9805186729 4.8078336296
3.5090000000 0.3428670006 2.9809381828 4.8088501320
3.5100000000 0.3437427864 2.9813577995 4.8098667107
3.5110000000 0.3446173058 2.9817775383 4.8108833656
3.5120000000 0.3454905739 2.9821973915 4.8119000893
3.5130000000 0.3463625908 2.9826173592 4.8129168892
3.5140000000 0.3472333794 2.9830374489 4.8139337578
3.5150000000 0.3481029320 2.9834576530 4.8149507103
3.5160000000 0.3489712715 2.9838779716 4.8159677238
3.5170000000 0.3498384056 2.9842984047 4.8169848213
3.5180000000 0.3507043419 2.9847189598 4.8180019875
3.5190000000 0.3515690804 2.9851396294 4.8190192223
3.5200000000 0.3524326439 2.9855604210 4.8200365334
3.5210000000 0.3532950325 2.9859813194 4.8210539207
3.5220000000 0.3541562614 2.9864023399 4.8220713768
3.5230000000 0.3550163383 2.9868234825 4.8230889091
3.5240000000 0.3558752632 2.9872447319 4.8241065178
3.5250000000 0.3567330513 2.9876661034 4.8251241951
3.5260000000 0.3575897179 2.9880875969 4.8261419487
3.5270000000 0.3584452553 2.9885091972 4.8271597710
3.5280000000 0.3592996864 2.9889309196 4.8281776695
3.5290000000 0.3601530113 2.9893527565 4.8291956367
3.5300000000 0.3610052376 2.9897747154 4.8302136803
3.5310000000 0.3618563728 2.9901967812 4.8312318001
3.5320000000 0.3627064323 2.9906189690 4.8322499886
3.5330000000 0.3635554237 2.9910412788 4.8332682533
3.5340000000 0.3644033394 2.9914637032 4.8342865868
3.5350000000 0.3652502098 2.9918862419 4.8353049965
3.5360000000 0.3660960197 2.9923088951 4.8363234825
3.5370000000 0.3669407921 2.9927316628 4.8373420372
3.5380000000 0.3677845345 2.9931545525 4.8383606606
3.5390000000 0.3686272392 2.9935775642 4.8393793678
3.5400000000 0.3694689293 2.9940006828 4.8403981361
3.5410000000 0.3703096046 2.9944239235 4.8414169884
3.5420000000 0.3711492805 2.9948472786 4.8424359016
3.5430000000 0.3719879494 2.9952707558 4.8434548988
3.5440000000 0.3728256264 2.9956943474 4.8444739647
3.5450000000 0.3736623192 2.9961180534 4.8454930992
3.5460000000 0.3744980354 2.9965418739 4.8465123100
3.5470000000 0.3753327827 2.9969658165 4.8475315971
3.5480000000 0.3761665611 2.9973898735 4.8485509529
3.5490000000 0.3769993858 2.9978140526 4.8495703773
3.5500000000 0.3778312492 2.9982383385 4.8505898857
3.5510000000 0.3786621742 2.9986627464 4.8516094551
3.5520000000 0.3794921608 2.9990872765 4.8526291084
3.5530000000 0.3803212090 2.9995119133 4.8536488228
3.5540000000 0.3811493340 2.9999366722 4.8546686211
3.5550000000 0.3819765434 3.0003615532 4.8556884804
3.5560000000 0.3828028374 3.0007865410 4.8567084236
3.5570000000 0.3836282158 3.0012116508 4.8577284355
3.5580000000 0.3844527016 3.0016368828 4.8587485161
3.5590000000 0.3852762871 3.0020622215 4.8597686729
3.5600000000 0.3860989799 3.0024876823 4.8607888985
3.5610000000 0.3869207954 3.0029132652 4.8618092003
3.5620000000 0.3877417336 3.0033389549 4.8628295784
3.5630000000 0.3885617943 3.0037647667 4.8638500252
3.5640000000 0.3893809853 3.0041906929 4.8648705406
3.5650000000 0.3901993217 3.0046167412 4.8658911324
3.5660000000 0.3910168037 3.0050429039 4.8669118004
3.5670000000 0.3918334312 3.0054691811 4.8679325371
3.5680000000 0.3926492195 3.0058955803 4.8689533424
3.5690000000 0.3934641609 3.0063220940 4.8699742241
3.5700000000 0.3942782784 3.0067487221 4.8709951820
3.5710000000 0.3950915565 3.0071754646 4.8720162086
3.5720000000 0.3959040184 3.0076023293 4.8730373039
3.5730000000 0.3967156639 3.0080293083 4.8740584755
3.5740000000 0.3975265007 3.0084564095 4.8750797157
3.5750000000 0.3983365211 3.0088836250 4.8761010323
3.5760000000 0.3991457405 3.0093109550 4.8771224251
3.5770000000 0.3999541664 3.0097384071 4.8781438866
3.5780000000 0.4007618065 3.0101659737 4.8791654167
3.5790000000 0.4015686531 3.0105936546 4.8801870232
3.5800000000 0.4023747139 3.0110214500 4.8812086983
3.5810000000 0.4031800041 3.0114493675 4.8822304497
3.5820000000 0.4039845161 3.0118774071 4.8832522697
3.5830000000 0.4047882652 3.0123055534 4.8842741661
3.5840000000 0.4055912437 3.0127338219 4.8852961311
3.5850000000 0.4063934746 3.0131622047 4.8863181725
3.5860000000 0.4071949501 3.0135907097 4.8873402824
3.5870000000 0.4079956703 3.0140193291 4.8883624611
3.5880000000 0.4087956505 3.0144480629 4.8893847160
3.5890000000 0.4095948906 3.0148769188 4.8904070473
3.5900000000 0.4103933983 3.0153058891 4.8914294472
3.5910000000 0.4111911736 3.0157349739 4.8924519157
3.5920000000 0.4119882164 3.0161641808 4.8934744606
3.5930000000 0.4127845421 3.0165935020 4.8944970741
3.5940000000 0.4135801582 3.0170229378 4.8955197639
3.5950000000 0.4143750496 3.0174524956 4.8965425224
3.5960000000 0.4151692390 3.0178821678 4.8975653572
3.5970000000 0.4159627190 3.0183119545 4.8985882607
3.5980000000 0.4167555046 3.0187418633 4.8996112404
3.5990000000 0.4175475883 3.0191718864 4.9006342812
3.6000000000 0.4183389854 3.0196020317 4.9016574059
3.6010000000 0.4191296883 3.0200322838 4.9026805992
3.6020000000 0.4199197121 3.0204626579 4.9037038612
3.6030000000 0.4207090569 3.0208931541 4.9047271996
3.6040000000 0.4214977226 3.0213237648 4.9057506065
3.6050000000 0.4222857170 3.0217544899 4.9067740822
3.6060000000 0.4230730400 3.0221853371 4.9077976341
3.6070000000 0.4238597069 3.0226162910 4.9088212624
3.6080000000 0.4246457100 3.0230473747 4.9098449516
3.6090000000 0.4254310570 3.0234785652 4.9108687248
3.6100000000 0.4262157478 3.0239098778 4.9118925591
3.6110000000 0.4269997978 3.0243413124 4.9129164696
3.6120000000 0.4277831993 3.0247728539 4.9139404564
3.6130000000 0.4285659523 3.0252045174 4.9149645119
3.6140000000 0.4293480797 3.0256363029 4.9159886360
3.6150000000 0.4301295662 3.0260681953 4.9170128365
3.6160000000 0.4309104271 3.0265002174 4.9180371056
3.6170000000 0.4316906548 3.0269323463 4.9190614433
3.6180000000 0.4324702644 3.0273645973 4.9200858574
3.6190000000 0.4332492561 3.0277969627 4.9211103401
3.6200000000 0.4340276299 3.0282294502 4.9221348991
3.6210000000 0.4348053932 3.0286620522 4.9231595268
3.6220000000 0.4355825386 3.0290947685 4.9241842232
3.6230000000 0.4363590889 3.0295276070 4.9252089958
3.6240000000 0.4371350365 3.0299605598 4.9262338371
3.6250000000 0.4379103813 3.0303936272 4.9272587547
3.6260000000 0.4386851311 3.0308268166 4.9282837410
3.6270000000 0.4394592857 3.0312601204 4.9293087959
3.6280000000 0.4402328606 3.0316935387 4.9303339272
3.6290000000 0.4410058403 3.0321270790 4.9313591270
3.6300000000 0.4417782478 3.0325607338 4.9323844032
3.6310000000 0.4425500679 3.0329945107 4.9334097481
3.6320000000 0.4433213158 3.0334284019 4.9344351616
3.6330000000 0.4440919914 3.0338624077 4.9354606514
3.6340000000 0.4448620949 3.0342965355 4.9364862099
3.6350000000 0.4456316414 3.0347307777 4.9375118370
3.6360000000 0.4464006157 3.0351651344 4.9385375404
3.6370000000 0.4471690331 3.0355996132 4.9395633125
3.6380000000 0.4479368935 3.0360342140 4.9405891533
3.6390000000 0.4487041969 3.0364689217 4.9416150703
3.6400000000 0.4494709511 3.0369037514 4.9426410561
3.6410000000 0.4502371559 3.0373386955 4.9436671181
3.6420000000 0.4510028191 3.0377737617 4.9446932487
3.6430000000 0.4517679405 3.0382089424 4.9457194481
3.6440000000 0.4525325203 3.0386442451 4.9467457237
3.6450000000 0.4532965660 3.0390796547 4.9477720680
3.6460000000 0.4540600777 3.0395151939 4.9487984810
3.6470000000 0.4548230629 3.0399508400 4.9498249626
3.6480000000 0.4555855141 3.0403866081 4.9508515205
3.6490000000 0.4563474464 3.0408224983 4.9518781548
3.6500000000 0.4571088524 3.0412584953 4.9529048500
3.6510000000 0.4578697395 3.0416946144 4.9539316216
3.6520000000 0.4586301079 3.0421308556 4.9549584694
3.6530000000 0.4593899727 3.0425672112 4.9559853783
3.6540000000 0.4601493187 3.0430036812 4.9570123634
3.6550000000 0.4609081535 3.0434402733 4.9580394249
3.6560000000 0.4616664925 3.0438769798 4.9590665474
3.6570000000 0.4624243202 3.0443138008 4.9600937462
3.6580000000 0.4631816521 3.0447507439 4.9611210213
3.6590000000 0.4639384880 3.0451878014 4.9621483574
3.6600000000 0.4646948204 3.0456249809 4.9631757698
3.6610000000 0.4654506721 3.0460622749 4.9642032509
3.6620000000 0.4662060280 3.0464996834 4.9652308083
3.6630000000 0.4669608955 3.0469372139 4.9662584343
3.6640000000 0.4677152824 3.0473748589 4.9672861290
3.6650000000 0.4684691811 3.0478126259 4.9683138924
3.6660000000 0.4692226067 3.0482505074 4.9693417320
3.6670000000 0.4699755516 3.0486885033 4.9703696404
3.6680000000 0.4707280235 3.0491266212 4.9713976250
3.6690000000 0.4714800224 3.0495648537 4.9724256783
3.6700000000 0.4722315483 3.0500032082 4.9734538002
3.6710000000 0.4729826088 3.0504416771 4.9744819908
3.6720000000 0.4737332039 3.0508802605 4.9755102501
3.6730000000 0.4744833412 3.0513189659 4.9765385857
3.6740000000 0.4752330132 3.0517577858 4.9775669975
3.6750000000 0.4759822273 3.0521967201 4.9785954704
3.6760000000 0.4767309914 3.0526357765 4.9796240196
3.6770000000 0.4774792976 3.0530749550 4.9806526375
3.6780000000 0.4782271538 3.0535142403 4.9816813240
3.6790000000 0.4789745598 3.0539536552 4.9827100868
3.6800000000 0.4797215233 3.0543931770 4.9837389183
3.6810000000 0.4804680367 3.0548328209 4.9847678185
3.6820000000 0.4812141151 3.0552725868 4.9857967949
3.6830000000 0.4819597511 3.0557124596 4.9868258324
3.6840000000 0.4827049446 3.0561524544 4.9878549461
3.6850000000 0.4834497108 3.0565925713 4.9888841362
3.6860000000 0.4841940422 3.0570328026 4.9899133873
3.6870000000 0.4849379387 3.0574731483 4.9909427147
3.6880000000 0.4856814079 3.0579136162 4.9919721107
3.6890000000 0.4864244499 3.0583542061 4.9930015831
3.6900000000 0.4871670723 3.0587949028 4.9940311165
3.6910000000 0.4879092674 3.0592357216 4.9950607262
3.6920000000 0.4886510429 3.0596766624 4.9960904121
3.6930000000 0.4893924065 3.0601177177 4.9971201591
3.6940000000 0.4901333504 3.0605588875 4.9981499825
3.6950000000 0.4908738747 3.0610001793 4.9991798744
3.6960000000 0.4916139946 3.0614415855 5.0002098351
3.6970000000 0.4923537025 3.0618831062 5.0012398643
3.6980000000 0.4930929985 3.0623247490 5.0022699699
3.6990000000 0.4938318901 3.0627665138 5.0033001442
3.7000000000 0.4945703773 3.0632083855 5.0043303871
3.7010000000 0.4953084679 3.0636503868 5.0053607063
3.7020000000 0.4960461540 3.0640924950 5.0063910942
3.7030000000 0.4967834435 3.0645347252 5.0074215431
3.7040000000 0.4975203362 3.0649770775 5.0084520760
3.7050000000 0.4982568321 3.0654195442 5.0094826698
3.7060000000 0.4989929390 3.0658621254 5.0105133400
3.7070000000 0.4997286568 3.0663048286 5.0115440788
3.7080000000 0.5004639854 3.0667476463 5.0125748863
3.7090000000 0.5011989250 3.0671905785 5.0136057625
3.7100000000 0.5019334831 3.0676336327 5.0146367149
3.7110000000 0.5026676598 3.0680768089 5.0156677361
3.7120000000 0.5034014473 3.0685200996 5.0166988258
3.7130000000 0.5041348610 3.0689635048 5.0177299843
3.7140000000 0.5048679008 3.0694070320 5.0187612114
3.7150000000 0.5056005592 3.0698506737 5.0197925148
3.7160000000 0.5063328514 3.0702944374 5.0208238869
3.7170000000 0.5070647621 3.0707383156 5.0218553276
3.7180000000 0.5077963066 3.0711823082 5.0228868370
3.7190000000 0.5085274849 3.0716264229 5.0239184227
3.7200000000 0.5092582970 3.0720706520 5.0249500771
3.7210000000 0.5099887428 3.0725150032 5.0259818001
3.7220000000 0.5107188225 3.0729594688 5.0270135918
3.7230000000 0.5114485435 3.0734040565 5.0280454521
3.7240000000 0.5121779060 3.0738487587 5.0290773888
3.7250000000 0.5129069099 3.0742935753 5.0301093941
3.7260000000 0.5136355553 3.0747385139 5.0311414680
3.7270000000 0.5143638496 3.0751835747 5.0321736107
3.7280000000 0.5150917854 3.0756287498 5.0332058296
3.7290000000 0.5158193779 3.0760740395 5.0342381096
3.7300000000 0.5165466118 3.0765194511 5.0352704659
3.7310000000 0.5172735023 3.0769649773 5.0363028908
3.7320000000 0.5180000496 3.0774106178 5.0373353844
3.7330000000 0.5187262459 3.0778563805 5.0383679543
3.7340000000 0.5194521065 3.0783022652 5.0394005852
3.7350000000 0.5201776161 3.0787482643 5.0404332924
3.7360000000 0.5209027977 3.0791943779 5.0414660683
3.7370000000 0.5216276283 3.0796406136 5.0424989128
3.7380000000 0.5223521309 3.0800869637 5.0435318260
3.7390000000 0.5230762978 3.0805334358 5.0445648155
3.7400000000 0.5238001289 3.0809800224 5.0455978737
3.7410000000 0.5245236244 3.0814267311 5.0466309929
3.7420000000 0.5252467918 3.0818735542 5.0476641884
3.7430000000 0.5259696388 3.0823204918 5.0486974602
3.7440000000 0.5266921501 3.0827675514 5.0497307930
3.7450000000 0.5274143333 3.0832147331 5.0507641945
3.7460000000 0.5281361961 3.0836620293 5.0517976723
3.7470000000 0.5288577309 3.0841094398 5.0528312187
3.7480000000 0.5295789528 3.0845569725 5.0538648338
3.7490000000 0.5302998466 3.0850046196 5.0548985176
3.7500000000 0.5310204277 3.0854523888 5.0559322777
3.7510000000 0.5317406883 3.0859002724 5.0569660988
3.7520000000 0.5324606361 3.0863482780 5.0579999962
3.7530000000 0.5331802711 3.0867963982 5.0590339622
3.7540000000 0.5338995857 3.0872446327 5.0600679970
3.7550000000 0.5346185951 3.0876929893 5.0611021004
3.7560000000 0.5353372917 3.0881414680 5.0621362724
3.7570000000 0.5360556831 3.0885900612 5.0631705132
3.7580000000 0.5367737694 3.0890387688 5.0642048302
3.7590000000 0.5374915428 3.0894875984 5.0652392159
3.7600000000 0.5382090187 3.0899365425 5.0662736702
3.7610000000 0.5389261894 3.0903856087 5.0673081932
3.7620000000 0.5396430550 3.0908347969 5.0683427849
3.7630000000 0.5403596230 3.0912840919 5.0693774452
3.7640000000 0.5410758934 3.0917335167 5.0704121742
3.7650000000 0.5417918663 3.0921830482 5.0714469795
3.7660000000 0.5425075417 3.0926327019 5.0724818535
3.7670000000 0.5432229271 3.0930824776 5.0735167961
3.7680000000 0.5439380150 3.0935323677 5.0745517998
3.7690000000 0.5446528053 3.0939823799 5.0755868874
3.7700000000 0.5453673134 3.0944325066 5.0766220360
3.7710000000 0.5460815239 3.0948827476 5.0776572533
3.7720000000 0.5467954521 3.0953331108 5.0786925468
3.7730000000 0.5475090981 3.0957835960 5.0797279015
3.7740000000 0.5482224464 3.0962341957 5.0807633324
3.7750000000 0.5489355202 3.0966849098 5.0817988319
3.7760000000 0.5496483040 3.0971357460 5.0828344002
3.7770000000 0.5503608131 3.0975866966 5.0838700371
3.7780000000 0.5510730400 3.0980377693 5.0849057426
3.7790000000 0.5517849846 3.0984889641 5.0859415169
3.7800000000 0.5524966545 3.0989402657 5.0869773674
3.7810000000 0.5532080421 3.0993916969 5.0880132790
3.7820000000 0.5539191551 3.0998432426 5.0890492668
3.7830000000 0.5546300011 3.1002949028 5.0900853233
3.7840000000 0.5553405647 3.1007466850 5.0911214409
3.7850000000 0.5560508614 3.1011985817 5.0921576347
3.7860000000 0.5567608833 3.1016506004 5.0931938972
3.7870000000 0.5574706383 3.1021027336 5.0942302284
3.7880000000 0.5581801262 3.1025549889 5.0952666359
3.7890000000 0.5588893471 3.1030073586 5.0963031044
3.7900000000 0.5595983009 3.1034598503 5.0973396416
3.7910000000 0.5603069878 3.1039124565 5.0983762550
3.7920000000 0.5610154152 3.1043651772 5.0994129372
3.7930000000 0.5617235832 3.1048180275 5.1004496803
3.7940000000 0.5624314842 3.1052709846 5.1014864998
3.7950000000 0.5631391258 3.1057240715 5.1025233879
3.7960000000 0.5638465080 3.1061772652 5.1035603447
3.7970000000 0.5645536308 3.1066305809 5.1045973701
3.7980000000 0.5652604942 3.1070840187 5.1056344643
3.7990000000 0.5659671059 3.1075375710 5.1066716270
3.8000000000 0.5666734657 3.1079912453 5.1077088661
3.8010000000 0.5673795738 3.1084450340 5.1087461662
3.8020000000 0.5680854225 3.1088989449 5.1097835350
3.8030000000 0.5687910194 3.1093529701 5.1108209801
3.8040000000 0.5694963722 3.1098071175 5.1118584938
3.8050000000 0.5702014732 3.1102613792 5.1128960686
3.8060000000 0.5709063301 3.1107157555 5.1139337196
3.8070000000 0.5716109352 3.1111702614 5.1149714394
3.8080000000 0.5723152962 3.1116248741 5.1160092278
3.8090000000 0.5730194130 3.1120796165 5.1170470848
3.8100000000 0.5737232857 3.1125344658 5.1180850105
3.8110000000 0.5744269142 3.1129894371 5.1191230049
3.8120000000 0.5751302986 3.1134445305 5.1201610680
3.8130000000 0.5758334465 3.1138997383 5.1211991997
3.8140000000 0.5765363579 3.1143550682 5.1222374001
3.8150000000 0.5772390251 3.1148105125 5.1232756767
3.8160000000 0.5779414558 3.1152660789 5.1243140144
3.8170000000 0.5786436501 3.1157217674 5.1253524208
3.8180000000 0.5793456154 3.1161775627 5.1263909035
3.8190000000 0.5800473366 3.1166334877 5.1274294472
3.8200000000 0.5807488289 3.1170895271 5.1284680672
3.8210000000 0.5814500923 3.1175456810 5.1295067482
3.8220000000 0.5821511192 3.1180019569 5.1305455055
3.8230000000 0.5828519173 3.1184583473 5.1315843315
3.8240000000 0.5835524864 3.1189148598 5.1326232185
3.8250000000 0.5842528267 3.1193714943 5.1336621819
3.8260000000 0.5849529381 3.1198282433 5.1347012138
3.8270000000 0.5856528282 3.1202851067 5.1357403145
3.8280000000 0.5863524895 3.1207420921 5.1367794838
3.8290000000 0.5870519218 3.1211991997 5.1378187218
3.8300000000 0.5877511406 3.1216564217 5.1388580284
3.8310000000 0.5884501305 3.1221137581 5.1398974037
3.8320000000 0.5891488991 3.1225712166 5.1409368477
3.8330000000 0.5898474464 3.1230287971 5.1419763603
3.8340000000 0.5905457726 3.1234864922 5.1430159416
3.8350000000 0.5912438850 3.1239443092 5.1440555916
3.8360000000 0.5919417763 3.1244022408 5.1450953102
3.8370000000 0.5926394539 3.1248602943 5.1461350975
3.8380000000 0.5933369102 3.1253184624 5.1471749535
3.8390000000 0.5940341530 3.1257767525 5.1482148781
3.8400000000 0.5947311821 3.1262351570 5.1492548790
3.8410000000 0.5954279976 3.1266936836 5.1502949409
3.8420000000 0.5961246071 3.1271523323 5.1513350716
3.8430000000 0.5968209953 3.1276110954 5.1523752708
3.8440000000 0.5975171776 3.1280699730 5.1534155464
3.8450000000 0.5982131462 3.1285289726 5.1544558830
3.8460000000 0.5989089165 3.1289880943 5.1554962883
3.8470000000 0.5996044655 3.1294473305 5.1565367622
3.8480000000 0.6002998161 3.1299066887 5.1575773125
3.8490000000 0.6009949608 3.1303661613 5.1586179237
3.8500000000 0.6016898918 3.1308257561 5.1596586037
3.8510000000 0.6023846245 3.1312854652 5.1606993599
3.8520000000 0.6030791588 3.1317452965 5.1617401772
3.8530000000 0.6037734795 3.1322052498 5.1627810631
3.8540000000 0.6044676094 3.1326653175 5.1638220177
3.8550000000 0.6051615334 3.1331254997 5.1648630486
3.8560000000 0.6058552513 3.1335858040 5.1659041405
3.8570000000 0.6065487785 3.1340462303 5.1669453011
3.8580000000 0.6072420998 3.1345067711 5.1679865379
3.8590000000 0.6079352303 3.1349674339 5.1690278358
3.8600000000 0.6086281624 3.1354282112 5.1700692024
3.8610000000 0.6093208961 3.1358891106 5.1711106377
3.8620000000 0.6100134315 3.1363501244 5.1721521416
3.8630000000 0.6107057762 3.1368112602 5.1731937218
3.8640000000 0.6113979301 3.1372725182 5.1742353630
3.8650000000 0.6120898933 3.1377338905 5.1752770729
3.8660000000 0.6127816582 3.1381953773 5.1763188515
3.8670000000 0.6134732323 3.1386569862 5.1773606987
3.8680000000 0.6141646156 3.1391187172 5.1784026146
3.8690000000 0.6148558159 3.1395805702 5.1794445992
3.8700000000 0.6155468254 3.1400425301 5.1804866524
3.8710000000 0.6162376442 3.1405046196 5.1815287743
3.8720000000 0.6169282722 3.1409668236 5.1825709648
3.8730000000 0.6176187172 3.1414291420 5.1836132240
3.8740000000 0.6183089790 3.1418915825 5.1846555519
3.8750000000 0.6189990578 3.1423541450 5.1856979485
3.8760000000 0.6196889458 3.1428168221 5.1867404137
3.8770000000 0.6203786583 3.1432796211 5.1877829475
3.8780000000 0.6210681801 3.1437425423 5.1888255501
3.8790000000 0.6217575264 3.1442055779 5.1898682137
3.8800000000 0.6224466896 3.1446687279 5.1909109535
3.8810000000 0.6231356697 3.1451320000 5.1919537621
3.8820000000 0.6238244743 3.1455953941 5.1929966316
3.8830000000 0.6245130959 3.1460589027 5.1940395775
3.8840000000 0.6252015419 3.1465225334 5.1950825844
3.8850000000 0.6258898125 3.1469862862 5.1961256676
3.8860000000 0.6265779076 3.1474501534 5.1971688118
3.8870000000 0.6272658195 3.1479141350 5.1982120323
3.8880000000 0.6279535637 3.1483782387 5.1992553139
3.8890000000 0.6286411324 3.1488424644 5.2002986641
3.8900000000 0.6293285255 3.1493068047 5.2013420830
3.8910000000 0.6300157509 3.1497712669 5.2023855782
3.8920000000 0.6307027931 3.1502358513 5.2034291344
3.8930000000 0.6313896751 3.1507005501 5.2044727592
3.8940000000 0.6320763817 3.1511653709 5.2055164528
3.8950000000 0.6327629204 3.1516303062 5.2065602150
3.8960000000 0.6334492836 3.1520953636 5.2076040382
3.8970000000 0.6341354866 3.1525605354 5.2086479378
3.8980000000 0.6348215141 3.1530258293 5.2096919060
3.8990000000 0.6355073814 3.1534912453 5.2107359428
3.9000000000 0.6361930733 3.1539567757 5.2117800407
3.9010000000 0.6368786049 3.1544224281 5.2128242149
3.9020000000 0.6375639763 3.1548881950 5.2138684502
3.9030000000 0.6382491722 3.1553540840 5.2149127541
3.9040000000 0.6389342155 3.1558200951 5.2159571342
3.9050000000 0.6396190910 3.1562862206 5.2170015755
3.9060000000 0.6403037987 3.1567524681 5.2180460854
3.9070000000 0.6409883537 3.1572188301 5.2190906639
3.9080000000 0.6416727409 3.1576853142 5.2201353111
3.9090000000 0.6423569679 3.1581519203 5.2211800270
3.9100000000 0.6430410347 3.1586186409 5.2222248116
3.9110000000 0.6437249489 3.1590854836 5.2232696648
3.9120000000 0.6444087029 3.1595524406 5.2243145790
3.9130000000 0.6450922966 3.1600195198 5.2253595695
3.9140000000 0.6457757301 3.1604867210 5.2264046211
3.9150000000 0.6464590111 3.1609540367 5.2274497490
3.9160000000 0.6471421394 3.1614214745 5.2284949379
3.9170000000 0.6478251076 3.1618890266 5.2295401955
3.9180000000 0.6485079231 3.1623567009 5.2305855217
3.9190000000 0.6491905785 3.1628244972 5.2316309166
3.9200000000 0.6498730888 3.1632924080 5.2326763802
3.9210000000 0.6505554466 3.1637604408 5.2337219124
3.9220000000 0.6512376442 3.1642285957 5.2347675133
3.9230000000 0.6519196968 3.1646968651 5.2358131752
3.9240000000 0.6526015968 3.1651652489 5.2368589134
3.9250000000 0.6532833519 3.1656337624 5.2379047127
3.9260000000 0.6539649544 3.1661023903 5.2389505806
3.9270000000 0.6546464043 3.1665711327 5.2399965248
3.9280000000 0.6553277092 3.1670399971 5.2410425301
3.9290000000 0.6560088615 3.1675089836 5.2420886040
3.9300000000 0.6566898689 3.1679780922 5.2431347466
3.9310000000 0.6573707314 3.1684473152 5.2441809502
3.9320000000 0.6580514488 3.1689166527 5.2452272301
3.9330000000 0.6587320213 3.1693861198 5.2462735710
3.9340000000 0.6594124489 3.1698557014 5.2473199883
3.9350000000 0.6600927315 3.1703253975 5.2483664665
3.9360000000 0.6607728691 3.1707952156 5.2494130135
3.9370000000 0.6614528694 3.1712651558 5.2504596291
3.9380000000 0.6621327248 3.1717352180 5.2515063133
3.9390000000 0.6628124352 3.1722053947 5.2525530663
3.9400000000 0.6634920082 3.1726756859 5.2535998878
3.9410000000 0.6641714363 3.1731461067 5.2546467705
3.9420000000 0.6648507271 3.1736166420 5.2556937294
3.9430000000 0.6655298805 3.1740872917 5.2567407494
3.9440000000 0.6662088966 3.1745580711 5.2577878380
3.9450000000 0.6668877678 3.1750289650 5.2588349953
3.9460000000 0.6675665016 3.1754999733 5.2598822212
3.9470000000 0.6682451057 3.1759711037 5.2609295158
3.9480000000 0.6689235649 3.1764423561 5.2619768791
3.9490000000 0.6696018944 3.1769137306 5.2630243034
3.9500000000 0.6702800865 3.1773852196 5.2640718040
3.9510000000 0.6709581413 3.1778568230 5.2651193657
3.9520000000 0.6716360664 3.1783285561 5.2661669960
3.9530000000 0.6723138542 3.1788004036 5.2672146950
3.9540000000 0.6729915123 3.1792723656 5.2682624626
3.9550000000 0.6736690331 3.1797444572 5.2693102989
3.9560000000 0.6743464241 3.1802166634 5.2703581963
3.9570000000 0.6750236855 3.1806889839 5.2714061623
3.9580000000 0.6757008171 3.1811614342 5.2724542046
3.9590000000 0.6763778114 3.1816339989 5.2735023079
3.9600000000 0.6770546837 3.1821066780 5.2745504799
3.9610000000 0.6777314186 3.1825794792 5.2755987206
3.9620000000 0.6784080315 3.1830524025 5.2766470222
3.9630000000 0.6790845146 3.1835254478 5.2776954002
3.9640000000 0.6797608681 3.1839986076 5.2787438393
3.9650000000 0.6804370918 3.1844718895 5.2797923470
3.9660000000 0.6811131935 3.1849452858 5.2808409233
3.9670000000 0.6817891655 3.1854188118 5.2818895683
3.9680000000 0.6824650154 3.1858924446 5.2829382820
3.9690000000 0.6831407433 3.1863662071 5.2839870567
3.9700000000 0.6838163414 3.1868400841 5.2850359077
3.9710000000 0.6844918098 3.1873140831 5.2860848198
3.9720000000 0.6851671638 3.1877881966 5.2871338005
3.9730000000 0.6858423882 3.1882624397 5.2881828499
3.9740000000 0.6865174980 3.1887367897 5.2892319679
3.9750000000 0.6871924782 3.1892112694 5.2902811470
3.9760000000 0.6878673439 3.1896858635 5.2913304024
3.9770000000 0.6885420799 3.1901605797 5.2923797188
3.9780000000 0.6892167015 3.1906354179 5.2934291039
3.9790000000 0.6898912010 3.1911103706 5.2944785576
3.9800000000 0.6905655785 3.1915854454 5.2955280724
3.9810000000 0.6912398415 3.1920606346 5.2965776634
3.9820000000 0.6919139824 3.1925359459 5.2976273155
3.9830000000 0.6925880089 3.1930113792 5.2986770363
3.9840000000 0.6932619209 3.1934869347 5.2997268257
3.9850000000 0.6939357109 3.1939626045 5.3007766838
3.9860000000 0.6946093788 3.1944383965 5.3018266106
3.9870000000 0.6952829399 3.1949143105 5.3028765984
3.9880000000 0.6959563789 3.1953903389 5.3039266548
3.9890000000 0.6966297035 3.1958664894 5.3049767876
3.9900000000 0.6973029137 3.1963427620 5.3060269737
3.9910000000 0.6979760170 3.1968191490 5.3070772362
3.9920000000 0.6986489983 3.1972956581 5.3081275673
3.9930000000 0.6993218727 3.1977722893 5.3091779594
3.9940000000 0.6999946251 3.1982490349 5.3102284203
3.9950000000 0.7006672707 3.1987259026 5.3112789497
3.9960000000 0.7013398094 3.1992028923 5.3123295479
3.9970000000 0.7020122261 3.1996800041 5.3133802071
3.9980000000 0.7026845360 3.2001572304 5.3144309425
3.9990000000 0.7033567390 3.2006345787 5.3154817390
4.0000000000 0.7040288277 3.2011120415 5.3165326042
4.0010000000 0.7047008095 3.2015896339 5.3175835304
4.0020000000 0.7053726845 3.2020673409 5.3186345329
4.0030000000 0.7060444450 3.2025451622 5.3196855965
4.0040000000 0.7067161064 3.2030231133 5.3207367287
4.0050000000 0.7073876534 3.2035011787 5.3217879295
4.0060000000 0.7080590935 3.2039793587 5.3228391991
4.0070000000 0.7087304268 3.2044576683 5.3238905373
4.0080000000 0.7094016533 3.2049360924 5.3249419365
4.0090000000 0.7100727730 3.2054146385 5.3259934044
4.0100000000 0.7107437935 3.2058933067 5.3270449409
4.0110000000 0.7114146996 3.2063720894 5.3280965385
4.0120000000 0.7120855064 3.2068509941 5.3291482124
4.0130000000 0.7127562141 3.2073300209 5.3301999474
4.0140000000 0.7134268074 3.2078091621 5.3312517509
4.0150000000 0.7140973015 3.2082884254 5.3323036232
4.0160000000 0.7147676964 3.2087678108 5.3333555641
4.0170000000 0.7154379845 3.2092473183 5.3344075661
4.0180000000 0.7161081734 3.2097269402 5.3354596367
4.0190000000 0.7167782631 3.2102066841 5.3365117760
4.0200000000 0.7174482460 3.2106865501 5.3375639839
4.0210000000 0.7181181297 3.2111665306 5.3386162529
4.0220000000 0.7187879143 3.2116466408 5.3396685905
4.0230000000 0.7194575996 3.2121268578 5.3407209969
4.0240000000 0.7201271858 3.2126072044 5.3417734718
4.0250000000 0.7207966728 3.2130876656 5.3428260155
4.0260000000 0.7214660606 3.2135682564 5.3438786201
4.0270000000 0.7221353493 3.2140489540 5.3449312935
4.0280000000 0.7228045387 3.2145297813 5.3459840355
4.0290000000 0.7234736366 3.2150107231 5.3470368462
4.0300000000 0.7241426353 3.2154917870 5.3480897179
4.0310000000 0.7248115349 3.2159729729 5.3491426582
4.0320000000 0.7254803429 3.2164542732 5.3501956673
4.0330000000 0.7261490517 3.2169357033 5.3512487450
4.0340000000 0.7268176613 3.2174172401 5.3523018837
4.0350000000 0.7274861870 3.2178989067 5.3533550987
4.0360000000 0.7281546059 3.2183806953 5.3544083748
4.0370000000 0.7288229408 3.2188625984 5.3554617119
4.0380000000 0.7294911766 3.2193446236 5.3565151253
4.0390000000 0.7301593208 3.2198267632 5.3575685997
4.0400000000 0.7308273735 3.2203090248 5.3586221428
4.0410000000 0.7314953270 3.2207914162 5.3596757545
4.0420000000 0.7321631966 3.2212739143 5.3607294273
4.0430000000 0.7328309746 3.2217565422 5.3617831764
4.0440000000 0.7334986534 3.2222392845 5.3628369865
4.0450000000 0.7341662483 3.2227221489 5.3638908577
4.0460000000 0.7348337517 3.2232051353 5.3649448051
4.0470000000 0.7355011635 3.2236882439 5.3659988136
4.0480000000 0.7361684837 3.2241714668 5.3670528908
4.0490000000 0.7368357201 3.2246548119 5.3681070366
4.0500000000 0.7375028648 3.2251382790 5.3691612434
4.0510000000 0.7381699181 3.2256218681 5.3702155190
4.0520000000 0.7388368874 3.2261055717 5.3712698631
4.0530000000 0.7395037651 3.2265893974 5.3723242760
4.0540000000 0.7401705589 3.2270733452 5.3733787498
4.0550000000 0.7408372612 3.2275574150 5.3744333000
4.0560000000 0.7415038795 3.2280415993 5.3754879036
4.0570000000 0.7421704140 3.2285259056 5.3765425835
4.0580000000 0.7428368568 3.2290103340 5.3775973244
4.0590000000 0.7435032158 3.2294948845 5.3786521416
4.0600000000 0.7441694908 3.2299795494 5.3797070122
4.0610000000 0.7448356819 3.2304643364 5.3807619591
4.0620000000 0.7455017891 3.2309492455 5.3818169670
4.0630000000 0.7461678123 3.2314342766 5.3828720436
4.0640000000 0.7468337517 3.2319194221 5.3839271889
4.0650000000 0.7474996071 3.2324046974 5.3849823952
4.0660000000 0.7481653786 3.2328900871 5.3860376778
4.0670000000 0.7488310661 3.2333755989 5.3870930214
4.0680000000 0.7494966774 3.2338612251 5.3881484261
4.0690000000 0.7501622047 3.2343469810 5.3892039070
4.0700000000 0.7508276482 3.2348328514 5.3902594490
4.0710000000 0.7514930077 3.2353188438 5.3913150520
4.0720000000 0.7521582909 3.2358049507 5.3923707314
4.0730000000 0.7528234901 3.2362911873 5.3934264717
4.0740000000 0.7534886131 3.2367775383 5.3944822807
4.0750000000 0.7541536522 3.2372640114 5.3955381584
4.0760000000 0.7548186150 3.2377506065 5.3965940971
4.0770000000 0.7554835014 3.2382373161 5.3976501045
4.0780000000 0.7561483040 3.2387241554 5.3987061806
4.0790000000 0.7568130302 3.2392111092 5.3997623253
4.0800000000 0.7574776802 3.2396981850 5.4008185310
4.0810000000 0.7581422462 3.2401853828 5.4018748055
4.0820000000 0.7588067436 3.2406726952 5.4029311409
4.0830000000 0.7594711571 3.2411601372 5.4039875526
4.0840000000 0.7601355019 3.2416476936 5.4050440254
4.0850000000 0.7607997627 3.2421353722 5.4061005592
4.0860000000 0.7614639473 3.2426231651 5.4071571693
4.0870000000 0.7621280632 3.2431110878 5.4082138405
4.0880000000 0.7627920952 3.2435991249 5.4092705803
4.0890000000 0.7634560585 3.2440872841 5.4103273811
4.0900000000 0.7641199455 3.2445755653 5.4113842583
4.0910000000 0.7647837563 3.2450639687 5.4124411964
4.0920000000 0.7654474983 3.2455524940 5.4134981956
4.0930000000 0.7661111641 3.2460411339 5.4145552711
4.0940000000 0.7667747536 3.2465298958 5.4156124077
4.0950000000 0.7674382744 3.2470187798 5.4166696053
4.0960000000 0.7681017189 3.2475077858 5.4177268791
4.0970000000 0.7687650948 3.2479969063 5.4187842140
4.0980000000 0.7694283943 3.2484861565 5.4198416176
4.0990000000 0.7700916252 3.2489755211 5.4208990822
4.1000000000 0.7707547874 3.2494650078 5.4219566154
4.1010000000 0.7714178734 3.2499546165 5.4230142174
4.1020000000 0.7720808907 3.2504443398 5.4240718880
4.1030000000 0.7727438393 3.2509341927 5.4251296196
4.1040000000 0.7734067192 3.2514241600 5.4261874199
4.1050000000 0.7740695229 3.2519142494 5.4272452888
4.1060000000 0.7747322655 3.2524044609 5.4283032188
4.1070000000 0.7753949318 3.2528947945 5.4293612175
4.1080000000 0.7760575294 3.2533852425 5.4304192772
4.1090000000 0.7767200661 3.2538758125 5.4314774132
4.1100000000 0.7773825264 3.2543665123 5.4325356102
4.1110000000 0.7780449257 3.2548573265 5.4335938683
4.1120000000 0.7787072563 3.2553482628 5.4346522026
4.1130000000 0.7793695107 3.2558393135 5.4357105980
4.1140000000 0.7800317116 3.2563304939 5.4367690620
4.1150000000 0.7806938362 3.2568217888 5.4378275871
4.1160000000 0.7813558998 3.2573132057 5.4388861809
4.1170000000 0.7820178947 3.2578047447 5.4399448433
4.1180000000 0.7826798210 3.2582964058 5.4410035667
4.1190000000 0.7833416862 3.2587881889 5.4420623589
4.1200000000 0.7840034904 3.2592800865 5.4431212196
4.1210000000 0.7846652260 3.2597721062 5.4441801414
4.1220000000 0.7853268929 3.2602642555 5.4452391319
4.1230000000 0.7859884987 3.2607565193 5.4462981911
4.1240000000 0.7866500435 3.2612489052 5.4473573112
4.1250000000 0.7873115196 3.2617414055 5.4484165001
4.1260000000 0.7879729424 3.2622340355 5.4494757576
4.1270000000 0.7886342888 3.2627267799 5.4505350838
4.1280000000 0.7892955818 3.2632196465 5.4515944710
4.1290000000 0.7899568138 3.2637126427 5.4526539192
4.1300000000 0.7906179771 3.2642057457 5.4537134438
4.1310000000 0.7912790794 3.2646989784 5.4547730293
4.1320000000 0.7919401207 3.2651923332 5.4558326759
4.1330000000 0.7926011086 3.2656858025 5.4568923988
4.1340000000 0.7932620277 3.2661794014 5.4579521828
4.1350000000 0.7939228859 3.2666731148 5.4590120277
4.1360000000 0.7945836830 3.2671669502 5.4600719414
4.1370000000 0.7952444267 3.2676609077 5.4611319237
4.1380000000 0.7959051094 3.2681549873 5.4621919746
4.1390000000 0.7965657234 3.2686491814 5.4632520866
4.1400000000 0.7972262917 3.2691435051 5.4643122673
4.1410000000 0.7978867912 3.2696379433 5.4653725166
4.1420000000 0.7985472374 3.2701325035 5.4664328270
4.1430000000 0.7992076225 3.2706271935 5.4674931984
4.1440000000 0.7998679466 3.2711219978 5.4685536461
4.1450000000 0.8005282173 3.2716169167 5.4696141548
4.1460000000 0.8011884346 3.2721119652 5.4706747322
4.1470000000 0.8018485832 3.2726071358 5.4717353706
4.1480000000 0.8025086861 3.2731024208 5.4727960777
4.1490000000 0.8031687279 3.2735978279 5.4738568535
4.1500000000 0.8038287163 3.2740933647 5.4749176903
4.1510000000 0.8044886436 3.2745890160 5.4759785957
4.1520000000 0.8051485176 3.2750847893 5.4770395699
4.1530000000 0.8058083382 3.2755806847 5.4781006050
4.1540000000 0.8064680977 3.2760766945 5.4791617088
4.1550000000 0.8071278038 3.2765728340 5.4802228737
4.1560000000 0.8077874565 3.2770690880 5.4812841072
4.1570000000 0.8084470558 3.2775654716 5.4823454094
4.1580000000 0.8091066017 3.2780619698 5.4834067726
4.1590000000 0.8097660942 3.2785585899 5.4844682045
4.1600000000 0.8104255333 3.2790553322 5.4855297050
4.1610000000 0.8110849113 3.2795521965 5.4865912666
4.1620000000 0.8117442436 3.2800491829 5.4876528969
4.1630000000 0.8124035225 3.2805462914 5.4887145958
4.1640000000 0.8130627480 3.2810435143 5.4897763557
4.1650000000 0.8137219200 3.2815408669 5.4908381844
4.1660000000 0.8143810463 3.2820383339 5.4919000740
4.1670000000 0.8150401115 3.2825359230 5.4929620323
4.1680000000 0.8156991310 3.2830336418 5.4940240593
4.1690000000 0.8163580971 3.2835314751 5.4950861473
4.1700000000 0.8170170097 3.2840294304 5.4961483040
4.1710000000 0.8176758766 3.2845275002 5.4972105217
4.1720000000 0.8183346901 3.2850256996 5.4982728081
4.1730000000 0.8189934578 3.2855240211 5.4993351631
4.1740000000 0.8196521721 3.2860224648 5.5003975792
4.1750000000 0.8203108330 3.2865210228 5.5014600639
4.1760000000 0.8209694481 3.2870197105 5.5025226173
4.1770000000 0.8216280174 3.2875185127 5.5035852318
4.1780000000 0.8222865334 3.2880174370 5.5046479149
4.1790000000 0.8229450035 3.2885164833 5.5057106590
4.1800000000 0.8236034203 3.2890156517 5.5067734718
4.1810000000 0.8242617912 3.2895149422 5.5078363533
4.1820000000 0.8249201164 3.2900143547 5.5088992958
4.1830000000 0.8255783958 3.2905138893 5.5099623070
4.1840000000 0.8262366219 3.2910135460 5.5110253792
4.1850000000 0.8268948021 3.2915133171 5.5120885201
4.1860000000 0.8275529366 3.2920132179 5.5131517296
4.1870000000 0.8282110252 3.2925132408 5.5142150002
4.1880000000 0.8288690681 3.2930133781 5.5152783394
4.1890000000 0.8295270653 3.2935136375 5.5163417473
4.1900000000 0.8301850166 3.2940140266 5.5174052162
4.1910000000 0.8308429146 3.2945145302 5.5184687462
4.1920000000 0.8315007744 3.2950151558 5.5195323524
4.1930000000 0.8321585884 3.2955159035 5.5205960121
4.1940000000 0.8328163567 3.2960167732 5.5216597481
4.1950000000 0.8334740791 3.2965177650 5.5227235451
4.1960000000 0.8341317635 3.2970188789 5.5237874107
4.1970000000 0.8347893944 3.2975201149 5.5248513374
4.1980000000 0.8354469872 3.2980214653 5.5259153328
4.1990000000 0.8361045341 3.2985229454 5.5269793892
4.2000000000 0.8367620354 3.2990245476 5.5280435143
4.2010000000 0.8374194984 3.2995262642 5.5291077080
4.2020000000 0.8380769157 3.3000281105 5.5301719627
4.2030000000 0.8387342873 3.3005300713 5.5312362862
4.2040000000 0.8393916206 3.3010321617 5.5323006706
4.2050000000 0.8400489082 3.3015343666 5.5333651237
4.2060000000 0.8407061577 3.3020366936 5.5344296455
4.2070000000 0.8413633614 3.3025391502 5.5354942284
4.2080000000 0.8420205269 3.3030417213 5.5365588799
4.2090000000 0.8426776466 3.3035444145 5.5376235924
4.2100000000 0.8433347282 3.3040472298 5.5386883736
4.2110000000 0.8439917717 3.3045501671 5.5397532158
4.2120000000 0.8446487694 3.3050532265 5.5408181267
4.2130000000 0.8453057289 3.3055564079 5.5418831062
4.2140000000 0.8459626503 3.3060597115 5.5429481468
4.2150000000 0.8466195259 3.3065631371 5.5440132561
4.2160000000 0.8472763634 3.3070666847 5.5450784264
4.2170000000 0.8479331627 3.3075703545 5.5461436653
4.2180000000 0.8485899239 3.3080741463 5.5472089729
4.2190000000 0.8492466469 3.3085780601 5.5482743416
4.2200000000 0.8499033241 3.3090820885 5.5493397789
4.2210000000 0.8505599709 3.3095862465 5.5504052773
4.2220000000 0.8512165718 3.3100905266 5.5514708443
4.2230000000 0.8518731422 3.3105949211 5.5525364723
4.2240000000 0.8525296669 3.3110994453 5.5536021690
4.2250000000 0.8531861610 3.3116040916 5.5546679344
4.2260000000 0.8538426170 3.3121088524 5.5557337608
4.2270000000 0.8544990273 3.3126137428 5.5567996559
4.2280000000 0.8551554070 3.3131187477 5.5578656120
4.2290000000 0.8558117485 3.3136238823 5.5589316368
4.2300000000 0.8564680595 3.3141291313 5.5599977226
4.2310000000 0.8571243248 3.3146345100 5.5610638771
4.2320000000 0.8577805595 3.3151400032 5.5621301003
4.2330000000 0.8584367561 3.3156456261 5.5631963844
4.2340000000 0.8590929146 3.3161513634 5.5642627373
4.2350000000 0.8597490425 3.3166572304 5.5653291512
4.2360000000 0.8604051323 3.3171632118 5.5663956337
4.2370000000 0.8610611839 3.3176693153 5.5674621773
4.2380000000 0.8617172050 3.3181755486 5.5685287895
4.2390000000 0.8623731880 3.3186818962 5.5695954628
4.2400000000 0.8630291405 3.3191883736 5.5706622047
4.2410000000 0.8636850548 3.3196949654 5.5717290154
4.2420000000 0.8643409386 3.3202016869 5.5727958870
4.2430000000 0.8649967842 3.3207085228 5.5738628273
4.2440000000 0.8656525993 3.3212154808 5.5749298286
4.2450000000 0.8663083763 3.3217225685 5.5759968987
4.2460000000 0.8669641228 3.3222297707 5.5770640297
4.2470000000 0.8676198387 3.3227371025 5.5781312294
4.2480000000 0.8682755241 3.3232445488 5.5791984978
4.2490000000 0.8689311714 3.3237521172 5.5802658272
4.2500000000 0.8695867882 3.3242598152 5.5813332176
4.2510000000 0.8702423744 3.3247676277 5.5824006844
4.2520000000 0.8708979225 3.3252755699 5.5834682045
4.2530000000 0.8715534401 3.3257836266 5.5845358009
4.2540000000 0.8722089348 3.3262918129 5.5856034508
4.2550000000 0.8728643913 3.3268001137 5.5866711769
4.2560000000 0.8735198174 3.3273085442 5.5877389641
4.2570000000 0.8741752129 3.3278170891 5.5888068123
4.2580000000 0.8748305779 3.3283257637 5.5898747292
4.2590000000 0.8754859047 3.3288345604 5.5909427071
4.2600000000 0.8761412086 3.3293434715 5.5920107536
4.2610000000 0.8767964821 3.3298525124 5.5930788689
4.2620000000 0.8774517250 3.3303616753 5.5941470451
4.2630000000 0.8781069374 3.3308709526 5.5952152901
4.2640000000 0.8787621269 3.3313803596 5.5962835960
4.2650000000 0.8794172783 3.3318898888 5.5973519707
4.2660000000 0.8800724068 3.3323995399 5.5984204063
4.2670000000 0.8807274971 3.3329093056 5.5994889107
4.2680000000 0.8813825645 3.3334192009 5.6005574760
4.2690000000 0.8820376091 3.3339292183 5.6016261101
4.2700000000 0.8826926155 3.3344393578 5.6026948128
4.2710000000 0.8833475990 3.3349496193 5.6037635765
4.2720000000 0.8840025520 3.3354600029 5.6048324013
4.2730000000 0.8846574745 3.3359705086 5.6059012947
4.2740000000 0.8853123741 3.3364811363 5.6069702568
4.2750000000 0.8859672432 3.3369918861 5.6080392799
4.2760000000 0.8866220894 3.3375027657 5.6091083717
4.2770000000 0.8872769051 3.3380137596 5.6101775246
4.2780000000 0.8879316978 3.3385248756 5.6112467461
4.2790000000 0.8885864601 3.3390361214 5.6123160286
4.2800000000 0.8892411995 3.3395474815 5.6133853798
4.2810000000 0.8898959084 3.3400589638 5.6144547920
4.2820000000 0.8905505867 3.3405705757 5.6155242729
4.2830000000 0.8912052498 3.3410823097 5.6165938149
4.2840000000 0.8918598824 3.3415941582 5.6176634254
4.2850000000 0.8925144844 3.3421061363 5.6187330971
4.2860000000 0.8931690712 3.3426182365 5.6198028374
4.2870000000 0.8938236275 3.3431304588 5.6208726463
4.2880000000 0.8944781609 3.3436427956 5.6219425163
4.2890000000 0.8951326637 3.3441552620 5.6230124474
4.2900000000 0.8957871437 3.3446678505 5.6240824471
4.2910000000 0.8964416008 3.3451805687 5.6251525154
4.2920000000 0.8970960350 3.3456934013 5.6262226448
4.2930000000 0.8977504463 3.3462063560 5.6272928352
4.2940000000 0.8984048347 3.3467194328 5.6283630943
4.2950000000 0.8990591927 3.3472326393 5.6294334221
4.2960000000 0.8997135277 3.3477459602 5.6305038109
4.2970000000 0.9003678474 3.3482594109 5.6315742683
4.2980000000 0.9010221367 3.3487729759 5.6326447868
4.2990000000 0.9016764030 3.3492866707 5.6337153664
4.3000000000 0.9023306541 3.3498004875 5.6347860222
4.3010000000 0.9029848747 3.3503144264 5.6358567314
4.3020000000 0.9036390800 3.3508284874 5.6369275169
4.3030000000 0.9042932549 3.3513426704 5.6379983559
4.3040000000 0.9049474144 3.3518569756 5.6390692635
4.3050000000 0.9056015434 3.3523714027 5.6401402397
4.3060000000 0.9062556572 3.3528859520 5.6412112770
4.3070000000 0.9069097481 3.3534006310 5.6422823830
4.3080000000 0.9075638237 3.3539154243 5.6433535500
4.3090000000 0.9082178688 3.3544303474 5.6444247856
4.3100000000 0.9088718987 3.3549453850 5.6454960899
4.3110000000 0.9095259056 3.3554605522 5.6465674477
4.3120000000 0.9101798897 3.3559758415 5.6476388817
4.3130000000 0.9108338585 3.3564912529 5.6487103691
4.3140000000 0.9114878044 3.3570067863 5.6497819328
4.3150000000 0.9121417274 3.3575224419 5.6508535500
4.3160000000 0.9127956352 3.3580382271 5.6519252434
4.3170000000 0.9134495201 3.3585541267 5.6529969978
4.3180000000 0.9141033897 3.3590701561 5.6540688133
4.3190000000 0.9147572365 3.3595862999 5.6551406975
4.3200000000 0.9154110603 3.3601025734 5.6562126427
4.3210000000 0.9160648689 3.3606189690 5.6572846565
4.3220000000 0.9167186623 3.3611354866 5.6583567314
4.3230000000 0.9173724327 3.3616521263 5.6594288750
4.3240000000 0.9180261803 3.3621688881 5.6605010796
4.3250000000 0.9186799126 3.3626857796 5.6615733528
4.3260000000 0.9193336296 3.3632027855 5.6626456871
4.3270000000 0.9199873314 3.3637199211 5.6637180901
4.3280000000 0.9206410103 3.3642371712 5.6647905540
4.3290000000 0.9212946739 3.3647545509 5.6658630867
4.3300000000 0.9219483147 3.3652720528 5.6669356804
4.3310000000 0.9226019402 3.3657896767 5.6680083427
4.3320000000 0.9232555504 3.3663074226 5.6690810661
4.3330000000 0.9239091454 3.3668252983 5.6701538582
4.3340000000 0.9245627174 3.3673432884 5.6712267113
4.3350000000 0.9252162819 3.3678614082 5.6722996330
4.3360000000 0.9258698235 3.3683796425 5.6733726158
4.3370000000 0.9265233498 3.3688980064 5.6744456673
4.3380000000 0.9271768532 3.3694164925 5.6755187798
4.3390000000 0.9278303490 3.3699351082 5.6765919609
4.3400000000 0.9284838295 3.3704538383 5.6776652031
4.3410000000 0.9291372871 3.3709726906 5.6787385139
4.3420000000 0.9297907372 3.3714916725 5.6798118858
4.3430000000 0.9304441643 3.3720107765 5.6808853188
4.3440000000 0.9310975838 3.3725300026 5.6819588280
4.3450000000 0.9317509804 3.3730493507 5.6830323906
4.3460000000 0.9324043694 3.3735688210 5.6841060219
4.3470000000 0.9330577431 3.3740884132 5.6851797218
4.3480000000 0.9337110939 3.3746081352 5.6862534828
4.3490000000 0.9343644371 3.3751279716 5.6873273048
4.3500000000 0.9350177650 3.3756479378 5.6884011955
4.3510000000 0.9356710777 3.3761680260 5.6894751549
4.3520000000 0.9363243752 3.3766882362 5.6905491753
4.3530000000 0.9369776649 3.3772085762 5.6916232567
4.3540000000 0.9376309395 3.3777290306 5.6926974068
4.3550000000 0.9382841911 3.3782496147 5.6937716255
4.3560000000 0.9389374428 3.3787703133 5.6948458977
4.3570000000 0.9395906715 3.3792911415 5.6959202461
4.3580000000 0.9402438927 3.3798120995 5.6969946556
4.3590000000 0.9408970985 3.3803331718 5.6980691261
4.3600000000 0.9415502892 3.3808543663 5.6991436653
4.3610000000 0.9422034721 3.3813756905 5.7002182655
4.3620000000 0.9428566399 3.3818971367 5.7012929344
4.3630000000 0.9435097923 3.3824187050 5.7023676643
4.3640000000 0.9441629372 3.3829403954 5.7034424553
4.3650000000 0.9448160667 3.3834622078 5.7045173225
4.3660000000 0.9454691887 3.3839841499 5.7055922432
4.3670000000 0.9461222954 3.3845062141 5.7066672325
4.3680000000 0.9467753944 3.3850284004 5.7077422905
4.3690000000 0.9474284782 3.3855507088 5.7088174095
4.3700000000 0.9480815544 3.3860731392 5.7098925896
4.3710000000 0.9487346230 3.3865956993 5.7109678383
4.3720000000 0.9493876686 3.3871183739 5.7120431557
4.3730000000 0.9500407143 3.3876411781 5.7131185265
4.3740000000 0.9506937447 3.3881641045 5.7141939735
4.3750000000 0.9513467674 3.3886871605 5.7152694817
4.3760000000 0.9519997749 3.3892103310 5.7163450508
4.3770000000 0.9526527748 3.3897336311 5.7174206886
4.3780000000 0.9533057671 3.3902570534 5.7184963875
4.3790000000 0.9539587440 3.3907805977 5.7195721550
4.3800000000 0.9546117210 3.3913042641 5.7206479836
4.3810000000 0.9552646828 3.3918280525 5.7217238731
4.3820000000 0.9559176292 3.3923519707 5.7227998314
4.3830000000 0.9565705757 3.3928760109 5.7238758583
4.3840000000 0.9572235069 3.3934001732 5.7249519463
4.3850000000 0.9578764305 3.3939244575 5.7260280952
4.3860000000 0.9585293465 3.3944488716 5.7271043129
4.3870000000 0.9591822548 3.3949734077 5.7281805916
4.3880000000 0.9598351555 3.3954980659 5.7292569389
4.3890000000 0.9604880409 3.3960228462 5.7303333550
4.3900000000 0.9611409264 3.3965477486 5.7314098244
4.3910000000 0.9617937965 3.3970727806 5.7324863625
4.3920000000 0.9624466667 3.3975979347 5.7335629692
4.3930000000 0.9630995216 3.3981232109 5.7346396370
4.3940000000 0.9637523766 3.3986486092 5.7357163734
4.3950000000 0.9644052162 3.3991741371 5.7367931709
4.3960000000 0.9650580559 3.3996997871 5.7378700294
4.3970000000 0.9657108803 3.4002255592 5.7389469566
4.3980000000 0.9663637047 3.4007514534 5.7400239449
4.3990000000 0.9670165138 3.4012774696 5.7411010017
4.4000000000 0.9676693230 3.4018036156 5.7421781197
4.4010000000 0.9683221245 3.4023298836 5.7432553062
4.4020000000 0.9689749184 3.4028562737 5.7443325539
4.4030000000 0.9696277046 3.4033827934 5.7454098701
4.4040000000 0.9702804909 3.4039094276 5.7464872475
4.4050000000 0.9709332619 3.4044361916 5.7475646858
4.4060000000 0.9715860329 3.4049630775 5.7486421928
4.4070000000 0.9722387962 3.4054900932 5.7497197685
4.4080000000 0.9728915596 3.4060172310 5.7507974052
4.4090000000 0.9735443077 3.4065444832 5.7518751030
4.4100000000 0.9741970558 3.4070718727 5.7529528694
4.4110000000 0.9748497963 3.4075993767 5.7540306969
4.4120000000 0.9755025368 3.4081270103 5.7551085854
4.4130000000 0.9761552696 3.4086547661 5.7561865501
4.4140000000 0.9768079948 3.4091826439 5.7572645683
4.4150000000 0.9774607201 3.4097106438 5.7583426552
4.4160000000 0.9781134377 3.4102387733 5.7594208031
4.4170000000 0.9787661476 3.4107670250 5.7604990196
4.4180000000 0.9794188576 3.4112953987 5.7615773048
4.4190000000 0.9800715599 3.4118239021 5.7626556435
4.4200000000 0.9807242622 3.4123525276 5.7637340508
4.4210000000 0.9813769569 3.4128812752 5.7648125267
4.4220000000 0.9820296516 3.4134101448 5.7658910637
4.4230000000 0.9826823463 3.4139391441 5.7669696693
4.4240000000 0.9833350258 3.4144682655 5.7680483284
4.4250000000 0.9839877129 3.4149975090 5.7691270638
4.4260000000 0.9846403923 3.4155268745 5.7702058601
4.4270000000 0.9852930717 3.4160563698 5.7712847176
4.4280000000 0.9859457436 3.4165859871 5.7723636436
4.4290000000 0.9865984154 3.4171157265 5.7734426308
4.4300000000 0.9872510796 3.4176455956 5.7745216789
4.4310000000 0.9879037437 3.4181755867 5.7756007957
4.4320000000 0.9885564079 3.4187056999 5.7766799812
4.4330000000 0.9892090721 3.4192359352 5.7777592201
4.4340000000 0.9898617287 3.4197663002 5.7788385353
4.4350000000 0.9905143852 3.4202967873 5.7799179039
4.4360000000 0.9911670418 3.4208273964 5.7809973488
4.4370000000 0.9918196907 3.4213581352 5.7820768471
4.4380000000 0.9924723396 3.4218889961 5.7831564140
4.4390000000 0.9931249886 3.4224199791 5.7842360497
4.4400000000 0.9937776375 3.4229510918 5.7853157387
4.4410000000 0.9944302864 3.4234823189 5.7863955040
4.4420000000 0.9950829353 3.4240136757 5.7874753227
4.4430000000 0.9957355766 3.4245451622 5.7885552177
4.4440000000 0.9963882179 3.4250767708 5.7896351662
4.4450000000 0.9970408669 3.4256085014 5.7907151833
4.4460000000 0.9976935081 3.4261403542 5.7917952690
4.4470000000 0.9983461494 3.4266723366 5.7928754082
4.4480000000 0.9989987907 3.4272044411 5.7939556236
4.4490000000 0.9996514320 3.4277366676 5.7950359001
4.4500000000 1.0003040733 3.4282690239 5.7961162376
4.4510000000 1.0009567146 3.4288015022 5.7971966362
4.4520000000 1.0016093559 3.4293341026 5.7982771034
4.4530000000 1.0022619972 3.4298668327 5.7993576393
4.4540000000 1.0029146385 3.4303996773 5.8004382286
4.4550000000 1.0035672798 3.4309326591 5.8015188942
4.4560000000 1.0042199211 3.4314657555 5.8025996132
4.4570000000 1.0048725700 3.4319989815 5.8036804085
4.4580000000 1.0055252113 3.4325323296 5.8047612572
4.4590000000 1.0061778603 3.4330658073 5.8058421745
4.4600000000 1.0068305092 3.4335994072 5.8069231529
4.4610000000 1.0074831581 3.4341331291 5.8080042000
4.4620000000 1.0081358070 3.4346669807 5.8090853081
4.4630000000 1.0087884560 3.4352009544 5.8101664848
4.4640000000 1.0094411049 3.4357350502 5.8112477226
4.4650000000 1.0100937614 3.4362692757 5.8123290291
4.4660000000 1.0107464180 3.4368036232 5.8134103889
4.4670000000 1.0113990746 3.4373380928 5.8144918251
4.4680000000 1.0120517387 3.4378726921 5.8155733223
4.4690000000 1.0127044029 3.4384074135 5.8166548805
4.4700000000 1.0133570671 3.4389422569 5.8177364998
4.4710000000 1.0140097313 3.4394772301 5.8188181877
4.4720000000 1.0146624031 3.4400123253 5.8198999443
4.4730000000 1.0153150749 3.4405475426 5.8209817543
4.4740000000 1.0159677544 3.4410828896 5.8220636406
4.4750000000 1.0166204262 3.4416183586 5.8231455803
4.4760000000 1.0172731133 3.4421539574 5.8242275887
4.4770000000 1.0179257927 3.4426896782 5.8253096657
4.4780000000 1.0185784874 3.4432255211 5.8263918037
4.4790000000 1.0192311745 3.4437614861 5.8274740028
4.4800000000 1.0198838692 3.4442975807 5.8285562706
4.4810000000 1.0205365715 3.4448338051 5.8296385994
4.4820000000 1.0211892738 3.4453701515 5.8307209892
4.4830000000 1.0218419762 3.4459066200 5.8318034477
4.4840000000 1.0224946861 3.4464432106 5.8328859749
4.4850000000 1.0231474037 3.4469799309 5.8339685555
4.4860000000 1.0238001213 3.4475167732 5.8350512123
4.4870000000 1.0244528465 3.4480537453 5.8361339226
4.4880000000 1.0251055717 3.4485908394 5.8372167015
4.4890000000 1.0257583046 3.4491280556 5.8382995491
4.4900000000 1.0264110451 3.4496654015 5.8393824501
4.4910000000 1.0270637856 3.4502028694 5.8404654274
4.4920000000 1.0277165337 3.4507404671 5.8415484581
4.4930000000 1.0283692818 3.4512781868 5.8426315575
4.4940000000 1.0290220451 3.4518160286 5.8437147255
4.4950000000 1.0296748009 3.4523540001 5.8447979469
4.4960000000 1.0303275719 3.4528920937 5.8458812447
4.4970000000 1.0309803429 3.4534303169 5.8469645958
4.4980000000 1.0316331215 3.4539686623 5.8480480156
4.4990000000 1.0322859077 3.4545071297 5.8491315041
4.5000000000 1.0329387016 3.4550457268 5.8502150536
4.5010000000 1.0335914955 3.4555844460 5.8512986641
4.5020000000 1.0342442970 3.4561232872 5.8523823433
4.5030000000 1.0348971062 3.4566622581 5.8534660835
4.5040000000 1.0355499229 3.4572013588 5.8545498848
4.5050000000 1.0362027473 3.4577405815 5.8556337547
4.5060000000 1.0368555717 3.4582799263 5.8567176857
4.5070000000 1.0375084114 3.4588193932 5.8578016853
4.5080000000 1.0381612511 3.4593589897 5.8588857460
4.5090000000 1.0388140984 3.4598987160 5.8599698753
4.5100000000 1.0394669533 3.4604385643 5.8610540657
4.5110000000 1.0401198158 3.4609785347 5.8621383171
4.5120000000 1.0407726860 3.4615186348 5.8632226295
4.5130000000 1.0414255638 3.4620588570 5.8643070183
4.5140000000 1.0420784492 3.4625992088 5.8653914604
4.5150000000 1.0427313423 3.4631396828 5.8664759712
4.5160000000 1.0433842430 3.4636802788 5.8675605431
4.5170000000 1.0440371437 3.4642210045 5.8686451836
4.5180000000 1.0446900597 3.4647618523 5.8697298851
4.5190000000 1.0453429832 3.4653028297 5.8708146477
4.5200000000 1.0459959145 3.4658439293 5.8718994789
4.5210000000 1.0466488533 3.4663851585 5.8729843788
4.5220000000 1.0473018074 3.4669265099 5.8740693321
4.5230000000 1.0479547615 3.4674679909 5.8751543541
4.5240000000 1.0486077232 3.4680095940 5.8762394447
4.5250000000 1.0492607002 3.4685513191 5.8773245964
4.5260000000 1.0499136848 3.4690931740 5.8784098091
4.5270000000 1.0505666695 3.4696351509 5.8794950829
4.5280000000 1.0512196693 3.4701772575 5.8805804329
4.5290000000 1.0518726845 3.4707194862 5.8816658363
4.5300000000 1.0525256996 3.4712618446 5.8827513084
4.5310000000 1.0531787300 3.4718043251 5.8838368416
4.5320000000 1.0538317604 3.4723469353 5.8849224434
4.5330000000 1.0544848137 3.4728896675 5.8860081062
4.5340000000 1.0551378670 3.4734325218 5.8870938301
4.5350000000 1.0557909279 3.4739755058 5.8881796227
4.5360000000 1.0564440041 3.4745186195 5.8892654762
4.5370000000 1.0570970955 3.4750618553 5.8903513908
4.5380000000 1.0577501869 3.4756052132 5.8914373741
4.5390000000 1.0584032936 3.4761487007 5.8925234261
4.5400000000 1.0590564079 3.4766923180 5.8936095314
4.5410000000 1.0597095375 3.4772360497 5.8946957130
4.5420000000 1.0603626747 3.4777799187 5.8957819481
4.5430000000 1.0610158195 3.4783239098 5.8968682518
4.5440000000 1.0616689720 3.4788680229 5.8979546165
4.5450000000 1.0623221474 3.4794122658 5.8990410500
4.5460000000 1.0629753227 3.4799566307 5.9001275444
4.5470000000 1.0636285133 3.4805011253 5.9012140999
4.5480000000 1.0642817116 3.4810457420 5.9023007240
4.5490000000 1.0649349251 3.4815904884 5.9033874168
4.5500000000 1.0655881462 3.4821353569 5.9044741631
4.5510000000 1.0662413826 3.4826803551 5.9055609779
4.5520000000 1.0668946342 3.4832254753 5.9066478615
4.5530000000 1.0675478859 3.4837707252 5.9077347984
4.5540000000 1.0682011604 3.4843160973 5.9088218040
4.5550000000 1.0688544426 3.4848615990 5.9099088783
4.5560000000 1.0695077324 3.4854072227 5.9109960136
4.5570000000 1.0701610374 3.4859529762 5.9120832100
4.5580000000 1.0708143578 3.4864988518 5.9131704750
4.5590000000 1.0714676857 3.4870448570 5.9142578011
4.5600000000 1.0721210289 3.4875909843 5.9153451881
4.5610000000 1.0727743797 3.4881372414 5.9164326439
4.5620000000 1.0734277458 3.4886836205 5.9175201683
4.5630000000 1.0740811272 3.4892301292 5.9186077461
4.5640000000 1.0747345161 3.4897767601 5.9196953926
4.5650000000 1.0753879204 3.4903235207 5.9207831078
4.5660000000 1.0760413399 3.4908704033 5.9218708763
4.5670000000 1.0766947670 3.4914174156 5.9229587135
4.5680000000 1.0773482094 3.4919645576 5.9240466194
4.5690000000 1.0780016670 3.4925118217 5.9251345863
4.5700000000 1.0786551399 3.4930592079 5.9262226143
4.5710000000 1.0793086205 3.4936067238 5.9273107109
4.5720000000 1.0799621162 3.4941543694 5.9283988686
4.5730000000 1.0806156273 3.4947021370 5.9294870873
4.5740000000 1.0812691536 3.4952500267 5.9305753746
4.5750000000 1.0819226875 3.4957980461 5.9316637230
4.5760000000 1.0825762444 3.4963461952 5.9327521400
4.5770000000 1.0832298088 3.4968944664 5.9338406181
4.5780000000 1.0838833885 3.4974428673 5.9349291573
4.5790000000 1.0845369835 3.4979913979 5.9360177650
4.5800000000 1.0851905861 3.4985400429 5.9371064339
4.5810000000 1.0858442116 3.4990888252 5.9381951637
4.5820000000 1.0864978447 3.4996377296 5.9392839623
4.5830000000 1.0871515007 3.5001867561 5.9403728218
4.5840000000 1.0878051643 3.5007359200 5.9414617500
4.5850000000 1.0884588432 3.5012851982 5.9425507393
4.5860000000 1.0891125374 3.5018346062 5.9436397896
4.5870000000 1.0897662468 3.5023841438 5.9447289085
4.5880000000 1.0904199715 3.5029338112 5.9458180885
4.5890000000 1.0910737114 3.5034835930 5.9469073296
4.5900000000 1.0917274666 3.5040335121 5.9479966393
4.5910000000 1.0923812370 3.5045835533 5.9490860100
4.5920000000 1.0930350227 3.5051337242 5.9501754494
4.5930000000 1.0936888237 3.5056840172 5.9512649498
4.5940000000 1.0943426476 3.5062344398 5.9523545113
4.5950000000 1.0949964790 3.5067849846 5.9534441414
4.5960000000 1.0956503258 3.5073356590 5.9545338326
4.5970000000 1.0963041878 3.5078864555 5.9556235924
4.5980000000 1.0969580727 3.5084373817 5.9567134056
4.5990000000 1.0976119652 3.5089884377 5.9578032951
4.6000000000 1.0982658806 3.5095396156 5.9588932381
4.6010000000 1.0989198036 3.5100909233 5.9599832497
4.6020000000 1.0995737495 3.5106423607 5.9610733223
4.6030000000 1.1002277107 3.5111939201 5.9621634636
4.6040000000 1.1008816948 3.5117456017 5.9632536659
4.6050000000 1.1015356865 3.5122974205 5.9643439369
4.6060000000 1.1021896935 3.5128493538 5.9654342613
4.6070000000 1.1028437233 3.5134014244 5.9665246620
4.6080000000 1.1034977684 3.5139536171 5.9676151161
4.6090000000 1.1041518288 3.5145059319 5.9687056389
4.6100000000 1.1048059120 3.5150583839 5.9697962227
4.6110000000 1.1054600029 3.5156109505 5.9708868752
4.6120000000 1.1061141167 3.5161636543 5.9719775887
4.6130000000 1.1067682533 3.5167164803 5.9730683708
4.6140000000 1.1074223976 3.5172694359 5.9741592064
4.6150000000 1.1080765648 3.5178225136 5.9752501106
4.6160000000 1.1087307472 3.5183757210 5.9763410835
4.6170000000 1.1093849449 3.5189290504 5.9774321175
4.6180000000 1.1100391655 3.5194825096 5.9785232124
4.6190000000 1.1106934013 3.5200360985 5.9796143761
4.6200000000 1.1113476524 3.5205898170 5.9807056007
4.6210000000 1.1120019264 3.5211436577 5.9817968864
4.6220000000 1.1126562157 3.5216976204 5.9828882408
4.6230000000 1.1133105278 3.5222517128 5.9839796562
4.6240000000 1.1139648552 3.5228059349 5.9850711327
4.6250000000 1.1146191978 3.5233602867 5.9861626778
4.6260000000 1.1152735634 3.5239147606 5.9872542839
4.6270000000 1.1159279442 3.5244693642 5.9883459587
4.6280000000 1.1165823479 3.5250240898 5.9894376945
4.6290000000 1.1172367668 3.5255789452 5.9905294914
4.6300000000 1.1178912010 3.5261339302 5.9916213570
4.6310000000 1.1185456657 3.5266890373 5.9927132835
4.6320000000 1.1192001381 3.5272442741 5.9938052711
4.6330000000 1.1198546333 3.5277996407 5.9948973274
4.6340000000 1.1205091515 3.5283551292 5.9959894447
4.6350000000 1.1211636848 3.5289107475 5.9970816307
4.6360000000 1.1218182335 3.5294664955 5.9981738701
4.6370000000 1.1224728127 3.5300223656 5.9992661858
