0.9900000010 1.2373870947 2.3117387256 2.5054972315
1.0800000010 1.2843343604 2.3435265576 2.5448090283
1.1700000010 1.3345454346 2.3766540088 2.5859315869
1.2600000010 1.3875062646 2.4110591260 2.6289277979
1.3500000010 1.4426632764 2.4466627393 2.6742020752
1.4400000010 1.4994206885 2.4833507080 2.7198970752
1.5300000010 1.5571208838 2.5209508643 2.7652650635
1.6200000010 1.6149983643 2.5591988037 2.8102422412
1.7100000010 1.6720810498 2.5976817529 2.8545908545
1.8000000010 1.7269556201 2.6357389014 2.8980052881
1.8900000010 1.7770135303 2.6722730127 2.9401526611
1.9800000010 1.8150144482 2.7053681787 2.9807356201
2.0700000010 1.8794412939 2.7314394580 3.0196171143
2.1600000010 1.9886048779 2.7430092529 3.0570392334
2.2500000010 2.1598623096 2.7202703760 3.0938934424
