2.3400000010 3.1317870752
2.4300000010 3.1725514502
2.5200000010 3.2174128955
2.6100000010 3.2666468506
2.7000000010 3.3198906885
2.7900000010 3.3765753955
2.8800000010 3.4361609717
2.9700000010 3.4982062256
3.0600000010 3.5623673682
3.1500000010 3.6283777490
3.2400000010 3.6960275440
3.3300000010 3.7651479248
3.4200000010 3.8355997412
3.5100000010 3.9072656299
3.6000000010 3.9800445947
3.6900000010 4.0538482373
3.7800000010 4.1285981494
3.8700000010 4.2042240283
3.9600000010 4.2806623486
4.0500000010 4.3578553662
4.1400000010 4.4357503857
4.2300000010 4.5142991455
4.3200000010 4.5934573877
4.4100000010 4.6731844580
4.5000000010 4.7534429736
4.5900000010 4.8341985205
4.6800000010 4.9154194385
4.7700000010 4.9970765771
4.8600000010 5.0791430615
4.9500000010 5.1615941162
