2.4000000010 0.7950179639 1.5530221533 3.6558511670
2.5000000010 0.9058183154 1.6334790479 3.7326450830
2.6000000010 1.0158333740 1.7138929541 3.8054971631
2.7000000010 1.1255900537 1.7942491260 3.8747664014
2.8000000010 1.2350781396 1.8743867432 3.9399698682
2.9000000010 1.3435685498 1.9540220068 4.0005676904
3.0000000010 1.4483949170 2.0327106104 4.0562335108
3.1000000010 1.5397527490 2.1097497900 4.1071655811
3.2000000010 1.6704334814 2.1839465283 4.1543910596
3.3000000010 1.8324055127 2.2529770361 4.1998217041
3.4000000010 2.0155990186 2.3109001807 4.2458257764
3.5000000010 2.2543975732 2.3155007959 4.2944876318
