0.1000000010 0.0565274072 0.9976139600 2.1030448584 2.4052582275
0.2000000010 0.1120283447 0.9909184814 2.1118462158 2.4206127588
0.3000000010 0.1653859131 0.9812863721 2.1255545557 2.4450561670
0.4000000010 0.2153703857 0.9709515967 2.1431329639 2.4772098193
0.5000000010 0.2608809912 0.9628953076 2.1636450537 2.5156261865
0.6000000010 0.3024047217 0.9605702002 2.1863909619 2.5589836963
0.7000000010 0.3391290674 0.9673253760 2.2109135889 2.6061755811
0.8000000010 0.3521515771 0.9855582959 2.2369415967 2.6563261670
0.9000000010 0.3427832959 1.0160237061 2.2643195264 2.7087711572
1.0000000010 0.3239663037 1.0578357178 2.2929476221 2.7630250440
1.1000000010 0.2826921143 1.1091135010 2.3227363818 2.8187474072
1.2000000010 0.2305180029 1.1677031592 2.3535728076 2.8757126611
1.3000000010 0.1757889111 1.2315868994 2.3852929248 2.9337846143
1.4000000010 0.1306319971 1.2989738135 2.4176545166 2.9928959033
1.5000000010 0.1180216162 1.3681927100 2.4503027979 3.0530317822
1.6000000010 0.1510412646 1.4374213232 2.4827191650 3.1142178858
1.7000000010 0.2106826025 1.5039949658 2.5141344287 3.1765116065
1.8000000010 0.2807837256 1.5602691455 2.5433678955 3.2399969385
1.9000000010 0.3548669678 1.6298234424 2.5684945947 3.3047831397
2.0000000010 0.4300189111 1.7472395068 2.5860473682 3.3710084033
2.1000000010 0.5041993799 1.9033586963 2.5885812647 3.4388518994
2.2000000010 0.5742943408 2.1179511768 2.5523517725 3.5085642041
