4.7570000000 0.0112251000
4.7575000000 0.0181251000
4.7580000000 0.0230251000
4.7585000000 0.0270751000
4.7590000000 0.0305751000
4.7595000000 0.0337251000
4.7600000000 0.0365751000
4.7605000000 0.0392751000
4.7610000000 0.0417251000
4.7615000000 0.0440751000
4.7620000000 0.0463251000
4.7625000000 0.0484751000
4.7630000000 0.0504751000
4.7635000000 0.0524251000
4.7640000000 0.0543251000
4.7645000000 0.0561251000
4.7650000000 0.0579251000
4.7655000000 0.0596251000
4.7660000000 0.0612751000
4.7665000000 0.0628751000
4.7670000000 0.0644751000
4.7675000000 0.0660251000
4.7680000000 0.0675251000
4.7685000000 0.0689751000
4.7690000000 0.0704251000
4.7695000000 0.0718251000
4.7700000000 0.0731751000
4.7705000000 0.0745751000
4.7710000000 0.0758751000
4.7715000000 0.0771751000
4.7720000000 0.0784751000
4.7725000000 0.0797251000
4.7730000000 0.0809751000
4.7735000000 0.0821751000
4.7740000000 0.0833751000
4.7745000000 0.0845751000
4.7750000000 0.0857251000
4.7755000000 0.0868751000
4.7760000000 0.0880251000
4.7765000000 0.0891251000
4.7770000000 0.0902751000
4.7775000000 0.0913251000
4.7780000000 0.0924251000
4.7785000000 0.0934751000
4.7790000000 0.0945251000
4.7795000000 0.0955751000
4.7800000000 0.0966251000
4.7805000000 0.0976251000
4.7810000000 0.0986251000
4.7815000000 0.0996251000
4.7820000000 0.1006251000
4.7825000000 0.1015751000
4.7830000000 0.1025751000
4.7835000000 0.1035251000
4.7840000000 0.1044751000
4.7845000000 0.1053751000
4.7850000000 0.1063251000
4.7855000000 0.1072251000
4.7860000000 0.1081251000
4.7865000000 0.1090251000
4.7870000000 0.1099251000
4.7875000000 0.1108251000
4.7880000000 0.1117251000
4.7885000000 0.1125751000
4.7890000000 0.1134251000
4.7895000000 0.1142751000
4.7900000000 0.1151251000
4.7905000000 0.1159751000
4.7910000000 0.1168251000
4.7915000000 0.1176751000
4.7920000000 0.1184751000
4.7925000000 0.1192751000
4.7930000000 0.1201251000
4.7935000000 0.1209251000
4.7940000000 0.1217251000
4.7945000000 0.1224751000
4.7950000000 0.1232751000
4.7955000000 0.1240751000
4.7960000000 0.1248251000
4.7965000000 0.1256251000
4.7970000000 0.1263751000
4.7975000000 0.1271251000
4.7980000000 0.1278751000
4.7985000000 0.1286251000
4.7990000000 0.1293751000
4.7995000000 0.1301251000
4.8000000000 0.1308751000
4.8005000000 0.1315751000
4.8010000000 0.1323251000
4.8015000000 0.1330251000
4.8020000000 0.1337251000
4.8025000000 0.1344751000
4.8030000000 0.1351751000
4.8035000000 0.1358751000
4.8040000000 0.1365751000
4.8045000000 0.1372751000
4.8050000000 0.1379251000
4.8055000000 0.1386251000
4.8060000000 0.1393251000
4.8065000000 0.1399751000
4.8070000000 0.1406751000
4.8075000000 0.1413251000
4.8080000000 0.1420251000
4.8085000000 0.1426751000
4.8090000000 0.1433251000
4.8095000000 0.1439751000
4.8100000000 0.1446251000
4.8105000000 0.1452751000
4.8110000000 0.1459251000
4.8115000000 0.1465751000
4.8120000000 0.1471751000
4.8125000000 0.1478251000
4.8130000000 0.1484751000
4.8135000000 0.1490751000
4.8140000000 0.1497251000
4.8145000000 0.1503251000
4.8150000000 0.1509251000
4.8155000000 0.1515751000
4.8160000000 0.1521751000
4.8165000000 0.1527751000
4.8170000000 0.1533751000
4.8175000000 0.1539751000
4.8180000000 0.1545751000
4.8185000000 0.1551751000
4.8190000000 0.1557751000
4.8195000000 0.1563251000
4.8200000000 0.1569251000
4.8205000000 0.1575251000
4.8210000000 0.1580751000
4.8215000000 0.1586751000
4.8220000000 0.1592251000
4.8225000000 0.1598251000
4.8230000000 0.1603751000
4.8235000000 0.1609251000
4.8240000000 0.1614751000
4.8245000000 0.1620751000
4.8250000000 0.1626251000
4.8255000000 0.1631751000
4.8260000000 0.1637251000
4.8265000000 0.1642751000
4.8270000000 0.1648251000
4.8275000000 0.1653251000
4.8280000000 0.1658751000
4.8285000000 0.1664251000
4.8290000000 0.1669751000
4.8295000000 0.1674751000
4.8300000000 0.1680251000
4.8305000000 0.1685251000
4.8310000000 0.1690751000
4.8315000000 0.1695751000
4.8320000000 0.1700751000
4.8325000000 0.1706251000
4.8330000000 0.1711251000
4.8335000000 0.1716251000
4.8340000000 0.1721251000
4.8345000000 0.1726251000
4.8350000000 0.1731251000
4.8355000000 0.1736251000
4.8360000000 0.1741251000
4.8365000000 0.1746251000
4.8370000000 0.1751251000
4.8375000000 0.1756251000
4.8380000000 0.1761251000
4.8385000000 0.1765751000
4.8390000000 0.1770751000
4.8395000000 0.1775751000
4.8400000000 0.1780251000
4.8405000000 0.1785251000
4.8410000000 0.1789751000
4.8415000000 0.1794251000
4.8420000000 0.1799251000
4.8425000000 0.1803751000
4.8430000000 0.1808251000
4.8435000000 0.1812751000
4.8440000000 0.1817251000
4.8445000000 0.1821751000
4.8450000000 0.1826251000
4.8455000000 0.1830751000
4.8460000000 0.1835251000
4.8465000000 0.1839751000
4.8470000000 0.1844251000
4.8475000000 0.1848751000
4.8480000000 0.1852751000
4.8485000000 0.1857251000
4.8490000000 0.1861251000
4.8495000000 0.1865751000
4.8500000000 0.1869751000
4.8505000000 0.1874251000
4.8510000000 0.1878251000
4.8515000000 0.1882251000
4.8520000000 0.1886251000
4.8525000000 0.1890751000
4.8530000000 0.1894751000
4.8535000000 0.1898751000
4.8540000000 0.1902251000
4.8545000000 0.1906251000
4.8550000000 0.1910251000
4.8555000000 0.1914251000
4.8560000000 0.1917751000
4.8565000000 0.1921751000
4.8570000000 0.1925251000
4.8575000000 0.1928751000
4.8580000000 0.1932251000
4.8585000000 0.1935751000
4.8590000000 0.1938751000
4.8595000000 0.1942251000
4.8600000000 0.1945751000
4.8605000000 0.1949251000
4.8610000000 0.1952751000
4.8615000000 0.1956251000
4.8620000000 0.1960251000
4.8625000000 0.1963751000
4.8630000000 0.1967751000
4.8635000000 0.1971751000
4.8640000000 0.1975751000
4.8645000000 0.1979751000
4.8650000000 0.1983751000
4.8655000000 0.1987751000
4.8660000000 0.1991751000
4.8665000000 0.1995751000
4.8670000000 0.1999751000
4.8675000000 0.2003751000
4.8680000000 0.2008251000
4.8685000000 0.2012251000
4.8690000000 0.2016751000
4.8695000000 0.2020751000
4.8700000000 0.2025251000
4.8705000000 0.2029251000
4.8710000000 0.2033751000
4.8715000000 0.2038251000
4.8720000000 0.2042751000
4.8725000000 0.2046751000
4.8730000000 0.2051251000
4.8735000000 0.2055751000
4.8740000000 0.2060251000
4.8745000000 0.2064751000
4.8750000000 0.2069251000
4.8755000000 0.2073751000
4.8760000000 0.2078751000
4.8765000000 0.2083251000
4.8770000000 0.2087751000
4.8775000000 0.2092251000
4.8780000000 0.2097251000
4.8785000000 0.2101751000
4.8790000000 0.2106251000
4.8795000000 0.2111251000
4.8800000000 0.2115751000
4.8805000000 0.2120751000
4.8810000000 0.2125251000
4.8815000000 0.2130251000
4.8820000000 0.2135251000
4.8825000000 0.2139751000
4.8830000000 0.2144751000
4.8835000000 0.2149751000
4.8840000000 0.2154751000
4.8845000000 0.2159251000
4.8850000000 0.2164251000
4.8855000000 0.2169251000
4.8860000000 0.2174251000
4.8865000000 0.2179251000
4.8870000000 0.2184251000
4.8875000000 0.2189251000
4.8880000000 0.2194251000
4.8885000000 0.2199251000
4.8890000000 0.2204751000
4.8895000000 0.2209751000
4.8900000000 0.2214751000
4.8905000000 0.2219751000
4.8910000000 0.2225251000
4.8915000000 0.2230251000
4.8920000000 0.2235251000
4.8925000000 0.2240751000
4.8930000000 0.2245751000
4.8935000000 0.2251251000
4.8940000000 0.2256251000
4.8945000000 0.2261751000
4.8950000000 0.2266751000
4.8955000000 0.2272251000
4.8960000000 0.2277751000
4.8965000000 0.2282751000
4.8970000000 0.2288251000
4.8975000000 0.2293751000
4.8980000000 0.2299251000
4.8985000000 0.2304251000
4.8990000000 0.2309751000
4.8995000000 0.2315251000
4.9000000000 0.2320751000
4.9005000000 0.2326251000
4.9010000000 0.2331751000
4.9015000000 0.2337251000
4.9020000000 0.2342751000
4.9025000000 0.2348251000
4.9030000000 0.2353751000
4.9035000000 0.2359251000
4.9040000000 0.2365251000
4.9045000000 0.2370751000
4.9050000000 0.2376251000
4.9055000000 0.2381751000
4.9060000000 0.2387751000
4.9065000000 0.2393251000
4.9070000000 0.2398751000
4.9075000000 0.2404751000
4.9080000000 0.2410251000
4.9085000000 0.2416251000
4.9090000000 0.2421751000
4.9095000000 0.2427751000
4.9100000000 0.2433251000
4.9105000000 0.2439251000
4.9110000000 0.2445251000
4.9115000000 0.2450751000
4.9120000000 0.2456751000
4.9125000000 0.2462751000
4.9130000000 0.2468751000
4.9135000000 0.2474251000
4.9140000000 0.2480251000
4.9145000000 0.2486251000
4.9150000000 0.2492251000
4.9155000000 0.2498251000
4.9160000000 0.2504251000
4.9165000000 0.2510251000
4.9170000000 0.2516251000
4.9175000000 0.2522251000
4.9180000000 0.2528251000
4.9185000000 0.2534251000
4.9190000000 0.2540251000
4.9195000000 0.2546251000
4.9200000000 0.2552251000
4.9205000000 0.2558751000
4.9210000000 0.2564751000
4.9215000000 0.2570751000
4.9220000000 0.2577251000
4.9225000000 0.2583251000
4.9230000000 0.2589251000
4.9235000000 0.2595751000
4.9240000000 0.2601751000
4.9245000000 0.2608251000
4.9250000000 0.2614251000
4.9255000000 0.2620751000
4.9260000000 0.2626751000
4.9265000000 0.2633251000
4.9270000000 0.2639251000
4.9275000000 0.2645751000
4.9280000000 0.2652251000
4.9285000000 0.2658251000
4.9290000000 0.2664751000
4.9295000000 0.2671251000
4.9300000000 0.2677751000
4.9305000000 0.2683751000
4.9310000000 0.2690251000
4.9315000000 0.2696751000
4.9320000000 0.2703251000
4.9325000000 0.2709751000
4.9330000000 0.2716251000
4.9335000000 0.2722751000
4.9340000000 0.2729251000
4.9345000000 0.2735751000
4.9350000000 0.2742251000
4.9355000000 0.2748751000
4.9360000000 0.2755251000
4.9365000000 0.2762251000
4.9370000000 0.2768751000
4.9375000000 0.2775251000
4.9380000000 0.2781751000
4.9385000000 0.2788751000
4.9390000000 0.2795251000
4.9395000000 0.2801751000
4.9400000000 0.2808751000
4.9405000000 0.2815251000
4.9410000000 0.2822251000
4.9415000000 0.2828751000
4.9420000000 0.2835251000
4.9425000000 0.2842251000
4.9430000000 0.2849251000
4.9435000000 0.2855751000
4.9440000000 0.2862751000
4.9445000000 0.2869251000
4.9450000000 0.2876251000
4.9455000000 0.2883251000
4.9460000000 0.2889751000
4.9465000000 0.2896751000
4.9470000000 0.2903751000
4.9475000000 0.2910751000
4.9480000000 0.2917751000
4.9485000000 0.2924251000
4.9490000000 0.2931251000
4.9495000000 0.2938251000
4.9500000000 0.2945251000
4.9505000000 0.2952251000
4.9510000000 0.2959251000
4.9515000000 0.2966251000
4.9520000000 0.2973251000
4.9525000000 0.2980251000
4.9530000000 0.2987251000
4.9535000000 0.2994751000
4.9540000000 0.3001751000
4.9545000000 0.3008751000
4.9550000000 0.3015751000
4.9555000000 0.3022751000
4.9560000000 0.3030251000
4.9565000000 0.3037251000
4.9570000000 0.3044251000
4.9575000000 0.3051751000
4.9580000000 0.3058751000
4.9585000000 0.3066251000
4.9590000000 0.3073251000
4.9595000000 0.3080251000
4.9600000000 0.3087751000
4.9605000000 0.3094751000
4.9610000000 0.3102251000
4.9615000000 0.3109751000
4.9620000000 0.3116751000
4.9625000000 0.3124251000
4.9630000000 0.3131751000
4.9635000000 0.3138751000
4.9640000000 0.3146251000
4.9645000000 0.3153751000
4.9650000000 0.3160751000
4.9655000000 0.3168251000
4.9660000000 0.3175751000
4.9665000000 0.3183251000
4.9670000000 0.3190751000
4.9675000000 0.3198251000
4.9680000000 0.3205751000
4.9685000000 0.3213251000
4.9690000000 0.3220751000
4.9695000000 0.3228251000
4.9700000000 0.3235751000
4.9705000000 0.3243251000
4.9710000000 0.3250751000
4.9715000000 0.3258251000
4.9720000000 0.3265751000
4.9725000000 0.3273251000
4.9730000000 0.3280751000
4.9735000000 0.3288751000
4.9740000000 0.3296251000
4.9745000000 0.3303751000
4.9750000000 0.3311251000
4.9755000000 0.3319251000
4.9760000000 0.3326751000
4.9765000000 0.3334251000
4.9770000000 0.3342251000
4.9775000000 0.3349751000
4.9780000000 0.3357751000
4.9785000000 0.3365251000
4.9790000000 0.3373251000
4.9795000000 0.3380751000
4.9800000000 0.3388751000
4.9805000000 0.3396251000
4.9810000000 0.3404251000
4.9815000000 0.3411751000
4.9820000000 0.3419751000
4.9825000000 0.3427751000
4.9830000000 0.3435751000
4.9835000000 0.3443251000
4.9840000000 0.3451251000
4.9845000000 0.3459251000
4.9850000000 0.3467251000
4.9855000000 0.3474751000
4.9860000000 0.3482751000
4.9865000000 0.3490751000
4.9870000000 0.3498751000
4.9875000000 0.3506751000
4.9880000000 0.3514751000
4.9885000000 0.3522751000
4.9890000000 0.3530751000
4.9895000000 0.3538751000
4.9900000000 0.3546751000
4.9905000000 0.3554751000
4.9910000000 0.3562751000
4.9915000000 0.3570751000
4.9920000000 0.3578751000
4.9925000000 0.3587251000
4.9930000000 0.3595251000
4.9935000000 0.3603251000
4.9940000000 0.3611251000
4.9945000000 0.3619251000
4.9950000000 0.3627751000
4.9955000000 0.3635751000
4.9960000000 0.3643751000
4.9965000000 0.3652251000
4.9970000000 0.3660251000
4.9975000000 0.3668751000
4.9980000000 0.3676751000
4.9985000000 0.3684751000
4.9990000000 0.3693251000
4.9995000000 0.3701251000
5.0000000000 0.3709751000
