0.543200 0.003555 0.941836
0.543300 0.005273 0.941836
0.543400 0.006523 0.941758
0.543500 0.007617 0.941758
0.543600 0.008555 0.941758
0.543700 0.009414 0.941758
0.543800 0.010195 0.941680
0.543900 0.010898 0.941680
0.544000 0.011602 0.941680
0.544100 0.012227 0.941680
0.544200 0.012852 0.941680
0.544300 0.013398 0.941602
0.544400 0.013945 0.941602
0.544500 0.014492 0.941602
0.544600 0.015039 0.941602
0.544700 0.015508 0.941602
0.544800 0.015977 0.941523
0.544900 0.016445 0.941523
0.545000 0.016914 0.941523
0.545100 0.017305 0.941523
0.545200 0.017773 0.941523
0.545300 0.018164 0.941445
0.545400 0.018633 0.941445
0.545500 0.019023 0.941445
0.545600 0.019414 0.941445
0.545700 0.019805 0.941445
0.545800 0.020195 0.941367
0.545900 0.020508 0.941367
0.546000 0.020898 0.941367
0.546100 0.021289 0.941367
0.546200 0.021602 0.941367
0.546300 0.021992 0.941289
0.546400 0.022305 0.941289
0.546500 0.022617 0.941289
0.546600 0.023008 0.941289
0.546700 0.023320 0.941289
0.546800 0.023633 0.941211
0.546900 0.023945 0.941211
0.547000 0.024258 0.941211
0.547100 0.024570 0.941211
0.547200 0.024883 0.941133
0.547300 0.025195 0.941133
0.547400 0.025508 0.941133
0.547500 0.025742 0.941133
0.547600 0.026055 0.941133
0.547700 0.026367 0.941055
0.547800 0.026602 0.941055
0.547900 0.026914 0.941055
0.548000 0.027227 0.941055
0.548100 0.027461 0.941055
0.548200 0.027773 0.940977
0.548300 0.028008 0.940977
0.548400 0.028242 0.940977
0.548500 0.028555 0.940977
0.548600 0.028789 0.940977
0.548700 0.029102 0.940898
0.548800 0.029336 0.940898
0.548900 0.029570 0.940898
0.549000 0.029805 0.940898
0.549100 0.030117 0.940898
0.549200 0.030352 0.940820
0.549300 0.030586 0.940820
0.549400 0.030820 0.940820
0.549500 0.031055 0.940820
0.549600 0.031289 0.940820
0.549700 0.031523 0.940742
0.549800 0.031758 0.940742
0.549900 0.032070 0.940742
0.550000 0.032305 0.940742
0.550100 0.032461 0.940742
0.550200 0.032695 0.940664
0.550300 0.032930 0.940664
0.550400 0.033164 0.940664
0.550500 0.033398 0.940664
0.550600 0.033633 0.940664
0.550700 0.033867 0.940586
0.550800 0.034102 0.940586
0.550900 0.034336 0.940586
0.551000 0.034492 0.940586
0.551100 0.034727 0.940508
0.551200 0.034961 0.940508
0.551300 0.035195 0.940508
0.551400 0.035352 0.940508
0.551500 0.035586 0.940508
0.551600 0.035820 0.940430
0.551700 0.036055 0.940430
0.551800 0.036211 0.940430
0.551900 0.036445 0.940430
0.552000 0.036602 0.940430
0.552100 0.036836 0.940352
0.552200 0.037070 0.940352
0.552300 0.037227 0.940352
0.552400 0.037461 0.940352
0.552500 0.037617 0.940352
0.552600 0.037852 0.940273
0.552700 0.038086 0.940273
0.552800 0.038242 0.940273
0.552900 0.038477 0.940273
0.553000 0.038633 0.940273
0.553100 0.038867 0.940195
0.553200 0.039023 0.940195
0.553300 0.039180 0.940195
0.553400 0.039414 0.940195
0.553500 0.039570 0.940195
0.553600 0.039805 0.940117
0.553700 0.039961 0.940117
0.553800 0.040195 0.940117
0.553900 0.040352 0.940117
0.554000 0.040508 0.940117
0.554100 0.040742 0.940039
0.554200 0.040898 0.940039
0.554300 0.041055 0.940039
0.554400 0.041289 0.940039
0.554500 0.041445 0.940039
0.554600 0.041602 0.939961
0.554700 0.041836 0.939961
0.554800 0.041992 0.939961
0.554900 0.042148 0.939961
0.555000 0.042305 0.939883
0.555100 0.042539 0.939883
0.555200 0.042695 0.939883
0.555300 0.042852 0.939883
0.555400 0.043008 0.939883
0.555500 0.043242 0.939805
0.555600 0.043398 0.939805
0.555700 0.043555 0.939805
0.555800 0.043711 0.939805
0.555900 0.043945 0.939805
0.556000 0.044102 0.939727
0.556100 0.044258 0.939727
0.556200 0.044414 0.939727
0.556300 0.044570 0.939727
0.556400 0.044727 0.939727
0.556500 0.044883 0.939648
0.556600 0.045117 0.939648
0.556700 0.045273 0.939648
0.556800 0.045430 0.939648
0.556900 0.045586 0.939648
0.557000 0.045742 0.939570
0.557100 0.045898 0.939570
0.557200 0.046055 0.939570
0.557300 0.046211 0.939570
0.557400 0.046367 0.939570
0.557500 0.046523 0.939492
0.557600 0.046680 0.939492
0.557700 0.046914 0.939492
0.557800 0.047070 0.939492
0.557900 0.047227 0.939492
0.558000 0.047383 0.939414
0.558100 0.047539 0.939414
0.558200 0.047695 0.939414
0.558300 0.047852 0.939414
0.558400 0.048008 0.939414
0.558500 0.048164 0.939336
0.558600 0.048320 0.939336
0.558700 0.048477 0.939336
0.558800 0.048633 0.939336
0.558900 0.048789 0.939336
0.559000 0.048945 0.939258
0.559100 0.049023 0.939258
0.559200 0.049180 0.939258
0.559300 0.049336 0.939258
0.559400 0.049492 0.939258
0.559500 0.049648 0.939180
0.559600 0.049805 0.939180
0.559700 0.049961 0.939180
0.559800 0.050117 0.939180
0.559900 0.050273 0.939102
0.560000 0.050430 0.939102
0.560100 0.050586 0.939102
0.560200 0.050742 0.939102
0.560300 0.050820 0.939102
0.560400 0.050977 0.939023
0.560500 0.051133 0.939023
0.560600 0.051289 0.939023
0.560700 0.051445 0.939023
0.560800 0.051602 0.939023
0.560900 0.051758 0.938945
0.561000 0.051836 0.938945
0.561100 0.051992 0.938945
0.561200 0.052148 0.938945
0.561300 0.052305 0.938945
0.561400 0.052461 0.938867
0.561500 0.052617 0.938867
0.561600 0.052695 0.938867
0.561700 0.052852 0.938867
0.561800 0.053008 0.938867
0.561900 0.053164 0.938789
0.562000 0.053320 0.938789
0.562100 0.053398 0.938789
0.562200 0.053555 0.938789
0.562300 0.053711 0.938789
0.562400 0.053867 0.938711
0.562500 0.054023 0.938711
0.562600 0.054102 0.938711
0.562700 0.054258 0.938711
0.562800 0.054414 0.938711
0.562900 0.054570 0.938633
0.563000 0.054648 0.938633
0.563100 0.054805 0.938633
0.563200 0.054961 0.938633
0.563300 0.055117 0.938633
0.563400 0.055195 0.938555
0.563500 0.055352 0.938555
0.563600 0.055508 0.938555
0.563700 0.055586 0.938555
0.563800 0.055742 0.938555
0.563900 0.055898 0.938477
0.564000 0.056055 0.938477
0.564100 0.056133 0.938477
0.564200 0.056289 0.938477
0.564300 0.056445 0.938477
0.564400 0.056523 0.938398
0.564500 0.056680 0.938398
0.564600 0.056836 0.938398
0.564700 0.056914 0.938398
0.564800 0.057070 0.938398
0.564900 0.057227 0.938320
0.565000 0.057305 0.938320
0.565100 0.057461 0.938320
0.565200 0.057617 0.938320
0.565300 0.057695 0.938242
0.565400 0.057852 0.938242
0.565500 0.058008 0.938242
0.565600 0.058086 0.938242
0.565700 0.058242 0.938242
0.565800 0.058398 0.938164
0.565900 0.058477 0.938164
0.566000 0.058633 0.938164
0.566100 0.058711 0.938164
0.566200 0.058867 0.938164
0.566300 0.059023 0.938086
0.566400 0.059102 0.938086
0.566500 0.059258 0.938086
0.566600 0.059336 0.938086
0.566700 0.059492 0.938086
0.566800 0.059648 0.938008
0.566900 0.059727 0.938008
0.567000 0.059883 0.938008
0.567100 0.059961 0.938008
0.567200 0.060117 0.938008
0.567300 0.060273 0.937930
0.567400 0.060352 0.937930
0.567500 0.060508 0.937930
0.567600 0.060586 0.937930
0.567700 0.060742 0.937930
0.567800 0.060820 0.937852
0.567900 0.060977 0.937852
0.568000 0.061133 0.937852
0.568100 0.061211 0.937852
0.568200 0.061367 0.937852
0.568300 0.061445 0.937773
0.568400 0.061602 0.937773
0.568500 0.061680 0.937773
0.568600 0.061836 0.937773
0.568700 0.061914 0.937773
0.568800 0.062070 0.937695
0.568900 0.062148 0.937695
0.569000 0.062305 0.937695
0.569100 0.062383 0.937695
0.569200 0.062539 0.937695
0.569300 0.062617 0.937617
0.569400 0.062773 0.937617
0.569500 0.062930 0.937617
0.569600 0.063008 0.937617
0.569700 0.063164 0.937617
0.569800 0.063242 0.937539
0.569900 0.063398 0.937539
0.570000 0.063477 0.937539
0.570100 0.063633 0.937539
0.570200 0.063711 0.937539
0.570300 0.063789 0.937461
0.570400 0.063945 0.937461
0.570500 0.064023 0.937461
0.570600 0.064180 0.937461
0.570700 0.064258 0.937461
0.570800 0.064414 0.937383
0.570900 0.064492 0.937383
0.571000 0.064648 0.937383
0.571100 0.064727 0.937383
0.571200 0.064883 0.937383
0.571300 0.064961 0.937305
0.571400 0.065117 0.937305
0.571500 0.065195 0.937305
0.571600 0.065352 0.937305
0.571700 0.065430 0.937305
0.571800 0.065508 0.937227
0.571900 0.065664 0.937227
0.572000 0.065742 0.937227
0.572100 0.065898 0.937227
0.572200 0.065977 0.937227
0.572300 0.066133 0.937148
0.572400 0.066211 0.937148
0.572500 0.066367 0.937148
0.572600 0.066445 0.937148
0.572700 0.066523 0.937148
0.572800 0.066680 0.937070
0.572900 0.066758 0.937070
0.573000 0.066914 0.937070
0.573100 0.066992 0.937070
0.573200 0.067070 0.937070
0.573300 0.067227 0.936992
0.573400 0.067305 0.936992
0.573500 0.067461 0.936992
0.573600 0.067539 0.936992
0.573700 0.067695 0.936992
0.573800 0.067773 0.936914
0.573900 0.067852 0.936914
0.574000 0.068008 0.936914
0.574100 0.068086 0.936914
0.574200 0.068164 0.936836
0.574300 0.068320 0.936836
0.574400 0.068398 0.936836
0.574500 0.068555 0.936836
0.574600 0.068633 0.936836
0.574700 0.068711 0.936758
0.574800 0.068867 0.936758
0.574900 0.068945 0.936758
0.575000 0.069023 0.936758
0.575100 0.069180 0.936758
0.575200 0.069258 0.936680
0.575300 0.069414 0.936680
0.575400 0.069492 0.936680
0.575500 0.069570 0.936680
0.575600 0.069727 0.936680
0.575700 0.069805 0.936602
0.575800 0.069883 0.936602
0.575900 0.070039 0.936602
0.576000 0.070117 0.936602
0.576100 0.070195 0.936602
0.576200 0.070352 0.936523
0.576300 0.070430 0.936523
0.576400 0.070508 0.936523
0.576500 0.070664 0.936523
0.576600 0.070742 0.936523
0.576700 0.070820 0.936445
0.576800 0.070977 0.936445
0.576900 0.071055 0.936445
0.577000 0.071133 0.936445
0.577100 0.071289 0.936445
0.577200 0.071367 0.936367
0.577300 0.071445 0.936367
0.577400 0.071602 0.936367
0.577500 0.071680 0.936367
0.577600 0.071758 0.936367
0.577700 0.071914 0.936289
0.577800 0.071992 0.936289
0.577900 0.072070 0.936289
0.578000 0.072227 0.936289
0.578100 0.072305 0.936289
0.578200 0.072383 0.936211
0.578300 0.072539 0.936211
0.578400 0.072617 0.936211
0.578500 0.072695 0.936211
0.578600 0.072773 0.936211
0.578700 0.072930 0.936133
0.578800 0.073008 0.936133
0.578900 0.073086 0.936133
0.579000 0.073242 0.936133
0.579100 0.073320 0.936133
0.579200 0.073398 0.936055
0.579300 0.073477 0.936055
0.579400 0.073633 0.936055
0.579500 0.073711 0.936055
0.579600 0.073789 0.936055
0.579700 0.073945 0.935977
0.579800 0.074023 0.935977
0.579900 0.074102 0.935977
0.580000 0.074180 0.935977
0.580100 0.074336 0.935977
0.580200 0.074414 0.935898
0.580300 0.074492 0.935898
0.580400 0.074570 0.935898
0.580500 0.074727 0.935898
0.580600 0.074805 0.935898
0.580700 0.074883 0.935820
0.580800 0.075039 0.935820
0.580900 0.075117 0.935820
0.581000 0.075195 0.935820
0.581100 0.075273 0.935820
0.581200 0.075430 0.935742
0.581300 0.075508 0.935742
0.581400 0.075586 0.935742
0.581500 0.075664 0.935742
0.581600 0.075820 0.935742
0.581700 0.075898 0.935664
0.581800 0.075977 0.935664
0.581900 0.076055 0.935664
0.582000 0.076133 0.935664
0.582100 0.076289 0.935664
0.582200 0.076367 0.935586
0.582300 0.076445 0.935586
0.582400 0.076523 0.935586
0.582500 0.076680 0.935586
0.582600 0.076758 0.935586
0.582700 0.076836 0.935508
0.582800 0.076914 0.935508
0.582900 0.077070 0.935508
0.583000 0.077148 0.935508
0.583100 0.077227 0.935508
0.583200 0.077305 0.935430
0.583300 0.077383 0.935430
0.583400 0.077539 0.935430
0.583500 0.077617 0.935430
0.583600 0.077695 0.935430
0.583700 0.077773 0.935352
0.583800 0.077852 0.935352
0.583900 0.078008 0.935352
0.584000 0.078086 0.935352
0.584100 0.078164 0.935352
0.584200 0.078242 0.935273
0.584300 0.078398 0.935273
0.584400 0.078477 0.935273
0.584500 0.078555 0.935273
0.584600 0.078633 0.935273
0.584700 0.078711 0.935195
0.584800 0.078789 0.935195
0.584900 0.078945 0.935195
0.585000 0.079023 0.935195
0.585100 0.079102 0.935195
0.585200 0.079180 0.935117
0.585300 0.079258 0.935117
0.585400 0.079414 0.935117
0.585500 0.079492 0.935117
0.585600 0.079570 0.935117
0.585700 0.079648 0.935039
0.585800 0.079727 0.935039
0.585900 0.079883 0.935039
0.586000 0.079961 0.935039
0.586100 0.080039 0.935039
0.586200 0.080117 0.934961
0.586300 0.080195 0.934961
0.586400 0.080273 0.934961
0.586500 0.080430 0.934961
0.586600 0.080508 0.934961
0.586700 0.080586 0.934883
0.586800 0.080664 0.934883
0.586900 0.080742 0.934883
0.587000 0.080820 0.934883
0.587100 0.080977 0.934883
0.587200 0.081055 0.934805
0.587300 0.081133 0.934805
0.587400 0.081211 0.934805
0.587500 0.081289 0.934805
0.587600 0.081367 0.934805
0.587700 0.081523 0.934727
0.587800 0.081602 0.934727
0.587900 0.081680 0.934727
0.588000 0.081758 0.934727
0.588100 0.081836 0.934727
0.588200 0.081914 0.934648
0.588300 0.081992 0.934648
0.588400 0.082148 0.934648
0.588500 0.082227 0.934648
0.588600 0.082305 0.934648
0.588700 0.082383 0.934570
0.588800 0.082461 0.934570
0.588900 0.082539 0.934570
0.589000 0.082617 0.934570
0.589100 0.082773 0.934570
0.589200 0.082852 0.934492
0.589300 0.082930 0.934492
0.589400 0.083008 0.934492
0.589500 0.083086 0.934492
0.589600 0.083164 0.934492
0.589700 0.083242 0.934492
0.589800 0.083320 0.934414
0.589900 0.083477 0.934414
0.590000 0.083555 0.934414
0.590100 0.083633 0.934414
0.590200 0.083711 0.934414
0.590300 0.083789 0.934336
0.590400 0.083867 0.934336
0.590500 0.083945 0.934336
0.590600 0.084023 0.934336
0.590700 0.084180 0.934336
0.590800 0.084258 0.934258
0.590900 0.084336 0.934258
0.591000 0.084414 0.934258
0.591100 0.084492 0.934258
0.591200 0.084570 0.934258
0.591300 0.084648 0.934180
0.591400 0.084727 0.934180
0.591500 0.084805 0.934180
0.591600 0.084883 0.934180
0.591700 0.085039 0.934180
0.591800 0.085117 0.934102
0.591900 0.085195 0.934102
0.592000 0.085273 0.934102
0.592100 0.085352 0.934102
0.592200 0.085430 0.934102
0.592300 0.085508 0.934023
0.592400 0.085586 0.934023
0.592500 0.085664 0.934023
0.592600 0.085742 0.934023
0.592700 0.085898 0.934023
0.592800 0.085977 0.933945
0.592900 0.086055 0.933945
0.593000 0.086133 0.933945
0.593100 0.086211 0.933945
0.593200 0.086289 0.933945
0.593300 0.086367 0.933867
0.593400 0.086445 0.933867
0.593500 0.086523 0.933867
0.593600 0.086602 0.933867
0.593700 0.086680 0.933867
0.593800 0.086836 0.933789
0.593900 0.086914 0.933789
0.594000 0.086992 0.933789
0.594100 0.087070 0.933789
0.594200 0.087148 0.933789
0.594300 0.087227 0.933711
0.594400 0.087305 0.933711
0.594500 0.087383 0.933711
0.594600 0.087461 0.933711
0.594700 0.087539 0.933711
0.594800 0.087617 0.933633
0.594900 0.087695 0.933633
0.595000 0.087773 0.933633
0.595100 0.087852 0.933633
0.595200 0.088008 0.933633
0.595300 0.088086 0.933555
0.595400 0.088164 0.933555
0.595500 0.088242 0.933555
0.595600 0.088320 0.933555
0.595700 0.088398 0.933555
0.595800 0.088477 0.933477
0.595900 0.088555 0.933477
0.596000 0.088633 0.933477
0.596100 0.088711 0.933477
0.596200 0.088789 0.933477
0.596300 0.088867 0.933398
0.596400 0.088945 0.933398
0.596500 0.089023 0.933398
0.596600 0.089102 0.933398
0.596700 0.089180 0.933398
0.596800 0.089258 0.933320
0.596900 0.089336 0.933320
0.597000 0.089492 0.933320
0.597100 0.089570 0.933320
0.597200 0.089648 0.933320
0.597300 0.089727 0.933320
0.597400 0.089805 0.933242
0.597500 0.089883 0.933242
0.597600 0.089961 0.933242
0.597700 0.090039 0.933242
0.597800 0.090117 0.933242
0.597900 0.090195 0.933164
0.598000 0.090273 0.933164
0.598100 0.090352 0.933164
0.598200 0.090430 0.933164
0.598300 0.090508 0.933164
0.598400 0.090586 0.933086
0.598500 0.090664 0.933086
0.598600 0.090742 0.933086
0.598700 0.090820 0.933086
0.598800 0.090898 0.933086
0.598900 0.090977 0.933008
0.599000 0.091055 0.933008
0.599100 0.091133 0.933008
0.599200 0.091211 0.933008
0.599300 0.091289 0.933008
0.599400 0.091367 0.932930
0.599500 0.091445 0.932930
0.599600 0.091523 0.932930
0.599700 0.091602 0.932930
0.599800 0.091680 0.932930
0.599900 0.091758 0.932852
0.600000 0.091836 0.932852
0.600100 0.091914 0.932852
0.600200 0.091992 0.932852
0.600300 0.092070 0.932852
0.600400 0.092227 0.932773
0.600500 0.092305 0.932773
0.600600 0.092383 0.932773
0.600700 0.092461 0.932773
0.600800 0.092539 0.932773
0.600900 0.092617 0.932695
0.601000 0.092695 0.932695
0.601100 0.092773 0.932695
0.601200 0.092852 0.932695
0.601300 0.092930 0.932695
0.601400 0.093008 0.932617
0.601500 0.093086 0.932617
0.601600 0.093164 0.932617
0.601700 0.093242 0.932617
0.601800 0.093320 0.932617
0.601900 0.093398 0.932539
0.602000 0.093477 0.932539
0.602100 0.093555 0.932539
0.602200 0.093633 0.932539
0.602300 0.093711 0.932539
0.602400 0.093789 0.932539
0.602500 0.093867 0.932461
0.602600 0.093945 0.932461
0.602700 0.094023 0.932461
0.602800 0.094102 0.932461
0.602900 0.094180 0.932461
0.603000 0.094258 0.932383
0.603100 0.094336 0.932383
0.603200 0.094414 0.932383
0.603300 0.094492 0.932383
0.603400 0.094570 0.932383
0.603500 0.094648 0.932305
0.603600 0.094727 0.932305
0.603700 0.094727 0.932305
0.603800 0.094805 0.932305
0.603900 0.094883 0.932305
0.604000 0.094961 0.932227
0.604100 0.095039 0.932227
0.604200 0.095117 0.932227
0.604300 0.095195 0.932227
0.604400 0.095273 0.932227
0.604500 0.095352 0.932148
0.604600 0.095430 0.932148
0.604700 0.095508 0.932148
0.604800 0.095586 0.932148
0.604900 0.095664 0.932148
0.605000 0.095742 0.932070
0.605100 0.095820 0.932070
0.605200 0.095898 0.932070
0.605300 0.095977 0.932070
0.605400 0.096055 0.932070
0.605500 0.096133 0.931992
0.605600 0.096211 0.931992
0.605700 0.096289 0.931992
0.605800 0.096367 0.931992
0.605900 0.096445 0.931992
0.606000 0.096523 0.931992
0.606100 0.096602 0.931914
0.606200 0.096680 0.931914
0.606300 0.096758 0.931914
0.606400 0.096836 0.931914
0.606500 0.096914 0.931914
0.606600 0.096992 0.931836
0.606700 0.097070 0.931836
0.606800 0.097148 0.931836
0.606900 0.097227 0.931836
0.607000 0.097305 0.931836
0.607100 0.097383 0.931758
0.607200 0.097383 0.931758
0.607300 0.097461 0.931758
0.607400 0.097539 0.931758
0.607500 0.097617 0.931758
0.607600 0.097695 0.931680
0.607700 0.097773 0.931680
0.607800 0.097852 0.931680
0.607900 0.097930 0.931680
0.608000 0.098008 0.931680
0.608100 0.098086 0.931602
0.608200 0.098164 0.931602
0.608300 0.098242 0.931602
0.608400 0.098320 0.931602
0.608500 0.098398 0.931602
0.608600 0.098477 0.931523
0.608700 0.098555 0.931523
0.608800 0.098633 0.931523
0.608900 0.098711 0.931523
0.609000 0.098789 0.931523
0.609100 0.098867 0.931445
0.609200 0.098867 0.931445
0.609300 0.098945 0.931445
0.609400 0.099023 0.931445
0.609500 0.099102 0.931445
0.609600 0.099180 0.931445
0.609700 0.099258 0.931367
0.609800 0.099336 0.931367
0.609900 0.099414 0.931367
0.610000 0.099492 0.931367
0.610100 0.099570 0.931367
0.610200 0.099648 0.931289
0.610300 0.099727 0.931289
0.610400 0.099805 0.931289
0.610500 0.099883 0.931289
0.610600 0.099961 0.931289
0.610700 0.100039 0.931211
0.610800 0.100039 0.931211
0.610900 0.100117 0.931211
0.611000 0.100195 0.931211
0.611100 0.100273 0.931211
0.611200 0.100352 0.931133
0.611300 0.100430 0.931133
0.611400 0.100508 0.931133
0.611500 0.100586 0.931133
0.611600 0.100664 0.931133
0.611700 0.100742 0.931055
0.611800 0.100820 0.931055
0.611900 0.100898 0.931055
0.612000 0.100977 0.931055
0.612100 0.101055 0.931055
0.612200 0.101055 0.931055
0.612300 0.101133 0.930977
0.612400 0.101211 0.930977
0.612500 0.101289 0.930977
0.612600 0.101367 0.930977
0.612700 0.101445 0.930977
0.612800 0.101523 0.930898
0.612900 0.101602 0.930898
0.613000 0.101680 0.930898
0.613100 0.101758 0.930898
0.613200 0.101836 0.930898
0.613300 0.101914 0.930820
0.613400 0.101914 0.930820
0.613500 0.101992 0.930820
0.613600 0.102070 0.930820
0.613700 0.102148 0.930820
0.613800 0.102227 0.930742
0.613900 0.102305 0.930742
0.614000 0.102383 0.930742
0.614100 0.102461 0.930742
0.614200 0.102539 0.930742
0.614300 0.102617 0.930664
0.614400 0.102695 0.930664
0.614500 0.102695 0.930664
0.614600 0.102773 0.930664
0.614700 0.102852 0.930664
0.614800 0.102930 0.930664
0.614900 0.103008 0.930586
0.615000 0.103086 0.930586
0.615100 0.103164 0.930586
0.615200 0.103242 0.930586
0.615300 0.103320 0.930586
0.615400 0.103398 0.930508
0.615500 0.103398 0.930508
0.615600 0.103477 0.930508
0.615700 0.103555 0.930508
0.615800 0.103633 0.930508
0.615900 0.103711 0.930430
0.616000 0.103789 0.930430
0.616100 0.103867 0.930430
0.616200 0.103945 0.930430
0.616300 0.104023 0.930430
0.616400 0.104102 0.930352
0.616500 0.104102 0.930352
0.616600 0.104180 0.930352
0.616700 0.104258 0.930352
0.616800 0.104336 0.930352
0.616900 0.104414 0.930273
0.617000 0.104492 0.930273
0.617100 0.104570 0.930273
0.617200 0.104648 0.930273
0.617300 0.104727 0.930273
0.617400 0.104727 0.930273
0.617500 0.104805 0.930195
0.617600 0.104883 0.930195
0.617700 0.104961 0.930195
0.617800 0.105039 0.930195
0.617900 0.105117 0.930195
0.618000 0.105195 0.930117
0.618100 0.105273 0.930117
0.618200 0.105352 0.930117
0.618300 0.105352 0.930117
0.618400 0.105430 0.930117
0.618500 0.105508 0.930039
0.618600 0.105586 0.930039
0.618700 0.105664 0.930039
0.618800 0.105742 0.930039
0.618900 0.105820 0.930039
0.619000 0.105898 0.929961
0.619100 0.105898 0.929961
0.619200 0.105977 0.929961
0.619300 0.106055 0.929961
0.619400 0.106133 0.929961
0.619500 0.106211 0.929961
0.619600 0.106289 0.929883
0.619700 0.106367 0.929883
0.619800 0.106445 0.929883
0.619900 0.106445 0.929883
0.620000 0.106523 0.929883
0.620100 0.106602 0.929805
0.620200 0.106680 0.929805
0.620300 0.106758 0.929805
0.620400 0.106836 0.929805
0.620500 0.106914 0.929805
0.620600 0.106992 0.929727
0.620700 0.106992 0.929727
0.620800 0.107070 0.929727
0.620900 0.107148 0.929727
0.621000 0.107227 0.929727
0.621100 0.107305 0.929648
0.621200 0.107383 0.929648
0.621300 0.107461 0.929648
0.621400 0.107539 0.929648
0.621500 0.107539 0.929648
0.621600 0.107617 0.929648
0.621700 0.107695 0.929570
0.621800 0.107773 0.929570
0.621900 0.107852 0.929570
0.622000 0.107930 0.929570
0.622100 0.108008 0.929570
0.622200 0.108008 0.929492
0.622300 0.108086 0.929492
0.622400 0.108164 0.929492
0.622500 0.108242 0.929492
0.622600 0.108320 0.929492
0.622700 0.108398 0.929414
0.622800 0.108477 0.929414
0.622900 0.108477 0.929414
0.623000 0.108555 0.929414
0.623100 0.108633 0.929414
0.623200 0.108711 0.929414
0.623300 0.108789 0.929336
0.623400 0.108867 0.929336
0.623500 0.108945 0.929336
0.623600 0.108945 0.929336
0.623700 0.109023 0.929336
0.623800 0.109102 0.929258
0.623900 0.109180 0.929258
0.624000 0.109258 0.929258
0.624100 0.109336 0.929258
0.624200 0.109414 0.929258
0.624300 0.109414 0.929180
0.624400 0.109492 0.929180
0.624500 0.109570 0.929180
0.624600 0.109648 0.929180
0.624700 0.109727 0.929180
0.624800 0.109805 0.929102
0.624900 0.109805 0.929102
0.625000 0.109883 0.929102
0.625100 0.109961 0.929102
0.625200 0.110039 0.929102
0.625300 0.110117 0.929102
0.625400 0.110195 0.929023
0.625500 0.110273 0.929023
0.625600 0.110273 0.929023
0.625700 0.110352 0.929023
0.625800 0.110430 0.929023
0.625900 0.110508 0.928945
0.626000 0.110586 0.928945
0.626100 0.110664 0.928945
0.626200 0.110664 0.928945
0.626300 0.110742 0.928945
0.626400 0.110820 0.928867
0.626500 0.110898 0.928867
0.626600 0.110977 0.928867
0.626700 0.111055 0.928867
0.626800 0.111055 0.928867
0.626900 0.111133 0.928867
0.627000 0.111211 0.928789
0.627100 0.111289 0.928789
0.627200 0.111367 0.928789
0.627300 0.111445 0.928789
0.627400 0.111445 0.928789
0.627500 0.111523 0.928711
0.627600 0.111602 0.928711
0.627700 0.111680 0.928711
0.627800 0.111758 0.928711
0.627900 0.111836 0.928711
0.628000 0.111836 0.928633
0.628100 0.111914 0.928633
0.628200 0.111992 0.928633
0.628300 0.112070 0.928633
0.628400 0.112148 0.928633
0.628500 0.112227 0.928633
0.628600 0.112227 0.928555
0.628700 0.112305 0.928555
0.628800 0.112383 0.928555
0.628900 0.112461 0.928555
0.629000 0.112539 0.928555
0.629100 0.112617 0.928477
0.629200 0.112617 0.928477
0.629300 0.112695 0.928477
0.629400 0.112773 0.928477
0.629500 0.112852 0.928477
0.629600 0.112930 0.928398
0.629700 0.112930 0.928398
0.629800 0.113008 0.928398
0.629900 0.113086 0.928398
0.630000 0.113164 0.928398
0.630100 0.113242 0.928398
0.630200 0.113320 0.928320
0.630300 0.113320 0.928320
0.630400 0.113398 0.928320
0.630500 0.113477 0.928320
0.630600 0.113555 0.928320
0.630700 0.113633 0.928242
0.630800 0.113711 0.928242
0.630900 0.113711 0.928242
0.631000 0.113789 0.928242
0.631100 0.113867 0.928242
0.631200 0.113945 0.928164
0.631300 0.114023 0.928164
0.631400 0.114023 0.928164
0.631500 0.114102 0.928164
0.631600 0.114180 0.928164
0.631700 0.114258 0.928164
0.631800 0.114336 0.928086
0.631900 0.114336 0.928086
0.632000 0.114414 0.928086
0.632100 0.114492 0.928086
0.632200 0.114570 0.928086
0.632300 0.114648 0.928008
0.632400 0.114727 0.928008
0.632500 0.114727 0.928008
0.632600 0.114805 0.928008
0.632700 0.114883 0.928008
0.632800 0.114961 0.927930
0.632900 0.115039 0.927930
0.633000 0.115039 0.927930
0.633100 0.115117 0.927930
0.633200 0.115195 0.927930
0.633300 0.115273 0.927930
0.633400 0.115352 0.927852
0.633500 0.115352 0.927852
0.633600 0.115430 0.927852
0.633700 0.115508 0.927852
0.633800 0.115586 0.927852
0.633900 0.115664 0.927773
0.634000 0.115664 0.927773
0.634100 0.115742 0.927773
0.634200 0.115820 0.927773
0.634300 0.115898 0.927773
0.634400 0.115977 0.927773
0.634500 0.115977 0.927695
0.634600 0.116055 0.927695
0.634700 0.116133 0.927695
0.634800 0.116211 0.927695
0.634900 0.116289 0.927695
0.635000 0.116289 0.927617
0.635100 0.116367 0.927617
0.635200 0.116445 0.927617
0.635300 0.116523 0.927617
0.635400 0.116602 0.927617
0.635500 0.116602 0.927539
0.635600 0.116680 0.927539
0.635700 0.116758 0.927539
0.635800 0.116836 0.927539
0.635900 0.116914 0.927539
0.636000 0.116914 0.927539
0.636100 0.116992 0.927461
0.636200 0.117070 0.927461
0.636300 0.117148 0.927461
0.636400 0.117227 0.927461
0.636500 0.117227 0.927461
0.636600 0.117305 0.927383
0.636700 0.117383 0.927383
0.636800 0.117461 0.927383
0.636900 0.117539 0.927383
0.637000 0.117539 0.927383
0.637100 0.117617 0.927383
0.637200 0.117695 0.927305
0.637300 0.117773 0.927305
0.637400 0.117773 0.927305
0.637500 0.117852 0.927305
0.637600 0.117930 0.927305
0.637700 0.118008 0.927227
0.637800 0.118086 0.927227
0.637900 0.118086 0.927227
0.638000 0.118164 0.927227
0.638100 0.118242 0.927227
0.638200 0.118320 0.927148
0.638300 0.118398 0.927148
0.638400 0.118398 0.927148
0.638500 0.118477 0.927148
0.638600 0.118555 0.927148
0.638700 0.118633 0.927148
0.638800 0.118633 0.927070
0.638900 0.118711 0.927070
0.639000 0.118789 0.927070
0.639100 0.118867 0.927070
0.639200 0.118945 0.927070
0.639300 0.118945 0.926992
0.639400 0.119023 0.926992
0.639500 0.119102 0.926992
0.639600 0.119180 0.926992
0.639700 0.119180 0.926992
0.639800 0.119258 0.926992
0.639900 0.119336 0.926914
0.640000 0.119414 0.926914
0.640100 0.119492 0.926914
0.640200 0.119492 0.926914
0.640300 0.119570 0.926914
0.640400 0.119648 0.926836
0.640500 0.119727 0.926836
0.640600 0.119727 0.926836
0.640700 0.119805 0.926836
0.640800 0.119883 0.926836
0.640900 0.119961 0.926836
0.641000 0.120039 0.926758
0.641100 0.120039 0.926758
0.641200 0.120117 0.926758
0.641300 0.120195 0.926758
0.641400 0.120273 0.926758
0.641500 0.120273 0.926680
0.641600 0.120352 0.926680
0.641700 0.120430 0.926680
0.641800 0.120508 0.926680
0.641900 0.120586 0.926680
0.642000 0.120586 0.926680
0.642100 0.120664 0.926602
0.642200 0.120742 0.926602
0.642300 0.120820 0.926602
0.642400 0.120820 0.926602
0.642500 0.120898 0.926602
0.642600 0.120977 0.926523
0.642700 0.121055 0.926523
0.642800 0.121055 0.926523
0.642900 0.121133 0.926523
0.643000 0.121211 0.926523
0.643100 0.121289 0.926523
0.643200 0.121367 0.926445
0.643300 0.121367 0.926445
0.643400 0.121445 0.926445
0.643500 0.121523 0.926445
0.643600 0.121602 0.926445
0.643700 0.121602 0.926367
0.643800 0.121680 0.926367
0.643900 0.121758 0.926367
0.644000 0.121836 0.926367
0.644100 0.121836 0.926367
0.644200 0.121914 0.926367
0.644300 0.121992 0.926289
0.644400 0.122070 0.926289
0.644500 0.122070 0.926289
0.644600 0.122148 0.926289
0.644700 0.122227 0.926289
0.644800 0.122305 0.926211
0.644900 0.122305 0.926211
0.645000 0.122383 0.926211
0.645100 0.122461 0.926211
0.645200 0.122539 0.926211
0.645300 0.122539 0.926211
0.645400 0.122617 0.926133
0.645500 0.122695 0.926133
0.645600 0.122773 0.926133
0.645700 0.122852 0.926133
0.645800 0.122852 0.926133
0.645900 0.122930 0.926055
0.646000 0.123008 0.926055
0.646100 0.123086 0.926055
0.646200 0.123086 0.926055
0.646300 0.123164 0.926055
0.646400 0.123242 0.926055
0.646500 0.123320 0.925977
0.646600 0.123320 0.925977
0.646700 0.123398 0.925977
0.646800 0.123477 0.925977
0.646900 0.123555 0.925977
0.647000 0.123555 0.925898
0.647100 0.123633 0.925898
0.647200 0.123711 0.925898
0.647300 0.123789 0.925898
0.647400 0.123789 0.925898
0.647500 0.123867 0.925898
0.647600 0.123945 0.925820
0.647700 0.124023 0.925820
0.647800 0.124023 0.925820
0.647900 0.124102 0.925820
0.648000 0.124180 0.925820
0.648100 0.124258 0.925742
0.648200 0.124258 0.925742
0.648300 0.124336 0.925742
0.648400 0.124414 0.925742
0.648500 0.124492 0.925742
0.648600 0.124492 0.925742
0.648700 0.124570 0.925664
0.648800 0.124648 0.925664
0.648900 0.124727 0.925664
0.649000 0.124727 0.925664
0.649100 0.124805 0.925664
0.649200 0.124883 0.925586
0.649300 0.124961 0.925586
0.649400 0.124961 0.925586
0.649500 0.125039 0.925586
0.649600 0.125117 0.925586
0.649700 0.125117 0.925586
0.649800 0.125195 0.925508
0.649900 0.125273 0.925508
0.650000 0.125352 0.925508
0.650100 0.125352 0.925508
0.650200 0.125430 0.925508
0.650300 0.125508 0.925430
0.650400 0.125586 0.925430
0.650500 0.125586 0.925430
0.650600 0.125664 0.925430
0.650700 0.125742 0.925430
0.650800 0.125820 0.925430
0.650900 0.125820 0.925352
0.651000 0.125898 0.925352
0.651100 0.125977 0.925352
0.651200 0.126055 0.925352
0.651300 0.126055 0.925352
0.651400 0.126133 0.925273
0.651500 0.126211 0.925273
0.651600 0.126289 0.925273
0.651700 0.126289 0.925273
0.651800 0.126367 0.925273
0.651900 0.126445 0.925273
0.652000 0.126445 0.925195
0.652100 0.126523 0.925195
0.652200 0.126602 0.925195
0.652300 0.126680 0.925195
0.652400 0.126680 0.925195
0.652500 0.126758 0.925195
0.652600 0.126836 0.925117
0.652700 0.126914 0.925117
0.652800 0.126914 0.925117
0.652900 0.126992 0.925117
0.653000 0.127070 0.925117
0.653100 0.127148 0.925039
0.653200 0.127148 0.925039
0.653300 0.127227 0.925039
0.653400 0.127305 0.925039
0.653500 0.127305 0.925039
0.653600 0.127383 0.925039
0.653700 0.127461 0.924961
0.653800 0.127539 0.924961
0.653900 0.127539 0.924961
0.654000 0.127617 0.924961
0.654100 0.127695 0.924961
0.654200 0.127773 0.924883
0.654300 0.127773 0.924883
0.654400 0.127852 0.924883
0.654500 0.127930 0.924883
0.654600 0.127930 0.924883
0.654700 0.128008 0.924883
0.654800 0.128086 0.924805
0.654900 0.128164 0.924805
0.655000 0.128164 0.924805
0.655100 0.128242 0.924805
0.655200 0.128320 0.924805
0.655300 0.128398 0.924805
0.655400 0.128398 0.924727
0.655500 0.128477 0.924727
0.655600 0.128555 0.924727
0.655700 0.128555 0.924727
0.655800 0.128633 0.924727
0.655900 0.128711 0.924648
0.656000 0.128789 0.924648
0.656100 0.128789 0.924648
0.656200 0.128867 0.924648
0.656300 0.128945 0.924648
0.656400 0.128945 0.924648
0.656500 0.129023 0.924570
0.656600 0.129102 0.924570
0.656700 0.129180 0.924570
0.656800 0.129180 0.924570
0.656900 0.129258 0.924570
0.657000 0.129336 0.924570
0.657100 0.129336 0.924492
0.657200 0.129414 0.924492
0.657300 0.129492 0.924492
0.657400 0.129570 0.924492
0.657500 0.129570 0.924492
0.657600 0.129648 0.924414
0.657700 0.129727 0.924414
0.657800 0.129805 0.924414
0.657900 0.129805 0.924414
0.658000 0.129883 0.924414
0.658100 0.129961 0.924414
0.658200 0.129961 0.924336
0.658300 0.130039 0.924336
0.658400 0.130117 0.924336
0.658500 0.130195 0.924336
0.658600 0.130195 0.924336
0.658700 0.130273 0.924336
0.658800 0.130352 0.924258
0.658900 0.130352 0.924258
0.659000 0.130430 0.924258
0.659100 0.130508 0.924258
0.659200 0.130586 0.924258
0.659300 0.130586 0.924180
0.659400 0.130664 0.924180
0.659500 0.130742 0.924180
0.659600 0.130742 0.924180
0.659700 0.130820 0.924180
0.659800 0.130898 0.924180
0.659900 0.130898 0.924102
0.660000 0.130977 0.924102
0.660100 0.131055 0.924102
0.660200 0.131133 0.924102
0.660300 0.131133 0.924102
0.660400 0.131211 0.924102
0.660500 0.131289 0.924023
0.660600 0.131289 0.924023
0.660700 0.131367 0.924023
0.660800 0.131445 0.924023
0.660900 0.131523 0.924023
0.661000 0.131523 0.923945
0.661100 0.131602 0.923945
0.661200 0.131680 0.923945
0.661300 0.131680 0.923945
0.661400 0.131758 0.923945
0.661500 0.131836 0.923945
0.661600 0.131914 0.923867
0.661700 0.131914 0.923867
0.661800 0.131992 0.923867
0.661900 0.132070 0.923867
0.662000 0.132070 0.923867
0.662100 0.132148 0.923867
0.662200 0.132227 0.923789
0.662300 0.132227 0.923789
0.662400 0.132305 0.923789
0.662500 0.132383 0.923789
0.662600 0.132461 0.923789
0.662700 0.132461 0.923711
0.662800 0.132539 0.923711
0.662900 0.132617 0.923711
0.663000 0.132617 0.923711
0.663100 0.132695 0.923711
0.663200 0.132773 0.923711
0.663300 0.132773 0.923633
0.663400 0.132852 0.923633
0.663500 0.132930 0.923633
0.663600 0.133008 0.923633
0.663700 0.133008 0.923633
0.663800 0.133086 0.923633
0.663900 0.133164 0.923555
0.664000 0.133164 0.923555
0.664100 0.133242 0.923555
0.664200 0.133320 0.923555
0.664300 0.133320 0.923555
0.664400 0.133398 0.923555
0.664500 0.133477 0.923477
0.664600 0.133555 0.923477
0.664700 0.133555 0.923477
0.664800 0.133633 0.923477
0.664900 0.133711 0.923477
0.665000 0.133711 0.923398
0.665100 0.133789 0.923398
0.665200 0.133867 0.923398
0.665300 0.133867 0.923398
0.665400 0.133945 0.923398
0.665500 0.134023 0.923398
0.665600 0.134023 0.923320
0.665700 0.134102 0.923320
0.665800 0.134180 0.923320
0.665900 0.134258 0.923320
0.666000 0.134258 0.923320
0.666100 0.134336 0.923320
0.666200 0.134414 0.923242
0.666300 0.134414 0.923242
0.666400 0.134492 0.923242
0.666500 0.134570 0.923242
0.666600 0.134570 0.923242
0.666700 0.134648 0.923242
0.666800 0.134727 0.923164
0.666900 0.134727 0.923164
0.667000 0.134805 0.923164
0.667100 0.134883 0.923164
0.667200 0.134961 0.923164
0.667300 0.134961 0.923086
0.667400 0.135039 0.923086
0.667500 0.135117 0.923086
0.667600 0.135117 0.923086
0.667700 0.135195 0.923086
0.667800 0.135273 0.923086
0.667900 0.135273 0.923008
0.668000 0.135352 0.923008
0.668100 0.135430 0.923008
0.668200 0.135430 0.923008
0.668300 0.135508 0.923008
0.668400 0.135586 0.923008
0.668500 0.135586 0.922930
0.668600 0.135664 0.922930
0.668700 0.135742 0.922930
0.668800 0.135820 0.922930
0.668900 0.135820 0.922930
0.669000 0.135898 0.922930
0.669100 0.135977 0.922852
0.669200 0.135977 0.922852
0.669300 0.136055 0.922852
0.669400 0.136133 0.922852
0.669500 0.136133 0.922852
0.669600 0.136211 0.922852
0.669700 0.136289 0.922773
0.669800 0.136289 0.922773
0.669900 0.136367 0.922773
0.670000 0.136445 0.922773
0.670100 0.136445 0.922773
0.670200 0.136523 0.922695
0.670300 0.136602 0.922695
0.670400 0.136602 0.922695
0.670500 0.136680 0.922695
0.670600 0.136758 0.922695
0.670700 0.136836 0.922695
0.670800 0.136836 0.922617
0.670900 0.136914 0.922617
0.671000 0.136992 0.922617
0.671100 0.136992 0.922617
0.671200 0.137070 0.922617
0.671300 0.137148 0.922617
0.671400 0.137148 0.922539
0.671500 0.137227 0.922539
0.671600 0.137305 0.922539
0.671700 0.137305 0.922539
0.671800 0.137383 0.922539
0.671900 0.137461 0.922539
0.672000 0.137461 0.922461
0.672100 0.137539 0.922461
0.672200 0.137617 0.922461
0.672300 0.137617 0.922461
0.672400 0.137695 0.922461
0.672500 0.137773 0.922461
0.672600 0.137773 0.922383
0.672700 0.137852 0.922383
0.672800 0.137930 0.922383
0.672900 0.137930 0.922383
0.673000 0.138008 0.922383
0.673100 0.138086 0.922383
0.673200 0.138086 0.922305
0.673300 0.138164 0.922305
0.673400 0.138242 0.922305
0.673500 0.138242 0.922305
0.673600 0.138320 0.922305
0.673700 0.138398 0.922305
0.673800 0.138398 0.922227
0.673900 0.138477 0.922227
0.674000 0.138555 0.922227
0.674100 0.138633 0.922227
0.674200 0.138633 0.922227
0.674300 0.138711 0.922148
0.674400 0.138789 0.922148
0.674500 0.138789 0.922148
0.674600 0.138867 0.922148
0.674700 0.138945 0.922148
0.674800 0.138945 0.922148
0.674900 0.139023 0.922070
0.675000 0.139102 0.922070
0.675100 0.139102 0.922070
0.675200 0.139180 0.922070
0.675300 0.139258 0.922070
0.675400 0.139258 0.922070
0.675500 0.139336 0.921992
0.675600 0.139414 0.921992
0.675700 0.139414 0.921992
0.675800 0.139492 0.921992
0.675900 0.139570 0.921992
0.676000 0.139570 0.921992
0.676100 0.139648 0.921914
0.676200 0.139727 0.921914
0.676300 0.139727 0.921914
0.676400 0.139805 0.921914
0.676500 0.139883 0.921914
0.676600 0.139883 0.921914
0.676700 0.139961 0.921836
0.676800 0.140039 0.921836
0.676900 0.140039 0.921836
0.677000 0.140117 0.921836
0.677100 0.140195 0.921836
0.677200 0.140195 0.921836
0.677300 0.140273 0.921758
0.677400 0.140352 0.921758
0.677500 0.140352 0.921758
0.677600 0.140430 0.921758
0.677700 0.140508 0.921758
0.677800 0.140508 0.921758
0.677900 0.140586 0.921680
0.678000 0.140664 0.921680
0.678100 0.140664 0.921680
0.678200 0.140742 0.921680
0.678300 0.140820 0.921680
0.678400 0.140820 0.921680
0.678500 0.140898 0.921602
0.678600 0.140898 0.921602
