0.0001000000 1.0000000049
0.0011000000 1.0000006006
0.0021000000 1.0000022021
0.0031000000 1.0000048096
0.0041000000 1.0000084033
0.0051000000 1.0000130029
0.0061000000 1.0000186084
0.0071000000 1.0000252002
0.0081000000 1.0000328076
0.0091000000 1.0000414014
0.0101000000 1.0000510010
0.0111000000 1.0000616064
0.0121000000 1.0000731982
0.0131000000 1.0000858057
0.0141000000 1.0000993994
0.0151000000 1.0001139990
0.0161000000 1.0001295947
0.0171000000 1.0001461963
0.0181000000 1.0001637939
0.0191000000 1.0001823877
0.0201000000 1.0002019873
0.0211000000 1.0002225830
0.0221000000 1.0002441748
0.0231000000 1.0002667725
0.0241000000 1.0002903662
0.0251000000 1.0003149561
0.0261000000 1.0003405518
0.0271000000 1.0003671436
0.0281000000 1.0003947314
0.0291000000 1.0004233252
0.0301000000 1.0004529150
0.0311000000 1.0004835010
0.0321000000 1.0005150830
0.0331000000 1.0005476709
0.0341000000 1.0005812451
0.0351000000 1.0006158350
0.0361000000 1.0006514111
0.0371000000 1.0006879834
0.0381000000 1.0007255615
0.0391000000 1.0007641357
0.0401000000 1.0008037061
0.0411000000 1.0008442725
0.0421000000 1.0008858447
0.0431000000 1.0009284033
0.0441000000 1.0009719678
0.0451000000 1.0010165283
0.0461000000 1.0010620850
0.0471000000 1.0011086377
0.0481000000 1.0011561865
0.0491000000 1.0012047314
0.0501000000 1.0012542822
0.0511000000 1.0013048193
0.0521000000 1.0013563525
0.0531000000 1.0014088916
0.0541000000 1.0014624170
0.0551000000 1.0015169482
0.0561000000 1.0015724658
0.0571000000 1.0016289795
0.0581000000 1.0016864893
0.0591000000 1.0017450049
0.0601000000 1.0018045068
0.0611000000 1.0018650049
0.0621000000 1.0019264893
0.0631000000 1.0019889795
0.0641000000 1.0020524658
0.0651000000 1.0021169385
0.0661000000 1.0021824072
0.0671000000 1.0022488721
0.0681000000 1.0023163330
0.0691000000 1.0023847803
0.0701000000 1.0024542236
0.0711000000 1.0025246631
0.0721000000 1.0025960986
0.0731000000 1.0026685205
0.0741000000 1.0027419385
0.0751000000 1.0028163428
0.0761000000 1.0028917529
0.0771000000 1.0029681396
0.0781000000 1.0030455225
0.0791000000 1.0031239014
0.0801000000 1.0032032764
0.0811000000 1.0032836279
0.0821000000 1.0033649854
0.0831000000 1.0034473193
0.0841000000 1.0035306592
0.0851000000 1.0036149756
0.0861000000 1.0037002881
0.0871000000 1.0037865869
0.0881000000 1.0038738818
0.0891000000 1.0039621631
0.0901000000 1.0040514307
0.0911000000 1.0041416943
0.0921000000 1.0042329443
0.0931000000 1.0043251709
0.0941000000 1.0044184033
0.0951000000 1.0045126123
0.0961000000 1.0046078076
0.0971000000 1.0047039990
0.0981000000 1.0048011670
0.0991000000 1.0048993311
0.1001000000 1.0049984814
0.1011000000 1.0050986084
0.1021000000 1.0051997314
0.1031000000 1.0053018408
0.1041000000 1.0054049268
0.1051000000 1.0055090088
0.1061000000 1.0056140674
0.1071000000 1.0057201123
0.1081000000 1.0058271436
0.1091000000 1.0059351514
0.1101000000 1.0060441553
0.1111000000 1.0061541357
0.1121000000 1.0062650928
0.1131000000 1.0063770459
0.1141000000 1.0064899756
0.1151000000 1.0066038818
0.1161000000 1.0067187744
0.1171000000 1.0068346533
0.1181000000 1.0069515088
0.1191000000 1.0070693506
0.1201000000 1.0071881689
0.1211000000 1.0073079639
0.1221000000 1.0074287451
0.1231000000 1.0075505029
0.1241000000 1.0076732373
0.1251000000 1.0077969580
0.1261000000 1.0079216455
0.1271000000 1.0080473193
0.1281000000 1.0081739795
0.1291000000 1.0083016064
0.1301000000 1.0084302100
0.1311000000 1.0085597900
0.1321000000 1.0086903564
0.1331000000 1.0088218896
0.1341000000 1.0089543994
0.1351000000 1.0090878955
0.1361000000 1.0092223584
0.1371000000 1.0093577979
0.1381000000 1.0094942041
0.1391000000 1.0096315967
0.1401000000 1.0097699561
0.1411000000 1.0099092920
0.1421000000 1.0100495947
0.1431000000 1.0101908740
0.1441000000 1.0103331299
0.1451000000 1.0104763525
0.1461000000 1.0106205420
0.1471000000 1.0107657080
0.1481000000 1.0109118506
0.1491000000 1.0110589600
0.1501000000 1.0112070361
0.1511000000 1.0113560791
0.1521000000 1.0115060986
0.1531000000 1.0116570850
0.1541000000 1.0118090381
0.1551000000 1.0119619580
0.1561000000 1.0121158447
0.1571000000 1.0122706982
0.1581000000 1.0124265283
0.1591000000 1.0125833154
0.1601000000 1.0127410693
0.1611000000 1.0128997900
0.1621000000 1.0130594775
0.1631000000 1.0132201221
0.1641000000 1.0133817432
0.1651000000 1.0135443213
0.1661000000 1.0137078564
0.1671000000 1.0138723584
0.1681000000 1.0140378271
0.1691000000 1.0142042627
0.1701000000 1.0143716455
0.1711000000 1.0145399951
0.1721000000 1.0147093115
0.1731000000 1.0148795850
0.1741000000 1.0150508154
0.1751000000 1.0152230127
0.1761000000 1.0153961572
0.1771000000 1.0155702686
0.1781000000 1.0157453369
0.1791000000 1.0159213623
0.1801000000 1.0160983447
0.1811000000 1.0162762842
0.1821000000 1.0164551709
0.1831000000 1.0166350244
0.1841000000 1.0168158252
0.1851000000 1.0169975928
0.1861000000 1.0171803076
0.1871000000 1.0173639697
0.1881000000 1.0175485889
0.1891000000 1.0177341650
0.1901000000 1.0179206885
0.1911000000 1.0181081689
0.1921000000 1.0182965967
0.1931000000 1.0184859814
0.1941000000 1.0186763135
0.1951000000 1.0188675928
0.1961000000 1.0190598193
0.1971000000 1.0192530029
0.1981000000 1.0194471338
0.1991000000 1.0196422021
