0.3000000000 1.0284875832
0.3010000000 1.0286738625
0.3020000000 1.0288607140
0.3030000000 1.0290481224
0.3040000000 1.0292361031
0.3050000000 1.0294246559
0.3060000000 1.0296137733
0.3070000000 1.0298034554
0.3080000000 1.0299937019
0.3090000000 1.0301845131
0.3100000000 1.0303758888
0.3110000000 1.0305678291
0.3120000000 1.0307603340
0.3130000000 1.0309534035
0.3140000000 1.0311470375
0.3150000000 1.0313412285
0.3160000000 1.0315359840
0.3170000000 1.0317313042
0.3180000000 1.0319271812
0.3190000000 1.0321236153
0.3200000000 1.0323206139
0.3210000000 1.0325181694
0.3220000000 1.0327162819
0.3230000000 1.0329149590
0.3240000000 1.0331141853
0.3250000000 1.0333139763
0.3260000000 1.0335143242
0.3270000000 1.0337152214
0.3280000000 1.0339166756
0.3290000000 1.0341186867
0.3300000000 1.0343212547
0.3310000000 1.0345243797
0.3320000000 1.0347280540
0.3330000000 1.0349322777
0.3340000000 1.0351370583
0.3350000000 1.0353423882
0.3360000000 1.0355482750
0.3370000000 1.0357547112
0.3380000000 1.0359616966
0.3390000000 1.0361692314
0.3400000000 1.0363773155
0.3410000000 1.0365859489
0.3420000000 1.0367951317
0.3430000000 1.0370048561
0.3440000000 1.0372151375
0.3450000000 1.0374259605
0.3460000000 1.0376373253
0.3470000000 1.0378492470
0.3480000000 1.0380617027
0.3490000000 1.0382747078
0.3500000000 1.0384882622
0.3510000000 1.0387023582
0.3520000000 1.0389169884
0.3530000000 1.0391321678
0.3540000000 1.0393478889
0.3550000000 1.0395641518
0.3560000000 1.0397809563
0.3570000000 1.0399983025
0.3580000000 1.0402161827
0.3590000000 1.0404346123
0.3600000000 1.0406535683
0.3610000000 1.0408730736
0.3620000000 1.0410931129
0.3630000000 1.0413136864
0.3640000000 1.0415347939
0.3650000000 1.0417564430
0.3660000000 1.0419786263
0.3670000000 1.0422013435
0.3680000000 1.0424245949
0.3690000000 1.0426483803
0.3700000000 1.0428726997
0.3710000000 1.0430975533
0.3720000000 1.0433229408
0.3730000000 1.0435488548
0.3740000000 1.0437753029
0.3750000000 1.0440022774
0.3760000000 1.0442297859
0.3770000000 1.0444578285
0.3780000000 1.0446863899
0.3790000000 1.0449154854
0.3800000000 1.0451451073
0.3810000000 1.0453752556
0.3820000000 1.0456059303
0.3830000000 1.0458371315
0.3840000000 1.0460688591
0.3850000000 1.0463011131
0.3860000000 1.0465338860
0.3870000000 1.0467671852
0.3880000000 1.0470010109
0.3890000000 1.0472353554
0.3900000000 1.0474702263
0.3910000000 1.0477056160
0.3920000000 1.0479415245
0.3930000000 1.0481779518
0.3940000000 1.0484149055
0.3950000000 1.0486523705
0.3960000000 1.0488903618
0.3970000000 1.0491288643
0.3980000000 1.0493678932
0.3990000000 1.0496074333
0.4000000000 1.0498474846
0.4010000000 1.0500880623
0.4020000000 1.0503291435
0.4030000000 1.0505707512
0.4040000000 1.0508128624
0.4050000000 1.0510554924
0.4060000000 1.0512986336
0.4070000000 1.0515422935
0.4080000000 1.0517864571
0.4090000000 1.0520311317
0.4100000000 1.0522763176
0.4110000000 1.0525220146
0.4120000000 1.0527682228
0.4130000000 1.0530149422
0.4140000000 1.0532621651
0.4150000000 1.0535098915
0.4160000000 1.0537581291
0.4170000000 1.0540068779
0.4180000000 1.0542561302
0.4190000000 1.0545058861
0.4200000000 1.0547561455
0.4210000000 1.0550069084
0.4220000000 1.0552581749
0.4230000000 1.0555099449
0.4240000000 1.0557622185
0.4250000000 1.0560149879
0.4260000000 1.0562682610
0.4270000000 1.0565220375
0.4280000000 1.0567763100
0.4290000000 1.0570310860
0.4300000000 1.0572863579
0.4310000000 1.0575421333
0.4320000000 1.0577983971
0.4330000000 1.0580551643
0.4340000000 1.0583124275
0.4350000000 1.0585701790
0.4360000000 1.0588284340
0.4370000000 1.0590871773
0.4380000000 1.0593464165
0.4390000000 1.0596061516
0.4400000000 1.0598663750
0.4410000000 1.0601270943
0.4420000000 1.0603883018
0.4430000000 1.0606500053
0.4440000000 1.0609121895
0.4450000000 1.0611748695
0.4460000000 1.0614380379
0.4470000000 1.0617016945
0.4480000000 1.0619658394
0.4490000000 1.0622304726
0.4500000000 1.0624955864
0.4510000000 1.0627611885
0.4520000000 1.0630272789
0.4530000000 1.0632938499
0.4540000000 1.0635609093
0.4550000000 1.0638284492
0.4560000000 1.0640964699
0.4570000000 1.0643649788
0.4580000000 1.0646339607
0.4590000000 1.0649034309
0.4600000000 1.0651733818
0.4610000000 1.0654438057
0.4620000000 1.0657147179
0.4630000000 1.0659861031
0.4640000000 1.0662579613
0.4650000000 1.0665303001
0.4660000000 1.0668031197
0.4670000000 1.0670764122
0.4680000000 1.0673501778
0.4690000000 1.0676244240
0.4700000000 1.0678991356
0.4710000000 1.0681743279
0.4720000000 1.0684499931
0.4730000000 1.0687261238
0.4740000000 1.0690027351
0.4750000000 1.0692798119
0.4760000000 1.0695573616
0.4770000000 1.0698353767
0.4780000000 1.0701138649
0.4790000000 1.0703928185
0.4800000000 1.0706722374
0.4810000000 1.0709521294
0.4820000000 1.0712324867
0.4830000000 1.0715133095
0.4840000000 1.0717945976
0.4850000000 1.0720763512
0.4860000000 1.0723585625
0.4870000000 1.0726412468
0.4880000000 1.0729243889
0.4890000000 1.0732079887
0.4900000000 1.0734920540
0.4910000000 1.0737765846
0.4920000000 1.0740615730
0.4930000000 1.0743470192
0.4940000000 1.0746329231
0.4950000000 1.0749192848
0.4960000000 1.0752061043
0.4970000000 1.0754933815
0.4980000000 1.0757811165
0.4990000000 1.0760693092
0.5000000000 1.0763579521
0.5010000000 1.0766470528
0.5020000000 1.0769366112
0.5030000000 1.0772266121
0.5040000000 1.0775170708
0.5050000000 1.0778079872
0.5060000000 1.0780993462
0.5070000000 1.0783911629
0.5080000000 1.0786834221
0.5090000000 1.0789761391
0.5100000000 1.0792692986
0.5110000000 1.0795629082
0.5120000000 1.0798569603
0.5130000000 1.0801514626
0.5140000000 1.0804464149
0.5150000000 1.0807418098
0.5160000000 1.0810376472
0.5170000000 1.0813339348
0.5180000000 1.0816306572
0.5190000000 1.0819278297
0.5200000000 1.0822254448
0.5210000000 1.0825234947
0.5220000000 1.0828219872
0.5230000000 1.0831209221
0.5240000000 1.0834202995
0.5250000000 1.0837201118
0.5260000000 1.0840203667
0.5270000000 1.0843210564
0.5280000000 1.0846221809
0.5290000000 1.0849237480
0.5300000000 1.0852257423
0.5310000000 1.0855281792
0.5320000000 1.0858310432
0.5330000000 1.0861343498
0.5340000000 1.0864380836
0.5350000000 1.0867422523
0.5360000000 1.0870468483
0.5370000000 1.0873518791
0.5380000000 1.0876573448
0.5390000000 1.0879632301
0.5400000000 1.0882695503
0.5410000000 1.0885763054
0.5420000000 1.0888834801
0.5430000000 1.0891910820
0.5440000000 1.0894991112
0.5450000000 1.0898075676
0.5460000000 1.0901164513
0.5470000000 1.0904257622
0.5480000000 1.0907354927
0.5490000000 1.0910456429
0.5500000000 1.0913562202
0.5510000000 1.0916672173
0.5520000000 1.0919786339
0.5530000000 1.0922904778
0.5540000000 1.0926027412
0.5550000000 1.0929154167
0.5560000000 1.0932285194
0.5570000000 1.0935420341
0.5580000000 1.0938559685
0.5590000000 1.0941703148
0.5600000000 1.0944850883
0.5610000000 1.0948002663
0.5620000000 1.0951158638
0.5630000000 1.0954318733
0.5640000000 1.0957483025
0.5650000000 1.0960651360
0.5660000000 1.0963823891
0.5670000000 1.0967000465
0.5680000000 1.0970181236
0.5690000000 1.0973366051
0.5700000000 1.0976554909
0.5710000000 1.0979747963
0.5720000000 1.0982945061
0.5730000000 1.0986146202
0.5740000000 1.0989351387
0.5750000000 1.0992560692
0.5760000000 1.0995774040
0.5770000000 1.0998991432
0.5780000000 1.1002212868
0.5790000000 1.1005438347
0.5800000000 1.1008667870
0.5810000000 1.1011901360
0.5820000000 1.1015138893
0.5830000000 1.1018380470
0.5840000000 1.1021626015
0.5850000000 1.1024875526
0.5860000000 1.1028129082
0.5870000000 1.1031386604
0.5880000000 1.1034648094
0.5890000000 1.1037913551
0.5900000000 1.1041182976
0.5910000000 1.1044456367
0.5920000000 1.1047733650
0.5930000000 1.1051014977
0.5940000000 1.1054300117
0.5950000000 1.1057589302
0.5960000000 1.1060882378
0.5970000000 1.1064179344
0.5980000000 1.1067480202
0.5990000000 1.1070784950
0.6000000000 1.1074093666
0.6010000000 1.1077406197
0.6020000000 1.1080722694
0.6030000000 1.1084043007
0.6040000000 1.1087367210
0.6050000000 1.1090695305
0.6060000000 1.1094027214
0.6070000000 1.1097362938
0.6080000000 1.1100702553
0.6090000000 1.1104045982
0.6100000000 1.1107393303
0.6110000000 1.1110744362
0.6120000000 1.1114099312
0.6130000000 1.1117458000
0.6140000000 1.1120820503
0.6150000000 1.1124186821
0.6160000000 1.1127556953
0.6170000000 1.1130930824
0.6180000000 1.1134308510
0.6190000000 1.1137689934
0.6200000000 1.1141075172
0.6210000000 1.1144464073
0.6220000000 1.1147856789
0.6230000000 1.1151253242
0.6240000000 1.1154653435
0.6250000000 1.1158057365
0.6260000000 1.1161464958
0.6270000000 1.1164876366
0.6280000000 1.1168291435
0.6290000000 1.1171710167
0.6300000000 1.1175132637
0.6310000000 1.1178558769
0.6320000000 1.1181988564
0.6330000000 1.1185422096
0.6340000000 1.1188859291
0.6350000000 1.1192300148
0.6360000000 1.1195744591
0.6370000000 1.1199192772
0.6380000000 1.1202644539
0.6390000000 1.1206099968
0.6400000000 1.1209558983
0.6410000000 1.1213021660
0.6420000000 1.1216487999
0.6430000000 1.1219957848
0.6440000000 1.1223431358
0.6450000000 1.1226908455
0.6460000000 1.1230389137
0.6470000000 1.1233873405
0.6480000000 1.1237361259
0.6490000000 1.1240852699
0.6500000000 1.1244347649
0.6510000000 1.1247846184
0.6520000000 1.1251348305
0.6530000000 1.1254853859
0.6540000000 1.1258363075
0.6550000000 1.1261875725
0.6560000000 1.1265391960
0.6570000000 1.1268911705
0.6580000000 1.1272434883
0.6590000000 1.1275961647
0.6600000000 1.1279491844
0.6610000000 1.1283025627
0.6620000000 1.1286562843
0.6630000000 1.1290103493
0.6640000000 1.1293647652
0.6650000000 1.1297195244
0.6660000000 1.1300746346
0.6670000000 1.1304300804
0.6680000000 1.1307858772
0.6690000000 1.1311420174
0.6700000000 1.1314985008
0.6710000000 1.1318553276
0.6720000000 1.1322124901
0.6730000000 1.1325699959
0.6740000000 1.1329278450
0.6750000000 1.1332860298
0.6760000000 1.1336445580
0.6770000000 1.1340034218
0.6780000000 1.1343626213
0.6790000000 1.1347221642
0.6800000000 1.1350820351
0.6810000000 1.1354422493
0.6820000000 1.1358027916
0.6830000000 1.1361636696
0.6840000000 1.1365248833
0.6850000000 1.1368864326
0.6860000000 1.1372483101
0.6870000000 1.1376105156
0.6880000000 1.1379730568
0.6890000000 1.1383359261
0.6900000000 1.1386991310
0.6910000000 1.1390626564
0.6920000000 1.1394265175
0.6930000000 1.1397906990
0.6940000000 1.1401552162
0.6950000000 1.1405200539
0.6960000000 1.1408852196
0.6970000000 1.1412507057
0.6980000000 1.1416165199
0.6990000000 1.1419826546
0.7000000000 1.1423491173
0.7010000000 1.1427159004
0.7020000000 1.1430830040
0.7030000000 1.1434504280
0.7040000000 1.1438181725
0.7050000000 1.1441862373
0.7060000000 1.1445546227
0.7070000000 1.1449233208
0.7080000000 1.1452923393
0.7090000000 1.1456616783
0.7100000000 1.1460313301
0.7110000000 1.1464013023
0.7120000000 1.1467715874
0.7130000000 1.1471421852
0.7140000000 1.1475130959
0.7150000000 1.1478843193
0.7160000000 1.1482558556
0.7170000000 1.1486277046
0.7180000000 1.1489998665
0.7190000000 1.1493723335
0.7200000000 1.1497451134
0.7210000000 1.1501182060
0.7220000000 1.1504916039
0.7230000000 1.1508653069
0.7240000000 1.1512393227
0.7250000000 1.1516136360
0.7260000000 1.1519882622
0.7270000000 1.1523631935
0.7280000000 1.1527384224
0.7290000000 1.1531139641
0.7300000000 1.1534898033
0.7310000000 1.1538659477
0.7320000000 1.1542423973
0.7330000000 1.1546191368
0.7340000000 1.1549961891
0.7350000000 1.1553735313
0.7360000000 1.1557511787
0.7370000000 1.1561291237
0.7380000000 1.1565073662
0.7390000000 1.1568859062
0.7400000000 1.1572647438
0.7410000000 1.1576438713
0.7420000000 1.1580233040
0.7430000000 1.1584030266
0.7440000000 1.1587830391
0.7450000000 1.1591633492
0.7460000000 1.1595439491
0.7470000000 1.1599248466
0.7480000000 1.1603060265
0.7490000000 1.1606875038
0.7500000000 1.1610692711
0.7510000000 1.1614513283
0.7520000000 1.1618336678
0.7530000000 1.1622163048
0.7540000000 1.1625992241
0.7550000000 1.1629824257
0.7560000000 1.1633659172
0.7570000000 1.1637496986
0.7580000000 1.1641337624
0.7590000000 1.1645181084
0.7600000000 1.1649027367
0.7610000000 1.1652876549
0.7620000000 1.1656728477
0.7630000000 1.1660583229
0.7640000000 1.1664440804
0.7650000000 1.1668301201
0.7660000000 1.1672164345
0.7670000000 1.1676030312
0.7680000000 1.1679899101
0.7690000000 1.1683770638
0.7700000000 1.1687644920
0.7710000000 1.1691521950
0.7720000000 1.1695401802
0.7730000000 1.1699284325
0.7740000000 1.1703169670
0.7750000000 1.1707057686
0.7760000000 1.1710948448
0.7770000000 1.1714841957
0.7780000000 1.1718738213
0.7790000000 1.1722637138
0.7800000000 1.1726538811
0.7810000000 1.1730443077
0.7820000000 1.1734350166
0.7830000000 1.1738259850
0.7840000000 1.1742172279
0.7850000000 1.1746087303
0.7860000000 1.1750005074
0.7870000000 1.1753925438
0.7880000000 1.1757848549
0.7890000000 1.1761774178
0.7900000000 1.1765702553
0.7910000000 1.1769633522
0.7920000000 1.1773567162
0.7930000000 1.1777503319
0.7940000000 1.1781442223
0.7950000000 1.1785383644
0.7960000000 1.1789327660
0.7970000000 1.1793274345
0.7980000000 1.1797223549
0.7990000000 1.1801175423
0.8000000000 1.1805129814
0.8010000000 1.1809086723
0.8020000000 1.1813046303
0.8030000000 1.1817008400
0.8040000000 1.1820973015
0.8050000000 1.1824940224
0.8060000000 1.1828909950
0.8070000000 1.1832882195
0.8080000000 1.1836856956
0.8090000000 1.1840834312
0.8100000000 1.1844814110
0.8110000000 1.1848796425
0.8120000000 1.1852781258
0.8130000000 1.1856768532
0.8140000000 1.1860758400
0.8150000000 1.1864750633
0.8160000000 1.1868745384
0.8170000000 1.1872742653
0.8180000000 1.1876742363
0.8190000000 1.1880744514
0.8200000000 1.1884749107
0.8210000000 1.1888756142
0.8220000000 1.1892765617
0.8230000000 1.1896777534
0.8240000000 1.1900791893
0.8250000000 1.1904808617
0.8260000000 1.1908827782
0.8270000000 1.1912849388
0.8280000000 1.1916873360
0.8290000000 1.1920899696
0.8300000000 1.1924928474
0.8310000000 1.1928959618
0.8320000000 1.1932993126
0.8330000000 1.1937028999
0.8340000000 1.1941067238
0.8350000000 1.1945107841
0.8360000000 1.1949150734
0.8370000000 1.1953196068
0.8380000000 1.1957243690
0.8390000000 1.1961293602
0.8400000000 1.1965345879
0.8410000000 1.1969400444
0.8420000000 1.1973457375
0.8430000000 1.1977516594
0.8440000000 1.1981578102
0.8450000000 1.1985641899
0.8460000000 1.1989707985
0.8470000000 1.1993776360
0.8480000000 1.1997847023
0.8490000000 1.2001919899
0.8500000000 1.2005995140
0.8510000000 1.2010072517
0.8520000000 1.2014152260
0.8530000000 1.2018234138
0.8540000000 1.2022318306
0.8550000000 1.2026404686
0.8560000000 1.2030493355
0.8570000000 1.2034584160
0.8580000000 1.2038677177
0.8590000000 1.2042772484
0.8600000000 1.2046869926
0.8610000000 1.2050969582
0.8620000000 1.2055071449
0.8630000000 1.2059175453
0.8640000000 1.2063281593
0.8650000000 1.2067390022
0.8660000000 1.2071500511
0.8670000000 1.2075613213
0.8680000000 1.2079728050
0.8690000000 1.2083845024
0.8700000000 1.2087964134
0.8710000000 1.2092085381
0.8720000000 1.2096208763
0.8730000000 1.2100334282
0.8740000000 1.2104461861
0.8750000000 1.2108591576
0.8760000000 1.2112723427
0.8770000000 1.2116857338
0.8780000000 1.2120993385
0.8790000000 1.2125131493
0.8800000000 1.2129271660
0.8810000000 1.2133413887
0.8820000000 1.2137558174
0.8830000000 1.2141704521
0.8840000000 1.2145853004
0.8850000000 1.2150003471
0.8860000000 1.2154155922
0.8870000000 1.2158310509
0.8880000000 1.2162467079
0.8890000000 1.2166625710
0.8900000000 1.2170786324
0.8910000000 1.2174948921
0.8920000000 1.2179113579
0.8930000000 1.2183280144
0.8940000000 1.2187448769
0.8950000000 1.2191619453
0.8960000000 1.2195792046
0.8970000000 1.2199966545
0.8980000000 1.2204143105
0.8990000000 1.2208321648
0.9000000000 1.2212502098
0.9010000000 1.2216684456
0.9020000000 1.2220868874
0.9030000000 1.2225055122
0.9040000000 1.2229243355
0.9050000000 1.2233433495
0.9060000000 1.2237625618
0.9070000000 1.2241819572
0.9080000000 1.2246015511
0.9090000000 1.2250213280
0.9100000000 1.2254412956
0.9110000000 1.2258614540
0.9120000000 1.2262818031
0.9130000000 1.2267023430
0.9140000000 1.2271230659
0.9150000000 1.2275439720
0.9160000000 1.2279650688
0.9170000000 1.2283863487
0.9180000000 1.2288078194
0.9190000000 1.2292294731
0.9200000000 1.2296513023
0.9210000000 1.2300733223
0.9220000000 1.2304955254
0.9230000000 1.2309179039
0.9240000000 1.2313404732
0.9250000000 1.2317632179
0.9260000000 1.2321861458
0.9270000000 1.2326092491
0.9280000000 1.2330325356
0.9290000000 1.2334559975
0.9300000000 1.2338796349
0.9310000000 1.2343034554
0.9320000000 1.2347274513
0.9330000000 1.2351516228
0.9340000000 1.2355759697
0.9350000000 1.2360004921
0.9360000000 1.2364251900
0.9370000000 1.2368500633
0.9380000000 1.2372751045
0.9390000000 1.2377003212
0.9400000000 1.2381257057
0.9410000000 1.2385512733
0.9420000000 1.2389770012
0.9430000000 1.2394029045
0.9440000000 1.2398289757
0.9450000000 1.2402552147
0.9460000000 1.2406816292
0.9470000000 1.2411082039
0.9480000000 1.2415349464
0.9490000000 1.2419618645
0.9500000000 1.2423889427
0.9510000000 1.2428161812
0.9520000000 1.2432435951
0.9530000000 1.2436711693
0.9540000000 1.2440989113
0.9550000000 1.2445268135
0.9560000000 1.2449548759
0.9570000000 1.2453830986
0.9580000000 1.2458114891
0.9590000000 1.2462400398
0.9600000000 1.2466687508
0.9610000000 1.2470976219
0.9620000000 1.2475266533
0.9630000000 1.2479558449
0.9640000000 1.2483851967
0.9650000000 1.2488147011
0.9660000000 1.2492443657
0.9670000000 1.2496741829
0.9680000000 1.2501041603
0.9690000000 1.2505342903
0.9700000000 1.2509645805
0.9710000000 1.2513950233
0.9720000000 1.2518256187
0.9730000000 1.2522563667
0.9740000000 1.2526872673
0.9750000000 1.2531183205
0.9760000000 1.2535495262
0.9770000000 1.2539808846
0.9780000000 1.2544123878
0.9790000000 1.2548440437
0.9800000000 1.2552758522
0.9810000000 1.2557078056
0.9820000000 1.2561399117
0.9830000000 1.2565721626
0.9840000000 1.2570045586
0.9850000000 1.2574371071
0.9860000000 1.2578698006
0.9870000000 1.2583026314
0.9880000000 1.2587356148
0.9890000000 1.2591687431
0.9900000000 1.2596020088
0.9910000000 1.2600354271
0.9920000000 1.2604689827
0.9930000000 1.2609026833
0.9940000000 1.2613365211
0.9950000000 1.2617705040
0.9960000000 1.2622046242
0.9970000000 1.2626388817
0.9980000000 1.2630732841
0.9990000000 1.2635078239
1.0000000000 1.2639425011
1.0010000000 1.2643773232
1.0020000000 1.2648122749
1.0030000000 1.2652473640
1.0040000000 1.2656825905
1.0050000000 1.2661179543
1.0060000000 1.2665534477
1.0070000000 1.2669890862
1.0080000000 1.2674248466
1.0090000000 1.2678607521
1.0100000000 1.2682967796
1.0110000000 1.2687329445
1.0120000000 1.2691692390
1.0130000000 1.2696056709
1.0140000000 1.2700422325
1.0150000000 1.2704789162
1.0160000000 1.2709157372
1.0170000000 1.2713526878
1.0180000000 1.2717897606
1.0190000000 1.2722269630
1.0200000000 1.2726642952
1.0210000000 1.2731017570
1.0220000000 1.2735393410
1.0230000000 1.2739770546
1.0240000000 1.2744148903
1.0250000000 1.2748528557
1.0260000000 1.2752909431
1.0270000000 1.2757291527
1.0280000000 1.2761674843
1.0290000000 1.2766059380
1.0300000000 1.2770445213
1.0310000000 1.2774832191
1.0320000000 1.2779220390
1.0330000000 1.2783609810
1.0340000000 1.2788000450
1.0350000000 1.2792392311
1.0360000000 1.2796785316
1.0370000000 1.2801179466
1.0380000000 1.2805574837
1.0390000000 1.2809971428
1.0400000000 1.2814369164
1.0410000000 1.2818768044
1.0420000000 1.2823168068
1.0430000000 1.2827569237
1.0440000000 1.2831971626
1.0450000000 1.2836375084
1.0460000000 1.2840779762
1.0470000000 1.2845185509
1.0480000000 1.2849592400
1.0490000000 1.2854000359
1.0500000000 1.2858409538
1.0510000000 1.2862819786
1.0520000000 1.2867231102
1.0530000000 1.2871643562
1.0540000000 1.2876057091
1.0550000000 1.2880471764
1.0560000000 1.2884887505
1.0570000000 1.2889304314
1.0580000000 1.2893722191
1.0590000000 1.2898141136
1.0600000000 1.2902561226
1.0610000000 1.2906982307
1.0620000000 1.2911404457
1.0630000000 1.2915827599
1.0640000000 1.2920251884
1.0650000000 1.2924677162
1.0660000000 1.2929103432
1.0670000000 1.2933530846
1.0680000000 1.2937959175
1.0690000000 1.2942388573
1.0700000000 1.2946818962
1.0710000000 1.2951250420
1.0720000000 1.2955682869
1.0730000000 1.2960116234
1.0740000000 1.2964550667
1.0750000000 1.2968986092
1.0760000000 1.2973422508
1.0770000000 1.2977859840
1.0780000000 1.2982298241
1.0790000000 1.2986737556
1.0800000000 1.2991177864
1.0810000000 1.2995619087
1.0820000000 1.3000061302
1.0830000000 1.3004504433
1.0840000000 1.3008948555
1.0850000000 1.3013393593
1.0860000000 1.3017839546
1.0870000000 1.3022286491
1.0880000000 1.3026734352
1.0890000000 1.3031183052
1.0900000000 1.3035632744
1.0910000000 1.3040083351
1.0920000000 1.3044534798
1.0930000000 1.3048987236
1.0940000000 1.3053440514
1.0950000000 1.3057894630
1.0960000000 1.3062349739
1.0970000000 1.3066805687
1.0980000000 1.3071262474
1.0990000000 1.3075720177
1.1000000000 1.3080178719
1.1010000000 1.3084638176
1.1020000000 1.3089098473
1.1030000000 1.3093559532
1.1040000000 1.3098021507
1.1050000000 1.3102484398
1.1060000000 1.3106948051
1.1070000000 1.3111412544
1.1080000000 1.3115877800
1.1090000000 1.3120343971
1.1100000000 1.3124810905
1.1110000000 1.3129278679
1.1120000000 1.3133747292
1.1130000000 1.3138216667
1.1140000000 1.3142686882
1.1150000000 1.3147157860
1.1160000000 1.3151629601
1.1170000000 1.3156102180
1.1180000000 1.3160575523
1.1190000000 1.3165049629
1.1200000000 1.3169524498
1.1210000000 1.3174000206
1.1220000000 1.3178476601
1.1230000000 1.3182953758
1.1240000000 1.3187431679
1.1250000000 1.3191910362
1.1260000000 1.3196389732
1.1270000000 1.3200869942
1.1280000000 1.3205350761
1.1290000000 1.3209832420
1.1300000000 1.3214314766
1.1310000000 1.3218797798
1.1320000000 1.3223281593
1.1330000000 1.3227765999
1.1340000000 1.3232251244
1.1350000000 1.3236737099
1.1360000000 1.3241223717
1.1370000000 1.3245710945
1.1380000000 1.3250198936
1.1390000000 1.3254687538
1.1400000000 1.3259176903
1.1410000000 1.3263666878
1.1420000000 1.3268157539
1.1430000000 1.3272648811
1.1440000000 1.3277140846
1.1450000000 1.3281633492
1.1460000000 1.3286126747
1.1470000000 1.3290620689
1.1480000000 1.3295115242
1.1490000000 1.3299610481
1.1500000000 1.3304106331
1.1510000000 1.3308602791
1.1520000000 1.3313099861
1.1530000000 1.3317597618
1.1540000000 1.3322095909
1.1550000000 1.3326594810
1.1560000000 1.3331094398
1.1570000000 1.3335594521
1.1580000000 1.3340095253
1.1590000000 1.3344596596
1.1600000000 1.3349098473
1.1610000000 1.3353600960
1.1620000000 1.3358104057
1.1630000000 1.3362607689
1.1640000000 1.3367111931
1.1650000000 1.3371616707
1.1660000000 1.3376122017
1.1670000000 1.3380627937
1.1680000000 1.3385134392
1.1690000000 1.3389641380
1.1700000000 1.3394148903
1.1710000000 1.3398656960
1.1720000000 1.3403165550
1.1730000000 1.3407674675
1.1740000000 1.3412184334
1.1750000000 1.3416694527
1.1760000000 1.3421205254
1.1770000000 1.3425716438
1.1780000000 1.3430228157
1.1790000000 1.3434740410
1.1800000000 1.3439253120
1.1810000000 1.3443766365
1.1820000000 1.3448280067
1.1830000000 1.3452794228
1.1840000000 1.3457308922
1.1850000000 1.3461823997
1.1860000000 1.3466339684
1.1870000000 1.3470855751
1.1880000000 1.3475372276
1.1890000000 1.3479889336
1.1900000000 1.3484406776
1.1910000000 1.3488924675
1.1920000000 1.3493443031
1.1930000000 1.3497961845
1.1940000000 1.3502481117
1.1950000000 1.3507000771
1.1960000000 1.3511520882
1.1970000000 1.3516041451
1.1980000000 1.3520562401
1.1990000000 1.3525083809
1.2000000000 1.3529605598
1.2010000000 1.3534127769
1.2020000000 1.3538650398
1.2030000000 1.3543173409
1.2040000000 1.3547696800
1.2050000000 1.3552220573
1.2060000000 1.3556744804
1.2070000000 1.3561269341
1.2080000000 1.3565794334
1.2090000000 1.3570319633
1.2100000000 1.3574845314
1.2110000000 1.3579371376
1.2120000000 1.3583897820
1.2130000000 1.3588424568
1.2140000000 1.3592951698
1.2150000000 1.3597479210
1.2160000000 1.3602007027
1.2170000000 1.3606535225
1.2180000000 1.3611063728
1.2190000000 1.3615592613
1.2200000000 1.3620121803
1.2210000000 1.3624651299
1.2220000000 1.3629181175
1.2230000000 1.3633711281
1.2240000000 1.3638241768
1.2250000000 1.3642772560
1.2260000000 1.3647303658
1.2270000000 1.3651834984
1.2280000000 1.3656366692
1.2290000000 1.3660898705
1.2300000000 1.3665430946
1.2310000000 1.3669963493
1.2320000000 1.3674496346
1.2330000000 1.3679029503
1.2340000000 1.3683562889
1.2350000000 1.3688096504
1.2360000000 1.3692630424
1.2370000000 1.3697164650
1.2380000000 1.3701699104
1.2390000000 1.3706233788
1.2400000000 1.3710768776
1.2410000000 1.3715303993
1.2420000000 1.3719839439
1.2430000000 1.3724375114
1.2440000000 1.3728911018
1.2450000000 1.3733447151
1.2460000000 1.3737983513
1.2470000000 1.3742520103
1.2480000000 1.3747056923
1.2490000000 1.3751593971
1.2500000000 1.3756131248
1.2510000000 1.3760668678
1.2520000000 1.3765206337
1.2530000000 1.3769744225
1.2540000000 1.3774282265
1.2550000000 1.3778820534
1.2560000000 1.3783358955
1.2570000000 1.3787897606
1.2580000000 1.3792436409
1.2590000000 1.3796975365
1.2600000000 1.3801514549
1.2610000000 1.3806053886
1.2620000000 1.3810593376
1.2630000000 1.3815133018
1.2640000000 1.3819672813
1.2650000000 1.3824212761
1.2660000000 1.3828752937
1.2670000000 1.3833293190
1.2680000000 1.3837833595
1.2690000000 1.3842374153
1.2700000000 1.3846914864
1.2710000000 1.3851455650
1.2720000000 1.3855996590
1.2730000000 1.3860537682
1.2740000000 1.3865078850
1.2750000000 1.3869620171
1.2760000000 1.3874161568
1.2770000000 1.3878703117
1.2780000000 1.3883244743
1.2790000000 1.3887786522
1.2800000000 1.3892328377
1.2810000000 1.3896870308
1.2820000000 1.3901412315
1.2830000000 1.3905954475
1.2840000000 1.3910496635
1.2850000000 1.3915038948
1.2860000000 1.3919581337
1.2870000000 1.3924123726
1.2880000000 1.3928666267
1.2890000000 1.3933208809
1.2900000000 1.3937751503
1.2910000000 1.3942294197
1.2920000000 1.3946836967
1.2930000000 1.3951379738
1.2940000000 1.3955922585
1.2950000000 1.3960465508
1.2960000000 1.3965008430
1.2970000000 1.3969551430
1.2980000000 1.3974094429
1.2990000000 1.3978637505
1.3000000000 1.3983180580
1.3010000000 1.3987723656
1.3020000000 1.3992266808
1.3030000000 1.3996809959
1.3040000000 1.4001353111
1.3050000000 1.4005896263
1.3060000000 1.4010439415
1.3070000000 1.4014982567
1.3080000000 1.4019525795
1.3090000000 1.4024068947
1.3100000000 1.4028612099
1.3110000000 1.4033155251
1.3120000000 1.4037698402
1.3130000000 1.4042241478
1.3140000000 1.4046784630
1.3150000000 1.4051327705
1.3160000000 1.4055870705
1.3170000000 1.4060413780
1.3180000000 1.4064956703
1.3190000000 1.4069499702
1.3200000000 1.4074042625
1.3210000000 1.4078585472
1.3220000000 1.4083128242
1.3230000000 1.4087671013
1.3240000000 1.4092213707
1.3250000000 1.4096756401
1.3260000000 1.4101299019
1.3270000000 1.4105841484
1.3280000000 1.4110383949
1.3290000000 1.4114926338
1.3300000000 1.4119468651
1.3310000000 1.4124010887
1.3320000000 1.4128553047
1.3330000000 1.4133095131
1.3340000000 1.4137637138
1.3350000000 1.4142178993
1.3360000000 1.4146720848
1.3370000000 1.4151262550
1.3380000000 1.4155804100
1.3390000000 1.4160345650
1.3400000000 1.4164887047
1.3410000000 1.4169428291
1.3420000000 1.4173969460
1.3430000000 1.4178510551
1.3440000000 1.4183051491
1.3450000000 1.4187592278
1.3460000000 1.4192132988
1.3470000000 1.4196673546
1.3480000000 1.4201213951
1.3490000000 1.4205754204
1.3500000000 1.4210294380
1.3510000000 1.4214834404
1.3520000000 1.4219374275
1.3530000000 1.4223913994
1.3540000000 1.4228453560
1.3550000000 1.4232992973
1.3560000000 1.4237532234
1.3570000000 1.4242071266
1.3580000000 1.4246610222
1.3590000000 1.4251148949
1.3600000000 1.4255687599
1.3610000000 1.4260226021
1.3620000000 1.4264764214
1.3630000000 1.4269302330
1.3640000000 1.4273840218
1.3650000000 1.4278377876
1.3660000000 1.4282915382
1.3670000000 1.4287452736
1.3680000000 1.4291989861
1.3690000000 1.4296526756
1.3700000000 1.4301063499
1.3710000000 1.4305600014
1.3720000000 1.4310136375
1.3730000000 1.4314672432
1.3740000000 1.4319208336
1.3750000000 1.4323744011
1.3760000000 1.4328279533
1.3770000000 1.4332814751
1.3780000000 1.4337349739
1.3790000000 1.4341884575
1.3800000000 1.4346419106
1.3810000000 1.4350953484
1.3820000000 1.4355487556
1.3830000000 1.4360021400
1.3840000000 1.4364555016
1.3850000000 1.4369088402
1.3860000000 1.4373621483
1.3870000000 1.4378154411
1.3880000000 1.4382687035
1.3890000000 1.4387219353
1.3900000000 1.4391751442
1.3910000000 1.4396283302
1.3920000000 1.4400814857
1.3930000000 1.4405346184
1.3940000000 1.4409877205
1.3950000000 1.4414407997
1.3960000000 1.4418938484
1.3970000000 1.4423468666
1.3980000000 1.4427998619
1.3990000000 1.4432528267
1.4000000000 1.4437057610
1.4010000000 1.4441586723
1.4020000000 1.4446115456
1.4030000000 1.4450643959
1.4040000000 1.4455172157
1.4050000000 1.4459700050
1.4060000000 1.4464227638
1.4070000000 1.4468754845
1.4080000000 1.4473281822
1.4090000000 1.4477808495
1.4100000000 1.4482334785
1.4110000000 1.4486860847
1.4120000000 1.4491386528
1.4130000000 1.4495911903
1.4140000000 1.4500436974
1.4150000000 1.4504961662
1.4160000000 1.4509486046
1.4170000000 1.4514010124
1.4180000000 1.4518533821
1.4190000000 1.4523057213
1.4200000000 1.4527580223
1.4210000000 1.4532102928
1.4220000000 1.4536625328
1.4230000000 1.4541147270
1.4240000000 1.4545668907
1.4250000000 1.4550190239
1.4260000000 1.4554711189
1.4270000000 1.4559231758
1.4280000000 1.4563751945
1.4290000000 1.4568271828
1.4300000000 1.4572791252
1.4310000000 1.4577310371
1.4320000000 1.4581829109
1.4330000000 1.4586347466
1.4340000000 1.4590865440
1.4350000000 1.4595383034
1.4360000000 1.4599900246
1.4370000000 1.4604417076
1.4380000000 1.4608933525
1.4390000000 1.4613449593
1.4400000000 1.4617965279
1.4410000000 1.4622480507
1.4420000000 1.4626995354
1.4430000000 1.4631509819
1.4440000000 1.4636023903
1.4450000000 1.4640537529
1.4460000000 1.4645050774
1.4470000000 1.4649563637
