0.0050010000 0.0000312500
0.0100010000 0.0000312500
0.0200010000 0.0000937500
0.0250010000 0.0001562500
0.0300010000 0.0002187500
0.0350010000 0.0002812500
0.0400010000 0.0004062500
0.0450010000 0.0005312500
0.0500010000 0.0006562500
0.0550010000 0.0007812500
0.0600010000 0.0009062500
0.0650010000 0.0010937500
0.0700010000 0.0012187500
0.0750010000 0.0014062500
0.0800010000 0.0016562500
0.0850010000 0.0018437500
0.0900010000 0.0020312500
0.0950010000 0.0022812500
0.1000010000 0.0025312500
0.1050010000 0.0027812500
0.1100010000 0.0030937500
0.1150010000 0.0033437500
0.1200010000 0.0036562500
0.1250010000 0.0039687500
0.1300010000 0.0042812500
0.1350010000 0.0045937500
0.1400010000 0.0049687500
0.1450010000 0.0052812500
0.1500010000 0.0056562500
0.1550010000 0.0060312500
0.1600010000 0.0064062500
0.1650010000 0.0068437500
0.1700010000 0.0072812500
0.1750010000 0.0076562500
0.1800010000 0.0080937500
0.1850010000 0.0085937500
0.1900010000 0.0090312500
0.1950010000 0.0094687500
0.2000010000 0.0099687500
0.2050010000 0.0104687500
0.2100010000 0.0109687500
0.2150010000 0.0114687500
0.2200010000 0.0120312500
0.2250010000 0.0125312500
0.2300010000 0.0130937500
0.2350010000 0.0136562500
0.2400010000 0.0142187500
0.2450010000 0.0148437500
0.2500010000 0.0154062500
0.2550010000 0.0160312500
0.2600010000 0.0165937500
0.2650010000 0.0172187500
0.2700010000 0.0179062500
0.2750010000 0.0185312500
0.2800010000 0.0191562500
0.2850010000 0.0198437500
0.2900010000 0.0205312500
0.2950010000 0.0211562500
0.3000010000 0.0219062500
0.3050010000 0.0225937500
0.3100010000 0.0232812500
0.3150010000 0.0240312500
0.3200010000 0.0247187500
0.3250010000 0.0254687500
0.3300010000 0.0262187500
0.3350010000 0.0269687500
0.3400010000 0.0277187500
0.3450010000 0.0285312500
0.3500010000 0.0292812500
0.3550010000 0.0300937500
0.3600010000 0.0309062500
0.3650010000 0.0317187500
0.3700010000 0.0325312500
0.3750010000 0.0333437500
0.3800010000 0.0341562500
0.3850010000 0.0350312500
0.3900010000 0.0358437500
0.3950010000 0.0367187500
0.4000010000 0.0375937500
0.4050010000 0.0384687500
0.4100010000 0.0393437500
0.4150010000 0.0402187500
0.4200010000 0.0410937500
0.4250010000 0.0419687500
0.4300010000 0.0429062500
0.4350010000 0.0438437500
0.4400010000 0.0447187500
0.4450010000 0.0456562500
0.4500010000 0.0465937500
0.4550010000 0.0475312500
0.4600010000 0.0484687500
0.4650010000 0.0494687500
0.4700010000 0.0504062500
0.4750010000 0.0513437500
0.4800010000 0.0523437500
0.4850010000 0.0533437500
0.4900010000 0.0542812500
0.4950010000 0.0552812500
0.5000010000 0.0562812500
0.5050010000 0.0572812500
0.5100010000 0.0582812500
0.5150010000 0.0592812500
0.5200010000 0.0603437500
0.5250010000 0.0613437500
0.5300010000 0.0623437500
0.5350010000 0.0634062500
0.5400010000 0.0644687500
0.5450010000 0.0654687500
0.5500010000 0.0665312500
0.5550010000 0.0675937500
0.5600010000 0.0686562500
0.5650010000 0.0697187500
0.5700010000 0.0707812500
0.5750010000 0.0718437500
0.5800010000 0.0729062500
0.5850010000 0.0739687500
0.5900010000 0.0750937500
0.5950010000 0.0761562500
0.6000010000 0.0772187500
0.6050010000 0.0783437500
0.6100010000 0.0794062500
0.6150010000 0.0805312500
0.6200010000 0.0816562500
0.6250010000 0.0827187500
0.6300010000 0.0838437500
0.6350010000 0.0849687500
0.6400010000 0.0860937500
0.6450010000 0.0872187500
0.6500010000 0.0883437500
0.6550010000 0.0894687500
0.6600010000 0.0905937500
0.6650010000 0.0917187500
0.6700010000 0.0928437500
0.6750010000 0.0940312500
0.6800010000 0.0951562500
0.6850010000 0.0962812500
0.6900010000 0.0974062500
0.6950010000 0.0985937500
0.7000010000 0.0997187500
0.7050010000 0.1009062500
0.7100010000 0.1020312500
0.7150010000 0.1032187500
0.7200010000 0.1043437500
0.7250010000 0.1055312500
0.7300010000 0.1066562500
0.7350010000 0.1078437500
0.7400010000 0.1090312500
0.7450010000 0.1101562500
0.7500010000 0.1113437500
0.7550010000 0.1125312500
0.7600010000 0.1137187500
0.7650010000 0.1148437500
0.7700010000 0.1160312500
0.7750010000 0.1172187500
0.7800010000 0.1184062500
0.7850010000 0.1195937500
0.7900010000 0.1207812500
0.7950010000 0.1219687500
0.8000010000 0.1231562500
0.8050010000 0.1243437500
0.8100010000 0.1254687500
0.8150010000 0.1266562500
0.8200010000 0.1278437500
0.8250010000 0.1290312500
0.8300010000 0.1302187500
0.8350010000 0.1314062500
0.8400010000 0.1326562500
0.8450010000 0.1338437500
0.8500010000 0.1350312500
0.8550010000 0.1362187500
0.8600010000 0.1374062500
0.8650010000 0.1385937500
0.8700010000 0.1397812500
0.8750010000 0.1409687500
0.8800010000 0.1421562500
0.8850010000 0.1433437500
0.8900010000 0.1445312500
0.8950010000 0.1457187500
0.9000010000 0.1469062500
0.9050010000 0.1481562500
0.9100010000 0.1493437500
0.9150010000 0.1505312500
0.9200010000 0.1517187500
0.9250010000 0.1529062500
0.9300010000 0.1540937500
0.9350010000 0.1552812500
0.9400010000 0.1564687500
0.9450010000 0.1576562500
0.9500010000 0.1588437500
0.9550010000 0.1600312500
0.9600010000 0.1612187500
0.9650010000 0.1624062500
0.9700010000 0.1636562500
0.9750010000 0.1648437500
0.9800010000 0.1660312500
0.9850010000 0.1672187500
0.9900010000 0.1684062500
0.9950010000 0.1695937500
1.0000010000 0.1707812500
1.0050010000 0.1719062500
1.0100010000 0.1730937500
1.0150010000 0.1742812500
1.0200010000 0.1754687500
1.0250010000 0.1766562500
1.0300010000 0.1778437500
1.0350010000 0.1790312500
1.0400010000 0.1802187500
1.0450010000 0.1814062500
1.0500010000 0.1825312500
1.0550010000 0.1837187500
1.0600010000 0.1849062500
1.0650010000 0.1860937500
1.0700010000 0.1872812500
1.0750010000 0.1884062500
1.0800010000 0.1895937500
1.0850010000 0.1907812500
1.0900010000 0.1919062500
1.0950010000 0.1930937500
1.1000010000 0.1942812500
1.1050010000 0.1954062500
1.1100010000 0.1965937500
1.1150010000 0.1977187500
1.1200010000 0.1989062500
1.1250010000 0.2000312500
1.1300010000 0.2012187500
1.1350010000 0.2023437500
1.1400010000 0.2035312500
1.1450010000 0.2046562500
1.1500010000 0.2058437500
1.1550010000 0.2069687500
1.1600010000 0.2080937500
1.1650010000 0.2092812500
1.1700010000 0.2104062500
1.1750010000 0.2115312500
1.1800010000 0.2126562500
1.1850010000 0.2137812500
1.1900010000 0.2149687500
1.1950010000 0.2160937500
1.2000010000 0.2172187500
1.2050010000 0.2183437500
1.2100010000 0.2194687500
1.2150010000 0.2205937500
1.2200010000 0.2217187500
1.2250010000 0.2228437500
1.2300010000 0.2239687500
1.2350010000 0.2250937500
1.2400010000 0.2261562500
1.2450010000 0.2272812500
1.2500010000 0.2284062500
1.2550010000 0.2295312500
1.2600010000 0.2305937500
1.2650010000 0.2317187500
1.2700010000 0.2328437500
1.2750010000 0.2339062500
1.2800010000 0.2350312500
1.2850010000 0.2360937500
1.2900010000 0.2372187500
1.2950010000 0.2382812500
1.3000010000 0.2394062500
1.3050010000 0.2404687500
1.3100010000 0.2415937500
1.3150010000 0.2426562500
1.3200010000 0.2437187500
1.3250010000 0.2447812500
1.3300010000 0.2458437500
1.3350010000 0.2469687500
1.3400010000 0.2480312500
1.3450010000 0.2490937500
1.3500010000 0.2501562500
1.3550010000 0.2512187500
1.3600010000 0.2522812500
1.3650010000 0.2533437500
1.3700010000 0.2544062500
1.3750010000 0.2554062500
1.3800010000 0.2564687500
1.3850010000 0.2575312500
1.3900010000 0.2585937500
1.3950010000 0.2595937500
1.4000010000 0.2606562500
1.4050010000 0.2616562500
1.4100010000 0.2627187500
1.4150010000 0.2637187500
1.4200010000 0.2647812500
1.4250010000 0.2657812500
1.4300010000 0.2668437500
1.4350010000 0.2678437500
1.4400010000 0.2688437500
1.4450010000 0.2698437500
1.4500010000 0.2709062500
1.4550010000 0.2719062500
1.4600010000 0.2729062500
1.4650010000 0.2739062500
1.4700010000 0.2749062500
1.4750010000 0.2759062500
1.4800010000 0.2769062500
1.4850010000 0.2779062500
1.4900010000 0.2788437500
1.4950010000 0.2798437500
1.5000010000 0.2808437500
1.5050010000 0.2817812500
1.5100010000 0.2827812500
1.5150010000 0.2837812500
1.5200010000 0.2847187500
1.5250010000 0.2857187500
1.5300010000 0.2866562500
1.5350010000 0.2875937500
1.5400010000 0.2885937500
1.5450010000 0.2895312500
1.5500010000 0.2904687500
1.5550010000 0.2914062500
1.5600010000 0.2923437500
1.5650010000 0.2932812500
1.5700010000 0.2942187500
1.5750010000 0.2951562500
1.5800010000 0.2960937500
1.5850010000 0.2970312500
1.5900010000 0.2979687500
1.5950010000 0.2989062500
1.6000010000 0.2997812500
1.6050010000 0.3007187500
1.6100010000 0.3015937500
1.6150010000 0.3025312500
1.6200010000 0.3034062500
1.6250010000 0.3043437500
1.6300010000 0.3052187500
1.6350010000 0.3060937500
1.6400010000 0.3070312500
1.6450010000 0.3079062500
1.6500010000 0.3087812500
1.6550010000 0.3096562500
1.6600010000 0.3105312500
1.6650010000 0.3114062500
1.6700010000 0.3122812500
1.6750010000 0.3131562500
1.6800010000 0.3139687500
1.6850010000 0.3148437500
1.6900010000 0.3157187500
1.6950010000 0.3165312500
1.7000010000 0.3174062500
1.7050010000 0.3182812500
1.7100010000 0.3190937500
1.7150010000 0.3199062500
1.7200010000 0.3207812500
1.7250010000 0.3215937500
1.7300010000 0.3224062500
1.7350010000 0.3232187500
1.7400010000 0.3240312500
1.7450010000 0.3248437500
1.7500010000 0.3256562500
1.7550010000 0.3264687500
1.7600010000 0.3272812500
1.7650010000 0.3280937500
1.7700010000 0.3288437500
1.7750010000 0.3296562500
1.7800010000 0.3304687500
1.7850010000 0.3312187500
1.7900010000 0.3319687500
1.7950010000 0.3327812500
1.8000010000 0.3335312500
1.8050010000 0.3342812500
1.8100010000 0.3350937500
1.8150010000 0.3358437500
1.8200010000 0.3365937500
1.8250010000 0.3373437500
1.8300010000 0.3380937500
1.8350010000 0.3387812500
1.8400010000 0.3395312500
1.8450010000 0.3402812500
1.8500010000 0.3410312500
1.8550010000 0.3417187500
1.8600010000 0.3424687500
1.8650010000 0.3431562500
1.8700010000 0.3439062500
1.8750010000 0.3445937500
1.8800010000 0.3452812500
1.8850010000 0.3459687500
1.8900010000 0.3466562500
1.8950010000 0.3473437500
1.9000010000 0.3480312500
1.9050010000 0.3487187500
1.9100010000 0.3494062500
1.9150010000 0.3500937500
1.9200010000 0.3507187500
1.9250010000 0.3514062500
1.9300010000 0.3520937500
1.9350010000 0.3527187500
1.9400010000 0.3533437500
1.9450010000 0.3540312500
1.9500010000 0.3546562500
1.9550010000 0.3552812500
1.9600010000 0.3559062500
1.9650010000 0.3565312500
1.9700010000 0.3571562500
1.9750010000 0.3577812500
1.9800010000 0.3584062500
1.9850010000 0.3589687500
1.9900010000 0.3595937500
1.9950010000 0.3602187500
2.0000010000 0.3607812500
2.0050010000 0.3613437500
2.0100010000 0.3619687500
2.0150010000 0.3625312500
2.0200010000 0.3630937500
2.0250010000 0.3636562500
2.0300010000 0.3642187500
2.0350010000 0.3647812500
2.0400010000 0.3653437500
2.0450010000 0.3659062500
2.0500010000 0.3664062500
2.0550010000 0.3669687500
2.0600010000 0.3675312500
2.0650010000 0.3680312500
2.0700010000 0.3685312500
2.0750010000 0.3690937500
2.0800010000 0.3695937500
2.0850010000 0.3700937500
2.0900010000 0.3705937500
2.0950010000 0.3710937500
2.1000010000 0.3715937500
2.1050010000 0.3720312500
2.1100010000 0.3725312500
2.1150010000 0.3730312500
2.1200010000 0.3734687500
2.1250010000 0.3739687500
2.1300010000 0.3744062500
2.1350010000 0.3748437500
2.1400010000 0.3752812500
2.1450010000 0.3757187500
2.1500010000 0.3761562500
2.1550010000 0.3765937500
2.1600010000 0.3770312500
2.1650010000 0.3774687500
2.1700010000 0.3778437500
2.1750010000 0.3782812500
2.1800010000 0.3786562500
2.1850010000 0.3790937500
2.1900010000 0.3794687500
2.1950010000 0.3798437500
2.2000010000 0.3802187500
2.2050010000 0.3805937500
2.2100010000 0.3809687500
2.2150010000 0.3813437500
2.2200010000 0.3816562500
2.2250010000 0.3820312500
2.2300010000 0.3824062500
2.2350010000 0.3827187500
2.2400010000 0.3830312500
2.2450010000 0.3833437500
2.2500010000 0.3836562500
2.2550010000 0.3839687500
2.2600010000 0.3842812500
2.2650010000 0.3845937500
2.2700010000 0.3849062500
2.2750010000 0.3851562500
2.2800010000 0.3854687500
2.2850010000 0.3857187500
2.2900010000 0.3860312500
2.2950010000 0.3862812500
2.3000010000 0.3865312500
2.3050010000 0.3867812500
2.3100010000 0.3870312500
2.3150010000 0.3872187500
2.3200010000 0.3874687500
2.3250010000 0.3877187500
2.3300010000 0.3879062500
2.3350010000 0.3880937500
2.3400010000 0.3883437500
2.3450010000 0.3885312500
2.3500010000 0.3887187500
2.3550010000 0.3889062500
2.3600010000 0.3890937500
2.3650010000 0.3892187500
2.3700010000 0.3894062500
2.3750010000 0.3895312500
2.3800010000 0.3897187500
2.3850010000 0.3898437500
2.3900010000 0.3899687500
2.3950010000 0.3900937500
2.4000010000 0.3902187500
2.4050010000 0.3902812500
2.4100010000 0.3904062500
2.4150010000 0.3905312500
2.4200010000 0.3905937500
2.4250010000 0.3906562500
2.4300010000 0.3907187500
2.4350010000 0.3908437500
2.4400010000 0.3908437500
2.4450010000 0.3909062500
2.4500010000 0.3909687500
2.4550010000 0.3909687500
2.4600010000 0.3910312500
2.4650010000 0.3910312500
2.4700010000 0.3910312500
2.4750010000 0.3910312500
2.4800010000 0.3910312500
2.4850010000 0.3910312500
2.4900010000 0.3910312500
2.4950010000 0.3909687500
2.5000010000 0.3909687500
2.5050010000 0.3909062500
2.5100010000 0.3908437500
2.5150010000 0.3907812500
2.5200010000 0.3907187500
2.5250010000 0.3906562500
2.5300010000 0.3905312500
2.5350010000 0.3904687500
2.5400010000 0.3903437500
2.5450010000 0.3902187500
2.5500010000 0.3900937500
2.5550010000 0.3899687500
2.5600010000 0.3898437500
2.5650010000 0.3896562500
2.5700010000 0.3895312500
2.5750010000 0.3893437500
2.5800010000 0.3891562500
2.5850010000 0.3889687500
2.5900010000 0.3887812500
2.5950010000 0.3885937500
2.6000010000 0.3883437500
2.6050010000 0.3881562500
2.6100010000 0.3879062500
2.6150010000 0.3876562500
2.6200010000 0.3874062500
2.6250010000 0.3871562500
2.6300010000 0.3868437500
2.6350010000 0.3865937500
2.6400010000 0.3862812500
2.6450010000 0.3859687500
2.6500010000 0.3856562500
2.6550010000 0.3853437500
2.6600010000 0.3850312500
2.6650010000 0.3846562500
2.6700010000 0.3843437500
2.6750010000 0.3839687500
2.6800010000 0.3835937500
2.6850010000 0.3832187500
2.6900010000 0.3827812500
2.6950010000 0.3824062500
2.7000010000 0.3819687500
2.7050010000 0.3815312500
2.7100010000 0.3810937500
2.7150010000 0.3806562500
2.7200010000 0.3801562500
2.7250010000 0.3797187500
2.7300010000 0.3792187500
2.7350010000 0.3787187500
2.7400010000 0.3782187500
2.7450010000 0.3776562500
2.7500010000 0.3771562500
2.7550010000 0.3765937500
2.7600010000 0.3760312500
2.7650010000 0.3754687500
2.7700010000 0.3749062500
2.7750010000 0.3742812500
2.7800010000 0.3736562500
2.7850010000 0.3730312500
2.7900010000 0.3724062500
2.7950010000 0.3717812500
2.8000010000 0.3710937500
2.8050010000 0.3704062500
2.8100010000 0.3697187500
2.8150010000 0.3690312500
2.8200010000 0.3683437500
2.8250010000 0.3675937500
2.8300010000 0.3668437500
2.8350010000 0.3660937500
2.8400010000 0.3652812500
2.8450010000 0.3645312500
2.8500010000 0.3637187500
2.8550010000 0.3629062500
2.8600010000 0.3620937500
2.8650010000 0.3612187500
2.8700010000 0.3603437500
2.8750010000 0.3594687500
2.8800010000 0.3585937500
2.8850010000 0.3576562500
2.8900010000 0.3567812500
2.8950010000 0.3558437500
2.9000010000 0.3548437500
2.9050010000 0.3539062500
2.9100010000 0.3529062500
2.9150010000 0.3519062500
2.9200010000 0.3508437500
2.9250010000 0.3498437500
2.9300010000 0.3487812500
2.9350010000 0.3476562500
2.9400010000 0.3465937500
2.9450010000 0.3454687500
2.9500010000 0.3443437500
2.9550010000 0.3431562500
2.9600010000 0.3420312500
2.9650010000 0.3408437500
2.9700010000 0.3395937500
2.9750010000 0.3384062500
2.9800010000 0.3371562500
2.9850010000 0.3358437500
2.9900010000 0.3345937500
2.9950010000 0.3332812500
3.0000010000 0.3319062500
3.0050010000 0.3305937500
3.0100010000 0.3291562500
3.0150010000 0.3277812500
3.0200010000 0.3263437500
3.0250010000 0.3249062500
3.0300010000 0.3234687500
3.0350010000 0.3219687500
3.0400010000 0.3204062500
3.0450010000 0.3189062500
3.0500010000 0.3173437500
3.0550010000 0.3157187500
3.0600010000 0.3140937500
3.0650010000 0.3124687500
3.0700010000 0.3107812500
3.0750010000 0.3090937500
3.0800010000 0.3073437500
3.0850010000 0.3055937500
3.0900010000 0.3037812500
3.0950010000 0.3019687500
3.1000010000 0.3000937500
3.1050010000 0.2982187500
3.1100010000 0.2963437500
3.1150010000 0.2944062500
3.1200010000 0.2924062500
3.1250010000 0.2904062500
3.1300010000 0.2883437500
3.1350010000 0.2862812500
3.1400010000 0.2841562500
3.1450010000 0.2819687500
3.1500010000 0.2797812500
3.1550010000 0.2775312500
3.1600010000 0.2752812500
3.1650010000 0.2729687500
3.1700010000 0.2705937500
3.1750010000 0.2681562500
3.1800010000 0.2657187500
3.1850010000 0.2632187500
3.1900010000 0.2607187500
3.1950010000 0.2580937500
3.2000010000 0.2554687500
3.2050010000 0.2527812500
3.2100010000 0.2499687500
3.2150010000 0.2471562500
3.2200010000 0.2443437500
3.2250010000 0.2414062500
3.2300010000 0.2384062500
3.2350010000 0.2353437500
3.2400010000 0.2322187500
3.2450010000 0.2289687500
3.2500010000 0.2257187500
3.2550010000 0.2223437500
3.2600010000 0.2189062500
3.2650010000 0.2154062500
3.2700010000 0.2117812500
3.2750010000 0.2080937500
3.2800010000 0.2042812500
3.2850010000 0.2003437500
3.2900010000 0.1963437500
3.2950010000 0.1922187500
3.3000010000 0.1879062500
3.3050010000 0.1835312500
3.3100010000 0.1789687500
3.3150010000 0.1742187500
3.3200010000 0.1693437500
3.3250010000 0.1642812500
3.3300010000 0.1589687500
3.3350010000 0.1534687500
3.3400010000 0.1477187500
3.3450010000 0.1416562500
3.3500010000 0.1352812500
3.3550010000 0.1285312500
3.3600010000 0.1213437500
3.3650010000 0.1136562500
3.3700010000 0.1053437500
3.3750010000 0.0962187500
3.3800010000 0.0860312500
3.3850010000 0.0744062500
3.3900010000 0.0604062500
3.3950010000 0.0419062500
