0.0001000000 1.0000000049
0.0011000000 1.0000006006
0.0021000000 1.0000022021
0.0031000000 1.0000048096
0.0041000000 1.0000084033
0.0051000000 1.0000130029
0.0061000000 1.0000186084
0.0071000000 1.0000252002
0.0081000000 1.0000328076
0.0091000000 1.0000414014
0.0101000000 1.0000510010
0.0111000000 1.0000616064
0.0121000000 1.0000731982
0.0131000000 1.0000858057
0.0141000000 1.0000993994
0.0151000000 1.0001139990
0.0161000000 1.0001295947
0.0171000000 1.0001461963
0.0181000000 1.0001637939
0.0191000000 1.0001823975
0.0201000000 1.0002019873
0.0211000000 1.0002225830
0.0221000000 1.0002441846
0.0231000000 1.0002667822
0.0241000000 1.0002903760
0.0251000000 1.0003149658
0.0261000000 1.0003405615
0.0271000000 1.0003671533
0.0281000000 1.0003947510
0.0291000000 1.0004233447
0.0301000000 1.0004529346
0.0311000000 1.0004835205
0.0321000000 1.0005151123
0.0331000000 1.0005477002
0.0341000000 1.0005812842
0.0351000000 1.0006158740
0.0361000000 1.0006514600
0.0371000000 1.0006880420
0.0381000000 1.0007256201
0.0391000000 1.0007642041
0.0401000000 1.0008037744
0.0411000000 1.0008443506
0.0421000000 1.0008859326
0.0431000000 1.0009285010
0.0441000000 1.0009720752
0.0451000000 1.0010166455
0.0461000000 1.0010622119
0.0471000000 1.0011087744
0.0481000000 1.0011563330
0.0491000000 1.0012048975
0.0501000000 1.0012544580
0.0511000000 1.0013050049
0.0521000000 1.0013565576
0.0531000000 1.0014091064
0.0541000000 1.0014626514
0.0551000000 1.0015172021
0.0561000000 1.0015727393
0.0571000000 1.0016292725
0.0581000000 1.0016868115
0.0591000000 1.0017453369
0.0601000000 1.0018048584
0.0611000000 1.0018653857
0.0621000000 1.0019268994
0.0631000000 1.0019894189
0.0641000000 1.0020529248
0.0651000000 1.0021174365
0.0661000000 1.0021829346
0.0671000000 1.0022494287
0.0681000000 1.0023169189
0.0691000000 1.0023854053
0.0701000000 1.0024548877
0.0711000000 1.0025253662
0.0721000000 1.0025968408
0.0731000000 1.0026693018
0.0741000000 1.0027427686
0.0751000000 1.0028172217
0.0761000000 1.0028926709
0.0771000000 1.0029691064
0.0781000000 1.0030465479
0.0791000000 1.0031249756
0.0801000000 1.0032043994
0.0811000000 1.0032848193
0.0821000000 1.0033662256
0.0831000000 1.0034486279
0.0841000000 1.0035320264
0.0851000000 1.0036164111
0.0861000000 1.0037017920
0.0871000000 1.0037881689
0.0881000000 1.0038755322
0.0891000000 1.0039638916
0.0901000000 1.0040532373
0.0911000000 1.0041435791
0.0921000000 1.0042349072
0.0931000000 1.0043272314
0.0941000000 1.0044205420
0.0951000000 1.0045148486
0.0961000000 1.0046101416
0.0971000000 1.0047064209
0.0981000000 1.0048036963
0.0991000000 1.0049019678
0.1001000000 1.0050012158
0.1011000000 1.0051014600
0.1021000000 1.0052027002
0.1031000000 1.0053049170
0.1041000000 1.0054081299
0.1051000000 1.0055123291
0.1061000000 1.0056175146
0.1071000000 1.0057236963
0.1081000000 1.0058308545
0.1091000000 1.0059390088
0.1101000000 1.0060481494
0.1111000000 1.0061582764
0.1121000000 1.0062693896
0.1131000000 1.0063814893
0.1141000000 1.0064945752
0.1151000000 1.0066086572
0.1161000000 1.0067237158
0.1171000000 1.0068397607
0.1181000000 1.0069567920
0.1191000000 1.0070748096
0.1201000000 1.0071938135
0.1211000000 1.0073137939
0.1221000000 1.0074347705
0.1231000000 1.0075567236
0.1241000000 1.0076796631
0.1251000000 1.0078035889
0.1261000000 1.0079284912
0.1271000000 1.0080543896
0.1281000000 1.0081812646
0.1291000000 1.0083091162
0.1301000000 1.0084379541
0.1311000000 1.0085677783
0.1321000000 1.0086985791
0.1331000000 1.0088303662
0.1341000000 1.0089631396
0.1351000000 1.0090968799
0.1361000000 1.0092316162
0.1371000000 1.0093673193
0.1381000000 1.0095040088
0.1391000000 1.0096416846
0.1401000000 1.0097803369
0.1411000000 1.0099199658
0.1421000000 1.0100605713
0.1431000000 1.0102021631
0.1441000000 1.0103447217
0.1451000000 1.0104882666
0.1461000000 1.0106327881
0.1471000000 1.0107782959
0.1481000000 1.0109247705
0.1491000000 1.0110722217
0.1501000000 1.0112206592
0.1511000000 1.0113700635
0.1521000000 1.0115204443
0.1531000000 1.0116718115
0.1541000000 1.0118241455
0.1551000000 1.0119774561
0.1561000000 1.0121317432
0.1571000000 1.0122869971
0.1581000000 1.0124432373
0.1591000000 1.0126004443
0.1601000000 1.0127586279
0.1611000000 1.0129177783
0.1621000000 1.0130779150
0.1631000000 1.0132390088
0.1641000000 1.0134010889
0.1651000000 1.0135641260
0.1661000000 1.0137281494
0.1671000000 1.0138931396
0.1681000000 1.0140590967
0.1691000000 1.0142260205
0.1701000000 1.0143939209
0.1711000000 1.0145627881
0.1721000000 1.0147326318
0.1731000000 1.0149034424
0.1741000000 1.0150752197
0.1751000000 1.0152479639
0.1761000000 1.0154216748
0.1771000000 1.0155963623
0.1781000000 1.0157720068
0.1791000000 1.0159486182
0.1801000000 1.0161262061
0.1811000000 1.0163047510
0.1821000000 1.0164842627
0.1831000000 1.0166647510
0.1841000000 1.0168461963
0.1851000000 1.0170285986
0.1861000000 1.0172119775
0.1871000000 1.0173963135
0.1881000000 1.0175816162
0.1891000000 1.0177678857
0.1901000000 1.0179551123
0.1911000000 1.0181433057
0.1921000000 1.0183324561
0.1931000000 1.0185225635
0.1941000000 1.0187136475
0.1951000000 1.0189056787
0.1961000000 1.0190986768
0.1971000000 1.0192926318
0.1981000000 1.0194875537
0.1991000000 1.0196834229
0.2001000000 1.0198802588
0.2011000000 1.0200780518
0.2021000000 1.0202768018
0.2031000000 1.0204765186
0.2041000000 1.0206771826
0.2051000000 1.0208788037
0.2061000000 1.0210813818
0.2071000000 1.0212849170
0.2081000000 1.0214894092
0.2091000000 1.0216948584
0.2101000000 1.0219012549
0.2111000000 1.0221086084
0.2121000000 1.0223169189
0.2131000000 1.0225261865
0.2141000000 1.0227364014
0.2151000000 1.0229475635
0.2161000000 1.0231596826
0.2171000000 1.0233727588
0.2181000000 1.0235867822
0.2191000000 1.0238017529
0.2201000000 1.0240176807
0.2211000000 1.0242345557
0.2221000000 1.0244523779
0.2231000000 1.0246711475
0.2241000000 1.0248908740
0.2251000000 1.0251115381
0.2261000000 1.0253331592
0.2271000000 1.0255557178
0.2281000000 1.0257792334
0.2291000000 1.0260036865
0.2301000000 1.0262290967
0.2311000000 1.0264554443
0.2321000000 1.0266827295
0.2331000000 1.0269109717
0.2341000000 1.0271401514
0.2351000000 1.0273702783
0.2361000000 1.0276013428
0.2371000000 1.0278333545
0.2381000000 1.0280663135
0.2391000000 1.0283002002
0.2401000000 1.0285350342
0.2411000000 1.0287708154
0.2421000000 1.0290075342
0.2431000000 1.0292451904
0.2441000000 1.0294837842
0.2451000000 1.0297233154
0.2461000000 1.0299637842
0.2471000000 1.0302052002
0.2481000000 1.0304475439
0.2491000000 1.0306908252
0.2501000000 1.0309350439
0.2511000000 1.0311802002
0.2521000000 1.0314262939
0.2531000000 1.0316733154
0.2541000000 1.0319212744
0.2551000000 1.0321701709
0.2561000000 1.0324199951
0.2571000000 1.0326707471
0.2581000000 1.0329224463
0.2591000000 1.0331750635
0.2601000000 1.0334286182
0.2611000000 1.0336831006
0.2621000000 1.0339385205
0.2631000000 1.0341948584
0.2641000000 1.0344521338
0.2651000000 1.0347103369
0.2661000000 1.0349694678
0.2671000000 1.0352295166
0.2681000000 1.0354905029
0.2691000000 1.0357524170
0.2701000000 1.0360152490
0.2711000000 1.0362790088
0.2721000000 1.0365436963
0.2731000000 1.0368093018
0.2741000000 1.0370758350
0.2751000000 1.0373432959
0.2761000000 1.0376116748
0.2771000000 1.0378809814
0.2781000000 1.0381511963
0.2791000000 1.0384223486
0.2801000000 1.0386944092
0.2811000000 1.0389673975
0.2821000000 1.0392412939
0.2831000000 1.0395161182
0.2841000000 1.0397918604
0.2851000000 1.0400685205
0.2861000000 1.0403460986
0.2871000000 1.0406245850
0.2881000000 1.0409039893
0.2891000000 1.0411843213
0.2901000000 1.0414655518
0.2911000000 1.0417477100
0.2921000000 1.0420307764
0.2931000000 1.0423147510
0.2941000000 1.0425996436
0.2951000000 1.0428854443
0.2961000000 1.0431721631
0.2971000000 1.0434597900
0.2981000000 1.0437483252
0.2991000000 1.0440377686
