0.3000000000 0.1038537254 1.0442990456
0.3010000000 0.1041976509 1.0445902214
0.3020000000 0.1045415993 1.0448822975
0.3030000000 0.1048855858 1.0451752892
0.3040000000 0.1052296028 1.0454691811
0.3050000000 0.1055736580 1.0457639809
0.3060000000 0.1059177437 1.0460596886
0.3070000000 0.1062618675 1.0463562965
0.3080000000 0.1066060295 1.0466538124
0.3090000000 0.1069502296 1.0469522362
0.3100000000 0.1072944756 1.0472515602
0.3110000000 0.1076387596 1.0475517845
0.3120000000 0.1079830818 1.0478529091
0.3130000000 0.1083274574 1.0481549416
0.3140000000 0.1086718788 1.0484578667
0.3150000000 0.1090163460 1.0487616997
0.3160000000 0.1093608589 1.0490664253
0.3170000000 0.1097054253 1.0493720512
0.3180000000 0.1100500450 1.0496785774
0.3190000000 0.1103947182 1.0499860039
0.3200000000 0.1107394447 1.0502943230
0.3210000000 0.1110842323 1.0506035423
0.3220000000 0.1114290733 1.0509136543
0.3230000000 0.1117739754 1.0512246666
0.3240000000 0.1121189384 1.0515365715
0.3250000000 0.1124639702 1.0518493690
0.3260000000 0.1128090630 1.0521630592
0.3270000000 0.1131542244 1.0524776421
0.3280000000 0.1134994545 1.0527931175
0.3290000000 0.1138447533 1.0531094856
0.3300000000 0.1141901283 1.0534267464
0.3310000000 0.1145355721 1.0537448921
0.3320000000 0.1148810997 1.0540639305
0.3330000000 0.1152266960 1.0543838615
0.3340000000 0.1155723763 1.0547046700
0.3350000000 0.1159181404 1.0550263786
0.3360000000 0.1162639885 1.0553489647
0.3370000000 0.1166099281 1.0556724434
0.3380000000 0.1169559441 1.0559968071
0.3390000000 0.1173020592 1.0563220558
0.3400000000 0.1176482658 1.0566481895
0.3410000000 0.1179945717 1.0569752007
0.3420000000 0.1183409691 1.0573031044
0.3430000000 0.1186874657 1.0576318855
0.3440000000 0.1190340691 1.0579615517
0.3450000000 0.1193807793 1.0582920952
0.3460000000 0.1197275887 1.0586235161
0.3470000000 0.1200745125 1.0589558220
0.3480000000 0.1204215508 1.0592890129
0.3490000000 0.1207687035 1.0596230736
0.3500000000 0.1211159706 1.0599580193
0.3510000000 0.1214633598 1.0602938347
0.3520000000 0.1218108788 1.0606305275
0.3530000000 0.1221585197 1.0609681053
0.3540000000 0.1225062828 1.0613065529
0.3550000000 0.1228541908 1.0616458702
0.3560000000 0.1232022285 1.0619860649
0.3570000000 0.1235504036 1.0623271370
0.3580000000 0.1238987312 1.0626690788
0.3590000000 0.1242471962 1.0630118904
0.3600000000 0.1245958138 1.0633555794
0.3610000000 0.1249445763 1.0637001305
0.3620000000 0.1252935066 1.0640455589
0.3630000000 0.1256425896 1.0643918571
0.3640000000 0.1259918404 1.0647390175
0.3650000000 0.1263412590 1.0650870476
0.3660000000 0.1266908531 1.0654359474
0.3670000000 0.1270406227 1.0657857170
0.3680000000 0.1273905754 1.0661363487
0.3690000000 0.1277407112 1.0664878426
0.3700000000 0.1280910378 1.0668402061
0.3710000000 0.1284415627 1.0671934319
0.3720000000 0.1287922859 1.0675475197
0.3730000000 0.1291432152 1.0679024696
0.3740000000 0.1294943581 1.0682582817
0.3750000000 0.1298457146 1.0686149559
0.3760000000 0.1301973000 1.0689724922
0.3770000000 0.1305491066 1.0693308830
0.3780000000 0.1309011574 1.0696901360
0.3790000000 0.1312534447 1.0700502510
0.3800000000 0.1316059837 1.0704112206
0.3810000000 0.1319587822 1.0707730446
0.3820000000 0.1323118401 1.0711357307
0.3830000000 0.1326651726 1.0714992638
0.3840000000 0.1330187874 1.0718636589
0.3850000000 0.1333726921 1.0722289009
0.3860000000 0.1337268944 1.0725950050
0.3870000000 0.1340814095 1.0729619560
0.3880000000 0.1344362450 1.0733297615
0.3890000000 0.1347914162 1.0736984215
0.3900000000 0.1351469307 1.0740679283
0.3910000000 0.1355028038 1.0744382820
0.3920000000 0.1358590508 1.0748094902
0.3930000000 0.1362156868 1.0751815376
0.3940000000 0.1365727348 1.0755544395
0.3950000000 0.1369302101 1.0759281960
0.3960000000 0.1372881355 1.0763027840
0.3970000000 0.1376465340 1.0766782265
0.3980000000 0.1380054283 1.0770545158
0.3990000000 0.1383648643 1.0774316444
0.4000000000 0.1387248726 1.0778096199
0.4010000000 0.1390855064 1.0781884346
0.4020000000 0.1394468117 1.0785680885
0.4030000000 0.1398088646 1.0789485893
0.4040000000 0.1401717567 1.0793299294
0.4050000000 0.1405356407 1.0797121086
0.4060000000 0.1409007378 1.0800951271
0.4070000000 0.1412675285 1.0804789848
0.4080000000 0.1416373253 1.0808636818
0.4090000000 0.1420048943 1.0812492104
0.4100000000 0.1423705940 1.0816355782
0.4110000000 0.1427350578 1.0820227852
0.4120000000 0.1430985756 1.0824108238
0.4130000000 0.1434612846 1.0827996941
0.4140000000 0.1438233070 1.0831893959
0.4150000000 0.1441847191 1.0835799370
0.4160000000 0.1445455894 1.0839713020
0.4170000000 0.1449059639 1.0843635063
0.4180000000 0.1452658882 1.0847565346
0.4190000000 0.1456253929 1.0851503944
0.4200000000 0.1459845238 1.0855450859
0.4210000000 0.1463432961 1.0859406013
0.4220000000 0.1467017479 1.0863369408
0.4230000000 0.1470598946 1.0867341118
0.4240000000 0.1474177589 1.0871321144
0.4250000000 0.1477753563 1.0875309334
0.4260000000 0.1481327171 1.0879305763
0.4270000000 0.1484898415 1.0883310509
0.4280000000 0.1488467445 1.0887323418
0.4290000000 0.1492034569 1.0891344566
0.4300000000 0.1495599709 1.0895373878
0.4310000000 0.1499163170 1.0899411430
0.4320000000 0.1502724953 1.0903457222
0.4330000000 0.1506285133 1.0907511177
0.4340000000 0.1509843864 1.0911573296
0.4350000000 0.1513401222 1.0915643578
0.4360000000 0.1516957283 1.0919722023
0.4370000000 0.1520512123 1.0923808708
0.4380000000 0.1524065895 1.0927903481
0.4390000000 0.1527618523 1.0932006416
0.4400000000 0.1531170235 1.0936117439
0.4410000000 0.1534720955 1.0940236702
0.4420000000 0.1538270836 1.0944363976
0.4430000000 0.1541819878 1.0948499413
0.4440000000 0.1545368156 1.0952642937
0.4450000000 0.1548915749 1.0956794624
0.4460000000 0.1552462654 1.0960954323
0.4470000000 0.1556008949 1.0965122108
0.4480000000 0.1559554634 1.0969297981
0.4490000000 0.1563099861 1.0973481941
0.4500000000 0.1566644554 1.0977673988
0.4510000000 0.1570188789 1.0981874046
0.4520000000 0.1573732643 1.0986082191
0.4530000000 0.1577276039 1.0990298347
0.4540000000 0.1580819130 1.0994522514
0.4550000000 0.1584361916 1.0998754692
0.4560000000 0.1587904396 1.1002994957
0.4570000000 0.1591446571 1.1007243156
0.4580000000 0.1594988594 1.1011499367
0.4590000000 0.1598530312 1.1015763588
0.4600000000 0.1602071953 1.1020035744
0.4610000000 0.1605613365 1.1024315910
0.4620000000 0.1609154701 1.1028604088
0.4630000000 0.1612695885 1.1032900200
0.4640000000 0.1616236992 1.1037204247
0.4650000000 0.1619778099 1.1041516228
0.4660000000 0.1623319130 1.1045836143
0.4670000000 0.1626860085 1.1050163994
0.4680000000 0.1630401115 1.1054499779
0.4690000000 0.1633942070 1.1058843422
0.4700000000 0.1637483101 1.1063195076
0.4710000000 0.1641024208 1.1067554512
0.4720000000 0.1644565392 1.1071921883
0.4730000000 0.1648106575 1.1076297188
0.4740000000 0.1651647987 1.1080680275
0.4750000000 0.1655189400 1.1085071297
0.4760000000 0.1658731041 1.1089470177
0.4770000000 0.1662272758 1.1093876839
0.4780000000 0.1665814629 1.1098291359
0.4790000000 0.1669356728 1.1102713737
0.4800000000 0.1672898979 1.1107143974
0.4810000000 0.1676441460 1.1111581993
0.4820000000 0.1679984169 1.1116027794
0.4830000000 0.1683527107 1.1120481453
0.4840000000 0.1687070274 1.1124942894
0.4850000000 0.1690613670 1.1129412041
0.4860000000 0.1694157372 1.1133889046
0.4870000000 0.1697701302 1.1138373833
0.4880000000 0.1701245537 1.1142866325
0.4890000000 0.1704790077 1.1147366600
0.4900000000 0.1708334923 1.1151874580
0.4910000000 0.1711880150 1.1156390343
0.4920000000 0.1715425682 1.1160913887
0.4930000000 0.1718971519 1.1165445061
0.4940000000 0.1722517738 1.1169983940
0.4950000000 0.1726064339 1.1174530602
0.4960000000 0.1729611244 1.1179084892
0.4970000000 0.1733158607 1.1183646965
0.4980000000 0.1736706352 1.1188216591
0.4990000000 0.1740254478 1.1192793999
0.5000000000 0.1743803062 1.1197379036
0.5010000000 0.1747352028 1.1201971703
0.5020000000 0.1750901451 1.1206572075
0.5030000000 0.1754451256 1.1211180000
0.5040000000 0.1758001595 1.1215795631
0.5050000000 0.1761552391 1.1220418892
0.5060000000 0.1765103569 1.1225049706
0.5070000000 0.1768655281 1.1229688148
0.5080000000 0.1772207527 1.1234334221
0.5090000000 0.1775760231 1.1238987846
0.5100000000 0.1779313393 1.1243649101
0.5110000000 0.1782867088 1.1248317909
0.5120000000 0.1786421318 1.1252994347
0.5130000000 0.1789976082 1.1257678261
0.5140000000 0.1793531380 1.1262369728
0.5150000000 0.1797087288 1.1267068748
0.5160000000 0.1800643654 1.1271775322
0.5170000000 0.1804200630 1.1276489449
0.5180000000 0.1807758141 1.1281211052
0.5190000000 0.1811316261 1.1285940208
0.5200000000 0.1814874992 1.1290676842
0.5210000000 0.1818434258 1.1295420952
0.5220000000 0.1821994133 1.1300172539
0.5230000000 0.1825554695 1.1304931679
0.5240000000 0.1829115791 1.1309698219
0.5250000000 0.1832677574 1.1314472237
0.5260000000 0.1836239967 1.1319253731
0.5270000000 0.1839802971 1.1324042625
0.5280000000 0.1843366661 1.1328838997
0.5290000000 0.1846930962 1.1333642769
0.5300000000 0.1850496025 1.1338453941
0.5310000000 0.1854061699 1.1343272591
0.5320000000 0.1857628059 1.1348098640
0.5330000000 0.1861195107 1.1352932014
0.5340000000 0.1864762840 1.1357772865
0.5350000000 0.1868331261 1.1362621040
0.5360000000 0.1871900444 1.1367476616
0.5370000000 0.1875470314 1.1372339516
0.5380000000 0.1879040947 1.1377209816
0.5390000000 0.1882612267 1.1382087440
0.5400000000 0.1886184349 1.1386972389
0.5410000000 0.1889757195 1.1391864662
0.5420000000 0.1893330803 1.1396764259
0.5430000000 0.1896905174 1.1401671181
0.5440000000 0.1900480309 1.1406585426
0.5450000000 0.1904056206 1.1411506996
0.5460000000 0.1907632942 1.1416435814
0.5470000000 0.1911210442 1.1421371880
0.5480000000 0.1914788780 1.1426315269
0.5490000000 0.1918367882 1.1431265907
0.5500000000 0.1921947823 1.1436223793
0.5510000000 0.1925528603 1.1441188927
0.5520000000 0.1929110222 1.1446161308
0.5530000000 0.1932692680 1.1451140938
0.5540000000 0.1936275978 1.1456127739
0.5550000000 0.1939860191 1.1461121788
0.5560000000 0.1943445168 1.1466123009
0.5570000000 0.1947031136 1.1471131477
0.5580000000 0.1950617943 1.1476147118
0.5590000000 0.1954205589 1.1481169930
0.5600000000 0.1957794228 1.1486199913
0.5610000000 0.1961383705 1.1491237068
0.5620000000 0.1964974098 1.1496281395
0.5630000000 0.1968565483 1.1501332893
0.5640000000 0.1972157707 1.1506391487
0.5650000000 0.1975750923 1.1511457176
0.5660000000 0.1979345131 1.1516530037
0.5670000000 0.1982940254 1.1521609993
0.5680000000 0.1986536293 1.1526697121
0.5690000000 0.1990133324 1.1531791267
0.5700000000 0.1993731422 1.1536892509
0.5710000000 0.1997330437 1.1542000847
0.5720000000 0.2000930443 1.1547116280
0.5730000000 0.2004531517 1.1552238808
0.5740000000 0.2008133507 1.1557368279
0.5750000000 0.2011736641 1.1562504921
0.5760000000 0.2015340691 1.1567648506
0.5770000000 0.2018945885 1.1572799187
0.5780000000 0.2022552071 1.1577956886
0.5790000000 0.2026159325 1.1583121529
0.5800000000 0.2029767647 1.1588293266
0.5810000000 0.2033377037 1.1593471947
0.5820000000 0.2036987495 1.1598657646
0.5830000000 0.2040599098 1.1603850288
0.5840000000 0.2044211769 1.1609049950
0.5850000000 0.2047825508 1.1614256554
0.5860000000 0.2051440392 1.1619470100
0.5870000000 0.2055056419 1.1624690666
0.5880000000 0.2058673592 1.1629918098
0.5890000000 0.2062291908 1.1635152473
0.5900000000 0.2065911446 1.1640393791
0.5910000000 0.2069532051 1.1645641975
0.5920000000 0.2073153877 1.1650897102
0.5930000000 0.2076776848 1.1656159096
0.5940000000 0.2080401039 1.1661428032
0.5950000000 0.2084026451 1.1666703835
0.5960000000 0.2087653008 1.1671986504
0.5970000000 0.2091280861 1.1677276039
0.5980000000 0.2094909935 1.1682572365
0.5990000000 0.2098540230 1.1687875633
0.6000000000 0.2102171745 1.1693185692
0.6010000000 0.2105804558 1.1698502617
0.6020000000 0.2109438591 1.1703826332
0.6030000000 0.2113073997 1.1709156837
0.6040000000 0.2116710625 1.1714494209
0.6050000000 0.2120348549 1.1719838371
0.6060000000 0.2123987846 1.1725189247
0.6070000000 0.2127628365 1.1730546989
0.6080000000 0.2131270256 1.1735911446
0.6090000000 0.2134913521 1.1741282692
0.6100000000 0.2138558083 1.1746660728
0.6110000000 0.2142204094 1.1752045479
0.6120000000 0.2145851402 1.1757436943
0.6130000000 0.2149500084 1.1762835197
0.6140000000 0.2153150215 1.1768240089
0.6150000000 0.2156801720 1.1773651772
0.6160000000 0.2160454597 1.1779070168
0.6170000000 0.2164108925 1.1784495201
0.6180000000 0.2167764702 1.1789926949
0.6190000000 0.2171421928 1.1795365334
0.6200000000 0.2175080605 1.1800810432
0.6210000000 0.2178740807 1.1806262245
0.6220000000 0.2182402382 1.1811720619
0.6230000000 0.2186065483 1.1817185707
0.6240000000 0.2189730110 1.1822657433
0.6250000000 0.2193396263 1.1828135719
0.6260000000 0.2197063942 1.1833620720
0.6270000000 0.2200733147 1.1839112282
0.6280000000 0.2204403877 1.1844610405
0.6290000000 0.2208076134 1.1850115242
0.6300000000 0.2211750069 1.1855626564
0.6310000000 0.2215425529 1.1861144524
0.6320000000 0.2219102592 1.1866669044
0.6330000000 0.2222781258 1.1872200127
0.6340000000 0.2226461525 1.1877737694
0.6350000000 0.2230143471 1.1883281898
0.6360000000 0.2233827019 1.1888832588
0.6370000000 0.2237512245 1.1894389839
0.6380000000 0.2241199150 1.1899953651
0.6390000000 0.2244887733 1.1905523872
0.6400000000 0.2248577995 1.1911100655
0.6410000000 0.2252269936 1.1916683998
0.6420000000 0.2255963631 1.1922273750
0.6430000000 0.2259659081 1.1927869987
0.6440000000 0.2263356285 1.1933472710
0.6450000000 0.2267055244 1.1939081917
0.6460000000 0.2270755959 1.1944697533
