0.6470000000 0.2274458504 0.2374823570 1.1950319633
0.6480000000 0.2278162804 0.2378939476 1.1955948143
0.6490000000 0.2281868935 0.2383049583 1.1961583138
0.6500000000 0.2285576897 0.2387155571 1.1967224464
0.6510000000 0.2289286766 0.2391258049 1.1972872276
0.6520000000 0.2292998390 0.2395357780 1.1978526497
0.6530000000 0.2296711922 0.2399454994 1.1984187050
0.6540000000 0.2300427361 0.2403549919 1.1989854088
0.6550000000 0.2304144707 0.2407642937 1.1995527382
0.6560000000 0.2307863960 0.2411734123 1.2001207161
0.6570000000 0.2311585121 0.2415823555 1.2006893272
0.6580000000 0.2315308266 0.2419911385 1.2012585716
0.6590000000 0.2319033394 0.2423997765 1.2018284492
0.6600000000 0.2322760429 0.2428082695 1.2023989677
0.6610000000 0.2326489525 0.2432166252 1.2029701118
0.6620000000 0.2330220604 0.2436248512 1.2035418892
0.6630000000 0.2333953667 0.2440329475 1.2041142998
0.6640000000 0.2337688789 0.2444409218 1.2046873436
0.6650000000 0.2341425972 0.2448487816 1.2052610130
0.6660000000 0.2345165215 0.2452565193 1.2058353157
0.6670000000 0.2348906593 0.2456641502 1.2064102440
0.6680000000 0.2352650032 0.2460716667 1.2069857979
0.6690000000 0.2356395607 0.2464790688 1.2075619774
0.6700000000 0.2360143318 0.2468863716 1.2081387901
0.6710000000 0.2363893242 0.2472935600 1.2087162209
0.6720000000 0.2367645226 0.2477006416 1.2092942772
0.6730000000 0.2371399498 0.2481076241 1.2098729591
0.6740000000 0.2375155907 0.2485144997 1.2104522591
0.6750000000 0.2378914528 0.2489212685 1.2110321770
0.6760000000 0.2382675438 0.2493279305 1.2116127205
0.6770000000 0.2386438637 0.2497344933 1.2121938896
0.6780000000 0.2390204048 0.2501409492 1.2127756691
0.6790000000 0.2393971825 0.2505473061 1.2133580742
0.6800000000 0.2397741814 0.2509535561 1.2139410896
0.6810000000 0.2401514244 0.2513596992 1.2145247231
0.6820000000 0.2405288963 0.2517657433 1.2151089745
0.6830000000 0.2409066048 0.2521716805 1.2156938438
0.6840000000 0.2412845573 0.2525775108 1.2162793236
0.6850000000 0.2416627464 0.2529832344 1.2168654137
0.6860000000 0.2420411797 0.2533888435 1.2174521217
0.6870000000 0.2424198647 0.2537943535 1.2180394325
0.6880000000 0.2427987862 0.2541997490 1.2186273613
0.6890000000 0.2431779594 0.2546050377 1.2192159004
0.6900000000 0.2435573921 0.2550102119 1.2198050499
0.6910000000 0.2439370689 0.2554152794 1.2203948021
0.6920000000 0.2443170052 0.2558202248 1.2209851646
0.6930000000 0.2446972008 0.2562250633 1.2215761375
0.6940000000 0.2450776482 0.2566297798 1.2221677132
0.6950000000 0.2454583626 0.2570343819 1.2227598915
0.6960000000 0.2458393440 0.2574388695 1.2233526726
0.6970000000 0.2462205849 0.2578432274 1.2239460640
0.6980000000 0.2466021004 0.2582474709 1.2245400505
0.6990000000 0.2469838829 0.2586515846 1.2251346474
0.7000000000 0.2473659401 0.2590555763 1.2257298393
0.7010000000 0.2477482719 0.2594594460 1.2263256340
0.7020000000 0.2481308861 0.2598631783 1.2269220238
0.7030000000 0.2485137749 0.2602667885 1.2275190163
0.7040000000 0.2488969536 0.2606702614 1.2281166039
0.7050000000 0.2492804146 0.2610736046 1.2287147942
0.7060000000 0.2496641579 0.2614768105 1.2293135719
0.7070000000 0.2500481987 0.2618798790 1.2299129524
0.7080000000 0.2504325294 0.2622828026 1.2305129280
0.7090000000 0.2508171577 0.2626855888 1.2311134911
0.7100000000 0.2512020760 0.2630882301 1.2317146492
0.7110000000 0.2515873070 0.2634907265 1.2323164024
0.7120000000 0.2519728355 0.2638930702 1.2329187431
0.7130000000 0.2523586693 0.2642952690 1.2335216713
0.7140000000 0.2527448158 0.2646973152 1.2341251945
0.7150000000 0.2531312675 0.2650992012 1.2347293053
0.7160000000 0.2535180397 0.2655009346 1.2353340034
0.7170000000 0.2539051323 0.2659025078 1.2359392891
0.7180000000 0.2542925377 0.2663039131 1.2365451622
0.7190000000 0.2546802711 0.2667051582 1.2371516228
0.7200000000 0.2550683327 0.2671062355 1.2377586632
0.7210000000 0.2554567223 0.2675071373 1.2383662910
0.7220000000 0.2558454475 0.2679078712 1.2389744987
0.7230000000 0.2562345009 0.2683084221 1.2395832939
0.7240000000 0.2566239052 0.2687088051 1.2401926613
0.7250000000 0.2570136452 0.2691089973 1.2408026161
0.7260000000 0.2574037285 0.2695090065 1.2414131508
0.7270000000 0.2577941628 0.2699088326 1.2420242653
0.7280000000 0.2581849556 0.2703084679 1.2426359596
0.7290000000 0.2585760994 0.2707079048 1.2432482262
0.7300000000 0.2589676018 0.2711071510 1.2438610725
0.7310000000 0.2593594704 0.2715061913 1.2444744987
0.7320000000 0.2597517052 0.2719050331 1.2450884895
0.7330000000 0.2601443062 0.2723036613 1.2457030602
0.7340000000 0.2605372887 0.2727020836 1.2463182106
0.7350000000 0.2609306450 0.2731002922 1.2469339256
0.7360000000 0.2613243904 0.2734982796 1.2475502129
0.7370000000 0.2617185173 0.2738960533 1.2481670723
0.7380000000 0.2621130333 0.2742935982 1.2487845039
0.7390000000 0.2625079384 0.2746909142 1.2494025078
0.7400000000 0.2629032478 0.2750880013 1.2500210762
0.7410000000 0.2632989616 0.2754848442 1.2506402168
0.7420000000 0.2636950798 0.2758814583 1.2512599144
0.7430000000 0.2640916100 0.2762778206 1.2518801918
0.7440000000 0.2644885597 0.2766739311 1.2525010262
0.7450000000 0.2648859291 0.2770697975 1.2531224251
0.7460000000 0.2652837181 0.2774653969 1.2537443886
0.7470000000 0.2656819420 0.2778607445 1.2543669167
0.7480000000 0.2660806007 0.2782558174 1.2549900093
0.7490000000 0.2664797020 0.2786506233 1.2556136589
0.7500000000 0.2668792381 0.2790451546 1.2562378731
0.7510000000 0.2672792320 0.2794394035 1.2568626442
0.7520000000 0.2676796837 0.2798333626 1.2574879799
0.7530000000 0.2680805931 0.2802270393 1.2581138649
0.7540000000 0.2684819679 0.2806204109 1.2587403145
0.7550000000 0.2688838158 0.2810134850 1.2593673210
0.7560000000 0.2692861366 0.2814062538 1.2599948845
0.7570000000 0.2696889458 0.2817987099 1.2606229973
0.7580000000 0.2700922432 0.2821908455 1.2612516670
0.7590000000 0.2704960365 0.2825826607 1.2618808937
0.7600000000 0.2709003258 0.2829741478 1.2625106697
0.7610000000 0.2713051338 0.2833652916 1.2631410027
0.7620000000 0.2717104454 0.2837560997 1.2637718849
0.7630000000 0.2721162834 0.2841465569 1.2644033089
0.7640000000 0.2725226555 0.2845366554 1.2650352974
0.7650000000 0.2729295540 0.2849263954 1.2656678276
0.7660000000 0.2733370018 0.2853157692 1.2663008995
0.7670000000 0.2737449913 0.2857047615 1.2669345284
0.7680000000 0.2741535454 0.2860933723 1.2675686989
0.7690000000 0.2745626564 0.2864815941 1.2682034187
0.7700000000 0.2749723473 0.2868694115 1.2688386803
0.7710000000 0.2753826180 0.2872568245 1.2694744911
0.7720000000 0.2757934761 0.2876438255 1.2701108437
0.7730000000 0.2762049370 0.2880303993 1.2707477379
0.7740000000 0.2766170006 0.2884165459 1.2713851738
0.7750000000 0.2770296822 0.2888022499 1.2720231514
0.7760000000 0.2774429893 0.2891875038 1.2726616631
0.7770000000 0.2778569298 0.2895723000 1.2733007240
0.7780000000 0.2782715187 0.2899566307 1.2739403191
0.7790000000 0.2786867638 0.2903404732 1.2745804558
0.7800000000 0.2791026649 0.2907238350 1.2752211266
0.7810000000 0.2795192528 0.2911066933 1.2758623314
0.7820000000 0.2799365273 0.2914890404 1.2765040779
0.7830000000 0.2803544960 0.2918708687 1.2771463585
0.7840000000 0.2807731743 0.2922521629 1.2777891731
0.7850000000 0.2811925850 0.2926329079 1.2784325142
0.7860000000 0.2816127205 0.2930131035 1.2790763969
0.7870000000 0.2820336113 0.2933927193 1.2797208061
0.7880000000 0.2824552650 0.2937717552 1.2803657494
0.7890000000 0.2828776970 0.2941501884 1.2810112267
0.7900000000 0.2833009224 0.2945280113 1.2816572227
0.7910000000 0.2837249489 0.2949052086 1.2823037605
0.7920000000 0.2841497993 0.2952817650 1.2829508171
0.7930000000 0.2845754890 0.2956576576 1.2835984001
0.7940000000 0.2850020332 0.2960328789 1.2842465172
0.7950000000 0.2854294548 0.2964074059 1.2848951530
0.7960000000 0.2858577614 0.2967812233 1.2855443230
0.7970000000 0.2862869835 0.2971543083 1.2861940117
0.7980000000 0.2867171288 0.2975266457 1.2868442192
0.7990000000 0.2871482277 0.2978982124 1.2874949608
0.8000000000 0.2875803032 0.2982689857 1.2881462135
0.8010000000 0.2880133705 0.2986389503 1.2887979927
0.8020000000 0.2884474602 0.2990080757 1.2894502907
0.8030000000 0.2888825874 0.2993763390 1.2901031075
0.8040000000 0.2893187904 0.2997437096 1.2907564507
0.8050000000 0.2897560844 0.3001101723 1.2914103050
0.8060000000 0.2901945000 0.3004756966 1.2920646782
0.8070000000 0.2906340752 0.3008402443 1.2927195625
0.8080000000 0.2910748405 0.3012037849 1.2933749733
0.8090000000 0.2915168190 0.3015662956 1.2940308952
0.8100000000 0.2919600563 0.3019277306 1.2946873283
0.8110000000 0.2924045906 0.3022880516 1.2953442802
0.8120000000 0.2928504524 0.3026472359 1.2960017433
0.8130000000 0.2932976875 0.3030052223 1.2966597176
0.8140000000 0.2937463417 0.3033619804 1.2973182030
0.8150000000 0.2941964531 0.3037174492 1.2979771996
0.8160000000 0.2946480904 0.3040715981 1.2986366997
0.8170000000 0.2951012917 0.3044243584 1.2992967186
0.8180000000 0.2955561180 0.3047756767 1.2999572411
0.8190000000 0.2960126381 0.3051254921 1.3006182747
0.8200000000 0.2964709129 0.3054737358 1.3012798119
0.8210000000 0.2969310112 0.3058203392 1.3019418602
0.8220000000 0.2973930092 0.3061652336 1.3026044121
0.8230000000 0.2978569984 0.3065083199 1.3032674675
0.8240000000 0.2983230629 0.3068495140 1.3039310265
0.8250000000 0.2987913094 0.3071887169 1.3045950890
0.8260000000 0.2992618370 0.3075258293 1.3052596550
0.8270000000 0.2997347679 0.3078607216 1.3059247169
0.8280000000 0.3002102394 0.3081932640 1.3065902824
0.8290000000 0.3006883812 0.3085233116 1.3072563515
0.8300000000 0.3011693764 0.3088507042 1.3079229240
0.8310000000 0.3016533928 0.3091752663 1.3085899849
0.8320000000 0.3021406288 0.3094967842 1.3092575493
0.8330000000 0.3026313210 0.3098150444 1.3099256172
0.8340000000 0.3031257362 0.3101297722 1.3105941734
0.8350000000 0.3036241570 0.3104406700 1.3112632256
0.8360000000 0.3041269493 0.3107473946 1.3119327736
0.8370000000 0.3046345177 0.3110495338 1.3126028175
0.8380000000 0.3051473274 0.3113466148 1.3132733574
0.8390000000 0.3056659660 0.3116380653 1.3139443855
0.8400000000 0.3061911201 0.3119231758 1.3146159096
0.8410000000 0.3067236671 0.3122010994 1.3152879295
0.8420000000 0.3072646904 0.3124707298 1.3159604301
0.8430000000 0.3078155861 0.3127306786 1.3166334267
0.8440000000 0.3083782463 0.3129790535 1.3173069115
0.8450000000 0.3089552650 0.3132132607 1.3179808846
0.8460000000 0.3095504494 0.3134295006 1.3186553459
0.8470000000 0.3101697655 0.3136217918 1.3193302879
0.8480000000 0.3108236275 0.3137797203 1.3200057259
0.8490000000 0.3115337181 0.3138816261 1.3206816444
0.8500000000 0.3123656654 0.3138618584 1.3213580513
