0.0251000000 0.0087598682
0.0261000000 0.0091088037
0.0341000000 0.0118999756
0.0351000000 0.0122488330
0.0361000000 0.0125976807
0.0371000000 0.0129465088
0.0381000000 0.0132953369
0.0431000000 0.0150392822
0.0441000000 0.0153880420
0.0451000000 0.0157367822
0.0461000000 0.0160855127
0.0471000000 0.0164342236
0.0481000000 0.0167829248
0.0491000000 0.0171316162
0.0501000000 0.0174802881
0.0511000000 0.0178289502
0.0521000000 0.0181775928
0.0531000000 0.0185262256
0.0541000000 0.0188748389
0.0551000000 0.0192234424
0.0561000000 0.0195720264
0.0571000000 0.0199205908
0.0581000000 0.0202691455
0.0591000000 0.0206176807
0.0601000000 0.0209662061
0.0611000000 0.0213147119
0.0621000000 0.0216631982
0.0631000000 0.0220116650
0.0641000000 0.0223601123
0.0651000000 0.0227085498
0.0661000000 0.0230569580
0.0671000000 0.0234053564
0.0681000000 0.0237537354
0.0691000000 0.0241020947
0.0701000000 0.0244504346
0.0711000000 0.0247987549
0.0721000000 0.0251470557
0.0731000000 0.0254953369
0.0741000000 0.0258435986
0.0751000000 0.0261918408
0.0761000000 0.0265400635
0.0771000000 0.0268882666
0.0781000000 0.0272364404
0.0791000000 0.0275845947
0.0801000000 0.0279327393
0.0811000000 0.0282808447
0.0821000000 0.0286289404
0.0831000000 0.0289770166
0.0841000000 0.0293250635
0.0851000000 0.0296730908
0.0861000000 0.0300210889
0.0871000000 0.0303690674
0.0881000000 0.0307170264
0.0891000000 0.0310649561
0.0901000000 0.0314128662
0.0911000000 0.0317607568
0.0921000000 0.0321086182
0.0931000000 0.0324564600
0.0941000000 0.0328042725
0.0951000000 0.0331520557
0.0961000000 0.0334998193
0.0971000000 0.0338475635
0.0981000000 0.0341952783
0.0991000000 0.0345429639
0.1001000000 0.0348906299
0.1011000000 0.0352382666
0.1021000000 0.0355858740
0.1031000000 0.0359334619
0.1041000000 0.0362810205
0.1051000000 0.0366285498
0.1061000000 0.0369760596
0.1071000000 0.0373235400
0.1081000000 0.0376709912
0.1091000000 0.0380184131
0.1101000000 0.0383658057
0.1111000000 0.0387131787
0.1121000000 0.0390605225
0.1131000000 0.0394078369
0.1141000000 0.0397551221
0.1151000000 0.0401023779
0.1161000000 0.0404496143
0.1171000000 0.0407968115
0.1181000000 0.0411439893
0.1191000000 0.0414911279
0.1201000000 0.0418382471
0.1211000000 0.0421853369
0.1221000000 0.0425323877
0.1231000000 0.0428794189
0.1241000000 0.0432264209
0.1251000000 0.0435733936
0.1261000000 0.0439203271
0.1271000000 0.0442672412
0.1281000000 0.0446141162
0.1291000000 0.0449609717
0.1301000000 0.0453077881
0.1311000000 0.0456545850
0.1321000000 0.0460013428
0.1331000000 0.0463480713
0.1341000000 0.0466947705
0.1351000000 0.0470414404
0.1361000000 0.0473880811
0.1371000000 0.0477346826
0.1381000000 0.0480812646
0.1391000000 0.0484278076
0.1401000000 0.0487743213
0.1411000000 0.0491208057
0.1421000000 0.0494672607
0.1431000000 0.0498136768
0.1441000000 0.0501600635
0.1451000000 0.0505064307
0.1461000000 0.0508527490
0.1471000000 0.0511990479
0.1481000000 0.0515453174
0.1491000000 0.0518915479
0.1501000000 0.0522377490
0.1511000000 0.0525839111
0.1521000000 0.0529300537
0.1531000000 0.0532761572
0.1541000000 0.0536222314
0.1551000000 0.0539682764
0.1561000000 0.0543142822
0.1571000000 0.0546602686
0.1581000000 0.0550062158
0.1591000000 0.0553521240
0.1601000000 0.0556980127
0.1611000000 0.0560438623
0.1621000000 0.0563896826
0.1631000000 0.0567354736
0.1641000000 0.0570812256
0.1651000000 0.0574269482
0.1661000000 0.0577726416
0.1671000000 0.0581183057
0.1681000000 0.0584639307
0.1691000000 0.0588095264
0.1701000000 0.0591550928
0.1711000000 0.0595006299
0.1721000000 0.0598461279
0.1731000000 0.0601915967
0.1741000000 0.0605370361
0.1751000000 0.0608824463
0.1761000000 0.0612278174
0.1771000000 0.0615731689
0.1781000000 0.0619184814
0.1791000000 0.0622637646
0.1801000000 0.0626090088
0.1811000000 0.0629542334
0.1821000000 0.0632994189
0.1831000000 0.0636445752
0.1841000000 0.0639897021
0.1851000000 0.0643347998
0.1861000000 0.0646798682
0.1871000000 0.0650248975
0.1881000000 0.0653699072
0.1891000000 0.0657148779
0.1901000000 0.0660598291
0.1911000000 0.0664047412
0.1921000000 0.0667496240
0.1931000000 0.0670944775
0.1941000000 0.0674393018
0.1951000000 0.0677840967
0.1961000000 0.0681288721
0.1971000000 0.0684736084
0.1981000000 0.0688183154
0.1991000000 0.0691629932
0.2001000000 0.0695076416
0.2011000000 0.0698522705
0.2021000000 0.0701968604
0.2031000000 0.0705414307
0.2041000000 0.0708859717
0.2051000000 0.0712304736
0.2061000000 0.0715749658
0.2071000000 0.0719194189
0.2081000000 0.0722638525
0.2091000000 0.0726082471
0.2101000000 0.0729526221
0.2111000000 0.0732969775
0.2121000000 0.0736413037
0.2131000000 0.0739856006
0.2141000000 0.0743298682
0.2151000000 0.0746741162
0.2161000000 0.0750183350
0.2171000000 0.0753625342
0.2181000000 0.0757067139
0.2191000000 0.0760508545
0.2201000000 0.0763949854
0.2211000000 0.0767390869
0.2221000000 0.0770831592
0.2231000000 0.0774272217
0.2241000000 0.0777712549
0.2251000000 0.0781152588
0.2261000000 0.0784592529
0.2271000000 0.0788032178
0.2281000000 0.0791471631
0.2291000000 0.0794910889
0.2301000000 0.0798349951
0.2311000000 0.0801788721
0.2321000000 0.0805227393
0.2331000000 0.0808665869
0.2341000000 0.0812104053
0.2351000000 0.0815542139
0.2361000000 0.0818980029
0.2371000000 0.0822417725
0.2381000000 0.0825855322
0.2391000000 0.0829292725
0.2401000000 0.0832729932
0.2411000000 0.0836166943
0.2421000000 0.0839603857
0.2431000000 0.0843040576
0.2441000000 0.0846477100
0.2451000000 0.0849913623
0.2461000000 0.0853349951
0.2471000000 0.0856786084
0.2481000000 0.0860222119
0.2491000000 0.0863658057
0.2501000000 0.0867093896
0.2511000000 0.0870529639
0.2521000000 0.0873965186
0.2531000000 0.0877400732
0.2541000000 0.0880836084
0.2551000000 0.0884271436
0.2561000000 0.0887706689
0.2571000000 0.0891141748
0.2581000000 0.0894576904
0.2591000000 0.0898011865
0.2601000000 0.0901446826
0.2611000000 0.0904881787
0.2621000000 0.0908316650
0.2631000000 0.0911751416
0.2641000000 0.0915186279
0.2651000000 0.0918620947
0.2661000000 0.0922055713
0.2671000000 0.0925490479
0.2681000000 0.0928925146
0.2691000000 0.0932359912
0.2701000000 0.0935794678
0.2711000000 0.0939229346
0.2721000000 0.0942664111
0.2731000000 0.0946098975
0.2741000000 0.0949533838
0.2751000000 0.0952968701
0.2761000000 0.0956403662
0.2771000000 0.0959838623
0.2781000000 0.0963273682
0.2791000000 0.0966708838
0.2801000000 0.0970144092
0.2811000000 0.0973579443
0.2821000000 0.0977014795
0.2831000000 0.0980450342
0.2841000000 0.0983886084
0.2851000000 0.0987321826
0.2861000000 0.0990757764
0.2871000000 0.0994193896
0.2881000000 0.0997630127
0.2891000000 0.1001066553
0.2901000000 0.1004503174
0.2911000000 0.1007939893
0.2921000000 0.1011376904
0.2931000000 0.1014814111
0.2941000000 0.1018251514
0.2951000000 0.1021689111
0.2961000000 0.1025127002
0.2971000000 0.1028565186
0.2981000000 0.1032003564
0.2991000000 0.1035442236
