2.3400000010 3.2018730518
2.4300000010 3.2479264697
2.5200000010 3.2944075244
2.6100000010 3.3419833740
2.7000000010 3.3913146338
2.7900000010 3.4429011475
2.8800000010 3.4970052588
2.9700000010 3.5536716162
3.0600000010 3.6127983350
3.1500000010 3.6742091651
3.2400000010 3.7377036963
3.3300000010 3.8030851807
3.4200000010 3.8701727881
3.5100000010 3.9388054346
3.6000000010 4.0088413916
3.6900000010 4.0801564307
3.7800000010 4.1526413721
3.8700000010 4.2261998877
3.9600000010 4.3007464893
4.0500000010 4.3762049072
4.1400000010 4.4525067334
4.2300000010 4.5295903467
4.3200000010 4.6073999853
4.4100000010 4.6858850244
4.5000000010 4.7649993799
4.5900000010 4.8447009814
4.6800000010 4.9249513037
4.7700000010 5.0057150635
4.8600000010 5.0869598193
4.9500000010 5.1686557373
