0.9900000010 1.2390069873 2.3072931299 2.5096349854
1.0800000010 1.2864786963 2.3378205322 2.5492593701
1.1700000010 1.3373083154 2.3694952197 2.5905652588
1.2600000010 1.3909886572 2.4022399951 2.6335143311
1.3500000010 1.4469736572 2.4359576123 2.6781265479
1.4400000010 1.5046746924 2.4705139795 2.7245377393
1.5300000010 1.5634381006 2.5057175733 2.7728422998
1.6200000010 1.6224913135 2.5412908740 2.8211922119
1.7100000010 1.6808218799 2.5768260986 2.8696154248
1.8000000010 1.7368643799 2.6117110400 2.9180499854
1.8900000010 1.7873036084 2.6449946631 2.9663651807
1.9800000010 1.8294535889 2.6751205518 3.0144099561
2.0700000010 1.9098074170 2.6993252002 3.0620399756
2.1600000010 2.0338391553 2.7119698682 3.1091501611
2.2500000010 2.2123944873 2.6976550830 3.1557203858
