0.000000 0.999961
0.005000 1.000039
0.010000 1.000039
0.015000 1.000117
0.020000 1.000195
0.025000 1.000273
0.030000 1.000430
0.035000 1.000586
0.040000 1.000820
0.045000 1.000977
0.050000 1.001211
0.055000 1.001523
0.060000 1.001836
0.065000 1.002148
0.070000 1.002461
0.075000 1.002773
0.080000 1.003164
0.085000 1.003633
0.090000 1.004023
0.095000 1.004492
0.100000 1.004961
0.105000 1.005508
0.110000 1.006055
0.115000 1.006602
0.120000 1.007148
0.125000 1.007773
0.130000 1.008398
0.135000 1.009102
0.140000 1.009727
0.145000 1.010430
0.150000 1.011211
0.155000 1.011914
0.160000 1.012695
0.165000 1.013555
0.170000 1.014336
0.175000 1.015195
0.180000 1.016055
0.185000 1.016992
0.190000 1.017930
0.195000 1.018867
0.200000 1.019805
0.205000 1.020820
0.210000 1.021836
0.215000 1.022852
0.220000 1.023945
0.225000 1.025039
0.230000 1.026133
0.235000 1.027227
0.240000 1.028398
0.245000 1.029570
0.250000 1.030820
0.255000 1.031992
0.260000 1.033242
0.265000 1.034570
0.270000 1.035820
0.275000 1.037148
0.280000 1.038477
0.285000 1.039805
0.290000 1.041211
0.295000 1.042617
0.300000 1.044023
0.305000 1.045508
0.310000 1.046992
0.315000 1.048477
0.320000 1.049961
0.325000 1.051523
0.330000 1.053086
0.335000 1.054648
0.340000 1.056289
0.345000 1.057852
0.350000 1.059492
0.355000 1.061211
0.360000 1.062852
0.365000 1.064570
0.370000 1.066289
0.375000 1.068086
0.380000 1.069805
0.385000 1.071602
0.390000 1.073398
0.395000 1.075273
0.400000 1.077070
0.405000 1.078945
0.410000 1.080898
0.415000 1.082773
0.420000 1.084727
0.425000 1.086680
0.430000 1.088633
0.435000 1.090586
0.440000 1.092617
0.445000 1.094648
0.450000 1.096680
0.455000 1.098789
0.460000 1.100820
0.465000 1.102930
0.470000 1.105039
0.475000 1.107227
0.480000 1.109336
0.485000 1.111523
0.490000 1.113711
0.495000 1.115977
0.500000 1.118164
0.505000 1.120430
0.510000 1.122695
0.515000 1.124961
0.520000 1.127305
0.525000 1.129648
0.530000 1.131992
0.535000 1.134336
0.540000 1.136680
0.545000 1.139102
0.550000 1.141523
0.555000 1.143945
0.560000 1.146367
0.565000 1.148789
0.570000 1.151289
0.575000 1.153789
0.580000 1.156289
0.585000 1.158789
0.590000 1.161367
0.595000 1.163945
0.600000 1.166445
0.605000 1.169102
0.610000 1.171680
0.615000 1.174258
0.620000 1.176914
0.625000 1.179570
0.630000 1.182227
0.635000 1.184961
0.640000 1.187617
0.645000 1.190352
0.650000 1.193086
0.655000 1.195820
0.660000 1.198555
0.665000 1.201367
0.670000 1.204102
0.675000 1.206914
0.680000 1.209727
0.685000 1.212539
0.690000 1.215430
0.695000 1.218242
0.700000 1.221133
0.705000 1.224023
0.710000 1.226914
0.715000 1.229805
0.720000 1.232773
0.725000 1.235664
0.730000 1.238633
0.735000 1.241602
0.740000 1.244570
0.745000 1.247539
0.750000 1.250586
0.755000 1.253633
0.760000 1.256602
0.765000 1.259648
0.770000 1.262695
0.775000 1.265820
0.780000 1.268867
0.785000 1.271992
0.790000 1.275039
0.795000 1.278164
0.800000 1.281289
0.805000 1.284492
0.810000 1.287617
0.815000 1.290820
0.820000 1.293945
0.825000 1.297148
0.830000 1.300352
0.835000 1.303555
0.840000 1.306758
0.845000 1.310039
0.850000 1.313242
0.855000 1.316523
0.860000 1.319805
0.865000 1.323086
0.870000 1.326367
0.875000 1.329648
0.880000 1.333008
0.885000 1.336289
0.890000 1.339648
0.895000 1.343008
0.900000 1.346367
0.905000 1.349727
0.910000 1.353086
0.915000 1.356445
0.920000 1.359883
0.925000 1.363242
0.930000 1.366680
0.935000 1.370117
0.940000 1.373555
0.945000 1.376992
0.950000 1.380430
0.955000 1.383867
0.960000 1.387383
0.965000 1.390820
0.970000 1.394336
0.975000 1.397852
0.980000 1.401367
0.985000 1.404883
0.990000 1.408398
0.995000 1.411914
1.000000 1.415508
1.005000 1.419023
1.010000 1.422617
1.015000 1.426211
1.020000 1.429727
1.025000 1.433320
1.030000 1.436914
1.035000 1.440586
1.040000 1.444180
1.045000 1.447773
1.050000 1.451445
1.055000 1.455039
1.060000 1.458711
1.065000 1.462383
1.070000 1.466055
1.075000 1.469727
1.080000 1.473398
1.085000 1.477070
1.090000 1.480820
1.095000 1.484492
1.100000 1.488242
1.105000 1.491914
1.110000 1.495664
1.115000 1.499414
1.120000 1.503164
1.125000 1.506914
1.130000 1.510664
1.135000 1.514414
1.140000 1.518164
1.145000 1.521992
1.150000 1.525742
1.155000 1.529570
1.160000 1.533320
1.165000 1.537148
1.170000 1.540977
1.175000 1.544805
1.180000 1.548633
1.185000 1.552461
1.190000 1.556289
1.195000 1.560117
1.200000 1.564023
1.205000 1.567852
1.210000 1.571758
1.215000 1.575586
1.220000 1.579492
1.225000 1.583398
1.230000 1.587305
1.235000 1.591211
1.240000 1.595117
1.245000 1.599023
1.250000 1.602930
1.255000 1.606836
1.260000 1.610820
1.265000 1.614727
1.270000 1.618633
1.275000 1.622617
1.280000 1.626602
1.285000 1.630508
1.290000 1.634492
1.295000 1.638477
1.300000 1.642461
1.305000 1.646445
1.310000 1.650430
1.315000 1.654414
1.320000 1.658398
1.325000 1.662461
1.330000 1.666445
1.335000 1.670430
1.340000 1.674492
1.345000 1.678555
1.350000 1.682539
1.355000 1.686602
1.360000 1.690664
1.365000 1.694727
1.370000 1.698711
1.375000 1.702773
1.380000 1.706836
1.385000 1.710977
1.390000 1.715039
1.395000 1.719102
1.400000 1.723164
1.405000 1.727305
1.410000 1.731367
1.415000 1.735508
1.420000 1.739570
1.425000 1.743711
1.430000 1.747773
1.435000 1.751914
1.440000 1.756055
1.445000 1.760195
1.450000 1.764336
1.455000 1.768477
1.460000 1.772617
1.465000 1.776758
1.470000 1.780898
1.475000 1.785039
1.480000 1.789180
1.485000 1.793398
1.490000 1.797539
1.495000 1.801758
1.500000 1.805898
1.505000 1.810117
1.510000 1.814258
1.515000 1.818477
1.520000 1.822617
1.525000 1.826836
1.530000 1.831055
1.535000 1.835273
1.540000 1.839492
1.545000 1.843711
1.550000 1.847930
1.555000 1.852148
1.560000 1.856367
1.565000 1.860586
1.570000 1.864805
1.575000 1.869102
1.580000 1.873320
1.585000 1.877539
1.590000 1.881836
1.595000 1.886055
1.600000 1.890352
1.605000 1.894570
1.610000 1.898867
1.615000 1.903164
1.620000 1.907383
1.625000 1.911680
1.630000 1.915977
1.635000 1.920273
1.640000 1.924492
1.645000 1.928789
1.650000 1.933086
1.655000 1.937383
1.660000 1.941680
1.665000 1.946055
1.670000 1.950352
1.675000 1.954648
1.680000 1.958945
1.685000 1.963242
1.690000 1.967617
1.695000 1.971914
1.700000 1.976289
1.705000 1.980586
1.710000 1.984883
1.715000 1.989258
1.720000 1.993633
1.725000 1.997930
1.730000 2.002305
1.735000 2.006680
1.740000 2.010977
1.745000 2.015352
1.750000 2.019727
1.755000 2.024102
1.760000 2.028477
1.765000 2.032852
1.770000 2.037227
1.775000 2.041602
1.780000 2.045977
1.785000 2.050352
1.790000 2.054727
1.795000 2.059102
1.800000 2.063477
1.805000 2.067852
1.810000 2.072305
1.815000 2.076680
1.820000 2.081055
1.825000 2.085508
1.830000 2.089883
1.835000 2.094336
1.840000 2.098711
1.845000 2.103164
1.850000 2.107539
1.855000 2.111992
1.860000 2.116367
1.865000 2.120820
1.870000 2.125273
1.875000 2.129648
1.880000 2.134102
1.885000 2.138555
1.890000 2.143008
1.895000 2.147461
1.900000 2.151914
1.905000 2.156367
1.910000 2.160742
1.915000 2.165195
1.920000 2.169648
1.925000 2.174180
1.930000 2.178633
1.935000 2.183086
1.940000 2.187539
1.945000 2.191992
1.950000 2.196445
1.955000 2.200898
1.960000 2.205430
1.965000 2.209883
1.970000 2.214336
1.975000 2.218867
1.980000 2.223320
1.985000 2.227852
1.990000 2.232305
1.995000 2.236758
2.000000 2.241289
2.005000 2.245742
2.010000 2.250273
2.015000 2.254805
2.020000 2.259258
2.025000 2.263789
2.030000 2.268320
2.035000 2.272773
2.040000 2.277305
2.045000 2.281836
2.050000 2.286367
2.055000 2.290820
2.060000 2.295352
2.065000 2.299883
2.070000 2.304414
2.075000 2.308945
2.080000 2.313477
2.085000 2.318008
2.090000 2.322539
2.095000 2.327070
2.100000 2.331602
2.105000 2.336133
2.110000 2.340664
2.115000 2.345195
2.120000 2.349727
2.125000 2.354258
2.130000 2.358867
2.135000 2.363398
2.140000 2.367930
2.145000 2.372461
2.150000 2.377070
2.155000 2.381602
2.160000 2.386133
2.165000 2.390742
2.170000 2.395273
2.175000 2.399883
2.180000 2.404414
2.185000 2.408945
2.190000 2.413555
2.195000 2.418086
2.200000 2.422695
2.205000 2.427227
2.210000 2.431836
2.215000 2.436445
2.220000 2.440977
2.225000 2.445586
2.230000 2.450195
2.235000 2.454727
2.240000 2.459336
2.245000 2.463945
2.250000 2.468477
2.255000 2.473086
2.260000 2.477695
2.265000 2.482305
2.270000 2.486914
2.275000 2.491523
2.280000 2.496055
2.285000 2.500664
2.290000 2.505273
2.295000 2.509883
2.300000 2.514492
2.305000 2.519102
2.310000 2.523711
2.315000 2.528320
2.320000 2.532930
2.325000 2.537539
2.330000 2.542148
2.335000 2.546758
2.340000 2.551445
2.345000 2.556055
2.350000 2.560664
2.355000 2.565273
2.360000 2.569883
2.365000 2.574492
2.370000 2.579180
2.375000 2.583789
2.380000 2.588398
2.385000 2.593008
2.390000 2.597695
2.395000 2.602305
2.400000 2.606914
2.405000 2.611602
2.410000 2.616211
2.415000 2.620898
2.420000 2.625508
2.425000 2.630117
2.430000 2.634805
2.435000 2.639414
2.440000 2.644102
2.445000 2.648711
2.450000 2.653398
2.455000 2.658008
2.460000 2.662695
2.465000 2.667383
2.470000 2.671992
2.475000 2.676680
2.480000 2.681289
2.485000 2.685977
2.490000 2.690664
2.495000 2.695273
2.500000 2.699961
2.505000 2.704648
2.510000 2.709336
2.515000 2.713945
2.520000 2.718633
2.525000 2.723320
2.530000 2.728008
2.535000 2.732617
2.540000 2.737305
2.545000 2.741992
2.550000 2.746680
2.555000 2.751367
2.560000 2.756055
2.565000 2.760742
2.570000 2.765430
2.575000 2.770039
2.580000 2.774727
2.585000 2.779414
2.590000 2.784102
2.595000 2.788789
2.600000 2.793477
2.605000 2.798164
2.610000 2.802852
2.615000 2.807539
2.620000 2.812305
2.625000 2.816992
2.630000 2.821680
2.635000 2.826367
2.640000 2.831055
2.645000 2.835742
2.650000 2.840430
2.655000 2.845117
2.660000 2.849883
2.665000 2.854570
2.670000 2.859258
2.675000 2.863945
2.680000 2.868633
2.685000 2.873398
2.690000 2.878086
2.695000 2.882773
2.700000 2.887539
2.705000 2.892227
2.710000 2.896914
2.715000 2.901680
2.720000 2.906367
2.725000 2.911055
2.730000 2.915820
2.735000 2.920508
2.740000 2.925195
2.745000 2.929961
2.750000 2.934648
2.755000 2.939414
2.760000 2.944102
2.765000 2.948867
2.770000 2.953555
2.775000 2.958320
2.780000 2.963008
2.785000 2.967773
2.790000 2.972461
2.795000 2.977227
2.800000 2.981914
2.805000 2.986680
2.810000 2.991367
2.815000 2.996133
2.820000 3.000820
2.825000 3.005586
2.830000 3.010352
2.835000 3.015039
2.840000 3.019805
2.845000 3.024570
2.850000 3.029258
2.855000 3.034023
2.860000 3.038789
2.865000 3.043477
2.870000 3.048242
2.875000 3.053008
2.880000 3.057773
2.885000 3.062461
2.890000 3.067227
2.895000 3.071992
2.900000 3.076758
2.905000 3.081445
2.910000 3.086211
2.915000 3.090977
2.920000 3.095742
2.925000 3.100508
2.930000 3.105273
2.935000 3.109961
2.940000 3.114727
2.945000 3.119492
2.950000 3.124258
2.955000 3.129023
2.960000 3.133789
2.965000 3.138555
2.970000 3.143320
2.975000 3.148086
2.980000 3.152852
2.985000 3.157617
2.990000 3.162383
2.995000 3.167148
3.000000 3.171914
3.005000 3.176680
3.010000 3.181445
3.015000 3.186211
3.020000 3.190977
3.025000 3.195742
3.030000 3.200508
3.035000 3.205273
3.040000 3.210039
3.045000 3.214805
3.050000 3.219570
3.055000 3.224336
3.060000 3.229102
3.065000 3.233945
3.070000 3.238711
3.075000 3.243477
3.080000 3.248242
3.085000 3.253008
3.090000 3.257773
3.095000 3.262539
3.100000 3.267383
3.105000 3.272148
3.110000 3.276914
3.115000 3.281680
3.120000 3.286523
3.125000 3.291289
3.130000 3.296055
3.135000 3.300820
3.140000 3.305664
3.145000 3.310430
3.150000 3.315195
3.155000 3.319961
3.160000 3.324805
3.165000 3.329570
3.170000 3.334336
3.175000 3.339180
3.180000 3.343945
3.185000 3.348711
3.190000 3.353555
3.195000 3.358320
3.200000 3.363086
3.205000 3.367930
3.210000 3.372695
3.215000 3.377539
3.220000 3.382305
3.225000 3.387070
3.230000 3.391914
3.235000 3.396680
3.240000 3.401523
3.245000 3.406289
3.250000 3.411133
3.255000 3.415898
3.260000 3.420742
3.265000 3.425508
3.270000 3.430352
3.275000 3.435117
3.280000 3.439961
3.285000 3.444727
3.290000 3.449570
3.295000 3.454336
3.300000 3.459180
3.305000 3.463945
3.310000 3.468789
3.315000 3.473555
3.320000 3.478398
3.325000 3.483242
3.330000 3.488008
3.335000 3.492852
3.340000 3.497617
3.345000 3.502461
3.350000 3.507305
3.355000 3.512070
3.360000 3.516914
3.365000 3.521680
3.370000 3.526523
3.375000 3.531367
3.380000 3.536133
3.385000 3.540977
3.390000 3.545820
3.395000 3.550586
3.400000 3.555430
3.405000 3.560273
3.410000 3.565117
3.415000 3.569883
3.420000 3.574727
3.425000 3.579570
3.430000 3.584336
3.435000 3.589180
3.440000 3.594023
3.445000 3.598867
3.450000 3.603633
3.455000 3.608477
3.460000 3.613320
3.465000 3.618164
3.470000 3.623008
3.475000 3.627773
3.480000 3.632617
3.485000 3.637461
3.490000 3.642305
3.495000 3.647148
3.500000 3.651914
3.505000 3.656758
3.510000 3.661602
3.515000 3.666445
3.520000 3.671289
3.525000 3.676133
3.530000 3.680977
3.535000 3.685742
3.540000 3.690586
3.545000 3.695430
3.550000 3.700273
3.555000 3.705117
3.560000 3.709961
3.565000 3.714805
3.570000 3.719648
3.575000 3.724492
3.580000 3.729336
3.585000 3.734180
3.590000 3.739023
3.595000 3.743867
3.600000 3.748711
3.605000 3.753477
3.610000 3.758320
3.615000 3.763164
3.620000 3.768008
3.625000 3.772852
3.630000 3.777695
3.635000 3.782539
3.640000 3.787383
3.645000 3.792227
3.650000 3.797070
3.655000 3.801992
3.660000 3.806836
3.665000 3.811680
3.670000 3.816523
3.675000 3.821367
3.680000 3.826211
3.685000 3.831055
3.690000 3.835898
3.695000 3.840742
3.700000 3.845586
3.705000 3.850430
3.710000 3.855273
3.715000 3.860117
3.720000 3.864961
3.725000 3.869883
3.730000 3.874727
3.735000 3.879570
3.740000 3.884414
3.745000 3.889258
3.750000 3.894102
3.755000 3.898945
3.760000 3.903867
3.765000 3.908711
3.770000 3.913555
3.775000 3.918398
3.780000 3.923242
3.785000 3.928086
3.790000 3.933008
3.795000 3.937852
3.800000 3.942695
3.805000 3.947539
3.810000 3.952383
3.815000 3.957305
3.820000 3.962148
3.825000 3.966992
3.830000 3.971836
3.835000 3.976680
3.840000 3.981602
3.845000 3.986445
3.850000 3.991289
3.855000 3.996133
3.860000 4.001055
3.865000 4.005898
3.870000 4.010742
3.875000 4.015664
3.880000 4.020508
3.885000 4.025352
3.890000 4.030195
3.895000 4.035117
3.900000 4.039961
3.905000 4.044805
3.910000 4.049727
3.915000 4.054570
3.920000 4.059414
3.925000 4.064336
3.930000 4.069180
3.935000 4.074023
3.940000 4.078945
3.945000 4.083789
3.950000 4.088633
3.955000 4.093555
3.960000 4.098398
3.965000 4.103242
3.970000 4.108164
3.975000 4.113008
3.980000 4.117930
3.985000 4.122773
3.990000 4.127617
3.995000 4.132539
4.000000 4.137383
4.005000 4.142305
4.010000 4.147148
4.015000 4.151992
4.020000 4.156914
4.025000 4.161758
4.030000 4.166680
4.035000 4.171523
4.040000 4.176367
4.045000 4.181289
4.050000 4.186133
4.055000 4.191055
4.060000 4.195898
4.065000 4.200820
4.070000 4.205664
4.075000 4.210586
4.080000 4.215430
4.085000 4.220352
4.090000 4.225195
4.095000 4.230117
4.100000 4.234961
4.105000 4.239883
4.110000 4.244727
4.115000 4.249648
4.120000 4.254492
4.125000 4.259414
4.130000 4.264258
4.135000 4.269180
4.140000 4.274023
4.145000 4.278945
4.150000 4.283789
4.155000 4.288711
4.160000 4.293555
4.165000 4.298477
4.170000 4.303320
4.175000 4.308242
4.180000 4.313164
4.185000 4.318008
4.190000 4.322930
4.195000 4.327773
4.200000 4.332695
4.205000 4.337539
4.210000 4.342461
4.215000 4.347383
4.220000 4.352227
4.225000 4.357148
4.230000 4.361992
4.235000 4.366914
4.240000 4.371836
4.245000 4.376680
4.250000 4.381602
4.255000 4.386523
4.260000 4.391367
4.265000 4.396289
4.270000 4.401133
4.275000 4.406055
4.280000 4.410977
4.285000 4.415820
4.290000 4.420742
4.295000 4.425664
4.300000 4.430508
4.305000 4.435430
4.310000 4.440352
4.315000 4.445195
4.320000 4.450117
4.325000 4.455039
4.330000 4.459883
4.335000 4.464805
4.340000 4.469727
4.345000 4.474570
4.350000 4.479492
4.355000 4.484414
4.360000 4.489336
4.365000 4.494180
4.370000 4.499102
4.375000 4.504023
4.380000 4.508867
4.385000 4.513789
4.390000 4.518711
4.395000 4.523633
4.400000 4.528477
4.405000 4.533398
4.410000 4.538320
4.415000 4.543242
4.420000 4.548086
4.425000 4.553008
4.430000 4.557930
4.435000 4.562852
4.440000 4.567695
4.445000 4.572617
4.450000 4.577539
4.455000 4.582461
4.460000 4.587305
4.465000 4.592227
4.470000 4.597148
4.475000 4.602070
4.480000 4.606992
4.485000 4.611836
4.490000 4.616758
4.495000 4.621680
4.500000 4.626602
4.505000 4.631523
4.510000 4.636367
4.515000 4.641289
4.520000 4.646211
4.525000 4.651133
4.530000 4.656055
4.535000 4.660977
4.540000 4.665820
4.545000 4.670742
4.550000 4.675664
4.555000 4.680586
4.560000 4.685508
4.565000 4.690430
4.570000 4.695352
4.575000 4.700195
4.580000 4.705117
4.585000 4.710039
4.590000 4.714961
4.595000 4.719883
4.600000 4.724805
4.605000 4.729727
4.610000 4.734570
4.615000 4.739492
4.620000 4.744414
4.625000 4.749336
4.630000 4.754258
4.635000 4.759180
4.640000 4.764102
4.645000 4.769023
4.650000 4.773945
4.655000 4.778867
4.660000 4.783789
4.665000 4.788633
4.670000 4.793555
4.675000 4.798477
4.680000 4.803398
4.685000 4.808320
4.690000 4.813242
4.695000 4.818164
4.700000 4.823086
4.705000 4.828008
4.710000 4.832930
4.715000 4.837852
4.720000 4.842773
4.725000 4.847695
4.730000 4.852617
4.735000 4.857539
4.740000 4.862461
4.745000 4.867383
4.750000 4.872305
4.755000 4.877227
4.760000 4.882070
4.765000 4.886992
4.770000 4.891914
4.775000 4.896836
4.780000 4.901758
4.785000 4.906680
4.790000 4.911602
4.795000 4.916523
4.800000 4.921445
4.805000 4.926367
4.810000 4.931289
4.815000 4.936211
4.820000 4.941133
4.825000 4.946055
4.830000 4.951055
4.835000 4.955977
4.840000 4.960898
4.845000 4.965820
4.850000 4.970742
4.855000 4.975664
4.860000 4.980586
4.865000 4.985508
4.870000 4.990430
4.875000 4.995352
4.880000 5.000273
4.885000 5.005195
4.890000 5.010117
4.895000 5.015039
4.900000 5.019961
4.905000 5.024883
4.910000 5.029805
4.915000 5.034727
4.920000 5.039648
4.925000 5.044570
4.930000 5.049570
4.935000 5.054492
4.940000 5.059414
4.945000 5.064336
4.950000 5.069258
4.955000 5.074180
4.960000 5.079102
4.965000 5.084023
4.970000 5.088945
4.975000 5.093867
4.980000 5.098789
4.985000 5.103789
4.990000 5.108711
4.995000 5.113633
