0.0000000010 0.9999975000
0.0050000010 1.0000025000
0.0100000010 1.0000175000
0.0150000010 1.0000425000
0.0200000010 1.0000775000
0.0250000010 1.0001175000
0.0300000010 1.0001725000
0.0350000010 1.0002325000
0.0400000010 1.0003075000
0.0450000010 1.0003875000
0.0500000010 1.0004775000
0.0550000010 1.0005775000
0.0600000010 1.0006875000
0.0650000010 1.0008075000
0.0700000010 1.0009375000
0.0750000010 1.0010775000
0.0800000010 1.0012225000
0.0850000010 1.0013825000
0.0900000010 1.0015475000
0.0950000010 1.0017275000
