4.1800010000 4.4426562500
4.1850010000 4.4477187500
4.1900010000 4.4528437500
4.1950010000 4.4579062500
4.2000010000 4.4630312500
4.2050010000 4.4681562500
4.2100010000 4.4732187500
4.2150010000 4.4783437500
4.2200010000 4.4834062500
4.2250010000 4.4885312500
4.2300010000 4.4936562500
4.2350010000 4.4987187500
4.2400010000 4.5038437500
4.2450010000 4.5089687500
4.2500010000 4.5140312500
4.2550010000 4.5191562500
4.2600010000 4.5242812500
4.2650010000 4.5293437500
4.2700010000 4.5344687500
4.2750010000 4.5395937500
4.2800010000 4.5446562500
4.2850010000 4.5497812500
4.2900010000 4.5549062500
4.2950010000 4.5600312500
4.3000010000 4.5650937500
4.3050010000 4.5702187500
4.3100010000 4.5753437500
4.3150010000 4.5804687500
4.3200010000 4.5855312500
4.3250010000 4.5906562500
4.3300010000 4.5957812500
4.3350010000 4.6009062500
4.3400010000 4.6060312500
4.3450010000 4.6110937500
4.3500010000 4.6162187500
4.3550010000 4.6213437500
4.3600010000 4.6264687500
4.3650010000 4.6315937500
4.3700010000 4.6366562500
4.3750010000 4.6417812500
4.3800010000 4.6469062500
4.3850010000 4.6520312500
4.3900010000 4.6571562500
4.3950010000 4.6622812500
4.4000010000 4.6674062500
4.4050010000 4.6724687500
4.4100010000 4.6775937500
4.4150010000 4.6827187500
4.4200010000 4.6878437500
4.4250010000 4.6929687500
4.4300010000 4.6980937500
4.4350010000 4.7032187500
4.4400010000 4.7083437500
4.4450010000 4.7134687500
4.4500010000 4.7185937500
4.4550010000 4.7237187500
4.4600010000 4.7288437500
4.4650010000 4.7339062500
4.4700010000 4.7390312500
4.4750010000 4.7441562500
4.4800010000 4.7492812500
4.4850010000 4.7544062500
4.4900010000 4.7595312500
4.4950010000 4.7646562500
4.5000010000 4.7697812500
4.5050010000 4.7749062500
4.5100010000 4.7800312500
4.5150010000 4.7851562500
4.5200010000 4.7903437500
4.5250010000 4.7954687500
4.5300010000 4.8005937500
4.5350010000 4.8057187500
4.5400010000 4.8108437500
4.5450010000 4.8159687500
4.5500010000 4.8210937500
4.5550010000 4.8262187500
4.5600010000 4.8313437500
4.5650010000 4.8364687500
4.5700010000 4.8415937500
4.5750010000 4.8467187500
4.5800010000 4.8518437500
4.5850010000 4.8570312500
4.5900010000 4.8621562500
4.5950010000 4.8672812500
4.6000010000 4.8724062500
4.6050010000 4.8775312500
4.6100010000 4.8826562500
4.6150010000 4.8877812500
4.6200010000 4.8929687500
4.6250010000 4.8980937500
4.6300010000 4.9032187500
4.6350010000 4.9083437500
4.6400010000 4.9134687500
4.6450010000 4.9186562500
4.6500010000 4.9237812500
4.6550010000 4.9289062500
4.6600010000 4.9340312500
4.6650010000 4.9391562500
4.6700010000 4.9443437500
4.6750010000 4.9494687500
4.6800010000 4.9545937500
4.6850010000 4.9597187500
4.6900010000 4.9649062500
4.6950010000 4.9700312500
4.7000010000 4.9751562500
4.7050010000 4.9802812500
4.7100010000 4.9854687500
4.7150010000 4.9905937500
4.7200010000 4.9957187500
4.7250010000 5.0009062500
4.7300010000 5.0060312500
4.7350010000 5.0111562500
4.7400010000 5.0163437500
4.7450010000 5.0214687500
4.7500010000 5.0265937500
4.7550010000 5.0317812500
4.7600010000 5.0369062500
4.7650010000 5.0420312500
4.7700010000 5.0472187500
4.7750010000 5.0523437500
4.7800010000 5.0574687500
4.7850010000 5.0626562500
4.7900010000 5.0677812500
4.7950010000 5.0729062500
4.8000010000 5.0780937500
4.8050010000 5.0832187500
4.8100010000 5.0884062500
4.8150010000 5.0935312500
4.8200010000 5.0987187500
4.8250010000 5.1038437500
4.8300010000 5.1089687500
4.8350010000 5.1141562500
4.8400010000 5.1192812500
4.8450010000 5.1244687500
4.8500010000 5.1295937500
4.8550010000 5.1347812500
4.8600010000 5.1399062500
4.8650010000 5.1450937500
4.8700010000 5.1502187500
4.8750010000 5.1554062500
4.8800010000 5.1605312500
4.8850010000 5.1657187500
4.8900010000 5.1708437500
4.8950010000 5.1760312500
4.9000010000 5.1811562500
4.9050010000 5.1863437500
4.9100010000 5.1914687500
4.9150010000 5.1966562500
4.9200010000 5.2017812500
4.9250010000 5.2069687500
4.9300010000 5.2120937500
4.9350010000 5.2172812500
4.9400010000 5.2224687500
4.9450010000 5.2275937500
4.9500010000 5.2327812500
4.9550010000 5.2379062500
4.9600010000 5.2430937500
4.9650010000 5.2482812500
4.9700010000 5.2534062500
4.9750010000 5.2585937500
4.9800010000 5.2637187500
4.9850010000 5.2689062500
4.9900010000 5.2740937500
4.9950010000 5.2792187500
