0.0000010000 1.0000312500
0.0050010000 1.0000312500
0.0100010000 1.0000312500
0.0150010000 1.0000937500
0.0200010000 1.0002187500
0.0250010000 1.0002812500
0.0300010000 1.0004687500
0.0350010000 1.0005937500
0.0400010000 1.0007812500
0.0450010000 1.0010312500
0.0500010000 1.0012187500
0.0550010000 1.0015312500
0.0600010000 1.0017812500
0.0650010000 1.0020937500
0.0700010000 1.0024687500
0.0750010000 1.0027812500
0.0800010000 1.0032187500
0.0850010000 1.0035937500
0.0900010000 1.0040312500
0.0950010000 1.0045312500
0.1000010000 1.0049687500
0.1050010000 1.0055312500
0.1100010000 1.0060312500
0.1150010000 1.0065937500
0.1200010000 1.0071562500
0.1250010000 1.0077812500
0.1300010000 1.0084062500
0.1350010000 1.0090937500
0.1400010000 1.0097812500
0.1450010000 1.0104687500
0.1500010000 1.0112187500
0.1550010000 1.0119687500
0.1600010000 1.0127187500
0.1650010000 1.0135312500
0.1700010000 1.0144062500
0.1750010000 1.0152187500
0.1800010000 1.0160937500
0.1850010000 1.0170312500
0.1900010000 1.0179062500
0.1950010000 1.0189062500
0.2000010000 1.0198437500
0.2050010000 1.0208437500
0.2100010000 1.0219062500
0.2150010000 1.0229062500
0.2200010000 1.0239687500
0.2250010000 1.0250937500
0.2300010000 1.0262187500
0.2350010000 1.0273437500
0.2400010000 1.0285312500
0.2450010000 1.0297187500
0.2500010000 1.0309062500
0.2550010000 1.0321562500
0.2600010000 1.0334062500
0.2650010000 1.0346562500
0.2700010000 1.0359687500
0.2750010000 1.0372812500
0.2800010000 1.0386562500
0.2850010000 1.0400312500
0.2900010000 1.0414062500
0.2950010000 1.0428437500
0.3000010000 1.0442812500
0.3050010000 1.0457187500
0.3100010000 1.0472187500
0.3150010000 1.0487187500
0.3200010000 1.0502812500
0.3250010000 1.0518437500
0.3300010000 1.0534062500
0.3350010000 1.0550312500
0.3400010000 1.0565937500
0.3450010000 1.0582812500
0.3500010000 1.0599062500
0.3550010000 1.0615937500
0.3600010000 1.0633437500
0.3650010000 1.0650312500
0.3700010000 1.0667812500
0.3750010000 1.0685937500
0.3800010000 1.0703437500
0.3850010000 1.0721562500
0.3900010000 1.0740312500
0.3950010000 1.0759062500
0.4000010000 1.0777812500
0.4050010000 1.0796562500
0.4100010000 1.0815937500
0.4150010000 1.0835312500
0.4200010000 1.0854687500
0.4250010000 1.0874687500
0.4300010000 1.0894687500
0.4350010000 1.0914687500
0.4400010000 1.0935312500
0.4450010000 1.0955937500
0.4500010000 1.0977187500
0.4550010000 1.0997812500
0.4600010000 1.1019062500
0.4650010000 1.1040937500
0.4700010000 1.1062187500
0.4750010000 1.1084062500
0.4800010000 1.1105937500
0.4850010000 1.1128437500
0.4900010000 1.1150937500
0.4950010000 1.1173437500
0.5000010000 1.1195937500
0.5050010000 1.1219062500
0.5100010000 1.1242187500
0.5150010000 1.1265937500
0.5200010000 1.1289062500
0.5250010000 1.1312812500
0.5300010000 1.1337187500
0.5350010000 1.1360937500
0.5400010000 1.1385312500
0.5450010000 1.1409687500
0.5500010000 1.1434687500
0.5550010000 1.1459687500
0.5600010000 1.1484687500
0.5650010000 1.1509687500
0.5700010000 1.1535312500
0.5750010000 1.1560312500
0.5800010000 1.1586562500
0.5850010000 1.1612187500
0.5900010000 1.1638437500
0.5950010000 1.1664687500
0.6000010000 1.1690937500
0.6050010000 1.1717812500
0.6100010000 1.1744062500
0.6150010000 1.1770937500
0.6200010000 1.1798437500
0.6250010000 1.1825312500
0.6300010000 1.1852812500
0.6350010000 1.1880312500
0.6400010000 1.1908437500
0.6450010000 1.1935937500
0.6500010000 1.1964062500
0.6550010000 1.1992187500
0.6600010000 1.2020937500
0.6650010000 1.2049687500
0.6700010000 1.2077812500
0.6750010000 1.2107187500
0.6800010000 1.2135937500
0.6850010000 1.2165312500
0.6900010000 1.2194687500
0.6950010000 1.2224062500
0.7000010000 1.2253437500
0.7050010000 1.2283437500
0.7100010000 1.2313437500
0.7150010000 1.2343437500
0.7200010000 1.2373437500
0.7250010000 1.2403437500
0.7300010000 1.2434062500
0.7350010000 1.2464687500
0.7400010000 1.2495937500
0.7450010000 1.2526562500
0.7500010000 1.2557812500
0.7550010000 1.2589062500
0.7600010000 1.2620312500
0.7650010000 1.2651562500
0.7700010000 1.2683437500
0.7750010000 1.2714687500
0.7800010000 1.2746562500
0.7850010000 1.2779062500
0.7900010000 1.2810937500
0.7950010000 1.2843437500
0.8000010000 1.2875312500
0.8050010000 1.2907812500
