4.1770000000 4.4395758629
4.1780000000 4.4405954247
4.1790000000 4.4416150093
4.1800000000 4.4426346016
4.1810000000 4.4436542168
4.1820000000 4.4446738472
4.1830000000 4.4456935005
4.1840000000 4.4467131691
4.1850000000 4.4477328606
4.1860000000 4.4487525673
4.1870000000 4.4497722893
4.1880000000 4.4507920265
4.1890000000 4.4518117867
4.1900000000 4.4528315620
4.1910000000 4.4538513603
4.1920000000 4.4548711739
4.1930000000 4.4558910027
4.1940000000 4.4569108543
4.1950000000 4.4579307213
4.1960000000 4.4589506035
4.1970000000 4.4599705086
4.1980000000 4.4609904289
4.1990000000 4.4620103722
4.2000000000 4.4630303307
4.2010000000 4.4640503044
4.2020000000 4.4650702934
4.2030000000 4.4660903053
4.2040000000 4.4671103325
4.2050000000 4.4681303825
4.2060000000 4.4691504478
4.2070000000 4.4701705284
4.2080000000 4.4711906319
4.2090000000 4.4722107506
4.2100000000 4.4732308846
4.2110000000 4.4742510414
4.2120000000 4.4752712135
4.2130000000 4.4762914009
4.2140000000 4.4773116112
4.2150000000 4.4783318367
4.2160000000 4.4793520775
4.2170000000 4.4803723412
4.2180000000 4.4813926201
4.2190000000 4.4824129143
4.2200000000 4.4834332314
4.2210000000 4.4844535637
4.2220000000 4.4854739189
4.2230000000 4.4864942818
4.2240000000 4.4875146675
4.2250000000 4.4885350761
4.2260000000 4.4895555000
4.2270000000 4.4905759392
4.2280000000 4.4915963936
4.2290000000 4.4926168709
4.2300000000 4.4936373634
4.2310000000 4.4946578712
4.2320000000 4.4956784019
4.2330000000 4.4966989479
4.2340000000 4.4977195168
4.2350000000 4.4987400932
4.2360000000 4.4997606926
4.2370000000 4.5007813148
4.2380000000 4.5018019524
4.2390000000 4.5028226051
4.2400000000 4.5038432732
4.2410000000 4.5048639641
4.2420000000 4.5058846703
4.2430000000 4.5069053917
4.2440000000 4.5079261360
4.2450000000 4.5089468956
4.2460000000 4.5099676704
4.2470000000 4.5109884682
4.2480000000 4.5120092812
4.2490000000 4.5130301094
4.2500000000 4.5140509529
4.2510000000 4.5150718193
4.2520000000 4.5160927086
4.2530000000 4.5171136055
4.2540000000 4.5181345253
4.2550000000 4.5191554604
4.2560000000 4.5201764183
4.2570000000 4.5211973915
4.2580000000 4.5222183800
4.2590000000 4.5232393837
4.2600000000 4.5242604103
4.2610000000 4.5252814522
4.2620000000 4.5263025093
4.2630000000 4.5273235893
4.2640000000 4.5283446846
4.2650000000 4.5293657951
4.2660000000 4.5303869286
4.2670000000 4.5314080772
4.2680000000 4.5324292412
4.2690000000 4.5334504280
4.2700000000 4.5344716225
4.2710000000 4.5354928474
4.2720000000 4.5365140800
4.2730000000 4.5375353355
4.2740000000 4.5385566063
4.2750000000 4.5395778923
4.2760000000 4.5405992012
4.2770000000 4.5416205254
4.2780000000 4.5426418648
4.2790000000 4.5436632271
4.2800000000 4.5446846046
4.2810000000 4.5457059975
4.2820000000 4.5467274055
4.2830000000 4.5477488365
4.2840000000 4.5487702827
4.2850000000 4.5497917442
4.2860000000 4.5508132286
4.2870000000 4.5518347282
4.2880000000 4.5528562431
4.2890000000 4.5538777809
4.2900000000 4.5548993340
4.2910000000 4.5559209023
4.2920000000 4.5569424858
4.2930000000 4.5579640923
4.2940000000 4.5589857140
4.2950000000 4.5600073509
4.2960000000 4.5610290108
4.2970000000 4.5620506859
4.2980000000 4.5630723763
4.2990000000 4.5640940819
4.3000000000 4.5651158104
4.3010000000 4.5661375542
4.3020000000 4.5671593132
4.3030000000 4.5681810951
4.3040000000 4.5692028923
4.3050000000 4.5702247047
4.3060000000 4.5712465324
4.3070000000 4.5722683830
4.3080000000 4.5732902489
4.3090000000 4.5743121300
4.3100000000 4.5753340340
4.3110000000 4.5763559532
4.3120000000 4.5773778877
4.3130000000 4.5783998375
4.3140000000 4.5794218102
4.3150000000 4.5804437981
4.3160000000 4.5814658012
4.3170000000 4.5824878273
4.3180000000 4.5835098686
4.3190000000 4.5845319252
4.3200000000 4.5855539970
4.3210000000 4.5865760918
4.3220000000 4.5875982018
4.3230000000 4.5886203270
4.3240000000 4.5896424675
4.3250000000 4.5906646309
4.3260000000 4.5916868095
4.3270000000 4.5927090034
4.3280000000 4.5937312202
4.3290000000 4.5947534523
4.3300000000 4.5957756996
4.3310000000 4.5967979622
4.3320000000 4.5978202477
4.3330000000 4.5988425484
4.3340000000 4.5998648643
4.3350000000 4.6008871956
4.3360000000 4.6019095497
4.3370000000 4.6029319191
4.3380000000 4.6039543037
4.3390000000 4.6049767113
4.3400000000 4.6059991264
4.3410000000 4.6070215645
4.3420000000 4.6080440254
4.3430000000 4.6090664940
4.3440000000 4.6100889854
4.3450000000 4.6111114922
4.3460000000 4.6121340141
4.3470000000 4.6131565590
4.3480000000 4.6141791191
4.3490000000 4.6152016945
4.3500000000 4.6162242851
4.3510000000 4.6172468987
4.3520000000 4.6182695274
4.3530000000 4.6192921715
4.3540000000 4.6203148308
4.3550000000 4.6213375130
4.3560000000 4.6223602104
4.3570000000 4.6233829231
4.3580000000 4.6244056511
4.3590000000 4.6254284019
4.3600000000 4.6264511681
4.3610000000 4.6274739494
4.3620000000 4.6284967537
4.3630000000 4.6295195656
4.3640000000 4.6305424004
4.3650000000 4.6315652504
4.3660000000 4.6325881233
4.3670000000 4.6336110115
4.3680000000 4.6346339073
4.3690000000 4.6356568336
4.3700000000 4.6366797676
4.3710000000 4.6377027245
4.3720000000 4.6387256966
4.3730000000 4.6397486839
4.3740000000 4.6407716866
4.3750000000 4.6417947121
4.3760000000 4.6428177528
4.3770000000 4.6438408089
4.3780000000 4.6448638802
4.3790000000 4.6458869743
4.3800000000 4.6469100838
4.3810000000 4.6479332085
4.3820000000 4.6489563484
4.3830000000 4.6499795113
4.3840000000 4.6510026894
4.3850000000 4.6520258827
4.3860000000 4.6530490913
4.3870000000 4.6540723152
4.3880000000 4.6550955620
4.3890000000 4.6561188240
4.3900000000 4.6571421089
4.3910000000 4.6581654015
4.3920000000 4.6591887169
4.3930000000 4.6602120476
4.3940000000 4.6612353935
4.3950000000 4.6622587547
4.3960000000 4.6632821388
4.3970000000 4.6643055382
4.3980000000 4.6653289528
4.3990000000 4.6663523827
4.4000000000 4.6673758354
4.4010000000 4.6683993034
4.4020000000 4.6694227867
4.4030000000 4.6704462852
4.4040000000 4.6714698067
4.4050000000 4.6724933357
4.4060000000 4.6735168877
4.4070000000 4.6745404625
4.4080000000 4.6755640450
4.4090000000 4.6765876503
4.4100000000 4.6776112709
4.4110000000 4.6786349068
4.4120000000 4.6796585579
4.4130000000 4.6806822319
4.4140000000 4.6817059135
4.4150000000 4.6827296181
4.4160000000 4.6837533455
4.4170000000 4.6847770805
4.4180000000 4.6858008385
4.4190000000 4.6868246117
4.4200000000 4.6878484001
4.4210000000 4.6888722038
4.4220000000 4.6898960304
4.4230000000 4.6909198723
4.4240000000 4.6919437294
4.4250000000 4.6929676018
4.4260000000 4.6939914894
4.4270000000 4.6950153999
4.4280000000 4.6960393257
4.4290000000 4.6970632668
4.4300000000 4.6980872231
4.4310000000 4.6991112022
4.4320000000 4.7001351891
4.4330000000 4.7011591988
4.4340000000 4.7021832314
4.4350000000 4.7032072716
4.4360000000 4.7042313347
4.4370000000 4.7052554054
4.4380000000 4.7062794991
4.4390000000 4.7073036156
4.4400000000 4.7083277397
4.4410000000 4.7093518867
4.4420000000 4.7103760490
4.4430000000 4.7114002266
4.4440000000 4.7124244194
4.4450000000 4.7134486351
4.4460000000 4.7144728584
4.4470000000 4.7154971046
4.4480000000 4.7165213661
4.4490000000 4.7175456505
4.4500000000 4.7185699425
4.4510000000 4.7195942574
4.4520000000 4.7206185875
4.4530000000 4.7216429329
4.4540000000 4.7226673012
4.4550000000 4.7236916771
4.4560000000 4.7247160759
4.4570000000 4.7257404900
4.4580000000 4.7267649193
4.4590000000 4.7277893715
4.4600000000 4.7288138313
4.4610000000 4.7298383141
4.4620000000 4.7308628120
4.4630000000 4.7318873253
4.4640000000 4.7329118614
4.4650000000 4.7339364052
4.4660000000 4.7349609718
4.4670000000 4.7359855537
4.4680000000 4.7370101509
4.4690000000 4.7380347710
4.4700000000 4.7390593987
4.4710000000 4.7400840492
4.4720000000 4.7411087151
4.4730000000 4.7421333961
4.4740000000 4.7431581001
4.4750000000 4.7441828117
4.4760000000 4.7452075462
4.4770000000 4.7462322960
4.4780000000 4.7472570610
4.4790000000 4.7482818489
4.4800000000 4.7493066444
4.4810000000 4.7503314629
4.4820000000 4.7513562965
4.4830000000 4.7523811455
4.4840000000 4.7534060097
4.4850000000 4.7544308968
4.4860000000 4.7554557991
4.4870000000 4.7564807091
4.4880000000 4.7575056496
4.4890000000 4.7585305977
4.4900000000 4.7595555611
4.4910000000 4.7605805473
4.4920000000 4.7616055489
4.4930000000 4.7626305656
4.4940000000 4.7636555977
4.4950000000 4.7646806450
4.4960000000 4.7657057152
4.4970000000 4.7667308006
4.4980000000 4.7677559013
4.4990000000 4.7687810173
4.5000000000 4.7698061485
4.5010000000 4.7708313026
4.5020000000 4.7718564720
4.5030000000 4.7728816490
4.5040000000 4.7739068565
4.5050000000 4.7749320717
4.5060000000 4.7759573021
4.5070000000 4.7769825554
4.5080000000 4.7780078239
4.5090000000 4.7790331078
4.5100000000 4.7800584068
4.5110000000 4.7810837212
4.5120000000 4.7821090584
4.5130000000 4.7831344032
4.5140000000 4.7841597710
4.5150000000 4.7851851540
4.5160000000 4.7862105598
4.5170000000 4.7872359734
4.5180000000 4.7882614098
4.5190000000 4.7892868538
4.5200000000 4.7903123207
4.5210000000 4.7913378105
4.5220000000 4.7923633080
4.5230000000 4.7933888206
4.5240000000 4.7944143562
4.5250000000 4.7954399071
4.5260000000 4.7964654732
4.5270000000 4.7974910545
4.5280000000 4.7985166512
4.5290000000 4.7995422707
4.5300000000 4.8005679054
4.5310000000 4.8015935555
4.5320000000 4.8026192207
4.5330000000 4.8036449013
4.5340000000 4.8046705971
4.5350000000 4.8056963158
4.5360000000 4.8067220421
4.5370000000 4.8077477913
4.5380000000 4.8087735558
4.5390000000 4.8097993431
4.5400000000 4.8108251381
4.5410000000 4.8118509560
4.5420000000 4.8128767815
4.5430000000 4.8139026299
4.5440000000 4.8149284935
4.5450000000 4.8159543800
4.5460000000 4.8169802742
4.5470000000 4.8180061913
4.5480000000 4.8190321159
4.5490000000 4.8200580635
4.5500000000 4.8210840263
4.5510000000 4.8221100121
4.5520000000 4.8231360054
4.5530000000 4.8241620216
4.5540000000 4.8251880455
4.5550000000 4.8262140923
4.5560000000 4.8272401543
4.5570000000 4.8282662392
4.5580000000 4.8292923317
4.5590000000 4.8303184395
4.5600000000 4.8313445702
4.5610000000 4.8323707161
4.5620000000 4.8333968773
4.5630000000 4.8344230537
4.5640000000 4.8354492531
4.5650000000 4.8364754601
4.5660000000 4.8375016899
4.5670000000 4.8385279350
4.5680000000 4.8395541954
4.5690000000 4.8405804710
4.5700000000 4.8416067619
4.5710000000 4.8426330681
4.5720000000 4.8436593971
4.5730000000 4.8446857414
4.5740000000 4.8457121010
4.5750000000 4.8467384758
4.5760000000 4.8477648659
4.5770000000 4.8487912712
4.5780000000 4.8498176994
4.5790000000 4.8508441429
4.5800000000 4.8518705940
4.5810000000 4.8528970680
4.5820000000 4.8539235649
4.5830000000 4.8549500694
4.5840000000 4.8559765892
4.5850000000 4.8570031319
4.5860000000 4.8580296898
4.5870000000 4.8590562630
4.5880000000 4.8600828514
4.5890000000 4.8611094551
4.5900000000 4.8621360741
4.5910000000 4.8631627159
4.5920000000 4.8641893730
4.5930000000 4.8652160378
4.5940000000 4.8662427254
4.5950000000 4.8672694283
4.5960000000 4.8682961540
4.5970000000 4.8693228874
4.5980000000 4.8703496437
4.5990000000 4.8713764076
4.6000000000 4.8724031944
4.6010000000 4.8734299965
4.6020000000 4.8744568138
4.6030000000 4.8754836540
4.6040000000 4.8765105019
4.6050000000 4.8775373726
4.6060000000 4.8785642509
4.6070000000 4.8795911522
4.6080000000 4.8806180687
4.6090000000 4.8816450005
4.6100000000 4.8826719551
4.6110000000 4.8836989174
4.6120000000 4.8847259026
4.6130000000 4.8857528954
4.6140000000 4.8867799110
4.6150000000 4.8878069420
4.6160000000 4.8888339882
4.6170000000 4.8898610573
4.6180000000 4.8908881340
4.6190000000 4.8919152336
4.6200000000 4.8929423409
4.6210000000 4.8939694710
4.6220000000 4.8949966164
4.6230000000 4.8960237770
4.6240000000 4.8970509605
4.6250000000 4.8980781517
4.6260000000 4.8991053658
4.6270000000 4.9001325874
4.6280000000 4.9011598320
4.6290000000 4.9021870918
4.6300000000 4.9032143669
4.6310000000 4.9042416573
4.6320000000 4.9052689705
4.6330000000 4.9062962914
4.6340000000 4.9073236351
4.6350000000 4.9083509941
4.6360000000 4.9093783684
4.6370000000 4.9104057579
4.6380000000 4.9114331627
4.6390000000 4.9124605827
4.6400000000 4.9134880257
4.6410000000 4.9145154762
4.6420000000 4.9155429497
4.6430000000 4.9165704384
4.6440000000 4.9175979424
4.6450000000 4.9186254616
4.6460000000 4.9196529961
4.6470000000 4.9206805458
4.6480000000 4.9217081184
4.6490000000 4.9227357063
4.6500000000 4.9237633018
4.6510000000 4.9247909203
4.6520000000 4.9258185539
4.6530000000 4.9268462029
4.6540000000 4.9278738747
4.6550000000 4.9289015541
4.6560000000 4.9299292564
4.6570000000 4.9309569664
4.6580000000 4.9319846992
4.6590000000 4.9330124474
4.6600000000 4.9340402107
4.6610000000 4.9350679893
4.6620000000 4.9360957909
4.6630000000 4.9371236000
4.6640000000 4.9381514320
4.6650000000 4.9391792717
4.6660000000 4.9402071342
4.6670000000 4.9412350121
4.6680000000 4.9422629051
4.6690000000 4.9432908134
4.6700000000 4.9443187447
4.6710000000 4.9453466835
4.6720000000 4.9463746452
4.6730000000 4.9474026146
4.6740000000 4.9484306068
4.6750000000 4.9494586143
4.6760000000 4.9504866371
4.6770000000 4.9515146751
4.6780000000 4.9525427361
4.6790000000 4.9535708046
4.6800000000 4.9545988960
4.6810000000 4.9556269951
4.6820000000 4.9566551170
4.6830000000 4.9576832542
4.6840000000 4.9587114067
4.6850000000 4.9597395744
4.6860000000 4.9607677574
4.6870000000 4.9617959633
4.6880000000 4.9628241768
4.6890000000 4.9638524132
4.6900000000 4.9648806648
4.6910000000 4.9659089241
4.6920000000 4.9669372063
4.6930000000 4.9679655113
4.6940000000 4.9689938240
4.6950000000 4.9700221519
4.6960000000 4.9710505028
4.6970000000 4.9720788612
4.6980000000 4.9731072426
4.6990000000 4.9741356392
4.7000000000 4.9751640511
4.7010000000 4.9761924782
4.7020000000 4.9772209206
4.7030000000 4.9782493782
4.7040000000 4.9792778511
4.7050000000 4.9803063469
4.7060000000 4.9813348503
4.7070000000 4.9823633766
4.7080000000 4.9833919182
4.7090000000 4.9844204750
4.7100000000 4.9854490471
4.7110000000 4.9864776344
4.7120000000 4.9875062370
4.7130000000 4.9885348625
4.7140000000 4.9895634956
4.7150000000 4.9905921516
4.7160000000 4.9916208229
4.7170000000 4.9926495094
4.7180000000 4.9936782112
4.7190000000 4.9947069283
4.7200000000 4.9957356606
4.7210000000 4.9967644081
4.7220000000 4.9977931786
4.7230000000 4.9988219566
4.7240000000 4.9998507576
4.7250000000 5.0008795662
4.7260000000 5.0019083977
4.7270000000 5.0029372444
4.7280000000 5.0039661064
4.7290000000 5.0049949913
4.7300000000 5.0060238838
4.7310000000 5.0070527916
4.7320000000 5.0080817223
4.7330000000 5.0091106606
4.7340000000 5.0101396217
4.7350000000 5.0111685982
4.7360000000 5.0121975899
4.7370000000 5.0132265968
4.7380000000 5.0142556190
4.7390000000 5.0152846565
4.7400000000 5.0163137169
4.7410000000 5.0173427849
4.7420000000 5.0183718758
4.7430000000 5.0194009743
4.7440000000 5.0204300957
4.7450000000 5.0214592323
4.7460000000 5.0224883842
4.7470000000 5.0235175514
4.7480000000 5.0245467339
4.7490000000 5.0255759315
4.7500000000 5.0266051521
4.7510000000 5.0276343803
4.7520000000 5.0286636314
4.7530000000 5.0296928978
4.7540000000 5.0307221718
4.7550000000 5.0317514687
4.7560000000 5.0327807808
4.7570000000 5.0338101158
4.7580000000 5.0348394585
4.7590000000 5.0358688164
4.7600000000 5.0368981972
4.7610000000 5.0379275856
4.7620000000 5.0389569969
4.7630000000 5.0399864159
4.7640000000 5.0410158577
4.7650000000 5.0420453148
4.7660000000 5.0430747871
4.7670000000 5.0441042747
4.7680000000 5.0451337852
4.7690000000 5.0461633034
4.7700000000 5.0471928368
4.7710000000 5.0482223930
4.7720000000 5.0492519569
4.7730000000 5.0502815437
4.7740000000 5.0513111458
4.7750000000 5.0523407631
4.7760000000 5.0533703957
4.7770000000 5.0544000435
4.7780000000 5.0554297066
4.7790000000 5.0564593925
4.7800000000 5.0574890862
4.7810000000 5.0585187950
4.7820000000 5.0595485268
4.7830000000 5.0605782738
4.7840000000 5.0616080360
4.7850000000 5.0626378059
4.7860000000 5.0636675987
4.7870000000 5.0646974144
4.7880000000 5.0657272377
4.7890000000 5.0667570763
4.7900000000 5.0677869301
4.7910000000 5.0688168068
4.7920000000 5.0698466911
4.7930000000 5.0708765984
4.7940000000 5.0719065208
4.7950000000 5.0729364586
4.7960000000 5.0739664116
4.7970000000 5.0749963799
4.7980000000 5.0760263634
4.7990000000 5.0770563622
4.8000000000 5.0780863762
4.8010000000 5.0791164131
4.8020000000 5.0801464577
4.8030000000 5.0811765251
4.8040000000 5.0822066002
4.8050000000 5.0832366982
4.8060000000 5.0842668114
4.8070000000 5.0852969398
4.8080000000 5.0863270836
4.8090000000 5.0873572426
4.8100000000 5.0883874168
4.8110000000 5.0894176140
4.8120000000 5.0904478188
4.8130000000 5.0914780388
4.8140000000 5.0925082817
4.8150000000 5.0935385399
4.8160000000 5.0945688133
4.8170000000 5.0955990944
4.8180000000 5.0966293983
4.8190000000 5.0976597176
4.8200000000 5.0986900520
4.8210000000 5.0997204094
4.8220000000 5.1007507744
4.8230000000 5.1017811546
4.8240000000 5.1028115578
4.8250000000 5.1038419685
4.8260000000 5.1048724022
4.8270000000 5.1059028511
4.8280000000 5.1069333153
4.8290000000 5.1079637947
4.8300000000 5.1089942894
4.8310000000 5.1100247993
4.8320000000 5.1110553246
4.8330000000 5.1120858650
4.8340000000 5.1131164207
4.8350000000 5.1141469994
4.8360000000 5.1151775856
4.8370000000 5.1162081947
4.8380000000 5.1172388191
4.8390000000 5.1182694511
4.8400000000 5.1193001060
4.8410000000 5.1203307762
4.8420000000 5.1213614616
4.8430000000 5.1223921623
4.8440000000 5.1234228859
4.8450000000 5.1244536171
4.8460000000 5.1254843636
4.8470000000 5.1265151329
4.8480000000 5.1275459099
4.8490000000 5.1285767097
4.8500000000 5.1296075249
4.8510000000 5.1306383476
4.8520000000 5.1316691933
4.8530000000 5.1327000542
4.8540000000 5.1337309303
4.8550000000 5.1347618217
4.8560000000 5.1357927361
4.8570000000 5.1368236580
4.8580000000 5.1378545952
4.8590000000 5.1388855553
4.8600000000 5.1399165230
4.8610000000 5.1409475136
4.8620000000 5.1419785194
4.8630000000 5.1430095329
4.8640000000 5.1440405693
4.8650000000 5.1450716209
4.8660000000 5.1461026878
4.8670000000 5.1471337700
4.8680000000 5.1481648750
4.8690000000 5.1491959877
4.8700000000 5.1502271156
4.8710000000 5.1512582664
4.8720000000 5.1522894249
4.8730000000 5.1533206062
4.8740000000 5.1543517952
4.8750000000 5.1553830070
4.8760000000 5.1564142342
4.8770000000 5.1574454765
4.8780000000 5.1584767342
4.8790000000 5.1595080070
4.8800000000 5.1605392952
4.8810000000 5.1615705986
4.8820000000 5.1626019249
4.8830000000 5.1636332588
4.8840000000 5.1646646156
4.8850000000 5.1656959801
4.8860000000 5.1667273674
4.8870000000 5.1677587700
4.8880000000 5.1687901802
4.8890000000 5.1698216133
4.8900000000 5.1708530617
4.8910000000 5.1718845253
4.8920000000 5.1729160042
4.8930000000 5.1739474983
4.8940000000 5.1749790154
4.8950000000 5.1760105400
4.8960000000 5.1770420799
4.8970000000 5.1780736427
4.8980000000 5.1791052132
4.8990000000 5.1801368065
4.9000000000 5.1811684151
4.9010000000 5.1822000389
4.9020000000 5.1832316704
4.9030000000 5.1842633247
4.9040000000 5.1852949944
4.9050000000 5.1863266792
4.9060000000 5.1873583870
4.9070000000 5.1883901024
4.9080000000 5.1894218330
4.9090000000 5.1904535866
4.9100000000 5.1914853477
4.9110000000 5.1925171318
4.9120000000 5.1935489235
4.9130000000 5.1945807381
4.9140000000 5.1956125679
4.9150000000 5.1966444130
4.9160000000 5.1976762657
4.9170000000 5.1987081413
4.9180000000 5.1997400398
4.9190000000 5.2007719460
4.9200000000 5.2018038673
4.9210000000 5.2028358040
4.9220000000 5.2038677635
4.9230000000 5.2048997307
4.9240000000 5.2059317131
4.9250000000 5.2069637184
4.9260000000 5.2079957390
4.9270000000 5.2090277672
4.9280000000 5.2100598183
4.9290000000 5.2110918846
4.9300000000 5.2121239662
4.9310000000 5.2131560631
4.9320000000 5.2141881752
4.9330000000 5.2152203026
4.9340000000 5.2162524529
4.9350000000 5.2172846107
4.9360000000 5.2183167839
4.9370000000 5.2193489800
4.9380000000 5.2203811836
4.9390000000 5.2214134102
4.9400000000 5.2224456520
4.9410000000 5.2234779015
4.9420000000 5.2245101738
4.9430000000 5.2255424614
4.9440000000 5.2265747643
4.9450000000 5.2276070824
4.9460000000 5.2286394157
4.9470000000 5.2296717644
4.9480000000 5.2307041283
4.9490000000 5.2317365150
4.9500000000 5.2327689095
4.9510000000 5.2338013268
4.9520000000 5.2348337517
4.9530000000 5.2358661995
4.9540000000 5.2368986549
4.9550000000 5.2379311333
4.9560000000 5.2389636269
4.9570000000 5.2399961357
4.9580000000 5.2410286598
4.9590000000 5.2420611992
4.9600000000 5.2430937538
4.9610000000 5.2441263237
4.9620000000 5.2451589088
4.9630000000 5.2461915169
4.9640000000 5.2472241325
4.9650000000 5.2482567635
4.9660000000 5.2492894173
4.9670000000 5.2503220787
4.9680000000 5.2513547630
4.9690000000 5.2523874626
4.9700000000 5.2534201775
4.9710000000 5.2544528999
4.9720000000 5.2554856453
4.9730000000 5.2565184059
4.9740000000 5.2575511818
4.9750000000 5.2585839729
4.9760000000 5.2596167870
4.9770000000 5.2606496086
4.9780000000 5.2616824455
4.9790000000 5.2627153053
4.9800000000 5.2637481728
4.9810000000 5.2647810631
4.9820000000 5.2658139610
4.9830000000 5.2668468819
4.9840000000 5.2678798180
4.9850000000 5.2689127617
4.9860000000 5.2699457283
4.9870000000 5.2709787102
4.9880000000 5.2720117073
4.9890000000 5.2730447197
4.9900000000 5.2740777473
4.9910000000 5.2751107979
4.9920000000 5.2761438560
4.9930000000 5.2771769295
4.9940000000 5.2782100258
4.9950000000 5.2792431297
4.9960000000 5.2802762566
4.9970000000 5.2813093910
4.9980000000 5.2823425484
4.9990000000 5.2833757210
