4.0050000000 0.0052729301 0.3744294701 4.2644853554
4.0060000000 0.0114791603 0.3741797981 4.2655017204
4.0070000000 0.0153484306 0.3739284096 4.2665181007
4.0080000000 0.0184176445 0.3736752739 4.2675345039
4.0090000000 0.0210397758 0.3734203987 4.2685509224
4.0100000000 0.0233657341 0.3731637459 4.2695673637
4.0110000000 0.0254766808 0.3729053154 4.2705838203
4.0120000000 0.0274222298 0.3726450844 4.2716002998
4.0130000000 0.0292353325 0.3723830376 4.2726167946
4.0140000000 0.0309391975 0.3721191597 4.2736333122
4.0150000000 0.0325509071 0.3718534355 4.2746498451
4.0160000000 0.0340834541 0.3715858421 4.2756664009
4.0170000000 0.0355470085 0.3713163643 4.2766829720
4.0180000000 0.0369496803 0.3710449867 4.2776995659
4.0190000000 0.0382980919 0.3707716942 4.2787161751
4.0200000000 0.0395976982 0.3704964638 4.2797328072
4.0210000000 0.0408530922 0.3702192726 4.2807494545
4.0220000000 0.0420681419 0.3699401131 4.2817661247
4.0230000000 0.0432461662 0.3696589622 4.2827828102
4.0240000000 0.0443900414 0.3693757973 4.2837995186
4.0250000000 0.0455022621 0.3690906029 4.2848162422
4.0260000000 0.0465850029 0.3688033562 4.2858329887
4.0270000000 0.0476401863 0.3685140419 4.2868497505
4.0280000000 0.0486695290 0.3682226295 4.2878665352
4.0290000000 0.0496745491 0.3679291039 4.2888833351
4.0300000000 0.0506565895 0.3676334419 4.2899001503
4.0310000000 0.0516168785 0.3673356285 4.2909169960
4.0320000000 0.0525565071 0.3670356407 4.2919338493
4.0330000000 0.0534764671 0.3667334480 4.2929507256
4.0340000000 0.0543776512 0.3664290276 4.2939676247
4.0350000000 0.0552608681 0.3661223640 4.2949845390
4.0360000000 0.0561268578 0.3658134346 4.2960014763
4.0370000000 0.0569762840 0.3655022087 4.2970184288
4.0380000000 0.0578097572 0.3651886635 4.2980354042
4.0390000000 0.0586278267 0.3648727760 4.2990523949
4.0400000000 0.0594309959 0.3645545235 4.3000694008
4.0410000000 0.0602197151 0.3642338753 4.3010864296
4.0420000000 0.0609943962 0.3639108009 4.3021034813
4.0430000000 0.0617553978 0.3635852852 4.3031205482
4.0440000000 0.0625030479 0.3632572975 4.3041376305
4.0450000000 0.0632376366 0.3629268074 4.3051547356
4.0460000000 0.0639594154 0.3625937843 4.3061718559
4.0470000000 0.0646685829 0.3622582054 4.3071889992
4.0480000000 0.0653653221 0.3619200325 4.3082061653
4.0490000000 0.0660497475 0.3615792503 4.3092233467
4.0500000000 0.0667219505 0.3612358131 4.3102405434
4.0510000000 0.0673819618 0.3608896980 4.3112577629
4.0520000000 0.0680297737 0.3605408745 4.3122749977
4.0530000000 0.0686652794 0.3601893120 4.3132922554
4.0540000000 0.0692883186 0.3598349648 4.3143095284
4.0550000000 0.0698986244 0.3594778175 4.3153268166
4.0560000000 0.0704957695 0.3591178246 4.3163441353
4.0570000000 0.0710791588 0.3587549477 4.3173614616
4.0580000000 0.0716478691 0.3583891563 4.3183788109
4.0590000000 0.0722004738 0.3580204201 4.3193961830
4.0600000000 0.0727345238 0.3576486931 4.3204135704
4.0610000000 0.0732449303 0.3572739449 4.3214309731
4.0620000000 0.0737125282 0.3568961296 4.3224483986
4.0630000000 0.0742012444 0.3565152092 4.3234658394
4.0640000000 0.0747208214 0.3561311378 4.3244833031
4.0650000000 0.0752605705 0.3557438927 4.3255007820
4.0660000000 0.0758165703 0.3553534126 4.3265182838
4.0670000000 0.0763866463 0.3549596596 4.3275358009
4.0680000000 0.0769694099 0.3545625954 4.3285533409
4.0690000000 0.0775638618 0.3541621742 4.3295708961
4.0700000000 0.0781692619 0.3537583351 4.3305884743
4.0710000000 0.0787850456 0.3533510475 4.3316060677
4.0720000000 0.0794107552 0.3529402580 4.3326236763
4.0730000000 0.0800460243 0.3525259209 4.3336413078
4.0740000000 0.0806905403 0.3521079750 4.3346589622
4.0750000000 0.0813440514 0.3516863747 4.3356766243
4.0760000000 0.0820063438 0.3512610664 4.3366943169
4.0770000000 0.0826772346 0.3508319969 4.3377120171
4.0780000000 0.0833565788 0.3503991051 4.3387297401
4.0790000000 0.0840442314 0.3499623451 4.3397474861
4.0800000000 0.0847400932 0.3495216408 4.3407652473
4.0810000000 0.0854440575 0.3490769463 4.3417830315
4.0820000000 0.0861560555 0.3486281929 4.3428008308
4.0830000000 0.0868760109 0.3481753197 4.3438186455
4.0840000000 0.0876038780 0.3477182655 4.3448364830
4.0850000000 0.0883396034 0.3472569542 4.3458543358
4.0860000000 0.0890831566 0.3467913246 4.3468722115
4.0870000000 0.0898345146 0.3463213005 4.3478901024
4.0880000000 0.0905936546 0.3458468132 4.3489080162
4.0890000000 0.0913605614 0.3453677864 4.3499259453
4.0900000000 0.0921352425 0.3448841438 4.3509438896
4.0910000000 0.0929176979 0.3443958092 4.3519618568
4.0920000000 0.0937079353 0.3439026985 4.3529798393
4.0930000000 0.0945059700 0.3434047279 4.3539978447
4.0940000000 0.0953118248 0.3429018059 4.3550158653
4.0950000000 0.0961255302 0.3423938560 4.3560339088
4.0960000000 0.0969471169 0.3418807793 4.3570519676
4.0970000000 0.0977766228 0.3413624840 4.3580700493
4.0980000000 0.0986140938 0.3408388710 4.3590881462
4.0990000000 0.0994595833 0.3403098412 4.3601062584
4.1000000000 0.1003131371 0.3397752876 4.3611243935
4.1010000000 0.1011748238 0.3392351112 4.3621425438
4.1020000000 0.1020446968 0.3386891975 4.3631607170
4.1030000000 0.1029228477 0.3381374321 4.3641789055
4.1040000000 0.1038093300 0.3375796928 4.3651971092
4.1050000000 0.1047042427 0.3370158653 4.3662153358
4.1060000000 0.1056076698 0.3364458199 4.3672335854
4.1070000000 0.1065197029 0.3358694267 4.3682518501
4.1080000000 0.1074404411 0.3352865486 4.3692701302
4.1090000000 0.1083699837 0.3346970482 4.3702884254
4.1100000000 0.1093084602 0.3341007805 4.3713067436
4.1110000000 0.1102559700 0.3334975929 4.3723250847
4.1120000000 0.1112126503 0.3328873329 4.3733434410
4.1130000000 0.1121786308 0.3322698250 4.3743618126
4.1140000000 0.1131540489 0.3316449165 4.3753802071
4.1150000000 0.1141390495 0.3310124245 4.3763986168
4.1160000000 0.1151338005 0.3303721657 4.3774170494
4.1170000000 0.1161384468 0.3297239494 4.3784354973
4.1180000000 0.1171531715 0.3290675774 4.3794539604
4.1190000000 0.1181781502 0.3284028435 4.3804724464
4.1200000000 0.1192135887 0.3277295341 4.3814909477
4.1210000000 0.1202596703 0.3270474205 4.3825094719
4.1220000000 0.1213166084 0.3263562660 4.3835280113
4.1230000000 0.1223846397 0.3256558342 4.3845465660
4.1240000000 0.1234639854 0.3249458504 4.3855651436
4.1250000000 0.1245549049 0.3242260628 4.3865837364
4.1260000000 0.1256576576 0.3234961739 4.3876023521
4.1270000000 0.1267725105 0.3227559013 4.3886209831
4.1280000000 0.1278997688 0.3220049171 4.3896396370
4.1290000000 0.1290397301 0.3212429008 4.3906583061
4.1300000000 0.1301927223 0.3204695015 4.3916769905
4.1310000000 0.1313590965 0.3196843681 4.3926956978
4.1320000000 0.1325392189 0.3188871040 4.3937144203
4.1330000000 0.1337334709 0.3180773048 4.3947331581
4.1340000000 0.1349422646 0.3172545509 4.3957519188
4.1350000000 0.1361660423 0.3164183769 4.3967707024
4.1360000000 0.1374052696 0.3155683022 4.3977894936
4.1370000000 0.1386604347 0.3147038155 4.3988083153
4.1380000000 0.1399320717 0.3138243828 4.3998271446
4.1390000000 0.1412207375 0.3129294090 4.4008459969
4.1400000000 0.1425270424 0.3120182838 4.4018648643
4.1410000000 0.1438516350 0.3110903511 4.4028837547
4.1420000000 0.1451951942 0.3101448860 4.4039026604
4.1430000000 0.1465584831 0.3091811409 4.4049215889
4.1440000000 0.1479422874 0.3081983070 4.4059405327
4.1450000000 0.1493474846 0.3071954842 4.4069594917
4.1460000000 0.1507750130 0.3061717339 4.4079784737
4.1470000000 0.1522258797 0.3051260262 4.4089974709
4.1480000000 0.1537011833 0.3040572472 4.4100164833
4.1490000000 0.1552021446 0.3029641762 4.4110355186
4.1500000000 0.1567300606 0.3018454857 4.4120545692
4.1510000000 0.1582863808 0.3006997261 4.4130736427
4.1520000000 0.1598726921 0.2995252953 4.4140927315
4.1530000000 0.1614907341 0.2983204384 4.4151118431
4.1540000000 0.1631424675 0.2970831871 4.4161309624
4.1550000000 0.1648300362 0.2958113823 4.4171501122
4.1560000000 0.1665558662 0.2945025902 4.4181692696
4.1570000000 0.1683226738 0.2931540794 4.4191884499
4.1580000000 0.1701335411 0.2917627602 4.4202076530
4.1590000000 0.1719919624 0.2903251228 4.4212268639
4.1600000000 0.1739019585 0.2888371391 4.4222460976
4.1610000000 0.1758681526 0.2872941704 4.4232653542
4.1620000000 0.1778959618 0.2856907997 4.4242846260
4.1630000000 0.1799917412 0.2840206566 4.4253039131
4.1640000000 0.1821630669 0.2822761421 4.4263232231
4.1650000000 0.1844190865 0.2804481163 4.4273425484
4.1660000000 0.1867709999 0.2785253639 4.4283618889
4.1670000000 0.1892327843 0.2764939003 4.4293812523
4.1680000000 0.1918222618 0.2743358879 4.4304006310
4.1690000000 0.1945627632 0.2720279884 4.4314200325
4.1700000000 0.1974858665 0.2695386086 4.4324394493
4.1710000000 0.2006361809 0.2668231468 4.4334588814
4.1720000000 0.2040803566 0.2638149376 4.4344783363
4.1730000000 0.2079263191 0.2604060402 4.4354978065
4.1740000000 0.2123714790 0.2563990364 4.4365172920
4.1750000000 0.2178631630 0.2513465996 4.4375368004
4.1760000000 0.2261320457 0.2435180321 4.4385563240
