3.8090000000 0.0015827446 0.2000455894 4.0766267662
3.8100000000 0.0065555840 0.1990173988 4.0776448326
3.8110000000 0.0090849266 0.1979732780 4.0786629143
3.8120000000 0.0110053596 0.1969126472 4.0796810265
3.8130000000 0.0125952263 0.1958348885 4.0806991539
3.8140000000 0.0139641991 0.1947393456 4.0817173119
3.8150000000 0.0151678047 0.1936253166 4.0827354851
3.8160000000 0.0162372322 0.1924920540 4.0837536888
3.8170000000 0.0171895790 0.1913387566 4.0847719078
3.8180000000 0.0180300941 0.1901645699 4.0857901573
3.8190000000 0.0187386513 0.1889685707 4.0868084297
3.8200000000 0.0193976173 0.1877497597 4.0878267174
3.8210000000 0.0201919518 0.1865070763 4.0888450356
3.8220000000 0.0210716438 0.1852393532 4.0898633690
3.8230000000 0.0220237770 0.1839453392 4.0908817329
3.8240000000 0.0230422554 0.1826236610 4.0919001122
3.8250000000 0.0241237755 0.1812728310 4.0929185219
3.8260000000 0.0252665443 0.1798912239 4.0939369545
3.8270000000 0.0264697304 0.1784770317 4.0949554024
3.8280000000 0.0277332191 0.1770282936 4.0959738808
3.8290000000 0.0290574684 0.1755428123 4.0969923744
3.8300000000 0.0304434166 0.1740181770 4.0980108986
3.8310000000 0.0318925056 0.1724516563 4.0990294456
3.8320000000 0.0334066582 0.1708402214 4.1000480080
3.8330000000 0.0349882851 0.1691804237 4.1010666008
3.8340000000 0.0366403923 0.1674683800 4.1020852089
3.8350000000 0.0383666115 0.1656996117 4.1031038475
3.8360000000 0.0401713066 0.1638689842 4.1041225014
3.8370000000 0.0420597725 0.1619705086 4.1051411858
3.8380000000 0.0440383644 0.1599971809 4.1061598930
3.8390000000 0.0461148109 0.1579406624 4.1071786156
3.8400000000 0.0482985649 0.1557909279 4.1081973686
3.8410000000 0.0506013069 0.1535357552 4.1092161369
3.8420000000 0.0530377388 0.1511599312 4.1102349358
3.8430000000 0.0556266594 0.1486441994 4.1112537498
3.8440000000 0.0583926888 0.1459634743 4.1122725945
3.8450000000 0.0613690910 0.1430840721 4.1132914543
3.8460000000 0.0646025658 0.1399588814 4.1143103371
3.8470000000 0.0681622200 0.1365184059 4.1153292503
3.8480000000 0.0721581764 0.1326521568 4.1163481789
3.8490000000 0.0767864189 0.1281638069 4.1173671379
3.8500000000 0.0824682961 0.1226316643 4.1183861122
3.8510000000 0.0905871391 0.1146720848 4.1194051094
