0.0001000000 1.0000000049
0.0011000000 1.0000006006
0.0021000000 1.0000022021
0.0031000000 1.0000048096
0.0041000000 1.0000084033
0.0051000000 1.0000130029
0.0061000000 1.0000186084
0.0071000000 1.0000252002
0.0081000000 1.0000328076
0.0091000000 1.0000414014
0.0101000000 1.0000510010
0.0111000000 1.0000616064
0.0121000000 1.0000731982
0.0131000000 1.0000858057
0.0141000000 1.0000993994
0.0151000000 1.0001139990
0.0161000000 1.0001295947
0.0171000000 1.0001461963
0.0181000000 1.0001637939
0.0191000000 1.0001823975
0.0201000000 1.0002019873
0.0211000000 1.0002225830
0.0221000000 1.0002441846
0.0231000000 1.0002667822
0.0241000000 1.0002903760
0.0251000000 1.0003149658
0.0261000000 1.0003405615
0.0271000000 1.0003671533
0.0281000000 1.0003947510
0.0291000000 1.0004233447
0.0301000000 1.0004529346
0.0311000000 1.0004835205
0.0321000000 1.0005151123
0.0331000000 1.0005477002
0.0341000000 1.0005812842
0.0351000000 1.0006158740
0.0361000000 1.0006514600
0.0371000000 1.0006880420
0.0381000000 1.0007256201
0.0391000000 1.0007642041
0.0401000000 1.0008037744
0.0411000000 1.0008443506
0.0421000000 1.0008859326
0.0431000000 1.0009285010
0.0441000000 1.0009720752
0.0451000000 1.0010166455
0.0461000000 1.0010622119
0.0471000000 1.0011087744
0.0481000000 1.0011563330
0.0491000000 1.0012048975
0.0501000000 1.0012544580
0.0511000000 1.0013050049
0.0521000000 1.0013565576
0.0531000000 1.0014091064
0.0541000000 1.0014626514
0.0551000000 1.0015172021
0.0561000000 1.0015727393
0.0571000000 1.0016292725
0.0581000000 1.0016868115
0.0591000000 1.0017453369
0.0601000000 1.0018048584
0.0611000000 1.0018653857
0.0621000000 1.0019268994
0.0631000000 1.0019894189
0.0641000000 1.0020529248
0.0651000000 1.0021174365
0.0661000000 1.0021829346
0.0671000000 1.0022494287
0.0681000000 1.0023169189
0.0691000000 1.0023854053
0.0701000000 1.0024548877
0.0711000000 1.0025253662
0.0721000000 1.0025968408
0.0731000000 1.0026693018
0.0741000000 1.0027427686
0.0751000000 1.0028172217
0.0761000000 1.0028926709
0.0771000000 1.0029691064
0.0781000000 1.0030465479
0.0791000000 1.0031249756
0.0801000000 1.0032043994
0.0811000000 1.0032848193
0.0821000000 1.0033662256
0.0831000000 1.0034486279
0.0841000000 1.0035320264
0.0851000000 1.0036164111
0.0861000000 1.0037017920
0.0871000000 1.0037881689
0.0881000000 1.0038755322
0.0891000000 1.0039638916
0.0901000000 1.0040532373
0.0911000000 1.0041435791
0.0921000000 1.0042349072
0.0931000000 1.0043272314
0.0941000000 1.0044205420
0.0951000000 1.0045148486
0.0961000000 1.0046101416
0.0971000000 1.0047064209
0.0981000000 1.0048036963
0.0991000000 1.0049019678
0.1001000000 1.0050012158
0.1011000000 1.0051014600
0.1021000000 1.0052026904
0.1031000000 1.0053049170
0.1041000000 1.0054081299
0.1051000000 1.0055123291
0.1061000000 1.0056175146
0.1071000000 1.0057236865
0.1081000000 1.0058308545
0.1091000000 1.0059390088
0.1101000000 1.0060481494
0.1111000000 1.0061582764
0.1121000000 1.0062693896
0.1131000000 1.0063814893
0.1141000000 1.0064945752
0.1151000000 1.0066086475
0.1161000000 1.0067237061
0.1171000000 1.0068397510
0.1181000000 1.0069567822
0.1191000000 1.0070747998
0.1201000000 1.0071938037
0.1211000000 1.0073137939
0.1221000000 1.0074347607
0.1231000000 1.0075567139
0.1241000000 1.0076796533
0.1251000000 1.0078035791
0.1261000000 1.0079284912
0.1271000000 1.0080543799
0.1281000000 1.0081812549
0.1291000000 1.0083091064
0.1301000000 1.0084379443
0.1311000000 1.0085677686
0.1321000000 1.0086985693
0.1331000000 1.0088303564
0.1341000000 1.0089631201
0.1351000000 1.0090968701
0.1361000000 1.0092315967
0.1371000000 1.0093673096
0.1381000000 1.0095039990
0.1391000000 1.0096416650
0.1401000000 1.0097803174
0.1411000000 1.0099199463
0.1421000000 1.0100605518
0.1431000000 1.0102021436
0.1441000000 1.0103447119
0.1451000000 1.0104882568
0.1461000000 1.0106327783
0.1471000000 1.0107782764
0.1481000000 1.0109247510
0.1491000000 1.0110722021
0.1501000000 1.0112206396
0.1511000000 1.0113700439
0.1521000000 1.0115204248
0.1531000000 1.0116717822
0.1541000000 1.0118241162
0.1551000000 1.0119774268
0.1561000000 1.0121317139
0.1571000000 1.0122869775
0.1581000000 1.0124432080
0.1591000000 1.0126004150
0.1601000000 1.0127585986
0.1611000000 1.0129177490
0.1621000000 1.0130778760
0.1631000000 1.0132389795
0.1641000000 1.0134010498
0.1651000000 1.0135640967
0.1661000000 1.0137281104
0.1671000000 1.0138930908
0.1681000000 1.0140590479
0.1691000000 1.0142259814
0.1701000000 1.0143938818
0.1711000000 1.0145627490
0.1721000000 1.0147325830
0.1731000000 1.0149033936
0.1741000000 1.0150751709
0.1751000000 1.0152479150
0.1761000000 1.0154216260
0.1771000000 1.0155963037
0.1781000000 1.0157719482
0.1791000000 1.0159485596
0.1801000000 1.0161261377
0.1811000000 1.0163046924
0.1821000000 1.0164842041
0.1831000000 1.0166646826
0.1841000000 1.0168461182
0.1851000000 1.0170285303
0.1861000000 1.0172118994
0.1871000000 1.0173962354
0.1881000000 1.0175815381
0.1891000000 1.0177677979
0.1901000000 1.0179550244
0.1911000000 1.0181432178
0.1921000000 1.0183323584
0.1931000000 1.0185224756
0.1941000000 1.0187135498
0.1951000000 1.0189055811
0.1961000000 1.0190985791
0.1971000000 1.0192925244
0.1981000000 1.0194874463
0.1991000000 1.0196833154
0.2001000000 1.0198801514
0.2011000000 1.0200779346
0.2021000000 1.0202766846
0.2031000000 1.0204763916
0.2041000000 1.0206770557
0.2051000000 1.0208786768
0.2061000000 1.0210812451
0.2071000000 1.0212847803
0.2081000000 1.0214892627
0.2091000000 1.0216947119
0.2101000000 1.0219011084
0.2111000000 1.0221084521
0.2121000000 1.0223167627
0.2131000000 1.0225260205
0.2141000000 1.0227362256
0.2151000000 1.0229473975
0.2161000000 1.0231595068
0.2171000000 1.0233725732
0.2181000000 1.0235865967
0.2191000000 1.0238015576
0.2201000000 1.0240174854
0.2211000000 1.0242343506
0.2221000000 1.0244521631
0.2231000000 1.0246709326
0.2241000000 1.0248906494
0.2251000000 1.0251113135
0.2261000000 1.0253329248
0.2271000000 1.0255554834
0.2281000000 1.0257789893
0.2291000000 1.0260034424
0.2301000000 1.0262288330
0.2311000000 1.0264551807
0.2321000000 1.0266824658
0.2331000000 1.0269106982
0.2341000000 1.0271398682
0.2351000000 1.0273699854
0.2361000000 1.0276010498
0.2371000000 1.0278330518
0.2381000000 1.0280660010
0.2391000000 1.0282998877
0.2401000000 1.0285347119
0.2411000000 1.0287704736
0.2421000000 1.0290071826
0.2431000000 1.0292448291
0.2441000000 1.0294834229
0.2451000000 1.0297229443
0.2461000000 1.0299634033
0.2471000000 1.0302048096
0.2481000000 1.0304471436
0.2491000000 1.0306904248
0.2501000000 1.0309346338
0.2511000000 1.0311797803
0.2521000000 1.0314258545
0.2531000000 1.0316728662
0.2541000000 1.0319208154
0.2551000000 1.0321697021
0.2561000000 1.0324195166
0.2571000000 1.0326702686
0.2581000000 1.0329219482
0.2591000000 1.0331745557
0.2601000000 1.0334281006
0.2611000000 1.0336825732
0.2621000000 1.0339379736
0.2631000000 1.0341943018
0.2641000000 1.0344515674
0.2651000000 1.0347097510
0.2661000000 1.0349688721
0.2671000000 1.0352289111
0.2681000000 1.0354898877
0.2691000000 1.0357517822
0.2701000000 1.0360146045
0.2711000000 1.0362783545
0.2721000000 1.0365430225
0.2731000000 1.0368086182
0.2741000000 1.0370751416
0.2751000000 1.0373425830
0.2761000000 1.0376109424
0.2771000000 1.0378802295
0.2781000000 1.0381504443
0.2791000000 1.0384215674
0.2801000000 1.0386936182
0.2811000000 1.0389665869
0.2821000000 1.0392404736
0.2831000000 1.0395152783
0.2841000000 1.0397910010
0.2851000000 1.0400676416
0.2861000000 1.0403452002
0.2871000000 1.0406236768
0.2881000000 1.0409030713
0.2891000000 1.0411833740
0.2901000000 1.0414645947
0.2911000000 1.0417467236
0.2921000000 1.0420297705
0.2931000000 1.0423137354
0.2941000000 1.0425985986
0.2951000000 1.0428843896
0.2961000000 1.0431710791
0.2971000000 1.0434586865
0.2981000000 1.0437472021
0.2991000000 1.0440366260
