0.0025001000 0.0006799375
0.0035001000 0.0009519025
0.0040001000 0.0010878875
0.0045001000 0.0012238725
0.0050001000 0.0013598525
0.0055001000 0.0014958375
0.0060001000 0.0016318225
0.0065001000 0.0017678025
0.0070001000 0.0019037875
0.0075001000 0.0020397725
0.0080001000 0.0021757575
0.0085001000 0.0023117375
0.0090001000 0.0024477225
0.0095001000 0.0025837075
0.0100001000 0.0027196925
0.0105001000 0.0028556775
0.0110001000 0.0029916625
0.0115001000 0.0031276525
0.0120001000 0.0032636375
0.0125001000 0.0033996225
0.0130001000 0.0035356075
0.0135001000 0.0036715975
0.0140001000 0.0038075825
0.0145001000 0.0039435725
0.0150001000 0.0040795625
0.0155001000 0.0042155475
0.0160001000 0.0043515375
0.0165001000 0.0044875275
0.0170001000 0.0046235175
0.0175001000 0.0047595075
0.0180001000 0.0048954975
0.0185001000 0.0050314925
0.0190001000 0.0051674825
0.0195001000 0.0053034725
0.0200001000 0.0054394675
0.0205001000 0.0055754625
0.0210001000 0.0057114575
0.0215001000 0.0058474525
0.0220001000 0.0059834475
0.0225001000 0.0061194425
0.0230001000 0.0062554375
0.0235001000 0.0063914325
0.0240001000 0.0065274325
0.0245001000 0.0066634325
0.0250001000 0.0067994325
0.0255001000 0.0069354275
0.0260001000 0.0070714325
0.0265001000 0.0072074325
0.0270001000 0.0073434325
0.0275001000 0.0074794375
0.0280001000 0.0076154375
0.0285001000 0.0077514425
0.0290001000 0.0078874475
0.0295001000 0.0080234525
0.0300001000 0.0081594625
0.0305001000 0.0082954675
0.0310001000 0.0084314775
0.0315001000 0.0085674875
0.0320001000 0.0087034975
0.0325001000 0.0088395075
0.0330001000 0.0089755175
0.0335001000 0.0091115325
0.0340001000 0.0092475475
0.0345001000 0.0093835625
0.0350001000 0.0095195775
0.0355001000 0.0096555925
0.0360001000 0.0097916125
0.0365001000 0.0099276325
0.0370001000 0.0100636475
0.0375001000 0.0101996725
0.0380001000 0.0103356925
0.0385001000 0.0104717175
0.0390001000 0.0106077425
0.0395001000 0.0107437675
0.0400001000 0.0108797925
0.0405001000 0.0110158175
0.0410001000 0.0111518475
0.0415001000 0.0112878775
0.0420001000 0.0114239075
0.0425001000 0.0115599425
0.0430001000 0.0116959775
0.0435001000 0.0118320125
0.0440001000 0.0119680475
0.0445001000 0.0121040825
0.0450001000 0.0122401225
0.0455001000 0.0123761625
0.0460001000 0.0125122025
0.0465001000 0.0126482475
0.0470001000 0.0127842925
0.0475001000 0.0129203375
0.0480001000 0.0130563825
0.0485001000 0.0131924325
0.0490001000 0.0133284825
0.0495001000 0.0134645325
0.0500001000 0.0136005875
0.0505001000 0.0137366425
0.0510001000 0.0138726975
0.0515001000 0.0140087525
0.0520001000 0.0141448125
0.0525001000 0.0142808725
0.0530001000 0.0144169375
0.0535001000 0.0145530025
0.0540001000 0.0146890675
0.0545001000 0.0148251325
0.0550001000 0.0149612025
0.0555001000 0.0150972725
0.0560001000 0.0152333475
0.0565001000 0.0153694175
0.0570001000 0.0155054925
0.0575001000 0.0156415725
0.0580001000 0.0157776525
0.0585001000 0.0159137325
0.0590001000 0.0160498175
0.0595001000 0.0161859025
0.0600001000 0.0163219875
0.0605001000 0.0164580775
0.0610001000 0.0165941675
0.0615001000 0.0167302625
0.0620001000 0.0168663525
0.0625001000 0.0170024525
0.0630001000 0.0171385475
0.0635001000 0.0172746525
0.0640001000 0.0174107525
0.0645001000 0.0175468575
0.0650001000 0.0176829625
0.0655001000 0.0178190725
0.0660001000 0.0179551825
0.0665001000 0.0180912975
0.0670001000 0.0182274125
0.0675001000 0.0183635325
0.0680001000 0.0184996525
0.0685001000 0.0186357725
0.0690001000 0.0187718975
0.0695001000 0.0189080225
