0.3375000000 0.0940676000 0.0948826000
0.3380000000 0.0942176000 0.0950326000
0.3385000000 0.0943676000 0.0951826000
0.3390000000 0.0945126000 0.0953326000
0.3395000000 0.0946626000 0.0954826000
0.3400000000 0.0948126000 0.0956326000
0.3405000000 0.0949626000 0.0957826000
0.3410000000 0.0951176000 0.0959326000
0.3415000000 0.0952676000 0.0960826000
0.3420000000 0.0954176000 0.0962326000
0.3425000000 0.0955676000 0.0963826000
0.3430000000 0.0957176000 0.0965326000
0.3435000000 0.0958676000 0.0966826000
0.3440000000 0.0960176000 0.0968276000
0.3445000000 0.0961676000 0.0969776000
0.3450000000 0.0963226000 0.0971276000
0.3455000000 0.0964726000 0.0972776000
0.3460000000 0.0966226000 0.0974276000
0.3465000000 0.0967726000 0.0975776000
0.3470000000 0.0969276000 0.0977276000
0.3475000000 0.0970776000 0.0978726000
0.3480000000 0.0972276000 0.0980226000
0.3485000000 0.0973826000 0.0981726000
0.3490000000 0.0975326000 0.0983226000
0.3495000000 0.0976826000 0.0984726000
0.3500000000 0.0978376000 0.0986176000
0.3505000000 0.0979876000 0.0987676000
0.3510000000 0.0981426000 0.0989176000
0.3515000000 0.0982926000 0.0990626000
0.3520000000 0.0984476000 0.0992126000
0.3525000000 0.0985976000 0.0993626000
0.3530000000 0.0987526000 0.0995076000
0.3535000000 0.0989076000 0.0996576000
0.3540000000 0.0990576000 0.0998076000
0.3545000000 0.0992126000 0.0999526000
0.3550000000 0.0993676000 0.1001026000
0.3555000000 0.0995176000 0.1002476000
0.3560000000 0.0996726000 0.1003976000
0.3565000000 0.0998276000 0.1005426000
0.3570000000 0.0999826000 0.1006876000
0.3575000000 0.1001376000 0.1008376000
0.3580000000 0.1002926000 0.1009826000
0.3585000000 0.1004476000 0.1011326000
0.3590000000 0.1006026000 0.1012776000
0.3595000000 0.1007576000 0.1014226000
0.3600000000 0.1009126000 0.1015676000
0.3605000000 0.1010676000 0.1017176000
0.3610000000 0.1012276000 0.1018626000
0.3615000000 0.1013826000 0.1020076000
0.3620000000 0.1015376000 0.1021526000
0.3625000000 0.1016976000 0.1022976000
0.3630000000 0.1018526000 0.1024426000
0.3635000000 0.1020126000 0.1025876000
0.3640000000 0.1021726000 0.1027276000
0.3645000000 0.1023276000 0.1028726000
0.3650000000 0.1024876000 0.1030176000
0.3655000000 0.1026476000 0.1031576000
0.3660000000 0.1028076000 0.1033026000
0.3665000000 0.1029676000 0.1034426000
0.3670000000 0.1031326000 0.1035826000
0.3675000000 0.1032926000 0.1037226000
0.3680000000 0.1034576000 0.1038626000
0.3685000000 0.1036226000 0.1040026000
0.3690000000 0.1037876000 0.1041376000
0.3695000000 0.1039526000 0.1042726000
0.3700000000 0.1041226000 0.1044076000
0.3705000000 0.1042976000 0.1045376000
0.3710000000 0.1044776000 0.1046626000
0.3715000000 0.1046726000 0.1047726000
