0.0800010000 1.0019687500 2.1010312500
0.0850010000 1.0022812500 2.1012187500
0.0900010000 1.0025312500 2.1013437500
0.0950010000 1.0028437500 2.1014687500
0.1000010000 1.0030937500 2.1016562500
0.1050010000 1.0034062500 2.1017812500
0.1100010000 1.0037812500 2.1019687500
0.1150010000 1.0040937500 2.1021562500
0.1200010000 1.0044687500 2.1023437500
0.1250010000 1.0048437500 2.1025937500
0.1300010000 1.0052812500 2.1027812500
0.1350010000 1.0056562500 2.1029687500
0.1400010000 1.0060937500 2.1032187500
0.1450010000 1.0065312500 2.1034687500
0.1500010000 1.0069687500 2.1037187500
0.1550010000 1.0074687500 2.1039687500
0.1600010000 1.0079687500 2.1042187500
0.1650010000 1.0084687500 2.1044687500
0.1700010000 1.0089687500 2.1047812500
0.1750010000 1.0094687500 2.1050312500
0.1800010000 1.0100312500 2.1053437500
0.1850010000 1.0105937500 2.1056562500
0.1900010000 1.0111562500 2.1059687500
0.1950010000 1.0117812500 2.1062812500
0.2000010000 1.0124062500 2.1065937500
0.2050010000 1.0130312500 2.1069062500
0.2100010000 1.0136562500 2.1072812500
0.2150010000 1.0142812500 2.1075937500
0.2200010000 1.0149687500 2.1079687500
0.2250010000 1.0156562500 2.1083437500
0.2300010000 1.0163437500 2.1087187500
0.2350010000 1.0170312500 2.1090937500
0.2400010000 1.0177812500 2.1094687500
0.2450010000 1.0184687500 2.1099062500
0.2500010000 1.0192187500 2.1102812500
0.2550010000 1.0200312500 2.1107187500
0.2600010000 1.0207812500 2.1111562500
0.2650010000 1.0215937500 2.1115937500
0.2700010000 1.0224062500 2.1120312500
0.2750010000 1.0232187500 2.1124687500
0.2800010000 1.0240312500 2.1129062500
0.2850010000 1.0249062500 2.1134062500
0.2900010000 1.0257812500 2.1138437500
0.2950010000 1.0266562500 2.1143437500
0.3000010000 1.0275312500 2.1148437500
0.3050010000 1.0284687500 2.1153437500
0.3100010000 1.0293437500 2.1158437500
0.3150010000 1.0302812500 2.1163437500
0.3200010000 1.0312187500 2.1169062500
0.3250010000 1.0322187500 2.1174062500
0.3300010000 1.0331562500 2.1179687500
0.3350010000 1.0341562500 2.1185312500
0.3400010000 1.0351562500 2.1190937500
0.3450010000 1.0362187500 2.1196562500
0.3500010000 1.0372187500 2.1202187500
0.3550010000 1.0382812500 2.1207812500
0.3600010000 1.0393437500 2.1214062500
0.3650010000 1.0404062500 2.1219687500
0.3700010000 1.0414687500 2.1225937500
0.3750010000 1.0425312500 2.1232187500
0.3800010000 1.0436562500 2.1238437500
0.3850010000 1.0447812500 2.1244687500
0.3900010000 1.0459062500 2.1251562500
0.3950010000 1.0470312500 2.1257812500
0.4000010000 1.0482187500 2.1264687500
0.4050010000 1.0494062500 2.1270937500
0.4100010000 1.0505937500 2.1277812500
0.4150010000 1.0517812500 2.1284687500
0.4200010000 1.0529687500 2.1291562500
0.4250010000 1.0541562500 2.1299062500
0.4300010000 1.0554062500 2.1305937500
0.4350010000 1.0566562500 2.1312812500
0.4400010000 1.0579062500 2.1320312500
0.4450010000 1.0591562500 2.1327812500
0.4500010000 1.0604687500 2.1335312500
0.4550010000 1.0617812500 2.1342812500
0.4600010000 1.0630312500 2.1350312500
0.4650010000 1.0643437500 2.1357812500
0.4700010000 1.0657187500 2.1365937500
0.4750010000 1.0670312500 2.1374062500
0.4800010000 1.0684062500 2.1381562500
0.4850010000 1.0697187500 2.1389687500
0.4900010000 1.0710937500 2.1397812500
0.4950010000 1.0724687500 2.1405937500
0.5000010000 1.0739062500 2.1414687500
0.5050010000 1.0752812500 2.1422812500
0.5100010000 1.0767187500 2.1431562500
0.5150010000 1.0781562500 2.1440312500
0.5200010000 1.0795937500 2.1448437500
0.5250010000 1.0810312500 2.1457187500
0.5300010000 1.0824687500 2.1466562500
0.5350010000 1.0839687500 2.1475312500
0.5400010000 1.0854062500 2.1484062500
0.5450010000 1.0869062500 2.1493437500
0.5500010000 1.0884062500 2.1502187500
0.5550010000 1.0899687500 2.1511562500
0.5600010000 1.0914687500 2.1520937500
0.5650010000 1.0929687500 2.1530312500
0.5700010000 1.0945312500 2.1540312500
0.5750010000 1.0960937500 2.1549687500
0.5800010000 1.0976562500 2.1559687500
0.5850010000 1.0992187500 2.1569062500
0.5900010000 1.1007812500 2.1579062500
0.5950010000 1.1024062500 2.1589062500
0.6000010000 1.1040312500 2.1599062500
0.6050010000 1.1055937500 2.1609062500
0.6100010000 1.1072187500 2.1619687500
0.6150010000 1.1088437500 2.1629687500
0.6200010000 1.1105312500 2.1640312500
0.6250010000 1.1121562500 2.1650937500
0.6300010000 1.1138437500 2.1661562500
0.6350010000 1.1154687500 2.1672187500
0.6400010000 1.1171562500 2.1682812500
0.6450010000 1.1188437500 2.1693437500
0.6500010000 1.1205312500 2.1704687500
0.6550010000 1.1222187500 2.1715937500
0.6600010000 1.1239687500 2.1726562500
0.6650010000 1.1256562500 2.1737812500
0.6700010000 1.1274062500 2.1749062500
0.6750010000 1.1291562500 2.1760937500
0.6800010000 1.1309062500 2.1772187500
0.6850010000 1.1326562500 2.1784062500
0.6900010000 1.1344062500 2.1795312500
0.6950010000 1.1361562500 2.1807187500
0.7000010000 1.1379687500 2.1819062500
0.7050010000 1.1397187500 2.1830937500
0.7100010000 1.1415312500 2.1842812500
0.7150010000 1.1433437500 2.1855312500
0.7200010000 1.1451562500 2.1867187500
0.7250010000 1.1469687500 2.1879687500
0.7300010000 1.1487812500 2.1892187500
0.7350010000 1.1505937500 2.1904687500
0.7400010000 1.1524687500 2.1917187500
0.7450010000 1.1542812500 2.1929687500
0.7500010000 1.1561562500 2.1942187500
0.7550010000 1.1580312500 2.1955312500
0.7600010000 1.1599062500 2.1967812500
0.7650010000 1.1617812500 2.1980937500
0.7700010000 1.1636562500 2.1994062500
0.7750010000 1.1655312500 2.2007187500
0.7800010000 1.1674687500 2.2020937500
0.7850010000 1.1693437500 2.2034062500
0.7900010000 1.1712812500 2.2047187500
0.7950010000 1.1731562500 2.2060937500
0.8000010000 1.1750937500 2.2074687500
0.8050010000 1.1770312500 2.2088437500
0.8100010000 1.1789687500 2.2102187500
0.8150010000 1.1809062500 2.2115937500
0.8200010000 1.1828437500 2.2130312500
0.8250010000 1.1848437500 2.2144062500
0.8300010000 1.1867812500 2.2158437500
0.8350010000 1.1887812500 2.2172812500
0.8400010000 1.1907187500 2.2187187500
0.8450010000 1.1927187500 2.2201562500
0.8500010000 1.1947187500 2.2215937500
0.8550010000 1.1967187500 2.2230937500
0.8600010000 1.1987187500 2.2245312500
0.8650010000 1.2007187500 2.2260312500
0.8700010000 1.2027187500 2.2275312500
0.8750010000 1.2047187500 2.2290312500
0.8800010000 1.2067812500 2.2305312500
0.8850010000 1.2087812500 2.2320937500
0.8900010000 1.2107812500 2.2335937500
0.8950010000 1.2128437500 2.2351562500
0.9000010000 1.2149062500 2.2366562500
0.9050010000 1.2169687500 2.2382187500
0.9100010000 1.2189687500 2.2397812500
0.9150010000 1.2210312500 2.2414062500
0.9200010000 1.2230937500 2.2429687500
0.9250010000 1.2251562500 2.2445937500
0.9300010000 1.2272812500 2.2461562500
0.9350010000 1.2293437500 2.2477812500
0.9400010000 1.2314062500 2.2494062500
0.9450010000 1.2334687500 2.2510312500
0.9500010000 1.2355937500 2.2526562500
0.9550010000 1.2376562500 2.2543437500
0.9600010000 1.2397812500 2.2559687500
0.9650010000 1.2419062500 2.2576562500
0.9700010000 1.2439687500 2.2593437500
0.9750010000 1.2460937500 2.2610312500
0.9800010000 1.2482187500 2.2627187500
0.9850010000 1.2503437500 2.2644062500
0.9900010000 1.2524687500 2.2661562500
0.9950010000 1.2545937500 2.2678437500
1.0000010000 1.2567187500 2.2695937500
1.0050010000 1.2589062500 2.2713437500
1.0100010000 1.2610312500 2.2730937500
1.0150010000 1.2631562500 2.2748437500
1.0200010000 1.2652812500 2.2766562500
1.0250010000 1.2674687500 2.2784062500
1.0300010000 1.2695937500 2.2802187500
1.0350010000 1.2717812500 2.2819687500
1.0400010000 1.2739687500 2.2837812500
1.0450010000 1.2760937500 2.2856562500
1.0500010000 1.2782812500 2.2874687500
1.0550010000 1.2804687500 2.2892812500
1.0600010000 1.2826562500 2.2911562500
1.0650010000 1.2847812500 2.2929687500
1.0700010000 1.2869687500 2.2948437500
1.0750010000 1.2891562500 2.2967187500
1.0800010000 1.2913437500 2.2985937500
1.0850010000 1.2935312500 2.3005312500
1.0900010000 1.2957812500 2.3024062500
1.0950010000 1.2979687500 2.3043437500
1.1000010000 1.3001562500 2.3062187500
1.1050010000 1.3023437500 2.3081562500
1.1100010000 1.3045937500 2.3100937500
1.1150010000 1.3067812500 2.3120937500
1.1200010000 1.3089687500 2.3140312500
1.1250010000 1.3112187500 2.3159687500
1.1300010000 1.3134062500 2.3179687500
1.1350010000 1.3156562500 2.3199687500
1.1400010000 1.3178437500 2.3219687500
1.1450010000 1.3200937500 2.3239687500
1.1500010000 1.3223437500 2.3259687500
1.1550010000 1.3245312500 2.3280312500
1.1600010000 1.3267812500 2.3300312500
1.1650010000 1.3290312500 2.3320937500
1.1700010000 1.3312187500 2.3341562500
1.1750010000 1.3334687500 2.3362187500
1.1800010000 1.3357187500 2.3382812500
1.1850010000 1.3379687500 2.3403437500
1.1900010000 1.3402187500 2.3424687500
1.1950010000 1.3424687500 2.3445312500
1.2000010000 1.3447187500 2.3466562500
1.2050010000 1.3469687500 2.3487812500
1.2100010000 1.3492187500 2.3509062500
1.2150010000 1.3514687500 2.3530312500
1.2200010000 1.3537187500 2.3551562500
1.2250010000 1.3559687500 2.3573437500
1.2300010000 1.3582187500 2.3595312500
1.2350010000 1.3604687500 2.3616562500
1.2400010000 1.3627812500 2.3638437500
1.2450010000 1.3650312500 2.3660312500
1.2500010000 1.3672812500 2.3682812500
1.2550010000 1.3695312500 2.3704687500
1.2600010000 1.3718437500 2.3727187500
1.2650010000 1.3740937500 2.3749062500
1.2700010000 1.3763437500 2.3771562500
1.2750010000 1.3786562500 2.3794062500
1.2800010000 1.3809062500 2.3816562500
1.2850010000 1.3832187500 2.3839687500
1.2900010000 1.3854687500 2.3862187500
1.2950010000 1.3877187500 2.3885312500
1.3000010000 1.3900312500 2.3907812500
1.3050010000 1.3922812500 2.3930937500
1.3100010000 1.3945937500 2.3954062500
1.3150010000 1.3968437500 2.3977812500
1.3200010000 1.3991562500 2.4000937500
1.3250010000 1.4014687500 2.4024062500
1.3300010000 1.4037187500 2.4047812500
1.3350010000 1.4060312500 2.4071562500
1.3400010000 1.4082812500 2.4095312500
1.3450010000 1.4105937500 2.4119062500
1.3500010000 1.4129062500 2.4142812500
1.3550010000 1.4151562500 2.4166562500
1.3600010000 1.4174687500 2.4190937500
1.3650010000 1.4197812500 2.4214687500
1.3700010000 1.4220312500 2.4239062500
1.3750010000 1.4243437500 2.4263437500
1.3800010000 1.4266562500 2.4287812500
1.3850010000 1.4289062500 2.4312812500
1.3900010000 1.4312187500 2.4337187500
1.3950010000 1.4335312500 2.4362187500
1.4000010000 1.4358437500 2.4386562500
1.4050010000 1.4380937500 2.4411562500
1.4100010000 1.4404062500 2.4436562500
1.4150010000 1.4427187500 2.4461562500
1.4200010000 1.4450312500 2.4486562500
1.4250010000 1.4473437500 2.4512187500
1.4300010000 1.4495937500 2.4537187500
1.4350010000 1.4519062500 2.4562812500
1.4400010000 1.4542187500 2.4588437500
1.4450010000 1.4565312500 2.4614062500
1.4500010000 1.4588437500 2.4639687500
1.4550010000 1.4610937500 2.4665312500
1.4600010000 1.4634062500 2.4691562500
1.4650010000 1.4657187500 2.4717187500
1.4700010000 1.4680312500 2.4743437500
1.4750010000 1.4703437500 2.4769687500
1.4800010000 1.4726562500 2.4795937500
1.4850010000 1.4749687500 2.4822187500
1.4900010000 1.4772812500 2.4848437500
1.4950010000 1.4795312500 2.4875312500
1.5000010000 1.4818437500 2.4901562500
1.5050010000 1.4841562500 2.4928437500
1.5100010000 1.4864687500 2.4955312500
1.5150010000 1.4887812500 2.4982187500
1.5200010000 1.4910937500 2.5009062500
1.5250010000 1.4934062500 2.5035937500
1.5300010000 1.4957187500 2.5063437500
1.5350010000 1.4980312500 2.5090312500
1.5400010000 1.5002812500 2.5117812500
1.5450010000 1.5025937500 2.5145312500
1.5500010000 1.5049062500 2.5172812500
1.5550010000 1.5072187500 2.5200312500
1.5600010000 1.5095312500 2.5227812500
1.5650010000 1.5118437500 2.5255312500
1.5700010000 1.5141562500 2.5283437500
1.5750010000 1.5164687500 2.5310937500
1.5800010000 1.5187812500 2.5339062500
1.5850010000 1.5210937500 2.5367187500
1.5900010000 1.5234062500 2.5395312500
1.5950010000 1.5256562500 2.5423437500
1.6000010000 1.5279687500 2.5452187500
1.6050010000 1.5302812500 2.5480312500
1.6100010000 1.5325937500 2.5509062500
1.6150010000 1.5349062500 2.5537812500
1.6200010000 1.5372187500 2.5566562500
1.6250010000 1.5395312500 2.5595312500
1.6300010000 1.5418437500 2.5624062500
1.6350010000 1.5441562500 2.5652812500
1.6400010000 1.5464687500 2.5681562500
1.6450010000 1.5487187500 2.5710937500
1.6500010000 1.5510312500 2.5740312500
1.6550010000 1.5533437500 2.5769687500
1.6600010000 1.5556562500 2.5799062500
1.6650010000 1.5579687500 2.5828437500
1.6700010000 1.5602812500 2.5857812500
1.6750010000 1.5625937500 2.5887187500
1.6800010000 1.5649062500 2.5917187500
1.6850010000 1.5672187500 2.5946562500
1.6900010000 1.5694687500 2.5976562500
1.6950010000 1.5717812500 2.6006562500
1.7000010000 1.5740937500 2.6036562500
1.7050010000 1.5764062500 2.6066562500
1.7100010000 1.5787187500 2.6096562500
1.7150010000 1.5810312500 2.6127187500
1.7200010000 1.5833437500 2.6157187500
1.7250010000 1.5856562500 2.6187812500
1.7300010000 1.5879062500 2.6218437500
1.7350010000 1.5902187500 2.6249062500
1.7400010000 1.5925312500 2.6279687500
1.7450010000 1.5948437500 2.6310312500
1.7500010000 1.5971562500 2.6340937500
1.7550010000 1.5994687500 2.6372187500
1.7600010000 1.6017812500 2.6402812500
1.7650010000 1.6040312500 2.6434062500
1.7700010000 1.6063437500 2.6465312500
1.7750010000 1.6086562500 2.6496562500
1.7800010000 1.6109687500 2.6527812500
1.7850010000 1.6132812500 2.6559062500
1.7900010000 1.6155937500 2.6590312500
1.7950010000 1.6178437500 2.6622187500
1.8000010000 1.6201562500 2.6653437500
1.8050010000 1.6224687500 2.6685312500
1.8100010000 1.6247812500 2.6717187500
1.8150010000 1.6270937500 2.6749062500
1.8200010000 1.6293437500 2.6780937500
1.8250010000 1.6316562500 2.6812812500
1.8300010000 1.6339687500 2.6844687500
1.8350010000 1.6362812500 2.6877187500
1.8400010000 1.6385937500 2.6909062500
1.8450010000 1.6409062500 2.6941562500
1.8500010000 1.6431562500 2.6974062500
1.8550010000 1.6454687500 2.7005937500
1.8600010000 1.6477812500 2.7038437500
1.8650010000 1.6500937500 2.7071562500
1.8700010000 1.6524062500 2.7104062500
1.8750010000 1.6546562500 2.7136562500
1.8800010000 1.6569687500 2.7169687500
1.8850010000 1.6592812500 2.7202187500
1.8900010000 1.6615937500 2.7235312500
1.8950010000 1.6638437500 2.7268437500
1.9000010000 1.6661562500 2.7301562500
1.9050010000 1.6684687500 2.7334687500
1.9100010000 1.6707812500 2.7367812500
1.9150010000 1.6730937500 2.7400937500
1.9200010000 1.6753437500 2.7434687500
1.9250010000 1.6776562500 2.7467812500
1.9300010000 1.6799687500 2.7501562500
1.9350010000 1.6822812500 2.7535312500
1.9400010000 1.6845312500 2.7569062500
1.9450010000 1.6868437500 2.7602812500
1.9500010000 1.6891562500 2.7636562500
1.9550010000 1.6914687500 2.7670312500
1.9600010000 1.6937812500 2.7704062500
1.9650010000 1.6960312500 2.7738437500
1.9700010000 1.6983437500 2.7772187500
1.9750010000 1.7006562500 2.7806562500
1.9800010000 1.7029687500 2.7840937500
1.9850010000 1.7052187500 2.7875312500
1.9900010000 1.7075312500 2.7909687500
1.9950010000 1.7098437500 2.7944062500
2.0000010000 1.7121562500 2.7978437500
2.0050010000 1.7144687500 2.8012812500
2.0100010000 1.7167187500 2.8047812500
2.0150010000 1.7190312500 2.8082187500
2.0200010000 1.7213437500 2.8117187500
2.0250010000 1.7236562500 2.8151562500
2.0300010000 1.7259062500 2.8186562500
2.0350010000 1.7282187500 2.8221562500
2.0400010000 1.7305312500 2.8256562500
2.0450010000 1.7328437500 2.8291562500
2.0500010000 1.7351562500 2.8327187500
2.0550010000 1.7374062500 2.8362187500
2.0600010000 1.7397187500 2.8397812500
2.0650010000 1.7420312500 2.8432812500
2.0700010000 1.7443437500 2.8468437500
2.0750010000 1.7466562500 2.8504062500
2.0800010000 1.7489062500 2.8539687500
2.0850010000 1.7512187500 2.8574687500
2.0900010000 1.7535312500 2.8610937500
2.0950010000 1.7558437500 2.8646562500
2.1000010000 1.7581562500 2.8682187500
2.1050010000 1.7604062500 2.8717812500
2.1100010000 1.7627187500 2.8754062500
2.1150010000 1.7650312500 2.8790312500
2.1200010000 1.7673437500 2.8825937500
2.1250010000 1.7696562500 2.8862187500
2.1300010000 1.7719687500 2.8898437500
2.1350010000 1.7742812500 2.8934687500
2.1400010000 1.7765312500 2.8970937500
2.1450010000 1.7788437500 2.9007187500
2.1500010000 1.7811562500 2.9043437500
2.1550010000 1.7834687500 2.9080312500
2.1600010000 1.7857812500 2.9116562500
2.1650010000 1.7880937500 2.9153437500
2.1700010000 1.7904062500 2.9190312500
2.1750010000 1.7927187500 2.9226562500
2.1800010000 1.7949687500 2.9263437500
2.1850010000 1.7972812500 2.9300312500
2.1900010000 1.7995937500 2.9337187500
2.1950010000 1.8019062500 2.9374062500
2.2000010000 1.8042187500 2.9411562500
2.2050010000 1.8065312500 2.9448437500
2.2100010000 1.8088437500 2.9485312500
2.2150010000 1.8111562500 2.9522812500
2.2200010000 1.8134687500 2.9559687500
2.2250010000 1.8157812500 2.9597187500
2.2300010000 1.8180937500 2.9634687500
2.2350010000 1.8204062500 2.9672187500
2.2400010000 1.8227187500 2.9709687500
2.2450010000 1.8250312500 2.9747187500
2.2500010000 1.8273437500 2.9784687500
2.2550010000 1.8296562500 2.9822187500
2.2600010000 1.8319687500 2.9859687500
2.2650010000 1.8342812500 2.9897812500
2.2700010000 1.8365937500 2.9935312500
2.2750010000 1.8389062500 2.9973437500
2.2800010000 1.8412187500 3.0011562500
2.2850010000 1.8435312500 3.0049062500
2.2900010000 1.8458437500 3.0087187500
2.2950010000 1.8481562500 3.0125312500
2.3000010000 1.8505312500 3.0163437500
2.3050010000 1.8528437500 3.0201562500
2.3100010000 1.8551562500 3.0240312500
2.3150010000 1.8574687500 3.0278437500
2.3200010000 1.8597812500 3.0316562500
2.3250010000 1.8620937500 3.0355312500
2.3300010000 1.8644062500 3.0393437500
2.3350010000 1.8667812500 3.0432187500
2.3400010000 1.8690937500 3.0470312500
2.3450010000 1.8714062500 3.0509062500
2.3500010000 1.8737187500 3.0547812500
2.3550010000 1.8760937500 3.0586562500
2.3600010000 1.8784062500 3.0625312500
2.3650010000 1.8807187500 3.0664062500
2.3700010000 1.8830312500 3.0702812500
2.3750010000 1.8854062500 3.0742187500
2.3800010000 1.8877187500 3.0780937500
2.3850010000 1.8900312500 3.0819687500
2.3900010000 1.8924062500 3.0859062500
2.3950010000 1.8947187500 3.0897812500
2.4000010000 1.8970312500 3.0937187500
2.4050010000 1.8994062500 3.0976562500
2.4100010000 1.9017187500 3.1015937500
2.4150010000 1.9040312500 3.1055312500
2.4200010000 1.9064062500 3.1094687500
2.4250010000 1.9087187500 3.1134062500
2.4300010000 1.9110937500 3.1173437500
2.4350010000 1.9134062500 3.1212812500
2.4400010000 1.9157812500 3.1252187500
2.4450010000 1.9180937500 3.1292187500
2.4500010000 1.9204687500 3.1331562500
2.4550010000 1.9227812500 3.1371562500
2.4600010000 1.9251562500 3.1410937500
2.4650010000 1.9274687500 3.1450937500
2.4700010000 1.9298437500 3.1490937500
2.4750010000 1.9322187500 3.1530312500
2.4800010000 1.9345312500 3.1570312500
2.4850010000 1.9369062500 3.1610312500
2.4900010000 1.9392187500 3.1650312500
2.4950010000 1.9415937500 3.1690312500
2.5000010000 1.9439687500 3.1730312500
2.5050010000 1.9463437500 3.1770937500
2.5100010000 1.9486562500 3.1810937500
2.5150010000 1.9510312500 3.1850937500
2.5200010000 1.9534062500 3.1891562500
2.5250010000 1.9557812500 3.1931562500
2.5300010000 1.9580937500 3.1972187500
2.5350010000 1.9604687500 3.2012812500
2.5400010000 1.9628437500 3.2052812500
2.5450010000 1.9652187500 3.2093437500
2.5500010000 1.9675937500 3.2134062500
2.5550010000 1.9699687500 3.2174687500
2.5600010000 1.9722812500 3.2215312500
2.5650010000 1.9746562500 3.2255937500
2.5700010000 1.9770312500 3.2296562500
2.5750010000 1.9794062500 3.2337812500
2.5800010000 1.9817812500 3.2378437500
2.5850010000 1.9841562500 3.2419062500
2.5900010000 1.9865312500 3.2460312500
2.5950010000 1.9889062500 3.2500937500
2.6000010000 1.9913437500 3.2542187500
2.6050010000 1.9937187500 3.2582812500
2.6100010000 1.9960937500 3.2624062500
2.6150010000 1.9984687500 3.2665312500
2.6200010000 2.0008437500 3.2706562500
2.6250010000 2.0032187500 3.2747187500
2.6300010000 2.0055937500 3.2788437500
2.6350010000 2.0080312500 3.2829687500
2.6400010000 2.0104062500 3.2870937500
2.6450010000 2.0127812500 3.2912812500
2.6500010000 2.0151562500 3.2954062500
2.6550010000 2.0175937500 3.2995312500
2.6600010000 2.0199687500 3.3036562500
2.6650010000 2.0224062500 3.3078437500
2.6700010000 2.0247812500 3.3119687500
2.6750010000 2.0271562500 3.3161562500
2.6800010000 2.0295937500 3.3202812500
2.6850010000 2.0319687500 3.3244687500
2.6900010000 2.0344062500 3.3286562500
2.6950010000 2.0367812500 3.3327812500
2.7000010000 2.0392187500 3.3369687500
2.7050010000 2.0415937500 3.3411562500
2.7100010000 2.0440312500 3.3453437500
2.7150010000 2.0464687500 3.3495312500
2.7200010000 2.0488437500 3.3537187500
2.7250010000 2.0512812500 3.3579062500
2.7300010000 2.0536562500 3.3621562500
2.7350010000 2.0560937500 3.3663437500
2.7400010000 2.0585312500 3.3705312500
2.7450010000 2.0609687500 3.3747187500
2.7500010000 2.0633437500 3.3789687500
2.7550010000 2.0657812500 3.3831562500
2.7600010000 2.0682187500 3.3874062500
2.7650010000 2.0706562500 3.3915937500
2.7700010000 2.0730937500 3.3958437500
2.7750010000 2.0755312500 3.4000937500
2.7800010000 2.0779687500 3.4043437500
2.7850010000 2.0804062500 3.4085312500
2.7900010000 2.0828437500 3.4127812500
2.7950010000 2.0852812500 3.4170312500
2.8000010000 2.0877187500 3.4212812500
2.8050010000 2.0901562500 3.4255312500
2.8100010000 2.0925937500 3.4297812500
2.8150010000 2.0950312500 3.4340312500
2.8200010000 2.0974687500 3.4383437500
2.8250010000 2.0999687500 3.4425937500
2.8300010000 2.1024062500 3.4468437500
2.8350010000 2.1048437500 3.4511562500
2.8400010000 2.1072812500 3.4554062500
2.8450010000 2.1097812500 3.4597187500
2.8500010000 2.1122187500 3.4639687500
2.8550010000 2.1146562500 3.4682812500
2.8600010000 2.1171562500 3.4725312500
2.8650010000 2.1195937500 3.4768437500
2.8700010000 2.1220937500 3.4811562500
2.8750010000 2.1245312500 3.4854687500
2.8800010000 2.1270312500 3.4897187500
2.8850010000 2.1294687500 3.4940312500
2.8900010000 2.1319687500 3.4983437500
2.8950010000 2.1344062500 3.5026562500
2.9000010000 2.1369062500 3.5069687500
2.9050010000 2.1394062500 3.5112812500
2.9100010000 2.1418437500 3.5156562500
2.9150010000 2.1443437500 3.5199687500
2.9200010000 2.1468437500 3.5242812500
2.9250010000 2.1492812500 3.5285937500
2.9300010000 2.1517812500 3.5329687500
2.9350010000 2.1542812500 3.5372812500
2.9400010000 2.1567812500 3.5415937500
2.9450010000 2.1592812500 3.5459687500
2.9500010000 2.1617812500 3.5503437500
2.9550010000 2.1642812500 3.5546562500
2.9600010000 2.1667812500 3.5590312500
2.9650010000 2.1692812500 3.5633437500
2.9700010000 2.1717812500 3.5677187500
2.9750010000 2.1742812500 3.5720937500
2.9800010000 2.1767812500 3.5764687500
2.9850010000 2.1792812500 3.5808437500
2.9900010000 2.1818437500 3.5852187500
2.9950010000 2.1843437500 3.5895937500
3.0000010000 2.1868437500 3.5939687500
3.0050010000 2.1893437500 3.5983437500
3.0100010000 2.1919062500 3.6027187500
3.0150010000 2.1944062500 3.6070937500
3.0200010000 2.1969062500 3.6114687500
3.0250010000 2.1994687500 3.6159062500
3.0300010000 2.2019687500 3.6202812500
3.0350010000 2.2045312500 3.6246562500
3.0400010000 2.2070312500 3.6290937500
3.0450010000 2.2095937500 3.6334687500
3.0500010000 2.2120937500 3.6379062500
3.0550010000 2.2146562500 3.6422812500
3.0600010000 2.2172187500 3.6467187500
3.0650010000 2.2197187500 3.6510937500
3.0700010000 2.2222812500 3.6555312500
3.0750010000 2.2248437500 3.6599687500
3.0800010000 2.2274062500 3.6643437500
3.0850010000 2.2299062500 3.6687812500
3.0900010000 2.2324687500 3.6732187500
3.0950010000 2.2350312500 3.6776562500
3.1000010000 2.2375937500 3.6820937500
3.1050010000 2.2401562500 3.6865312500
3.1100010000 2.2427187500 3.6909687500
3.1150010000 2.2452812500 3.6954062500
3.1200010000 2.2478437500 3.6998437500
3.1250010000 2.2504062500 3.7042812500
3.1300010000 2.2530312500 3.7087187500
3.1350010000 2.2555937500 3.7132187500
3.1400010000 2.2581562500 3.7176562500
3.1450010000 2.2607187500 3.7220937500
3.1500010000 2.2632812500 3.7265312500
3.1550010000 2.2659062500 3.7310312500
3.1600010000 2.2684687500 3.7354687500
3.1650010000 2.2710937500 3.7399687500
3.1700010000 2.2736562500 3.7444062500
3.1750010000 2.2762187500 3.7489062500
3.1800010000 2.2788437500 3.7533437500
3.1850010000 2.2814062500 3.7578437500
3.1900010000 2.2840312500 3.7623437500
3.1950010000 2.2866562500 3.7667812500
3.2000010000 2.2892187500 3.7712812500
3.2050010000 2.2918437500 3.7757812500
3.2100010000 2.2944687500 3.7802812500
3.2150010000 2.2970312500 3.7847812500
3.2200010000 2.2996562500 3.7892812500
3.2250010000 2.3022812500 3.7937187500
3.2300010000 2.3049062500 3.7982187500
3.2350010000 2.3075312500 3.8027812500
3.2400010000 2.3101562500 3.8072812500
3.2450010000 2.3127812500 3.8117812500
3.2500010000 2.3154062500 3.8162812500
3.2550010000 2.3180312500 3.8207812500
3.2600010000 2.3206562500 3.8252812500
3.2650010000 2.3232812500 3.8297812500
3.2700010000 2.3259062500 3.8343437500
3.2750010000 2.3285312500 3.8388437500
3.2800010000 2.3312187500 3.8433437500
3.2850010000 2.3338437500 3.8479062500
3.2900010000 2.3364687500 3.8524062500
3.2950010000 2.3391562500 3.8569687500
3.3000010000 2.3417812500 3.8614687500
3.3050010000 2.3444687500 3.8660312500
3.3100010000 2.3470937500 3.8705312500
3.3150010000 2.3497812500 3.8750937500
3.3200010000 2.3524062500 3.8796562500
3.3250010000 2.3550937500 3.8841562500
3.3300010000 2.3577187500 3.8887187500
3.3350010000 2.3604062500 3.8932812500
3.3400010000 2.3630937500 3.8978437500
3.3450010000 2.3657187500 3.9024062500
3.3500010000 2.3684062500 3.9069062500
3.3550010000 2.3710937500 3.9114687500
3.3600010000 2.3737812500 3.9160312500
3.3650010000 2.3764687500 3.9205937500
3.3700010000 2.3791562500 3.9251562500
3.3750010000 2.3818437500 3.9297187500
3.3800010000 2.3845312500 3.9342812500
3.3850010000 2.3872187500 3.9389062500
3.3900010000 2.3899062500 3.9434687500
3.3950010000 2.3925937500 3.9480312500
3.4000010000 2.3952812500 3.9525937500
3.4050010000 2.3980312500 3.9571562500
3.4100010000 2.4007187500 3.9617812500
3.4150010000 2.4034062500 3.9663437500
3.4200010000 2.4061562500 3.9709062500
3.4250010000 2.4088437500 3.9755312500
3.4300010000 2.4115312500 3.9800937500
3.4350010000 2.4142812500 3.9847187500
3.4400010000 2.4169687500 3.9892812500
3.4450010000 2.4197187500 3.9939062500
3.4500010000 2.4224062500 3.9984687500
3.4550010000 2.4251562500 4.0030937500
3.4600010000 2.4279062500 4.0076562500
3.4650010000 2.4306562500 4.0122812500
3.4700010000 2.4333437500 4.0169062500
3.4750010000 2.4360937500 4.0214687500
3.4800010000 2.4388437500 4.0260937500
3.4850010000 2.4415937500 4.0307187500
3.4900010000 2.4443437500 4.0353437500
3.4950010000 2.4470937500 4.0399687500
3.5000010000 2.4498437500 4.0445312500
3.5050010000 2.4525937500 4.0491562500
3.5100010000 2.4553437500 4.0537812500
3.5150010000 2.4580937500 4.0584062500
3.5200010000 2.4608437500 4.0630312500
3.5250010000 2.4635937500 4.0676562500
3.5300010000 2.4664062500 4.0722812500
3.5350010000 2.4691562500 4.0769062500
3.5400010000 2.4719062500 4.0815937500
3.5450010000 2.4747187500 4.0862187500
3.5500010000 2.4774687500 4.0908437500
3.5550010000 2.4802812500 4.0954687500
3.5600010000 2.4830312500 4.1000937500
3.5650010000 2.4858437500 4.1047812500
3.5700010000 2.4885937500 4.1094062500
3.5750010000 2.4914062500 4.1140312500
3.5800010000 2.4942187500 4.1187187500
3.5850010000 2.4969687500 4.1233437500
3.5900010000 2.4997812500 4.1279687500
3.5950010000 2.5025937500 4.1326562500
3.6000010000 2.5054062500 4.1372812500
3.6050010000 2.5082187500 4.1419687500
3.6100010000 2.5109687500 4.1465937500
3.6150010000 2.5137812500 4.1512812500
3.6200010000 2.5165937500 4.1559687500
3.6250010000 2.5194687500 4.1605937500
3.6300010000 2.5222812500 4.1652812500
3.6350010000 2.5250937500 4.1699062500
3.6400010000 2.5279062500 4.1745937500
3.6450010000 2.5307187500 4.1792812500
3.6500010000 2.5335937500 4.1839687500
3.6550010000 2.5364062500 4.1885937500
3.6600010000 2.5392187500 4.1932812500
3.6650010000 2.5420937500 4.1979687500
3.6700010000 2.5449062500 4.2026562500
3.6750010000 2.5477812500 4.2073437500
3.6800010000 2.5505937500 4.2120312500
3.6850010000 2.5534687500 4.2167187500
3.6900010000 2.5562812500 4.2214062500
3.6950010000 2.5591562500 4.2260937500
3.7000010000 2.5620312500 4.2307812500
3.7050010000 2.5649062500 4.2354687500
3.7100010000 2.5677187500 4.2401562500
3.7150010000 2.5705937500 4.2448437500
3.7200010000 2.5734687500 4.2495312500
3.7250010000 2.5763437500 4.2542812500
3.7300010000 2.5792187500 4.2589687500
3.7350010000 2.5820937500 4.2636562500
3.7400010000 2.5849687500 4.2683437500
3.7450010000 2.5878437500 4.2730312500
3.7500010000 2.5907187500 4.2777812500
3.7550010000 2.5936562500 4.2824687500
3.7600010000 2.5965312500 4.2871562500
3.7650010000 2.5994062500 4.2919062500
3.7700010000 2.6022812500 4.2965937500
3.7750010000 2.6052187500 4.3013437500
3.7800010000 2.6080937500 4.3060312500
3.7850010000 2.6110312500 4.3107812500
3.7900010000 2.6139062500 4.3154687500
3.7950010000 2.6168437500 4.3202187500
3.8000010000 2.6197187500 4.3249062500
3.8050010000 2.6226562500 4.3296562500
3.8100010000 2.6255937500 4.3344062500
3.8150010000 2.6284687500 4.3390937500
3.8200010000 2.6314062500 4.3438437500
3.8250010000 2.6343437500 4.3485937500
3.8300010000 2.6372812500 4.3532812500
3.8350010000 2.6402187500 4.3580312500
3.8400010000 2.6431562500 4.3627812500
3.8450010000 2.6460937500 4.3675312500
3.8500010000 2.6490312500 4.3722187500
3.8550010000 2.6519687500 4.3769687500
3.8600010000 2.6549062500 4.3817187500
3.8650010000 2.6578437500 4.3864687500
3.8700010000 2.6608437500 4.3912187500
3.8750010000 2.6637812500 4.3959687500
3.8800010000 2.6667187500 4.4007187500
3.8850010000 2.6697187500 4.4054687500
3.8900010000 2.6726562500 4.4102187500
3.8950010000 2.6755937500 4.4149687500
3.9000010000 2.6785937500 4.4197187500
3.9050010000 2.6815937500 4.4244687500
3.9100010000 2.6845312500 4.4292187500
3.9150010000 2.6875312500 4.4339687500
3.9200010000 2.6905312500 4.4387187500
3.9250010000 2.6934687500 4.4435312500
3.9300010000 2.6964687500 4.4482812500
3.9350010000 2.6994687500 4.4530312500
3.9400010000 2.7024687500 4.4577812500
3.9450010000 2.7054687500 4.4625937500
3.9500010000 2.7084687500 4.4673437500
3.9550010000 2.7114687500 4.4720937500
3.9600010000 2.7144687500 4.4769062500
3.9650010000 2.7174687500 4.4816562500
3.9700010000 2.7204687500 4.4864062500
3.9750010000 2.7234687500 4.4912187500
3.9800010000 2.7264687500 4.4959687500
3.9850010000 2.7295312500 4.5007812500
3.9900010000 2.7325312500 4.5055312500
3.9950010000 2.7355312500 4.5103437500
4.0000010000 2.7385937500 4.5150937500
4.0050010000 2.7415937500 4.5199062500
4.0100010000 2.7446562500 4.5246562500
4.0150010000 2.7476562500 4.5294687500
4.0200010000 2.7507187500 4.5342812500
4.0250010000 2.7537812500 4.5390312500
4.0300010000 2.7567812500 4.5438437500
4.0350010000 2.7598437500 4.5486562500
4.0400010000 2.7629062500 4.5534062500
4.0450010000 2.7659687500 4.5582187500
4.0500010000 2.7690312500 4.5630312500
4.0550010000 2.7720937500 4.5677812500
4.0600010000 2.7751562500 4.5725937500
4.0650010000 2.7782187500 4.5774062500
4.0700010000 2.7812812500 4.5822187500
4.0750010000 2.7843437500 4.5870312500
4.0800010000 2.7874062500 4.5918437500
4.0850010000 2.7904687500 4.5966562500
4.0900010000 2.7935937500 4.6014062500
4.0950010000 2.7966562500 4.6062187500
4.1000010000 2.7997187500 4.6110312500
4.1050010000 2.8028437500 4.6158437500
4.1100010000 2.8059062500 4.6206562500
4.1150010000 2.8090312500 4.6254687500
4.1200010000 2.8120937500 4.6302812500
4.1250010000 2.8152187500 4.6351562500
4.1300010000 2.8183437500 4.6399687500
4.1350010000 2.8214062500 4.6447812500
4.1400010000 2.8245312500 4.6495937500
4.1450010000 2.8276562500 4.6544062500
4.1500010000 2.8307812500 4.6592187500
4.1550010000 2.8339062500 4.6640312500
4.1600010000 2.8370312500 4.6689062500
4.1650010000 2.8401562500 4.6737187500
4.1700010000 2.8432812500 4.6785312500
4.1750010000 2.8464062500 4.6833437500
4.1800010000 2.8495312500 4.6882187500
4.1850010000 2.8526562500 4.6930312500
4.1900010000 2.8557812500 4.6978437500
4.1950010000 2.8589062500 4.7027187500
4.2000010000 2.8620937500 4.7075312500
4.2050010000 2.8652187500 4.7123437500
4.2100010000 2.8684062500 4.7172187500
4.2150010000 2.8715312500 4.7220312500
4.2200010000 2.8747187500 4.7269062500
4.2250010000 2.8778437500 4.7317187500
4.2300010000 2.8810312500 4.7365937500
4.2350010000 2.8841562500 4.7414062500
4.2400010000 2.8873437500 4.7462812500
4.2450010000 2.8905312500 4.7510937500
4.2500010000 2.8937187500 4.7559687500
4.2550010000 2.8968437500 4.7608437500
4.2600010000 2.9000312500 4.7656562500
4.2650010000 2.9032187500 4.7705312500
4.2700010000 2.9064062500 4.7753437500
4.2750010000 2.9095937500 4.7802187500
4.2800010000 2.9127812500 4.7850937500
4.2850010000 2.9160312500 4.7899687500
4.2900010000 2.9192187500 4.7947812500
4.2950010000 2.9224062500 4.7996562500
4.3000010000 2.9255937500 4.8045312500
4.3050010000 2.9288437500 4.8094062500
4.3100010000 2.9320312500 4.8142187500
4.3150010000 2.9352187500 4.8190937500
4.3200010000 2.9384687500 4.8239687500
4.3250010000 2.9416562500 4.8288437500
4.3300010000 2.9449062500 4.8337187500
4.3350010000 2.9481562500 4.8385937500
4.3400010000 2.9513437500 4.8434687500
4.3450010000 2.9545937500 4.8483437500
4.3500010000 2.9578437500 4.8532187500
4.3550010000 2.9610937500 4.8580937500
4.3600010000 2.9642812500 4.8629687500
4.3650010000 2.9675312500 4.8678437500
4.3700010000 2.9707812500 4.8727187500
4.3750010000 2.9740312500 4.8775937500
4.3800010000 2.9772812500 4.8824687500
4.3850010000 2.9805312500 4.8873437500
4.3900010000 2.9838437500 4.8922187500
4.3950010000 2.9870937500 4.8970937500
4.4000010000 2.9903437500 4.9019687500
4.4050010000 2.9935937500 4.9068437500
4.4100010000 2.9969062500 4.9117187500
4.4150010000 3.0001562500 4.9166562500
4.4200010000 3.0034687500 4.9215312500
4.4250010000 3.0067187500 4.9264062500
4.4300010000 3.0100312500 4.9312812500
4.4350010000 3.0132812500 4.9362187500
4.4400010000 3.0165937500 4.9410937500
4.4450010000 3.0199062500 4.9459687500
4.4500010000 3.0231562500 4.9509062500
4.4550010000 3.0264687500 4.9557812500
4.4600010000 3.0297812500 4.9606562500
4.4650010000 3.0330937500 4.9655937500
4.4700010000 3.0364062500 4.9704687500
4.4750010000 3.0397187500 4.9753437500
4.4800010000 3.0430312500 4.9802812500
4.4850010000 3.0463437500 4.9851562500
4.4900010000 3.0496562500 4.9900937500
4.4950010000 3.0529687500 4.9949687500
4.5000010000 3.0562812500 4.9999062500
4.5050010000 3.0596562500 5.0047812500
4.5100010000 3.0629687500 5.0097187500
4.5150010000 3.0662812500 5.0145937500
4.5200010000 3.0696562500 5.0195312500
4.5250010000 3.0729687500 5.0244062500
4.5300010000 3.0763437500 5.0293437500
4.5350010000 3.0796562500 5.0342812500
4.5400010000 3.0830312500 5.0391562500
4.5450010000 3.0864062500 5.0440937500
4.5500010000 3.0897187500 5.0490312500
4.5550010000 3.0930937500 5.0539062500
4.5600010000 3.0964687500 5.0588437500
4.5650010000 3.0998437500 5.0637812500
4.5700010000 3.1032187500 5.0686562500
4.5750010000 3.1065937500 5.0735937500
4.5800010000 3.1099687500 5.0785312500
4.5850010000 3.1133437500 5.0834687500
4.5900010000 3.1167187500 5.0884062500
4.5950010000 3.1200937500 5.0932812500
4.6000010000 3.1234687500 5.0982187500
4.6050010000 3.1268437500 5.1031562500
4.6100010000 3.1302812500 5.1080937500
4.6150010000 3.1336562500 5.1130312500
4.6200010000 3.1370937500 5.1179687500
4.6250010000 3.1404687500 5.1229062500
4.6300010000 3.1439062500 5.1278437500
4.6350010000 3.1472812500 5.1327812500
4.6400010000 3.1507187500 5.1377187500
4.6450010000 3.1540937500 5.1426562500
4.6500010000 3.1575312500 5.1475937500
4.6550010000 3.1609687500 5.1525312500
4.6600010000 3.1644062500 5.1574687500
4.6650010000 3.1677812500 5.1624062500
4.6700010000 3.1712187500 5.1673437500
4.6750010000 3.1746562500 5.1722812500
4.6800010000 3.1780937500 5.1772187500
4.6850010000 3.1815312500 5.1821562500
4.6900010000 3.1850312500 5.1870937500
4.6950010000 3.1884687500 5.1920312500
4.7000010000 3.1919062500 5.1969687500
4.7050010000 3.1953437500 5.2019687500
4.7100010000 3.1987812500 5.2069062500
4.7150010000 3.2022812500 5.2118437500
4.7200010000 3.2057187500 5.2167812500
4.7250010000 3.2092187500 5.2217187500
4.7300010000 3.2126562500 5.2267187500
4.7350010000 3.2161562500 5.2316562500
4.7400010000 3.2195937500 5.2365937500
4.7450010000 3.2230937500 5.2415937500
4.7500010000 3.2265937500 5.2465312500
4.7550010000 3.2300312500 5.2514687500
4.7600010000 3.2335312500 5.2564687500
4.7650010000 3.2370312500 5.2614062500
4.7700010000 3.2405312500 5.2663437500
4.7750010000 3.2440312500 5.2713437500
4.7800010000 3.2475312500 5.2762812500
4.7850010000 3.2510312500 5.2812812500
4.7900010000 3.2545312500 5.2862187500
4.7950010000 3.2580312500 5.2912187500
4.8000010000 3.2615312500 5.2961562500
4.8050010000 3.2650937500 5.3010937500
4.8100010000 3.2685937500 5.3060937500
4.8150010000 3.2720937500 5.3110937500
4.8200010000 3.2756562500 5.3160312500
4.8250010000 3.2791562500 5.3210312500
4.8300010000 3.2827187500 5.3259687500
4.8350010000 3.2862187500 5.3309687500
4.8400010000 3.2897812500 5.3359062500
4.8450010000 3.2932812500 5.3409062500
4.8500010000 3.2968437500 5.3459062500
4.8550010000 3.3004062500 5.3508437500
4.8600010000 3.3039687500 5.3558437500
4.8650010000 3.3074687500 5.3608437500
4.8700010000 3.3110312500 5.3657812500
4.8750010000 3.3145937500 5.3707812500
4.8800010000 3.3181562500 5.3757812500
4.8850010000 3.3217187500 5.3807187500
4.8900010000 3.3252812500 5.3857187500
4.8950010000 3.3289062500 5.3907187500
4.9000010000 3.3324687500 5.3957187500
4.9050010000 3.3360312500 5.4007187500
4.9100010000 3.3395937500 5.4056562500
4.9150010000 3.3432187500 5.4106562500
4.9200010000 3.3467812500 5.4156562500
4.9250010000 3.3504062500 5.4206562500
4.9300010000 3.3539687500 5.4256562500
4.9350010000 3.3575937500 5.4306562500
4.9400010000 3.3611562500 5.4355937500
4.9450010000 3.3647812500 5.4405937500
4.9500010000 3.3684062500 5.4455937500
4.9550010000 3.3719687500 5.4505937500
4.9600010000 3.3755937500 5.4555937500
4.9650010000 3.3792187500 5.4605937500
4.9700010000 3.3828437500 5.4655937500
4.9750010000 3.3864687500 5.4705937500
4.9800010000 3.3900937500 5.4755937500
4.9850010000 3.3937187500 5.4805937500
4.9900010000 3.3973437500 5.4855937500
4.9950010000 3.4009687500 5.4905937500
