2.240700 3.486133
2.240800 3.486211
2.240900 3.486289
2.241000 3.486367
2.241100 3.486523
2.241200 3.486602
2.241300 3.486680
2.241400 3.486758
2.241500 3.486836
2.241600 3.486914
2.241700 3.486992
2.241800 3.487148
2.241900 3.487227
2.242000 3.487305
2.242100 3.487383
2.242200 3.487461
2.242300 3.487539
2.242400 3.487617
2.242500 3.487695
2.242600 3.487852
2.242700 3.487930
2.242800 3.488008
2.242900 3.488086
2.243000 3.488164
2.243100 3.488242
2.243200 3.488320
2.243300 3.488477
2.243400 3.488555
2.243500 3.488633
2.243600 3.488711
2.243700 3.488789
2.243800 3.488867
2.243900 3.488945
2.244000 3.489023
2.244100 3.489180
2.244200 3.489258
2.244300 3.489336
2.244400 3.489414
2.244500 3.489492
2.244600 3.489570
2.244700 3.489648
2.244800 3.489805
2.244900 3.489883
2.245000 3.489961
2.245100 3.490039
2.245200 3.490117
2.245300 3.490195
2.245400 3.490273
2.245500 3.490430
2.245600 3.490508
2.245700 3.490586
2.245800 3.490664
2.245900 3.490742
2.246000 3.490820
2.246100 3.490898
2.246200 3.490977
2.246300 3.491133
2.246400 3.491211
2.246500 3.491289
2.246600 3.491367
2.246700 3.491445
2.246800 3.491523
2.246900 3.491602
2.247000 3.491758
2.247100 3.491836
2.247200 3.491914
2.247300 3.491992
2.247400 3.492070
2.247500 3.492148
2.247600 3.492227
2.247700 3.492383
2.247800 3.492461
2.247900 3.492539
2.248000 3.492617
2.248100 3.492695
2.248200 3.492773
2.248300 3.492852
2.248400 3.492930
2.248500 3.493086
2.248600 3.493164
2.248700 3.493242
2.248800 3.493320
2.248900 3.493398
2.249000 3.493477
2.249100 3.493555
2.249200 3.493711
2.249300 3.493789
2.249400 3.493867
2.249500 3.493945
2.249600 3.494023
2.249700 3.494102
2.249800 3.494180
2.249900 3.494336
2.250000 3.494414
2.250100 3.494492
2.250200 3.494570
2.250300 3.494648
2.250400 3.494727
2.250500 3.494805
2.250600 3.494883
2.250700 3.495039
2.250800 3.495117
2.250900 3.495195
2.251000 3.495273
2.251100 3.495352
2.251200 3.495430
2.251300 3.495508
2.251400 3.495664
2.251500 3.495742
2.251600 3.495820
2.251700 3.495898
2.251800 3.495977
2.251900 3.496055
2.252000 3.496133
2.252100 3.496289
2.252200 3.496367
2.252300 3.496445
2.252400 3.496523
2.252500 3.496602
2.252600 3.496680
2.252700 3.496758
2.252800 3.496836
2.252900 3.496992
2.253000 3.497070
2.253100 3.497148
2.253200 3.497227
2.253300 3.497305
2.253400 3.497383
2.253500 3.497461
2.253600 3.497617
2.253700 3.497695
2.253800 3.497773
2.253900 3.497852
2.254000 3.497930
2.254100 3.498008
2.254200 3.498086
2.254300 3.498242
2.254400 3.498320
2.254500 3.498398
2.254600 3.498477
2.254700 3.498555
2.254800 3.498633
2.254900 3.498711
2.255000 3.498789
2.255100 3.498945
2.255200 3.499023
2.255300 3.499102
2.255400 3.499180
2.255500 3.499258
2.255600 3.499336
2.255700 3.499414
2.255800 3.499570
2.255900 3.499648
2.256000 3.499727
2.256100 3.499805
2.256200 3.499883
2.256300 3.499961
2.256400 3.500039
2.256500 3.500195
2.256600 3.500273
2.256700 3.500352
2.256800 3.500430
2.256900 3.500508
2.257000 3.500586
2.257100 3.500664
2.257200 3.500820
2.257300 3.500898
2.257400 3.500977
2.257500 3.501055
2.257600 3.501133
2.257700 3.501211
2.257800 3.501289
2.257900 3.501367
2.258000 3.501523
2.258100 3.501602
2.258200 3.501680
2.258300 3.501758
2.258400 3.501836
2.258500 3.501914
2.258600 3.501992
2.258700 3.502148
2.258800 3.502227
2.258900 3.502305
2.259000 3.502383
2.259100 3.502461
2.259200 3.502539
2.259300 3.502617
2.259400 3.502773
2.259500 3.502852
2.259600 3.502930
2.259700 3.503008
2.259800 3.503086
2.259900 3.503164
2.260000 3.503242
2.260100 3.503398
2.260200 3.503477
2.260300 3.503555
2.260400 3.503633
2.260500 3.503711
2.260600 3.503789
2.260700 3.503867
2.260800 3.503945
2.260900 3.504102
2.261000 3.504180
2.261100 3.504258
2.261200 3.504336
2.261300 3.504414
2.261400 3.504492
2.261500 3.504570
2.261600 3.504727
2.261700 3.504805
2.261800 3.504883
2.261900 3.504961
2.262000 3.505039
2.262100 3.505117
2.262200 3.505195
2.262300 3.505352
2.262400 3.505430
2.262500 3.505508
2.262600 3.505586
2.262700 3.505664
2.262800 3.505742
2.262900 3.505820
2.263000 3.505977
2.263100 3.506055
2.263200 3.506133
2.263300 3.506211
2.263400 3.506289
2.263500 3.506367
2.263600 3.506445
2.263700 3.506523
2.263800 3.506680
2.263900 3.506758
2.264000 3.506836
2.264100 3.506914
2.264200 3.506992
2.264300 3.507070
2.264400 3.507148
2.264500 3.507305
2.264600 3.507383
2.264700 3.507461
2.264800 3.507539
2.264900 3.507617
2.265000 3.507695
2.265100 3.507773
2.265200 3.507930
2.265300 3.508008
2.265400 3.508086
2.265500 3.508164
2.265600 3.508242
2.265700 3.508320
2.265800 3.508398
2.265900 3.508555
2.266000 3.508633
2.266100 3.508711
2.266200 3.508789
2.266300 3.508867
2.266400 3.508945
2.266500 3.509023
2.266600 3.509180
2.266700 3.509258
2.266800 3.509336
2.266900 3.509414
2.267000 3.509492
2.267100 3.509570
2.267200 3.509648
2.267300 3.509727
2.267400 3.509883
2.267500 3.509961
2.267600 3.510039
2.267700 3.510117
2.267800 3.510195
2.267900 3.510273
2.268000 3.510352
2.268100 3.510508
2.268200 3.510586
2.268300 3.510664
2.268400 3.510742
2.268500 3.510820
2.268600 3.510898
2.268700 3.510977
2.268800 3.511133
2.268900 3.511211
2.269000 3.511289
2.269100 3.511367
2.269200 3.511445
2.269300 3.511523
2.269400 3.511602
2.269500 3.511758
2.269600 3.511836
2.269700 3.511914
2.269800 3.511992
2.269900 3.512070
2.270000 3.512148
2.270100 3.512227
2.270200 3.512383
2.270300 3.512461
2.270400 3.512539
2.270500 3.512617
2.270600 3.512695
2.270700 3.512773
2.270800 3.512852
2.270900 3.512930
2.271000 3.513086
2.271100 3.513164
2.271200 3.513242
2.271300 3.513320
2.271400 3.513398
2.271500 3.513477
2.271600 3.513555
2.271700 3.513711
2.271800 3.513789
2.271900 3.513867
2.272000 3.513945
2.272100 3.514023
2.272200 3.514102
2.272300 3.514180
2.272400 3.514336
2.272500 3.514414
2.272600 3.514492
2.272700 3.514570
2.272800 3.514648
2.272900 3.514727
2.273000 3.514805
2.273100 3.514961
2.273200 3.515039
2.273300 3.515117
2.273400 3.515195
2.273500 3.515273
2.273600 3.515352
2.273700 3.515430
2.273800 3.515586
2.273900 3.515664
2.274000 3.515742
2.274100 3.515820
2.274200 3.515898
2.274300 3.515977
2.274400 3.516055
2.274500 3.516211
2.274600 3.516289
2.274700 3.516367
2.274800 3.516445
2.274900 3.516523
2.275000 3.516602
2.275100 3.516680
2.275200 3.516758
2.275300 3.516914
2.275400 3.516992
2.275500 3.517070
2.275600 3.517148
2.275700 3.517227
2.275800 3.517305
2.275900 3.517383
2.276000 3.517539
2.276100 3.517617
2.276200 3.517695
2.276300 3.517773
2.276400 3.517852
2.276500 3.517930
2.276600 3.518008
2.276700 3.518164
2.276800 3.518242
2.276900 3.518320
2.277000 3.518398
2.277100 3.518477
2.277200 3.518555
2.277300 3.518633
2.277400 3.518789
2.277500 3.518867
2.277600 3.518945
2.277700 3.519023
2.277800 3.519102
2.277900 3.519180
2.278000 3.519258
2.278100 3.519414
2.278200 3.519492
2.278300 3.519570
2.278400 3.519648
2.278500 3.519727
2.278600 3.519805
2.278700 3.519883
2.278800 3.520039
2.278900 3.520117
2.279000 3.520195
2.279100 3.520273
2.279200 3.520352
2.279300 3.520430
2.279400 3.520508
2.279500 3.520664
2.279600 3.520742
2.279700 3.520820
2.279800 3.520898
2.279900 3.520977
2.280000 3.521055
2.280100 3.521133
2.280200 3.521289
2.280300 3.521367
2.280400 3.521445
2.280500 3.521523
2.280600 3.521602
2.280700 3.521680
2.280800 3.521758
2.280900 3.521914
2.281000 3.521992
2.281100 3.522070
2.281200 3.522148
2.281300 3.522227
2.281400 3.522305
2.281500 3.522383
2.281600 3.522461
2.281700 3.522617
2.281800 3.522695
2.281900 3.522773
2.282000 3.522852
2.282100 3.522930
2.282200 3.523008
2.282300 3.523086
2.282400 3.523242
2.282500 3.523320
2.282600 3.523398
2.282700 3.523477
2.282800 3.523555
2.282900 3.523633
2.283000 3.523711
2.283100 3.523867
2.283200 3.523945
2.283300 3.524023
2.283400 3.524102
2.283500 3.524180
2.283600 3.524258
2.283700 3.524336
2.283800 3.524492
2.283900 3.524570
2.284000 3.524648
2.284100 3.524727
2.284200 3.524805
2.284300 3.524883
2.284400 3.524961
2.284500 3.525117
2.284600 3.525195
2.284700 3.525273
2.284800 3.525352
2.284900 3.525430
2.285000 3.525508
2.285100 3.525586
2.285200 3.525742
2.285300 3.525820
2.285400 3.525898
2.285500 3.525977
2.285600 3.526055
2.285700 3.526133
2.285800 3.526211
2.285900 3.526367
2.286000 3.526445
2.286100 3.526523
2.286200 3.526602
2.286300 3.526680
2.286400 3.526758
2.286500 3.526836
2.286600 3.526992
2.286700 3.527070
2.286800 3.527148
2.286900 3.527227
2.287000 3.527305
2.287100 3.527383
2.287200 3.527461
2.287300 3.527617
2.287400 3.527695
2.287500 3.527773
2.287600 3.527852
2.287700 3.527930
2.287800 3.528008
2.287900 3.528086
2.288000 3.528242
2.288100 3.528320
2.288200 3.528398
2.288300 3.528477
2.288400 3.528555
2.288500 3.528633
2.288600 3.528711
2.288700 3.528867
2.288800 3.528945
2.288900 3.529023
2.289000 3.529102
2.289100 3.529180
2.289200 3.529258
2.289300 3.529336
2.289400 3.529492
2.289500 3.529570
2.289600 3.529648
2.289700 3.529727
2.289800 3.529805
2.289900 3.529883
2.290000 3.529961
2.290100 3.530117
2.290200 3.530195
2.290300 3.530273
2.290400 3.530352
2.290500 3.530430
2.290600 3.530508
2.290700 3.530586
2.290800 3.530742
2.290900 3.530820
2.291000 3.530898
2.291100 3.530977
2.291200 3.531055
2.291300 3.531133
2.291400 3.531211
2.291500 3.531367
2.291600 3.531445
2.291700 3.531523
2.291800 3.531602
2.291900 3.531680
2.292000 3.531758
2.292100 3.531836
2.292200 3.531914
2.292300 3.532070
2.292400 3.532148
2.292500 3.532227
2.292600 3.532305
2.292700 3.532383
2.292800 3.532461
2.292900 3.532539
2.293000 3.532695
2.293100 3.532773
2.293200 3.532852
2.293300 3.532930
2.293400 3.533008
2.293500 3.533086
2.293600 3.533164
2.293700 3.533320
2.293800 3.533398
2.293900 3.533477
2.294000 3.533555
2.294100 3.533633
2.294200 3.533711
2.294300 3.533789
2.294400 3.533945
2.294500 3.534023
2.294600 3.534102
2.294700 3.534180
2.294800 3.534258
2.294900 3.534336
2.295000 3.534414
2.295100 3.534570
2.295200 3.534648
2.295300 3.534727
2.295400 3.534805
2.295500 3.534883
2.295600 3.534961
2.295700 3.535039
2.295800 3.535195
2.295900 3.535273
2.296000 3.535352
2.296100 3.535430
2.296200 3.535508
2.296300 3.535586
2.296400 3.535664
2.296500 3.535820
2.296600 3.535898
2.296700 3.535977
2.296800 3.536055
2.296900 3.536133
2.297000 3.536211
2.297100 3.536289
2.297200 3.536445
2.297300 3.536523
2.297400 3.536602
2.297500 3.536680
2.297600 3.536758
2.297700 3.536836
2.297800 3.536914
2.297900 3.537070
2.298000 3.537148
2.298100 3.537227
2.298200 3.537305
2.298300 3.537383
2.298400 3.537461
2.298500 3.537539
2.298600 3.537695
2.298700 3.537773
2.298800 3.537852
2.298900 3.537930
2.299000 3.538008
2.299100 3.538086
2.299200 3.538164
2.299300 3.538320
2.299400 3.538398
2.299500 3.538477
2.299600 3.538555
2.299700 3.538633
2.299800 3.538711
2.299900 3.538867
2.300000 3.538945
2.300100 3.539023
2.300200 3.539102
2.300300 3.539180
2.300400 3.539258
2.300500 3.539336
2.300600 3.539492
2.300700 3.539570
2.300800 3.539648
2.300900 3.539727
2.301000 3.539805
2.301100 3.539883
2.301200 3.539961
2.301300 3.540117
2.301400 3.540195
2.301500 3.540273
2.301600 3.540352
2.301700 3.540430
2.301800 3.540508
2.301900 3.540586
2.302000 3.540742
2.302100 3.540820
2.302200 3.540898
2.302300 3.540977
2.302400 3.541055
2.302500 3.541133
2.302600 3.541211
2.302700 3.541367
2.302800 3.541445
2.302900 3.541523
2.303000 3.541602
2.303100 3.541680
2.303200 3.541758
2.303300 3.541836
2.303400 3.541992
2.303500 3.542070
2.303600 3.542148
2.303700 3.542227
2.303800 3.542305
2.303900 3.542383
2.304000 3.542461
2.304100 3.542617
2.304200 3.542695
2.304300 3.542773
2.304400 3.542852
2.304500 3.542930
2.304600 3.543008
2.304700 3.543086
2.304800 3.543242
2.304900 3.543320
2.305000 3.543398
2.305100 3.543477
2.305200 3.543555
2.305300 3.543633
2.305400 3.543711
2.305500 3.543867
2.305600 3.543945
2.305700 3.544023
2.305800 3.544102
2.305900 3.544180
2.306000 3.544258
2.306100 3.544336
2.306200 3.544492
2.306300 3.544570
2.306400 3.544648
2.306500 3.544727
2.306600 3.544805
2.306700 3.544883
2.306800 3.544961
2.306900 3.545117
2.307000 3.545195
2.307100 3.545273
2.307200 3.545352
2.307300 3.545430
2.307400 3.545508
2.307500 3.545586
2.307600 3.545742
2.307700 3.545820
2.307800 3.545898
2.307900 3.545977
2.308000 3.546055
2.308100 3.546133
2.308200 3.546211
2.308300 3.546367
2.308400 3.546445
2.308500 3.546523
2.308600 3.546602
2.308700 3.546680
2.308800 3.546758
2.308900 3.546836
2.309000 3.546992
2.309100 3.547070
2.309200 3.547148
2.309300 3.547227
2.309400 3.547305
2.309500 3.547383
2.309600 3.547461
2.309700 3.547617
2.309800 3.547695
2.309900 3.547773
2.310000 3.547852
2.310100 3.547930
2.310200 3.548008
2.310300 3.548086
2.310400 3.548242
2.310500 3.548320
2.310600 3.548398
2.310700 3.548477
2.310800 3.548555
2.310900 3.548633
2.311000 3.548789
2.311100 3.548867
2.311200 3.548945
2.311300 3.549023
2.311400 3.549102
2.311500 3.549180
2.311600 3.549258
2.311700 3.549414
2.311800 3.549492
2.311900 3.549570
2.312000 3.549648
2.312100 3.549727
2.312200 3.549805
2.312300 3.549883
2.312400 3.550039
2.312500 3.550117
2.312600 3.550195
2.312700 3.550273
2.312800 3.550352
2.312900 3.550430
2.313000 3.550508
2.313100 3.550664
2.313200 3.550742
2.313300 3.550820
2.313400 3.550898
2.313500 3.550977
2.313600 3.551055
2.313700 3.551133
2.313800 3.551289
2.313900 3.551367
2.314000 3.551445
2.314100 3.551523
2.314200 3.551602
2.314300 3.551680
2.314400 3.551758
2.314500 3.551914
2.314600 3.551992
2.314700 3.552070
2.314800 3.552148
2.314900 3.552227
2.315000 3.552305
2.315100 3.552383
2.315200 3.552539
2.315300 3.552617
2.315400 3.552695
2.315500 3.552773
2.315600 3.552852
2.315700 3.552930
2.315800 3.553008
2.315900 3.553164
2.316000 3.553242
2.316100 3.553320
2.316200 3.553398
2.316300 3.553477
2.316400 3.553555
2.316500 3.553711
2.316600 3.553789
2.316700 3.553867
2.316800 3.553945
2.316900 3.554023
2.317000 3.554102
2.317100 3.554180
2.317200 3.554336
2.317300 3.554414
2.317400 3.554492
2.317500 3.554570
2.317600 3.554648
2.317700 3.554727
2.317800 3.554805
2.317900 3.554961
2.318000 3.555039
2.318100 3.555117
2.318200 3.555195
2.318300 3.555273
2.318400 3.555352
2.318500 3.555430
2.318600 3.555586
2.318700 3.555664
2.318800 3.555742
2.318900 3.555820
2.319000 3.555898
2.319100 3.555977
2.319200 3.556055
2.319300 3.556211
2.319400 3.556289
2.319500 3.556367
2.319600 3.556445
2.319700 3.556523
2.319800 3.556602
2.319900 3.556680
2.320000 3.556836
2.320100 3.556914
2.320200 3.556992
2.320300 3.557070
2.320400 3.557148
2.320500 3.557227
2.320600 3.557305
2.320700 3.557461
2.320800 3.557539
2.320900 3.557617
2.321000 3.557695
2.321100 3.557773
2.321200 3.557852
2.321300 3.558008
2.321400 3.558086
2.321500 3.558164
2.321600 3.558242
2.321700 3.558320
2.321800 3.558398
2.321900 3.558477
2.322000 3.558633
2.322100 3.558711
2.322200 3.558789
2.322300 3.558867
2.322400 3.558945
2.322500 3.559023
2.322600 3.559102
2.322700 3.559258
2.322800 3.559336
2.322900 3.559414
2.323000 3.559492
2.323100 3.559570
2.323200 3.559648
2.323300 3.559727
2.323400 3.559883
2.323500 3.559961
2.323600 3.560039
2.323700 3.560117
2.323800 3.560195
2.323900 3.560273
2.324000 3.560352
2.324100 3.560508
2.324200 3.560586
2.324300 3.560664
2.324400 3.560742
2.324500 3.560820
2.324600 3.560898
2.324700 3.560977
2.324800 3.561133
2.324900 3.561211
2.325000 3.561289
2.325100 3.561367
2.325200 3.561445
2.325300 3.561523
2.325400 3.561680
2.325500 3.561758
2.325600 3.561836
2.325700 3.561914
2.325800 3.561992
2.325900 3.562070
2.326000 3.562148
2.326100 3.562305
2.326200 3.562383
2.326300 3.562461
2.326400 3.562539
2.326500 3.562617
2.326600 3.562695
2.326700 3.562773
2.326800 3.562930
2.326900 3.563008
2.327000 3.563086
2.327100 3.563164
2.327200 3.563242
2.327300 3.563320
2.327400 3.563398
2.327500 3.563555
2.327600 3.563633
2.327700 3.563711
2.327800 3.563789
2.327900 3.563867
2.328000 3.563945
2.328100 3.564023
2.328200 3.564180
2.328300 3.564258
2.328400 3.564336
2.328500 3.564414
2.328600 3.564492
2.328700 3.564570
2.328800 3.564727
2.328900 3.564805
2.329000 3.564883
2.329100 3.564961
2.329200 3.565039
2.329300 3.565117
2.329400 3.565195
2.329500 3.565352
2.329600 3.565430
2.329700 3.565508
2.329800 3.565586
2.329900 3.565664
2.330000 3.565742
2.330100 3.565820
2.330200 3.565977
2.330300 3.566055
2.330400 3.566133
2.330500 3.566211
2.330600 3.566289
2.330700 3.566367
2.330800 3.566445
2.330900 3.566602
2.331000 3.566680
2.331100 3.566758
2.331200 3.566836
2.331300 3.566914
2.331400 3.566992
2.331500 3.567148
2.331600 3.567227
2.331700 3.567305
2.331800 3.567383
2.331900 3.567461
2.332000 3.567539
2.332100 3.567617
2.332200 3.567773
2.332300 3.567852
2.332400 3.567930
2.332500 3.568008
2.332600 3.568086
2.332700 3.568164
2.332800 3.568242
2.332900 3.568398
2.333000 3.568477
2.333100 3.568555
2.333200 3.568633
2.333300 3.568711
2.333400 3.568789
2.333500 3.568867
2.333600 3.569023
2.333700 3.569102
2.333800 3.569180
2.333900 3.569258
2.334000 3.569336
2.334100 3.569414
2.334200 3.569570
2.334300 3.569648
2.334400 3.569727
2.334500 3.569805
2.334600 3.569883
2.334700 3.569961
2.334800 3.570039
2.334900 3.570195
2.335000 3.570273
2.335100 3.570352
2.335200 3.570430
2.335300 3.570508
2.335400 3.570586
2.335500 3.570664
2.335600 3.570820
2.335700 3.570898
2.335800 3.570977
2.335900 3.571055
2.336000 3.571133
2.336100 3.571211
2.336200 3.571289
2.336300 3.571445
2.336400 3.571523
2.336500 3.571602
2.336600 3.571680
2.336700 3.571758
2.336800 3.571836
2.336900 3.571992
2.337000 3.572070
2.337100 3.572148
2.337200 3.572227
2.337300 3.572305
2.337400 3.572383
2.337500 3.572461
2.337600 3.572617
2.337700 3.572695
2.337800 3.572773
2.337900 3.572852
2.338000 3.572930
2.338100 3.573008
2.338200 3.573086
2.338300 3.573242
2.338400 3.573320
2.338500 3.573398
2.338600 3.573477
2.338700 3.573555
2.338800 3.573633
2.338900 3.573711
2.339000 3.573867
2.339100 3.573945
2.339200 3.574023
2.339300 3.574102
2.339400 3.574180
2.339500 3.574258
2.339600 3.574414
2.339700 3.574492
2.339800 3.574570
2.339900 3.574648
2.340000 3.574727
2.340100 3.574805
2.340200 3.574883
2.340300 3.575039
2.340400 3.575117
2.340500 3.575195
2.340600 3.575273
2.340700 3.575352
2.340800 3.575430
2.340900 3.575508
2.341000 3.575664
2.341100 3.575742
2.341200 3.575820
2.341300 3.575898
2.341400 3.575977
2.341500 3.576055
2.341600 3.576133
2.341700 3.576289
2.341800 3.576367
2.341900 3.576445
2.342000 3.576523
2.342100 3.576602
2.342200 3.576680
2.342300 3.576836
2.342400 3.576914
2.342500 3.576992
2.342600 3.577070
2.342700 3.577148
2.342800 3.577227
2.342900 3.577305
2.343000 3.577461
2.343100 3.577539
2.343200 3.577617
2.343300 3.577695
2.343400 3.577773
2.343500 3.577852
2.343600 3.577930
2.343700 3.578086
2.343800 3.578164
2.343900 3.578242
2.344000 3.578320
2.344100 3.578398
2.344200 3.578477
2.344300 3.578633
2.344400 3.578711
2.344500 3.578789
2.344600 3.578867
2.344700 3.578945
2.344800 3.579023
2.344900 3.579102
2.345000 3.579258
2.345100 3.579336
2.345200 3.579414
2.345300 3.579492
2.345400 3.579570
2.345500 3.579648
2.345600 3.579727
2.345700 3.579883
2.345800 3.579961
2.345900 3.580039
2.346000 3.580117
2.346100 3.580195
2.346200 3.580273
2.346300 3.580430
2.346400 3.580508
2.346500 3.580586
2.346600 3.580664
2.346700 3.580742
2.346800 3.580820
2.346900 3.580898
2.347000 3.581055
2.347100 3.581133
2.347200 3.581211
2.347300 3.581289
2.347400 3.581367
2.347500 3.581445
2.347600 3.581523
2.347700 3.581680
2.347800 3.581758
2.347900 3.581836
2.348000 3.581914
2.348100 3.581992
2.348200 3.582070
2.348300 3.582227
2.348400 3.582305
2.348500 3.582383
2.348600 3.582461
2.348700 3.582539
2.348800 3.582617
2.348900 3.582695
2.349000 3.582852
2.349100 3.582930
2.349200 3.583008
2.349300 3.583086
2.349400 3.583164
2.349500 3.583242
2.349600 3.583320
2.349700 3.583477
2.349800 3.583555
2.349900 3.583633
2.350000 3.583711
2.350100 3.583789
2.350200 3.583867
2.350300 3.584023
2.350400 3.584102
2.350500 3.584180
2.350600 3.584258
2.350700 3.584336
2.350800 3.584414
2.350900 3.584492
2.351000 3.584648
2.351100 3.584727
2.351200 3.584805
2.351300 3.584883
2.351400 3.584961
2.351500 3.585039
2.351600 3.585117
2.351700 3.585273
2.351800 3.585352
2.351900 3.585430
2.352000 3.585508
2.352100 3.585586
2.352200 3.585664
2.352300 3.585820
2.352400 3.585898
2.352500 3.585977
2.352600 3.586055
2.352700 3.586133
2.352800 3.586211
2.352900 3.586289
2.353000 3.586445
2.353100 3.586523
2.353200 3.586602
2.353300 3.586680
2.353400 3.586758
2.353500 3.586836
2.353600 3.586914
2.353700 3.587070
2.353800 3.587148
2.353900 3.587227
2.354000 3.587305
2.354100 3.587383
2.354200 3.587461
2.354300 3.587617
2.354400 3.587695
2.354500 3.587773
2.354600 3.587852
2.354700 3.587930
2.354800 3.588008
2.354900 3.588086
2.355000 3.588242
2.355100 3.588320
2.355200 3.588398
2.355300 3.588477
2.355400 3.588555
2.355500 3.588633
2.355600 3.588711
2.355700 3.588867
2.355800 3.588945
2.355900 3.589023
2.356000 3.589102
2.356100 3.589180
2.356200 3.589258
2.356300 3.589414
2.356400 3.589492
2.356500 3.589570
2.356600 3.589648
2.356700 3.589727
2.356800 3.589805
2.356900 3.589883
2.357000 3.590039
2.357100 3.590117
2.357200 3.590195
2.357300 3.590273
2.357400 3.590352
2.357500 3.590430
2.357600 3.590586
2.357700 3.590664
2.357800 3.590742
2.357900 3.590820
2.358000 3.590898
2.358100 3.590977
2.358200 3.591055
2.358300 3.591211
2.358400 3.591289
2.358500 3.591367
2.358600 3.591445
2.358700 3.591523
2.358800 3.591602
2.358900 3.591680
2.359000 3.591836
2.359100 3.591914
2.359200 3.591992
2.359300 3.592070
2.359400 3.592148
2.359500 3.592227
2.359600 3.592383
2.359700 3.592461
2.359800 3.592539
2.359900 3.592617
2.360000 3.592695
2.360100 3.592773
2.360200 3.592852
2.360300 3.593008
2.360400 3.593086
2.360500 3.593164
2.360600 3.593242
2.360700 3.593320
2.360800 3.593398
2.360900 3.593555
2.361000 3.593633
2.361100 3.593711
2.361200 3.593789
2.361300 3.593867
2.361400 3.593945
2.361500 3.594023
2.361600 3.594180
2.361700 3.594258
2.361800 3.594336
2.361900 3.594414
2.362000 3.594492
2.362100 3.594570
2.362200 3.594648
