0.0001000000 1.0000000049
0.0011000000 1.0000006006
0.0021000000 1.0000022021
0.0031000000 1.0000048096
0.0041000000 1.0000084033
0.0051000000 1.0000130029
0.0061000000 1.0000186084
0.0071000000 1.0000252002
0.0081000000 1.0000328076
0.0091000000 1.0000414014
0.0101000000 1.0000510010
0.0111000000 1.0000616064
0.0121000000 1.0000731982
0.0131000000 1.0000858057
0.0141000000 1.0000993994
0.0151000000 1.0001139990
0.0161000000 1.0001295947
0.0171000000 1.0001461963
0.0181000000 1.0001637939
0.0191000000 1.0001823877
0.0201000000 1.0002019873
0.0211000000 1.0002225830
0.0221000000 1.0002441748
0.0231000000 1.0002667725
0.0241000000 1.0002903662
0.0251000000 1.0003149561
0.0261000000 1.0003405518
0.0271000000 1.0003671436
0.0281000000 1.0003947314
0.0291000000 1.0004233252
0.0301000000 1.0004529150
0.0311000000 1.0004835010
0.0321000000 1.0005150830
0.0331000000 1.0005476709
0.0341000000 1.0005812549
0.0351000000 1.0006158350
0.0361000000 1.0006514111
0.0371000000 1.0006879932
0.0381000000 1.0007255615
0.0391000000 1.0007641357
0.0401000000 1.0008037061
0.0411000000 1.0008442822
0.0421000000 1.0008858447
0.0431000000 1.0009284131
0.0441000000 1.0009719775
0.0451000000 1.0010165381
0.0461000000 1.0010620947
0.0471000000 1.0011086475
0.0481000000 1.0011561963
0.0491000000 1.0012047412
0.0501000000 1.0012542920
0.0511000000 1.0013048291
0.0521000000 1.0013563623
0.0531000000 1.0014089014
0.0541000000 1.0014624268
0.0551000000 1.0015169580
0.0561000000 1.0015724756
0.0571000000 1.0016289990
0.0581000000 1.0016865088
0.0591000000 1.0017450146
0.0601000000 1.0018045166
0.0611000000 1.0018650244
0.0621000000 1.0019265186
0.0631000000 1.0019889990
0.0641000000 1.0020524854
0.0651000000 1.0021169678
0.0661000000 1.0021824365
0.0671000000 1.0022489014
0.0681000000 1.0023163623
0.0691000000 1.0023848096
0.0701000000 1.0024542627
0.0711000000 1.0025247021
0.0721000000 1.0025961377
0.0731000000 1.0026685596
0.0741000000 1.0027419775
0.0751000000 1.0028163916
0.0761000000 1.0028917920
0.0771000000 1.0029681885
0.0781000000 1.0030455811
0.0791000000 1.0031239600
0.0801000000 1.0032033252
0.0811000000 1.0032836963
0.0821000000 1.0033650439
0.0831000000 1.0034473877
0.0841000000 1.0035307275
0.0851000000 1.0036150537
0.0861000000 1.0037003662
0.0871000000 1.0037866748
0.0881000000 1.0038739697
0.0891000000 1.0039622510
0.0901000000 1.0040515283
0.0911000000 1.0041417920
0.0921000000 1.0042330420
0.0931000000 1.0043252783
0.0941000000 1.0044185107
0.0951000000 1.0045127295
0.0961000000 1.0046079248
0.0971000000 1.0047041162
0.0981000000 1.0048013037
0.0991000000 1.0048994678
0.1001000000 1.0049986182
0.1011000000 1.0050987549
0.1021000000 1.0051998779
0.1031000000 1.0053019971
0.1041000000 1.0054050928
0.1051000000 1.0055091748
0.1061000000 1.0056142432
0.1071000000 1.0057202881
0.1081000000 1.0058273291
0.1091000000 1.0059353467
0.1101000000 1.0060443506
0.1111000000 1.0061543408
0.1121000000 1.0062653174
0.1131000000 1.0063772705
0.1141000000 1.0064902100
0.1151000000 1.0066041260
0.1161000000 1.0067190283
0.1171000000 1.0068349072
0.1181000000 1.0069517725
0.1191000000 1.0070696240
0.1201000000 1.0071884521
0.1211000000 1.0073082568
0.1221000000 1.0074290479
0.1231000000 1.0075508154
0.1241000000 1.0076735596
0.1251000000 1.0077972900
0.1261000000 1.0079219971
0.1271000000 1.0080476807
0.1281000000 1.0081743408
0.1291000000 1.0083019873
0.1301000000 1.0084306006
0.1311000000 1.0085602002
0.1321000000 1.0086907666
0.1331000000 1.0088223193
0.1341000000 1.0089548486
0.1351000000 1.0090883447
0.1361000000 1.0092228271
0.1371000000 1.0093582764
0.1381000000 1.0094947021
0.1391000000 1.0096321045
0.1401000000 1.0097704834
0.1411000000 1.0099098291
0.1421000000 1.0100501514
0.1431000000 1.0101914502
0.1441000000 1.0103337158
0.1451000000 1.0104769580
0.1461000000 1.0106211670
0.1471000000 1.0107663525
0.1481000000 1.0109125049
0.1491000000 1.0110596240
0.1501000000 1.0112077197
0.1511000000 1.0113567920
0.1521000000 1.0115068213
0.1531000000 1.0116578271
0.1541000000 1.0118097998
0.1551000000 1.0119627393
0.1561000000 1.0121166455
0.1571000000 1.0122715283
0.1581000000 1.0124273682
0.1591000000 1.0125841846
0.1601000000 1.0127419580
0.1611000000 1.0129006982
0.1621000000 1.0130604053
0.1631000000 1.0132210791
0.1641000000 1.0133827197
0.1651000000 1.0135453174
0.1661000000 1.0137088818
0.1671000000 1.0138734131
0.1681000000 1.0140389014
0.1691000000 1.0142053564
0.1701000000 1.0143727783
0.1711000000 1.0145411475
0.1721000000 1.0147104932
0.1731000000 1.0148807861
0.1741000000 1.0150520459
0.1751000000 1.0152242725
0.1761000000 1.0153974463
0.1771000000 1.0155715869
0.1781000000 1.0157466846
0.1791000000 1.0159227393
0.1801000000 1.0160997510
0.1811000000 1.0162777197
0.1821000000 1.0164566455
0.1831000000 1.0166365283
0.1841000000 1.0168173584
0.1851000000 1.0169991553
0.1861000000 1.0171818994
0.1871000000 1.0173656006
0.1881000000 1.0175502588
0.1891000000 1.0177358643
0.1901000000 1.0179224268
0.1911000000 1.0181099463
0.1921000000 1.0182984131
0.1931000000 1.0184878271
0.1941000000 1.0186781982
0.1951000000 1.0188695166
0.1961000000 1.0190617822
0.1971000000 1.0192550049
0.1981000000 1.0194491650
0.1991000000 1.0196442822
