0.2000000000 1.0198206978
0.2010000000 1.0200176125
0.2020000000 1.0202154808
0.2030000000 1.0204142876
0.2040000000 1.0206140404
0.2050000000 1.0208147469
0.2060000000 1.0210163918
0.2070000000 1.0212189827
0.2080000000 1.0214225121
0.2090000000 1.0216269951
0.2100000000 1.0218324165
0.2110000000 1.0220387764
0.2120000000 1.0222460823
0.2130000000 1.0224543266
0.2140000000 1.0226635170
0.2150000000 1.0228736382
0.2160000000 1.0230847054
0.2170000000 1.0232967110
0.2180000000 1.0235096550
0.2190000000 1.0237235374
0.2200000000 1.0239383583
0.2210000000 1.0241541176
0.2220000000 1.0243708076
0.2230000000 1.0245884361
0.2240000000 1.0248070030
0.2250000000 1.0250265007
0.2260000000 1.0252469368
0.2270000000 1.0254683037
0.2280000000 1.0256906013
0.2290000000 1.0259138374
0.2300000000 1.0261380043
0.2310000000 1.0263631020
0.2320000000 1.0265891228
0.2330000000 1.0268160820
0.2340000000 1.0270439720
0.2350000000 1.0272727852
0.2360000000 1.0275025291
0.2370000000 1.0277332039
0.2380000000 1.0279648018
0.2390000000 1.0281973305
0.2400000000 1.0284307823
0.2410000000 1.0286651649
0.2420000000 1.0289004707
0.2430000000 1.0291366997
0.2440000000 1.0293738518
0.2450000000 1.0296119270
0.2460000000 1.0298509254
0.2470000000 1.0300908470
0.2480000000 1.0303316841
0.2490000000 1.0305734520
0.2500000000 1.0308161354
0.2510000000 1.0310597343
0.2520000000 1.0313042641
0.2530000000 1.0315497017
0.2540000000 1.0317960625
0.2550000000 1.0320433388
0.2560000000 1.0322915306
0.2570000000 1.0325406380
0.2580000000 1.0327906609
0.2590000000 1.0330415993
0.2600000000 1.0332934532
0.2610000000 1.0335462227
0.2620000000 1.0337999001
0.2630000000 1.0340544930
0.2640000000 1.0343100014
0.2650000000 1.0345664177
0.2660000000 1.0348237419
0.2670000000 1.0350819817
0.2680000000 1.0353411217
0.2690000000 1.0356011772
0.2700000000 1.0358621407
0.2710000000 1.0361240044
0.2720000000 1.0363867836
0.2730000000 1.0366504631
0.2740000000 1.0369150505
0.2750000000 1.0371805458
0.2760000000 1.0374469414
0.2770000000 1.0377142372
0.2780000000 1.0379824409
0.2790000000 1.0382515450
0.2800000000 1.0385215492
0.2810000000 1.0387924614
0.2820000000 1.0390642662
0.2830000000 1.0393369713
0.2840000000 1.0396105766
0.2850000000 1.0398850822
0.2860000000 1.0401604805
0.2870000000 1.0404367790
0.2880000000 1.0407139778
0.2890000000 1.0409920616
0.2900000000 1.0412710533
0.2910000000 1.0415509300
0.2920000000 1.0418316994
0.2930000000 1.0421133690
0.2940000000 1.0423959236
0.2950000000 1.0426793709
0.2960000000 1.0429637184
0.2970000000 1.0432489433
0.2980000000 1.0435350685
0.2990000000 1.0438220711
0.3000000000 1.0441099739
0.3010000000 1.0443987541
0.3020000000 1.0446884270
0.3030000000 1.0449789848
0.3040000000 1.0452704277
0.3050000000 1.0455627556
0.3060000000 1.0458559685
0.3070000000 1.0461500587
0.3080000000 1.0464450340
0.3090000000 1.0467408943
0.3100000000 1.0470376396
0.3110000000 1.0473352547
0.3120000000 1.0476337624
0.3130000000 1.0479331398
0.3140000000 1.0482333946
0.3150000000 1.0485345345
0.3160000000 1.0488365440
0.3170000000 1.0491394386
0.3180000000 1.0494432030
0.3190000000 1.0497478371
0.3200000000 1.0500533562
0.3210000000 1.0503597450
0.3220000000 1.0506670036
0.3230000000 1.0509751320
0.3240000000 1.0512841377
0.3250000000 1.0515940132
0.3260000000 1.0519047585
0.3270000000 1.0522163734
0.3280000000 1.0525288506
0.3290000000 1.0528422050
0.3300000000 1.0531564217
0.3310000000 1.0534715004
0.3320000000 1.0537874489
0.3330000000 1.0541042595
0.3340000000 1.0544219398
0.3350000000 1.0547404823
0.3360000000 1.0550598869
0.3370000000 1.0553801460
0.3380000000 1.0557012749
0.3390000000 1.0560232582
0.3400000000 1.0563461113
0.3410000000 1.0566698112
0.3420000000 1.0569943733
0.3430000000 1.0573197975
0.3440000000 1.0576460762
0.3450000000 1.0579732094
0.3460000000 1.0583011971
0.3470000000 1.0586300392
0.3480000000 1.0589597359
0.3490000000 1.0592902870
0.3500000000 1.0596216927
0.3510000000 1.0599539452
0.3520000000 1.0602870445
0.3530000000 1.0606209984
0.3540000000 1.0609558067
0.3550000000 1.0612914543
0.3560000000 1.0616279564
0.3570000000 1.0619653053
0.3580000000 1.0623035011
0.3590000000 1.0626425362
0.3600000000 1.0629824181
0.3610000000 1.0633231468
0.3620000000 1.0636647148
0.3630000000 1.0640071297
0.3640000000 1.0643503838
0.3650000000 1.0646944771
0.3660000000 1.0650394173
0.3670000000 1.0653851891
0.3680000000 1.0657318001
0.3690000000 1.0660792503
0.3700000000 1.0664275398
0.3710000000 1.0667766609
0.3720000000 1.0671266212
0.3730000000 1.0674774208
0.3740000000 1.0678290443
0.3750000000 1.0681815071
0.3760000000 1.0685348015
0.3770000000 1.0688889275
0.3780000000 1.0692438850
0.3790000000 1.0695996666
0.3800000000 1.0699562874
0.3810000000 1.0703137321
0.3820000000 1.0706720009
0.3830000000 1.0710311012
0.3840000000 1.0713910255
0.3850000000 1.0717517738
0.3860000000 1.0721133537
0.3870000000 1.0724757500
0.3880000000 1.0728389702
0.3890000000 1.0732030144
0.3900000000 1.0735678825
0.3910000000 1.0739335670
0.3920000000 1.0743000679
0.3930000000 1.0746673927
0.3940000000 1.0750355415
0.3950000000 1.0754044991
0.3960000000 1.0757742729
0.3970000000 1.0761448708
0.3980000000 1.0765162773
0.3990000000 1.0768885002
0.4000000000 1.0772615395
0.4010000000 1.0776353874
0.4020000000 1.0780100441
0.4030000000 1.0783855171
0.4040000000 1.0787617989
0.4050000000 1.0791388893
0.4060000000 1.0795167885
0.4070000000 1.0798954964
0.4080000000 1.0802750130
0.4090000000 1.0806553307
0.4100000000 1.0810364571
0.4110000000 1.0814183922
0.4120000000 1.0818011284
0.4130000000 1.0821846657
0.4140000000 1.0825690041
0.4150000000 1.0829541435
0.4160000000 1.0833400917
0.4170000000 1.0837268333
0.4180000000 1.0841143684
0.4190000000 1.0845027122
0.4200000000 1.0848918495
0.4210000000 1.0852817802
0.4220000000 1.0856725121
0.4230000000 1.0860640373
0.4240000000 1.0864563560
0.4250000000 1.0868494682
0.4260000000 1.0872433662
0.4270000000 1.0876380653
0.4280000000 1.0880335503
0.4290000000 1.0884298286
0.4300000000 1.0888268929
0.4310000000 1.0892247505
0.4320000000 1.0896233864
0.4330000000 1.0900228157
0.4340000000 1.0904230309
0.4350000000 1.0908240318
0.4360000000 1.0912258186
0.4370000000 1.0916283836
0.4380000000 1.0920317345
0.4390000000 1.0924358635
0.4400000000 1.0928407784
0.4410000000 1.0932464714
0.4420000000 1.0936529427
0.4430000000 1.0940601921
0.4440000000 1.0944682198
0.4450000000 1.0948770256
0.4460000000 1.0952866096
0.4470000000 1.0956969643
0.4480000000 1.0961080971
0.4490000000 1.0965200005
0.4500000000 1.0969326820
0.4510000000 1.0973461266
0.4520000000 1.0977603493
0.4530000000 1.0981753426
0.4540000000 1.0985910988
0.4550000000 1.0990076256
0.4560000000 1.0994249229
0.4570000000 1.0998429909
0.4580000000 1.1002618217
0.4590000000 1.1006814156
0.4600000000 1.1011017723
0.4610000000 1.1015228920
0.4620000000 1.1019447823
0.4630000000 1.1023674278
0.4640000000 1.1027908363
0.4650000000 1.1032150078
0.4660000000 1.1036399345
0.4670000000 1.1040656166
0.4680000000 1.1044920616
0.4690000000 1.1049192619
0.4700000000 1.1053472252
0.4710000000 1.1057759361
0.4720000000 1.1062054024
0.4730000000 1.1066356239
0.4740000000 1.1070666008
0.4750000000 1.1074983253
0.4760000000 1.1079307976
0.4770000000 1.1083640251
0.4780000000 1.1087980003
0.4790000000 1.1092327232
0.4800000000 1.1096682014
0.4810000000 1.1101044197
0.4820000000 1.1105413780
0.4830000000 1.1109790916
0.4840000000 1.1114175453
0.4850000000 1.1118567467
0.4860000000 1.1122966881
0.4870000000 1.1127373695
0.4880000000 1.1131787910
0.4890000000 1.1136209526
0.4900000000 1.1140638542
0.4910000000 1.1145074959
0.4920000000 1.1149518776
0.4930000000 1.1153969917
0.4940000000 1.1158428459
0.4950000000 1.1162894325
0.4960000000 1.1167367516
0.4970000000 1.1171848030
0.4980000000 1.1176335869
0.4990000000 1.1180831108
0.5000000000 1.1185333595
0.5010000000 1.1189843330
0.5020000000 1.1194360466
0.5030000000 1.1198884773
0.5040000000 1.1203416405
0.5050000000 1.1207955360
0.5060000000 1.1212501488
0.5070000000 1.1217054939
0.5080000000 1.1221615562
0.5090000000 1.1226183434
0.5100000000 1.1230758553
0.5110000000 1.1235340843
0.5120000000 1.1239930382
0.5130000000 1.1244527168
0.5140000000 1.1249131050
0.5150000000 1.1253742180
0.5160000000 1.1258360405
0.5170000000 1.1262985878
0.5180000000 1.1267618446
0.5190000000 1.1272258186
0.5200000000 1.1276905098
0.5210000000 1.1281559105
0.5220000000 1.1286220207
0.5230000000 1.1290888481
0.5240000000 1.1295563774
0.5250000000 1.1300246239
0.5260000000 1.1304935799
0.5270000000 1.1309632378
0.5280000000 1.1314336128
0.5290000000 1.1319046822
0.5300000000 1.1323764610
0.5310000000 1.1328489494
0.5320000000 1.1333221397
0.5330000000 1.1337960320
0.5340000000 1.1342706261
0.5350000000 1.1347459221
0.5360000000 1.1352219124
0.5370000000 1.1356986046
0.5380000000 1.1361759987
0.5390000000 1.1366540947
0.5400000000 1.1371328773
0.5410000000 1.1376123619
0.5420000000 1.1380925484
0.5430000000 1.1385734215
0.5440000000 1.1390549889
0.5450000000 1.1395372429
0.5460000000 1.1400201988
0.5470000000 1.1405038414
0.5480000000 1.1409881783
0.5490000000 1.1414731941
0.5500000000 1.1419589119
0.5510000000 1.1424453087
0.5520000000 1.1429323921
0.5530000000 1.1434201622
0.5540000000 1.1439086189
0.5550000000 1.1443977623
0.5560000000 1.1448875847
0.5570000000 1.1453780937
0.5580000000 1.1458692818
0.5590000000 1.1463611488
0.5600000000 1.1468537025
0.5610000000 1.1473469276
0.5620000000 1.1478408394
0.5630000000 1.1483354225
0.5640000000 1.1488306847
0.5650000000 1.1493266182
0.5660000000 1.1498232307
0.5670000000 1.1503205223
0.5680000000 1.1508184776
0.5690000000 1.1513171120
0.5700000000 1.1518164101
0.5710000000 1.1523163872
0.5720000000 1.1528170357
0.5730000000 1.1533183479
0.5740000000 1.1538203239
0.5750000000 1.1543229790
0.5760000000 1.1548262901
0.5770000000 1.1553302727
0.5780000000 1.1558349190
0.5790000000 1.1563402290
0.5800000000 1.1568462029
0.5810000000 1.1573528404
0.5820000000 1.1578601341
0.5830000000 1.1583680916
0.5840000000 1.1588767052
0.5850000000 1.1593859825
0.5860000000 1.1598959160
0.5870000000 1.1604065132
0.5880000000 1.1609177589
0.5890000000 1.1614296608
0.5900000000 1.1619422188
0.5910000000 1.1624554329
0.5920000000 1.1629693031
0.5930000000 1.1634838142
0.5940000000 1.1639989891
0.5950000000 1.1645148048
0.5960000000 1.1650312767
0.5970000000 1.1655483971
0.5980000000 1.1660661583
0.5990000000 1.1665845757
0.6000000000 1.1671036339
0.6010000000 1.1676233406
0.6020000000 1.1681436882
0.6030000000 1.1686646843
0.6040000000 1.1691863213
0.6050000000 1.1697085991
0.6060000000 1.1702315254
0.6070000000 1.1707550850
0.6080000000 1.1712792854
0.6090000000 1.1718041267
0.6100000000 1.1723296013
0.6110000000 1.1728557167
0.6120000000 1.1733824730
0.6130000000 1.1739098625
0.6140000000 1.1744378777
0.6150000000 1.1749665337
0.6160000000 1.1754958229
0.6170000000 1.1760257454
0.6180000000 1.1765563011
0.6190000000 1.1770874825
0.6200000000 1.1776192970
0.6210000000 1.1781517372
0.6220000000 1.1786848106
0.6230000000 1.1792185020
0.6240000000 1.1797528267
0.6250000000 1.1802877769
0.6260000000 1.1808233528
0.6270000000 1.1813595467
0.6280000000 1.1818963737
0.6290000000 1.1824338112
0.6300000000 1.1829718819
0.6310000000 1.1835105629
0.6320000000 1.1840498695
0.6330000000 1.1845897942
0.6340000000 1.1851303368
0.6350000000 1.1856714973
0.6360000000 1.1862132759
0.6370000000 1.1867556648
0.6380000000 1.1872986717
0.6390000000 1.1878422966
0.6400000000 1.1883865318
0.6410000000 1.1889313774
0.6420000000 1.1894768333
0.6430000000 1.1900228996
0.6440000000 1.1905695839
0.6450000000 1.1911168709
0.6460000000 1.1916647682
0.6470000000 1.1922132683
0.6480000000 1.1927623787
0.6490000000 1.1933120995
0.6500000000 1.1938624229
0.6510000000 1.1944133492
0.6520000000 1.1949648781
0.6530000000 1.1955170097
0.6540000000 1.1960697441
0.6550000000 1.1966230812
0.6560000000 1.1971770134
0.6570000000 1.1977315483
0.6580000000 1.1982866783
0.6590000000 1.1988424110
0.6600000000 1.1993987389
0.6610000000 1.1999556618
0.6620000000 1.2005131798
0.6630000000 1.2010713005
0.6640000000 1.2016300011
0.6650000000 1.2021893044
0.6660000000 1.2027491951
0.6670000000 1.2033096809
0.6680000000 1.2038707542
0.6690000000 1.2044324226
0.6700000000 1.2049946709
0.6710000000 1.2055575142
0.6720000000 1.2061209373
0.6730000000 1.2066849556
0.6740000000 1.2072495537
0.6750000000 1.2078147392
0.6760000000 1.2083805122
0.6770000000 1.2089468651
0.6780000000 1.2095137978
0.6790000000 1.2100813103
0.6800000000 1.2106494102
0.6810000000 1.2112180901
0.6820000000 1.2117873421
0.6830000000 1.2123571815
0.6840000000 1.2129275932
0.6850000000 1.2134985847
0.6860000000 1.2140701485
0.6870000000 1.2146422920
0.6880000000 1.2152150002
0.6890000000 1.2157882957
0.6900000000 1.2163621559
0.6910000000 1.2169365883
0.6920000000 1.2175115929
0.6930000000 1.2180871696
0.6940000000 1.2186633186
0.6950000000 1.2192400322
0.6960000000 1.2198173103
0.6970000000 1.2203951607
0.6980000000 1.2209735756
0.6990000000 1.2215525627
0.7000000000 1.2221321068
0.7010000000 1.2227122154
0.7020000000 1.2232928963
0.7030000000 1.2238741341
0.7040000000 1.2244559288
0.7050000000 1.2250382881
0.7060000000 1.2256212120
0.7070000000 1.2262046928
0.7080000000 1.2267887306
0.7090000000 1.2273733253
0.7100000000 1.2279584770
0.7110000000 1.2285441933
0.7120000000 1.2291304588
0.7130000000 1.2297172737
0.7140000000 1.2303046532
0.7150000000 1.2308925819
0.7160000000 1.2314810600
0.7170000000 1.2320700874
0.7180000000 1.2326596718
0.7190000000 1.2332498055
0.7200000000 1.2338404884
0.7210000000 1.2344317207
0.7220000000 1.2350234947
0.7230000000 1.2356158257
0.7240000000 1.2362086983
0.7250000000 1.2368021126
0.7260000000 1.2373960762
0.7270000000 1.2379905815
0.7280000000 1.2385856285
0.7290000000 1.2391812248
0.7300000000 1.2397773552
0.7310000000 1.2403740273
0.7320000000 1.2409712486
0.7330000000 1.2415689964
0.7340000000 1.2421672935
0.7350000000 1.2427661247
0.7360000000 1.2433654900
0.7370000000 1.2439653893
0.7380000000 1.2445658302
0.7390000000 1.2451668053
0.7400000000 1.2457683144
0.7410000000 1.2463703575
0.7420000000 1.2469729271
0.7430000000 1.2475760307
0.7440000000 1.2481796684
0.7450000000 1.2487838326
0.7460000000 1.2493885307
0.7470000000 1.2499937553
0.7480000000 1.2505995064
0.7490000000 1.2512057915
0.7500000000 1.2518125954
0.7510000000 1.2524199257
0.7520000000 1.2530277824
0.7530000000 1.2536361656
0.7540000000 1.2542450676
0.7550000000 1.2548544960
0.7560000000 1.2554644432
0.7570000000 1.2560749168
0.7580000000 1.2566859093
0.7590000000 1.2572974205
0.7600000000 1.2579094505
0.7610000000 1.2585219917
0.7620000000 1.2591350594
0.7630000000 1.2597486458
0.7640000000 1.2603627434
0.7650000000 1.2609773521
0.7660000000 1.2615924797
0.7670000000 1.2622081184
0.7680000000 1.2628242760
0.7690000000 1.2634409447
0.7700000000 1.2640581169
0.7710000000 1.2646758080
0.7720000000 1.2652940102
0.7730000000 1.2659127159
0.7740000000 1.2665319328
0.7750000000 1.2671516609
0.7760000000 1.2677718925
0.7770000000 1.2683926277
0.7780000000 1.2690138741
0.7790000000 1.2696356239
0.7800000000 1.2702578697
0.7810000000 1.2708806267
0.7820000000 1.2715038872
0.7830000000 1.2721276512
0.7840000000 1.2727519112
0.7850000000 1.2733766747
0.7860000000 1.2740019341
0.7870000000 1.2746276970
0.7880000000 1.2752539558
0.7890000000 1.2758807182
0.7900000000 1.2765079689
0.7910000000 1.2771357231
0.7920000000 1.2777639656
0.7930000000 1.2783927116
0.7940000000 1.2790219460
0.7950000000 1.2796516762
0.7960000000 1.2802818947
0.7970000000 1.2809126091
0.7980000000 1.2815438118
0.7990000000 1.2821755028
0.8000000000 1.2828076897
0.8010000000 1.2834403648
0.8020000000 1.2840735207
0.8030000000 1.2847071724
0.8040000000 1.2853413124
0.8050000000 1.2859759331
0.8060000000 1.2866110420
0.8070000000 1.2872466316
0.8080000000 1.2878827095
0.8090000000 1.2885192680
0.8100000000 1.2891563072
0.8110000000 1.2897938347
0.8120000000 1.2904318352
0.8130000000 1.2910703239
0.8140000000 1.2917092934
0.8150000000 1.2923487358
0.8160000000 1.2929886589
0.8170000000 1.2936290550
0.8180000000 1.2942699394
0.8190000000 1.2949112892
0.8200000000 1.2955531197
0.8210000000 1.2961954231
0.8220000000 1.2968381996
0.8230000000 1.2974814568
0.8240000000 1.2981251793
0.8250000000 1.2987693748
0.8260000000 1.2994140434
0.8270000000 1.3000591850
0.8280000000 1.3007047920
0.8290000000 1.3013508720
0.8300000000 1.3019974174
0.8310000000 1.3026444359
0.8320000000 1.3032919121
0.8330000000 1.3039398613
0.8340000000 1.3045882759
0.8350000000 1.3052371559
0.8360000000 1.3058865013
0.8370000000 1.3065363121
0.8380000000 1.3071865807
0.8390000000 1.3078373146
0.8400000000 1.3084885139
0.8410000000 1.3091401711
0.8420000000 1.3097922859
0.8430000000 1.3104448586
0.8440000000 1.3110978966
0.8450000000 1.3117513924
0.8460000000 1.3124053459
0.8470000000 1.3130597496
0.8480000000 1.3137146187
0.8490000000 1.3143699379
0.8500000000 1.3150257149
0.8510000000 1.3156819420
0.8520000000 1.3163386269
0.8530000000 1.3169957619
0.8540000000 1.3176533470
0.8550000000 1.3183113899
0.8560000000 1.3189698830
0.8570000000 1.3196288261
0.8580000000 1.3202882118
0.8590000000 1.3209480553
0.8600000000 1.3216083412
0.8610000000 1.3222690773
0.8620000000 1.3229302635
0.8630000000 1.3235918922
0.8640000000 1.3242539635
0.8650000000 1.3249164848
0.8660000000 1.3255794487
0.8670000000 1.3262428551
0.8680000000 1.3269067116
0.8690000000 1.3275710030
0.8700000000 1.3282357368
0.8710000000 1.3289009132
0.8720000000 1.3295665245
0.8730000000 1.3302325783
0.8740000000 1.3308990746
0.8750000000 1.3315660057
0.8760000000 1.3322333794
0.8770000000 1.3329011879
0.8780000000 1.3335694313
0.8790000000 1.3342381096
0.8800000000 1.3349072227
0.8810000000 1.3355767784
0.8820000000 1.3362467613
0.8830000000 1.3369171715
0.8840000000 1.3375880241
0.8850000000 1.3382593040
0.8860000000 1.3389310188
0.8870000000 1.3396031609
0.8880000000 1.3402757301
0.8890000000 1.3409487343
0.8900000000 1.3416221657
0.8910000000 1.3422960243
0.8920000000 1.3429703102
0.8930000000 1.3436450157
0.8940000000 1.3443201561
0.8950000000 1.3449957237
0.8960000000 1.3456717110
0.8970000000 1.3463481255
0.8980000000 1.3470249596
0.8990000000 1.3477022209
0.9000000000 1.3483799019
0.9010000000 1.3490580025
0.9020000000 1.3497365303
0.9030000000 1.3504154701
0.9040000000 1.3510948372
0.9050000000 1.3517746239
0.9060000000 1.3524548225
0.9070000000 1.3531354408
0.9080000000 1.3538164787
0.9090000000 1.3544979362
0.9100000000 1.3551798058
0.9110000000 1.3558620872
0.9120000000 1.3565447884
0.9130000000 1.3572279015
0.9140000000 1.3579114342
0.9150000000 1.3585953712
0.9160000000 1.3592797279
0.9170000000 1.3599644890
0.9180000000 1.3606496620
0.9190000000 1.3613352470
0.9200000000 1.3620212440
0.9210000000 1.3627076530
0.9220000000 1.3633944664
0.9230000000 1.3640816841
0.9240000000 1.3647693138
0.9250000000 1.3654573479
0.9260000000 1.3661457863
0.9270000000 1.3668346367
0.9280000000 1.3675238914
0.9290000000 1.3682135429
0.9300000000 1.3689036064
0.9310000000 1.3695940666
0.9320000000 1.3702849312
0.9330000000 1.3709762001
0.9340000000 1.3716678658
0.9350000000 1.3723599358
0.9360000000 1.3730524025
0.9370000000 1.3737452736
0.9380000000 1.3744385414
0.9390000000 1.3751322060
0.9400000000 1.3758262672
0.9410000000 1.3765207253
0.9420000000 1.3772155876
0.9430000000 1.3779108391
0.9440000000 1.3786064873
0.9450000000 1.3793025246
0.9460000000 1.3799989662
0.9470000000 1.3806957893
0.9480000000 1.3813930168
0.9490000000 1.3820906258
0.9500000000 1.3827886391
0.9510000000 1.3834870338
0.9520000000 1.3841858177
0.9530000000 1.3848849983
0.9540000000 1.3855845680
0.9550000000 1.3862845192
0.9560000000 1.3869848671
0.9570000000 1.3876855965
0.9580000000 1.3883867149
0.9590000000 1.3890882225
0.9600000000 1.3897901115
0.9610000000 1.3904923897
0.9620000000 1.3911950493
0.9630000000 1.3918980980
0.9640000000 1.3926015205
0.9650000000 1.3933053322
0.9660000000 1.3940095253
0.9670000000 1.3947140999
0.9680000000 1.3954190559
0.9690000000 1.3961243935
0.9700000000 1.3968301125
0.9710000000 1.3975362129
0.9720000000 1.3982426872
0.9730000000 1.3989495354
0.9740000000 1.3996567726
0.9750000000 1.4003643761
0.9760000000 1.4010723610
0.9770000000 1.4017807274
0.9780000000 1.4024894600
0.9790000000 1.4031985741
0.9800000000 1.4039080620
0.9810000000 1.4046179161
0.9820000000 1.4053281517
0.9830000000 1.4060387535
0.9840000000 1.4067497368
0.9850000000 1.4074610786
0.9860000000 1.4081728020
0.9870000000 1.4088848915
0.9880000000 1.4095973549
0.9890000000 1.4103101845
0.9900000000 1.4110233803
0.9910000000 1.4117369423
0.9920000000 1.4124508781
0.9930000000 1.4131651802
0.9940000000 1.4138798485
0.9950000000 1.4145948753
0.9960000000 1.4153102760
0.9970000000 1.4160260429
0.9980000000 1.4167421684
0.9990000000 1.4174586601
1.0000000000 1.4181755104
1.0010000000 1.4188927269
1.0020000000 1.4196103096
1.0030000000 1.4203282509
1.0040000000 1.4210465508
1.0050000000 1.4217652092
1.0060000000 1.4224842339
1.0070000000 1.4232036171
1.0080000000 1.4239233513
1.0090000000 1.4246434517
1.0100000000 1.4253639107
1.0110000000 1.4260847206
1.0120000000 1.4268058891
1.0130000000 1.4275274162
1.0140000000 1.4282492943
1.0150000000 1.4289715309
1.0160000000 1.4296941261
1.0170000000 1.4304170647
1.0180000000 1.4311403618
1.0190000000 1.4318640175
1.0200000000 1.4325880165
1.0210000000 1.4333123741
1.0220000000 1.4340370827
1.0230000000 1.4347621346
1.0240000000 1.4354875450
1.0250000000 1.4362132988
1.0260000000 1.4369394035
1.0270000000 1.4376658592
1.0280000000 1.4383926582
1.0290000000 1.4391198082
1.0300000000 1.4398473091
1.0310000000 1.4405751534
1.0320000000 1.4413033409
1.0330000000 1.4420318718
1.0340000000 1.4427607536
1.0350000000 1.4434899788
1.0360000000 1.4442195473
1.0370000000 1.4449494591
1.0380000000 1.4456797142
1.0390000000 1.4464103050
1.0400000000 1.4471412468
1.0410000000 1.4478725243
1.0420000000 1.4486041451
1.0430000000 1.4493361015
1.0440000000 1.4500684013
1.0450000000 1.4508010445
1.0460000000 1.4515340233
1.0470000000 1.4522673378
1.0480000000 1.4530009956
1.0490000000 1.4537349815
1.0500000000 1.4544693108
1.0510000000 1.4552039757
1.0520000000 1.4559389763
1.0530000000 1.4566743050
1.0540000000 1.4574099770
1.0550000000 1.4581459846
1.0560000000 1.4588823204
1.0570000000 1.4596189842
1.0580000000 1.4603559914
1.0590000000 1.4610933266
1.0600000000 1.4618309898
1.0610000000 1.4625689888
1.0620000000 1.4633073158
1.0630000000 1.4640459709
1.0640000000 1.4647849617
1.0650000000 1.4655242805
1.0660000000 1.4662639275
1.0670000000 1.4670038948
1.0680000000 1.4677441978
1.0690000000 1.4684848289
1.0700000000 1.4692257805
1.0710000000 1.4699670601
1.0720000000 1.4707086678
1.0730000000 1.4714505959
1.0740000000 1.4721928520
1.0750000000 1.4729354362
1.0760000000 1.4736783409
1.0770000000 1.4744215660
1.0780000000 1.4751651192
1.0790000000 1.4759089851
1.0800000000 1.4766531792
1.0810000000 1.4773976936
1.0820000000 1.4781425285
1.0830000000 1.4788876839
1.0840000000 1.4796331596
1.0850000000 1.4803789558
1.0860000000 1.4811250725
1.0870000000 1.4818715019
1.0880000000 1.4826182518
1.0890000000 1.4833653221
1.0900000000 1.4841127052
1.0910000000 1.4848604012
1.0920000000 1.4856084175
1.0930000000 1.4863567543
1.0940000000 1.4871053963
1.0950000000 1.4878543587
1.0960000000 1.4886036339
1.0970000000 1.4893532219
1.0980000000 1.4901031227
1.0990000000 1.4908533363
1.1000000000 1.4916038628
1.1010000000 1.4923547020
1.1020000000 1.4931058540
1.1030000000 1.4938573112
1.1040000000 1.4946090813
1.1050000000 1.4953611565
1.1060000000 1.4961135521
1.1070000000 1.4968662453
1.1080000000 1.4976192513
1.1090000000 1.4983725624
1.1100000000 1.4991261864
1.1110000000 1.4998801155
1.1120000000 1.5006343498
1.1130000000 1.5013888893
1.1140000000 1.5021437340
1.1150000000 1.5028988914
1.1160000000 1.5036543465
1.1170000000 1.5044101067
1.1180000000 1.5051661720
1.1190000000 1.5059225349
1.1200000000 1.5066792107
1.1210000000 1.5074361763
1.1220000000 1.5081934547
1.1230000000 1.5089510307
1.1240000000 1.5097089043
1.1250000000 1.5104670830
1.1260000000 1.5112255592
1.1270000000 1.5119843407
1.1280000000 1.5127434120
1.1290000000 1.5135027885
1.1300000000 1.5142624626
1.1310000000 1.5150224342
1.1320000000 1.5157827034
1.1330000000 1.5165432701
1.1340000000 1.5173041267
1.1350000000 1.5180652885
1.1360000000 1.5188267403
1.1370000000 1.5195884895
1.1380000000 1.5203505287
1.1390000000 1.5211128654
1.1400000000 1.5218754997
1.1410000000 1.5226384239
1.1420000000 1.5234016380
1.1430000000 1.5241651497
1.1440000000 1.5249289513
1.1450000000 1.5256930504
1.1460000000 1.5264574318
1.1470000000 1.5272221107
1.1480000000 1.5279870720
1.1490000000 1.5287523308
1.1500000000 1.5295178719
1.1510000000 1.5302837105
1.1520000000 1.5310498314
1.1530000000 1.5318162422
1.1540000000 1.5325829353
1.1550000000 1.5333499260
1.1560000000 1.5341171989
1.1570000000 1.5348847542
1.1580000000 1.5356525993
1.1590000000 1.5364207268
1.1600000000 1.5371891441
1.1610000000 1.5379578438
1.1620000000 1.5387268257
1.1630000000 1.5394960976
1.1640000000 1.5402656517
1.1650000000 1.5410354805
1.1660000000 1.5418055992
1.1670000000 1.5425760002
1.1680000000 1.5433466759
1.1690000000 1.5441176414
1.1700000000 1.5448888817
1.1710000000 1.5456604042
1.1720000000 1.5464322090
1.1730000000 1.5472042885
1.1740000000 1.5479766502
1.1750000000 1.5487492943
1.1760000000 1.5495222130
1.1770000000 1.5502954063
1.1780000000 1.5510688820
1.1790000000 1.5518426323
1.1800000000 1.5526166649
1.1810000000 1.5533909645
1.1820000000 1.5541655464
1.1830000000 1.5549404030
1.1840000000 1.5557155342
1.1850000000 1.5564909325
1.1860000000 1.5572666130
1.1870000000 1.5580425682
1.1880000000 1.5588187904
1.1890000000 1.5595952950
1.1900000000 1.5603720665
1.1910000000 1.5611491051
1.1920000000 1.5619264259
1.1930000000 1.5627040062
1.1940000000 1.5634818687
1.1950000000 1.5642599983
1.1960000000 1.5650383949
1.1970000000 1.5658170586
1.1980000000 1.5665959969
1.1990000000 1.5673752022
1.2000000000 1.5681546745
1.2010000000 1.5689344215
1.2020000000 1.5697144279
1.2030000000 1.5704947090
1.2040000000 1.5712752495
1.2050000000 1.5720560646
1.2060000000 1.5728371391
1.2070000000 1.5736184807
1.2080000000 1.5744000893
1.2090000000 1.5751819649
1.2100000000 1.5759640999
1.2110000000 1.5767465019
1.2120000000 1.5775291634
1.2130000000 1.5783120918
1.2140000000 1.5790952873
1.2150000000 1.5798787346
1.2160000000 1.5806624565
1.2170000000 1.5814464302
1.2180000000 1.5822306709
1.2190000000 1.5830151711
1.2200000000 1.5837999306
1.2210000000 1.5845849495
1.2220000000 1.5853702278
1.2230000000 1.5861557655
1.2240000000 1.5869415703
1.2250000000 1.5877276268
1.2260000000 1.5885139427
1.2270000000 1.5893005104
1.2280000000 1.5900873451
1.2290000000 1.5908744316
1.2300000000 1.5916617775
1.2310000000 1.5924493752
1.2320000000 1.5932372322
1.2330000000 1.5940253487
1.2340000000 1.5948137169
1.2350000000 1.5956023369
1.2360000000 1.5963912163
1.2370000000 1.5971803398
1.2380000000 1.5979697304
1.2390000000 1.5987593651
1.2400000000 1.5995492592
1.2410000000 1.6003393974
1.2420000000 1.6011297951
1.2430000000 1.6019204445
1.2440000000 1.6027113380
1.2450000000 1.6035024910
1.2460000000 1.6042938881
1.2470000000 1.6050855370
1.2480000000 1.6058774376
1.2490000000 1.6066695900
1.2500000000 1.6074619865
1.2510000000 1.6082546349
1.2520000000 1.6090475349
1.2530000000 1.6098406792
1.2540000000 1.6106340675
1.2550000000 1.6114277077
1.2560000000 1.6122215996
1.2570000000 1.6130157280
1.2580000000 1.6138101082
1.2590000000 1.6146047325
1.2600000000 1.6153996010
1.2610000000 1.6161947212
1.2620000000 1.6169900780
1.2630000000 1.6177856865
1.2640000000 1.6185815315
1.2650000000 1.6193776283
1.2660000000 1.6201739616
1.2670000000 1.6209705391
1.2680000000 1.6217673607
1.2690000000 1.6225644264
1.2700000000 1.6233617287
1.2710000000 1.6241592751
1.2720000000 1.6249570656
1.2730000000 1.6257550926
1.2740000000 1.6265533638
1.2750000000 1.6273518715
1.2760000000 1.6281506233
1.2770000000 1.6289496117
1.2780000000 1.6297488441
1.2790000000 1.6305483055
1.2800000000 1.6313480110
1.2810000000 1.6321479530
1.2820000000 1.6329481392
1.2830000000 1.6337485542
1.2840000000 1.6345492058
