2.2830000000 2.5124131508
2.2840000000 2.5133426247
2.2850000000 2.5142721596
2.2860000000 2.5152017632
2.2870000000 2.5161314278
2.2880000000 2.5170611610
2.2890000000 2.5179909554
2.2900000000 2.5189208107
2.2910000000 2.5198507347
2.2920000000 2.5207807274
2.2930000000 2.5217107811
2.2940000000 2.5226408958
2.2950000000 2.5235710793
2.2960000000 2.5245013313
2.2970000000 2.5254316368
2.2980000000 2.5263620186
2.2990000000 2.5272924538
2.3000000000 2.5282229576
2.3010000000 2.5291535225
2.3020000000 2.5300841560
2.3030000000 2.5310148506
2.3040000000 2.5319456062
2.3050000000 2.5328764305
2.3060000000 2.5338073158
2.3070000000 2.5347382698
2.3080000000 2.5356692772
2.3090000000 2.5366003532
2.3100000000 2.5375314980
2.3110000000 2.5384626961
2.3120000000 2.5393939629
2.3130000000 2.5403252907
2.3140000000 2.5412566872
2.3150000000 2.5421881447
2.3160000000 2.5431196556
2.3170000000 2.5440512428
2.3180000000 2.5449828835
2.3190000000 2.5459145927
2.3200000000 2.5468463554
2.3210000000 2.5477781868
2.3220000000 2.5487100868
2.3230000000 2.5496420403
2.3240000000 2.5505740623
2.3250000000 2.5515061378
2.3260000000 2.5524382820
2.3270000000 2.5533704872
2.3280000000 2.5543027534
2.3290000000 2.5552350883
2.3300000000 2.5561674767
2.3310000000 2.5570999336
2.3320000000 2.5580324440
2.3330000000 2.5589650230
2.3340000000 2.5598976631
2.3350000000 2.5608303642
2.3360000000 2.5617631264
2.3370000000 2.5626959496
2.3380000000 2.5636288338
2.3390000000 2.5645617790
2.3400000000 2.5654947853
2.3410000000 2.5664278526
2.3420000000 2.5673609886
2.3430000000 2.5682941780
2.3440000000 2.5692274284
2.3450000000 2.5701607399
2.3460000000 2.5710941124
2.3470000000 2.5720275459
2.3480000000 2.5729610481
2.3490000000 2.5738946037
2.3500000000 2.5748282204
2.3510000000 2.5757618980
2.3520000000 2.5766956291
2.3530000000 2.5776294289
2.3540000000 2.5785632896
2.3550000000 2.5794972115
2.3560000000 2.5804311867
2.3570000000 2.5813652306
2.3580000000 2.5822993279
2.3590000000 2.5832334862
2.3600000000 2.5841677055
2.3610000000 2.5851019859
2.3620000000 2.5860363274
2.3630000000 2.5869707222
2.3640000000 2.5879051857
2.3650000000 2.5888397026
2.3660000000 2.5897742805
2.3670000000 2.5907089195
2.3680000000 2.5916436119
2.3690000000 2.5925783730
2.3700000000 2.5935131874
2.3710000000 2.5944480629
2.3720000000 2.5953829994
2.3730000000 2.5963179893
2.3740000000 2.5972530403
2.3750000000 2.5981881523
2.3760000000 2.5991233253
2.3770000000 2.6000585594
2.3780000000 2.6009938469
2.3790000000 2.6019291954
2.3800000000 2.6028645973
2.3810000000 2.6038000603
2.3820000000 2.6047355843
2.3830000000 2.6056711693
2.3840000000 2.6066068077
2.3850000000 2.6075425072
2.3860000000 2.6084782677
2.3870000000 2.6094140816
2.3880000000 2.6103499565
2.3890000000 2.6112858849
2.3900000000 2.6122218742
2.3910000000 2.6131579247
2.3920000000 2.6140940285
2.3930000000 2.6150301933
2.3940000000 2.6159664192
2.3950000000 2.6169026985
2.3960000000 2.6178390312
2.3970000000 2.6187754326
2.3980000000 2.6197118797
2.3990000000 2.6206483955
2.4000000000 2.6215849571
2.4010000000 2.6225215874
2.4020000000 2.6234582710
2.4030000000 2.6243950081
2.4040000000 2.6253318062
2.4050000000 2.6262686577
2.4060000000 2.6272055702
2.4070000000 2.6281425362
2.4080000000 2.6290795631
2.4090000000 2.6300166512
2.4100000000 2.6309537849
2.4110000000 2.6318909798
2.4120000000 2.6328282356
2.4130000000 2.6337655449
2.4140000000 2.6347029152
2.4150000000 2.6356403389
2.4160000000 2.6365778160
2.4170000000 2.6375153542
2.4180000000 2.6384529457
2.4190000000 2.6393905907
2.4200000000 2.6403282967
2.4210000000 2.6412660561
2.4220000000 2.6422038765
2.4230000000 2.6431417503
2.4240000000 2.6440796776
2.4250000000 2.6450176659
2.4260000000 2.6459557075
2.4270000000 2.6468938026
2.4280000000 2.6478319588
2.4290000000 2.6487701683
2.4300000000 2.6497084312
2.4310000000 2.6506467552
2.4320000000 2.6515851326
2.4330000000 2.6525235634
2.4340000000 2.6534620476
2.4350000000 2.6544005928
2.4360000000 2.6553391914
2.4370000000 2.6562778435
2.4380000000 2.6572165565
2.4390000000 2.6581553154
2.4400000000 2.6590941353
2.4410000000 2.6600330086
2.4420000000 2.6609719429
2.4430000000 2.6619109230
2.4440000000 2.6628499641
2.4450000000 2.6637890587
2.4460000000 2.6647282066
2.4470000000 2.6656674080
2.4480000000 2.6666066704
2.4490000000 2.6675459785
2.4500000000 2.6684853477
2.4510000000 2.6694247704
2.4520000000 2.6703642464
2.4530000000 2.6713037758
2.4540000000 2.6722433586
2.4550000000 2.6731830025
2.4560000000 2.6741226921
2.4570000000 2.6750624428
2.4580000000 2.6760022469
2.4590000000 2.6769421043
2.4600000000 2.6778820076
2.4610000000 2.6788219719
2.4620000000 2.6797619896
2.4630000000 2.6807020683
2.4640000000 2.6816421928
2.4650000000 2.6825823708
2.4660000000 2.6835226021
2.4670000000 2.6844628868
2.4680000000 2.6854032326
2.4690000000 2.6863436241
2.4700000000 2.6872840691
2.4710000000 2.6882245674
2.4720000000 2.6891651268
2.4730000000 2.6901057320
2.4740000000 2.6910463905
2.4750000000 2.6919871025
2.4760000000 2.6929278755
2.4770000000 2.6938686943
2.4780000000 2.6948095665
2.4790000000 2.6957504921
2.4800000000 2.6966914711
2.4810000000 2.6976325035
2.4820000000 2.6985735893
2.4830000000 2.6995147209
2.4840000000 2.7004559135
2.4850000000 2.7013971596
2.4860000000 2.7023384514
2.4870000000 2.7032797966
2.4880000000 2.7042211952
2.4890000000 2.7051626549
2.4900000000 2.7061041527
2.4910000000 2.7070457115
2.4920000000 2.7079873238
2.4930000000 2.7089289818
2.4940000000 2.7098707008
2.4950000000 2.7108124657
2.4960000000 2.7117542839
2.4970000000 2.7126961555
2.4980000000 2.7136380730
2.4990000000 2.7145800514
2.5000000000 2.7155220757
2.5010000000 2.7164641533
2.5020000000 2.7174062843
2.5030000000 2.7183484612
2.5040000000 2.7192906914
2.5050000000 2.7202329826
2.5060000000 2.7211753120
2.5070000000 2.7221177025
2.5080000000 2.7230601387
2.5090000000 2.7240026283
2.5100000000 2.7249451714
2.5110000000 2.7258877678
2.5120000000 2.7268304100
2.5130000000 2.7277731056
2.5140000000 2.7287158470
2.5150000000 2.7296586494
2.5160000000 2.7306014976
2.5170000000 2.7315443916
2.5180000000 2.7324873466
2.5190000000 2.7334303474
2.5200000000 2.7343733940
2.5210000000 2.7353165016
2.5220000000 2.7362596550
2.5230000000 2.7372028542
2.5240000000 2.7381461067
2.5250000000 2.7390894127
2.5260000000 2.7400327721
2.5270000000 2.7409761772
2.5280000000 2.7419196281
2.5290000000 2.7428631401
2.5300000000 2.7438066978
2.5310000000 2.7447503014
2.5320000000 2.7456939583
2.5330000000 2.7466376686
2.5340000000 2.7475814247
2.5350000000 2.7485252342
2.5360000000 2.7494690895
2.5370000000 2.7504129982
2.5380000000 2.7513569527
2.5390000000 2.7523009605
2.5400000000 2.7532450218
2.5410000000 2.7541891289
2.5420000000 2.7551332817
2.5430000000 2.7560774879
2.5440000000 2.7570217476
2.5450000000 2.7579660454
2.5460000000 2.7589104042
2.5470000000 2.7598548088
2.5480000000 2.7607992592
2.5490000000 2.7617437630
2.5500000000 2.7626883202
2.5510000000 2.7636329155
2.5520000000 2.7645775719
2.5530000000 2.7655222664
2.5540000000 2.7664670143
2.5550000000 2.7674118156
2.5560000000 2.7683566628
2.5570000000 2.7693015556
2.5580000000 2.7702465019
2.5590000000 2.7711914940
2.5600000000 2.7721365395
2.5610000000 2.7730816307
2.5620000000 2.7740267677
2.5630000000 2.7749719582
2.5640000000 2.7759171944
2.5650000000 2.7768624840
2.5660000000 2.7778078117
2.5670000000 2.7787532005
2.5680000000 2.7796986275
2.5690000000 2.7806441078
2.5700000000 2.7815896339
2.5710000000 2.7825352135
2.5720000000 2.7834808388
2.5730000000 2.7844265099
2.5740000000 2.7853722267
2.5750000000 2.7863179970
2.5760000000 2.7872638130
2.5770000000 2.7882096825
2.5780000000 2.7891555901
2.5790000000 2.7901015511
2.5800000000 2.7910475578
2.5810000000 2.7919936180
2.5820000000 2.7929397240
2.5830000000 2.7938858757
2.5840000000 2.7948320732
2.5850000000 2.7957783165
2.5860000000 2.7967246132
2.5870000000 2.7976709557
2.5880000000 2.7986173439
2.5890000000 2.7995637779
2.5900000000 2.8005102654
2.5910000000 2.8014567986
2.5920000000 2.8024033775
2.5930000000 2.8033500023
2.5940000000 2.8042966728
2.5950000000 2.8052433968
2.5960000000 2.8061901588
2.5970000000 2.8071369743
2.5980000000 2.8080838356
2.5990000000 2.8090307426
2.6000000000 2.8099777031
2.6010000000 2.8109247017
2.6020000000 2.8118717537
2.6030000000 2.8128188515
2.6040000000 2.8137659874
2.6050000000 2.8147131767
2.6060000000 2.8156604195
2.6070000000 2.8166077003
2.6080000000 2.8175550270
2.6090000000 2.8185023994
2.6100000000 2.8194498253
2.6110000000 2.8203972893
2.6120000000 2.8213448067
2.6130000000 2.8222923698
2.6140000000 2.8232399788
2.6150000000 2.8241876259
2.6160000000 2.8251353264
2.6170000000 2.8260830727
2.6180000000 2.8270308647
2.6190000000 2.8279787025
2.6200000000 2.8289265862
2.6210000000 2.8298745155
2.6220000000 2.8308224907
2.6230000000 2.8317705116
2.6240000000 2.8327185860
2.6250000000 2.8336666985
2.6260000000 2.8346148567
2.6270000000 2.8355630608
2.6280000000 2.8365113106
2.6290000000 2.8374596062
2.6300000000 2.8384079475
2.6310000000 2.8393563347
2.6320000000 2.8403047676
2.6330000000 2.8412532463
2.6340000000 2.8422017632
2.6350000000 2.8431503334
2.6360000000 2.8440989494
2.6370000000 2.8450476036
2.6380000000 2.8459963112
2.6390000000 2.8469450645
2.6400000000 2.8478938560
2.6410000000 2.8488426933
2.6420000000 2.8497915764
2.6430000000 2.8507405052
2.6440000000 2.8516894798
2.6450000000 2.8526385002
2.6460000000 2.8535875664
2.6470000000 2.8545366783
2.6480000000 2.8554858284
2.6490000000 2.8564350243
2.6500000000 2.8573842735
2.6510000000 2.8583335609
2.6520000000 2.8592828941
2.6530000000 2.8602322655
2.6540000000 2.8611816902
2.6550000000 2.8621311531
2.6560000000 2.8630806618
2.6570000000 2.8640302238
2.6580000000 2.8649798164
2.6590000000 2.8659294624
2.6600000000 2.8668791466
2.6610000000 2.8678288841
2.6620000000 2.8687786598
2.6630000000 2.8697284737
2.6640000000 2.8706783409
2.6650000000 2.8716282463
2.6660000000 2.8725782051
2.6670000000 2.8735281944
2.6680000000 2.8744782372
2.6690000000 2.8754283180
2.6700000000 2.8763784523
2.6710000000 2.8773286171
2.6720000000 2.8782788353
2.6730000000 2.8792290916
2.6740000000 2.8801793938
2.6750000000 2.8811297417
2.6760000000 2.8820801353
2.6770000000 2.8830305672
2.6780000000 2.8839810448
2.6790000000 2.8849315605
2.6800000000 2.8858821297
2.6810000000 2.8868327370
2.6820000000 2.8877833824
2.6830000000 2.8887340736
2.6840000000 2.8896848106
2.6850000000 2.8906355934
2.6860000000 2.8915864143
2.6870000000 2.8925372810
2.6880000000 2.8934881935
2.6890000000 2.8944391441
2.6900000000 2.8953901405
2.6910000000 2.8963411751
2.6920000000 2.8972922630
2.6930000000 2.8982433815
2.6940000000 2.8991945534
2.6950000000 2.9001457634
2.6960000000 2.9010970116
2.6970000000 2.9020483055
2.6980000000 2.9029996452
2.6990000000 2.9039510231
2.7000000000 2.9049024467
2.7010000000 2.9058539162
2.7020000000 2.9068054237
2.7030000000 2.9077569695
2.7040000000 2.9087085686
2.7050000000 2.9096601982
2.7060000000 2.9106118813
2.7070000000 2.9115635948
2.7080000000 2.9125153618
2.7090000000 2.9134671669
2.7100000000 2.9144190102
2.7110000000 2.9153708992
2.7120000000 2.9163228340
2.7130000000 2.9172748070
2.7140000000 2.9182268181
2.7150000000 2.9191788750
2.7160000000 2.9201309776
2.7170000000 2.9210831184
2.7180000000 2.9220352974
2.7190000000 2.9229875221
2.7200000000 2.9239397926
2.7210000000 2.9248920937
2.7220000000 2.9258444481
2.7230000000 2.9267968407
2.7240000000 2.9277492714
2.7250000000 2.9287017479
2.7260000000 2.9296542625
2.7270000000 2.9306068230
2.7280000000 2.9315594215
2.7290000000 2.9325120583
2.7300000000 2.9334647408
2.7310000000 2.9344174614
2.7320000000 2.9353702278
2.7330000000 2.9363230324
2.7340000000 2.9372758827
2.7350000000 2.9382287712
2.7360000000 2.9391816978
2.7370000000 2.9401346703
2.7380000000 2.9410876808
2.7390000000 2.9420407372
2.7400000000 2.9429938316
2.7410000000 2.9439469643
2.7420000000 2.9449001427
2.7430000000 2.9458533592
2.7440000000 2.9468066139
2.7450000000 2.9477599144
2.7460000000 2.9487132530
2.7470000000 2.9496666298
2.7480000000 2.9506200523
2.7490000000 2.9515735130
2.7500000000 2.9525270119
2.7510000000 2.9534805565
2.7520000000 2.9544341393
2.7530000000 2.9553877602
2.7540000000 2.9563414268
2.7550000000 2.9572951317
2.7560000000 2.9582488747
2.7570000000 2.9592026634
2.7580000000 2.9601564827
2.7590000000 2.9611103477
2.7600000000 2.9620642586
2.7610000000 2.9630181999
2.7620000000 2.9639721870
2.7630000000 2.9649262123
2.7640000000 2.9658802834
2.7650000000 2.9668343849
2.7660000000 2.9677885323
2.7670000000 2.9687427254
2.7680000000 2.9696969490
2.7690000000 2.9706512184
2.7700000000 2.9716055183
2.7710000000 2.9725598640
2.7720000000 2.9735142555
2.7730000000 2.9744686775
2.7740000000 2.9754231453
2.7750000000 2.9763776512
2.7760000000 2.9773321953
2.7770000000 2.9782867775
2.7780000000 2.9792414055
2.7790000000 2.9801960640
2.7800000000 2.9811507683
2.7810000000 2.9821055107
2.7820000000 2.9830602913
2.7830000000 2.9840151176
2.7840000000 2.9849699745
2.7850000000 2.9859248772
2.7860000000 2.9868798180
2.7870000000 2.9878347969
2.7880000000 2.9887898140
2.7890000000 2.9897448692
2.7900000000 2.9906999626
2.7910000000 2.9916551018
2.7920000000 2.9926102715
2.7930000000 2.9935654869
2.7940000000 2.9945207405
2.7950000000 2.9954760323
2.7960000000 2.9964313622
2.7970000000 2.9973867302
2.7980000000 2.9983421364
2.7990000000 2.9992975883
2.8000000000 3.0002530708
2.8010000000 3.0012085991
2.8020000000 3.0021641579
2.8030000000 3.0031197624
2.8040000000 3.0040753975
2.8050000000 3.0050310783
2.8060000000 3.0059867973
2.8070000000 3.0069425545
2.8080000000 3.0078983498
2.8090000000 3.0088541832
2.8100000000 3.0098100548
2.8110000000 3.0107659645
2.8120000000 3.0117219124
2.8130000000 3.0126778984
2.8140000000 3.0136339226
2.8150000000 3.0145899849
2.8160000000 3.0155460854
2.8170000000 3.0165022240
2.8180000000 3.0174584084
2.8190000000 3.0184146233
2.8200000000 3.0193708763
2.8210000000 3.0203271675
2.8220000000 3.0212834969
2.8230000000 3.0222398643
2.8240000000 3.0231962700
2.8250000000 3.0241527138
2.8260000000 3.0251091957
2.8270000000 3.0260657158
2.8280000000 3.0270222740
2.8290000000 3.0279788704
2.8300000000 3.0289355049
2.8310000000 3.0298921700
2.8320000000 3.0308488808
2.8330000000 3.0318056297
2.8340000000 3.0327624092
2.8350000000 3.0337192345
2.8360000000 3.0346760902
2.8370000000 3.0356329842
2.8380000000 3.0365899239
2.8390000000 3.0375468941
2.8400000000 3.0385039024
2.8410000000 3.0394609489
2.8420000000 3.0404180260
2.8430000000 3.0413751488
2.8440000000 3.0423323097
2.8450000000 3.0432895012
2.8460000000 3.0442467308
2.8470000000 3.0452040062
2.8480000000 3.0461613121
2.8490000000 3.0471186562
2.8500000000 3.0480760307
2.8510000000 3.0490334511
2.8520000000 3.0499909096
2.8530000000 3.0509483986
2.8540000000 3.0519059258
2.8550000000 3.0528634911
2.8560000000 3.0538210945
2.8570000000 3.0547787361
2.8580000000 3.0557364082
2.8590000000 3.0566941185
2.8600000000 3.0576518669
2.8610000000 3.0586096535
2.8620000000 3.0595674782
2.8630000000 3.0605253410
2.8640000000 3.0614832344
2.8650000000 3.0624411659
2.8660000000 3.0633991356
2.8670000000 3.0643571434
2.8680000000 3.0653151817
2.8690000000 3.0662732658
2.8700000000 3.0672313805
2.8710000000 3.0681895256
2.8720000000 3.0691477165
2.8730000000 3.0701059380
2.8740000000 3.0710641975
2.8750000000 3.0720224953
2.8760000000 3.0729808311
2.8770000000 3.0739391975
2.8780000000 3.0748976021
2.8790000000 3.0758560448
2.8800000000 3.0768145180
2.8810000000 3.0777730370
2.8820000000 3.0787315865
2.8830000000 3.0796901665
2.8840000000 3.0806487923
2.8850000000 3.0816074486
2.8860000000 3.0825661430
2.8870000000 3.0835248680
2.8880000000 3.0844836311
2.8890000000 3.0854424324
2.8900000000 3.0864012718
2.8910000000 3.0873601418
2.8920000000 3.0883190498
2.8930000000 3.0892779961
2.8940000000 3.0902369728
2.8950000000 3.0911959877
2.8960000000 3.0921550331
2.8970000000 3.0931141243
2.8980000000 3.0940732460
2.8990000000 3.0950323982
2.9000000000 3.0959915886
2.9010000000 3.0969508171
2.9020000000 3.0979100838
2.9030000000 3.0988693810
2.9040000000 3.0998287163
2.9050000000 3.1007880821
2.9060000000 3.1017474861
2.9070000000 3.1027069283
2.9080000000 3.1036664009
2.9090000000 3.1046259117
2.9100000000 3.1055854530
2.9110000000 3.1065450325
2.9120000000 3.1075046501
2.9130000000 3.1084642982
2.9140000000 3.1094239845
2.9150000000 3.1103837013
2.9160000000 3.1113434563
2.9170000000 3.1123032494
2.9180000000 3.1132630730
2.9190000000 3.1142229347
2.9200000000 3.1151828270
2.9210000000 3.1161427574
2.9220000000 3.1171027184
2.9230000000 3.1180627174
2.9240000000 3.1190227547
2.9250000000 3.1199828224
2.9260000000 3.1209429207
2.9270000000 3.1219030571
2.9280000000 3.1228632317
2.9290000000 3.1238234367
2.9300000000 3.1247836800
2.9310000000 3.1257439537
2.9320000000 3.1267042656
2.9330000000 3.1276646080
2.9340000000 3.1286249886
2.9350000000 3.1295853996
2.9360000000 3.1305458488
2.9370000000 3.1315063286
2.9380000000 3.1324668465
2.9390000000 3.1334273949
2.9400000000 3.1343879814
2.9410000000 3.1353485985
2.9420000000 3.1363092537
2.9430000000 3.1372699394
2.9440000000 3.1382306633
2.9450000000 3.1391914177
2.9460000000 3.1401522026
2.9470000000 3.1411130257
2.9480000000 3.1420738869
2.9490000000 3.1430347786
2.9500000000 3.1439957008
2.9510000000 3.1449566612
2.9520000000 3.1459176521
2.9530000000 3.1468786812
2.9540000000 3.1478397408
2.9550000000 3.1488008308
2.9560000000 3.1497619591
2.9570000000 3.1507231255
2.9580000000 3.1516843147
2.9590000000 3.1526455498
2.9600000000 3.1536068077
2.9610000000 3.1545681038
2.9620000000 3.1555294380
2.9630000000 3.1564907951
2.9640000000 3.1574521980
2.9650000000 3.1584136238
2.9660000000 3.1593750877
2.9670000000 3.1603365898
2.9680000000 3.1612981148
2.9690000000 3.1622596779
2.9700000000 3.1632212791
2.9710000000 3.1641829109
2.9720000000 3.1651445732
2.9730000000 3.1661062737
2.9740000000 3.1670679970
2.9750000000 3.1680297661
2.9760000000 3.1689915581
2.9770000000 3.1699533882
2.9780000000 3.1709152565
2.9790000000 3.1718771477
2.9800000000 3.1728390770
2.9810000000 3.1738010368
2.9820000000 3.1747630348
2.9830000000 3.1757250633
2.9840000000 3.1766871223
2.9850000000 3.1776492195
2.9860000000 3.1786113472
2.9870000000 3.1795735054
2.9880000000 3.1805356941
2.9890000000 3.1814979210
2.9900000000 3.1824601784
2.9910000000 3.1834224739
2.9920000000 3.1843847923
2.9930000000 3.1853471489
2.9940000000 3.1863095360
2.9950000000 3.1872719612
2.9960000000 3.1882344170
2.9970000000 3.1891969032
2.9980000000 3.1901594200
2.9990000000 3.1911219749
3.0000000000 3.1920845604
3.0010000000 3.1930471764
3.0020000000 3.1940098228
3.0030000000 3.1949725075
3.0040000000 3.1959352150
3.0050000000 3.1968979607
3.0060000000 3.1978607445
3.0070000000 3.1988235512
3.0080000000 3.1997863960
3.0090000000 3.2007492714
3.0100000000 3.2017121773
3.0110000000 3.2026751213
3.0120000000 3.2036380882
3.0130000000 3.2046010933
3.0140000000 3.2055641289
3.0150000000 3.2065272026
3.0160000000 3.2074902992
3.0170000000 3.2084534340
3.0180000000 3.2094165993
3.0190000000 3.2103797951
3.0200000000 3.2113430214
3.0210000000 3.2123062782
3.0220000000 3.2132695732
3.0230000000 3.2142328987
3.0240000000 3.2151962547
3.0250000000 3.2161596413
3.0260000000 3.2171230583
3.0270000000 3.2180865059
3.0280000000 3.2190499916
3.0290000000 3.2200135078
3.0300000000 3.2209770546
3.0310000000 3.2219406319
3.0320000000 3.2229042397
3.0330000000 3.2238678780
3.0340000000 3.2248315544
3.0350000000 3.2257952538
3.0360000000 3.2267589912
3.0370000000 3.2277227592
3.0380000000 3.2286865578
3.0390000000 3.2296503868
3.0400000000 3.2306142464
3.0410000000 3.2315781441
3.0420000000 3.2325420647
3.0430000000 3.2335060234
3.0440000000 3.2344700050
3.0450000000 3.2354340248
3.0460000000 3.2363980751
3.0470000000 3.2373621559
3.0480000000 3.2383262672
3.0490000000 3.2392904091
3.0500000000 3.2402545815
3.0510000000 3.2412187920
3.0520000000 3.2421830254
3.0530000000 3.2431472893
3.0540000000 3.2441115913
3.0550000000 3.2450759163
3.0560000000 3.2460402794
3.0570000000 3.2470046730
3.0580000000 3.2479690895
3.0590000000 3.2489335442
3.0600000000 3.2498980293
3.0610000000 3.2508625450
3.0620000000 3.2518270912
3.0630000000 3.2527916679
3.0640000000 3.2537562752
3.0650000000 3.2547209129
3.0660000000 3.2556855812
3.0670000000 3.2566502800
3.0680000000 3.2576150093
3.0690000000 3.2585797691
3.0700000000 3.2595445595
3.0710000000 3.2605093803
3.0720000000 3.2614742393
3.0730000000 3.2624391212
3.0740000000 3.2634040337
3.0750000000 3.2643689766
3.0760000000 3.2653339500
3.0770000000 3.2662989540
3.0780000000 3.2672639885
3.0790000000 3.2682290611
3.0800000000 3.2691941566
3.0810000000 3.2701592827
3.0820000000 3.2711244392
3.0830000000 3.2720896263
3.0840000000 3.2730548439
3.0850000000 3.2740200920
3.0860000000 3.2749853706
3.0870000000 3.2759506721
3.0880000000 3.2769160118
3.0890000000 3.2778813820
3.0900000000 3.2788467827
3.0910000000 3.2798122063
3.0920000000 3.2807776680
3.0930000000 3.2817431526
3.0940000000 3.2827086754
3.0950000000 3.2836742210
3.0960000000 3.2846398048
3.0970000000 3.2856054115
3.0980000000 3.2865710487
3.0990000000 3.2875367165
3.1000000000 3.2885024147
3.1010000000 3.2894681435
3.1020000000 3.2904339027
3.1030000000 3.2913996925
3.1040000000 3.2923655052
3.1050000000 3.2933313560
3.1060000000 3.2942972298
3.1070000000 3.2952631416
3.1080000000 3.2962290764
3.1090000000 3.2971950417
3.1100000000 3.2981610374
3.1110000000 3.2991270638
3.1120000000 3.3000931206
3.1130000000 3.3010592003
3.1140000000 3.3020253181
3.1150000000 3.3029914589
3.1160000000 3.3039576302
3.1170000000 3.3049238319
3.1180000000 3.3058900642
3.1190000000 3.3068563271
3.1200000000 3.3078226204
3.1210000000 3.3087889366
3.1220000000 3.3097552910
3.1230000000 3.3107216682
3.1240000000 3.3116880760
3.1250000000 3.3126545143
3.1260000000 3.3136209755
3.1270000000 3.3145874748
3.1280000000 3.3155539970
3.1290000000 3.3165205498
3.1300000000 3.3174871330
3.1310000000 3.3184537468
3.1320000000 3.3194203911
3.1330000000 3.3203870583
3.1340000000 3.3213537560
3.1350000000 3.3223204842
3.1360000000 3.3232872429
3.1370000000 3.3242540321
3.1380000000 3.3252208443
3.1390000000 3.3261876945
3.1400000000 3.3271545677
3.1410000000 3.3281214638
3.1420000000 3.3290883980
3.1430000000 3.3300553551
3.1440000000 3.3310223503
3.1450000000 3.3319893608
3.1460000000 3.3329564095
3.1470000000 3.3339234886
3.1480000000 3.3348905907
3.1490000000 3.3358577232
3.1500000000 3.3368248863
3.1510000000 3.3377920723
3.1520000000 3.3387592888
3.1530000000 3.3397265358
3.1540000000 3.3406938133
3.1550000000 3.3416611214
3.1560000000 3.3426284523
3.1570000000 3.3435958138
3.1580000000 3.3445632057
3.1590000000 3.3455306206
3.1600000000 3.3464980659
3.1610000000 3.3474655418
3.1620000000 3.3484330482
3.1630000000 3.3494005775
3.1640000000 3.3503681374
3.1650000000 3.3513357277
3.1660000000 3.3523033409
3.1670000000 3.3532709846
3.1680000000 3.3542386589
3.1690000000 3.3552063637
3.1700000000 3.3561740913
3.1710000000 3.3571418495
3.1720000000 3.3581096382
3.1730000000 3.3590774498
3.1740000000 3.3600452919
3.1750000000 3.3610131645
3.1760000000 3.3619810600
3.1770000000 3.3629489937
3.1780000000 3.3639169426
3.1790000000 3.3648849297
3.1800000000 3.3658529396
3.1810000000 3.3668209801
3.1820000000 3.3677890434
3.1830000000 3.3687571373
3.1840000000 3.3697252617
3.1850000000 3.3706934090
3.1860000000 3.3716615868
3.1870000000 3.3726297951
3.1880000000 3.3735980339
3.1890000000 3.3745662956
3.1900000000 3.3755345802
3.1910000000 3.3765028954
3.1920000000 3.3774712410
3.1930000000 3.3784396172
3.1940000000 3.3794080162
3.1950000000 3.3803764458
3.1960000000 3.3813448982
3.1970000000 3.3823133812
3.1980000000 3.3832818947
3.1990000000 3.3842504311
3.2000000000 3.3852189980
3.2010000000 3.3861875954
3.2020000000 3.3871562157
3.2030000000 3.3881248589
3.2040000000 3.3890935402
3.2050000000 3.3900622444
3.2060000000 3.3910309715
3.2070000000 3.3919997292
3.2080000000 3.3929685173
3.2090000000 3.3939373283
3.2100000000 3.3949061699
3.2110000000 3.3958750343
3.2120000000 3.3968439293
3.2130000000 3.3978128548
3.2140000000 3.3987818031
3.2150000000 3.3997507820
3.2160000000 3.4007197838
3.2170000000 3.4016888161
3.2180000000 3.4026578712
3.2190000000 3.4036269569
3.2200000000 3.4045960732
3.2210000000 3.4055652122
3.2220000000 3.4065343742
3.2230000000 3.4075035667
3.2240000000 3.4084727898
3.2250000000 3.4094420357
3.2260000000 3.4104113121
3.2270000000 3.4113806114
3.2280000000 3.4123499413
3.2290000000 3.4133193016
3.2300000000 3.4142886772
3.2310000000 3.4152580910
3.2320000000 3.4162275276
3.2330000000 3.4171969872
3.2340000000 3.4181664772
3.2350000000 3.4191359978
3.2360000000 3.4201055412
3.2370000000 3.4210751076
3.2380000000 3.4220447044
3.2390000000 3.4230143318
3.2400000000 3.4239839821
3.2410000000 3.4249536552
3.2420000000 3.4259233589
3.2430000000 3.4268930931
3.2440000000 3.4278628502
3.2450000000 3.4288326302
3.2460000000 3.4298024406
3.2470000000 3.4307722740
3.2480000000 3.4317421379
3.2490000000 3.4327120323
3.2500000000 3.4336819496
3.2510000000 3.4346518898
3.2520000000 3.4356218605
3.2530000000 3.4365918541
3.2540000000 3.4375618782
3.2550000000 3.4385319252
3.2560000000 3.4395019951
3.2570000000 3.4404720955
3.2580000000 3.4414422264
3.2590000000 3.4424123802
3.2600000000 3.4433825569
3.2610000000 3.4443527641
3.2620000000 3.4453229942
3.2630000000 3.4462932549
3.2640000000 3.4472635384
3.2650000000 3.4482338524
3.2660000000 3.4492041893
3.2670000000 3.4501745491
3.2680000000 3.4511449394
3.2690000000 3.4521153526
3.2700000000 3.4530857964
3.2710000000 3.4540562630
3.2720000000 3.4550267601
3.2730000000 3.4559972801
3.2740000000 3.4569678230
3.2750000000 3.4579383965
3.2760000000 3.4589089928
3.2770000000 3.4598796196
3.2780000000 3.4608502693
3.2790000000 3.4618209419
3.2800000000 3.4627916450
3.2810000000 3.4637623711
3.2820000000 3.4647331200
3.2830000000 3.4657038994
3.2840000000 3.4666747017
3.2850000000 3.4676455345
3.2860000000 3.4686163902
3.2870000000 3.4695872765
3.2880000000 3.4705581779
3.2890000000 3.4715291100
3.2900000000 3.4725000725
3.2910000000 3.4734710579
3.2920000000 3.4744420662
3.2930000000 3.4754131050
3.2940000000 3.4763841667
3.2950000000 3.4773552513
3.2960000000 3.4783263664
3.2970000000 3.4792975044
3.2980000000 3.4802686653
3.2990000000 3.4812398567
3.3000000000 3.4822110710
3.3010000000 3.4831823082
3.3020000000 3.4841535759
3.3030000000 3.4851248665
3.3040000000 3.4860961800
3.3050000000 3.4870675240
3.3060000000 3.4880388908
3.3070000000 3.4890102806
3.3080000000 3.4899817009
3.3090000000 3.4909531441
3.3100000000 3.4919246101
3.3110000000 3.4928961067
3.3120000000 3.4938676262
3.3130000000 3.4948391685
3.3140000000 3.4958107338
3.3150000000 3.4967823296
3.3160000000 3.4977539482
3.3170000000 3.4987255974
3.3180000000 3.4996972618
3.3190000000 3.5006689568
3.3200000000 3.5016406822
3.3210000000 3.5026124229
3.3220000000 3.5035841942
3.3230000000 3.5045559883
3.3240000000 3.5055278130
3.3250000000 3.5064996529
3.3260000000 3.5074715233
3.3270000000 3.5084434242
3.3280000000 3.5094153404
3.3290000000 3.5103872871
3.3300000000 3.5113592567
3.3310000000 3.5123312492
3.3320000000 3.5133032722
3.3330000000 3.5142753181
3.3340000000 3.5152473869
3.3350000000 3.5162194786
3.3360000000 3.5171916008
3.3370000000 3.5181637459
3.3380000000 3.5191359138
3.3390000000 3.5201081047
3.3400000000 3.5210803261
3.3410000000 3.5220525627
3.3420000000 3.5230248299
3.3430000000 3.5239971275
3.3440000000 3.5249694405
3.3450000000 3.5259417839
3.3460000000 3.5269141502
3.3470000000 3.5278865395
3.3480000000 3.5288589516
3.3490000000 3.5298313942
3.3500000000 3.5308038597
3.3510000000 3.5317763481
3.3520000000 3.5327488594
3.3530000000 3.5337214012
3.3540000000 3.5346939583
3.3550000000 3.5356665459
3.3560000000 3.5366391563
3.3570000000 3.5376117897
3.3580000000 3.5385844536
3.3590000000 3.5395571404
3.3600000000 3.5405298424
3.3610000000 3.5415025749
3.3620000000 3.5424753380
3.3630000000 3.5434481163
3.3640000000 3.5444209251
3.3650000000 3.5453937492
3.3660000000 3.5463666039
3.3670000000 3.5473394890
3.3680000000 3.5483123894
3.3690000000 3.5492853127
3.3700000000 3.5502582664
3.3710000000 3.5512312431
3.3720000000 3.5522042427
3.3730000000 3.5531772652
3.3740000000 3.5541503105
3.3750000000 3.5551233864
3.3760000000 3.5560964775
3.3770000000 3.5570695992
3.3780000000 3.5580427437
3.3790000000 3.5590159111
3.3800000000 3.5599891014
3.3810000000 3.5609623146
3.3820000000 3.5619355583
3.3830000000 3.5629088173
3.3840000000 3.5638821068
3.3850000000 3.5648554192
3.3860000000 3.5658287544
3.3870000000 3.5668021126
3.3880000000 3.5677754936
3.3890000000 3.5687489052
3.3900000000 3.5697223320
3.3910000000 3.5706957893
3.3920000000 3.5716692696
3.3930000000 3.5726427727
3.3940000000 3.5736162987
3.3950000000 3.5745898476
3.3960000000 3.5755634193
3.3970000000 3.5765370140
3.3980000000 3.5775106316
3.3990000000 3.5784842796
3.4000000000 3.5794579506
3.4010000000 3.5804316368
3.4020000000 3.5814053535
3.4030000000 3.5823790932
3.4040000000 3.5833528557
3.4050000000 3.5843266411
3.4060000000 3.5853004494
3.4070000000 3.5862742805
3.4080000000 3.5872481422
3.4090000000 3.5882220192
3.4100000000 3.5891959190
3.4110000000 3.5901698494
3.4120000000 3.5911437950
3.4130000000 3.5921177711
3.4140000000 3.5930917702
3.4150000000 3.5940657921
3.4160000000 3.5950398369
3.4170000000 3.5960138969
3.4180000000 3.5969879875
3.4190000000 3.5979621010
3.4200000000 3.5989362450
3.4210000000 3.5999104042
3.4220000000 3.6008845863
3.4230000000 3.6018587914
3.4240000000 3.6028330193
3.4250000000 3.6038072777
3.4260000000 3.6047815514
3.4270000000 3.6057558479
3.4280000000 3.6067301750
3.4290000000 3.6077045174
3.4300000000 3.6086788902
3.4310000000 3.6096532784
3.4320000000 3.6106276970
3.4330000000 3.6116021309
3.4340000000 3.6125765953
3.4350000000 3.6135510826
3.4360000000 3.6145255852
3.4370000000 3.6155001183
3.4380000000 3.6164746666
3.4390000000 3.6174492455
3.4400000000 3.6184238472
3.4410000000 3.6193984718
3.4420000000 3.6203731117
3.4430000000 3.6213477821
3.4440000000 3.6223224754
3.4450000000 3.6232971840
3.4460000000 3.6242719231
3.4470000000 3.6252466850
3.4480000000 3.6262214622
3.4490000000 3.6271962700
3.4500000000 3.6281711006
3.4510000000 3.6291459465
3.4520000000 3.6301208229
3.4530000000 3.6310957146
3.4540000000 3.6320706367
3.4550000000 3.6330455818
3.4560000000 3.6340205421
3.4570000000 3.6349955330
3.4580000000 3.6359705391
3.4590000000 3.6369455757
3.4600000000 3.6379206276
3.4610000000 3.6388957024
3.4620000000 3.6398708076
3.4630000000 3.6408459282
3.4640000000 3.6418210716
3.4650000000 3.6427962379
3.4660000000 3.6437714272
3.4670000000 3.6447466469
3.4680000000 3.6457218819
3.4690000000 3.6466971397
3.4700000000 3.6476724205
3.4710000000 3.6486477165
3.4720000000 3.6496230431
3.4730000000 3.6505983925
3.4740000000 3.6515737648
3.4750000000 3.6525491524
3.4760000000 3.6535245705
3.4770000000 3.6545000038
3.4780000000 3.6554754677
3.4790000000 3.6564509468
3.4800000000 3.6574264565
3.4810000000 3.6584019814
3.4820000000 3.6593775291
3.4830000000 3.6603530998
3.4840000000 3.6613286934
3.4850000000 3.6623043098
3.4860000000 3.6632799416
3.4870000000 3.6642556038
3.4880000000 3.6652312889
3.4890000000 3.6662069893
3.4900000000 3.6671827202
3.4910000000 3.6681584663
3.4920000000 3.6691342354
3.4930000000 3.6701100273
3.4940000000 3.6710858421
3.4950000000 3.6720616798
3.4960000000 3.6730375404
3.4970000000 3.6740134163
3.4980000000 3.6749893227
3.4990000000 3.6759652443
3.5000000000 3.6769411964
3.5010000000 3.6779171638
3.5020000000 3.6788931541
3.5030000000 3.6798691673
3.5040000000 3.6808452034
3.5050000000 3.6818212547
3.5060000000 3.6827973366
3.5070000000 3.6837734337
3.5080000000 3.6847495613
3.5090000000 3.6857257042
3.5100000000 3.6867018700
3.5110000000 3.6876780586
3.5120000000 3.6886542702
3.5130000000 3.6896304970
3.5140000000 3.6906067543
3.5150000000 3.6915830269
3.5160000000 3.6925593224
3.5170000000 3.6935356407
3.5180000000 3.6945119820
3.5190000000 3.6954883461
3.5200000000 3.6964647255
3.5210000000 3.6974411278
3.5220000000 3.6984175606
3.5230000000 3.6993940086
3.5240000000 3.7003704796
3.5250000000 3.7013469658
3.5260000000 3.7023234825
3.5270000000 3.7033000145
3.5280000000 3.7042765694
3.5290000000 3.7052531471
3.5300000000 3.7062297478
3.5310000000 3.7072063713
3.5320000000 3.7081830101
3.5330000000 3.7091596794
3.5340000000 3.7101363640
3.5350000000 3.7111130714
3.5360000000 3.7120897942
3.5370000000 3.7130665474
3.5380000000 3.7140433159
3.5390000000 3.7150201149
3.5400000000 3.7159969215
3.5410000000 3.7169737587
3.5420000000 3.7179506187
3.5430000000 3.7189274940
3.5440000000 3.7199043922
3.5450000000 3.7208813133
3.5460000000 3.7218582573
3.5470000000 3.7228352165
3.5480000000 3.7238122063
3.5490000000 3.7247892113
3.5500000000 3.7257662392
3.5510000000 3.7267432823
3.5520000000 3.7277203560
3.5530000000 3.7286974449
3.5540000000 3.7296745567
3.5550000000 3.7306516914
3.5560000000 3.7316288414
3.5570000000 3.7326060219
3.5580000000 3.7335832176
3.5590000000 3.7345604286
3.5600000000 3.7355376701
3.5610000000 3.7365149269
3.5620000000 3.7374922142
3.5630000000 3.7384695091
3.5640000000 3.7394468346
3.5650000000 3.7404241753
3.5660000000 3.7414015465
3.5670000000 3.7423789253
3.5680000000 3.7433563347
3.5690000000 3.7443337593
3.5700000000 3.7453112144
3.5710000000 3.7462886772
3.5720000000 3.7472661705
3.5730000000 3.7482436790
3.5740000000 3.7492212181
3.5750000000 3.7501987648
3.5760000000 3.7511763420
3.5770000000 3.7521539345
3.5780000000 3.7531315498
3.5790000000 3.7541091881
3.5800000000 3.7550868416
3.5810000000 3.7560645256
3.5820000000 3.7570422249
3.5830000000 3.7580199394
3.5840000000 3.7589976845
3.5850000000 3.7599754448
3.5860000000 3.7609532204
3.5870000000 3.7619310265
3.5880000000 3.7629088478
3.5890000000 3.7638866920
3.5900000000 3.7648645592
3.5910000000 3.7658424416
3.5920000000 3.7668203468
3.5930000000 3.7677982750
3.5940000000 3.7687762184
3.5950000000 3.7697541847
3.5960000000 3.7707321739
3.5970000000 3.7717101860
3.5980000000 3.7726882133
3.5990000000 3.7736662636
3.6000000000 3.7746443291
3.6010000000 3.7756224251
3.6020000000 3.7766005363
3.6030000000 3.7775786629
3.6040000000 3.7785568199
3.6050000000 3.7795349922
3.6060000000 3.7805131798
3.6070000000 3.7814913979
3.6080000000 3.7824696312
3.6090000000 3.7834478874
3.6100000000 3.7844261589
3.6110000000 3.7854044533
3.6120000000 3.7863827705
3.6130000000 3.7873611031
3.6140000000 3.7883394585
3.6150000000 3.7893178368
3.6160000000 3.7902962303
3.6170000000 3.7912746468
3.6180000000 3.7922530861
3.6190000000 3.7932315407
3.6200000000 3.7942100182
3.6210000000 3.7951885185
3.6220000000 3.7961670341
3.6230000000 3.7971455727
3.6240000000 3.7981241341
3.6250000000 3.7991027107
3.6260000000 3.8000813103
3.6270000000 3.8010599327
3.6280000000 3.8020385704
3.6290000000 3.8030172310
3.6300000000 3.8039959068
3.6310000000 3.8049746056
3.6320000000 3.8059533272
3.6330000000 3.8069320641
3.6340000000 3.8079108238
3.6350000000 3.8088896065
3.6360000000 3.8098684044
3.6370000000 3.8108472252
3.6380000000 3.8118260612
3.6390000000 3.8128049202
3.6400000000 3.8137838020
3.6410000000 3.8147626991
3.6420000000 3.8157416191
3.6430000000 3.8167205620
3.6440000000 3.8176995201
3.6450000000 3.8186784935
3.6460000000 3.8196574974
3.6470000000 3.8206365166
3.6480000000 3.8216155510
3.6490000000 3.8225946083
3.6500000000 3.8235736885
3.6510000000 3.8245527916
3.6520000000 3.8255319099
3.6530000000 3.8265110435
3.6540000000 3.8274902000
3.6550000000 3.8284693794
3.6560000000 3.8294485741
3.6570000000 3.8304277916
3.6580000000 3.8314070320
3.6590000000 3.8323862877
3.6600000000 3.8333655586
3.6610000000 3.8343448601
3.6620000000 3.8353241768
3.6630000000 3.8363035088
3.6640000000 3.8372828636
3.6650000000 3.8382622414
3.6660000000 3.8392416344
3.6670000000 3.8402210426
3.6680000000 3.8412004814
3.6690000000 3.8421799278
3.6700000000 3.8431594048
3.6710000000 3.8441388969
3.6720000000 3.8451184044
3.6730000000 3.8460979347
3.6740000000 3.8470774879
3.6750000000 3.8480570564
3.6760000000 3.8490366478
3.6770000000 3.8500162544
3.6780000000 3.8509958839
3.6790000000 3.8519755363
3.6800000000 3.8529552040
3.6810000000 3.8539348869
3.6820000000 3.8549145927
3.6830000000 3.8558943214
3.6840000000 3.8568740654
3.6850000000 3.8578538322
3.6860000000 3.8588336143
3.6870000000 3.8598134193
3.6880000000 3.8607932396
3.6890000000 3.8617730827
3.6900000000 3.8627529411
3.6910000000 3.8637328224
3.6920000000 3.8647127190
3.6930000000 3.8656926384
3.6940000000 3.8666725807
3.6950000000 3.8676525383
3.6960000000 3.8686325111
3.6970000000 3.8696125069
3.6980000000 3.8705925255
3.6990000000 3.8715725594
3.7000000000 3.8725526161
3.7010000000 3.8735326881
3.7020000000 3.8745127754
3.7030000000 3.8754928932
3.7040000000 3.8764730186
3.7050000000 3.8774531670
3.7060000000 3.8784333382
3.7070000000 3.8794135246
3.7080000000 3.8803937340
3.7090000000 3.8813739586
3.7100000000 3.8823542061
3.7110000000 3.8833344688
3.7120000000 3.8843147469
3.7130000000 3.8852950554
3.7140000000 3.8862753716
3.7150000000 3.8872557106
3.7160000000 3.8882360725
3.7170000000 3.8892164497
3.7180000000 3.8901968498
3.7190000000 3.8911772652
3.7200000000 3.8921576958
3.7210000000 3.8931381493
3.7220000000 3.8941186256
3.7230000000 3.8950991173
3.7240000000 3.8960796242
3.7250000000 3.8970601540
3.7260000000 3.8980407066
3.7270000000 3.8990212746
3.7280000000 3.9000018578
3.7290000000 3.9009824638
3.7300000000 3.9019630852
3.7310000000 3.9029437294
3.7320000000 3.9039243889
3.7330000000 3.9049050713
3.7340000000 3.9058857689
3.7350000000 3.9068664894
3.7360000000 3.9078472252
3.7370000000 3.9088279762
3.7380000000 3.9098087502
3.7390000000 3.9107895470
3.7400000000 3.9117703590
3.7410000000 3.9127511864
3.7420000000 3.9137320366
3.7430000000 3.9147129021
3.7440000000 3.9156937904
3.7450000000 3.9166746941
3.7460000000 3.9176556206
3.7470000000 3.9186365623
3.7480000000 3.9196175194
3.7490000000 3.9205984993
3.7500000000 3.9215794945
3.7510000000 3.9225605125
3.7520000000 3.9235415459
3.7530000000 3.9245226021
3.7540000000 3.9255036736
3.7550000000 3.9264847603
3.7560000000 3.9274658699
3.7570000000 3.9284470024
3.7580000000 3.9294281425
3.7590000000 3.9304093132
3.7600000000 3.9313904915
3.7610000000 3.9323716927
3.7620000000 3.9333529167
3.7630000000 3.9343341560
3.7640000000 3.9353154106
3.7650000000 3.9362966805
3.7660000000 3.9372779808
3.7670000000 3.9382592888
3.7680000000 3.9392406197
3.7690000000 3.9402219658
3.7700000000 3.9412033348
3.7710000000 3.9421847191
3.7720000000 3.9431661263
3.7730000000 3.9441475487
3.7740000000 3.9451289864
3.7750000000 3.9461104469
3.7760000000 3.9470919228
3.7770000000 3.9480734138
3.7780000000 3.9490549278
3.7790000000 3.9500364571
3.7800000000 3.9510180092
3.7810000000 3.9519995766
3.7820000000 3.9529811668
3.7830000000 3.9539627724
3.7840000000 3.9549443932
3.7850000000 3.9559260292
3.7860000000 3.9569076881
3.7870000000 3.9578893700
3.7880000000 3.9588710670
3.7890000000 3.9598527794
3.7900000000 3.9608345070
3.7910000000 3.9618162575
3.7920000000 3.9627980232
3.7930000000 3.9637798119
3.7940000000 3.9647616158
3.7950000000 3.9657434349
3.7960000000 3.9667252769
3.7970000000 3.9677071342
3.7980000000 3.9686890144
3.7990000000 3.9696709023
3.8000000000 3.9706528206
3.8010000000 3.9716347466
3.8020000000 3.9726166954
3.8030000000 3.9735986595
3.8040000000 3.9745806465
3.8050000000 3.9755626488
3.8060000000 3.9765446663
3.8070000000 3.9775267067
3.8080000000 3.9785087624
3.8090000000 3.9794908333
3.8100000000 3.9804729271
3.8110000000 3.9814550362
3.8120000000 3.9824371605
3.8130000000 3.9834193077
3.8140000000 3.9844014702
3.8150000000 3.9853836479
3.8160000000 3.9863658485
3.8170000000 3.9873480644
3.8180000000 3.9883303032
3.8190000000 3.9893125496
3.8200000000 3.9902948189
3.8210000000 3.9912771111
3.8220000000 3.9922594185
3.8230000000 3.9932417412
3.8240000000 3.9942240791
3.8250000000 3.9952064400
3.8260000000 3.9961888161
3.8270000000 3.9971712074
3.8280000000 3.9981536217
3.8290000000 3.9991360512
3.8300000000 4.0001184959
3.8310000000 4.0011009636
3.8320000000 4.0020834465
3.8330000000 4.0030659447
3.8340000000 4.0040484581
3.8350000000 4.0050309944
3.8360000000 4.0060135460
3.8370000000 4.0069961205
3.8380000000 4.0079787102
3.8390000000 4.0089613152
3.8400000000 4.0099439354
3.8410000000 4.0109265785
3.8420000000 4.0119092369
3.8430000000 4.0128919106
3.8440000000 4.0138746071
3.8450000000 4.0148573189
3.8460000000 4.0158400459
3.8470000000 4.0168227882
3.8480000000 4.0178055534
3.8490000000 4.0187883339
3.8500000000 4.0197711296
3.8510000000 4.0207539482
3.8520000000 4.0217367821
3.8530000000 4.0227196312
3.8540000000 4.0237025032
3.8550000000 4.0246853828
3.8560000000 4.0256682854
3.8570000000 4.0266512108
3.8580000000 4.0276341438
3.8590000000 4.0286170998
3.8600000000 4.0296000710
3.8610000000 4.0305830650
3.8620000000 4.0315660667
3.8630000000 4.0325490913
3.8640000000 4.0335321388
3.8650000000 4.0345151939
3.8660000000 4.0354982719
3.8670000000 4.0364813652
3.8680000000 4.0374644737
3.8690000000 4.0384476051
3.8700000000 4.0394307518
3.8710000000 4.0404139137
3.8720000000 4.0413970909
3.8730000000 4.0423802834
3.8740000000 4.0433634987
3.8750000000 4.0443467293
3.8760000000 4.0453299828
3.8770000000 4.0463132439
3.8780000000 4.0472965279
3.8790000000 4.0482798271
3.8800000000 4.0492631493
3.8810000000 4.0502464790
3.8820000000 4.0512298317
3.8830000000 4.0522131996
3.8840000000 4.0531965904
3.8850000000 4.0541799889
3.8860000000 4.0551634102
3.8870000000 4.0561468468
3.8880000000 4.0571302986
3.8890000000 4.0581137733
3.8900000000 4.0590972557
3.8910000000 4.0600807610
3.8920000000 4.0610642891
3.8930000000 4.0620478249
3.8940000000 4.0630313835
3.8950000000 4.0640149574
3.8960000000 4.0649985466
3.8970000000 4.0659821510
3.8980000000 4.0669657784
3.8990000000 4.0679494133
3.9000000000 4.0689330711
3.9010000000 4.0699167519
3.9020000000 4.0709004402
3.9030000000 4.0718841515
3.9040000000 4.0728678780
3.9050000000 4.0738516197
3.9060000000 4.0748353767
3.9070000000 4.0758191566
3.9080000000 4.0768029442
3.9090000000 4.0777867546
3.9100000000 4.0787705803
3.9110000000 4.0797544289
3.9120000000 4.0807382851
3.9130000000 4.0817221642
3.9140000000 4.0827060585
3.9150000000 4.0836899681
3.9160000000 4.0846739006
3.9170000000 4.0856578407
3.9180000000 4.0866418037
3.9190000000 4.0876257820
3.9200000000 4.0886097755
3.9210000000 4.0895937843
3.9220000000 4.0905778160
3.9230000000 4.0915618553
3.9240000000 4.0925459175
3.9250000000 4.0935299950
3.9260000000 4.0945140953
3.9270000000 4.0954982033
3.9280000000 4.0964823341
3.9290000000 4.0974664803
3.9300000000 4.0984506416
3.9310000000 4.0994348183
3.9320000000 4.1004190102
3.9330000000 4.1014032249
3.9340000000 4.1023874550
3.9350000000 4.1033716927
3.9360000000 4.1043559608
3.9370000000 4.1053402367
3.9380000000 4.1063245277
3.9390000000 4.1073088417
3.9400000000 4.1082931709
3.9410000000 4.1092775078
3.9420000000 4.1102618752
3.9430000000 4.1112462502
3.9440000000 4.1122306404
3.9450000000 4.1132150536
3.9460000000 4.1141994820
3.9470000000 4.1151839180
3.9480000000 4.1161683769
3.9490000000 4.1171528587
3.9500000000 4.1181373482
3.9510000000 4.1191218605
3.9520000000 4.1201063805
3.9530000000 4.1210909233
3.9540000000 4.1220754814
3.9550000000 4.1230600548
3.9560000000 4.1240446434
3.9570000000 4.1250292549
3.9580000000 4.1260138741
3.9590000000 4.1269985161
3.9600000000 4.1279831734
3.9610000000 4.1289678459
3.9620000000 4.1299525337
3.9630000000 4.1309372368
3.9640000000 4.1319219627
3.9650000000 4.1329066963
3.9660000000 4.1338914528
3.9670000000 4.1348762245
3.9680000000 4.1358610115
3.9690000000 4.1368458138
3.9700000000 4.1378306313
3.9710000000 4.1388154716
3.9720000000 4.1398003197
3.9730000000 4.1407851906
3.9740000000 4.1417700691
3.9750000000 4.1427549706
3.9760000000 4.1437398872
3.9770000000 4.1447248192
3.9780000000 4.1457097740
3.9790000000 4.1466947365
3.9800000000 4.1476797142
3.9810000000 4.1486647148
3.9820000000 4.1496497307
3.9830000000 4.1506347618
3.9840000000 4.1516198006
3.9850000000 4.1526048622
3.9860000000 4.1535899467
3.9870000000 4.1545750389
3.9880000000 4.1555601463
3.9890000000 4.1565452766
3.9900000000 4.1575304146
3.9910000000 4.1585155754
3.9920000000 4.1595007515
3.9930000000 4.1604859428
3.9940000000 4.1614711494
3.9950000000 4.1624563713
3.9960000000 4.1634416084
3.9970000000 4.1644268608
3.9980000000 4.1654121361
3.9990000000 4.1663974190
4.0000000000 4.1673827248
4.0010000000 4.1683680458
4.0020000000 4.1693533745
4.0030000000 4.1703387260
4.0040000000 4.1713240929
4.0050000000 4.1723094749
4.0060000000 4.1732948723
4.0070000000 4.1742802925
4.0080000000 4.1752657204
4.0090000000 4.1762511635
4.0100000000 4.1772366295
4.0110000000 4.1782221031
4.0120000000 4.1792075996
4.0130000000 4.1801931114
4.0140000000 4.1811786308
4.0150000000 4.1821641731
4.0160000000 4.1831497307
4.0170000000 4.1841353035
4.0180000000 4.1851208916
4.0190000000 4.1861064949
4.0200000000 4.1870921211
4.0210000000 4.1880777550
4.0220000000 4.1890634041
4.0230000000 4.1900490761
4.0240000000 4.1910347557
4.0250000000 4.1920204582
4.0260000000 4.1930061760
4.0270000000 4.1939919014
4.0280000000 4.1949776497
4.0290000000 4.1959634132
4.0300000000 4.1969491920
4.0310000000 4.1979349861
4.0320000000 4.1989207954
4.0330000000 4.1999066200
4.0340000000 4.2008924599
4.0350000000 4.2018783150
4.0360000000 4.2028641853
4.0370000000 4.2038500710
4.0380000000 4.2048359795
4.0390000000 4.2058218956
4.0400000000 4.2068078346
4.0410000000 4.2077937813
4.0420000000 4.2087797432
4.0430000000 4.2097657280
4.0440000000 4.2107517281
4.0450000000 4.2117377357
4.0460000000 4.2127237663
4.0470000000 4.2137098122
4.0480000000 4.2146958656
4.0490000000 4.2156819420
4.0500000000 4.2166680336
4.0510000000 4.2176541405
4.0520000000 4.2186402626
4.0530000000 4.2196264000
4.0540000000 4.2206125526
4.0550000000 4.2215987206
4.0560000000 4.2225849037
4.0570000000 4.2235711021
4.0580000000 4.2245573158
4.0590000000 4.2255435448
4.0600000000 4.2265297890
4.0610000000 4.2275160484
4.0620000000 4.2285023232
4.0630000000 4.2294886208
4.0640000000 4.2304749260
4.0650000000 4.2314612465
4.0660000000 4.2324475822
4.0670000000 4.2334339409
4.0680000000 4.2344203072
4.0690000000 4.2354066887
4.0700000000 4.2363930931
4.0710000000 4.2373795052
4.0720000000 4.2383659325
4.0730000000 4.2393523827
4.0740000000 4.2403388405
4.0750000000 4.2413253136
4.0760000000 4.2423118095
4.0770000000 4.2432983131
4.0780000000 4.2442848396
4.0790000000 4.2452713737
4.0800000000 4.2462579231
4.0810000000 4.2472444954
4.0820000000 4.2482310753
4.0830000000 4.2492176781
4.0840000000 4.2502042885
4.0850000000 4.2511909142
4.0860000000 4.2521775627
4.0870000000 4.2531642189
4.0880000000 4.2541508980
4.0890000000 4.2551375847
4.0900000000 4.2561242867
4.0910000000 4.2571110115
4.0920000000 4.2580977440
4.0930000000 4.2590844994
4.0940000000 4.2600712624
4.0950000000 4.2610580406
4.0960000000 4.2620448418
4.0970000000 4.2630316505
4.0980000000 4.2640184746
4.0990000000 4.2650053139
4.1000000000 4.2659921761
4.1010000000 4.2669790459
4.1020000000 4.2679659309
4.1030000000 4.2689528313
4.1040000000 4.2699397469
4.1050000000 4.2709266853
4.1060000000 4.2719136314
4.1070000000 4.2729005928
4.1080000000 4.2738875694
4.1090000000 4.2748745613
4.1100000000 4.2758615685
4.1110000000 4.2768485909
4.1120000000 4.2778356285
4.1130000000 4.2788226814
4.1140000000 4.2798097496
4.1150000000 4.2807968254
4.1160000000 4.2817839241
4.1170000000 4.2827710381
4.1180000000 4.2837581673
4.1190000000 4.2847453041
4.1200000000 4.2857324638
4.1210000000 4.2867196388
4.1220000000 4.2877068214
4.1230000000 4.2886940269
4.1240000000 4.2896812401
4.1250000000 4.2906684761
4.1260000000 4.2916557198
4.1270000000 4.2926429787
4.1280000000 4.2936302605
4.1290000000 4.2946175499
4.1300000000 4.2956048546
4.1310000000 4.2965921745
4.1320000000 4.2975795097
4.1330000000 4.2985668602
4.1340000000 4.2995542259
4.1350000000 4.3005416069
4.1360000000 4.3015290031
4.1370000000 4.3025164146
4.1380000000 4.3035038414
4.1390000000 4.3044912758
4.1400000000 4.3054787331
4.1410000000 4.3064662056
4.1420000000 4.3074536858
4.1430000000 4.3084411888
4.1440000000 4.3094286995
4.1450000000 4.3104162254
4.1460000000 4.3114037743
4.1470000000 4.3123913307
4.1480000000 4.3133789024
4.1490000000 4.3143664894
4.1500000000 4.3153540916
4.1510000000 4.3163417091
4.1520000000 4.3173293419
4.1530000000 4.3183169823
4.1540000000 4.3193046455
4.1550000000 4.3202923241
4.1560000000 4.3212800102
4.1570000000 4.3222677193
4.1580000000 4.3232554359
4.1590000000 4.3242431679
4.1600000000 4.3252309227
4.1610000000 4.3262186851
4.1620000000 4.3272064629
4.1630000000 4.3281942558
4.1640000000 4.3291820641
4.1650000000 4.3301698875
4.1660000000 4.3311577187
4.1670000000 4.3321455727
4.1680000000 4.3331334343
4.1690000000 4.3341213188
4.1700000000 4.3351092110
4.1710000000 4.3360971184
4.1720000000 4.3370850487
4.1730000000 4.3380729866
4.1740000000 4.3390609398
4.1750000000 4.3400489082
4.1760000000 4.3410368843
4.1770000000 4.3420248833
4.1780000000 4.3430128975
4.1790000000 4.3440009193
4.1800000000 4.3449889641
4.1810000000 4.3459770164
4.1820000000 4.3469650841
4.1830000000 4.3479531670
4.1840000000 4.3489412651
4.1850000000 4.3499293785
4.1860000000 4.3509175072
4.1870000000 4.3519056435
4.1880000000 4.3528938026
4.1890000000 4.3538819695
4.1900000000 4.3548701591
4.1910000000 4.3558583565
4.1920000000 4.3568465691
4.1930000000 4.3578347969
4.1940000000 4.3588230400
4.1950000000 4.3598112984
4.1960000000 4.3607995644
4.1970000000 4.3617878532
4.1980000000 4.3627761497
4.1990000000 4.3637644691
4.2000000000 4.3647527962
4.2010000000 4.3657411385
4.2020000000 4.3667294960
4.2030000000 4.3677178612
4.2040000000 4.3687062492
4.2050000000 4.3696946526
4.2060000000 4.3706830635
4.2070000000 4.3716714897
4.2080000000 4.3726599388
4.2090000000 4.3736483955
4.2100000000 4.3746368675
4.2110000000 4.3756253471
4.2120000000 4.3766138496
4.2130000000 4.3776023674
4.2140000000 4.3785908928
4.2150000000 4.3795794334
4.2160000000 4.3805679893
4.2170000000 4.3815565605
4.2180000000 4.3825451469
4.2190000000 4.3835337486
4.2200000000 4.3845223579
4.2210000000 4.3855109901
4.2220000000 4.3864996300
4.2230000000 4.3874882851
4.2240000000 4.3884769554
4.2250000000 4.3894656410
4.2260000000 4.3904543419
4.2270000000 4.3914430504
4.2280000000 4.3924317818
4.2290000000 4.3934205208
4.2300000000 4.3944092751
4.2310000000 4.3953980446
4.2320000000 4.3963868294
4.2330000000 4.3973756294
4.2340000000 4.3983644371
4.2350000000 4.3993532600
4.2360000000 4.4003421059
4.2370000000 4.4013309593
4.2380000000 4.4023198280
4.2390000000 4.4033087044
4.2400000000 4.4042976036
4.2410000000 4.4052865105
4.2420000000 4.4062754402
4.2430000000 4.4072643776
4.2440000000 4.4082533302
4.2450000000 4.4092422905
4.2460000000 4.4102312737
4.2470000000 4.4112202721
4.2480000000 4.4122092781
4.2490000000 4.4131982994
4.2500000000 4.4141873360
4.2510000000 4.4151763878
4.2520000000 4.4161654472
4.2530000000 4.4171545296
4.2540000000 4.4181436195
4.2550000000 4.4191327248
4.2560000000 4.4201218452
4.2570000000 4.4211109810
4.2580000000 4.4221001244
4.2590000000 4.4230892906
4.2600000000 4.4240784645
4.2610000000 4.4250676537
4.2620000000 4.4260568581
4.2630000000 4.4270460777
4.2640000000 4.4280353050
4.2650000000 4.4290245476
4.2660000000 4.4300138130
4.2670000000 4.4310030861
4.2680000000 4.4319923668
4.2690000000 4.4329816704
4.2700000000 4.4339709816
4.2710000000 4.4349603157
4.2720000000 4.4359496574
4.2730000000 4.4369390068
4.2740000000 4.4379283791
4.2750000000 4.4389177666
4.2760000000 4.4399071617
4.2770000000 4.4408965721
4.2780000000 4.4418859978
4.2790000000 4.4428754387
4.2800000000 4.4438648872
4.2810000000 4.4448543510
4.2820000000 4.4458438301
4.2830000000 4.4468333244
4.2840000000 4.4478228340
4.2850000000 4.4488123589
4.2860000000 4.4498018913
4.2870000000 4.4507914391
4.2880000000 4.4517810020
4.2890000000 4.4527705803
4.2900000000 4.4537601662
4.2910000000 4.4547497749
4.2920000000 4.4557393913
4.2930000000 4.4567290230
4.2940000000 4.4577186623
4.2950000000 4.4587083244
4.2960000000 4.4596979942
4.2970000000 4.4606876793
4.2980000000 4.4616773796
4.2990000000 4.4626670952
4.3000000000 4.4636568184
4.3010000000 4.4646465569
4.3020000000 4.4656363106
4.3030000000 4.4666260796
4.3040000000 4.4676158638
4.3050000000 4.4686056557
4.3060000000 4.4695954628
4.3070000000 4.4705852852
4.3080000000 4.4715751228
4.3090000000 4.4725649681
4.3100000000 4.4735548363
4.3110000000 4.4745447121
4.3120000000 4.4755345955
4.3130000000 4.4765245018
4.3140000000 4.4775144157
4.3150000000 4.4785043526
4.3160000000 4.4794942970
4.3170000000 4.4804842491
4.3180000000 4.4814742241
4.3190000000 4.4824642067
4.3200000000 4.4834542046
4.3210000000 4.4844442177
4.3220000000 4.4854342384
4.3230000000 4.4864242821
4.3240000000 4.4874143333
4.3250000000 4.4884043999
4.3260000000 4.4893944740
4.3270000000 4.4903845711
4.3280000000 4.4913746758
4.3290000000 4.4923647957
4.3300000000 4.4933549232
4.3310000000 4.4943450737
4.3320000000 4.4953352318
4.3330000000 4.4963254051
4.3340000000 4.4973155937
4.3350000000 4.4983057899
4.3360000000 4.4992960014
4.3370000000 4.5002862282
4.3380000000 4.5012764702
4.3390000000 4.5022667274
4.3400000000 4.5032569923
4.3410000000 4.5042472725
4.3420000000 4.5052375679
4.3430000000 4.5062278709
4.3440000000 4.5072181969
4.3450000000 4.5082085304
4.3460000000 4.5091988716
4.3470000000 4.5101892357
4.3480000000 4.5111796074
4.3490000000 4.5121699944
4.3500000000 4.5131603966
4.3510000000 4.5141508064
4.3520000000 4.5151412392
4.3530000000 4.5161316795
4.3540000000 4.5171221275
4.3550000000 4.5181125984
4.3560000000 4.5191030769
4.3570000000 4.5200935707
4.3580000000 4.5210840797
4.3590000000 4.5220745964
4.3600000000 4.5230651283
4.3610000000 4.5240556755
4.3620000000 4.5250462379
4.3630000000 4.5260368080
4.3640000000 4.5270273933
4.3650000000 4.5280179939
4.3660000000 4.5290086098
4.3670000000 4.5299992332
4.3680000000 4.5309898720
4.3690000000 4.5319805260
4.3700000000 4.5329711876
4.3710000000 4.5339618721
4.3720000000 4.5349525642
4.3730000000 4.5359432640
4.3740000000 4.5369339867
4.3750000000 4.5379247169
4.3760000000 4.5389154625
4.3770000000 4.5399062157
4.3780000000 4.5408969917
4.3790000000 4.5418877754
4.3800000000 4.5428785667
4.3810000000 4.5438693810
4.3820000000 4.5448602028
4.3830000000 4.5458510399
4.3840000000 4.5468418922
4.3850000000 4.5478327522
4.3860000000 4.5488236275
4.3870000000 4.5498145180
4.3880000000 4.5508054161
4.3890000000 4.5517963295
4.3900000000 4.5527872581
4.3910000000 4.5537782021
4.3920000000 4.5547691536
4.3930000000 4.5557601204
4.3940000000 4.5567511024
4.3950000000 4.5577420998
4.3960000000 4.5587331047
4.3970000000 4.5597241249
4.3980000000 4.5607151527
4.3990000000 4.5617062035
4.4000000000 4.5626972618
4.4010000000 4.5636883278
4.4020000000 4.5646794167
4.4030000000 4.5656705132
4.4040000000 4.5666616249
4.4050000000 4.5676527443
4.4060000000 4.5686438866
4.4070000000 4.5696350288
4.4080000000 4.5706261940
4.4090000000 4.5716173668
4.4100000000 4.5726085548
4.4110000000 4.5735997581
4.4120000000 4.5745909767
4.4130000000 4.5755822029
4.4140000000 4.5765734444
4.4150000000 4.5775646935
4.4160000000 4.5785559578
4.4170000000 4.5795472374
4.4180000000 4.5805385323
4.4190000000 4.5815298347
4.4200000000 4.5825211525
4.4210000000 4.5835124855
4.4220000000 4.5845038261
4.4230000000 4.5854951820
4.4240000000 4.5864865532
4.4250000000 4.5874779320
4.4260000000 4.5884693260
4.4270000000 4.5894607353
4.4280000000 4.5904521523
4.4290000000 4.5914435921
4.4300000000 4.5924350319
4.4310000000 4.5934264946
4.4320000000 4.5944179649
4.4330000000 4.5954094505
4.4340000000 4.5964009514
4.4350000000 4.5973924599
4.4360000000 4.5983839836
4.4370000000 4.5993755150
4.4380000000 4.6003670692
4.4390000000 4.6013586235
4.4400000000 4.6023502007
4.4410000000 4.6033417854
4.4420000000 4.6043333855
4.4430000000 4.6053250008
4.4440000000 4.6063166237
4.4450000000 4.6073082619
4.4460000000 4.6082999153
4.4470000000 4.6092915764
4.4480000000 4.6102832527
4.4490000000 4.6112749443
4.4500000000 4.6122666435
4.4510000000 4.6132583580
4.4520000000 4.6142500877
4.4530000000 4.6152418251
4.4540000000 4.6162335777
4.4550000000 4.6172253456
4.4560000000 4.6182171211
4.4570000000 4.6192089119
4.4580000000 4.6202007179
4.4590000000 4.6211925316
4.4600000000 4.6221843605
4.4610000000 4.6231762047
4.4620000000 4.6241680565
4.4630000000 4.6251599236
4.4640000000 4.6261517982
4.4650000000 4.6271436958
4.4660000000 4.6281356010
4.4670000000 4.6291275139
4.4680000000 4.6301194420
4.4690000000 4.6311113853
4.4700000000 4.6321033440
4.4710000000 4.6330953102
4.4720000000 4.6340872917
4.4730000000 4.6350792809
4.4740000000 4.6360712852
4.4750000000 4.6370633049
4.4760000000 4.6380553322
4.4770000000 4.6390473824
4.4780000000 4.6400394325
4.4790000000 4.6410315056
4.4800000000 4.6420235863
4.4810000000 4.6430156746
4.4820000000 4.6440077858
4.4830000000 4.6449999046
4.4840000000 4.6459920311
4.4850000000 4.6469841728
4.4860000000 4.6479763298
4.4870000000 4.6489685020
4.4880000000 4.6499606819
4.4890000000 4.6509528770
4.4900000000 4.6519450798
4.4910000000 4.6529372978
4.4920000000 4.6539295311
4.4930000000 4.6549217720
4.4940000000 4.6559140282
4.4950000000 4.6569062996
4.4960000000 4.6578985786
4.4970000000 4.6588908730
4.4980000000 4.6598831749
4.4990000000 4.6608754997
4.5000000000 4.6618678246
4.5010000000 4.6628601723
4.5020000000 4.6638525276
4.5030000000 4.6648448982
4.5040000000 4.6658372765
4.5050000000 4.6668296700
4.5060000000 4.6678220711
4.5070000000 4.6688144875
4.5080000000 4.6698069191
4.5090000000 4.6707993660
4.5100000000 4.6717918205
4.5110000000 4.6727842827
4.5120000000 4.6737767677
4.5130000000 4.6747692604
4.5140000000 4.6757617607
4.5150000000 4.6767542763
4.5160000000 4.6777468071
4.5170000000 4.6787393532
4.5180000000 4.6797319069
4.5190000000 4.6807244682
4.5200000000 4.6817170525
4.5210000000 4.6827096367
4.5220000000 4.6837022438
4.5230000000 4.6846948586
4.5240000000 4.6856874886
4.5250000000 4.6866801262
4.5260000000 4.6876727791
4.5270000000 4.6886654472
4.5280000000 4.6896581230
4.5290000000 4.6906508141
4.5300000000 4.6916435127
4.5310000000 4.6926362267
4.5320000000 4.6936289558
4.5330000000 4.6946216927
4.5340000000 4.6956144447
4.5350000000 4.6966072044
4.5360000000 4.6975999794
4.5370000000 4.6985927696
4.5380000000 4.6995855675
4.5390000000 4.7005783806
4.5400000000 4.7015712090
4.5410000000 4.7025640450
4.5420000000 4.7035568886
4.5430000000 4.7045497551
4.5440000000 4.7055426216
4.5450000000 4.7065355110
4.5460000000 4.7075284081
4.5470000000 4.7085213203
4.5480000000 4.7095142403
4.5490000000 4.7105071754
4.5500000000 4.7115001183
4.5510000000 4.7124930763
4.5520000000 4.7134860497
4.5530000000 4.7144790306
4.5540000000 4.7154720268
4.5550000000 4.7164650383
4.5560000000 4.7174580574
4.5570000000 4.7184510841
4.5580000000 4.7194441338
4.5590000000 4.7204371910
4.5600000000 4.7214302559
4.5610000000 4.7224233360
4.5620000000 4.7234164314
4.5630000000 4.7244095345
4.5640000000 4.7254026527
4.5650000000 4.7263957787
4.5660000000 4.7273889198
4.5670000000 4.7283820686
4.5680000000 4.7293752327
4.5690000000 4.7303684120
4.5700000000 4.7313615990
4.5710000000 4.7323548012
4.5720000000 4.7333480186
4.5730000000 4.7343412437
4.5740000000 4.7353344765
4.5750000000 4.7363277321
4.5760000000 4.7373209877
4.5770000000 4.7383142662
4.5780000000 4.7393075523
4.5790000000 4.7403008461
4.5800000000 4.7412941551
4.5810000000 4.7422874794
4.5820000000 4.7432808113
4.5830000000 4.7442741585
4.5840000000 4.7452675209
4.5850000000 4.7462608910
4.5860000000 4.7472542686
4.5870000000 4.7482476616
4.5880000000 4.7492410698
4.5890000000 4.7502344856
4.5900000000 4.7512279167
4.5910000000 4.7522213554
4.5920000000 4.7532148094
4.5930000000 4.7542082787
4.5940000000 4.7552017555
4.5950000000 4.7561952477
4.5960000000 4.7571887474
4.5970000000 4.7581822624
4.5980000000 4.7591757851
4.5990000000 4.7601693230
4.6000000000 4.7611628761
4.6010000000 4.7621564369
4.6020000000 4.7631500130
4.6030000000 4.7641435966
4.6040000000 4.7651371956
4.6050000000 4.7661308022
4.6060000000 4.7671244240
4.6070000000 4.7681180534
4.6080000000 4.7691116982
4.6090000000 4.7701053581
4.6100000000 4.7710990257
4.6110000000 4.7720927086
4.6120000000 4.7730863991
4.6130000000 4.7740801048
4.6140000000 4.7750738182
4.6150000000 4.7760675468
4.6160000000 4.7770612907
4.6170000000 4.7780550423
4.6180000000 4.7790488014
4.6190000000 4.7800425758
4.6200000000 4.7810363655
4.6210000000 4.7820301628
4.6220000000 4.7830239754
4.6230000000 4.7840177956
4.6240000000 4.7850116310
4.6250000000 4.7860054817
4.6260000000 4.7869993401
4.6270000000 4.7879932060
4.6280000000 4.7889870872
4.6290000000 4.7899809837
4.6300000000 4.7909748878
4.6310000000 4.7919688072
4.6320000000 4.7929627342
4.6330000000 4.7939566765
4.6340000000 4.7949506264
4.6350000000 4.7959445915
4.6360000000 4.7969385719
4.6370000000 4.7979325600
4.6380000000 4.7989265556
4.6390000000 4.7999205666
4.6400000000 4.8009145927
4.6410000000 4.8019086266
4.6420000000 4.8029026756
4.6430000000 4.8038967323
4.6440000000 4.8048908043
4.6450000000 4.8058848839
4.6460000000 4.8068789787
4.6470000000 4.8078730888
4.6480000000 4.8088671989
4.6490000000 4.8098613319
4.6500000000 4.8108554726
4.6510000000 4.8118496208
4.6520000000 4.8128437920
4.6530000000 4.8138379631
4.6540000000 4.8148321495
4.6550000000 4.8158263512
4.6560000000 4.8168205605
4.6570000000 4.8178147850
4.6580000000 4.8188090172
4.6590000000 4.8198032646
4.6600000000 4.8207975197
4.6610000000 4.8217917900
4.6620000000 4.8227860680
4.6630000000 4.8237803612
4.6640000000 4.8247746696
4.6650000000 4.8257689857
4.6660000000 4.8267633095
4.6670000000 4.8277576485
4.6680000000 4.8287520027
4.6690000000 4.8297463646
4.6700000000 4.8307407341
4.6710000000 4.8317351189
4.6720000000 4.8327295189
4.6730000000 4.8337239265
4.6740000000 4.8347183495
4.6750000000 4.8357127800
4.6760000000 4.8367072258
4.6770000000 4.8377016792
4.6780000000 4.8386961479
4.6790000000 4.8396906242
4.6800000000 4.8406851158
4.6810000000 4.8416796150
4.6820000000 4.8426741295
4.6830000000 4.8436686516
4.6840000000 4.8446631889
4.6850000000 4.8456577339
4.6860000000 4.8466522942
4.6870000000 4.8476468620
4.6880000000 4.8486414452
4.6890000000 4.8496360435
4.6900000000 4.8506306419
4.6910000000 4.8516252632
4.6920000000 4.8526198921
4.6930000000 4.8536145287
4.6940000000 4.8546091805
4.6950000000 4.8556038475
4.6960000000 4.8565985222
4.6970000000 4.8575932045
4.6980000000 4.8585879021
4.6990000000 4.8595826073
4.7000000000 4.8605773277
4.7010000000 4.8615720634
4.7020000000 4.8625668068
4.7030000000 4.8635615578
4.7040000000 4.8645563240
4.7050000000 4.8655511055
4.7060000000 4.8665458946
4.7070000000 4.8675406914
4.7080000000 4.8685355034
4.7090000000 4.8695303307
4.7100000000 4.8705251656
4.7110000000 4.8715200081
4.7120000000 4.8725148659
4.7130000000 4.8735097389
4.7140000000 4.8745046196
4.7150000000 4.8754995079
4.7160000000 4.8764944115
4.7170000000 4.8774893303
4.7180000000 4.8784842567
4.7190000000 4.8794791908
4.7200000000 4.8804741402
4.7210000000 4.8814691048
4.7220000000 4.8824640770
4.7230000000 4.8834590569
4.7240000000 4.8844540520
4.7250000000 4.8854490623
4.7260000000 4.8864440804
4.7270000000 4.8874391060
4.7280000000 4.8884341469
4.7290000000 4.8894291954
4.7300000000 4.8904242592
4.7310000000 4.8914193382
4.7320000000 4.8924144173
4.7330000000 4.8934095192
4.7340000000 4.8944046288
4.7350000000 4.8953997459
4.7360000000 4.8963948784
4.7370000000 4.8973900185
4.7380000000 4.8983851738
4.7390000000 4.8993803368
4.7400000000 4.9003755150
4.7410000000 4.9013707008
4.7420000000 4.9023659019
4.7430000000 4.9033611107
4.7440000000 4.9043563347
4.7450000000 4.9053515663
4.7460000000 4.9063468132
4.7470000000 4.9073420677
4.7480000000 4.9083373299
4.7490000000 4.9093326073
4.7500000000 4.9103278999
4.7510000000 4.9113232002
4.7520000000 4.9123185081
4.7530000000 4.9133138313
4.7540000000 4.9143091698
4.7550000000 4.9153045158
4.7560000000 4.9162998695
4.7570000000 4.9172952385
4.7580000000 4.9182906227
4.7590000000 4.9192860069
4.7600000000 4.9202814140
4.7610000000 4.9212768288
4.7620000000 4.9222722511
4.7630000000 4.9232676888
4.7640000000 4.9242631340
4.7650000000 4.9252585869
4.7660000000 4.9262540627
4.7670000000 4.9272495384
4.7680000000 4.9282450294
4.7690000000 4.9292405357
4.7700000000 4.9302360497
4.7710000000 4.9312315712
4.7720000000 4.9322271080
4.7730000000 4.9332226601
4.7740000000 4.9342182198
4.7750000000 4.9352137871
4.7760000000 4.9362093697
4.7770000000 4.9372049599
4.7780000000 4.9382005653
4.7790000000 4.9391961784
4.7800000000 4.9401918068
4.7810000000 4.9411874428
4.7820000000 4.9421830864
4.7830000000 4.9431787453
4.7840000000 4.9441744194
4.7850000000 4.9451701012
4.7860000000 4.9461657906
4.7870000000 4.9471614952
4.7880000000 4.9481572075
4.7890000000 4.9491529350
4.7900000000 4.9501486778
4.7910000000 4.9511444206
4.7920000000 4.9521401787
4.7930000000 4.9531359520
4.7940000000 4.9541317329
4.7950000000 4.9551275291
4.7960000000 4.9561233330
4.7970000000 4.9571191444
4.7980000000 4.9581149712
4.7990000000 4.9591108055
4.8000000000 4.9601066551
4.8010000000 4.9611025200
4.8020000000 4.9620983849
4.8030000000 4.9630942650
4.8040000000 4.9640901604
4.8050000000 4.9650860634
4.8060000000 4.9660819817
4.8070000000 4.9670779076
4.8080000000 4.9680738411
4.8090000000 4.9690697899
4.8100000000 4.9700657463
4.8110000000 4.9710617180
4.8120000000 4.9720576973
4.8130000000 4.9730536919
4.8140000000 4.9740496941
4.8150000000 4.9750457039
4.8160000000 4.9760417290
4.8170000000 4.9770377693
4.8180000000 4.9780338173
4.8190000000 4.9790298729
4.8200000000 4.9800259438
4.8210000000 4.9810220222
4.8220000000 4.9820181160
4.8230000000 4.9830142174
4.8240000000 4.9840103264
4.8250000000 4.9850064507
4.8260000000 4.9860025902
4.8270000000 4.9869987297
4.8280000000 4.9879948921
4.8290000000 4.9889910545
4.8300000000 4.9899872398
4.8310000000 4.9909834251
4.8320000000 4.9919796257
4.8330000000 4.9929758415
4.8340000000 4.9939720650
4.8350000000 4.9949682961
4.8360000000 4.9959645424
4.8370000000 4.9969607964
4.8380000000 4.9979570656
4.8390000000 4.9989533424
4.8400000000 4.9999496269
4.8410000000 5.0009459267
4.8420000000 5.0019422340
4.8430000000 5.0029385567
4.8440000000 5.0039348869
4.8450000000 5.0049312325
4.8460000000 5.0059275856
4.8470000000 5.0069239540
4.8480000000 5.0079203300
4.8490000000 5.0089167137
4.8500000000 5.0099131126
4.8510000000 5.0109095192
4.8520000000 5.0119059410
4.8530000000 5.0129023705
4.8540000000 5.0138988075
4.8550000000 5.0148952599
4.8560000000 5.0158917274
4.8570000000 5.0168882027
4.8580000000 5.0178846855
4.8590000000 5.0188811760
4.8600000000 5.0198776817
4.8610000000 5.0208742027
4.8620000000 5.0218707314
4.8630000000 5.0228672676
4.8640000000 5.0238638191
4.8650000000 5.0248603783
4.8660000000 5.0258569527
4.8670000000 5.0268535347
4.8680000000 5.0278501244
4.8690000000 5.0288467293
4.8700000000 5.0298433418
4.8710000000 5.0308399696
4.8720000000 5.0318366051
4.8730000000 5.0328332558
4.8740000000 5.0338299141
4.8750000000 5.0348265800
4.8760000000 5.0358232613
4.8770000000 5.0368199501
4.8780000000 5.0378166542
4.8790000000 5.0388133659
4.8800000000 5.0398100853
4.8810000000 5.0408068199
4.8820000000 5.0418035622
4.8830000000 5.0428003197
4.8840000000 5.0437970848
4.8850000000 5.0447938576
4.8860000000 5.0457906456
4.8870000000 5.0467874489
4.8880000000 5.0477842522
4.8890000000 5.0487810783
4.8900000000 5.0497779045
4.8910000000 5.0507747459
4.8920000000 5.0517716026
4.8930000000 5.0527684593
4.8940000000 5.0537653313
4.8950000000 5.0547622185
4.8960000000 5.0557591133
4.8970000000 5.0567560158
4.8980000000 5.0577529335
4.8990000000 5.0587498665
4.9000000000 5.0597467995
4.9010000000 5.0607437477
4.9020000000 5.0617407112
4.9030000000 5.0627376747
4.9040000000 5.0637346611
4.9050000000 5.0647316475
4.9060000000 5.0657286491
4.9070000000 5.0667256660
4.9080000000 5.0677226906
4.9090000000 5.0687197227
4.9100000000 5.0697167702
4.9110000000 5.0707138252
4.9120000000 5.0717108879
4.9130000000 5.0727079659
4.9140000000 5.0737050514
4.9150000000 5.0747021523
4.9160000000 5.0756992607
4.9170000000 5.0766963768
4.9180000000 5.0776935081
4.9190000000 5.0786906548
4.9200000000 5.0796878014
4.9210000000 5.0806849632
4.9220000000 5.0816821404
4.9230000000 5.0826793251
4.9240000000 5.0836765175
4.9250000000 5.0846737175
4.9260000000 5.0856709328
4.9270000000 5.0866681633
4.9280000000 5.0876654015
4.9290000000 5.0886626472
4.9300000000 5.0896599007
4.9310000000 5.0906571693
4.9320000000 5.0916544533
4.9330000000 5.0926517372
4.9340000000 5.0936490440
4.9350000000 5.0946463509
4.9360000000 5.0956436729
4.9370000000 5.0966410027
4.9380000000 5.0976383476
4.9390000000 5.0986357002
4.9400000000 5.0996330681
4.9410000000 5.1006304436
4.9420000000 5.1016278267
4.9430000000 5.1026252174
4.9440000000 5.1036226234
4.9450000000 5.1046200447
4.9460000000 5.1056174736
4.9470000000 5.1066149101
4.9480000000 5.1076123543
4.9490000000 5.1086098137
4.9500000000 5.1096072884
4.9510000000 5.1106047630
4.9520000000 5.1116022606
4.9530000000 5.1125997581
4.9540000000 5.1135972710
4.9550000000 5.1145947914
4.9560000000 5.1155923271
4.9570000000 5.1165898705
4.9580000000 5.1175874214
4.9590000000 5.1185849876
4.9600000000 5.1195825615
4.9610000000 5.1205801506
4.9620000000 5.1215777473
4.9630000000 5.1225753517
4.9640000000 5.1235729637
4.9650000000 5.1245705986
4.9660000000 5.1255682335
4.9670000000 5.1265658836
4.9680000000 5.1275635414
4.9690000000 5.1285612068
4.9700000000 5.1295588875
4.9710000000 5.1305565834
4.9720000000 5.1315542793
4.9730000000 5.1325519905
4.9740000000 5.1335497169
4.9750000000 5.1345474510
4.9760000000 5.1355451927
4.9770000000 5.1365429420
4.9780000000 5.1375407066
4.9790000000 5.1385384865
4.9800000000 5.1395362663
4.9810000000 5.1405340614
4.9820000000 5.1415318718
4.9830000000 5.1425296822
4.9840000000 5.1435275154
4.9850000000 5.1445253487
4.9860000000 5.1455231972
4.9870000000 5.1465210533
4.9880000000 5.1475189247
4.9890000000 5.1485168037
4.9900000000 5.1495146904
4.9910000000 5.1505125923
4.9920000000 5.1515105019
4.9930000000 5.1525084190
4.9940000000 5.1535063515
4.9950000000 5.1545042915
4.9960000000 5.1555022469
4.9970000000 5.1565002098
4.9980000000 5.1574981804
4.9990000000 5.1584961662
