0.545000 0.851289 2.286992 2.306445
0.550000 0.848789 2.282930 2.313633
0.555000 0.846211 2.280273 2.319336
0.560000 0.843711 2.278398 2.324258
0.565000 0.841133 2.276914 2.328867
0.570000 0.838477 2.275664 2.333164
0.575000 0.835898 2.274648 2.337227
0.580000 0.833242 2.273789 2.341133
0.585000 0.830664 2.273086 2.344961
0.590000 0.827930 2.272461 2.348633
0.595000 0.825273 2.271914 2.352227
0.600000 0.822617 2.271445 2.355820
0.605000 0.819883 2.271055 2.359258
0.610000 0.817148 2.270742 2.362695
0.615000 0.814414 2.270430 2.366055
0.620000 0.811680 2.270273 2.369336
0.625000 0.808867 2.270039 2.372617
0.630000 0.806055 2.269883 2.375898
0.635000 0.803242 2.269805 2.379102
0.640000 0.800430 2.269727 2.382305
0.645000 0.797617 2.269648 2.385430
0.650000 0.794727 2.269570 2.388555
0.655000 0.791836 2.269570 2.391602
0.660000 0.788945 2.269648 2.394727
0.665000 0.786055 2.269648 2.397773
0.670000 0.783164 2.269727 2.400820
0.675000 0.780195 2.269805 2.403789
0.680000 0.777227 2.269883 2.406836
0.685000 0.774258 2.270039 2.409805
0.690000 0.771289 2.270117 2.412773
0.695000 0.768320 2.270273 2.415664
0.700000 0.765273 2.270430 2.418633
0.705000 0.762227 2.270586 2.421523
0.710000 0.759180 2.270820 2.424414
0.715000 0.756133 2.270977 2.427227
0.720000 0.753008 2.271211 2.430117
0.725000 0.749961 2.271445 2.432852
0.730000 0.746836 2.271680 2.435664
0.735000 0.743711 2.271914 2.438477
0.740000 0.740586 2.272227 2.441367
0.745000 0.737383 2.272461 2.444258
0.750000 0.734180 2.272773 2.447148
0.755000 0.730977 2.273008 2.450117
0.760000 0.727773 2.273320 2.453086
0.765000 0.724570 2.273633 2.456055
0.770000 0.721289 2.273945 2.459023
0.775000 0.718086 2.274258 2.462070
0.780000 0.714805 2.274570 2.465039
0.785000 0.711523 2.274961 2.468086
0.790000 0.708164 2.275273 2.471133
0.795000 0.704883 2.275664 2.474258
0.800000 0.701523 2.275977 2.477305
0.805000 0.698164 2.276367 2.480430
0.810000 0.694805 2.276758 2.483555
0.815000 0.691367 2.277148 2.486680
0.820000 0.687930 2.277539 2.489805
0.825000 0.684492 2.277930 2.492930
0.830000 0.681055 2.278320 2.496133
0.835000 0.677617 2.278789 2.499336
0.840000 0.674102 2.279180 2.502461
0.845000 0.670664 2.279570 2.505664
0.850000 0.667148 2.280039 2.508945
0.855000 0.663555 2.280430 2.512148
0.860000 0.660039 2.280898 2.515352
0.865000 0.656445 2.281367 2.518633
0.870000 0.652852 2.281836 2.521914
0.875000 0.649258 2.282227 2.525117
0.880000 0.645664 2.282695 2.528398
0.885000 0.641992 2.283164 2.531758
0.890000 0.638320 2.283633 2.535039
0.895000 0.634648 2.284180 2.538320
0.900000 0.630898 2.284648 2.541680
0.905000 0.627227 2.285117 2.544961
0.910000 0.623477 2.285586 2.548320
0.915000 0.619727 2.286133 2.551680
0.920000 0.615898 2.286602 2.555039
0.925000 0.612148 2.287148 2.558398
0.930000 0.608320 2.287617 2.561758
0.935000 0.604414 2.288164 2.565195
0.940000 0.600586 2.288711 2.568555
0.945000 0.596680 2.289258 2.571992
0.950000 0.592773 2.289727 2.575430
0.955000 0.588867 2.290273 2.578789
0.960000 0.584883 2.290820 2.582227
0.965000 0.580898 2.291367 2.585664
0.970000 0.576914 2.291914 2.589180
0.975000 0.572852 2.292539 2.592617
0.980000 0.568867 2.293086 2.596055
0.985000 0.564727 2.293633 2.599570
0.990000 0.560664 2.294180 2.603008
0.995000 0.556523 2.294805 2.606523
1.000000 0.552383 2.295352 2.610039
1.005000 0.548242 2.295977 2.613555
1.010000 0.544023 2.296523 2.617070
1.015000 0.539805 2.297148 2.620586
1.020000 0.535508 2.297695 2.624102
1.025000 0.531211 2.298320 2.627695
1.030000 0.526914 2.298945 2.631211
1.035000 0.522617 2.299570 2.634805
1.040000 0.518242 2.300117 2.638320
1.045000 0.513789 2.300742 2.641914
1.050000 0.509336 2.301367 2.645508
1.055000 0.504883 2.301992 2.649102
1.060000 0.500430 2.302617 2.652695
1.065000 0.495898 2.303320 2.656289
1.070000 0.491289 2.303945 2.659883
1.075000 0.486680 2.304570 2.663555
1.080000 0.482070 2.305195 2.667148
1.085000 0.477383 2.305820 2.670742
1.090000 0.472695 2.306523 2.674414
1.095000 0.467930 2.307148 2.678086
1.100000 0.463164 2.307852 2.681680
1.105000 0.458320 2.308477 2.685352
1.110000 0.453398 2.309180 2.689023
1.115000 0.448477 2.309805 2.692695
1.120000 0.443555 2.310508 2.696367
1.125000 0.438555 2.311211 2.700117
1.130000 0.433477 2.311914 2.703789
1.135000 0.428320 2.312539 2.707461
1.140000 0.423164 2.313242 2.711211
1.145000 0.418008 2.313945 2.714883
1.150000 0.412695 2.314648 2.718633
1.155000 0.407383 2.315352 2.722383
1.160000 0.401992 2.316055 2.726055
1.165000 0.396523 2.316758 2.729805
1.170000 0.391055 2.317461 2.733555
1.175000 0.385430 2.318242 2.737305
1.180000 0.379805 2.318945 2.741055
1.185000 0.374102 2.319648 2.744883
1.190000 0.368242 2.320352 2.748633
1.195000 0.362383 2.321133 2.752383
1.200000 0.356445 2.321836 2.756211
1.205000 0.350430 2.322617 2.759961
1.210000 0.344258 2.323320 2.763789
1.215000 0.338008 2.324102 2.767617
1.220000 0.331680 2.324805 2.771367
1.225000 0.325195 2.325586 2.775195
1.230000 0.318633 2.326367 2.779023
1.235000 0.311992 2.327070 2.782852
1.240000 0.305195 2.327852 2.786680
1.245000 0.298242 2.328633 2.790508
1.250000 0.291133 2.329414 2.794336
1.255000 0.283867 2.330195 2.798242
1.260000 0.276445 2.330977 2.802070
1.265000 0.268789 2.331758 2.805898
1.270000 0.260977 2.332539 2.809805
1.275000 0.252930 2.333320 2.813633
1.280000 0.244648 2.334102 2.817539
1.285000 0.236133 2.334883 2.821445
1.290000 0.227305 2.335664 2.825273
1.295000 0.218086 2.336523 2.829180
1.300000 0.208555 2.337305 2.833086
1.305000 0.198555 2.338086 2.836992
1.310000 0.188086 2.338945 2.840898
1.315000 0.176992 2.339727 2.844805
1.320000 0.165195 2.340586 2.848711
1.325000 0.152539 2.341367 2.852695
1.330000 0.138789 2.342227 2.856602
1.335000 0.123555 2.343008 2.860508
1.340000 0.106211 2.343867 2.864492
1.345000 0.085430 2.344727 2.868398
1.350000 0.057773 2.345586 2.872383
