4.180000 0.032617 3.313867 5.584570
4.185000 0.074648 3.316445 5.589883
4.190000 0.100508 3.319023 5.595273
4.195000 0.121055 3.321602 5.600664
4.200000 0.138633 3.324180 5.606055
4.205000 0.154258 3.326758 5.611445
4.210000 0.168555 3.329336 5.616836
4.215000 0.181758 3.331914 5.622148
4.220000 0.194102 3.334492 5.627539
4.225000 0.205742 3.337070 5.632930
4.230000 0.216836 3.339648 5.638320
4.235000 0.227383 3.342227 5.643711
4.240000 0.237539 3.344805 5.649102
4.245000 0.247305 3.347461 5.654492
4.250000 0.256758 3.350039 5.659883
4.255000 0.265898 3.352617 5.665273
4.260000 0.274805 3.355273 5.670664
4.265000 0.283398 3.357852 5.676055
4.270000 0.291836 3.360508 5.681523
4.275000 0.300039 3.363086 5.686914
4.280000 0.308086 3.365742 5.692305
4.285000 0.315898 3.368320 5.697695
4.290000 0.323633 3.370977 5.703086
4.295000 0.331133 3.373633 5.708477
4.300000 0.338555 3.376211 5.713945
4.305000 0.345820 3.378867 5.719336
4.310000 0.353008 3.381523 5.724727
4.315000 0.360039 3.384180 5.730195
4.320000 0.366914 3.386836 5.735586
4.325000 0.373789 3.389492 5.740977
4.330000 0.380508 3.392148 5.746445
4.335000 0.387148 3.394805 5.751836
4.340000 0.393711 3.397461 5.757227
4.345000 0.400195 3.400117 5.762695
4.350000 0.406523 3.402773 5.768086
4.355000 0.412852 3.405430 5.773555
4.360000 0.419102 3.408086 5.778945
4.365000 0.425273 3.410742 5.784414
4.370000 0.431367 3.413477 5.789805
4.375000 0.437461 3.416133 5.795273
4.380000 0.443477 3.418789 5.800664
4.385000 0.449414 3.421523 5.806133
4.390000 0.455273 3.424180 5.811602
4.395000 0.461055 3.426914 5.816992
4.400000 0.466836 3.429570 5.822461
4.405000 0.472617 3.432305 5.827930
4.410000 0.478242 3.434961 5.833320
4.415000 0.483867 3.437695 5.838789
4.420000 0.489492 3.440430 5.844258
4.425000 0.495039 3.443164 5.849727
4.430000 0.500508 3.445820 5.855117
4.435000 0.505977 3.448555 5.860586
4.440000 0.511445 3.451289 5.866055
4.445000 0.516836 3.454023 5.871523
4.450000 0.522148 3.456758 5.876992
4.455000 0.527539 3.459492 5.882461
4.460000 0.532773 3.462227 5.887930
4.465000 0.538008 3.464961 5.893320
4.470000 0.543242 3.467695 5.898789
4.475000 0.548477 3.470430 5.904258
4.480000 0.553633 3.473164 5.909727
4.485000 0.558789 3.475898 5.915195
4.490000 0.563867 3.478711 5.920664
4.495000 0.568945 3.481445 5.926133
4.500000 0.574023 3.484180 5.931680
4.505000 0.579023 3.486992 5.937148
4.510000 0.584023 3.489727 5.942617
4.515000 0.589023 3.492539 5.948086
4.520000 0.593945 3.495273 5.953555
4.525000 0.598867 3.498086 5.959023
4.530000 0.603789 3.500820 5.964492
4.535000 0.608633 3.503633 5.970039
4.540000 0.613555 3.506445 5.975508
4.545000 0.618398 3.509180 5.980977
4.550000 0.623164 3.511992 5.986445
4.555000 0.628008 3.514805 5.991992
4.560000 0.632773 3.517617 5.997461
4.565000 0.637539 3.520352 6.002930
4.570000 0.642227 3.523164 6.008477
4.575000 0.646992 3.525977 6.013945
4.580000 0.651680 3.528789 6.019492
4.585000 0.656367 3.531602 6.024961
4.590000 0.661055 3.534414 6.030430
4.595000 0.665742 3.537305 6.035977
4.600000 0.670352 3.540117 6.041445
4.605000 0.674961 3.542930 6.046992
4.610000 0.679570 3.545742 6.052461
4.615000 0.684180 3.548555 6.058008
4.620000 0.688789 3.551445 6.063555
4.625000 0.693320 3.554258 6.069023
4.630000 0.697852 3.557148 6.074570
4.635000 0.702383 3.559961 6.080039
4.640000 0.706914 3.562773 6.085586
4.645000 0.711445 3.565664 6.091133
4.650000 0.715977 3.568555 6.096602
4.655000 0.720430 3.571367 6.102148
4.660000 0.724883 3.574258 6.107695
4.665000 0.729336 3.577148 6.113242
4.670000 0.733789 3.579961 6.118711
4.675000 0.738242 3.582852 6.124258
4.680000 0.742617 3.585742 6.129805
4.685000 0.747070 3.588633 6.135352
4.690000 0.751445 3.591523 6.140898
4.695000 0.755820 3.594414 6.146445
4.700000 0.760195 3.597305 6.151914
4.705000 0.764570 3.600195 6.157461
4.710000 0.768945 3.603086 6.163008
4.715000 0.773320 3.605977 6.168555
4.720000 0.777617 3.608867 6.174102
4.725000 0.781992 3.611758 6.179648
4.730000 0.786289 3.614648 6.185195
4.735000 0.790586 3.617617 6.190742
4.740000 0.794883 3.620508 6.196289
4.745000 0.799180 3.623398 6.201836
4.750000 0.803477 3.626367 6.207461
4.755000 0.807773 3.629258 6.213008
4.760000 0.811992 3.632227 6.218555
4.765000 0.816289 3.635117 6.224102
4.770000 0.820508 3.638086 6.229648
4.775000 0.824727 3.640977 6.235195
4.780000 0.829023 3.643945 6.240820
4.785000 0.833242 3.646914 6.246367
4.790000 0.837461 3.649883 6.251914
4.795000 0.841680 3.652773 6.257461
4.800000 0.845820 3.655742 6.263086
4.805000 0.850039 3.658711 6.268633
4.810000 0.854258 3.661680 6.274180
4.815000 0.858398 3.664648 6.279805
4.820000 0.862617 3.667617 6.285352
4.825000 0.866758 3.670586 6.290977
4.830000 0.870898 3.673555 6.296523
4.835000 0.875039 3.676523 6.302070
4.840000 0.879258 3.679492 6.307695
4.845000 0.883398 3.682539 6.313242
4.850000 0.887461 3.685508 6.318867
4.855000 0.891602 3.688477 6.324492
4.860000 0.895742 3.691445 6.330039
4.865000 0.899883 3.694492 6.335664
4.870000 0.903945 3.697461 6.341211
4.875000 0.908086 3.700508 6.346836
4.880000 0.912148 3.703477 6.352383
4.885000 0.916289 3.706523 6.358008
4.890000 0.920352 3.709492 6.363633
4.895000 0.924492 3.712539 6.369258
4.900000 0.928555 3.715586 6.374805
4.905000 0.932617 3.718555 6.380430
4.910000 0.936680 3.721602 6.386055
4.915000 0.940742 3.724648 6.391680
4.920000 0.944805 3.727695 6.397227
4.925000 0.948867 3.730742 6.402852
4.930000 0.952930 3.733789 6.408477
4.935000 0.956914 3.736836 6.414102
4.940000 0.960977 3.739883 6.419727
4.945000 0.965039 3.742930 6.425352
4.950000 0.969023 3.745977 6.430977
4.955000 0.973086 3.749023 6.436602
4.960000 0.977070 3.752070 6.442227
4.965000 0.981133 3.755117 6.447852
4.970000 0.985117 3.758242 6.453477
4.975000 0.989180 3.761289 6.459102
4.980000 0.993164 3.764336 6.464727
4.985000 0.997148 3.767461 6.470352
4.990000 1.001133 3.770508 6.475977
4.995000 1.005117 3.773633 6.481602
