1.355000 2.346367 2.876289
1.360000 2.347227 2.880273
1.365000 2.348086 2.884258
1.370000 2.348945 2.888242
1.375000 2.349805 2.892227
1.380000 2.350664 2.896211
1.385000 2.351523 2.900195
1.390000 2.352383 2.904180
1.395000 2.353242 2.908164
1.400000 2.354102 2.912148
1.405000 2.355039 2.916133
1.410000 2.355898 2.920195
1.415000 2.356758 2.924180
1.420000 2.357695 2.928164
1.425000 2.358555 2.932227
1.430000 2.359414 2.936211
1.435000 2.360352 2.940273
1.440000 2.361211 2.944336
1.445000 2.362148 2.948398
1.450000 2.363086 2.952383
1.455000 2.363945 2.956445
1.460000 2.364883 2.960508
1.465000 2.365820 2.964570
1.470000 2.366680 2.968633
1.475000 2.367617 2.972695
1.480000 2.368555 2.976758
1.485000 2.369492 2.980898
1.490000 2.370430 2.984961
1.495000 2.371367 2.989023
1.500000 2.372305 2.993164
1.505000 2.373242 2.997227
1.510000 2.374180 3.001289
1.515000 2.375117 3.005430
1.520000 2.376133 3.009570
1.525000 2.377070 3.013633
1.530000 2.378008 3.017773
1.535000 2.378945 3.021914
1.540000 2.379961 3.026055
1.545000 2.380898 3.030117
1.550000 2.381914 3.034258
1.555000 2.382852 3.038398
1.560000 2.383867 3.042539
1.565000 2.384805 3.046680
1.570000 2.385820 3.050898
1.575000 2.386758 3.055039
1.580000 2.387773 3.059180
1.585000 2.388789 3.063320
1.590000 2.389805 3.067539
1.595000 2.390742 3.071680
1.600000 2.391758 3.075820
1.605000 2.392773 3.080039
1.610000 2.393789 3.084258
1.615000 2.394805 3.088398
1.620000 2.395820 3.092617
1.625000 2.396836 3.096758
1.630000 2.397852 3.100977
1.635000 2.398867 3.105195
1.640000 2.399883 3.109414
1.645000 2.400977 3.113633
1.650000 2.401992 3.117852
1.655000 2.403008 3.122070
1.660000 2.404102 3.126289
1.665000 2.405117 3.130508
1.670000 2.406133 3.134727
1.675000 2.407227 3.138945
1.680000 2.408242 3.143242
1.685000 2.409336 3.147461
1.690000 2.410430 3.151680
1.695000 2.411445 3.155977
1.700000 2.412539 3.160195
1.705000 2.413633 3.164414
1.710000 2.414648 3.168711
1.715000 2.415742 3.173008
1.720000 2.416836 3.177227
1.725000 2.417930 3.181523
1.730000 2.419023 3.185820
1.735000 2.420117 3.190039
1.740000 2.421211 3.194336
1.745000 2.422305 3.198633
1.750000 2.423398 3.202930
1.755000 2.424492 3.207227
1.760000 2.425586 3.211523
1.765000 2.426680 3.215820
1.770000 2.427773 3.220117
1.775000 2.428945 3.224414
1.780000 2.430039 3.228711
1.785000 2.431133 3.233086
1.790000 2.432305 3.237383
1.795000 2.433398 3.241680
1.800000 2.434570 3.245977
1.805000 2.435664 3.250352
1.810000 2.436836 3.254648
1.815000 2.437930 3.259023
1.820000 2.439102 3.263320
1.825000 2.440273 3.267695
1.830000 2.441367 3.271992
1.835000 2.442539 3.276367
1.840000 2.443711 3.280742
1.845000 2.444883 3.285117
1.850000 2.445977 3.289414
1.855000 2.447148 3.293789
1.860000 2.448320 3.298164
1.865000 2.449492 3.302539
1.870000 2.450664 3.306914
1.875000 2.451836 3.311289
1.880000 2.453086 3.315664
1.885000 2.454258 3.320039
1.890000 2.455430 3.324414
1.895000 2.456602 3.328789
1.900000 2.457773 3.333242
1.905000 2.459023 3.337617
1.910000 2.460195 3.341992
1.915000 2.461367 3.346367
1.920000 2.462617 3.350820
1.925000 2.463789 3.355195
1.930000 2.465039 3.359648
1.935000 2.466211 3.364023
1.940000 2.467461 3.368477
1.945000 2.468633 3.372852
1.950000 2.469883 3.377305
1.955000 2.471133 3.381758
1.960000 2.472383 3.386133
1.965000 2.473555 3.390586
1.970000 2.474805 3.395039
1.975000 2.476055 3.399492
1.980000 2.477305 3.403867
1.985000 2.478555 3.408320
1.990000 2.479805 3.412773
1.995000 2.481055 3.417227
2.000000 2.482305 3.421680
2.005000 2.483555 3.426133
2.010000 2.484805 3.430586
2.015000 2.486055 3.435117
2.020000 2.487305 3.439570
2.025000 2.488633 3.444023
2.030000 2.489883 3.448477
2.035000 2.491133 3.453008
2.040000 2.492461 3.457461
2.045000 2.493711 3.461914
2.050000 2.495039 3.466445
2.055000 2.496289 3.470898
2.060000 2.497617 3.475430
2.065000 2.498867 3.479883
2.070000 2.500195 3.484414
2.075000 2.501445 3.488867
2.080000 2.502773 3.493398
2.085000 2.504102 3.497852
2.090000 2.505352 3.502383
2.095000 2.506680 3.506914
2.100000 2.508008 3.511445
2.105000 2.509336 3.515898
2.110000 2.510664 3.520430
2.115000 2.511992 3.524961
2.120000 2.513320 3.529492
2.125000 2.514648 3.534023
2.130000 2.515977 3.538555
2.135000 2.517305 3.543086
2.140000 2.518633 3.547617
2.145000 2.519961 3.552148
2.150000 2.521367 3.556680
2.155000 2.522695 3.561289
2.160000 2.524023 3.565820
2.165000 2.525352 3.570352
2.170000 2.526758 3.574883
2.175000 2.528086 3.579492
2.180000 2.529492 3.584023
2.185000 2.530820 3.588555
2.190000 2.532227 3.593164
2.195000 2.533555 3.597695
2.200000 2.534961 3.602305
2.205000 2.536367 3.606836
2.210000 2.537695 3.611445
2.215000 2.539102 3.615977
2.220000 2.540508 3.620586
2.225000 2.541914 3.625195
2.230000 2.543242 3.629805
2.235000 2.544648 3.634336
2.240000 2.546055 3.638945
2.245000 2.547461 3.643555
2.250000 2.548867 3.648164
2.255000 2.550273 3.652773
2.260000 2.551680 3.657305
2.265000 2.553086 3.661914
2.270000 2.554570 3.666523
2.275000 2.555977 3.671133
2.280000 2.557383 3.675742
2.285000 2.558789 3.680430
2.290000 2.560273 3.685039
2.295000 2.561680 3.689648
2.300000 2.563086 3.694258
2.305000 2.564570 3.698867
2.310000 2.565977 3.703477
2.315000 2.567461 3.708164
2.320000 2.568867 3.712773
2.325000 2.570352 3.717383
2.330000 2.571758 3.722070
2.335000 2.573242 3.726680
2.340000 2.574727 3.731367
2.345000 2.576133 3.735977
2.350000 2.577617 3.740664
2.355000 2.579102 3.745273
2.360000 2.580586 3.749961
2.365000 2.582070 3.754570
2.370000 2.583555 3.759258
2.375000 2.585039 3.763945
2.380000 2.586523 3.768555
2.385000 2.588008 3.773242
2.390000 2.589492 3.777930
2.395000 2.590977 3.782617
2.400000 2.592461 3.787305
2.405000 2.593945 3.791992
2.410000 2.595430 3.796602
2.415000 2.596992 3.801289
2.420000 2.598477 3.805977
2.425000 2.599961 3.810664
2.430000 2.601523 3.815352
2.435000 2.603008 3.820039
2.440000 2.604570 3.824805
2.445000 2.606055 3.829492
2.450000 2.607617 3.834180
2.455000 2.609102 3.838867
2.460000 2.610664 3.843555
2.465000 2.612148 3.848242
2.470000 2.613711 3.853008
2.475000 2.615273 3.857695
2.480000 2.616836 3.862383
2.485000 2.618320 3.867148
2.490000 2.619883 3.871836
2.495000 2.621445 3.876602
2.500000 2.623008 3.881289
2.505000 2.624570 3.886055
2.510000 2.626133 3.890742
2.515000 2.627695 3.895508
2.520000 2.629258 3.900195
2.525000 2.630820 3.904961
2.530000 2.632383 3.909727
2.535000 2.633945 3.914414
2.540000 2.635586 3.919180
2.545000 2.637148 3.923945
2.550000 2.638711 3.928711
2.555000 2.640352 3.933398
2.560000 2.641914 3.938164
2.565000 2.643477 3.942930
2.570000 2.645117 3.947695
2.575000 2.646680 3.952461
2.580000 2.648320 3.957227
2.585000 2.649883 3.961992
2.590000 2.651523 3.966758
2.595000 2.653164 3.971523
2.600000 2.654727 3.976289
2.605000 2.656367 3.981055
2.610000 2.658008 3.985820
2.615000 2.659570 3.990586
2.620000 2.661211 3.995430
2.625000 2.662852 4.000195
2.630000 2.664492 4.004961
2.635000 2.666133 4.009727
2.640000 2.667773 4.014570
2.645000 2.669414 4.019336
2.650000 2.671055 4.024102
2.655000 2.672695 4.028945
2.660000 2.674336 4.033711
2.665000 2.675977 4.038555
2.670000 2.677695 4.043320
2.675000 2.679336 4.048164
2.680000 2.680977 4.052930
2.685000 2.682695 4.057773
2.690000 2.684336 4.062539
2.695000 2.685977 4.067383
2.700000 2.687695 4.072227
2.705000 2.689336 4.076992
2.710000 2.691055 4.081836
2.715000 2.692695 4.086680
2.720000 2.694414 4.091523
2.725000 2.696055 4.096289
2.730000 2.697773 4.101133
2.735000 2.699492 4.105977
2.740000 2.701211 4.110820
2.745000 2.702852 4.115664
2.750000 2.704570 4.120508
2.755000 2.706289 4.125352
2.760000 2.708008 4.130195
2.765000 2.709727 4.135039
2.770000 2.711445 4.139883
2.775000 2.713164 4.144727
2.780000 2.714883 4.149570
2.785000 2.716602 4.154414
2.790000 2.718320 4.159258
2.795000 2.720039 4.164180
2.800000 2.721758 4.169023
2.805000 2.723555 4.173867
2.810000 2.725273 4.178711
2.815000 2.726992 4.183633
2.820000 2.728789 4.188477
2.825000 2.730508 4.193320
2.830000 2.732227 4.198242
2.835000 2.734023 4.203086
2.840000 2.735742 4.208008
2.845000 2.737539 4.212852
2.850000 2.739258 4.217773
2.855000 2.741055 4.222617
2.860000 2.742852 4.227539
2.865000 2.744570 4.232383
2.870000 2.746367 4.237305
2.875000 2.748164 4.242227
2.880000 2.749961 4.247070
2.885000 2.751680 4.251992
2.890000 2.753477 4.256914
2.895000 2.755273 4.261758
2.900000 2.757070 4.266680
2.905000 2.758867 4.271602
2.910000 2.760664 4.276523
2.915000 2.762461 4.281445
2.920000 2.764258 4.286367
2.925000 2.766133 4.291211
2.930000 2.767930 4.296133
2.935000 2.769727 4.301055
2.940000 2.771523 4.305977
2.945000 2.773320 4.310898
2.950000 2.775195 4.315820
2.955000 2.776992 4.320742
2.960000 2.778867 4.325742
2.965000 2.780664 4.330664
2.970000 2.782461 4.335586
2.975000 2.784336 4.340508
2.980000 2.786211 4.345430
2.985000 2.788008 4.350352
2.990000 2.789883 4.355352
2.995000 2.791680 4.360273
3.000000 2.793555 4.365195
3.005000 2.795430 4.370195
3.010000 2.797305 4.375117
3.015000 2.799180 4.380039
3.020000 2.800977 4.385039
3.025000 2.802852 4.389961
3.030000 2.804727 4.394961
3.035000 2.806602 4.399883
3.040000 2.808477 4.404883
3.045000 2.810352 4.409805
3.050000 2.812227 4.414805
3.055000 2.814102 4.419727
3.060000 2.816055 4.424727
3.065000 2.817930 4.429727
3.070000 2.819805 4.434648
3.075000 2.821680 4.439648
3.080000 2.823633 4.444648
3.085000 2.825508 4.449570
3.090000 2.827383 4.454570
3.095000 2.829336 4.459570
3.100000 2.831211 4.464570
3.105000 2.833164 4.469570
3.110000 2.835039 4.474492
3.115000 2.836992 4.479492
3.120000 2.838867 4.484492
3.125000 2.840820 4.489492
3.130000 2.842773 4.494492
3.135000 2.844727 4.499492
3.140000 2.846602 4.504492
3.145000 2.848555 4.509492
3.150000 2.850508 4.514492
3.155000 2.852461 4.519492
3.160000 2.854414 4.524570
3.165000 2.856367 4.529570
3.170000 2.858320 4.534570
3.175000 2.860273 4.539570
3.180000 2.862227 4.544570
3.185000 2.864180 4.549648
3.190000 2.866133 4.554648
3.195000 2.868086 4.559648
3.200000 2.870039 4.564648
3.205000 2.872070 4.569727
3.210000 2.874023 4.574727
3.215000 2.875977 4.579805
3.220000 2.878008 4.584805
3.225000 2.879961 4.589805
3.230000 2.881992 4.594883
3.235000 2.883945 4.599883
3.240000 2.885977 4.604961
3.245000 2.887930 4.609961
3.250000 2.889961 4.615039
3.255000 2.891914 4.620117
3.260000 2.893945 4.625117
3.265000 2.895977 4.630195
3.270000 2.897930 4.635273
3.275000 2.899961 4.640273
3.280000 2.901992 4.645352
3.285000 2.904023 4.650430
3.290000 2.906055 4.655430
3.295000 2.908086 4.660508
3.300000 2.910117 4.665586
3.305000 2.912148 4.670664
3.310000 2.914180 4.675742
3.315000 2.916211 4.680820
3.320000 2.918242 4.685898
3.325000 2.920273 4.690898
3.330000 2.922305 4.695977
3.335000 2.924414 4.701055
3.340000 2.926445 4.706133
3.345000 2.928477 4.711211
3.350000 2.930586 4.716289
3.355000 2.932617 4.721445
3.360000 2.934648 4.726523
3.365000 2.936758 4.731602
3.370000 2.938789 4.736680
3.375000 2.940898 4.741758
3.380000 2.943008 4.746836
3.385000 2.945039 4.751914
3.390000 2.947148 4.757070
3.395000 2.949258 4.762148
3.400000 2.951289 4.767227
3.405000 2.953398 4.772383
3.410000 2.955508 4.777461
3.415000 2.957617 4.782539
3.420000 2.959727 4.787695
3.425000 2.961836 4.792773
3.430000 2.963867 4.797852
3.435000 2.965977 4.803008
3.440000 2.968164 4.808086
3.445000 2.970273 4.813242
3.450000 2.972383 4.818320
3.455000 2.974492 4.823477
3.460000 2.976602 4.828633
3.465000 2.978711 4.833711
3.470000 2.980898 4.838867
3.475000 2.983008 4.843945
3.480000 2.985117 4.849102
3.485000 2.987305 4.854258
3.490000 2.989414 4.859336
3.495000 2.991523 4.864492
3.500000 2.993711 4.869648
3.505000 2.995898 4.874805
3.510000 2.998008 4.879961
3.515000 3.000195 4.885039
3.520000 3.002305 4.890195
3.525000 3.004492 4.895352
3.530000 3.006680 4.900508
3.535000 3.008867 4.905664
3.540000 3.010977 4.910820
3.545000 3.013164 4.915977
3.550000 3.015352 4.921133
3.555000 3.017539 4.926289
3.560000 3.019727 4.931445
3.565000 3.021914 4.936602
3.570000 3.024102 4.941758
3.575000 3.026289 4.946914
3.580000 3.028477 4.952070
3.585000 3.030664 4.957227
3.590000 3.032852 4.962461
3.595000 3.035117 4.967617
3.600000 3.037305 4.972773
3.605000 3.039492 4.977930
3.610000 3.041758 4.983086
3.615000 3.043945 4.988320
3.620000 3.046133 4.993477
3.625000 3.048398 4.998633
3.630000 3.050586 5.003867
3.635000 3.052852 5.009023
3.640000 3.055039 5.014180
3.645000 3.057305 5.019414
3.650000 3.059570 5.024570
3.655000 3.061758 5.029805
3.660000 3.064023 5.034961
3.665000 3.066289 5.040195
3.670000 3.068555 5.045352
3.675000 3.070742 5.050586
3.680000 3.073008 5.055742
3.685000 3.075273 5.060977
3.690000 3.077539 5.066211
3.695000 3.079805 5.071367
3.700000 3.082070 5.076602
3.705000 3.084336 5.081836
3.710000 3.086602 5.086992
3.715000 3.088867 5.092227
3.720000 3.091211 5.097461
3.725000 3.093477 5.102695
3.730000 3.095742 5.107852
3.735000 3.098008 5.113086
3.740000 3.100352 5.118320
3.745000 3.102617 5.123555
3.750000 3.104961 5.128789
3.755000 3.107227 5.134023
3.760000 3.109492 5.139258
3.765000 3.111836 5.144492
3.770000 3.114180 5.149727
3.775000 3.116445 5.154961
3.780000 3.118789 5.160195
3.785000 3.121055 5.165430
3.790000 3.123398 5.170664
3.795000 3.125742 5.175898
3.800000 3.128086 5.181133
3.805000 3.130430 5.186367
3.810000 3.132695 5.191602
3.815000 3.135039 5.196836
3.820000 3.137383 5.202148
3.825000 3.139727 5.207383
3.830000 3.142070 5.212617
3.835000 3.144414 5.217852
3.840000 3.146836 5.223164
3.845000 3.149180 5.228398
3.850000 3.151523 5.233633
3.855000 3.153867 5.238945
3.860000 3.156211 5.244180
3.865000 3.158633 5.249414
3.870000 3.160977 5.254727
3.875000 3.163320 5.259961
3.880000 3.165742 5.265273
3.885000 3.168086 5.270508
3.890000 3.170508 5.275820
3.895000 3.172852 5.281055
3.900000 3.175273 5.286367
3.905000 3.177617 5.291602
3.910000 3.180039 5.296914
3.915000 3.182461 5.302227
3.920000 3.184805 5.307461
3.925000 3.187227 5.312773
3.930000 3.189648 5.318086
3.935000 3.192070 5.323320
3.940000 3.194492 5.328633
3.945000 3.196914 5.333945
3.950000 3.199336 5.339180
3.955000 3.201758 5.344492
3.960000 3.204180 5.349805
3.965000 3.206602 5.355117
3.970000 3.209023 5.360430
3.975000 3.211445 5.365742
3.980000 3.213867 5.370977
3.985000 3.216289 5.376289
3.990000 3.218789 5.381602
3.995000 3.221211 5.386914
4.000000 3.223633 5.392227
4.005000 3.226133 5.397539
4.010000 3.228555 5.402852
4.015000 3.231055 5.408164
4.020000 3.233477 5.413477
4.025000 3.235977 5.418789
4.030000 3.238398 5.424180
4.035000 3.240898 5.429492
4.040000 3.243398 5.434805
4.045000 3.245820 5.440117
4.050000 3.248320 5.445430
4.055000 3.250820 5.450742
4.060000 3.253320 5.456133
4.065000 3.255742 5.461445
4.070000 3.258242 5.466758
4.075000 3.260742 5.472148
4.080000 3.263242 5.477461
4.085000 3.265742 5.482773
4.090000 3.268242 5.488164
4.095000 3.270742 5.493477
4.100000 3.273320 5.498789
4.105000 3.275820 5.504180
4.110000 3.278320 5.509492
4.115000 3.280820 5.514883
4.120000 3.283398 5.520195
4.125000 3.285898 5.525586
4.130000 3.288398 5.530898
4.135000 3.290977 5.536289
4.140000 3.293477 5.541602
4.145000 3.296055 5.546992
4.150000 3.298555 5.552383
4.155000 3.301133 5.557695
4.160000 3.303633 5.563086
4.165000 3.306211 5.568398
4.170000 3.308789 5.573789
4.175000 3.311289 5.579180
