0.0900000010 0.0458992139 0.9991308740 2.1020128857 2.4760364307
0.1800000010 0.0911363330 0.9967545654 2.1079412549 2.4858592529
0.2700000010 0.1350567920 0.9935540186 2.1174846729 2.5017851807
0.3600000010 0.1770797314 0.9906296338 2.1302278467 2.5232285596
0.4500000010 0.2169724658 0.9894295166 2.1457260107 2.5495034619
0.5400000010 0.2563699365 0.9916238232 2.1635705518 2.5799041553
0.6300000010 0.2912351611 0.9989039111 2.1834234131 2.6137647998
0.7200000010 0.3155401025 1.0127151904 2.2050242725 2.6504951709
0.8100000010 0.3265453955 1.0339914111 2.2281805029 2.6895965479
0.9000000010 0.3226896436 1.0630012939 2.2527493604 2.7306639795
0.9900000010 0.3154543994 1.0993788818 2.2786184522 2.7733804834
1.0800000010 0.2894693311 1.1423023682 2.3056874658 2.8175073584
1.1700000010 0.2504797803 1.1907129346 2.3338516162 2.8628731592
1.2600000010 0.2024089404 1.2434823389 2.3629863525 2.9093629346
1.3500000010 0.1485938330 1.2994964697 2.3929316943 2.9569083154
1.4400000010 0.0929027002 1.3576618018 2.4234740772 3.0054791748
1.5300000010 0.0485045654 1.4168432764 2.4543222119 3.0550766748
