0.0001000000 1.0000000049
0.0011000000 1.0000006006
0.0021000000 1.0000022021
0.0031000000 1.0000048096
0.0041000000 1.0000084033
0.0051000000 1.0000130029
0.0061000000 1.0000186084
0.0071000000 1.0000252100
0.0081000000 1.0000328076
0.0091000000 1.0000414111
0.0101000000 1.0000510107
0.0111000000 1.0000616064
0.0121000000 1.0000732080
0.0131000000 1.0000858154
0.0141000000 1.0000994092
0.0151000000 1.0001140186
0.0161000000 1.0001296143
0.0171000000 1.0001462256
0.0181000000 1.0001638232
0.0191000000 1.0001824268
0.0201000000 1.0002020361
0.0211000000 1.0002226416
0.0221000000 1.0002442529
0.0231000000 1.0002668604
0.0241000000 1.0002904736
0.0251000000 1.0003150830
0.0261000000 1.0003406982
0.0271000000 1.0003673096
0.0281000000 1.0003949268
0.0291000000 1.0004235400
0.0301000000 1.0004531592
0.0311000000 1.0004837842
0.0321000000 1.0005154150
0.0331000000 1.0005480322
0.0341000000 1.0005816650
0.0351000000 1.0006162939
0.0361000000 1.0006519287
0.0371000000 1.0006885693
0.0381000000 1.0007262158
0.0391000000 1.0007648584
0.0401000000 1.0008045068
0.0411000000 1.0008451611
0.0421000000 1.0008868115
0.0431000000 1.0009294678
0.0441000000 1.0009731396
0.0451000000 1.0010178076
0.0461000000 1.0010634814
0.0471000000 1.0011101514
0.0481000000 1.0011578369
0.0491000000 1.0012065283
0.0501000000 1.0012562256
0.0511000000 1.0013069189
0.0521000000 1.0013586279
0.0531000000 1.0014113428
0.0541000000 1.0014650537
0.0551000000 1.0015197803
0.0561000000 1.0015755127
0.0571000000 1.0016322607
0.0581000000 1.0016900049
0.0591000000 1.0017487549
0.0601000000 1.0018085205
0.0611000000 1.0018692920
0.0621000000 1.0019310693
0.0631000000 1.0019938623
0.0641000000 1.0020576611
0.0651000000 1.0021224658
0.0661000000 1.0021882861
0.0671000000 1.0022551123
0.0681000000 1.0023229443
0.0691000000 1.0023917920
0.0701000000 1.0024616553
0.0711000000 1.0025325244
0.0721000000 1.0026044092
0.0731000000 1.0026772998
0.0741000000 1.0027512061
0.0751000000 1.0028261279
0.0761000000 1.0029020557
0.0771000000 1.0029789990
0.0781000000 1.0030569580
0.0791000000 1.0031359326
0.0801000000 1.0032159229
0.0811000000 1.0032969189
0.0821000000 1.0033789404
0.0831000000 1.0034619678
0.0841000000 1.0035460205
0.0851000000 1.0036310791
0.0861000000 1.0037171631
0.0871000000 1.0038042627
0.0881000000 1.0038923779
0.0891000000 1.0039815088
0.0901000000 1.0040716553
0.0911000000 1.0041628271
0.0921000000 1.0042550146
0.0931000000 1.0043482178
0.0941000000 1.0044424463
0.0951000000 1.0045376904
0.0961000000 1.0046339600
0.0971000000 1.0047312451
0.0981000000 1.0048295557
0.0991000000 1.0049288916
0.1001000000 1.0050292432
0.1011000000 1.0051306201
0.1021000000 1.0052330225
0.1031000000 1.0053364404
0.1041000000 1.0054408838
0.1051000000 1.0055463623
0.1061000000 1.0056528564
0.1071000000 1.0057603760
0.1081000000 1.0058689209
0.1091000000 1.0059785010
0.1101000000 1.0060890967
0.1111000000 1.0062007275
0.1121000000 1.0063133838
0.1131000000 1.0064270654
0.1141000000 1.0065417822
0.1151000000 1.0066575244
0.1161000000 1.0067742920
0.1171000000 1.0068920947
0.1181000000 1.0070109326
0.1191000000 1.0071307959
0.1201000000 1.0072516846
0.1211000000 1.0073736182
0.1221000000 1.0074965771
0.1231000000 1.0076205713
0.1241000000 1.0077456006
0.1251000000 1.0078716650
0.1261000000 1.0079987549
0.1271000000 1.0081268896
0.1281000000 1.0082560596
0.1291000000 1.0083862646
0.1301000000 1.0085175049
0.1311000000 1.0086497900
0.1321000000 1.0087831104
0.1331000000 1.0089174658
0.1341000000 1.0090528564
0.1351000000 1.0091892920
0.1361000000 1.0093267725
0.1371000000 1.0094652881
0.1381000000 1.0096048486
0.1391000000 1.0097454443
0.1401000000 1.0098870947
0.1411000000 1.0100297803
0.1421000000 1.0101735107
0.1431000000 1.0103182861
0.1441000000 1.0104641064
0.1451000000 1.0106109717
0.1461000000 1.0107588818
0.1471000000 1.0109078467
0.1481000000 1.0110578467
0.1491000000 1.0112089014
0.1501000000 1.0113610107
0.1511000000 1.0115141650
0.1521000000 1.0116683643
0.1531000000 1.0118236182
0.1541000000 1.0119799268
0.1551000000 1.0121372803
0.1561000000 1.0122956885
0.1571000000 1.0124551514
0.1581000000 1.0126156689
0.1591000000 1.0127772314
0.1601000000 1.0129398584
0.1611000000 1.0131035400
0.1621000000 1.0132682764
0.1631000000 1.0134340674
0.1641000000 1.0136009229
0.1651000000 1.0137688330
0.1661000000 1.0139377979
0.1671000000 1.0141078271
0.1681000000 1.0142789111
0.1691000000 1.0144510596
0.1701000000 1.0146242725
0.1711000000 1.0147985498
0.1721000000 1.0149738818
0.1731000000 1.0151502783
0.1741000000 1.0153277490
0.1751000000 1.0155062744
0.1761000000 1.0156858643
0.1771000000 1.0158665283
0.1781000000 1.0160482568
0.1791000000 1.0162310498
0.1801000000 1.0164149072
0.1811000000 1.0165998389
0.1821000000 1.0167858447
0.1831000000 1.0169729150
0.1841000000 1.0171610596
0.1851000000 1.0173502783
0.1861000000 1.0175405615
0.1871000000 1.0177319287
0.1881000000 1.0179243604
0.1891000000 1.0181178662
0.1901000000 1.0183124561
0.1911000000 1.0185081201
0.1921000000 1.0187048584
0.1931000000 1.0189026709
0.1941000000 1.0191015674
0.1951000000 1.0193015381
0.1961000000 1.0195025928
0.1971000000 1.0197047217
0.1981000000 1.0199079346
0.1991000000 1.0201122314
0.2001000000 1.0203176123
0.2011000000 1.0205240674
0.2021000000 1.0207316162
0.2031000000 1.0209402490
0.2041000000 1.0211499658
0.2051000000 1.0213607666
0.2061000000 1.0215726611
0.2071000000 1.0217856396
0.2081000000 1.0219997021
0.2091000000 1.0222148584
0.2101000000 1.0224311084
0.2111000000 1.0226484424
0.2121000000 1.0228668701
0.2131000000 1.0230863916
0.2141000000 1.0233069971
0.2151000000 1.0235287061
0.2161000000 1.0237515088
0.2171000000 1.0239754053
0.2181000000 1.0242003955
0.2191000000 1.0244264893
0.2201000000 1.0246536768
0.2211000000 1.0248819580
0.2221000000 1.0251113525
0.2231000000 1.0253418311
0.2241000000 1.0255734131
0.2251000000 1.0258061084
0.2261000000 1.0260398975
0.2271000000 1.0262747900
0.2281000000 1.0265107861
0.2291000000 1.0267478857
0.2301000000 1.0269860889
0.2311000000 1.0272253955
0.2321000000 1.0274658154
0.2331000000 1.0277073389
0.2341000000 1.0279499756
0.2351000000 1.0281937158
0.2361000000 1.0284385693
0.2371000000 1.0286845361
0.2381000000 1.0289316162
0.2391000000 1.0291797998
0.2401000000 1.0294290967
0.2411000000 1.0296795166
0.2421000000 1.0299310400
0.2431000000 1.0301836865
0.2441000000 1.0304374463
0.2451000000 1.0306923193
0.2461000000 1.0309483154
0.2471000000 1.0312054346
0.2481000000 1.0314636670
0.2491000000 1.0317230127
0.2501000000 1.0319834912
0.2511000000 1.0322450830
0.2521000000 1.0325077979
0.2531000000 1.0327716357
0.2541000000 1.0330366064
0.2551000000 1.0333026904
0.2561000000 1.0335699072
0.2571000000 1.0338382471
0.2581000000 1.0341077100
0.2591000000 1.0343783057
0.2601000000 1.0346500342
0.2611000000 1.0349228857
0.2621000000 1.0351968701
0.2631000000 1.0354719775
0.2641000000 1.0357482275
0.2651000000 1.0360256006
0.2661000000 1.0363041162
0.2671000000 1.0365837549
0.2681000000 1.0368645361
0.2691000000 1.0371464502
0.2701000000 1.0374295068
0.2711000000 1.0377136865
0.2721000000 1.0379990186
0.2731000000 1.0382854834
0.2741000000 1.0385730811
0.2751000000 1.0388618311
0.2761000000 1.0391517139
0.2771000000 1.0394427393
0.2781000000 1.0397349072
0.2791000000 1.0400282178
0.2801000000 1.0403226807
0.2811000000 1.0406182764
0.2821000000 1.0409150244
0.2831000000 1.0412129150
0.2841000000 1.0415119580
0.2851000000 1.0418121436
0.2861000000 1.0421134814
0.2871000000 1.0424159619
0.2881000000 1.0427195947
0.2891000000 1.0430243799
0.2901000000 1.0433303174
0.2911000000 1.0436374072
0.2921000000 1.0439456494
0.2931000000 1.0442550439
0.2941000000 1.0445656006
0.2951000000 1.0448772998
0.2961000000 1.0451901611
0.2971000000 1.0455041846
0.2981000000 1.0458193604
0.2991000000 1.0461356885
