0.0101000000 0.0085399756
0.0191000000 0.0161481006
0.0211000000 0.0178384131
0.0231000000 0.0195285400
0.0251000000 0.0212184814
0.0271000000 0.0229081982
0.0281000000 0.0237529834
0.0291000000 0.0245977002
0.0301000000 0.0254423584
0.0311000000 0.0262869482
0.0321000000 0.0271314795
0.0331000000 0.0279759424
0.0341000000 0.0288203369
0.0351000000 0.0296646631
0.0361000000 0.0305089111
0.0371000000 0.0313530811
0.0381000000 0.0321971729
0.0391000000 0.0330411865
0.0401000000 0.0338851221
0.0411000000 0.0347289697
0.0421000000 0.0355727295
0.0431000000 0.0364164014
0.0441000000 0.0372599854
0.0451000000 0.0381034717
0.0461000000 0.0389468701
0.0471000000 0.0397901709
0.0481000000 0.0406333740
0.0491000000 0.0414764697
0.0501000000 0.0423194678
0.0511000000 0.0431623584
0.0521000000 0.0440051416
0.0531000000 0.0448478174
0.0541000000 0.0456903760
0.0551000000 0.0465328271
0.0561000000 0.0473751611
0.0571000000 0.0482173779
0.0581000000 0.0490594775
0.0591000000 0.0499014502
0.0601000000 0.0507433057
0.0611000000 0.0515850342
0.0621000000 0.0524266260
0.0631000000 0.0532681006
0.0641000000 0.0541094287
0.0651000000 0.0549506299
0.0661000000 0.0557917041
0.0671000000 0.0566326221
0.0681000000 0.0574734131
0.0691000000 0.0583140576
0.0701000000 0.0591545557
0.0711000000 0.0599949072
0.0721000000 0.0608351123
0.0731000000 0.0616751611
0.0741000000 0.0625150537
0.0751000000 0.0633547998
0.0761000000 0.0641943896
0.0771000000 0.0650338135
0.0781000000 0.0658730811
0.0791000000 0.0667121826
0.0801000000 0.0675511182
0.0811000000 0.0683898877
0.0821000000 0.0692284912
0.0831000000 0.0700669189
0.0841000000 0.0709051709
0.0851000000 0.0717432471
0.0861000000 0.0725811475
0.0871000000 0.0734188721
0.0881000000 0.0742564111
0.0891000000 0.0750937646
0.0901000000 0.0759309326
0.0911000000 0.0767679150
0.0921000000 0.0776047021
0.0931000000 0.0784413037
0.0941000000 0.0792777002
0.0951000000 0.0801139111
0.0961000000 0.0809499170
0.0971000000 0.0817857178
0.0981000000 0.0826213232
0.0991000000 0.0834567236
0.1001000000 0.0842919189
0.1011000000 0.0851268994
0.1021000000 0.0859616748
0.1031000000 0.0867962354
0.1041000000 0.0876305811
0.1051000000 0.0884647021
0.1061000000 0.0892986182
0.1071000000 0.0901322998
0.1081000000 0.0909657666
0.1091000000 0.0917989990
0.1101000000 0.0926320166
0.1111000000 0.0934647998
0.1121000000 0.0942973486
0.1131000000 0.0951296631
0.1141000000 0.0959617432
0.1151000000 0.0967935889
0.1161000000 0.0976251904
0.1171000000 0.0984565576
0.1181000000 0.0992876709
0.1191000000 0.1001185400
0.1201000000 0.1009491650
0.1211000000 0.1017795459
0.1221000000 0.1026096631
0.1231000000 0.1034395361
0.1241000000 0.1042691455
0.1251000000 0.1050985010
0.1261000000 0.1059276025
0.1271000000 0.1067564307
0.1281000000 0.1075850049
0.1291000000 0.1084133057
0.1301000000 0.1092413428
0.1311000000 0.1100691064
0.1321000000 0.1108965967
0.1331000000 0.1117238135
0.1341000000 0.1125507568
0.1351000000 0.1133774170
0.1361000000 0.1142038037
0.1371000000 0.1150299072
0.1381000000 0.1158557178
0.1391000000 0.1166812549
0.1401000000 0.1175064893
0.1411000000 0.1183314502
0.1421000000 0.1191561084
0.1431000000 0.1199804736
0.1441000000 0.1208045361
0.1451000000 0.1216283057
0.1461000000 0.1224517822
0.1471000000 0.1232749463
0.1481000000 0.1240978076
0.1491000000 0.1249203662
0.1501000000 0.1257426221
0.1511000000 0.1265645557
0.1521000000 0.1273861865
0.1531000000 0.1282074951
0.1541000000 0.1290284912
0.1551000000 0.1298491650
0.1561000000 0.1306695264
0.1571000000 0.1314895557
0.1581000000 0.1323092725
0.1591000000 0.1331286572
0.1601000000 0.1339477100
0.1611000000 0.1347664404
0.1621000000 0.1355848291
0.1631000000 0.1364028955
0.1641000000 0.1372206201
0.1651000000 0.1380380029
0.1661000000 0.1388550439
0.1671000000 0.1396717529
0.1681000000 0.1404881104
0.1691000000 0.1413041260
0.1701000000 0.1421197900
0.1711000000 0.1429351123
0.1721000000 0.1437500732
0.1731000000 0.1445646826
0.1741000000 0.1453789404
0.1751000000 0.1461928369
0.1761000000 0.1470063818
0.1771000000 0.1478195557
0.1781000000 0.1486323682
0.1791000000 0.1494448193
0.1801000000 0.1502568994
0.1811000000 0.1510686084
0.1821000000 0.1518799463
0.1831000000 0.1526909131
0.1841000000 0.1535015088
0.1851000000 0.1543117236
0.1861000000 0.1551215674
0.1871000000 0.1559310205
0.1881000000 0.1567400928
0.1891000000 0.1575487842
0.1901000000 0.1583570850
0.1911000000 0.1591650049
0.1921000000 0.1599725244
0.1931000000 0.1607796533
0.1941000000 0.1615863916
0.1951000000 0.1623927393
0.1961000000 0.1631986768
0.1971000000 0.1640042236
0.1981000000 0.1648093701
0.1991000000 0.1656141064
0.2001000000 0.1664184424
0.2011000000 0.1672223682
0.2021000000 0.1680258838
0.2031000000 0.1688289893
0.2041000000 0.1696316846
0.2051000000 0.1704339697
0.2061000000 0.1712358252
0.2071000000 0.1720372705
0.2081000000 0.1728382959
0.2091000000 0.1736389014
0.2101000000 0.1744390771
0.2111000000 0.1752388232
0.2121000000 0.1760381494
0.2131000000 0.1768370459
0.2141000000 0.1776355127
0.2151000000 0.1784335400
0.2161000000 0.1792311377
0.2171000000 0.1800282959
0.2181000000 0.1808250146
0.2191000000 0.1816212939
0.2201000000 0.1824171338
0.2211000000 0.1832125244
0.2221000000 0.1840074658
0.2231000000 0.1848019678
0.2241000000 0.1855960205
0.2251000000 0.1863896143
0.2261000000 0.1871827588
0.2271000000 0.1879754541
0.2281000000 0.1887676904
0.2291000000 0.1895594580
0.2301000000 0.1903507764
0.2311000000 0.1911416260
0.2321000000 0.1919320166
0.2331000000 0.1927219385
0.2341000000 0.1935114014
0.2351000000 0.1943003857
0.2361000000 0.1950889014
0.2371000000 0.1958769482
0.2381000000 0.1966645166
0.2391000000 0.1974516064
0.2401000000 0.1982382275
0.2411000000 0.1990243604
0.2421000000 0.1998100146
0.2431000000 0.2005951904
0.2441000000 0.2013798779
0.2451000000 0.2021640771
0.2461000000 0.2029477881
0.2471000000 0.2037310107
0.2481000000 0.2045137451
0.2491000000 0.2052959814
0.2501000000 0.2060777295
0.2511000000 0.2068589697
0.2521000000 0.2076397217
0.2531000000 0.2084199756
0.2541000000 0.2091997217
0.2551000000 0.2099789600
0.2561000000 0.2107577002
0.2571000000 0.2115359326
0.2581000000 0.2123136572
0.2591000000 0.2130908740
0.2601000000 0.2138675732
0.2611000000 0.2146437646
0.2621000000 0.2154194385
0.2631000000 0.2161945947
0.2641000000 0.2169692334
0.2651000000 0.2177433545
0.2661000000 0.2185169482
0.2671000000 0.2192900244
0.2681000000 0.2200625830
0.2691000000 0.2208346045
0.2701000000 0.2216060986
0.2711000000 0.2223770654
0.2721000000 0.2231475049
0.2731000000 0.2239174072
0.2741000000 0.2246867822
0.2751000000 0.2254556201
0.2761000000 0.2262239111
0.2771000000 0.2269916748
0.2781000000 0.2277588916
0.2791000000 0.2285255713
0.2801000000 0.2292917041
0.2811000000 0.2300572900
0.2821000000 0.2308223291
0.2831000000 0.2315868213
0.2841000000 0.2323507666
0.2851000000 0.2331141650
0.2861000000 0.2338770068
0.2871000000 0.2346392920
0.2881000000 0.2354010205
0.2891000000 0.2361622021
0.2901000000 0.2369228174
0.2911000000 0.2376828760
0.2921000000 0.2384423682
0.2931000000 0.2392013037
0.2941000000 0.2399596631
0.2951000000 0.2407174658
0.2961000000 0.2414747021
0.2971000000 0.2422313721
0.2981000000 0.2429874658
0.2991000000 0.2437429932
