0.0001000000 1.0000000039
0.0101000000 1.0000194570
0.0201000000 1.0000770664
0.0301000000 1.0001728711
0.0401000000 1.0003069258
0.0501000000 1.0004793008
0.0601000000 1.0006901133
0.0701000000 1.0009394648
0.0801000000 1.0012275117
0.0901000000 1.0015544102
0.1001000000 1.0019203633
0.1101000000 1.0023255586
0.1201000000 1.0027702305
0.1301000000 1.0032546289
0.1401000000 1.0037790195
0.1501000000 1.0043436758
0.1601000000 1.0049489102
0.1701000000 1.0055950430
0.1801000000 1.0062824023
0.1901000000 1.0070113477
