0.2600000000 1.0133003883 2.1194301414 2.2792373543
0.2700000000 1.0143759041 2.1208898811 2.2809856758
0.2800000000 1.0154967537 2.1223957787 2.2827922020
0.2900000000 1.0166634178 2.1239470100 2.2846561928
0.3000000000 1.0178763542 2.1255427513 2.2865768852
0.3100000000 1.0191360512 2.1271821785 2.2885535240
0.3200000000 1.0204429893 2.1288644600 2.2905853615
0.3300000000 1.0217976494 2.1305887794 2.2926716118
0.3400000000 1.0232005272 2.1323543129 2.2948115120
0.3500000000 1.0246521111 2.1341602440 2.2970042992
0.3600000000 1.0261528816 2.1360057564 2.2992491875
0.3700000000 1.0277033348 2.1378900566 2.3015454063
0.3800000000 1.0293039436 2.1398123436 2.3038921928
0.3900000000 1.0309552116 2.1417718239 2.3062887764
0.4000000000 1.0326575966 2.1437677345 2.3087343941
0.4100000000 1.0344115791 2.1457993050 2.3112282753
0.4200000000 1.0362176247 2.1478657799 2.3137696800
0.4300000000 1.0380761909 2.1499664192 2.3163578529
0.4400000000 1.0399877357 2.1521005058 2.3189920464
0.4500000000 1.0419526863 2.1542673149 2.3216715202
0.4600000000 1.0439714775 2.1564661598 2.3243955650
0.4700000000 1.0460445213 2.1586963463 2.3271634483
0.4800000000 1.0481722374 2.1609572182 2.3299744682
0.4900000000 1.0503550148 2.1632481270 2.3328279152
0.5000000000 1.0525932198 2.1655684319 2.3357231026
0.5100000000 1.0548872261 2.1679175148 2.3386593437
0.5200000000 1.0572373772 2.1702947731 2.3416359825
0.5300000000 1.0596440086 2.1726996269 2.3446523476
0.5400000000 1.0621074257 2.1751315117 2.3477077980
0.5500000000 1.0646279259 2.1775898705 2.3508016930
