0.2000000000 0.0735477867
0.2100000000 0.0771762810
0.2200000000 0.0807983894
0.2300000000 0.0844139900
0.2400000000 0.0880230064
0.2500000000 0.0916253929
0.2600000000 0.0952211342
0.2700000000 0.0988102684
0.2800000000 0.1023928566
0.2900000000 0.1059690132
0.3000000000 0.1095389137
0.3100000000 0.1131027718
0.3200000000 0.1166608696
0.3300000000 0.1202135429
0.3400000000 0.1237612114
0.3500000000 0.1273043633
0.3600000000 0.1308435707
0.3700000000 0.1343795052
0.3800000000 0.1379129448
0.3900000000 0.1414447899
0.4000000000 0.1449760628
0.4100000000 0.1485079536
0.4200000000 0.1520418358
0.4300000000 0.1555792885
0.4400000000 0.1591221581
0.4500000000 0.1626725883
0.4600000000 0.1662331581
0.4700000000 0.1698069572
0.4800000000 0.1733978004
0.4900000000 0.1770106392
0.5000000000 0.1806522026
0.5100000000 0.1843328209
0.5200000000 0.1880730858
0.5300000000 0.1918935432
0.5400000000 0.1956219292
0.5500000000 0.1992909584
