0.9700000000 0.3460882454 0.3869442940 1.2227336159 2.2996652031 2.5087996101
0.9800000000 0.3496568260 0.3915891685 1.2276812248 2.3029406624 2.5131105919
0.9900000000 0.3532412987 0.3962185478 1.2326777992 2.3062309608 2.5174432487
1.0000000000 0.3568429222 0.4008383141 1.2377227516 2.3095359993 2.5217974129
1.0100000000 0.3604630241 0.4054504890 1.2428154640 2.3128556633 2.5261729317
1.0200000000 0.3641029625 0.4100558510 1.2479553337 2.3161898689 2.5305696373
1.0300000000 0.3677641716 0.4146546364 1.2531417351 2.3195385017 2.5349874001
1.0400000000 0.3714481087 0.4192467308 1.2583740273 2.3229014702 2.5394260826
1.0500000000 0.3751563225 0.4238318214 1.2636515694 2.3262786827 2.5438855553
1.0600000000 0.3788903923 0.4284094200 1.2689737053 2.3296700249 2.5483656883
1.0700000000 0.3826519661 0.4329789238 1.2743397789 2.3330754204 2.5528663750
1.0800000000 0.3864427605 0.4375396156 1.2797491112 2.3364947548 2.5573875084
1.0900000000 0.3902645531 0.4420906944 1.2852010231 2.3399279289 2.5619289742
1.1000000000 0.3941191902 0.4466312599 1.2906948357 2.3433748589 2.5664906883
1.1100000000 0.3980086098 0.4511603203 1.2962298546 2.3468354301 2.5710725594
1.1200000000 0.4019348183 0.4556767921 1.3018053627 2.3503095512 2.5756745110
1.1300000000 0.4058998985 0.4601795158 1.3074206734 2.3537971077 2.5802964592
1.1400000000 0.4099060707 0.4646671944 1.3130750542 2.3572980003 2.5849383430
1.1500000000 0.4139556160 0.4691384468 1.3187677879 2.3608121223 2.5896001015
1.1600000000 0.4180509682 0.4735917625 1.3244981499 2.3643393593 2.5942816734
1.1700000000 0.4221946678 0.4780254936 1.3302653999 2.3678795967 2.5989830208
1.1800000000 0.4263894234 0.4824378319 1.3360688057 2.3714327278 2.6037040901
1.1900000000 0.4306380959 0.4868268089 1.3419076195 2.3749986305 2.6084448662
1.2000000000 0.4349437599 0.4911902504 1.3477810860 2.3785771751 2.6132053032
1.2100000000 0.4393096886 0.4955257530 1.3536884499 2.3821682472 2.6179853935
1.2200000000 0.4437394295 0.4998306465 1.3596289406 2.3857717094 2.6227851143
1.2300000000 0.4482368355 0.5041019402 1.3656018028 2.3893874245 2.6276044731
1.2400000000 0.4528061333 0.5083362694 1.3716062508 2.3930152550 2.6324434624
1.2500000000 0.4574519691 0.5125298195 1.3776415138 2.3966550560 2.6373021049
1.2600000000 0.4621795464 0.5166782341 1.3837067986 2.4003066826 2.6421804085
1.2700000000 0.4669947166 0.5207764778 1.3898013115 2.4039699821 2.6470784111
1.2800000000 0.4719041634 0.5248186607 1.3959242668 2.4076447868 2.6519961357
1.2900000000 0.4769156380 0.5287978477 1.4020748405 2.4113309288 2.6569336510
1.3000000000 0.4820382423 0.5327056770 1.4082522392 2.4150282478 2.6618909874
1.3100000000 0.4872829018 0.5365320015 1.4144556313 2.4187365456 2.6668682365
1.3200000000 0.4926630440 0.5402641335 1.4206842003 2.4224556541 2.6718654671
1.3300000000 0.4981955299 0.5438859138 1.4269371071 2.4261853676 2.6768827705
1.3400000000 0.5039023476 0.5473760719 1.4332135277 2.4299254875 2.6819202538
1.3500000000 0.5098132515 0.5507055168 1.4395125923 2.4336758080 2.6869780388
1.3600000000 0.5159707527 0.5538324089 1.4458334541 2.4374361076 2.6920562706
1.3700000000 0.5224400520 0.5566921730 1.4521752434 2.4412061653 2.6971551018
1.3800000000 0.5293322182 0.5591743507 1.4585370903 2.4449857292 2.7022747154
1.3900000000 0.5368719444 0.5610548439 1.4649181099 2.4487745705 2.7074153099
1.4000000000 0.5457081795 0.5616852760 1.4713173866 2.4525724297 2.7125771217
