0.5600000000 0.2029212608 1.0672057838 2.1800741692 2.3539334145
0.5700000000 0.2065236931 1.0698412514 2.1825838966 2.3571023369
0.5800000000 0.2101049309 1.0725345802 2.1851185417 2.3603078728
0.5900000000 0.2136693459 1.0752859688 2.1876776314 2.3635494270
0.6000000000 0.2172199211 1.0780956230 2.1902606926 2.3668264198
0.6100000000 0.2207587624 1.0809637108 2.1928672752 2.3701382866
0.6200000000 0.2242874336 1.0838903923 2.1954969368 2.3734844780
0.6300000000 0.2278071022 1.0868757820 2.1981492653 2.3768644600
0.6400000000 0.2313186836 1.0899199944 2.2008238487 2.3802776909
0.6500000000 0.2348229332 1.0930231133 2.2035203056 2.3837236671
0.6600000000 0.2383204689 1.0961851921 2.2062382469 2.3872018852
0.6700000000 0.2418118401 1.0994062767 2.2089773216 2.3907118416
0.6800000000 0.2452975273 1.1026863823 2.2117371864 2.3942530632
0.6900000000 0.2487779655 1.1060254936 2.2145174980 2.3978250847
0.7000000000 0.2522535896 1.1094235878 2.2173179436 2.4014274483
0.7100000000 0.2557248039 1.1128805885 2.2201382027 2.4050597191
0.7200000000 0.2591920052 1.1163964348 2.2229780006 2.4087214470
0.7300000000 0.2626555977 1.1199710197 2.2258370399 2.4124122276
0.7400000000 0.2661160011 1.1236042213 2.2287150536 2.4161316414
0.7500000000 0.2695736275 1.1272958794 2.2316117744 2.4198792992
0.7600000000 0.2730289116 1.1310458260 2.2345269737 2.4236548119
0.7700000000 0.2764823189 1.1348538780 2.2374603920 2.4274577980
0.7800000000 0.2799343147 1.1387198067 2.2404118080 2.4312878914
0.7900000000 0.2833853874 1.1426433830 2.2433810081 2.4351447487
0.8000000000 0.2868360710 1.1466243401 2.2463677864 2.4390280190
0.8100000000 0.2902868996 1.1506624031 2.2493719215 2.4429373741
0.8200000000 0.2937384529 1.1547572670 2.2523932457 2.4468724785
0.8300000000 0.2971913338 1.1589086189 2.2554315605 2.4508330345
0.8400000000 0.3006461754 1.1631161079 2.2584866905 2.4548187294
0.8500000000 0.3041036339 1.1673793755 2.2615584679 2.4588292732
0.8600000000 0.3075644188 1.1716980400 2.2646467400 2.4628643761
0.8700000000 0.3110292549 1.1760717125 2.2677513390 2.4669237709
0.8800000000 0.3144989128 1.1804999657 2.2708721199 2.4710071831
0.8900000000 0.3179741936 1.1849823647 2.2740089378 2.4751143684
0.9000000000 0.3214559441 1.1895184746 2.2771616554 2.4792450752
0.9100000000 0.3249450417 1.1941078072 2.2803301353 2.4833990669
0.9200000000 0.3284424019 1.1987498970 2.2835142632 2.4875760994
0.9300000000 0.3319489861 1.2034442329 2.2867138939 2.4917759743
0.9400000000 0.3354658012 1.2081903114 2.2899289207 2.4959984550
0.9500000000 0.3389938850 1.2129875984 2.2931592216 2.5002433510
0.9600000000 0.3425343208 1.2178355522 2.2964046898 2.5045104713
