1.4100000000 1.4777340279 2.4563790398 2.7177604179
1.4200000000 1.4841671104 2.4601941261 2.7229655037
1.4300000000 1.4906156883 2.4640173912 2.7281927376
1.4400000000 1.4970788155 2.4678485451 2.7334425316
1.4500000000 1.5035555305 2.4716872749 2.7387153893
1.4600000000 1.5100448418 2.4755332527 2.7440118828
1.4700000000 1.5165457573 2.4793861351 2.7493327599
1.4800000000 1.5230572472 2.4832455711 2.7546789131
1.4900000000 1.5295782661 2.4871112022 2.7600515404
1.5000000000 1.5361077690 2.4909826393 2.7654522667
1.5100000000 1.5426446495 2.4948594780 2.7708835106
1.5200000000 1.5491877937 2.4987412987 2.7763493462
1.5300000000 1.5557360649 2.5026276817 2.7818591118
1.5400000000 1.5622882805 2.5065181694 2.7874245186
1.5500000000 1.5688432350 2.5104122810 2.7929576836
1.5600000000 1.5753996925 2.5143095284 2.7984752922
1.5700000000 1.5819563484 2.5182094078 2.8039848747
1.5800000000 1.5885118980 2.5221113701 2.8094896736
1.5900000000 1.5950649529 2.5260148582 2.8149915047
1.6000000000 1.6016140938 2.5299192924 2.8204915047
1.6100000000 1.6081578407 2.5338240623 2.8259904442
1.6200000000 1.6146946526 2.5377285271 2.8314888344
1.6300000000 1.6212229195 2.5416320229 2.8369870338
1.6400000000 1.6277409554 2.5455338554 2.8424852943
1.6500000000 1.6342470055 2.5494333000 2.8479837837
1.6600000000 1.6407392159 2.5533295860 2.8534825935
1.6700000000 1.6472156334 2.5572219200 2.8589817772
1.6800000000 1.6536742058 2.5611094780 2.8644813576
1.6900000000 1.6601127434 2.5649913750 2.8699812965
1.7000000000 1.6665289345 2.5688667030 2.8754815636
1.7100000000 1.6729202995 2.5727345085 2.8809820824
1.7200000000 1.6792841988 2.5765937767 2.8864827538
1.7300000000 1.6856177940 2.5804434700 2.8919834862
1.7400000000 1.6919180183 2.5842824669 2.8974841576
1.7500000000 1.6981815681 2.5881096077 2.9029846306
1.7600000000 1.7044048271 2.5919236794 2.9084847603
1.7700000000 1.7105838509 2.5957234077 2.9139844017
1.7800000000 1.7167142906 2.5995074272 2.9194833870
1.7900000000 1.7227913551 2.6032743263 2.9249815483
1.8000000000 1.7288096733 2.6070226097 2.9304787025
1.8100000000 1.7347632027 2.6107507057 2.9359746819
1.8200000000 1.7406451073 2.6144569435 2.9414692879
1.8300000000 1.7464475288 2.6181395836 2.9469623222
1.8400000000 1.7521613197 2.6217967567 2.9524536018
1.8500000000 1.7577756996 2.6254265175 2.9579429131
1.8600000000 1.7632776909 2.6290267830 2.9634300575
1.8700000000 1.7686513252 2.6325953712 2.9689148293
1.8800000000 1.7738763161 2.6361299477 2.9743970070
1.8900000000 1.7789258614 2.6396280403 2.9798763924
1.9000000000 1.7837623482 2.6430870323 2.9853527641
1.9100000000 1.7883279762 2.6465041389 2.9908259087
1.9200000000 1.7925175285 2.6498763771 2.9962956047
1.9300000000 1.7960137901 2.6532005882 3.0017616463
1.9400000000 1.7994102974 2.6564734001 3.0072238197
1.9500000000 1.8039149132 2.6596911964 3.0126818962
1.9600000000 1.8091310921 2.6628501091 3.0181356697
1.9700000000 1.8149654350 2.6659459953 3.0235849266
1.9800000000 1.8213747520 2.6689744148 3.0290294533
1.9900000000 1.8283355217 2.6719305687 3.0344690437
2.0000000000 1.8358340034 2.6748093071 3.0399034996
2.0100000000 1.8438621178 2.6776050606 3.0453326073
2.0200000000 1.8524153328 2.6803118019 3.0507561760
2.0300000000 1.8614914894 2.6829230080 3.0561740150
2.0400000000 1.8710902061 2.6854315681 3.0615859337
2.0500000000 1.8812124367 2.6878297539 3.0669917488
2.0600000000 1.8918602943 2.6901090965 3.0723912926
2.0700000000 1.9030369377 2.6922603493 3.0777843971
2.0800000000 1.9147465706 2.6942733116 3.0831708946
2.0900000000 1.9269944725 2.6961367378 3.0885506477
2.1000000000 1.9397870979 2.6978381996 3.0939235039
2.1100000000 1.9531322594 2.6993638268 3.0992893410
2.1200000000 1.9670393028 2.7006981773 3.1046480370
2.1300000000 1.9815194054 2.7018238792 3.1099994850
2.1400000000 1.9965858955 2.7027213325 3.1153436012
2.1500000000 2.0122547035 2.7033682899 3.1206802940
2.1600000000 2.0285448799 2.7037392998 3.1260095024
2.1700000000 2.0454793053 2.7038050575 3.1313311729
2.1800000000 2.0630855522 2.7035315056 3.1366452904
2.1900000000 2.0813970833 2.7028787041 3.1419518242
2.2000000000 2.1004547691 2.7017992821 3.1472507896
2.2100000000 2.1203090172 2.7002363396 3.1525422096
2.2200000000 2.1410227013 2.6981205254 3.1578261223
2.2300000000 2.1626753960 2.6953658104 3.1631026115
2.2400000000 2.1853696404 2.6918632698 3.1683717537
2.2500000000 2.2092405434 2.6874714012 3.1736336708
2.2600000000 2.2344714851 2.6820005379 3.1788885078
2.2700000000 2.2613208733 2.6751860008 3.1841364250
2.2800000000 2.2901721077 2.6666382027 3.1893776207
2.2900000000 2.3216366768 2.6557395439 3.1946123161
2.3000000000 2.3568026314 2.6413959160 3.1998407631
2.3100000000 2.3980033073 2.6212680168 3.2050632362
2.3200000000 2.4528401375 2.5877485161 3.2102800560
