1.6100000000 1.5517250000 2.5804250000 2.6301250000
1.6200000000 1.5564250000 2.5724250000 2.6449250000
1.6300000000 1.5610750000 2.5671250000 2.6570750000
1.6400000000 1.5657250000 2.5631250000 2.6678750000
1.6500000000 1.5703750000 2.5599750000 2.6778750000
1.6600000000 1.5750250000 2.5574250000 2.6873250000
1.6700000000 1.5796750000 2.5553250000 2.6963250000
1.6800000000 1.5843250000 2.5535250000 2.7050250000
1.6900000000 1.5889250000 2.5519750000 2.7134750000
1.7000000000 1.5935750000 2.5506750000 2.7216750000
1.7100000000 1.5981750000 2.5495750000 2.7297250000
1.7200000000 1.6027750000 2.5486750000 2.7376250000
1.7300000000 1.6073750000 2.5478750000 2.7453750000
1.7400000000 1.6119250000 2.5471750000 2.7530250000
1.7500000000 1.6165250000 2.5466250000 2.7605750000
1.7600000000 1.6210750000 2.5461750000 2.7680750000
1.7700000000 1.6256750000 2.5458250000 2.7754250000
1.7800000000 1.6302250000 2.5455250000 2.7827750000
1.7900000000 1.6347250000 2.5453250000 2.7900250000
1.8000000000 1.6392750000 2.5451750000 2.7972250000
1.8100000000 1.6438250000 2.5450750000 2.8043750000
1.8200000000 1.6483250000 2.5450250000 2.8114750000
1.8300000000 1.6528250000 2.5450750000 2.8185750000
1.8400000000 1.6573250000 2.5451250000 2.8255750000
1.8500000000 1.6618250000 2.5452750000 2.8325750000
1.8600000000 1.6662750000 2.5454250000 2.8395250000
1.8700000000 1.6707750000 2.5456250000 2.8464750000
1.8800000000 1.6752250000 2.5458750000 2.8533750000
1.8900000000 1.6796750000 2.5461750000 2.8602250000
1.9000000000 1.6841250000 2.5464750000 2.8671250000
1.9100000000 1.6885250000 2.5468250000 2.8739250000
1.9200000000 1.6929750000 2.5471750000 2.8807250000
1.9300000000 1.6973750000 2.5475750000 2.8875250000
1.9400000000 1.7017750000 2.5479750000 2.8943250000
1.9500000000 1.7061750000 2.5484250000 2.9010750000
1.9600000000 1.7105750000 2.5489250000 2.9078250000
1.9700000000 1.7149250000 2.5494250000 2.9145250000
1.9800000000 1.7193250000 2.5499250000 2.9212250000
1.9900000000 1.7236750000 2.5504750000 2.9279250000
2.0000000000 1.7280250000 2.5510250000 2.9345750000
2.0100000000 1.7323250000 2.5515750000 2.9412250000
2.0200000000 1.7366750000 2.5521750000 2.9478750000
2.0300000000 1.7409750000 2.5528250000 2.9544750000
2.0400000000 1.7452750000 2.5534250000 2.9610750000
2.0500000000 1.7495750000 2.5540750000 2.9676250000
2.0600000000 1.7538750000 2.5547250000 2.9741750000
2.0700000000 1.7581750000 2.5553750000 2.9806750000
2.0800000000 1.7624250000 2.5560750000 2.9870750000
2.0900000000 1.7666750000 2.5567750000 2.9935250000
2.1000000000 1.7709250000 2.5574750000 3.0000750000
2.1100000000 1.7751750000 2.5581750000 3.0066750000
2.1200000000 1.7793750000 2.5589250000 3.0133750000
2.1300000000 1.7836250000 2.5596250000 3.0201250000
2.1400000000 1.7878250000 2.5603750000 3.0269250000
2.1500000000 1.7920250000 2.5611750000 3.0337250000
2.1600000000 1.7962250000 2.5619250000 3.0406250000
2.1700000000 1.8003750000 2.5626750000 3.0475250000
2.1800000000 1.8045750000 2.5634750000 3.0544750000
2.1900000000 1.8087250000 2.5642750000 3.0614750000
2.2000000000 1.8128750000 2.5650750000 3.0685250000
2.2100000000 1.8170250000 2.5658750000 3.0755750000
2.2200000000 1.8211250000 2.5666750000 3.0826750000
2.2300000000 1.8252250000 2.5674750000 3.0898250000
2.2400000000 1.8293750000 2.5683250000 3.0969750000
2.2500000000 1.8334750000 2.5691250000 3.1041750000
2.2600000000 1.8375750000 2.5699750000 3.1114250000
2.2700000000 1.8416250000 2.5707750000 3.1186750000
2.2800000000 1.8457250000 2.5716250000 3.1259750000
2.2900000000 1.8497750000 2.5724750000 3.1333250000
2.3000000000 1.8538250000 2.5733250000 3.1406750000
2.3100000000 1.8578750000 2.5741750000 3.1480750000
2.3200000000 1.8618750000 2.5750250000 3.1554750000
2.3300000000 1.8659250000 2.5758750000 3.1629250000
2.3400000000 1.8699250000 2.5767250000 3.1704250000
2.3500000000 1.8739250000 2.5775750000 3.1779250000
2.3600000000 1.8779250000 2.5784250000 3.1854750000
2.3700000000 1.8818750000 2.5793250000 3.1930250000
2.3800000000 1.8858750000 2.5801750000 3.2006250000
2.3900000000 1.8898250000 2.5810250000 3.2082750000
2.4000000000 1.8937750000 2.5818750000 3.2159250000
2.4100000000 1.8977250000 2.5827250000 3.2235750000
2.4200000000 1.9016250000 2.5835750000 3.2312750000
2.4300000000 1.9055750000 2.5844750000 3.2390250000
2.4400000000 1.9094750000 2.5853250000 3.2467750000
2.4500000000 1.9133750000 2.5861750000 3.2545250000
2.4600000000 1.9172750000 2.5870250000 3.2623250000
2.4700000000 1.9211250000 2.5878750000 3.2701750000
2.4800000000 1.9249750000 2.5887250000 3.2780250000
2.4900000000 1.9288750000 2.5895250000 3.2858750000
2.5000000000 1.9326750000 2.5903750000 3.2937750000
2.5100000000 1.9365250000 2.5912250000 3.3017250000
2.5200000000 1.9403250000 2.5920250000 3.3096750000
2.5300000000 1.9441750000 2.5928750000 3.3176250000
2.5400000000 1.9479750000 2.5936750000 3.3256250000
2.5500000000 1.9517250000 2.5945250000 3.3336250000
2.5600000000 1.9555250000 2.5953250000 3.3416750000
2.5700000000 1.9592750000 2.5961250000 3.3497250000
2.5800000000 1.9630250000 2.5969250000 3.3578250000
2.5900000000 1.9667250000 2.5977250000 3.3659250000
2.6000000000 1.9704750000 2.5984750000 3.3740750000
2.6100000000 1.9741750000 2.5992750000 3.3822250000
2.6200000000 1.9778750000 2.6000250000 3.3903750000
2.6300000000 1.9815250000 2.6007750000 3.3985750000
2.6400000000 1.9852250000 2.6015250000 3.4067750000
2.6500000000 1.9888250000 2.6022750000 3.4150250000
2.6600000000 1.9924750000 2.6029750000 3.4232750000
2.6700000000 1.9960750000 2.6036750000 3.4315750000
2.6800000000 1.9996750000 2.6044250000 3.4398750000
2.6900000000 2.0032750000 2.6050750000 3.4481750000
2.7000000000 2.0068250000 2.6057750000 3.4565250000
2.7100000000 2.0103750000 2.6064250000 3.4648750000
2.7200000000 2.0138750000 2.6070750000 3.4732250000
2.7300000000 2.0173750000 2.6077250000 3.4816250000
2.7400000000 2.0208250000 2.6083250000 3.4900250000
2.7500000000 2.0242750000 2.6089750000 3.4984750000
2.7600000000 2.0276750000 2.6095250000 3.5069250000
2.7700000000 2.0310750000 2.6101250000 3.5153750000
2.7800000000 2.0343750000 2.6106750000 3.5238750000
2.7900000000 2.0376750000 2.6112250000 3.5323750000
2.8000000000 2.0409750000 2.6117250000 3.5409250000
2.8100000000 2.0441250000 2.6122250000 3.5494750000
2.8200000000 2.0472750000 2.6127250000 3.5580250000
2.8300000000 2.0502750000 2.6131750000 3.5665750000
2.8400000000 2.0531250000 2.6135750000 3.5751750000
2.8500000000 2.0562250000 2.6140250000 3.5837750000
2.8600000000 2.0594750000 2.6143750000 3.5924250000
2.8700000000 2.0628750000 2.6147250000 3.6010750000
2.8800000000 2.0663250000 2.6150750000 3.6097250000
2.8900000000 2.0699250000 2.6153750000 3.6184250000
2.9000000000 2.0735750000 2.6156750000 3.6271250000
2.9100000000 2.0773750000 2.6158750000 3.6358250000
2.9200000000 2.0812250000 2.6161250000 3.6445250000
2.9300000000 2.0851750000 2.6162750000 3.6532750000
2.9400000000 2.0892250000 2.6164250000 3.6620750000
2.9500000000 2.0933250000 2.6165250000 3.6708250000
2.9600000000 2.0975750000 2.6166250000 3.6796250000
2.9700000000 2.1018750000 2.6166250000 3.6884250000
2.9800000000 2.1062750000 2.6166250000 3.6972750000
2.9900000000 2.1107750000 2.6165750000 3.7060750000
3.0000000000 2.1153750000 2.6164750000 3.7149250000
3.0100000000 2.1200750000 2.6163250000 3.7238250000
3.0200000000 2.1248750000 2.6161250000 3.7326750000
3.0300000000 2.1297750000 2.6159250000 3.7415750000
3.0400000000 2.1347750000 2.6156250000 3.7505250000
3.0500000000 2.1398750000 2.6152250000 3.7594250000
3.0600000000 2.1450750000 2.6148250000 3.7683750000
3.0700000000 2.1504250000 2.6143250000 3.7773250000
3.0800000000 2.1558750000 2.6137750000 3.7863250000
3.0900000000 2.1614250000 2.6131750000 3.7952750000
3.1000000000 2.1671250000 2.6124750000 3.8042750000
3.1100000000 2.1729250000 2.6116750000 3.8132750000
3.1200000000 2.1788750000 2.6108250000 3.8223250000
3.1300000000 2.1849250000 2.6098750000 3.8313750000
3.1400000000 2.1911750000 2.6088250000 3.8404250000
3.1500000000 2.1975250000 2.6076750000 3.8494750000
3.1600000000 2.2040750000 2.6063750000 3.8585750000
3.1700000000 2.2107750000 2.6050250000 3.8676750000
3.1800000000 2.2176750000 2.6034750000 3.8767750000
3.1900000000 2.2247250000 2.6018250000 3.8858750000
3.2000000000 2.2319750000 2.6000250000 3.8950250000
3.2100000000 2.2394750000 2.5980750000 3.9041750000
3.2200000000 2.2471750000 2.5959250000 3.9133250000
3.2300000000 2.2551250000 2.5935750000 3.9224750000
3.2400000000 2.2633250000 2.5910250000 3.9316750000
3.2500000000 2.2718250000 2.5882250000 3.9408750000
3.2600000000 2.2806250000 2.5851750000 3.9500750000
3.2700000000 2.2898250000 2.5817750000 3.9592750000
3.2800000000 2.2993750000 2.5780250000 3.9685250000
3.2900000000 2.3094250000 2.5738750000 3.9777750000
3.3000000000 2.3200250000 2.5692250000 3.9870250000
3.3100000000 2.3312250000 2.5640250000 3.9962750000
3.3200000000 2.3432250000 2.5580750000 4.0055750000
3.3300000000 2.3561750000 2.5511750000 4.0148250000
3.3400000000 2.3704750000 2.5430250000 4.0241250000
3.3500000000 2.3866750000 2.5329750000 4.0334750000
3.3600000000 2.4061250000 2.5198250000 4.0427750000
3.3700000000 2.4331250000 2.4990750000 4.0521250000
