0.0100001000 0.0027196750
0.0200001000 0.0054394750
0.0300001000 0.0081594750
0.0400001000 0.0108797750
0.0500001000 0.0136005750
0.0600001000 0.0163219750
0.0700001000 0.0190441750
0.0800001000 0.0217672750
0.0900001000 0.0244915250
0.1000001000 0.0272171750
0.1100001000 0.0299444750
0.1200001000 0.0326737750
0.1300001000 0.0354053750
0.1400001000 0.0381397250
0.1500001000 0.0408773250
0.1600001000 0.0436187250
0.1700001000 0.0463646250
0.1800001000 0.0491156750
0.1900001000 0.0518729250
0.2000001000 0.0546374250
0.2100001000 0.0574104250
0.2200001000 0.0601936250
0.2300001000 0.0629891250
0.2400001000 0.0657997750
0.2500001000 0.0686300250
0.2600001000 0.0714887250
