3.3800000000 4.0614750000
3.3900000000 4.0708250000
3.4000000000 4.0801750000
3.4100000000 4.0895750000
3.4200000000 4.0989750000
3.4300000000 4.1083750000
3.4400000000 4.1177750000
3.4500000000 4.1271750000
3.4600000000 4.1366250000
3.4700000000 4.1460750000
3.4800000000 4.1555250000
3.4900000000 4.1649750000
3.5000000000 4.1744750000
3.5100000000 4.1839250000
3.5200000000 4.1934250000
3.5300000000 4.2029250000
3.5400000000 4.2124750000
3.5500000000 4.2219750000
3.5600000000 4.2315250000
3.5700000000 4.2410750000
3.5800000000 4.2506250000
3.5900000000 4.2601750000
3.6000000000 4.2697750000
3.6100000000 4.2793250000
3.6200000000 4.2889250000
3.6300000000 4.2985250000
3.6400000000 4.3081750000
3.6500000000 4.3177750000
3.6600000000 4.3274250000
3.6700000000 4.3370250000
3.6800000000 4.3466750000
3.6900000000 4.3563250000
3.7000000000 4.3660250000
3.7100000000 4.3756750000
3.7200000000 4.3853750000
3.7300000000 4.3950750000
3.7400000000 4.4047750000
3.7500000000 4.4144750000
3.7600000000 4.4242250000
3.7700000000 4.4339250000
3.7800000000 4.4436750000
3.7900000000 4.4534250000
3.8000000000 4.4631750000
3.8100000000 4.4729250000
3.8200000000 4.4827250000
3.8300000000 4.4924750000
3.8400000000 4.5022750000
3.8500000000 4.5120750000
3.8600000000 4.5218750000
3.8700000000 4.5316750000
3.8800000000 4.5415250000
3.8900000000 4.5513250000
3.9000000000 4.5611750000
3.9100000000 4.5710250000
3.9200000000 4.5808750000
3.9300000000 4.5907250000
3.9400000000 4.6006250000
3.9500000000 4.6104750000
3.9600000000 4.6203750000
3.9700000000 4.6302750000
3.9800000000 4.6401750000
3.9900000000 4.6500750000
4.0000000000 4.6599750000
4.0100000000 4.6699250000
4.0200000000 4.6798250000
4.0300000000 4.6897750000
4.0400000000 4.6997250000
4.0500000000 4.7096750000
4.0600000000 4.7196250000
4.0700000000 4.7296250000
4.0800000000 4.7395750000
4.0900000000 4.7495750000
4.1000000000 4.7595750000
4.1100000000 4.7695750000
4.1200000000 4.7795750000
4.1300000000 4.7895750000
4.1400000000 4.7996250000
4.1500000000 4.8096250000
4.1600000000 4.8196750000
4.1700000000 4.8297250000
4.1800000000 4.8397750000
4.1900000000 4.8498250000
4.2000000000 4.8598750000
4.2100000000 4.8699750000
4.2200000000 4.8800250000
4.2300000000 4.8901250000
4.2400000000 4.9002250000
4.2500000000 4.9103250000
4.2600000000 4.9204250000
4.2700000000 4.9305250000
4.2800000000 4.9406250000
4.2900000000 4.9507750000
4.3000000000 4.9609250000
4.3100000000 4.9710250000
4.3200000000 4.9811750000
4.3300000000 4.9913250000
4.3400000000 5.0015250000
4.3500000000 5.0116750000
4.3600000000 5.0218750000
4.3700000000 5.0320250000
4.3800000000 5.0422250000
4.3900000000 5.0524250000
4.4000000000 5.0626250000
4.4100000000 5.0728250000
4.4200000000 5.0830250000
4.4300000000 5.0932750000
4.4400000000 5.1034750000
4.4500000000 5.1137250000
4.4600000000 5.1239750000
4.4700000000 5.1342250000
4.4800000000 5.1444750000
4.4900000000 5.1547250000
4.5000000000 5.1649750000
4.5100000000 5.1752750000
4.5200000000 5.1855250000
4.5300000000 5.1958250000
4.5400000000 5.2061250000
4.5500000000 5.2164250000
4.5600000000 5.2267250000
4.5700000000 5.2370250000
4.5800000000 5.2473750000
4.5900000000 5.2576750000
4.6000000000 5.2680250000
4.6100000000 5.2783750000
4.6200000000 5.2886750000
4.6300000000 5.2990250000
4.6400000000 5.3094250000
4.6500000000 5.3197750000
4.6600000000 5.3301250000
4.6700000000 5.3405250000
4.6800000000 5.3508750000
4.6900000000 5.3612750000
4.7000000000 5.3716750000
4.7100000000 5.3820750000
4.7200000000 5.3924750000
4.7300000000 5.4029250000
4.7400000000 5.4133250000
4.7500000000 5.4237250000
4.7600000000 5.4341750000
4.7700000000 5.4446250000
4.7800000000 5.4550750000
4.7900000000 5.4655250000
4.8000000000 5.4759750000
4.8100000000 5.4864250000
4.8200000000 5.4969250000
4.8300000000 5.5073750000
4.8400000000 5.5178750000
4.8500000000 5.5283750000
4.8600000000 5.5388750000
4.8700000000 5.5493750000
4.8800000000 5.5598750000
4.8900000000 5.5703750000
4.9000000000 5.5808750000
4.9100000000 5.5914250000
4.9200000000 5.6019750000
4.9300000000 5.6124750000
4.9400000000 5.6230250000
4.9500000000 5.6335750000
4.9600000000 5.6441250000
4.9700000000 5.6547250000
4.9800000000 5.6652750000
4.9900000000 5.6758750000
5.0000000000 5.6864250000
