0.0000001000 1.0000025000
0.0100001000 1.0000325000
0.0200001000 1.0001225000
0.0300001000 1.0002825000
0.0400001000 1.0004975000
0.0500001000 1.0007825000
0.0600001000 1.0011225000
0.0700001000 1.0015275000
0.0800001000 1.0019975000
0.0900001000 1.0025275000
0.1000001000 1.0031175000
0.1100001000 1.0037725000
0.1200001000 1.0044875000
0.1300001000 1.0052625000
0.1400001000 1.0061025000
0.1500001000 1.0070025000
0.1600001000 1.0079625000
0.1700001000 1.0089825000
0.1800001000 1.0100625000
0.1900001000 1.0112075000
0.2000001000 1.0124075000
0.2100001000 1.0136725000
0.2200001000 1.0149925000
0.2300001000 1.0163775000
0.2400001000 1.0178175000
0.2500001000 1.0193175000
0.2600001000 1.0208725000
