4.8300010000 0.0157187500 0.7789062500 5.1914687500
4.8350010000 0.0422812500 0.7790937500 5.1967187500
4.8400010000 0.0577812500 0.7792187500 5.2020312500
4.8450010000 0.0699062500 0.7793437500 5.2072812500
4.8500010000 0.0802187500 0.7794687500 5.2125312500
4.8550010000 0.0894062500 0.7795312500 5.2178437500
4.8600010000 0.0977187500 0.7796562500 5.2230937500
4.8650010000 0.1054062500 0.7797187500 5.2283437500
4.8700010000 0.1125937500 0.7797812500 5.2336562500
4.8750010000 0.1193437500 0.7798437500 5.2389062500
4.8800010000 0.1257187500 0.7798437500 5.2441562500
4.8850010000 0.1317812500 0.7799062500 5.2494687500
4.8900010000 0.1376562500 0.7799062500 5.2547187500
4.8950010000 0.1432187500 0.7799062500 5.2600312500
4.9000010000 0.1485937500 0.7798437500 5.2652812500
4.9050010000 0.1538437500 0.7798437500 5.2705312500
4.9100010000 0.1588437500 0.7797812500 5.2758437500
4.9150010000 0.1637187500 0.7797187500 5.2810937500
4.9200010000 0.1684687500 0.7796562500 5.2864062500
4.9250010000 0.1730937500 0.7795312500 5.2916562500
4.9300010000 0.1775312500 0.7794687500 5.2969062500
4.9350010000 0.1819062500 0.7793437500 5.3022187500
4.9400010000 0.1861562500 0.7791562500 5.3074687500
4.9450010000 0.1903437500 0.7790312500 5.3127812500
4.9500010000 0.1944062500 0.7788437500 5.3180312500
4.9550010000 0.1983437500 0.7786562500 5.3233437500
4.9600010000 0.2022187500 0.7784062500 5.3285937500
4.9650010000 0.2060312500 0.7782187500 5.3339062500
4.9700010000 0.2097187500 0.7779687500 5.3391562500
4.9750010000 0.2133437500 0.7776562500 5.3444687500
4.9800010000 0.2169062500 0.7774062500 5.3497187500
4.9850010000 0.2203437500 0.7770312500 5.3550312500
4.9900010000 0.2237187500 0.7767187500 5.3602812500
4.9950010000 0.2270312500 0.7763437500 5.3655937500
