0.7200010000 0.0090312500 1.2399062500
0.7250010000 0.0242812500 1.2430312500
0.7300010000 0.0331562500 1.2460937500
0.7350010000 0.0400937500 1.2492187500
0.7400010000 0.0459687500 1.2523437500
0.7450010000 0.0512187500 1.2555312500
0.7500010000 0.0559062500 1.2586562500
0.7550010000 0.0602812500 1.2618437500
0.7600010000 0.0643437500 1.2650312500
0.7650010000 0.0682187500 1.2682187500
0.7700010000 0.0718437500 1.2714687500
0.7750010000 0.0752812500 1.2747187500
0.7800010000 0.0785937500 1.2779687500
0.7850010000 0.0817812500 1.2812187500
0.7900010000 0.0847812500 1.2844687500
0.7950010000 0.0877812500 1.2877812500
0.8000010000 0.0905937500 1.2910937500
0.8050010000 0.0934062500 1.2944062500
0.8100010000 0.0960937500 1.2977187500
0.8150010000 0.0987187500 1.3010312500
0.8200010000 0.1012812500 1.3044062500
0.8250010000 0.1037812500 1.3077812500
0.8300010000 0.1062187500 1.3111562500
0.8350010000 0.1085937500 1.3145312500
0.8400010000 0.1109687500 1.3179687500
0.8450010000 0.1132187500 1.3213437500
0.8500010000 0.1154687500 1.3247812500
0.8550010000 0.1177187500 1.3282187500
0.8600010000 0.1198437500 1.3316562500
0.8650010000 0.1220312500 1.3351562500
0.8700010000 0.1240937500 1.3386562500
0.8750010000 0.1262187500 1.3420937500
0.8800010000 0.1282187500 1.3456562500
0.8850010000 0.1302187500 1.3491562500
0.8900010000 0.1322187500 1.3526562500
0.8950010000 0.1342187500 1.3562187500
0.9000010000 0.1360937500 1.3597812500
0.9050010000 0.1380312500 1.3633437500
0.9100010000 0.1399062500 1.3669062500
0.9150010000 0.1417812500 1.3704687500
0.9200010000 0.1436562500 1.3740937500
0.9250010000 0.1454687500 1.3776562500
0.9300010000 0.1472812500 1.3812812500
0.9350010000 0.1490312500 1.3849062500
0.9400010000 0.1507812500 1.3885937500
0.9450010000 0.1525312500 1.3922187500
0.9500010000 0.1542812500 1.3958437500
0.9550010000 0.1559687500 1.3995312500
0.9600010000 0.1577187500 1.4032187500
0.9650010000 0.1594062500 1.4069062500
0.9700010000 0.1610312500 1.4105937500
0.9750010000 0.1627187500 1.4143437500
0.9800010000 0.1643437500 1.4180312500
0.9850010000 0.1659687500 1.4217812500
0.9900010000 0.1675937500 1.4255312500
0.9950010000 0.1691562500 1.4292812500
1.0000010000 0.1707812500 1.4330312500
1.0050010000 0.1723437500 1.4368437500
1.0100010000 0.1739062500 1.4405937500
1.0150010000 0.1754687500 1.4444062500
1.0200010000 0.1770312500 1.4482187500
1.0250010000 0.1785312500 1.4520312500
1.0300010000 0.1800937500 1.4558437500
1.0350010000 0.1815937500 1.4596562500
1.0400010000 0.1830937500 1.4635312500
1.0450010000 0.1845937500 1.4673437500
1.0500010000 0.1860312500 1.4712187500
1.0550010000 0.1875312500 1.4750937500
1.0600010000 0.1889687500 1.4789687500
1.0650010000 0.1904062500 1.4828437500
1.0700010000 0.1919062500 1.4867187500
1.0750010000 0.1932812500 1.4906562500
1.0800010000 0.1947187500 1.4945937500
1.0850010000 0.1961562500 1.4984687500
1.0900010000 0.1975937500 1.5024062500
1.0950010000 0.1989687500 1.5063437500
1.1000010000 0.2003437500 1.5102812500
1.1050010000 0.2017812500 1.5142812500
1.1100010000 0.2031562500 1.5182187500
1.1150010000 0.2045312500 1.5221562500
1.1200010000 0.2058437500 1.5261562500
1.1250010000 0.2072187500 1.5301562500
1.1300010000 0.2085937500 1.5341562500
1.1350010000 0.2099062500 1.5381562500
1.1400010000 0.2112187500 1.5421562500
1.1450010000 0.2125937500 1.5461562500
1.1500010000 0.2139062500 1.5502187500
1.1550010000 0.2152187500 1.5542187500
1.1600010000 0.2165312500 1.5582812500
1.1650010000 0.2178437500 1.5623437500
1.1700010000 0.2190937500 1.5664062500
1.1750010000 0.2204062500 1.5704687500
1.1800010000 0.2217187500 1.5745312500
1.1850010000 0.2229687500 1.5785937500
1.1900010000 0.2242187500 1.5827187500
1.1950010000 0.2255312500 1.5867812500
1.2000010000 0.2267812500 1.5909062500
1.2050010000 0.2280312500 1.5950312500
1.2100010000 0.2292812500 1.5991562500
1.2150010000 0.2305312500 1.6032187500
1.2200010000 0.2317812500 1.6074062500
1.2250010000 0.2329687500 1.6115312500
1.2300010000 0.2342187500 1.6156562500
1.2350010000 0.2354062500 1.6197812500
1.2400010000 0.2366562500 1.6239687500
1.2450010000 0.2378437500 1.6281562500
1.2500010000 0.2390312500 1.6322812500
1.2550010000 0.2402812500 1.6364687500
1.2600010000 0.2414687500 1.6406562500
1.2650010000 0.2426562500 1.6448437500
1.2700010000 0.2438437500 1.6490312500
1.2750010000 0.2450312500 1.6532812500
1.2800010000 0.2461562500 1.6574687500
1.2850010000 0.2473437500 1.6616562500
1.2900010000 0.2485312500 1.6659062500
1.2950010000 0.2496562500 1.6701562500
1.3000010000 0.2508437500 1.6743437500
1.3050010000 0.2519687500 1.6785937500
1.3100010000 0.2530937500 1.6828437500
1.3150010000 0.2542187500 1.6870937500
1.3200010000 0.2554062500 1.6913437500
1.3250010000 0.2565312500 1.6956562500
1.3300010000 0.2576562500 1.6999062500
1.3350010000 0.2587187500 1.7041562500
1.3400010000 0.2598437500 1.7084687500
1.3450010000 0.2609687500 1.7127812500
1.3500010000 0.2620937500 1.7170312500
1.3550010000 0.2631562500 1.7213437500
1.3600010000 0.2642812500 1.7256562500
1.3650010000 0.2653437500 1.7299687500
1.3700010000 0.2664687500 1.7342812500
1.3750010000 0.2675312500 1.7385937500
1.3800010000 0.2685937500 1.7429062500
1.3850010000 0.2696562500 1.7472812500
1.3900010000 0.2707812500 1.7515937500
1.3950010000 0.2718437500 1.7559687500
1.4000010000 0.2728437500 1.7602812500
1.4050010000 0.2739062500 1.7646562500
1.4100010000 0.2749687500 1.7690312500
1.4150010000 0.2760312500 1.7733437500
1.4200010000 0.2770937500 1.7777187500
1.4250010000 0.2780937500 1.7820937500
1.4300010000 0.2791562500 1.7864687500
1.4350010000 0.2801562500 1.7908437500
1.4400010000 0.2811562500 1.7952812500
1.4450010000 0.2822187500 1.7996562500
1.4500010000 0.2832187500 1.8040312500
1.4550010000 0.2842187500 1.8084687500
1.4600010000 0.2852187500 1.8128437500
1.4650010000 0.2862187500 1.8172812500
1.4700010000 0.2872187500 1.8217187500
1.4750010000 0.2882187500 1.8260937500
1.4800010000 0.2892187500 1.8305312500
1.4850010000 0.2902187500 1.8349687500
1.4900010000 0.2911562500 1.8394062500
1.4950010000 0.2921562500 1.8438437500
1.5000010000 0.2930937500 1.8482812500
1.5050010000 0.2940937500 1.8527812500
1.5100010000 0.2950312500 1.8572187500
1.5150010000 0.2959687500 1.8616562500
1.5200010000 0.2969687500 1.8661562500
1.5250010000 0.2979062500 1.8705937500
1.5300010000 0.2988437500 1.8750937500
1.5350010000 0.2997812500 1.8795312500
1.5400010000 0.3007187500 1.8840312500
1.5450010000 0.3016562500 1.8885312500
1.5500010000 0.3025937500 1.8930312500
1.5550010000 0.3034687500 1.8975312500
1.5600010000 0.3044062500 1.9020312500
1.5650010000 0.3053437500 1.9065312500
1.5700010000 0.3062187500 1.9110312500
1.5750010000 0.3070937500 1.9155312500
1.5800010000 0.3080312500 1.9200312500
1.5850010000 0.3089062500 1.9245312500
1.5900010000 0.3097812500 1.9290937500
1.5950010000 0.3106562500 1.9335937500
1.6000010000 0.3115937500 1.9381562500
1.6050010000 0.3124687500 1.9426562500
1.6100010000 0.3132812500 1.9472187500
1.6150010000 0.3141562500 1.9517187500
1.6200010000 0.3150312500 1.9562812500
1.6250010000 0.3159062500 1.9608437500
1.6300010000 0.3167187500 1.9654062500
1.6350010000 0.3175937500 1.9699687500
1.6400010000 0.3184062500 1.9745312500
1.6450010000 0.3192812500 1.9790937500
1.6500010000 0.3200937500 1.9836562500
1.6550010000 0.3209062500 1.9882187500
1.6600010000 0.3217187500 1.9927812500
1.6650010000 0.3225312500 1.9973437500
1.6700010000 0.3233437500 2.0019687500
1.6750010000 0.3241562500 2.0065312500
1.6800010000 0.3249687500 2.0111562500
1.6850010000 0.3257812500 2.0157187500
1.6900010000 0.3265937500 2.0203437500
1.6950010000 0.3273437500 2.0249062500
1.7000010000 0.3281562500 2.0295312500
1.7050010000 0.3289062500 2.0341562500
1.7100010000 0.3296562500 2.0387187500
1.7150010000 0.3304687500 2.0433437500
1.7200010000 0.3312187500 2.0479687500
1.7250010000 0.3319687500 2.0525937500
1.7300010000 0.3327187500 2.0572187500
1.7350010000 0.3334687500 2.0618437500
1.7400010000 0.3342187500 2.0664687500
1.7450010000 0.3349062500 2.0710937500
1.7500010000 0.3356562500 2.0757187500
1.7550010000 0.3363437500 2.0803437500
1.7600010000 0.3370937500 2.0850312500
1.7650010000 0.3377812500 2.0896562500
1.7700010000 0.3384687500 2.0942812500
1.7750010000 0.3391562500 2.0989687500
1.7800010000 0.3398437500 2.1035937500
1.7850010000 0.3405312500 2.1082812500
1.7900010000 0.3412187500 2.1129062500
1.7950010000 0.3419062500 2.1175937500
1.8000010000 0.3425937500 2.1222812500
1.8050010000 0.3432187500 2.1269062500
1.8100010000 0.3438437500 2.1315937500
1.8150010000 0.3445312500 2.1362812500
1.8200010000 0.3451562500 2.1409687500
1.8250010000 0.3457812500 2.1456562500
1.8300010000 0.3464062500 2.1503437500
1.8350010000 0.3469687500 2.1550312500
1.8400010000 0.3475937500 2.1597187500
1.8450010000 0.3481562500 2.1644062500
1.8500010000 0.3487812500 2.1690937500
1.8550010000 0.3493437500 2.1737812500
1.8600010000 0.3499062500 2.1784687500
1.8650010000 0.3504687500 2.1832187500
1.8700010000 0.3509687500 2.1879062500
1.8750010000 0.3514687500 2.1925937500
1.8800010000 0.3519687500 2.1973437500
1.8850010000 0.3524687500 2.2020312500
1.8900010000 0.3529062500 2.2067812500
1.8950010000 0.3533437500 2.2114687500
1.9000010000 0.3538437500 2.2162187500
1.9050010000 0.3543437500 2.2209062500
1.9100010000 0.3548437500 2.2256562500
1.9150010000 0.3554062500 2.2304062500
1.9200010000 0.3559062500 2.2350937500
1.9250010000 0.3564687500 2.2398437500
1.9300010000 0.3569687500 2.2445937500
1.9350010000 0.3575312500 2.2493437500
1.9400010000 0.3580937500 2.2540937500
1.9450010000 0.3586562500 2.2587812500
1.9500010000 0.3592187500 2.2635312500
1.9550010000 0.3597812500 2.2682812500
1.9600010000 0.3603437500 2.2730312500
1.9650010000 0.3609062500 2.2778437500
1.9700010000 0.3615312500 2.2825937500
1.9750010000 0.3620937500 2.2873437500
1.9800010000 0.3626562500 2.2920937500
1.9850010000 0.3632812500 2.2968437500
1.9900010000 0.3638437500 2.3016562500
1.9950010000 0.3644062500 2.3064062500
2.0000010000 0.3650312500 2.3111562500
2.0050010000 0.3655937500 2.3159687500
2.0100010000 0.3662187500 2.3207187500
2.0150010000 0.3668437500 2.3254687500
2.0200010000 0.3674062500 2.3302812500
2.0250010000 0.3680312500 2.3350312500
2.0300010000 0.3686562500 2.3398437500
2.0350010000 0.3692812500 2.3446562500
2.0400010000 0.3698437500 2.3494062500
2.0450010000 0.3704687500 2.3542187500
2.0500010000 0.3710937500 2.3590312500
2.0550010000 0.3717187500 2.3637812500
2.0600010000 0.3723437500 2.3685937500
2.0650010000 0.3729687500 2.3734062500
2.0700010000 0.3735937500 2.3782187500
2.0750010000 0.3742187500 2.3830312500
2.0800010000 0.3748437500 2.3877812500
2.0850010000 0.3754687500 2.3925937500
2.0900010000 0.3760937500 2.3974062500
2.0950010000 0.3767187500 2.4022187500
2.1000010000 0.3774062500 2.4070312500
2.1050010000 0.3780312500 2.4118437500
2.1100010000 0.3786562500 2.4167187500
2.1150010000 0.3792812500 2.4215312500
2.1200010000 0.3799062500 2.4263437500
2.1250010000 0.3805937500 2.4311562500
2.1300010000 0.3812187500 2.4359687500
2.1350010000 0.3818437500 2.4407812500
2.1400010000 0.3825312500 2.4456562500
2.1450010000 0.3831562500 2.4504687500
2.1500010000 0.3838437500 2.4552812500
2.1550010000 0.3844687500 2.4601562500
2.1600010000 0.3850937500 2.4649687500
2.1650010000 0.3857812500 2.4698437500
2.1700010000 0.3864062500 2.4746562500
2.1750010000 0.3870937500 2.4795312500
2.1800010000 0.3877187500 2.4843437500
2.1850010000 0.3884062500 2.4892187500
2.1900010000 0.3890937500 2.4940312500
2.1950010000 0.3897187500 2.4989062500
2.2000010000 0.3904062500 2.5037812500
2.2050010000 0.3910312500 2.5085937500
2.2100010000 0.3917187500 2.5134687500
2.2150010000 0.3924062500 2.5183437500
2.2200010000 0.3930937500 2.5231562500
2.2250010000 0.3937187500 2.5280312500
2.2300010000 0.3944062500 2.5329062500
2.2350010000 0.3950937500 2.5377812500
2.2400010000 0.3957812500 2.5426562500
2.2450010000 0.3964062500 2.5475312500
2.2500010000 0.3970937500 2.5524062500
2.2550010000 0.3977812500 2.5572812500
2.2600010000 0.3984687500 2.5621562500
2.2650010000 0.3991562500 2.5670312500
2.2700010000 0.3998437500 2.5719062500
2.2750010000 0.4005312500 2.5767812500
2.2800010000 0.4012187500 2.5816562500
2.2850010000 0.4019062500 2.5865312500
2.2900010000 0.4025937500 2.5914062500
2.2950010000 0.4032812500 2.5962812500
2.3000010000 0.4039687500 2.6011562500
2.3050010000 0.4046562500 2.6060937500
2.3100010000 0.4053437500 2.6109687500
2.3150010000 0.4060312500 2.6158437500
2.3200010000 0.4067187500 2.6207812500
2.3250010000 0.4074062500 2.6256562500
2.3300010000 0.4080937500 2.6305312500
2.3350010000 0.4087812500 2.6354687500
2.3400010000 0.4094687500 2.6403437500
2.3450010000 0.4102187500 2.6452187500
2.3500010000 0.4109062500 2.6501562500
2.3550010000 0.4115937500 2.6550312500
2.3600010000 0.4122812500 2.6599687500
2.3650010000 0.4130312500 2.6648437500
2.3700010000 0.4137187500 2.6697812500
2.3750010000 0.4144062500 2.6747187500
2.3800010000 0.4150937500 2.6795937500
2.3850010000 0.4158437500 2.6845312500
2.3900010000 0.4165312500 2.6894062500
2.3950010000 0.4172187500 2.6943437500
2.4000010000 0.4179687500 2.6992812500
2.4050010000 0.4186562500 2.7041562500
2.4100010000 0.4194062500 2.7090937500
2.4150010000 0.4200937500 2.7140312500
2.4200010000 0.4207812500 2.7189687500
2.4250010000 0.4215312500 2.7239062500
2.4300010000 0.4222187500 2.7287812500
2.4350010000 0.4229687500 2.7337187500
2.4400010000 0.4236562500 2.7386562500
2.4450010000 0.4244062500 2.7435937500
2.4500010000 0.4250937500 2.7485312500
2.4550010000 0.4258437500 2.7534687500
2.4600010000 0.4265937500 2.7584062500
2.4650010000 0.4272812500 2.7633437500
2.4700010000 0.4280312500 2.7682812500
2.4750010000 0.4287187500 2.7732187500
2.4800010000 0.4294687500 2.7781562500
2.4850010000 0.4302187500 2.7830937500
2.4900010000 0.4309062500 2.7880312500
2.4950010000 0.4316562500 2.7929687500
2.5000010000 0.4324062500 2.7979062500
2.5050010000 0.4330937500 2.8029062500
2.5100010000 0.4338437500 2.8078437500
2.5150010000 0.4345937500 2.8127812500
2.5200010000 0.4353437500 2.8177187500
2.5250010000 0.4360312500 2.8226562500
2.5300010000 0.4367812500 2.8276562500
2.5350010000 0.4375312500 2.8325937500
2.5400010000 0.4382812500 2.8375312500
2.5450010000 0.4390312500 2.8425312500
2.5500010000 0.4397187500 2.8474687500
2.5550010000 0.4404687500 2.8524062500
2.5600010000 0.4412187500 2.8574062500
2.5650010000 0.4419687500 2.8623437500
2.5700010000 0.4427187500 2.8673437500
2.5750010000 0.4434687500 2.8722812500
2.5800010000 0.4442187500 2.8772812500
2.5850010000 0.4449687500 2.8822187500
2.5900010000 0.4457187500 2.8872187500
2.5950010000 0.4464687500 2.8921562500
2.6000010000 0.4472187500 2.8971562500
2.6050010000 0.4479687500 2.9020937500
2.6100010000 0.4487187500 2.9070937500
2.6150010000 0.4494687500 2.9120312500
2.6200010000 0.4502187500 2.9170312500
2.6250010000 0.4509687500 2.9220312500
2.6300010000 0.4517187500 2.9269687500
2.6350010000 0.4524687500 2.9319687500
2.6400010000 0.4532187500 2.9369687500
2.6450010000 0.4539687500 2.9419062500
2.6500010000 0.4547812500 2.9469062500
2.6550010000 0.4555312500 2.9519062500
2.6600010000 0.4562812500 2.9569062500
2.6650010000 0.4570312500 2.9619062500
2.6700010000 0.4577812500 2.9668437500
2.6750010000 0.4585312500 2.9718437500
2.6800010000 0.4593437500 2.9768437500
2.6850010000 0.4600937500 2.9818437500
2.6900010000 0.4608437500 2.9868437500
2.6950010000 0.4615937500 2.9918437500
2.7000010000 0.4624062500 2.9968437500
2.7050010000 0.4631562500 3.0018437500
2.7100010000 0.4639062500 3.0067812500
2.7150010000 0.4647187500 3.0117812500
2.7200010000 0.4654687500 3.0167812500
2.7250010000 0.4662187500 3.0217812500
2.7300010000 0.4670312500 3.0267812500
2.7350010000 0.4677812500 3.0317812500
2.7400010000 0.4685312500 3.0368437500
2.7450010000 0.4693437500 3.0418437500
2.7500010000 0.4700937500 3.0468437500
2.7550010000 0.4709062500 3.0518437500
2.7600010000 0.4716562500 3.0568437500
2.7650010000 0.4724687500 3.0618437500
2.7700010000 0.4732187500 3.0668437500
2.7750010000 0.4740312500 3.0718437500
2.7800010000 0.4747812500 3.0769062500
2.7850010000 0.4755312500 3.0819062500
2.7900010000 0.4763437500 3.0869062500
2.7950010000 0.4771562500 3.0919062500
2.8000010000 0.4779062500 3.0969687500
2.8050010000 0.4787187500 3.1019687500
2.8100010000 0.4794687500 3.1069687500
2.8150010000 0.4802812500 3.1119687500
2.8200010000 0.4810312500 3.1170312500
2.8250010000 0.4818437500 3.1220312500
2.8300010000 0.4826562500 3.1270312500
2.8350010000 0.4834062500 3.1320937500
2.8400010000 0.4842187500 3.1370937500
2.8450010000 0.4850312500 3.1421562500
2.8500010000 0.4857812500 3.1471562500
2.8550010000 0.4865937500 3.1522187500
2.8600010000 0.4874062500 3.1572187500
2.8650010000 0.4881562500 3.1622187500
2.8700010000 0.4889687500 3.1672812500
2.8750010000 0.4897812500 3.1722812500
2.8800010000 0.4905312500 3.1773437500
2.8850010000 0.4913437500 3.1823437500
2.8900010000 0.4921562500 3.1874062500
2.8950010000 0.4929687500 3.1924687500
2.9000010000 0.4937187500 3.1974687500
2.9050010000 0.4945312500 3.2025312500
2.9100010000 0.4953437500 3.2075312500
2.9150010000 0.4961562500 3.2125937500
2.9200010000 0.4969687500 3.2176562500
2.9250010000 0.4977812500 3.2226562500
2.9300010000 0.4985312500 3.2277187500
2.9350010000 0.4993437500 3.2327812500
2.9400010000 0.5001562500 3.2377812500
2.9450010000 0.5009687500 3.2428437500
2.9500010000 0.5017812500 3.2479062500
2.9550010000 0.5025937500 3.2529062500
2.9600010000 0.5034062500 3.2579687500
2.9650010000 0.5042187500 3.2630312500
2.9700010000 0.5050312500 3.2680937500
2.9750010000 0.5058437500 3.2730937500
2.9800010000 0.5066562500 3.2781562500
2.9850010000 0.5074687500 3.2832187500
2.9900010000 0.5082812500 3.2882812500
2.9950010000 0.5090937500 3.2933437500
3.0000010000 0.5099062500 3.2984062500
3.0050010000 0.5107187500 3.3034687500
3.0100010000 0.5115312500 3.3084687500
3.0150010000 0.5123437500 3.3135312500
3.0200010000 0.5131562500 3.3185937500
3.0250010000 0.5139687500 3.3236562500
3.0300010000 0.5147812500 3.3287187500
3.0350010000 0.5155937500 3.3337812500
3.0400010000 0.5164062500 3.3388437500
3.0450010000 0.5172187500 3.3439062500
3.0500010000 0.5180312500 3.3489687500
3.0550010000 0.5188437500 3.3540312500
3.0600010000 0.5196562500 3.3590937500
3.0650010000 0.5205312500 3.3641562500
3.0700010000 0.5213437500 3.3692187500
3.0750010000 0.5221562500 3.3742812500
3.0800010000 0.5229687500 3.3793437500
3.0850010000 0.5237812500 3.3844062500
3.0900010000 0.5245937500 3.3895312500
3.0950010000 0.5254687500 3.3945937500
3.1000010000 0.5262812500 3.3996562500
3.1050010000 0.5270937500 3.4047187500
3.1100010000 0.5279062500 3.4097812500
3.1150010000 0.5287187500 3.4148437500
3.1200010000 0.5295937500 3.4199062500
3.1250010000 0.5304062500 3.4250312500
3.1300010000 0.5312187500 3.4300937500
3.1350010000 0.5320312500 3.4351562500
3.1400010000 0.5329062500 3.4402187500
3.1450010000 0.5337187500 3.4453437500
3.1500010000 0.5345312500 3.4504062500
3.1550010000 0.5354062500 3.4554687500
3.1600010000 0.5362187500 3.4605312500
3.1650010000 0.5370312500 3.4656562500
3.1700010000 0.5378437500 3.4707187500
3.1750010000 0.5387187500 3.4757812500
3.1800010000 0.5395312500 3.4809062500
3.1850010000 0.5404062500 3.4859687500
3.1900010000 0.5412187500 3.4910312500
3.1950010000 0.5420312500 3.4961562500
3.2000010000 0.5429062500 3.5012187500
3.2050010000 0.5437187500 3.5063437500
3.2100010000 0.5445312500 3.5114062500
3.2150010000 0.5454062500 3.5164687500
3.2200010000 0.5462187500 3.5215937500
3.2250010000 0.5470937500 3.5266562500
3.2300010000 0.5479062500 3.5317812500
3.2350010000 0.5487187500 3.5368437500
3.2400010000 0.5495937500 3.5419687500
3.2450010000 0.5504062500 3.5470312500
3.2500010000 0.5512812500 3.5521562500
3.2550010000 0.5520937500 3.5572187500
3.2600010000 0.5529687500 3.5623437500
3.2650010000 0.5537812500 3.5674062500
3.2700010000 0.5546562500 3.5725312500
3.2750010000 0.5554687500 3.5775937500
3.2800010000 0.5563437500 3.5827187500
3.2850010000 0.5571562500 3.5877812500
3.2900010000 0.5580312500 3.5929062500
3.2950010000 0.5588437500 3.5980312500
3.3000010000 0.5597187500 3.6030937500
3.3050010000 0.5605312500 3.6082187500
3.3100010000 0.5614062500 3.6133437500
3.3150010000 0.5622187500 3.6184062500
3.3200010000 0.5630937500 3.6235312500
3.3250010000 0.5639062500 3.6286562500
3.3300010000 0.5647812500 3.6337187500
3.3350010000 0.5655937500 3.6388437500
3.3400010000 0.5664687500 3.6439687500
3.3450010000 0.5672812500 3.6490312500
3.3500010000 0.5681562500 3.6541562500
3.3550010000 0.5690312500 3.6592812500
3.3600010000 0.5698437500 3.6644062500
3.3650010000 0.5707187500 3.6694687500
3.3700010000 0.5715312500 3.6745937500
3.3750010000 0.5724062500 3.6797187500
3.3800010000 0.5732812500 3.6848437500
3.3850010000 0.5740937500 3.6899687500
3.3900010000 0.5749687500 3.6950312500
3.3950010000 0.5757812500 3.7001562500
3.4000010000 0.5766562500 3.7052812500
3.4050010000 0.5775312500 3.7104062500
3.4100010000 0.5783437500 3.7155312500
3.4150010000 0.5792187500 3.7206562500
3.4200010000 0.5800312500 3.7257812500
3.4250010000 0.5809062500 3.7308437500
3.4300010000 0.5817812500 3.7359687500
3.4350010000 0.5825937500 3.7410937500
3.4400010000 0.5834687500 3.7462187500
3.4450010000 0.5843437500 3.7513437500
3.4500010000 0.5851562500 3.7564687500
3.4550010000 0.5860312500 3.7615937500
3.4600010000 0.5869062500 3.7667187500
3.4650010000 0.5877187500 3.7718437500
3.4700010000 0.5885937500 3.7769687500
3.4750010000 0.5894687500 3.7820937500
3.4800010000 0.5902812500 3.7872187500
3.4850010000 0.5911562500 3.7923437500
3.4900010000 0.5920312500 3.7974687500
3.4950010000 0.5928437500 3.8025937500
3.5000010000 0.5937187500 3.8077187500
3.5050010000 0.5945937500 3.8128437500
3.5100010000 0.5954062500 3.8179687500
3.5150010000 0.5962812500 3.8230937500
3.5200010000 0.5971562500 3.8282812500
3.5250010000 0.5979687500 3.8334062500
3.5300010000 0.5988437500 3.8385312500
3.5350010000 0.5997187500 3.8436562500
3.5400010000 0.6005312500 3.8487812500
3.5450010000 0.6014062500 3.8539062500
3.5500010000 0.6022812500 3.8590312500
3.5550010000 0.6031562500 3.8642187500
3.5600010000 0.6039687500 3.8693437500
3.5650010000 0.6048437500 3.8744687500
3.5700010000 0.6057187500 3.8795937500
3.5750010000 0.6065312500 3.8847187500
3.5800010000 0.6074062500 3.8899062500
3.5850010000 0.6082812500 3.8950312500
3.5900010000 0.6090937500 3.9001562500
3.5950010000 0.6099687500 3.9052812500
3.6000010000 0.6108437500 3.9104062500
3.6050010000 0.6117187500 3.9155937500
3.6100010000 0.6125312500 3.9207187500
3.6150010000 0.6134062500 3.9258437500
3.6200010000 0.6142812500 3.9310312500
3.6250010000 0.6150937500 3.9361562500
3.6300010000 0.6159687500 3.9412812500
3.6350010000 0.6168437500 3.9464687500
3.6400010000 0.6176562500 3.9515937500
3.6450010000 0.6185312500 3.9567187500
3.6500010000 0.6194062500 3.9619062500
3.6550010000 0.6202187500 3.9670312500
3.6600010000 0.6210937500 3.9721562500
3.6650010000 0.6219687500 3.9773437500
3.6700010000 0.6227812500 3.9824687500
3.6750010000 0.6236562500 3.9875937500
3.6800010000 0.6245312500 3.9927812500
3.6850010000 0.6253437500 3.9979062500
3.6900010000 0.6262187500 4.0030937500
3.6950010000 0.6270937500 4.0082187500
3.7000010000 0.6279062500 4.0134062500
3.7050010000 0.6287812500 4.0185312500
3.7100010000 0.6296562500 4.0237187500
3.7150010000 0.6304687500 4.0288437500
3.7200010000 0.6313437500 4.0340312500
3.7250010000 0.6322187500 4.0391562500
3.7300010000 0.6330312500 4.0443437500
3.7350010000 0.6339062500 4.0494687500
3.7400010000 0.6347812500 4.0546562500
3.7450010000 0.6355937500 4.0597812500
3.7500010000 0.6364687500 4.0649687500
3.7550010000 0.6372812500 4.0700937500
3.7600010000 0.6381562500 4.0752812500
3.7650010000 0.6390312500 4.0804062500
3.7700010000 0.6398437500 4.0855937500
3.7750010000 0.6407187500 4.0907187500
3.7800010000 0.6415312500 4.0959062500
3.7850010000 0.6424062500 4.1010937500
3.7900010000 0.6432812500 4.1062187500
3.7950010000 0.6440937500 4.1114062500
3.8000010000 0.6449687500 4.1165937500
3.8050010000 0.6457812500 4.1217187500
3.8100010000 0.6466562500 4.1269062500
3.8150010000 0.6474687500 4.1320937500
3.8200010000 0.6483437500 4.1372187500
3.8250010000 0.6491562500 4.1424062500
3.8300010000 0.6500312500 4.1475937500
3.8350010000 0.6508437500 4.1527187500
3.8400010000 0.6517187500 4.1579062500
3.8450010000 0.6525312500 4.1630937500
3.8500010000 0.6534062500 4.1682187500
3.8550010000 0.6542187500 4.1734062500
3.8600010000 0.6550937500 4.1785937500
3.8650010000 0.6559062500 4.1837812500
3.8700010000 0.6567812500 4.1889062500
3.8750010000 0.6575937500 4.1940937500
3.8800010000 0.6584687500 4.1992812500
3.8850010000 0.6592812500 4.2044687500
3.8900010000 0.6600937500 4.2095937500
3.8950010000 0.6609687500 4.2147812500
3.9000010000 0.6617812500 4.2199687500
3.9050010000 0.6626562500 4.2251562500
3.9100010000 0.6634687500 4.2303437500
3.9150010000 0.6642812500 4.2355312500
3.9200010000 0.6651562500 4.2406562500
3.9250010000 0.6659687500 4.2458437500
3.9300010000 0.6667812500 4.2510312500
3.9350010000 0.6676562500 4.2562187500
3.9400010000 0.6684687500 4.2614062500
3.9450010000 0.6692812500 4.2665937500
3.9500010000 0.6700937500 4.2717812500
3.9550010000 0.6709687500 4.2769687500
3.9600010000 0.6717812500 4.2821562500
3.9650010000 0.6725937500 4.2872812500
3.9700010000 0.6734062500 4.2924687500
3.9750010000 0.6742812500 4.2976562500
3.9800010000 0.6750937500 4.3028437500
3.9850010000 0.6759062500 4.3080312500
3.9900010000 0.6767187500 4.3132187500
3.9950010000 0.6775312500 4.3184062500
4.0000010000 0.6783437500 4.3235937500
4.0050010000 0.6791562500 4.3287812500
4.0100010000 0.6799687500 4.3339687500
4.0150010000 0.6808437500 4.3391562500
4.0200010000 0.6816562500 4.3443437500
4.0250010000 0.6824687500 4.3495312500
4.0300010000 0.6832812500 4.3547187500
4.0350010000 0.6840937500 4.3599062500
4.0400010000 0.6849062500 4.3650937500
4.0450010000 0.6857187500 4.3702812500
4.0500010000 0.6865312500 4.3754687500
4.0550010000 0.6873437500 4.3806562500
4.0600010000 0.6880937500 4.3859062500
4.0650010000 0.6889062500 4.3910937500
4.0700010000 0.6897187500 4.3962812500
4.0750010000 0.6905312500 4.4014687500
4.0800010000 0.6913437500 4.4066562500
4.0850010000 0.6921562500 4.4118437500
4.0900010000 0.6929687500 4.4170312500
4.0950010000 0.6937187500 4.4222187500
4.1000010000 0.6945312500 4.4274687500
4.1050010000 0.6953437500 4.4326562500
4.1100010000 0.6960937500 4.4378437500
4.1150010000 0.6969062500 4.4430312500
4.1200010000 0.6977187500 4.4482187500
4.1250010000 0.6984687500 4.4534062500
4.1300010000 0.6992812500 4.4586562500
4.1350010000 0.7000937500 4.4638437500
4.1400010000 0.7008437500 4.4690312500
4.1450010000 0.7016562500 4.4742187500
4.1500010000 0.7024062500 4.4794062500
4.1550010000 0.7032187500 4.4846562500
4.1600010000 0.7039687500 4.4898437500
4.1650010000 0.7047812500 4.4950312500
4.1700010000 0.7055312500 4.5002812500
4.1750010000 0.7063437500 4.5054687500
4.1800010000 0.7070937500 4.5106562500
4.1850010000 0.7078437500 4.5158437500
4.1900010000 0.7086562500 4.5210937500
4.1950010000 0.7094062500 4.5262812500
4.2000010000 0.7101562500 4.5314687500
4.2050010000 0.7109062500 4.5367187500
4.2100010000 0.7117187500 4.5419062500
4.2150010000 0.7124687500 4.5470937500
4.2200010000 0.7132187500 4.5523437500
4.2250010000 0.7139687500 4.5575312500
4.2300010000 0.7147187500 4.5627187500
4.2350010000 0.7154687500 4.5679687500
4.2400010000 0.7162187500 4.5731562500
4.2450010000 0.7169687500 4.5783437500
4.2500010000 0.7177187500 4.5835937500
4.2550010000 0.7184687500 4.5887812500
4.2600010000 0.7192187500 4.5940312500
4.2650010000 0.7199687500 4.5992187500
4.2700010000 0.7206562500 4.6044062500
4.2750010000 0.7214062500 4.6096562500
4.2800010000 0.7221562500 4.6148437500
4.2850010000 0.7229062500 4.6200937500
4.2900010000 0.7235937500 4.6252812500
4.2950010000 0.7243437500 4.6305312500
4.3000010000 0.7250937500 4.6357187500
4.3050010000 0.7257812500 4.6409687500
4.3100010000 0.7265312500 4.6461562500
4.3150010000 0.7272187500 4.6514062500
4.3200010000 0.7279687500 4.6565937500
4.3250010000 0.7286562500 4.6618437500
4.3300010000 0.7293437500 4.6670312500
4.3350010000 0.7300937500 4.6722812500
4.3400010000 0.7307812500 4.6774687500
4.3450010000 0.7314687500 4.6827187500
4.3500010000 0.7321562500 4.6879062500
4.3550010000 0.7329062500 4.6931562500
4.3600010000 0.7335937500 4.6983437500
4.3650010000 0.7342812500 4.7035937500
4.3700010000 0.7349687500 4.7088437500
4.3750010000 0.7356562500 4.7140312500
4.3800010000 0.7363437500 4.7192812500
4.3850010000 0.7370312500 4.7244687500
4.3900010000 0.7376562500 4.7297187500
4.3950010000 0.7383437500 4.7349687500
4.4000010000 0.7390312500 4.7401562500
4.4050010000 0.7397187500 4.7454062500
4.4100010000 0.7403437500 4.7506562500
4.4150010000 0.7410312500 4.7558437500
4.4200010000 0.7416562500 4.7610937500
4.4250010000 0.7423437500 4.7663437500
4.4300010000 0.7429687500 4.7715312500
4.4350010000 0.7436562500 4.7767812500
4.4400010000 0.7442812500 4.7820312500
4.4450010000 0.7449062500 4.7872187500
4.4500010000 0.7455312500 4.7924687500
4.4550010000 0.7462187500 4.7977187500
4.4600010000 0.7468437500 4.8029062500
4.4650010000 0.7474687500 4.8081562500
4.4700010000 0.7480937500 4.8134062500
4.4750010000 0.7487187500 4.8186562500
4.4800010000 0.7492812500 4.8238437500
4.4850010000 0.7499062500 4.8290937500
4.4900010000 0.7505312500 4.8343437500
4.4950010000 0.7511562500 4.8395937500
4.5000010000 0.7517187500 4.8448437500
4.5050010000 0.7523437500 4.8500312500
4.5100010000 0.7529062500 4.8552812500
4.5150010000 0.7535312500 4.8605312500
4.5200010000 0.7540937500 4.8657812500
4.5250010000 0.7546562500 4.8710312500
4.5300010000 0.7552812500 4.8762187500
4.5350010000 0.7558437500 4.8814687500
4.5400010000 0.7564062500 4.8867187500
4.5450010000 0.7569687500 4.8919687500
4.5500010000 0.7575312500 4.8972187500
4.5550010000 0.7580937500 4.9024687500
4.5600010000 0.7585937500 4.9077187500
4.5650010000 0.7591562500 4.9129062500
4.5700010000 0.7597187500 4.9181562500
4.5750010000 0.7602187500 4.9234062500
4.5800010000 0.7607812500 4.9286562500
4.5850010000 0.7612812500 4.9339062500
4.5900010000 0.7617812500 4.9391562500
4.5950010000 0.7623437500 4.9444062500
4.6000010000 0.7628437500 4.9496562500
4.6050010000 0.7633437500 4.9549062500
4.6100010000 0.7638437500 4.9601562500
4.6150010000 0.7643437500 4.9654062500
4.6200010000 0.7647812500 4.9706562500
4.6250010000 0.7652812500 4.9759062500
4.6300010000 0.7657812500 4.9811562500
4.6350010000 0.7662187500 4.9864062500
4.6400010000 0.7667187500 4.9916562500
4.6450010000 0.7671562500 4.9969062500
4.6500010000 0.7675937500 5.0021562500
4.6550010000 0.7680312500 5.0074062500
4.6600010000 0.7684687500 5.0126562500
4.6650010000 0.7689062500 5.0179062500
4.6700010000 0.7693437500 5.0231562500
4.6750010000 0.7697812500 5.0284062500
4.6800010000 0.7702187500 5.0336562500
4.6850010000 0.7705937500 5.0389062500
4.6900010000 0.7709687500 5.0441562500
4.6950010000 0.7714062500 5.0494062500
4.7000010000 0.7717812500 5.0546562500
4.7050010000 0.7721562500 5.0599062500
4.7100010000 0.7725312500 5.0651562500
4.7150010000 0.7729062500 5.0704062500
4.7200010000 0.7732187500 5.0757187500
4.7250010000 0.7735937500 5.0809687500
4.7300010000 0.7739062500 5.0862187500
4.7350010000 0.7742812500 5.0914687500
4.7400010000 0.7745937500 5.0967187500
4.7450010000 0.7749062500 5.1019687500
4.7500010000 0.7752187500 5.1072187500
4.7550010000 0.7755312500 5.1125312500
4.7600010000 0.7758437500 5.1177812500
4.7650010000 0.7760937500 5.1230312500
4.7700010000 0.7764062500 5.1282812500
4.7750010000 0.7766562500 5.1335312500
4.7800010000 0.7769062500 5.1388437500
4.7850010000 0.7771562500 5.1440937500
4.7900010000 0.7774062500 5.1493437500
4.7950010000 0.7775937500 5.1545937500
4.8000010000 0.7778437500 5.1599062500
4.8050010000 0.7780312500 5.1651562500
4.8100010000 0.7782187500 5.1704062500
4.8150010000 0.7784062500 5.1756562500
4.8200010000 0.7785937500 5.1809687500
4.8250010000 0.7787812500 5.1862187500
