2.9000000010 1.2003097119 2.0978247705 4.1279574170
3.0000000010 1.3103811377 2.1892507764 4.1891507861
3.1000000010 1.4042601904 2.2806133350 4.2441726514
3.2000000010 1.5193543506 2.3718557471 4.2932056104
3.3000000010 1.6752897119 2.4627951318 4.3374717920
3.4000000010 1.8468953955 2.5531331983 4.3793349658
3.5000000010 2.0223349170 2.6424143897 4.4217399951
3.6000000010 2.1971820264 2.7299206299 4.4672274561
3.7000000010 2.3712126416 2.8144169190 4.5172816162
3.8000000010 2.5470466162 2.8934124463 4.5723521631
3.9000000010 2.7323571631 2.9599343311 4.6322337842
