1.1000000010 1.0800615967 2.3201022607 2.8958918311
1.2000000010 1.1448349854 2.3504347412 2.9557310986
1.3000000010 1.2143270947 2.3815931201 3.0164559815
1.4000000010 1.2865538525 2.4132984717 3.0780032373
1.5000000010 1.3596828857 2.4451420166 3.1403658057
1.6000000010 1.4314614600 2.4765242627 3.2035785108
1.7000000010 1.4970720947 2.5065487647 3.2677077295
1.8000000010 1.5604617920 2.5338172705 3.3328445947
1.9000000010 1.6677567432 2.5559846826 3.3991014795
2.0000000010 1.8046838037 2.5686057373 3.4666123291
