0.670000 0.012695 1.211992
0.675000 0.027773 1.214961
0.680000 0.037148 1.217930
0.685000 0.044570 1.220977
0.690000 0.050977 1.223945
0.695000 0.056602 1.226992
0.700000 0.061758 1.230117
0.705000 0.066523 1.233164
0.710000 0.070977 1.236289
0.715000 0.075117 1.239336
0.720000 0.079102 1.242461
0.725000 0.082852 1.245664
0.730000 0.086445 1.248789
0.735000 0.089883 1.251914
0.740000 0.093242 1.255117
0.745000 0.096523 1.258320
0.750000 0.099648 1.261523
0.755000 0.102617 1.264805
0.760000 0.105586 1.268008
0.765000 0.108477 1.271289
0.770000 0.111289 1.274570
0.775000 0.114023 1.277852
0.780000 0.116680 1.281133
0.785000 0.119336 1.284492
0.790000 0.121914 1.287773
0.795000 0.124414 1.291133
0.800000 0.126914 1.294492
0.805000 0.129336 1.297930
0.810000 0.131680 1.301289
0.815000 0.134102 1.304648
0.820000 0.136367 1.308086
0.825000 0.138633 1.311523
0.830000 0.140898 1.314961
0.835000 0.143164 1.318398
0.840000 0.145352 1.321914
0.845000 0.147461 1.325352
0.850000 0.149648 1.328867
0.855000 0.151758 1.332383
0.860000 0.153789 1.335898
0.865000 0.155898 1.339414
0.870000 0.157930 1.342930
0.875000 0.159961 1.346523
0.880000 0.161914 1.350117
0.885000 0.163945 1.353711
0.890000 0.165898 1.357305
0.895000 0.167852 1.360898
0.900000 0.169727 1.364492
0.905000 0.171680 1.368086
0.910000 0.173555 1.371758
0.915000 0.175430 1.375430
0.920000 0.177227 1.379102
0.925000 0.179102 1.382773
0.930000 0.180898 1.386445
0.935000 0.182773 1.390117
0.940000 0.184570 1.393867
0.945000 0.186289 1.397539
0.950000 0.188086 1.401289
0.955000 0.189883 1.405039
0.960000 0.191602 1.408789
0.965000 0.193320 1.412539
0.970000 0.195039 1.416367
0.975000 0.196758 1.420117
0.980000 0.198477 1.423945
0.985000 0.200195 1.427773
0.990000 0.201836 1.431523
0.995000 0.203555 1.435352
1.000000 0.205195 1.439258
1.005000 0.206836 1.443086
1.010000 0.208477 1.446914
1.015000 0.210117 1.450820
1.020000 0.211758 1.454648
1.025000 0.213398 1.458555
1.030000 0.214961 1.462461
1.035000 0.216602 1.466367
1.040000 0.218164 1.470273
1.045000 0.219727 1.474180
1.050000 0.221289 1.478164
1.055000 0.222852 1.482070
1.060000 0.224414 1.486055
1.065000 0.225977 1.490039
1.070000 0.227539 1.493945
1.075000 0.229102 1.497930
1.080000 0.230586 1.501992
1.085000 0.232148 1.505977
1.090000 0.233633 1.509961
1.095000 0.235117 1.513945
1.100000 0.236680 1.518008
1.105000 0.238164 1.522070
1.110000 0.239648 1.526055
1.115000 0.241133 1.530117
1.120000 0.242617 1.534180
1.125000 0.244023 1.538242
1.130000 0.245508 1.542305
1.135000 0.246992 1.546445
1.140000 0.248398 1.550508
1.145000 0.249883 1.554648
1.150000 0.251289 1.558711
1.155000 0.252773 1.562852
1.160000 0.254180 1.566992
1.165000 0.255586 1.571055
1.170000 0.256992 1.575195
1.175000 0.258398 1.579414
1.180000 0.259805 1.583555
1.185000 0.261211 1.587695
1.190000 0.262617 1.591836
1.195000 0.264023 1.596055
1.200000 0.265430 1.600195
1.205000 0.266758 1.604414
1.210000 0.268164 1.608633
1.215000 0.269492 1.612852
1.220000 0.270898 1.617070
1.225000 0.272227 1.621289
1.230000 0.273633 1.625508
1.235000 0.274961 1.629727
1.240000 0.276289 1.633945
1.245000 0.277617 1.638242
1.250000 0.278945 1.642461
1.255000 0.280273 1.646758
1.260000 0.281602 1.650977
1.265000 0.282930 1.655273
1.270000 0.284258 1.659570
1.275000 0.285586 1.663867
1.280000 0.286914 1.668164
1.285000 0.288164 1.672461
1.290000 0.289492 1.676758
1.295000 0.290820 1.681055
1.300000 0.292070 1.685352
1.305000 0.293398 1.689727
1.310000 0.294648 1.694023
1.315000 0.295898 1.698398
1.320000 0.297227 1.702695
1.325000 0.298477 1.707070
1.330000 0.299727 1.711445
1.335000 0.300977 1.715820
1.340000 0.302227 1.720195
1.345000 0.303477 1.724570
1.350000 0.304727 1.728945
1.355000 0.305977 1.733320
1.360000 0.307227 1.737695
1.365000 0.308477 1.742070
1.370000 0.309648 1.746523
1.375000 0.310898 1.750898
1.380000 0.312148 1.755352
1.385000 0.313320 1.759727
1.390000 0.314570 1.764180
1.395000 0.315742 1.768633
1.400000 0.316992 1.773008
1.405000 0.318164 1.777461
1.410000 0.319336 1.781914
1.415000 0.320586 1.786367
1.420000 0.321758 1.790820
1.425000 0.322930 1.795273
1.430000 0.324102 1.799727
1.435000 0.325273 1.804258
1.440000 0.326445 1.808711
1.445000 0.327617 1.813164
1.450000 0.328789 1.817695
1.455000 0.329961 1.822148
1.460000 0.331133 1.826680
1.465000 0.332227 1.831133
1.470000 0.333398 1.835664
1.475000 0.334570 1.840195
1.480000 0.335664 1.844727
1.485000 0.336836 1.849180
1.490000 0.337930 1.853711
1.495000 0.339102 1.858242
1.500000 0.340195 1.862773
1.505000 0.341289 1.867305
1.510000 0.342383 1.871914
1.515000 0.343555 1.876445
1.520000 0.344648 1.880977
1.525000 0.345742 1.885508
1.530000 0.346836 1.890117
1.535000 0.347930 1.894648
1.540000 0.349023 1.899258
1.545000 0.350117 1.903789
1.550000 0.351211 1.908398
1.555000 0.352227 1.913008
1.560000 0.353320 1.917539
1.565000 0.354414 1.922148
1.570000 0.355430 1.926758
1.575000 0.356523 1.931367
1.580000 0.357617 1.935977
1.585000 0.358633 1.940586
1.590000 0.359648 1.945195
1.595000 0.360742 1.949805
1.600000 0.361758 1.954414
1.605000 0.362773 1.959023
1.610000 0.363867 1.963633
1.615000 0.364883 1.968320
1.620000 0.365898 1.972930
1.625000 0.366914 1.977539
1.630000 0.367930 1.982227
1.635000 0.368945 1.986836
1.640000 0.369883 1.991523
1.645000 0.370898 1.996133
1.650000 0.371914 2.000820
1.655000 0.372930 2.005430
1.660000 0.373867 2.010117
1.665000 0.374883 2.014805
1.670000 0.375820 2.019492
1.675000 0.376836 2.024180
1.680000 0.377773 2.028789
1.685000 0.378789 2.033477
1.690000 0.379727 2.038164
1.695000 0.380664 2.042852
1.700000 0.381602 2.047539
1.705000 0.382539 2.052305
1.710000 0.383477 2.056992
1.715000 0.384414 2.061680
1.720000 0.385352 2.066367
1.725000 0.386289 2.071055
1.730000 0.387227 2.075820
1.735000 0.388086 2.080508
1.740000 0.389023 2.085273
1.745000 0.389961 2.089961
1.750000 0.390820 2.094648
1.755000 0.391758 2.099414
1.760000 0.392617 2.104180
1.765000 0.393477 2.108867
1.770000 0.394336 2.113633
1.775000 0.395273 2.118398
1.780000 0.396133 2.123086
1.785000 0.396992 2.127852
1.790000 0.397852 2.132617
1.795000 0.398633 2.137383
1.800000 0.399492 2.142148
1.805000 0.400352 2.146836
1.810000 0.401211 2.151602
1.815000 0.401992 2.156367
1.820000 0.402852 2.161133
1.825000 0.403633 2.165977
1.830000 0.404414 2.170742
1.835000 0.405273 2.175508
1.840000 0.406055 2.180273
1.845000 0.406836 2.185039
1.850000 0.407617 2.189805
1.855000 0.408398 2.194648
1.860000 0.409102 2.199414
1.865000 0.409883 2.204180
1.870000 0.410586 2.209023
1.875000 0.411367 2.213789
1.880000 0.412070 2.218633
1.885000 0.412773 2.223398
1.890000 0.413477 2.228242
1.895000 0.414180 2.233008
1.900000 0.414883 2.237852
1.905000 0.415586 2.242617
1.910000 0.416211 2.247461
1.915000 0.416836 2.252305
1.920000 0.417383 2.257148
1.925000 0.418008 2.261914
1.930000 0.418633 2.266758
1.935000 0.419258 2.271602
1.940000 0.419883 2.276445
1.945000 0.420586 2.281289
1.950000 0.421211 2.286133
1.955000 0.421914 2.290977
1.960000 0.422617 2.295820
1.965000 0.423320 2.300664
1.970000 0.424023 2.305508
1.975000 0.424727 2.310352
1.980000 0.425430 2.315195
1.985000 0.426133 2.320039
1.990000 0.426836 2.324883
1.995000 0.427539 2.329727
2.000000 0.428242 2.334570
2.005000 0.428945 2.339492
2.010000 0.429727 2.344336
2.015000 0.430430 2.349180
2.020000 0.431133 2.354102
2.025000 0.431914 2.358945
2.030000 0.432617 2.363789
2.035000 0.433398 2.368711
2.040000 0.434102 2.373555
2.045000 0.434883 2.378477
2.050000 0.435586 2.383320
2.055000 0.436367 2.388242
2.060000 0.437148 2.393086
2.065000 0.437852 2.398008
2.070000 0.438633 2.402930
2.075000 0.439414 2.407773
2.080000 0.440195 2.412695
2.085000 0.440898 2.417617
2.090000 0.441680 2.422461
2.095000 0.442461 2.427383
2.100000 0.443242 2.432305
2.105000 0.444023 2.437227
2.110000 0.444805 2.442148
2.115000 0.445586 2.446992
2.120000 0.446367 2.451914
2.125000 0.447148 2.456836
2.130000 0.447930 2.461758
2.135000 0.448711 2.466680
2.140000 0.449492 2.471602
2.145000 0.450273 2.476523
2.150000 0.451055 2.481445
2.155000 0.451836 2.486367
2.160000 0.452617 2.491289
2.165000 0.453398 2.496211
2.170000 0.454180 2.501133
2.175000 0.455039 2.506133
2.180000 0.455820 2.511055
2.185000 0.456602 2.515977
2.190000 0.457383 2.520898
2.195000 0.458242 2.525820
2.200000 0.459023 2.530820
2.205000 0.459805 2.535742
2.210000 0.460664 2.540664
2.215000 0.461445 2.545664
2.220000 0.462227 2.550586
2.225000 0.463086 2.555508
2.230000 0.463867 2.560508
2.235000 0.464727 2.565430
2.240000 0.465508 2.570430
2.245000 0.466367 2.575352
2.250000 0.467148 2.580352
2.255000 0.468008 2.585273
2.260000 0.468789 2.590273
2.265000 0.469648 2.595195
2.270000 0.470430 2.600195
2.275000 0.471289 2.605195
2.280000 0.472148 2.610117
2.285000 0.472930 2.615117
2.290000 0.473789 2.620039
2.295000 0.474648 2.625039
2.300000 0.475430 2.630039
2.305000 0.476289 2.635039
2.310000 0.477148 2.639961
2.315000 0.478008 2.644961
2.320000 0.478789 2.649961
2.325000 0.479648 2.654961
2.330000 0.480508 2.659961
2.335000 0.481367 2.664883
2.340000 0.482148 2.669883
2.345000 0.483008 2.674883
2.350000 0.483867 2.679883
2.355000 0.484727 2.684883
2.360000 0.485586 2.689883
2.365000 0.486445 2.694883
2.370000 0.487305 2.699883
2.375000 0.488164 2.704883
2.380000 0.489023 2.709883
2.385000 0.489883 2.714883
2.390000 0.490742 2.719883
2.395000 0.491602 2.724883
2.400000 0.492461 2.729883
2.405000 0.493320 2.734961
2.410000 0.494180 2.739961
2.415000 0.495039 2.744961
2.420000 0.495898 2.749961
2.425000 0.496758 2.754961
2.430000 0.497617 2.759961
2.435000 0.498555 2.765039
2.440000 0.499414 2.770039
2.445000 0.500273 2.775039
2.450000 0.501133 2.780117
2.455000 0.501992 2.785117
2.460000 0.502930 2.790117
2.465000 0.503789 2.795195
2.470000 0.504648 2.800195
2.475000 0.505508 2.805195
2.480000 0.506445 2.810273
2.485000 0.507305 2.815273
2.490000 0.508164 2.820352
2.495000 0.509102 2.825352
2.500000 0.509961 2.830352
2.505000 0.510898 2.835430
2.510000 0.511758 2.840430
2.515000 0.512617 2.845508
2.520000 0.513555 2.850586
2.525000 0.514414 2.855586
2.530000 0.515352 2.860664
2.535000 0.516211 2.865664
2.540000 0.517148 2.870742
2.545000 0.518008 2.875742
2.550000 0.518945 2.880820
2.555000 0.519805 2.885898
2.560000 0.520742 2.890898
2.565000 0.521680 2.895977
2.570000 0.522539 2.901055
2.575000 0.523477 2.906133
2.580000 0.524336 2.911133
2.585000 0.525273 2.916211
2.590000 0.526211 2.921289
2.595000 0.527070 2.926367
2.600000 0.528008 2.931367
2.605000 0.528945 2.936445
2.610000 0.529883 2.941523
2.615000 0.530742 2.946602
2.620000 0.531680 2.951680
2.625000 0.532617 2.956758
2.630000 0.533555 2.961758
2.635000 0.534414 2.966836
2.640000 0.535352 2.971914
2.645000 0.536289 2.976992
2.650000 0.537227 2.982070
2.655000 0.538164 2.987148
2.660000 0.539102 2.992227
2.665000 0.540039 2.997305
2.670000 0.540977 3.002383
2.675000 0.541914 3.007461
2.680000 0.542852 3.012539
2.685000 0.543711 3.017617
2.690000 0.544648 3.022695
2.695000 0.545586 3.027773
2.700000 0.546602 3.032852
2.705000 0.547539 3.038008
2.710000 0.548477 3.043086
2.715000 0.549414 3.048164
2.720000 0.550352 3.053242
2.725000 0.551289 3.058320
2.730000 0.552227 3.063398
2.735000 0.553164 3.068555
2.740000 0.554102 3.073633
2.745000 0.555039 3.078711
2.750000 0.556055 3.083789
2.755000 0.556992 3.088867
2.760000 0.557930 3.094023
2.765000 0.558867 3.099102
2.770000 0.559805 3.104180
2.775000 0.560820 3.109336
2.780000 0.561758 3.114414
2.785000 0.562695 3.119492
2.790000 0.563711 3.124648
2.795000 0.564648 3.129727
2.800000 0.565586 3.134805
2.805000 0.566602 3.139961
2.810000 0.567539 3.145039
2.815000 0.568477 3.150195
2.820000 0.569492 3.155273
2.825000 0.570430 3.160352
2.830000 0.571445 3.165508
2.835000 0.572383 3.170586
2.840000 0.573320 3.175742
2.845000 0.574336 3.180820
2.850000 0.575273 3.185977
2.855000 0.576289 3.191055
2.860000 0.577227 3.196211
2.865000 0.578242 3.201289
2.870000 0.579258 3.206445
2.875000 0.580195 3.211523
2.880000 0.581211 3.216680
2.885000 0.582148 3.221836
2.890000 0.583164 3.226914
2.895000 0.584180 3.232070
2.900000 0.585117 3.237148
2.905000 0.586133 3.242305
2.910000 0.587148 3.247461
2.915000 0.588086 3.252539
2.920000 0.589102 3.257695
2.925000 0.590117 3.262852
2.930000 0.591055 3.267930
2.935000 0.592070 3.273086
2.940000 0.593086 3.278242
2.945000 0.594102 3.283398
2.950000 0.595039 3.288477
2.955000 0.596055 3.293633
2.960000 0.597070 3.298789
2.965000 0.598086 3.303945
2.970000 0.599102 3.309023
2.975000 0.600117 3.314180
2.980000 0.601133 3.319336
2.985000 0.602070 3.324492
2.990000 0.603086 3.329648
2.995000 0.604102 3.334805
3.000000 0.605117 3.339883
3.005000 0.606133 3.345039
3.010000 0.607148 3.350195
3.015000 0.608164 3.355352
3.020000 0.609180 3.360508
3.025000 0.610195 3.365664
3.030000 0.611211 3.370820
3.035000 0.612227 3.375977
3.040000 0.613242 3.381133
3.045000 0.614336 3.386289
3.050000 0.615352 3.391445
3.055000 0.616367 3.396602
3.060000 0.617383 3.401758
3.065000 0.618398 3.406914
3.070000 0.619414 3.412070
3.075000 0.620430 3.417227
3.080000 0.621523 3.422383
3.085000 0.622539 3.427539
3.090000 0.623555 3.432695
3.095000 0.624570 3.437852
3.100000 0.625586 3.443008
3.105000 0.626680 3.448164
3.110000 0.627695 3.453320
3.115000 0.628711 3.458477
3.120000 0.629805 3.463633
3.125000 0.630820 3.468867
3.130000 0.631836 3.474023
3.135000 0.632930 3.479180
3.140000 0.633945 3.484336
3.145000 0.634961 3.489492
3.150000 0.636055 3.494648
3.155000 0.637070 3.499883
3.160000 0.638164 3.505039
3.165000 0.639180 3.510195
3.170000 0.640273 3.515352
3.175000 0.641289 3.520586
3.180000 0.642305 3.525742
3.185000 0.643398 3.530898
3.190000 0.644492 3.536055
3.195000 0.645508 3.541289
3.200000 0.646602 3.546445
3.205000 0.647617 3.551602
3.210000 0.648711 3.556758
3.215000 0.649727 3.561992
3.220000 0.650820 3.567148
3.225000 0.651914 3.572305
3.230000 0.652930 3.577539
3.235000 0.654023 3.582695
3.240000 0.655039 3.587930
3.245000 0.656133 3.593086
3.250000 0.657227 3.598242
3.255000 0.658320 3.603477
3.260000 0.659336 3.608633
3.265000 0.660430 3.613789
3.270000 0.661523 3.619023
3.275000 0.662617 3.624180
3.280000 0.663633 3.629414
3.285000 0.664727 3.634570
3.290000 0.665820 3.639805
3.295000 0.666914 3.644961
3.300000 0.668008 3.650195
3.305000 0.669023 3.655352
3.310000 0.670117 3.660586
3.315000 0.671211 3.665742
3.320000 0.672305 3.670977
3.325000 0.673398 3.676133
3.330000 0.674492 3.681367
3.335000 0.675586 3.686523
3.340000 0.676680 3.691758
3.345000 0.677773 3.696914
3.350000 0.678867 3.702148
3.355000 0.679961 3.707383
3.360000 0.681055 3.712539
3.365000 0.682148 3.717773
3.370000 0.683242 3.722930
3.375000 0.684336 3.728164
3.380000 0.685430 3.733398
3.385000 0.686523 3.738555
3.390000 0.687617 3.743789
3.395000 0.688711 3.749023
3.400000 0.689805 3.754180
3.405000 0.690898 3.759414
3.410000 0.691992 3.764648
3.415000 0.693164 3.769805
3.420000 0.694258 3.775039
3.425000 0.695352 3.780273
3.430000 0.696445 3.785508
3.435000 0.697539 3.790664
3.440000 0.698711 3.795898
3.445000 0.699805 3.801133
3.450000 0.700898 3.806289
3.455000 0.701992 3.811523
3.460000 0.703164 3.816758
3.465000 0.704258 3.821992
3.470000 0.705352 3.827227
3.475000 0.706445 3.832383
3.480000 0.707617 3.837617
3.485000 0.708711 3.842852
3.490000 0.709883 3.848086
3.495000 0.710977 3.853320
3.500000 0.712070 3.858555
3.505000 0.713242 3.863711
3.510000 0.714336 3.868945
3.515000 0.715430 3.874180
3.520000 0.716602 3.879414
3.525000 0.717695 3.884648
3.530000 0.718867 3.889883
3.535000 0.719961 3.895117
3.540000 0.721133 3.900352
3.545000 0.722227 3.905586
3.550000 0.723398 3.910742
3.555000 0.724492 3.915977
3.560000 0.725664 3.921211
3.565000 0.726758 3.926445
3.570000 0.727930 3.931680
3.575000 0.729102 3.936914
3.580000 0.730195 3.942148
3.585000 0.731367 3.947383
3.590000 0.732461 3.952617
3.595000 0.733633 3.957852
3.600000 0.734805 3.963086
3.605000 0.735898 3.968320
3.610000 0.737070 3.973555
3.615000 0.738242 3.978789
3.620000 0.739336 3.984023
3.625000 0.740508 3.989258
3.630000 0.741680 3.994492
3.635000 0.742852 3.999805
3.640000 0.743945 4.005039
3.645000 0.745117 4.010273
3.650000 0.746289 4.015508
3.655000 0.747461 4.020742
3.660000 0.748555 4.025977
3.665000 0.749727 4.031211
3.670000 0.750898 4.036445
3.675000 0.752070 4.041680
3.680000 0.753242 4.046992
3.685000 0.754414 4.052227
3.690000 0.755508 4.057461
3.695000 0.756680 4.062695
3.700000 0.757852 4.067930
3.705000 0.759023 4.073164
3.710000 0.760195 4.078477
3.715000 0.761367 4.083711
3.720000 0.762539 4.088945
3.725000 0.763711 4.094180
3.730000 0.764883 4.099414
3.735000 0.766055 4.104727
3.740000 0.767227 4.109961
3.745000 0.768398 4.115195
3.750000 0.769570 4.120430
3.755000 0.770742 4.125742
3.760000 0.771914 4.130977
3.765000 0.773086 4.136211
3.770000 0.774258 4.141445
3.775000 0.775430 4.146758
3.780000 0.776602 4.151992
3.785000 0.777773 4.157227
3.790000 0.778945 4.162539
3.795000 0.780117 4.167773
3.800000 0.781289 4.173008
3.805000 0.782539 4.178320
3.810000 0.783711 4.183555
3.815000 0.784883 4.188789
3.820000 0.786055 4.194102
3.825000 0.787227 4.199336
3.830000 0.788398 4.204570
3.835000 0.789648 4.209883
3.840000 0.790820 4.215117
3.845000 0.791992 4.220430
3.850000 0.793164 4.225664
3.855000 0.794414 4.230898
3.860000 0.795586 4.236211
3.865000 0.796758 4.241445
3.870000 0.797930 4.246758
3.875000 0.799180 4.251992
3.880000 0.800352 4.257305
3.885000 0.801523 4.262539
3.890000 0.802773 4.267852
3.895000 0.803945 4.273086
3.900000 0.805117 4.278398
3.905000 0.806367 4.283633
3.910000 0.807539 4.288945
3.915000 0.808711 4.294180
3.920000 0.809961 4.299492
3.925000 0.811133 4.304727
3.930000 0.812305 4.310039
3.935000 0.813555 4.315273
3.940000 0.814727 4.320586
3.945000 0.815977 4.325820
3.950000 0.817148 4.331133
3.955000 0.818398 4.336367
3.960000 0.819570 4.341680
3.965000 0.820820 4.346992
3.970000 0.821992 4.352227
3.975000 0.823242 4.357539
3.980000 0.824414 4.362773
3.985000 0.825664 4.368086
3.990000 0.826836 4.373398
3.995000 0.828086 4.378633
4.000000 0.829258 4.383945
4.005000 0.830508 4.389180
4.010000 0.831680 4.394492
4.015000 0.832930 4.399805
4.020000 0.834102 4.405039
4.025000 0.835352 4.410352
4.030000 0.836602 4.415664
4.035000 0.837773 4.420898
4.040000 0.839023 4.426211
4.045000 0.840195 4.431523
4.050000 0.841445 4.436758
4.055000 0.842695 4.442070
4.060000 0.843867 4.447383
4.065000 0.845117 4.452695
4.070000 0.846367 4.457930
4.075000 0.847539 4.463242
4.080000 0.848789 4.468555
4.085000 0.850039 4.473867
4.090000 0.851211 4.479102
4.095000 0.852461 4.484414
4.100000 0.853711 4.489727
4.105000 0.854961 4.495039
4.110000 0.856133 4.500273
4.115000 0.857383 4.505586
4.120000 0.858633 4.510898
4.125000 0.859883 4.516211
4.130000 0.861055 4.521523
4.135000 0.862305 4.526836
4.140000 0.863555 4.532070
4.145000 0.864805 4.537383
4.150000 0.865977 4.542695
4.155000 0.867227 4.548008
4.160000 0.868477 4.553320
4.165000 0.869727 4.558633
4.170000 0.870977 4.563945
4.175000 0.872227 4.569180
4.180000 0.873398 4.574492
4.185000 0.874648 4.579805
4.190000 0.875898 4.585117
4.195000 0.877148 4.590430
4.200000 0.878398 4.595742
4.205000 0.879648 4.601055
4.210000 0.880898 4.606367
4.215000 0.882148 4.611680
4.220000 0.883320 4.616992
4.225000 0.884570 4.622305
4.230000 0.885820 4.627617
4.235000 0.887070 4.632930
4.240000 0.888320 4.638242
4.245000 0.889570 4.643477
4.250000 0.890820 4.648789
4.255000 0.892070 4.654102
4.260000 0.893320 4.659414
4.265000 0.894570 4.664727
4.270000 0.895820 4.670039
4.275000 0.897070 4.675430
4.280000 0.898320 4.680742
4.285000 0.899570 4.686055
4.290000 0.900820 4.691367
4.295000 0.902070 4.696680
4.300000 0.903320 4.701992
4.305000 0.904570 4.707305
4.310000 0.905820 4.712617
4.315000 0.907070 4.717930
4.320000 0.908320 4.723242
4.325000 0.909570 4.728555
4.330000 0.910820 4.733867
4.335000 0.912070 4.739180
4.340000 0.913320 4.744492
4.345000 0.914570 4.749883
4.350000 0.915820 4.755195
4.355000 0.917070 4.760508
4.360000 0.918320 4.765820
4.365000 0.919570 4.771133
4.370000 0.920820 4.776445
4.375000 0.922070 4.781758
4.380000 0.923320 4.787148
4.385000 0.924648 4.792461
4.390000 0.925898 4.797773
4.395000 0.927148 4.803086
4.400000 0.928398 4.808398
4.405000 0.929648 4.813789
4.410000 0.930898 4.819102
4.415000 0.932148 4.824414
4.420000 0.933398 4.829727
4.425000 0.934648 4.835039
4.430000 0.935977 4.840430
4.435000 0.937227 4.845742
4.440000 0.938477 4.851055
4.445000 0.939727 4.856367
4.450000 0.940977 4.861758
4.455000 0.942227 4.867070
4.460000 0.943477 4.872383
4.465000 0.944727 4.877695
4.470000 0.946055 4.883086
4.475000 0.947305 4.888398
4.480000 0.948555 4.893711
4.485000 0.949805 4.899102
4.490000 0.951055 4.904414
4.495000 0.952305 4.909727
4.500000 0.953633 4.915117
4.505000 0.954883 4.920430
4.510000 0.956133 4.925742
4.515000 0.957383 4.931133
4.520000 0.958633 4.936445
4.525000 0.959883 4.941758
4.530000 0.961211 4.947148
4.535000 0.962461 4.952461
4.540000 0.963711 4.957852
4.545000 0.964961 4.963164
4.550000 0.966211 4.968477
4.555000 0.967461 4.973867
4.560000 0.968789 4.979180
4.565000 0.970039 4.984570
4.570000 0.971289 4.989883
4.575000 0.972539 4.995195
4.580000 0.973789 5.000586
4.585000 0.975117 5.005898
4.590000 0.976367 5.011289
4.595000 0.977617 5.016602
4.600000 0.978867 5.021992
4.605000 0.980117 5.027305
4.610000 0.981445 5.032695
4.615000 0.982695 5.038008
4.620000 0.983945 5.043398
4.625000 0.985195 5.048711
4.630000 0.986445 5.054102
4.635000 0.987695 5.059414
4.640000 0.989023 5.064805
4.645000 0.990273 5.070117
4.650000 0.991523 5.075508
4.655000 0.992773 5.080820
4.660000 0.994023 5.086211
4.665000 0.995352 5.091523
4.670000 0.996602 5.096914
4.675000 0.997852 5.102305
4.680000 0.999102 5.107617
4.685000 1.000352 5.113008
4.690000 1.001602 5.118320
4.695000 1.002930 5.123711
4.700000 1.004180 5.129102
4.705000 1.005430 5.134414
4.710000 1.006680 5.139805
4.715000 1.007930 5.145117
4.720000 1.009180 5.150508
4.725000 1.010430 5.155898
4.730000 1.011758 5.161211
4.735000 1.013008 5.166602
4.740000 1.014258 5.171992
4.745000 1.015508 5.177305
4.750000 1.016758 5.182695
4.755000 1.018008 5.188086
4.760000 1.019258 5.193398
4.765000 1.020586 5.198789
4.770000 1.021836 5.204180
4.775000 1.023086 5.209492
4.780000 1.024336 5.214883
4.785000 1.025586 5.220273
4.790000 1.026836 5.225664
4.795000 1.028086 5.230977
4.800000 1.029336 5.236367
4.805000 1.030586 5.241758
4.810000 1.031836 5.247148
4.815000 1.033086 5.252461
4.820000 1.034336 5.257852
4.825000 1.035664 5.263242
4.830000 1.036914 5.268633
4.835000 1.038164 5.273945
4.840000 1.039414 5.279336
4.845000 1.040664 5.284727
4.850000 1.041914 5.290117
4.855000 1.043164 5.295508
4.860000 1.044414 5.300820
4.865000 1.045664 5.306211
4.870000 1.046914 5.311602
4.875000 1.048164 5.316992
4.880000 1.049414 5.322383
4.885000 1.050664 5.327773
4.890000 1.051914 5.333164
4.895000 1.053164 5.338477
4.900000 1.054414 5.343867
4.905000 1.055586 5.349258
4.910000 1.056836 5.354648
4.915000 1.058086 5.360039
4.920000 1.059336 5.365430
4.925000 1.060586 5.370820
4.930000 1.061836 5.376211
4.935000 1.063086 5.381602
4.940000 1.064336 5.386992
4.945000 1.065586 5.392383
4.950000 1.066758 5.397695
4.955000 1.068008 5.403086
4.960000 1.069258 5.408477
4.965000 1.070508 5.413867
4.970000 1.071758 5.419258
4.975000 1.072930 5.424648
4.980000 1.074180 5.430039
4.985000 1.075430 5.435430
4.990000 1.076680 5.440820
4.995000 1.077852 5.446211
