0.000000 0.999961
0.005000 1.000039
0.010000 1.000039
0.015000 1.000117
0.020000 1.000195
0.025000 1.000273
0.030000 1.000430
0.035000 1.000586
0.040000 1.000820
0.045000 1.000977
0.050000 1.001211
0.055000 1.001523
0.060000 1.001836
0.065000 1.002148
0.070000 1.002461
0.075000 1.002773
0.080000 1.003164
0.085000 1.003633
0.090000 1.004023
0.095000 1.004492
0.100000 1.004961
0.105000 1.005508
0.110000 1.006055
0.115000 1.006602
0.120000 1.007227
0.125000 1.007773
0.130000 1.008398
0.135000 1.009102
0.140000 1.009805
0.145000 1.010508
0.150000 1.011211
0.155000 1.011992
0.160000 1.012773
0.165000 1.013555
0.170000 1.014414
0.175000 1.015273
0.180000 1.016133
0.185000 1.017070
0.190000 1.018008
0.195000 1.018945
0.200000 1.019883
0.205000 1.020898
0.210000 1.021914
0.215000 1.023008
0.220000 1.024102
0.225000 1.025195
0.230000 1.026289
0.235000 1.027461
0.240000 1.028633
0.245000 1.029805
0.250000 1.031055
0.255000 1.032305
0.260000 1.033555
0.265000 1.034805
0.270000 1.036133
0.275000 1.037461
0.280000 1.038867
0.285000 1.040273
0.290000 1.041680
0.295000 1.043086
0.300000 1.044570
0.305000 1.046055
0.310000 1.047539
0.315000 1.049023
0.320000 1.050586
0.325000 1.052148
0.330000 1.053789
0.335000 1.055352
0.340000 1.056992
0.345000 1.058711
0.350000 1.060352
0.355000 1.062070
0.360000 1.063789
0.365000 1.065586
0.370000 1.067383
0.375000 1.069180
0.380000 1.070977
0.385000 1.072852
0.390000 1.074727
0.395000 1.076602
0.400000 1.078477
0.405000 1.080430
0.410000 1.082383
0.415000 1.084336
0.420000 1.086367
0.425000 1.088398
0.430000 1.090430
0.435000 1.092461
0.440000 1.094570
0.445000 1.096680
0.450000 1.098789
0.455000 1.100977
0.460000 1.103164
0.465000 1.105352
0.470000 1.107539
0.475000 1.109727
0.480000 1.111992
0.485000 1.114258
0.490000 1.116602
0.495000 1.118867
0.500000 1.121211
0.505000 1.123555
0.510000 1.125977
0.515000 1.128320
0.520000 1.130742
0.525000 1.133242
0.530000 1.135664
0.535000 1.138164
0.540000 1.140664
0.545000 1.143164
0.550000 1.145664
0.555000 1.148242
0.560000 1.150820
0.565000 1.153398
0.570000 1.155977
0.575000 1.158633
0.580000 1.161289
0.585000 1.163945
0.590000 1.166602
0.595000 1.169336
0.600000 1.172070
0.605000 1.174805
0.610000 1.177539
0.615000 1.180273
0.620000 1.183086
0.625000 1.185898
0.630000 1.188711
0.635000 1.191602
0.640000 1.194414
0.645000 1.197305
0.650000 1.200195
0.655000 1.203086
0.660000 1.206055
0.665000 1.209023
