3.970000 0.902825 3.081675 4.752225
3.975000 0.911375 3.085975 4.758175
3.980000 0.919525 3.090325 4.764125
3.985000 0.927375 3.094625 4.770125
3.990000 0.934975 3.098975 4.776075
3.995000 0.942325 3.103325 4.782025
4.000000 0.949525 3.107625 4.787975
4.005000 0.956475 3.111975 4.793975
4.010000 0.963325 3.116275 4.799925
4.015000 0.970075 3.120625 4.805925
4.020000 0.976625 3.124925 4.811875
4.025000 0.983125 3.129275 4.817825
4.030000 0.989525 3.133625 4.823825
4.035000 0.995825 3.137925 4.829775
4.040000 1.002025 3.142275 4.835775
4.045000 1.008175 3.146625 4.841725
4.050000 1.014225 3.150925 4.847725
4.055000 1.020225 3.155275 4.853675
4.060000 1.026175 3.159625 4.859675
4.065000 1.032075 3.163925 4.865625
4.070000 1.037875 3.168275 4.871625
4.075000 1.043675 3.172625 4.877625
4.080000 1.049425 3.176925 4.883575
4.085000 1.055125 3.181275 4.889575
4.090000 1.060775 3.185625 4.895575
4.095000 1.066375 3.189975 4.901525
4.100000 1.071975 3.194325 4.907525
4.105000 1.077525 3.198625 4.913525
4.110000 1.083025 3.202975 4.919525
4.115000 1.088525 3.207325 4.925475
4.120000 1.093975 3.211675 4.931475
4.125000 1.099425 3.216025 4.937475
4.130000 1.104825 3.220375 4.943475
4.135000 1.110225 3.224675 4.949475
4.140000 1.115575 3.229025 4.955475
4.145000 1.120925 3.233375 4.961425
4.150000 1.126225 3.237725 4.967425
4.155000 1.131525 3.242075 4.973425
4.160000 1.136825 3.246425 4.979425
4.165000 1.142075 3.250775 4.985425
4.170000 1.147325 3.255125 4.991425
4.175000 1.152575 3.259475 4.997425
4.180000 1.157775 3.263825 5.003425
4.185000 1.162975 3.268175 5.009425
4.190000 1.168175 3.272525 5.015475
4.195000 1.173325 3.276875 5.021475
4.200000 1.178525 3.281225 5.027475
4.205000 1.183625 3.285575 5.033475
4.210000 1.188775 3.289925 5.039475
4.215000 1.193925 3.294325 5.045475
4.220000 1.199025 3.298675 5.051475
4.225000 1.204125 3.303025 5.057525
4.230000 1.209225 3.307375 5.063525
4.235000 1.214325 3.311725 5.069525
4.240000 1.219375 3.316075 5.075575
4.245000 1.224425 3.320475 5.081575
4.250000 1.229525 3.324825 5.087575
4.255000 1.234575 3.329175 5.093625
4.260000 1.239575 3.333575 5.099625
4.265000 1.244625 3.337925 5.105625
4.270000 1.249675 3.342275 5.111675
4.275000 1.254675 3.346675 5.117675
4.280000 1.259675 3.351025 5.123725
4.285000 1.264725 3.355375 5.129725
4.290000 1.269725 3.359775 5.135775
4.295000 1.274725 3.364125 5.141775
4.300000 1.279675 3.368525 5.147825
4.305000 1.284675 3.372875 5.153825
4.310000 1.289675 3.377225 5.159875
4.315000 1.294625 3.381625 5.165925
4.320000 1.299625 3.385975 5.171925
4.325000 1.304575 3.390375 5.177975
4.330000 1.309575 3.394775 5.183975
4.335000 1.314525 3.399125 5.190025
4.340000 1.319475 3.403525 5.196075
4.345000 1.324425 3.407875 5.202125
4.350000 1.329375 3.412275 5.208125
4.355000 1.334325 3.416675 5.214175
4.360000 1.339275 3.421025 5.220225
4.365000 1.344225 3.425425 5.226275
4.370000 1.349175 3.429825 5.232325
4.375000 1.354075 3.434225 5.238325
4.380000 1.359025 3.438575 5.244375
4.385000 1.363975 3.442975 5.250425
4.390000 1.368875 3.447375 5.256475
4.395000 1.373825 3.451775 5.262525
4.400000 1.378775 3.456175 5.268575
4.405000 1.383675 3.460575 5.274625
4.410000 1.388625 3.464925 5.280675
4.415000 1.393525 3.469325 5.286725
4.420000 1.398475 3.473725 5.292775
4.425000 1.403375 3.478125 5.298825
4.430000 1.408275 3.482525 5.304875
4.435000 1.413225 3.486925 5.310975
4.440000 1.418125 3.491325 5.317025
4.445000 1.423025 3.495775 5.323075
4.450000 1.427975 3.500175 5.329125
4.455000 1.432875 3.504575 5.335175
4.460000 1.437775 3.508975 5.341225
4.465000 1.442725 3.513375 5.347325
4.470000 1.447625 3.517775 5.353375
4.475000 1.452525 3.522225 5.359425
4.480000 1.457425 3.526625 5.365525
4.485000 1.462375 3.531025 5.371575
4.490000 1.467275 3.535425 5.377625
4.495000 1.472175 3.539875 5.383725
4.500000 1.477075 3.544275 5.389775
4.505000 1.482025 3.548675 5.395825
4.510000 1.486925 3.553125 5.401925
4.515000 1.491825 3.557525 5.407975
4.520000 1.496725 3.561975 5.414075
4.525000 1.501675 3.566375 5.420125
4.530000 1.506575 3.570825 5.426225
4.535000 1.511475 3.575225 5.432275
4.540000 1.516425 3.579675 5.438375
4.545000 1.521325 3.584075 5.444475
4.550000 1.526225 3.588525 5.450525
4.555000 1.531125 3.592975 5.456625
4.560000 1.536075 3.597375 5.462725
4.565000 1.540975 3.601825 5.468775
4.570000 1.545925 3.606275 5.474875
4.575000 1.550825 3.610725 5.480975
4.580000 1.555725 3.615125 5.487025
4.585000 1.560675 3.619575 5.493125
4.590000 1.565575 3.624025 5.499225
4.595000 1.570525 3.628475 5.505325
4.600000 1.575425 3.632925 5.511425
4.605000 1.580375 3.637375 5.517525
4.610000 1.585275 3.641825 5.523575
4.615000 1.590225 3.646275 5.529675
4.620000 1.595175 3.650725 5.535775
4.625000 1.600075 3.655175 5.541875
4.630000 1.605025 3.659625 5.547975
4.635000 1.609975 3.664075 5.554075
4.640000 1.614875 3.668525 5.560175
4.645000 1.619825 3.673025 5.566275
4.650000 1.624775 3.677475 5.572375
4.655000 1.629675 3.681925 5.578475
4.660000 1.634625 3.686375 5.584625
4.665000 1.639575 3.690875 5.590725
4.670000 1.644525 3.695325 5.596825
4.675000 1.649475 3.699775 5.602925
4.680000 1.654425 3.704275 5.609025
4.685000 1.659375 3.708725 5.615125
4.690000 1.664325 3.713225 5.621275
4.695000 1.669275 3.717675 5.627375
4.700000 1.674225 3.722175 5.633475
4.705000 1.679175 3.726675 5.639625
4.710000 1.684125 3.731125 5.645725
4.715000 1.689075 3.735625 5.651825
4.720000 1.694075 3.740075 5.657975
4.725000 1.699025 3.744575 5.664075
4.730000 1.703975 3.749075 5.670225
4.735000 1.708975 3.753575 5.676325
4.740000 1.713925 3.758075 5.682425
4.745000 1.718875 3.762525 5.688575
4.750000 1.723875 3.767025 5.694675
4.755000 1.728825 3.771525 5.700825
4.760000 1.733825 3.776025 5.706975
4.765000 1.738775 3.780525 5.713075
4.770000 1.743775 3.785025 5.719225
4.775000 1.748775 3.789525 5.725325
4.780000 1.753725 3.794075 5.731475
4.785000 1.758725 3.798575 5.737625
4.790000 1.763725 3.803075 5.743775
4.795000 1.768725 3.807575 5.749875
4.800000 1.773675 3.812075 5.756025
4.805000 1.778675 3.816625 5.762175
4.810000 1.783675 3.821125 5.768325
4.815000 1.788675 3.825625 5.774425
4.820000 1.793675 3.830175 5.780575
4.825000 1.798675 3.834675 5.786725
4.830000 1.803675 3.839225 5.792875
4.835000 1.808725 3.843725 5.799025
4.840000 1.813725 3.848275 5.805175
4.845000 1.818725 3.852825 5.811325
4.850000 1.823725 3.857325 5.817475
4.855000 1.828775 3.861875 5.823625
4.860000 1.833775 3.866425 5.829775
4.865000 1.838775 3.870925 5.835925
4.870000 1.843825 3.875475 5.842075
4.875000 1.848825 3.880025 5.848225
4.880000 1.853875 3.884575 5.854375
4.885000 1.858925 3.889125 5.860525
4.890000 1.863925 3.893675 5.866725
4.895000 1.868975 3.898225 5.872875
4.900000 1.874025 3.902775 5.879025
4.905000 1.879025 3.907325 5.885175
4.910000 1.884075 3.911875 5.891375
4.915000 1.889125 3.916425 5.897525
4.920000 1.894175 3.921025 5.903675
4.925000 1.899225 3.925575 5.909875
4.930000 1.904275 3.930125 5.916025
4.935000 1.909325 3.934725 5.922175
4.940000 1.914375 3.939275 5.928375
4.945000 1.919425 3.943825 5.934525
4.950000 1.924525 3.948425 5.940725
4.955000 1.929575 3.953025 5.946875
4.960000 1.934625 3.957575 5.953075
4.965000 1.939675 3.962175 5.959225
4.970000 1.944775 3.966725 5.965425
4.975000 1.949825 3.971325 5.971575
4.980000 1.954925 3.975925 5.977775
4.985000 1.959975 3.980525 5.983975
4.990000 1.965075 3.985125 5.990125
4.995000 1.970175 3.989675 5.996325
