0.000000 1.000025
0.005000 1.000025
0.010000 1.000075
0.015000 1.000125
0.020000 1.000225
0.025000 1.000325
0.030000 1.000475
0.035000 1.000625
0.040000 1.000825
0.045000 1.001025
0.050000 1.001275
0.055000 1.001525
0.060000 1.001825
0.065000 1.002125
0.070000 1.002475
0.075000 1.002825
0.080000 1.003225
0.085000 1.003625
0.090000 1.004075
0.095000 1.004525
0.100000 1.005025
0.105000 1.005525
0.110000 1.006075
0.115000 1.006625
0.120000 1.007225
0.125000 1.007825
0.130000 1.008475
0.135000 1.009125
0.140000 1.009825
0.145000 1.010525
0.150000 1.011275
0.155000 1.012025
0.160000 1.012825
0.165000 1.013625
0.170000 1.014475
0.175000 1.015325
0.180000 1.016225
0.185000 1.017175
0.190000 1.018075
0.195000 1.019075
0.200000 1.020075
0.205000 1.021075
0.210000 1.022125
0.215000 1.023175
0.220000 1.024275
0.225000 1.025425
0.230000 1.026575
0.235000 1.027725
0.240000 1.028925
0.245000 1.030125
0.250000 1.031375
0.255000 1.032675
0.260000 1.033975
0.265000 1.035275
0.270000 1.036625
0.275000 1.038025
0.280000 1.039425
0.285000 1.040825
0.290000 1.042275
0.295000 1.043775
0.300000 1.045275
0.305000 1.046775
0.310000 1.048325
0.315000 1.049925
0.320000 1.051525
0.325000 1.053175
0.330000 1.054825
0.335000 1.056475
0.340000 1.058175
0.345000 1.059925
0.350000 1.061675
0.355000 1.063475
0.360000 1.065275
0.365000 1.067075
0.370000 1.068975
0.375000 1.070825
0.380000 1.072725
0.385000 1.074675
0.390000 1.076625
0.395000 1.078625
0.400000 1.080625
0.405000 1.082675
0.410000 1.084725
0.415000 1.086825
0.420000 1.088925
0.425000 1.091075
0.430000 1.093225
0.435000 1.095375
0.440000 1.097625
0.445000 1.099825
0.450000 1.102075
0.455000 1.104375
0.460000 1.106675
0.465000 1.109025
0.470000 1.111375
0.475000 1.113725
0.480000 1.116175
0.485000 1.118575
0.490000 1.121025
0.495000 1.123525
0.500000 1.126025
0.505000 1.128525
0.510000 1.131075
0.515000 1.133675
0.520000 1.136275
0.525000 1.138875
0.530000 1.141525
0.535000 1.144175
0.540000 1.146875
0.545000 1.149575
0.550000 1.152325
0.555000 1.155075
0.560000 1.157875
0.565000 1.160675
0.570000 1.163525
0.575000 1.166375
0.580000 1.169225
0.585000 1.172125
0.590000 1.175075
0.595000 1.177975
0.600000 1.180975
0.605000 1.183925
0.610000 1.186975
0.615000 1.189975
0.620000 1.193025
0.625000 1.196125
0.630000 1.199225
0.635000 1.202325
0.640000 1.205475
0.645000 1.208625
0.650000 1.211825
0.655000 1.215025
0.660000 1.218225
0.665000 1.221475
0.670000 1.224725
0.675000 1.228025
0.680000 1.231325
0.685000 1.234625
0.690000 1.237975
0.695000 1.241325
0.700000 1.244725
0.705000 1.248125
0.710000 1.251575
0.715000 1.255025
0.720000 1.258475
0.725000 1.261925
0.730000 1.265425
0.735000 1.268975
0.740000 1.272525
0.745000 1.276075
0.750000 1.279625
0.755000 1.283225
0.760000 1.286825
0.765000 1.290475
0.770000 1.294125
0.775000 1.297775
0.780000 1.301475
0.785000 1.305175
0.790000 1.308875
0.795000 1.312625
0.800000 1.316375
0.805000 1.320125
0.810000 1.323925
0.815000 1.327725
0.820000 1.331525
0.825000 1.335375
0.830000 1.339225
0.835000 1.343125
0.840000 1.346975
0.845000 1.350875
0.850000 1.354825
0.855000 1.358725
0.860000 1.362675
0.865000 1.366625
0.870000 1.370625
0.875000 1.374625
0.880000 1.378625
0.885000 1.382675
0.890000 1.386675
0.895000 1.390725
0.900000 1.394825
0.905000 1.398875
0.910000 1.402975
0.915000 1.407125
0.920000 1.411225
0.925000 1.415375
0.930000 1.419525
0.935000 1.423675
0.940000 1.427875
0.945000 1.432075
0.950000 1.436275
0.955000 1.440475
0.960000 1.444725
0.965000 1.448975
0.970000 1.453225
0.975000 1.457475
0.980000 1.461775
0.985000 1.466075
0.990000 1.470375
0.995000 1.474675
1.000000 1.479025
1.005000 1.483375
1.010000 1.487725
1.015000 1.492075
1.020000 1.496475
1.025000 1.500875
1.030000 1.505275
1.035000 1.509675
1.040000 1.514125
1.045000 1.518525
1.050000 1.522975
1.055000 1.527425
1.060000 1.531925
1.065000 1.536375
1.070000 1.540875
1.075000 1.545375
1.080000 1.549875
1.085000 1.554425
1.090000 1.558975
1.095000 1.563475
1.100000 1.568025
1.105000 1.572625
1.110000 1.577175
1.115000 1.581775
1.120000 1.586375
1.125000 1.590975
1.130000 1.595575
1.135000 1.600175
1.140000 1.604825
1.145000 1.609475
1.150000 1.614125
1.155000 1.618775
1.160000 1.623425
1.165000 1.628125
1.170000 1.632775
1.175000 1.637475
1.180000 1.642175
1.185000 1.646875
1.190000 1.651625
1.195000 1.656325
1.200000 1.661075
1.205000 1.665825
1.210000 1.670575
1.215000 1.675325
1.220000 1.680075
1.225000 1.684875
1.230000 1.689675
1.235000 1.694425
1.240000 1.699225
1.245000 1.704075
1.250000 1.708875
1.255000 1.713675
1.260000 1.718525
1.265000 1.723375
1.270000 1.728175
1.275000 1.733025
1.280000 1.737925
1.285000 1.742775
1.290000 1.747625
1.295000 1.752525
1.300000 1.757425
1.305000 1.762325
1.310000 1.767225
1.315000 1.772125
1.320000 1.777025
1.325000 1.781925
1.330000 1.786875
1.335000 1.791825
1.340000 1.796725
1.345000 1.801675
1.350000 1.806625
1.355000 1.811625
1.360000 1.816575
1.365000 1.821525
1.370000 1.826525
1.375000 1.831475
1.380000 1.836475
1.385000 1.841475
1.390000 1.846475
1.395000 1.851475
1.400000 1.856525
1.405000 1.861525
1.410000 1.866525
1.415000 1.871575
1.420000 1.876625
1.425000 1.881625
1.430000 1.886675
1.435000 1.891725
1.440000 1.896825
1.445000 1.901875
1.450000 1.906925
1.455000 1.912025
1.460000 1.917075
1.465000 1.922175
1.470000 1.927275
1.475000 1.932325
1.480000 1.937425
1.485000 1.942575
1.490000 1.947675
1.495000 1.952775
1.500000 1.957875
1.505000 1.963025
1.510000 1.968125
1.515000 1.973275
1.520000 1.978425
1.525000 1.983575
1.530000 1.988675
1.535000 1.993875
1.540000 1.999025
1.545000 2.004175
1.550000 2.009325
1.555000 2.014475
1.560000 2.019675
1.565000 2.024875
1.570000 2.030025
1.575000 2.035225
1.580000 2.040425
1.585000 2.045625
1.590000 2.050825
1.595000 2.056025
1.600000 2.061225
1.605000 2.066425
1.610000 2.071625
1.615000 2.076875
1.620000 2.082075
1.625000 2.087325
1.630000 2.092525
1.635000 2.097775
1.640000 2.103025
1.645000 2.108275
1.650000 2.113525
1.655000 2.118775
1.660000 2.124025
1.665000 2.129275
1.670000 2.134525
1.675000 2.139775
1.680000 2.145075
1.685000 2.150325
1.690000 2.155625
1.695000 2.160875
1.700000 2.166175
1.705000 2.171475
1.710000 2.176775
1.715000 2.182075
1.720000 2.187325
1.725000 2.192675
1.730000 2.197975
1.735000 2.203275
1.740000 2.208575
1.745000 2.213875
1.750000 2.219225
1.755000 2.224525
1.760000 2.229825
1.765000 2.235175
1.770000 2.240525
1.775000 2.245825
1.780000 2.251175
1.785000 2.256525
1.790000 2.261875
1.795000 2.267225
1.800000 2.272575
1.805000 2.277925
1.810000 2.283275
1.815000 2.288625
1.820000 2.293975
1.825000 2.299325
1.830000 2.304725
1.835000 2.310075
1.840000 2.315475
1.845000 2.320825
1.850000 2.326225
1.855000 2.331575
1.860000 2.336975
1.865000 2.342375
1.870000 2.347725
1.875000 2.353125
1.880000 2.358525
1.885000 2.363925
1.890000 2.369325
1.895000 2.374725
1.900000 2.380125
1.905000 2.385575
1.910000 2.390975
1.915000 2.396375
1.920000 2.401775
1.925000 2.407225
1.930000 2.412625
1.935000 2.418075
1.940000 2.423475
1.945000 2.428925
1.950000 2.434325
1.955000 2.439775
1.960000 2.445225
1.965000 2.450675
1.970000 2.456075
1.975000 2.461525
1.980000 2.466975
1.985000 2.472425
1.990000 2.477875
1.995000 2.483325
2.000000 2.488775
2.005000 2.494275
2.010000 2.499725
2.015000 2.505175
2.020000 2.510625
2.025000 2.516125
2.030000 2.521575
2.035000 2.527075
2.040000 2.532525
2.045000 2.538025
2.050000 2.543475
2.055000 2.548975
2.060000 2.554425
2.065000 2.559925
2.070000 2.565425
2.075000 2.570925
2.080000 2.576375
2.085000 2.581875
2.090000 2.587375
2.095000 2.592875
2.100000 2.598375
2.105000 2.603875
2.110000 2.609375
2.115000 2.614925
2.120000 2.620425
2.125000 2.625925
2.130000 2.631425
2.135000 2.636925
2.140000 2.642475
2.145000 2.647975
2.150000 2.653525
2.155000 2.659025
2.160000 2.664525
2.165000 2.670075
2.170000 2.675625
2.175000 2.681125
2.180000 2.686675
2.185000 2.692175
2.190000 2.697725
2.195000 2.703275
2.200000 2.708825
2.205000 2.714375
2.210000 2.719875
2.215000 2.725425
2.220000 2.730975
2.225000 2.736525
2.230000 2.742075
2.235000 2.747625
2.240000 2.753175
2.245000 2.758775
2.250000 2.764325
2.255000 2.769875
2.260000 2.775425
2.265000 2.780975
2.270000 2.786575
2.275000 2.792125
2.280000 2.797675
2.285000 2.803275
2.290000 2.808825
2.295000 2.814425
2.300000 2.819975
2.305000 2.825575
2.310000 2.831125
2.315000 2.836725
2.320000 2.842325
2.325000 2.847875
2.330000 2.853475
2.335000 2.859075
2.340000 2.864675
2.345000 2.870225
2.350000 2.875825
2.355000 2.881425
2.360000 2.887025
2.365000 2.892625
2.370000 2.898225
2.375000 2.903825
2.380000 2.909425
2.385000 2.915025
2.390000 2.920625
2.395000 2.926225
2.400000 2.931825
2.405000 2.937475
2.410000 2.943075
2.415000 2.948675
2.420000 2.954275
2.425000 2.959925
2.430000 2.965525
2.435000 2.971125
2.440000 2.976775
2.445000 2.982375
2.450000 2.988025
2.455000 2.993625
2.460000 2.999275
2.465000 3.004875
2.470000 3.010525
2.475000 3.016175
2.480000 3.021775
