0.065000 0.041475
0.070000 0.044675
0.075000 0.047875
0.080000 0.051025
0.085000 0.054225
0.090000 0.057375
0.095000 0.060525
0.100000 0.063725
0.105000 0.066875
0.110000 0.070025
0.115000 0.073175
0.120000 0.076325
0.125000 0.079475
0.130000 0.082625
0.135000 0.085775
0.140000 0.088875
0.145000 0.092025
0.150000 0.095125
0.155000 0.098275
0.160000 0.101375
0.165000 0.104475
0.170000 0.107575
0.175000 0.110675
0.180000 0.113775
0.185000 0.116875
0.190000 0.119925
0.195000 0.123025
0.200000 0.126075
0.205000 0.129125
0.210000 0.132225
0.215000 0.135275
0.220000 0.138275
0.225000 0.141325
0.230000 0.144375
0.235000 0.147375
0.240000 0.150375
0.245000 0.153425
0.250000 0.156425
0.255000 0.159375
0.260000 0.162375
0.265000 0.165375
0.270000 0.168325
0.275000 0.171275
0.280000 0.174225
0.285000 0.177175
0.290000 0.180125
0.295000 0.183075
0.300000 0.185975
0.305000 0.188875
0.310000 0.191775
0.315000 0.194675
0.320000 0.197575
0.325000 0.200475
0.330000 0.203325
0.335000 0.206175
0.340000 0.209075
0.345000 0.211875
0.350000 0.214725
0.355000 0.217575
0.360000 0.220375
0.365000 0.223175
0.370000 0.225975
0.375000 0.228775
0.380000 0.231575
0.385000 0.234375
0.390000 0.237125
0.395000 0.239875
0.400000 0.242625
0.405000 0.245375
0.410000 0.248125
0.415000 0.250825
0.420000 0.253525
0.425000 0.256275
0.430000 0.258975
0.435000 0.261675
0.440000 0.264325
0.445000 0.267025
0.450000 0.269675
0.455000 0.272325
0.460000 0.274975
0.465000 0.277625
0.470000 0.280275
0.475000 0.282925
0.480000 0.285525
0.485000 0.288125
0.490000 0.290775
0.495000 0.293375
0.500000 0.295975
0.505000 0.298525
0.510000 0.301125
0.515000 0.303725
0.520000 0.306275
0.525000 0.308875
0.530000 0.311425
0.535000 0.313975
0.540000 0.316525
0.545000 0.319075
0.550000 0.321625
0.555000 0.324175
0.560000 0.326725
0.565000 0.329275
0.570000 0.331775
0.575000 0.334325
0.580000 0.336875
0.585000 0.339425
0.590000 0.341925
0.595000 0.344475
0.600000 0.347025
0.605000 0.349575
0.610000 0.352125
0.615000 0.354675
0.620000 0.357225
0.625000 0.359775
0.630000 0.362375
0.635000 0.364975
0.640000 0.367575
0.645000 0.370175
0.650000 0.372825
0.655000 0.375475
0.660000 0.378125
0.665000 0.380875
0.670000 0.383625
0.675000 0.386475
0.680000 0.389275
0.685000 0.392025
0.690000 0.394675
0.695000 0.397225
0.700000 0.399775
0.705000 0.402275
0.710000 0.404725
0.715000 0.407125
0.720000 0.409525
0.725000 0.411875
0.730000 0.414225
0.735000 0.416475
0.740000 0.418775
0.745000 0.421025
0.750000 0.423225
0.755000 0.425425
0.760000 0.427575
0.765000 0.429725
0.770000 0.431875
0.775000 0.433975
0.780000 0.436075
0.785000 0.438125
0.790000 0.440175
0.795000 0.442225
0.800000 0.444225
0.805000 0.446225
0.810000 0.448225
0.815000 0.450175
0.820000 0.452075
0.825000 0.454025
0.830000 0.455925
0.835000 0.457825
0.840000 0.459675
0.845000 0.461525
0.850000 0.463375
0.855000 0.465175
0.860000 0.466975
0.865000 0.468775
0.870000 0.470525
0.875000 0.472275
0.880000 0.473975
0.885000 0.475725
0.890000 0.477425
0.895000 0.479075
0.900000 0.480725
0.905000 0.482375
0.910000 0.484025
0.915000 0.485625
0.920000 0.487225
0.925000 0.488775
0.930000 0.490375
0.935000 0.491875
0.940000 0.493425
0.945000 0.494925
0.950000 0.496425
0.955000 0.497925
0.960000 0.499375
0.965000 0.500825
0.970000 0.502225
0.975000 0.503675
0.980000 0.505025
0.985000 0.506425
0.990000 0.507775
0.995000 0.509125
1.000000 0.510475
1.005000 0.511775
1.010000 0.513075
1.015000 0.514375
1.020000 0.515625
1.025000 0.516875
1.030000 0.518125
1.035000 0.519325
1.040000 0.520525
1.045000 0.521725
1.050000 0.522925
1.055000 0.524075
1.060000 0.525225
1.065000 0.526325
1.070000 0.527425
1.075000 0.528525
1.080000 0.529625
1.085000 0.530675
1.090000 0.531725
1.095000 0.532775
1.100000 0.533775
1.105000 0.534825
1.110000 0.535775
1.115000 0.536775
1.120000 0.537725
1.125000 0.538675
1.130000 0.539625
1.135000 0.540575
1.140000 0.541475
1.145000 0.542375
1.150000 0.543225
1.155000 0.544125
1.160000 0.544975
1.165000 0.545775
1.170000 0.546625
1.175000 0.547425
1.180000 0.548225
1.185000 0.549025
1.190000 0.549825
1.195000 0.550575
1.200000 0.551325
1.205000 0.552075
1.210000 0.552775
1.215000 0.553475
1.220000 0.554175
1.225000 0.554875
1.230000 0.555575
1.235000 0.556225
1.240000 0.556875
1.245000 0.557525
1.250000 0.558125
1.255000 0.558775
1.260000 0.559375
1.265000 0.559975
1.270000 0.560575
1.275000 0.561125
1.280000 0.561725
1.285000 0.562275
1.290000 0.562825
1.295000 0.563325
1.300000 0.563875
1.305000 0.564375
1.310000 0.564925
1.315000 0.565425
1.320000 0.565875
1.325000 0.566375
1.330000 0.566875
1.335000 0.567325
1.340000 0.567775
1.345000 0.568225
1.350000 0.568675
1.355000 0.569125
1.360000 0.569575
1.365000 0.569975
1.370000 0.570425
1.375000 0.570825
1.380000 0.571275
1.385000 0.571675
1.390000 0.572075
1.395000 0.572475
1.400000 0.572875
1.405000 0.573275
1.410000 0.573675
1.415000 0.574075
1.420000 0.574525
1.425000 0.574925
1.430000 0.575325
1.435000 0.575775
1.440000 0.576175
1.445000 0.576625
1.450000 0.577125
1.455000 0.577625
1.460000 0.578125
1.465000 0.578675
1.470000 0.579325
1.475000 0.580175
1.480000 0.581025
1.485000 0.581775
1.490000 0.582525
1.495000 0.583225
1.500000 0.583925
1.505000 0.584575
1.510000 0.585225
1.515000 0.585875
1.520000 0.586475
1.525000 0.587075
1.530000 0.587675
1.535000 0.588275
1.540000 0.588825
1.545000 0.589375
1.550000 0.589925
1.555000 0.590425
1.560000 0.590925
1.565000 0.591475
1.570000 0.591925
1.575000 0.592425
1.580000 0.592925
1.585000 0.593375
1.590000 0.593825
1.595000 0.594275
1.600000 0.594725
1.605000 0.595125
1.610000 0.595575
1.615000 0.595975
1.620000 0.596375
1.625000 0.596775
1.630000 0.597175
1.635000 0.597575
1.640000 0.597925
1.645000 0.598275
1.650000 0.598675
1.655000 0.599025
1.660000 0.599375
1.665000 0.599675
1.670000 0.600025
1.675000 0.600375
1.680000 0.600675
1.685000 0.600975
1.690000 0.601325
1.695000 0.601625
1.700000 0.601925
1.705000 0.602225
1.710000 0.602475
1.715000 0.602775
1.720000 0.603025
1.725000 0.603325
1.730000 0.603575
1.735000 0.603825
1.740000 0.604075
1.745000 0.604325
1.750000 0.604575
1.755000 0.604825
1.760000 0.605075
1.765000 0.605275
1.770000 0.605525
1.775000 0.605725
1.780000 0.605925
1.785000 0.606175
1.790000 0.606375
1.795000 0.606575
1.800000 0.606775
1.805000 0.606925
1.810000 0.607125
1.815000 0.607325
1.820000 0.607525
1.825000 0.607675
1.830000 0.607875
1.835000 0.608025
1.840000 0.608175
1.845000 0.608325
1.850000 0.608525
1.855000 0.608675
1.860000 0.608825
1.865000 0.608975
1.870000 0.609075
1.875000 0.609225
1.880000 0.609375
1.885000 0.609525
1.890000 0.609625
1.895000 0.609775
1.900000 0.609875
1.905000 0.610025
1.910000 0.610125
1.915000 0.610225
1.920000 0.610325
1.925000 0.610425
1.930000 0.610575
1.935000 0.610675
1.940000 0.610775
1.945000 0.610825
1.950000 0.610925
1.955000 0.611025
1.960000 0.611125
1.965000 0.611225
1.970000 0.611275
1.975000 0.611375
1.980000 0.611425
1.985000 0.611525
1.990000 0.611575
1.995000 0.611675
2.000000 0.611725
2.005000 0.611775
2.010000 0.611825
2.015000 0.611925
2.020000 0.611975
2.025000 0.612025
2.030000 0.612075
2.035000 0.612125
2.040000 0.612175
2.045000 0.612225
2.050000 0.612275
2.055000 0.612325
2.060000 0.612325
2.065000 0.612375
2.070000 0.612425
2.075000 0.612475
2.080000 0.612475
2.085000 0.612525
2.090000 0.612525
2.095000 0.612575
2.100000 0.612575
2.105000 0.612625
2.110000 0.612625
2.115000 0.612675
2.120000 0.612675
2.125000 0.612675
2.130000 0.612725
2.135000 0.612725
2.140000 0.612725
2.145000 0.612725
2.150000 0.612775
2.155000 0.612775
2.160000 0.612775
2.165000 0.612775
2.170000 0.612775
2.175000 0.612775
2.180000 0.612775
2.185000 0.612775
2.190000 0.612775
2.195000 0.612775
2.200000 0.612775
2.205000 0.612775
2.210000 0.612775
2.215000 0.612775
2.220000 0.612775
2.225000 0.612725
2.230000 0.612725
2.235000 0.612725
2.240000 0.612725
2.245000 0.612725
2.250000 0.612675
2.255000 0.612675
2.260000 0.612675
2.265000 0.612625
2.270000 0.612625
2.275000 0.612625
2.280000 0.612575
2.285000 0.612575
2.290000 0.612525
2.295000 0.612525
2.300000 0.612525
2.305000 0.612475
2.310000 0.612475
2.315000 0.612425
2.320000 0.612425
2.325000 0.612375
2.330000 0.612375
2.335000 0.612325
2.340000 0.612325
2.345000 0.612275
2.350000 0.612275
2.355000 0.612225
2.360000 0.612225
2.365000 0.612175
2.370000 0.612175
2.375000 0.612125
2.380000 0.612075
2.385000 0.612075
2.390000 0.612025
2.395000 0.612025
2.400000 0.611975
2.405000 0.611975
2.410000 0.611925
2.415000 0.611875
2.420000 0.611875
2.425000 0.611825
2.430000 0.611825
2.435000 0.611775
2.440000 0.611725
2.445000 0.611725
2.450000 0.611675
2.455000 0.611675
2.460000 0.611625
2.465000 0.611625
2.470000 0.611575
2.475000 0.611525
2.480000 0.611525
2.485000 0.611475
2.490000 0.611475
2.495000 0.611425
2.500000 0.611425
2.505000 0.611375
2.510000 0.611325
2.515000 0.611325
2.520000 0.611275
2.525000 0.611275
2.530000 0.611225
2.535000 0.611225
2.540000 0.611175
2.545000 0.611175
2.550000 0.611125
2.555000 0.611125
2.560000 0.611075
2.565000 0.611075
2.570000 0.611075
2.575000 0.611025
2.580000 0.611025
2.585000 0.610975
2.590000 0.610975
2.595000 0.610975
2.600000 0.610925
2.605000 0.610925
2.610000 0.610925
2.615000 0.610875
2.620000 0.610875
2.625000 0.610875
2.630000 0.610825
2.635000 0.610825
2.640000 0.610825
2.645000 0.610825
2.650000 0.610825
2.655000 0.610775
2.660000 0.610775
2.665000 0.610775
2.670000 0.610775
2.675000 0.610775
2.680000 0.610775
2.685000 0.610775
2.690000 0.610775
2.695000 0.610775
2.700000 0.610775
2.705000 0.610775
2.710000 0.610775
2.715000 0.610775
2.720000 0.610775
2.725000 0.610775
2.730000 0.610825
2.735000 0.610825
2.740000 0.610825
2.745000 0.610825
2.750000 0.610875
2.755000 0.610875
2.760000 0.610875
2.765000 0.610925
2.770000 0.610925
2.775000 0.610925
2.780000 0.610975
2.785000 0.610975
2.790000 0.611025
2.795000 0.611025
2.800000 0.611075
2.805000 0.611125
2.810000 0.611125
2.815000 0.611175
2.820000 0.611225
2.825000 0.611225
2.830000 0.611275
2.835000 0.611325
2.840000 0.611375
2.845000 0.611425
2.850000 0.611475
2.855000 0.611525
2.860000 0.611575
2.865000 0.611625
2.870000 0.611675
2.875000 0.611725
2.880000 0.611775
2.885000 0.611825
2.890000 0.611925
2.895000 0.611975
2.900000 0.612025
2.905000 0.612075
2.910000 0.612175
2.915000 0.612225
2.920000 0.612325
2.925000 0.612375
2.930000 0.612475
2.935000 0.612575
2.940000 0.612625
2.945000 0.612725
2.950000 0.612825
2.955000 0.612875
2.960000 0.612975
2.965000 0.613075
2.970000 0.613175
2.975000 0.613275
2.980000 0.613375
2.985000 0.613475
2.990000 0.613575
2.995000 0.613725
3.000000 0.613825
3.005000 0.613925
3.010000 0.614025
3.015000 0.614175
3.020000 0.614275
3.025000 0.614425
3.030000 0.614525
3.035000 0.614675
3.040000 0.614775
3.045000 0.614925
3.050000 0.615075
3.055000 0.615225
3.060000 0.615375
3.065000 0.615525
3.070000 0.615675
3.075000 0.615825
3.080000 0.615975
3.085000 0.616125
3.090000 0.616275
3.095000 0.616425
3.100000 0.616625
3.105000 0.616775
3.110000 0.616975
3.115000 0.617125
3.120000 0.617325
3.125000 0.617475
3.130000 0.617675
3.135000 0.617875
3.140000 0.618075
3.145000 0.618225
3.150000 0.618425
3.155000 0.618625
3.160000 0.618875
3.165000 0.619075
3.170000 0.619275
3.175000 0.619475
3.180000 0.619725
3.185000 0.619925
3.190000 0.620175
3.195000 0.620375
3.200000 0.620625
3.205000 0.620875
3.210000 0.621075
3.215000 0.621325
3.220000 0.621575
3.225000 0.621825
3.230000 0.622075
3.235000 0.622325
3.240000 0.622625
3.245000 0.622875
3.250000 0.623125
3.255000 0.623425
3.260000 0.623675
3.265000 0.623975
3.270000 0.624275
3.275000 0.624525
3.280000 0.624825
3.285000 0.625125
3.290000 0.625425
3.295000 0.625725
3.300000 0.626025
3.305000 0.626375
3.310000 0.626675
3.315000 0.626975
3.320000 0.627325
3.325000 0.627625
3.330000 0.627975
3.335000 0.628325
3.340000 0.628675
3.345000 0.629025
3.350000 0.629375
3.355000 0.629725
3.360000 0.630075
3.365000 0.630425
3.370000 0.630825
3.375000 0.631175
3.380000 0.631575
3.385000 0.631925
3.390000 0.632325
3.395000 0.632725
3.400000 0.633125
3.405000 0.633525
3.410000 0.633925
3.415000 0.634325
3.420000 0.634775
3.425000 0.635175
3.430000 0.635625
3.435000 0.636025
3.440000 0.636475
3.445000 0.636925
3.450000 0.637375
3.455000 0.637825
3.460000 0.638275
3.465000 0.638725
3.470000 0.639175
3.475000 0.639675
3.480000 0.640175
3.485000 0.640625
3.490000 0.641125
3.495000 0.641625
3.500000 0.642125
3.505000 0.642625
3.510000 0.643125
3.515000 0.643675
3.520000 0.644175
3.525000 0.644725
3.530000 0.645225
3.535000 0.645775
3.540000 0.646325
3.545000 0.646875
3.550000 0.647425
3.555000 0.647975
3.560000 0.648575
3.565000 0.649125
3.570000 0.649725
3.575000 0.650325
3.580000 0.650925
3.585000 0.651525
3.590000 0.652125
3.595000 0.652725
3.600000 0.653375
3.605000 0.653975
3.610000 0.654625
3.615000 0.655275
3.620000 0.655925
3.625000 0.656575
3.630000 0.657225
3.635000 0.657875
3.640000 0.658575
3.645000 0.659275
3.650000 0.659925
3.655000 0.660625
3.660000 0.661325
3.665000 0.662075
3.670000 0.662775
3.675000 0.663525
3.680000 0.664225
3.685000 0.664975
3.690000 0.665725
3.695000 0.666525
3.700000 0.667275
3.705000 0.668075
3.710000 0.668825
3.715000 0.669625
3.720000 0.670425
3.725000 0.671275
3.730000 0.672075
3.735000 0.672925
3.740000 0.673725
3.745000 0.674575
3.750000 0.675475
3.755000 0.676325
3.760000 0.677225
3.765000 0.678075
3.770000 0.678975
3.775000 0.679925
3.780000 0.680825
3.785000 0.681775
3.790000 0.682725
3.795000 0.683675
3.800000 0.684625
3.805000 0.685625
3.810000 0.686575
3.815000 0.687625
3.820000 0.688625
3.825000 0.689625
3.830000 0.690675
3.835000 0.691775
3.840000 0.692825
3.845000 0.693925
3.850000 0.695025
3.855000 0.696125
3.860000 0.697275
3.865000 0.698425
3.870000 0.699625
3.875000 0.700825
3.880000 0.702025
3.885000 0.703275
3.890000 0.704525
3.895000 0.705825
3.900000 0.707125
3.905000 0.708475
3.910000 0.709825
3.915000 0.711225
3.920000 0.712675
3.925000 0.714125
3.930000 0.715675
3.935000 0.717225
