2.4000000010 3.1256850000
2.5000000010 3.1932250000
2.6000000010 3.2628650000
2.7000000010 3.3344950000
2.8000000010 3.4080150000
2.9000000010 3.4833450000
3.0000000010 3.5604150000
3.1000000010 3.6391450000
3.2000000010 3.7194650000
3.3000000010 3.8012950000
3.4000000010 3.8845950000
3.5000000010 3.9692750000
3.6000000010 4.0552950000
3.7000000010 4.1425750000
3.8000000010 4.2310550000
3.9000000010 4.3206650000
4.0000000010 4.4113450000
4.1000000010 4.5030150000
4.2000000010 4.5956150000
4.3000000010 4.6890550000
4.4000000010 4.7832650000
4.5000000010 4.8781650000
4.6000000010 4.9736750000
4.7000000010 5.0697250000
4.8000000010 5.1662550000
4.9000000010 5.2632050000
