0.0661000000 2.1013839209 2.5908543701
0.0671000000 2.1014258740 2.5909541064
0.0681000000 2.1014684424 2.5910553076
0.0691000000 2.1015116260 2.5911579932
0.0701000000 2.1015554248 2.5912621436
0.0711000000 2.1015998389 2.5913677686
0.0721000000 2.1016448584 2.5914748682
0.0731000000 2.1016904932 2.5915834424
0.0741000000 2.1017367432 2.5916934814
0.0751000000 2.1017835986 2.5918049854
0.0761000000 2.1018310693 2.5919179639
0.0771000000 2.1018791553 2.5920324072
0.0781000000 2.1019278369 2.5921483154
0.0791000000 2.1019771338 2.5922656787
0.0801000000 2.1020270361 2.5923845166
0.0811000000 2.1020775537 2.5925048096
0.0821000000 2.1021286670 2.5926265674
0.0831000000 2.1021803955 2.5927497803
0.0841000000 2.1022327197 2.5928744580
0.0851000000 2.1022856494 2.5930005908
0.0861000000 2.1023391846 2.5931281787
0.0871000000 2.1023933252 2.5932572217
0.0881000000 2.1024480615 2.5933877197
0.0891000000 2.1025033936 2.5935196729
0.0901000000 2.1025593408 2.5936530713
0.0911000000 2.1026158740 2.5937879150
0.0921000000 2.1026730127 2.5939242236
0.0931000000 2.1027307471 2.5940619678
0.0941000000 2.1027890771 2.5942011572
0.0951000000 2.1028480029 2.5943417920
0.0961000000 2.1029075244 2.5944838818
0.0971000000 2.1029676416 2.5946273975
0.0981000000 2.1030283545 2.5947723682
0.0991000000 2.1030896631 2.5949187647
0.1001000000 2.1031515576 2.5950666064
0.1011000000 2.1032140381 2.5952158936
0.1021000000 2.1032771143 2.5953666064
0.1031000000 2.1033407764 2.5955187549
0.1041000000 2.1034050342 2.5956723291
0.1051000000 2.1034698682 2.5958273486
0.1061000000 2.1035352979 2.5959837842
0.1071000000 2.1036013135 2.5961416553
0.1081000000 2.1036679053 2.5963009522
0.1091000000 2.1037350928 2.5964616748
0.1101000000 2.1038028564 2.5966238232
0.1111000000 2.1038711963 2.5967873877
0.1121000000 2.1039401221 2.5969523779
0.1131000000 2.1040096338 2.5971187939
0.1141000000 2.1040797119 2.5972866162
0.1151000000 2.1041503760 2.5974558643
0.1161000000 2.1042216162 2.5976265186
0.1171000000 2.1042934326 2.5977985889
0.1181000000 2.1043658252 2.5979720752
0.1191000000 2.1044387939 2.5981469678
0.1201000000 2.1045123291 2.5983232666
0.1211000000 2.1045864404 2.5985009717
0.1221000000 2.1046611279 2.5986800928
0.1231000000 2.1047363818 2.5988606104
0.1241000000 2.1048122021 2.5990425244
0.1251000000 2.1048885889 2.5992258447
0.1261000000 2.1049655518 2.5994105615
0.1271000000 2.1050430713 2.5995966846
0.1281000000 2.1051211572 2.5997841943
0.1291000000 2.1051998096 2.5999731006
0.1301000000 2.1052790283 2.6001633936
0.1311000000 2.1053588037 2.6003550830
0.1321000000 2.1054391455 2.6005481592
0.1331000000 2.1055200439 2.6007426221
0.1341000000 2.1056014990 2.6009384717
0.1351000000 2.1056835107 2.6011356982
0.1361000000 2.1057660889 2.6013343115
0.1371000000 2.1058492139 2.6015343115
0.1381000000 2.1059328955 2.6017356787
0.1391000000 2.1060171338 2.6019384229
0.1401000000 2.1061019189 2.6021425537
0.1411000000 2.1061872607 2.6023480420
0.1421000000 2.1062731494 2.6025549072
0.1431000000 2.1063595850 2.6027631494
0.1441000000 2.1064465674 2.6029727490
0.1451000000 2.1065341064 2.6031837158
0.1461000000 2.1066221826 2.6033960498
0.1471000000 2.1067108057 2.6036097412
0.1481000000 2.1067999756 2.6038247900
0.1491000000 2.1068896826 2.6040412061
0.1501000000 2.1069799365 2.6042589697
0.1511000000 2.1070707275 2.6044780908
0.1521000000 2.1071620557 2.6046985693
0.1531000000 2.1072539209 2.6049203857
0.1541000000 2.1073463232 2.6051435596
0.1551000000 2.1074392627 2.6053680811
0.1561000000 2.1075327393 2.6055939404
0.1571000000 2.1076267432 2.6058211475
0.1581000000 2.1077212842 2.6060496924
0.1591000000 2.1078163525 2.6062795850
0.1601000000 2.1079119580 2.6065108057
0.1611000000 2.1080080811 2.6067433643
0.1621000000 2.1081047412 2.6069772510
0.1631000000 2.1082019189 2.6072124756
0.1641000000 2.1082996240 2.6074490186
0.1651000000 2.1083978564 2.6076868994
0.1661000000 2.1084966162 2.6079260986
0.1671000000 2.1085958838 2.6081666260
0.1681000000 2.1086956787 2.6084084717
0.1691000000 2.1087960010 2.6086516357
0.1701000000 2.1088968311 2.6088961084
0.1711000000 2.1089981787 2.6091419092
0.1721000000 2.1091000439 2.6093890088
0.1731000000 2.1092024170 2.6096374268
0.1741000000 2.1093053174 2.6098871533
0.1751000000 2.1094087158 2.6101381885
0.1761000000 2.1095126318 2.6103905225
0.1771000000 2.1096170557 2.6106441650
0.1781000000 2.1097219873 2.6108990967
0.1791000000 2.1098274268 2.6111553369
0.1801000000 2.1099333740 2.6114128662
0.1811000000 2.1100398193 2.6116716943
0.1821000000 2.1101467725 2.6119318115
0.1831000000 2.1102542236 2.6121932080
0.1841000000 2.1103621826 2.6124559033
0.1851000000 2.1104706396 2.6127198779
0.1861000000 2.1105795850 2.6129851416
0.1871000000 2.1106890381 2.6132516846
0.1881000000 2.1107989893 2.6135195068
0.1891000000 2.1109094287 2.6137885986
0.1901000000 2.1110203564 2.6140589697
0.1911000000 2.1111317822 2.6143306104
0.1921000000 2.1112437061 2.6146035205
0.1931000000 2.1113561084 2.6148777002
0.1941000000 2.1114690088 2.6151531494
0.1951000000 2.1115823877 2.6154298486
0.1961000000 2.1116962549 2.6157078174
0.1971000000 2.1118106104 2.6159870459
0.1981000000 2.1119254443 2.6162675244
0.1991000000 2.1120407666 2.6165492627
