2.6640000000 0.0214442635 4.2656106148
2.6650000000 0.0491981773 4.2664576759
2.6660000000 0.0662024574 4.2673051186
2.6670000000 0.0796666069 4.2681529427
2.6680000000 0.0911727409 4.2690011559
2.6690000000 0.1013896599 4.2698497581
2.6700000000 0.1106749687 4.2706987419
2.6710000000 0.1192464943 4.2715481224
2.6720000000 0.1272485390 4.2723978996
2.6730000000 0.1347825737 4.2732480659
2.6740000000 0.1419231377 4.2740986290
2.6750000000 0.1487269096 4.2749495964
2.6760000000 0.1552381706 4.2758009605
2.6770000000 0.1614922981 4.2766527290
2.6780000000 0.1675180931 4.2775049019
2.6790000000 0.1733393593 4.2783574791
2.6800000000 0.1789760551 4.2792104607
2.6810000000 0.1844450874 4.2800638542
2.6820000000 0.1897609520 4.2809176674
2.6830000000 0.1949361687 4.2817718849
2.6840000000 0.1999816628 4.2826265297
2.6850000000 0.2049070091 4.2834815865
2.6860000000 0.2097206612 4.2843370628
2.6870000000 0.2144301338 4.2851929665
2.6880000000 0.2190421562 4.2860492897
2.6890000000 0.2235627403 4.2869060402
2.6900000000 0.2279973259 4.2877632256
2.6910000000 0.2323508263 4.2886208382
2.6920000000 0.2366277199 4.2894788933
2.6930000000 0.2408320885 4.2903373756
2.6940000000 0.2449676476 4.2911963005
2.6950000000 0.2490378227 4.2920556602
2.6960000000 0.2530457726 4.2929154701
2.6970000000 0.2569943962 4.2937757301
2.6980000000 0.2608863945 4.2946364326
2.6990000000 0.2647242470 4.2954975853
2.7000000000 0.2685102730 4.2963591957
2.7010000000 0.2722466393 4.2972212639
2.7020000000 0.2759353523 4.2980837898
2.7030000000 0.2795782967 4.2989467735
2.7040000000 0.2831772270 4.2998102226
2.7050000000 0.2867338066 4.3006741447
2.7060000000 0.2902495842 4.3015385323
2.7070000000 0.2937260170 4.3024034004
2.7080000000 0.2971644859 4.3032687416
2.7090000000 0.3005662880 4.3041345558
2.7100000000 0.3039326591 4.3050008583
2.7110000000 0.3072647438 4.3058676414
2.7120000000 0.3105636482 4.3067349205
2.7130000000 0.3138304253 4.3076026878
2.7140000000 0.3170660439 4.3084709511
2.7150000000 0.3202714653 4.3093397102
2.7160000000 0.3234475670 4.3102089729
2.7170000000 0.3265952110 4.3110787392
2.7180000000 0.3297151985 4.3119490166
2.7190000000 0.3328083153 4.3128198051
2.7200000000 0.3358752937 4.3136911125
2.7210000000 0.3389168358 4.3145629387
2.7220000000 0.3419336281 4.3154352837
2.7230000000 0.3449263039 4.3163081627
2.7240000000 0.3478954887 4.3171815681
2.7250000000 0.3508417702 4.3180555153
2.7260000000 0.3537657204 4.3189299965
2.7270000000 0.3566678810 4.3198050194
2.7280000000 0.3595487862 4.3206805992
2.7290000000 0.3624089241 4.3215567284
2.7300000000 0.3652487907 4.3224334068
2.7310000000 0.3680688438 4.3233106575
2.7320000000 0.3708695412 4.3241884651
2.7330000000 0.3736513100 4.3250668526
2.7340000000 0.3764145546 4.3259458122
2.7350000000 0.3791596947 4.3268253517
2.7360000000 0.3818871117 4.3277054787
2.7370000000 0.3845971718 4.3285861931
2.7380000000 0.3872902336 4.3294675102
2.7390000000 0.3899666634 4.3303494301
2.7400000000 0.3926267815 4.3312319527
2.7410000000 0.3952709160 4.3321150932
2.7420000000 0.3978993874 4.3329988518
2.7430000000 0.4005125008 4.3338832359
2.7440000000 0.4031105461 4.3347682533
2.7450000000 0.4056938133 4.3356539040
2.7460000000 0.4082625694 4.3365402031
2.7470000000 0.4108170967 4.3374271584
2.7480000000 0.4133576546 4.3383147697
2.7490000000 0.4158844872 4.3392030449
2.7500000000 0.4183978386 4.3400919991
2.7510000000 0.4208979530 4.3409816322
2.7520000000 0.4233850594 4.3418719597
2.7530000000 0.4258593864 4.3427629738
2.7540000000 0.4283211479 4.3436547050
2.7550000000 0.4307705498 4.3445471458
2.7560000000 0.4332078133 4.3454403114
2.7570000000 0.4356331215 4.3463342094
2.7580000000 0.4380466805 4.3472288551
2.7590000000 0.4404486809 4.3481242485
2.7600000000 0.4428392982 4.3490204048
2.7610000000 0.4452187157 4.3499173393
2.7620000000 0.4475871162 4.3508150597
2.7630000000 0.4499446602 4.3517135735
2.7640000000 0.4522915154 4.3526129036
2.7650000000 0.4546278572 4.3535130501
2.7660000000 0.4569538231 4.3544140358
2.7670000000 0.4592695808 4.3553158684
2.7680000000 0.4615752678 4.3562185707
2.7690000000 0.4638710518 4.3571221428
2.7700000000 0.4661570549 4.3580266228
2.7710000000 0.4684334297 4.3589320030
2.7720000000 0.4707003059 4.3598383217
2.7730000000 0.4729578133 4.3607455864
2.7740000000 0.4752060966 4.3616538200
2.7750000000 0.4774452629 4.3625630379
2.7760000000 0.4796754570 4.3634732704
2.7770000000 0.4818967781 4.3643845406
2.7780000000 0.4841093636 4.3652968712
2.7790000000 0.4863133202 4.3662102852
2.7800000000 0.4885087624 4.3671248207
2.7810000000 0.4906958046 4.3680404930
2.7820000000 0.4928745461 4.3689573555
2.7830000000 0.4950451012 4.3698754234
2.7840000000 0.4972075691 4.3707947578
2.7850000000 0.4993620567 4.3717153816
2.7860000000 0.5015086632 4.3726373482
2.7870000000 0.5036474800 4.3735607185
2.7880000000 0.5057785988 4.3744855385
2.7890000000 0.5079021263 4.3754118690
2.7900000000 0.5100181465 4.3763397942
2.7910000000 0.5121267433 4.3772693977
2.7920000000 0.5142280159 4.3782007561
2.7930000000 0.5163220406 4.3791339912
2.7940000000 0.5184089088 4.3800692253
2.7950000000 0.5204887047 4.3810066261
2.7960000000 0.5225614967 4.3819463692
2.7970000000 0.5246273766 4.3828886986
2.7980000000 0.5266864128 4.3838339424
2.7990000000 0.5287386894 4.3847825279
2.8000000000 0.5307842751 4.3857351265
2.8010000000 0.5328232536 4.3866928673
2.8020000000 0.5348556862 4.3876584053
2.8030000000 0.5368816490 4.3886368828
2.8040000000 0.5389012032 4.3896023979
2.8050000000 0.5409144325 4.3905602608
2.8060000000 0.5429213905 4.3915130577
2.8070000000 0.5449221458 4.3924619026
2.8080000000 0.5469167671 4.3934074440
2.8090000000 0.5489053154 4.3943501091
2.8100000000 0.5508878517 4.3952902031
2.8110000000 0.5528644295 4.3962279701
2.8120000000 0.5548351250 4.3971635780
2.8130000000 0.5567999916 4.3980971794
2.8140000000 0.5587590828 4.3990289040
2.8150000000 0.5607124519 4.3999588509
2.8160000000 0.5626601601 4.4008871117
2.8170000000 0.5646022682 4.4018137550
2.8180000000 0.5665388222 4.4027388496
2.8190000000 0.5684698753 4.4036624641
2.8200000000 0.5703954887 4.4045846367
2.8210000000 0.5723157005 4.4055054283
2.8220000000 0.5742305641 4.4064248772
2.8230000000 0.5761401405 4.4073430138
2.8240000000 0.5780444679 4.4082598839
2.8250000000 0.5799435921 4.4091755104
2.8260000000 0.5818375740 4.4100899315
2.8270000000 0.5837264442 4.4110031700
2.8280000000 0.5856102562 4.4119152489
2.8290000000 0.5874890480 4.4128261986
2.8300000000 0.5893628807 4.4137360268
2.8310000000 0.5912317772 4.4146447716
2.8320000000 0.5930957985 4.4155524406
2.8330000000 0.5949549751 4.4164590569
2.8340000000 0.5968093452 4.4173646278
2.8350000000 0.5986589622 4.4182691765
2.8360000000 0.6005038567 4.4191727180
2.8370000000 0.6023440742 4.4200752678
2.8380000000 0.6041796532 4.4209768257
2.8390000000 0.6060106239 4.4218774223
2.8400000000 0.6078370323 4.4227770576
2.8410000000 0.6096589165 4.4236757469
2.8420000000 0.6114763069 4.4245734978
2.8430000000 0.6132892418 4.4254703178
2.8440000000 0.6150977592 4.4263662224
2.8450000000 0.6169018974 4.4272612267
2.8460000000 0.6187016792 4.4281553230
2.8470000000 0.6204971428 4.4290485268
2.8480000000 0.6222883263 4.4299408531
2.8490000000 0.6240752678 4.4308322945
2.8500000000 0.6258579826 4.4317228737
2.8510000000 0.6276365166 4.4326125832
2.8520000000 0.6294108925 4.4335014458
2.8530000000 0.6311811562 4.4343894463
2.8540000000 0.6329473152 4.4352766151
2.8550000000 0.6347094231 4.4361629372
2.8560000000 0.6364674950 4.4370484276
2.8570000000 0.6382215691 4.4379330940
2.8580000000 0.6399716606 4.4388169365
2.8590000000 0.6417178154 4.4396999626
2.8600000000 0.6434600487 4.4405821724
2.8610000000 0.6451983910 4.4414635735
2.8620000000 0.6469328728 4.4423441734
2.8630000000 0.6486635170 4.4432239723
2.8640000000 0.6503903618 4.4441029701
2.8650000000 0.6521134148 4.4449811821
2.8660000000 0.6538327141 4.4458586006
2.8670000000 0.6555482826 4.4467352333
2.8680000000 0.6572601433 4.4476110878
2.8690000000 0.6589683266 4.4484861641
2.8700000000 0.6606728477 4.4493604622
2.8710000000 0.6623737373 4.4502339897
2.8720000000 0.6640710182 4.4511067467
2.8730000000 0.6657647133 4.4519787407
2.8740000000 0.6674548454 4.4528499641
2.8750000000 0.6691414375 4.4537204323
2.8760000000 0.6708245125 4.4545901375
2.8770000000 0.6725040855 4.4554590874
2.8780000000 0.6741801949 4.4563272896
2.8790000000 0.6758528481 4.4571947289
2.8800000000 0.6775220680 4.4580614281
2.8810000000 0.6791878777 4.4589273720
2.8820000000 0.6808502998 4.4597925758
2.8830000000 0.6825093575 4.4606570396
2.8840000000 0.6841650581 4.4615207558
2.8850000000 0.6858174400 4.4623837318
2.8860000000 0.6874665031 4.4632459679
2.8870000000 0.6891122856 4.4641074715
2.8880000000 0.6907547874 4.4649682426
2.8890000000 0.6923940468 4.4658282738
2.8900000000 0.6940300636 4.4666875801
2.8910000000 0.6956628685 4.4675461464
2.8920000000 0.6972924843 4.4684039955
2.8930000000 0.6989189110 4.4692611046
2.8940000000 0.7005421791 4.4701174965
2.8950000000 0.7021623039 4.4709731636
2.8960000000 0.7037793007 4.4718280983
2.8970000000 0.7053931923 4.4726823158
2.8980000000 0.7070039864 4.4735358162
2.8990000000 0.7086117058 4.4743885841
2.9000000000 0.7102163582 4.4752406425
2.9010000000 0.7118179741 4.4760919762
2.9020000000 0.7134165535 4.4769425926
2.9030000000 0.7150121269 4.4777924995
2.9040000000 0.7166047020 4.4786416817
2.9050000000 0.7181942940 4.4794901466
2.9060000000 0.7197809105 4.4803379021
2.9070000000 0.7213645821 4.4811849480
2.9080000000 0.7229453163 4.4820312691
2.9090000000 0.7245231209 4.4828768883
2.9100000000 0.7260980263 4.4837217903
2.9110000000 0.7276700249 4.4845659828
2.9120000000 0.7292391472 4.4854094582
2.9130000000 0.7308054008 4.4862522316
2.9140000000 0.7323688011 4.4870942879
2.9150000000 0.7339293633 4.4879356422
2.9160000000 0.7354870949 4.4887762871
2.9170000000 0.7370420113 4.4896162148
2.9180000000 0.7385941200 4.4904554405
2.9190000000 0.7401434441 4.4912939644
2.9200000000 0.7416899910 4.4921317711
2.9210000000 0.7432337761 4.4929688759
2.9220000000 0.7447747993 4.4938052711
2.9230000000 0.7463130913 4.4946409645
2.9240000000 0.7478486519 4.4954759407
2.9250000000 0.7493814888 4.4963102226
2.9260000000 0.7509116249 4.4971437950
2.9270000000 0.7524390678 4.4979766579
2.9280000000 0.7539638176 4.4988088188
2.9290000000 0.7554859047 4.4996402779
2.9300000000 0.7570053291 4.5004710274
2.9310000000 0.7585220985 4.5013010674
2.9320000000 0.7600362282 4.5021304054
2.9330000000 0.7615477257 4.5029590416
2.9340000000 0.7630566063 4.5037869682
2.9350000000 0.7645628777 4.5046141930
2.9360000000 0.7660665474 4.5054407082
2.9370000000 0.7675676308 4.5062665215
2.9380000000 0.7690661278 4.5070916328
2.9390000000 0.7705620537 4.5079160347
2.9400000000 0.7720554237 4.5087397346
2.9410000000 0.7735462379 4.5095627251
2.9420000000 0.7750345039 4.5103850136
2.9430000000 0.7765202446 4.5112065926
2.9440000000 0.7780034599 4.5120274696
2.9450000000 0.7794841499 4.5128476372
2.9460000000 0.7809623375 4.5136671028
2.9470000000 0.7824380226 4.5144858589
2.9480000000 0.7839112206 4.5153039055
2.9490000000 0.7853819313 4.5161212502
2.9500000000 0.7868501701 4.5169378929
2.9510000000 0.7883159370 4.5177538185
2.9520000000 0.7897792549 4.5185690422
2.9530000000 0.7912401085 4.5193835564
2.9540000000 0.7926985283 4.5201973610
2.9550000000 0.7941545067 4.5210104637
2.9560000000 0.7956080513 4.5218228493
2.9570000000 0.7970591774 4.5226345329
2.9580000000 0.7985078926 4.5234455070
2.9590000000 0.7999541969 4.5242557640
2.9600000000 0.8013980980 4.5250653191
2.9610000000 0.8028396111 4.5258741646
2.9620000000 0.8042787285 4.5266822929
2.9630000000 0.8057154655 4.5274897118
2.9640000000 0.8071498299 4.5282964211
2.9650000000 0.8085818214 4.5291024208
2.9660000000 0.8100114555 4.5299077110
2.9670000000 0.8114387321 4.5307122841
2.9680000000 0.8128636589 4.5315161400
2.9690000000 0.8142862358 4.5323192863
2.9700000000 0.8157064781 4.5331217232
2.9710000000 0.8171243858 4.5339234352
2.9720000000 0.8185399666 4.5347244453
2.9730000000 0.8199532204 4.5355247307
2.9740000000 0.8213641548 4.5363242989
2.9750000000 0.8227727852 4.5371231575
2.9760000000 0.8241791039 4.5379212990
2.9770000000 0.8255831184 4.5387187157
2.9780000000 0.8269848366 4.5395154228
2.9790000000 0.8283842659 4.5403114052
2.9800000000 0.8297813988 4.5411066780
2.9810000000 0.8311762505 4.5419012260
2.9820000000 0.8325688286 4.5426950493
2.9830000000 0.8339591255 4.5434881554
2.9840000000 0.8353471489 4.5442805443
2.9850000000 0.8367329140 4.5450722084
2.9860000000 0.8381164055 4.5458631477
2.9870000000 0.8394976463 4.5466533699
2.9880000000 0.8408766289 4.5474428596
2.9890000000 0.8422533531 4.5482316322
2.9900000000 0.8436278343 4.5490196800
2.9910000000 0.8450000725 4.5498070030
2.9920000000 0.8463700676 4.5505935936
2.9930000000 0.8477378197 4.5513794670
2.9940000000 0.8491033440 4.5521646080
2.9950000000 0.8504666328 4.5529490166
2.9960000000 0.8518276863 4.5537327003
2.9970000000 0.8531865196 4.5545156593
2.9980000000 0.8545431252 4.5552978859
2.9990000000 0.8558975105 4.5560793800
3.0000000000 0.8572496834 4.5568601418
3.0010000000 0.8585996284 4.5576401787
3.0020000000 0.8599473686 4.5584194756
3.0030000000 0.8612928886 4.5591980476
3.0040000000 0.8626362038 4.5599758797
3.0050000000 0.8639773064 4.5607529793
3.0060000000 0.8653162041 4.5615293388
3.0070000000 0.8666528893 4.5623049660
3.0080000000 0.8679873772 4.5630798531
3.0090000000 0.8693196678 4.5638540077
3.0100000000 0.8706497536 4.5646274223
3.0110000000 0.8719776421 4.5654000969
3.0120000000 0.8733033257 4.5661720390
3.0130000000 0.8746268196 4.5669432335
3.0140000000 0.8759481087 4.5677136879
3.0150000000 0.8772672081 4.5684834023
3.0160000000 0.8785841103 4.5692523689
3.0170000000 0.8798988228 4.5700205956
3.0180000000 0.8812113380 4.5707880821
3.0190000000 0.8825216637 4.5715548134
3.0200000000 0.8838297920 4.5723208122
3.0210000000 0.8851357231 4.5730860558
3.0220000000 0.8864394722 4.5738505516
3.0230000000 0.8877410164 4.5746143074
3.0240000000 0.8890403709 4.5753773079
3.0250000000 0.8903375359 4.5761395607
3.0260000000 0.8916325035 4.5769010582
3.0270000000 0.8929252739 4.5776618080
3.0280000000 0.8942158470 4.5784218102
3.0290000000 0.8955042305 4.5791810570
3.0300000000 0.8967904091 4.5799395485
3.0310000000 0.8980743904 4.5806972847
3.0320000000 0.8993561745 4.5814542656
3.0330000000 0.9006357536 4.5822104988
3.0340000000 0.9019131279 4.5829659691
3.0350000000 0.9031883049 4.5837206764
3.0360000000 0.9044612694 4.5844746361
3.0370000000 0.9057320290 4.5852278252
3.0380000000 0.9070005760 4.5859802589
3.0390000000 0.9082669029 4.5867319374
3.0400000000 0.9095310249 4.5874828453
3.0410000000 0.9107929192 4.5882329979
3.0420000000 0.9120526009 4.5889823799
3.0430000000 0.9133100548 4.5897310066
3.0440000000 0.9145652885 4.5904788628
3.0450000000 0.9158182869 4.5912259560
3.0460000000 0.9170690498 4.5919722786
3.0470000000 0.9183175774 4.5927178307
3.0480000000 0.9195638695 4.5934626198
3.0490000000 0.9208079109 4.5942066383
3.0500000000 0.9220497093 4.5949498863
3.0510000000 0.9232892570 4.5956923637
3.0520000000 0.9245265465 4.5964340706
3.0530000000 0.9257615700 4.5971749992
3.0540000000 0.9269943275 4.5979151573
3.0550000000 0.9282248192 4.5986545448
3.0560000000 0.9294530373 4.5993931541
3.0570000000 0.9306789665 4.6001309853
3.0580000000 0.9319026146 4.6008680382
3.0590000000 0.9331239662 4.6016043205
3.0600000000 0.9343430138 4.6023398170
3.0610000000 0.9355597649 4.6030745354
3.0620000000 0.9367742043 4.6038084755
3.0630000000 0.9379863167 4.6045416298
3.0640000000 0.9391961098 4.6052740059
3.0650000000 0.9404035759 4.6060055962
3.0660000000 0.9416086922 4.6067364006
3.0670000000 0.9428114662 4.6074664192
3.0680000000 0.9440118828 4.6081956596
3.0690000000 0.9452099419 4.6089241066
3.0700000000 0.9464056206 4.6096517677
3.0710000000 0.9475989189 4.6103786354
3.0720000000 0.9487898293 4.6111047249
3.0730000000 0.9499783363 4.6118300133
3.0740000000 0.9511644325 4.6125545158
3.0750000000 0.9523481102 4.6132782249
3.0760000000 0.9535293541 4.6140011406
3.0770000000 0.9547081566 4.6147232628
3.0780000000 0.9558845100 4.6154445915
3.0790000000 0.9570583916 4.6161651192
3.0800000000 0.9582297935 4.6168848610
3.0810000000 0.9593987083 4.6176037941
3.0820000000 0.9605651207 4.6183219337
3.0830000000 0.9617290077 4.6190392723
3.0840000000 0.9628903694 4.6197558174
3.0850000000 0.9640491753 4.6204715538
3.0860000000 0.9652054253 4.6211864891
3.0870000000 0.9663590965 4.6219006233
3.0880000000 0.9675101662 4.6226139565
3.0890000000 0.9686586189 4.6233264809
3.0900000000 0.9698044472 4.6240381966
3.0910000000 0.9709476204 4.6247491112
3.0920000000 0.9720881157 4.6254592171
3.0930000000 0.9732259254 4.6261685143
3.0940000000 0.9743610191 4.6268770027
3.0950000000 0.9754933662 4.6275846825
3.0960000000 0.9766229591 4.6282915535
3.0970000000 0.9777497520 4.6289976082
3.0980000000 0.9788737373 4.6297028542
3.0990000000 0.9799948769 4.6304072838
3.1000000000 0.9811131325 4.6311108971
3.1010000000 0.9822284889 4.6318137016
3.1020000000 0.9833409004 4.6325156822
3.1030000000 0.9844503288 4.6332168465
3.1040000000 0.9855567360 4.6339171944
3.1050000000 0.9866600838 4.6346167259
3.1060000000 0.9877603264 4.6353154411
3.1070000000 0.9888574104 4.6360133247
3.1080000000 0.9899512825 4.6367103996
3.1090000000 0.9910418816 4.6374066429
3.1100000000 0.9921291466 4.6381020622
3.1110000000 0.9932130089 4.6387966652
3.1120000000 0.9942933846 4.6394904366
3.1130000000 0.9953701820 4.6401833839
3.1140000000 0.9964433022 4.6408755074
3.1150000000 0.9975126228 4.6415667992
3.1160000000 0.9985780144 4.6422572594
3.1170000000 0.9996393166 4.6429468956
3.1180000000 1.0006963310 4.6436357002
3.1190000000 1.0017488213 4.6443236732
3.1200000000 1.0027964821 4.6450108147
3.1210000000 1.0038389091 4.6456971245
3.1220000000 1.0048755379 4.6463826027
3.1230000000 1.0059055290 4.6470672417
3.1240000000 1.0069274101 4.6477510490
3.1250000000 1.0079378777 4.6484340172
3.1260000000 1.0089909554 4.6491161461
3.1270000000 1.0102520790 4.6497974434
3.1280000000 1.0115265846 4.6504778938
3.1290000000 1.0128053932 4.6511575127
3.1300000000 1.0140855064 4.6518362846
3.1310000000 1.0153654060 4.6525142174
3.1320000000 1.0166441383 4.6531913109
3.1330000000 1.0179210701 4.6538675575
3.1340000000 1.0191957359 4.6545429573
3.1350000000 1.0204677696 4.6552175179
3.1360000000 1.0217368965 4.6558912315
3.1370000000 1.0230028801 4.6565640984
3.1380000000 1.0242655144 4.6572361183
3.1390000000 1.0255246315 4.6579072914
3.1400000000 1.0267800713 4.6585776176
3.1410000000 1.0280317116 4.6592470894
3.1420000000 1.0292794075 4.6599157143
3.1430000000 1.0305230522 4.6605834846
3.1440000000 1.0317625313 4.6612504082
3.1450000000 1.0329977379 4.6619164772
3.1460000000 1.0342285728 4.6625816917
3.1470000000 1.0354549446 4.6632460442
3.1480000000 1.0366767387 4.6639095497
3.1490000000 1.0378938789 4.6645722008
3.1500000000 1.0391062508 4.6652339897
3.1510000000 1.0403137779 4.6658949242
3.1520000000 1.0415163536 4.6665549965
3.1530000000 1.0427138863 4.6672142143
3.1540000000 1.0439062767 4.6678725700
3.1550000000 1.0450934181 4.6685300636
3.1560000000 1.0462752190 4.6691867027
3.1570000000 1.0474515724 4.6698424721
3.1580000000 1.0486223640 4.6704973793
3.1590000000 1.0497874870 4.6711514244
3.1600000000 1.0509468269 4.6718046074
3.1610000000 1.0521002541 4.6724569206
3.1620000000 1.0532476540 4.6731083717
3.1630000000 1.0543888969 4.6737589531
3.1640000000 1.0555238457 4.6744086723
3.1650000000 1.0566523476 4.6750575142
3.1660000000 1.0577742653 4.6757054939
3.1670000000 1.0588894310 4.6763526039
3.1680000000 1.0599976845 4.6769988441
3.1690000000 1.0610988579 4.6776442070
3.1700000000 1.0621927452 4.6782887077
3.1710000000 1.0632791634 4.6789323311
3.1720000000 1.0643578987 4.6795750771
3.1730000000 1.0654287148 4.6802169533
3.1740000000 1.0664913902 4.6808579521
3.1750000000 1.0675456505 4.6814980812
3.1760000000 1.0685912209 4.6821373329
3.1770000000 1.0696278038 4.6827757072
3.1780000000 1.0706550636 4.6834132042
3.1790000000 1.0716726418 4.6840498238
3.1800000000 1.0726801567 4.6846855659
3.1810000000 1.0736771660 4.6853204308
3.1820000000 1.0746631966 4.6859544106
3.1830000000 1.0756377220 4.6865875130
3.1840000000 1.0766001320 4.6872197304
3.1850000000 1.0775497627 4.6878510704
3.1860000000 1.0784858284 4.6884815254
3.1870000000 1.0794074440 4.6891111031
3.1880000000 1.0803135643 4.6897397957
3.1890000000 1.0812029305 4.6903675957
3.1900000000 1.0820740395 4.6909945183
3.1910000000 1.0829250069 4.6916205559
3.1920000000 1.0837533913 4.6922457085
3.1930000000 1.0845559425 4.6928699684
3.1940000000 1.0853279686 4.6934933510
3.1950000000 1.0860620537 4.6941158409
3.1960000000 1.0867439919 4.6947374382
3.1970000000 1.0873221245 4.6953581505
3.1980000000 1.0878997841 4.6959779778
3.1990000000 1.0885878716 4.6965969124
3.2000000000 1.0893332634 4.6972149544
3.2010000000 1.0901218529 4.6978321037
3.2020000000 1.0909463310 4.6984483681
3.2030000000 1.0918021049 4.6990637321
3.2040000000 1.0926860008 4.6996782112
3.2050000000 1.0935956535 4.7002917976
3.2060000000 1.0945292397 4.7009044914
3.2070000000 1.0954853020 4.7015162849
3.2080000000 1.0964626427 4.7021271858
3.2090000000 1.0974602470 4.7027371941
3.2100000000 1.0984772758 4.7033463097
3.2110000000 1.0995129738 4.7039545250
3.2120000000 1.1005666924 4.7045618477
3.2130000000 1.1016378670 4.7051682701
3.2140000000 1.1027259789 4.7057737999
3.2150000000 1.1038305779 4.7063784294
3.2160000000 1.1049512444 4.7069821587
3.2170000000 1.1060876045 4.7075849953
3.2180000000 1.1072393074 4.7081869316
3.2190000000 1.1084060326 4.7087879677
3.2200000000 1.1095874977 4.7093881035
3.2210000000 1.1107834206 4.7099873390
3.2220000000 1.1119935493 4.7105856819
3.2230000000 1.1132176476 4.7111831169
3.2240000000 1.1144554863 4.7117796516
3.2250000000 1.1157068520 4.7123752861
3.2260000000 1.1169715614 4.7129700203
3.2270000000 1.1182494087 4.7135638466
3.2280000000 1.1195402260 4.7141567802
3.2290000000 1.1208438454 4.7147488060
3.2300000000 1.1221600914 4.7153399315
3.2310000000 1.1234888115 4.7159301491
3.2320000000 1.1248298607 4.7165194664
3.2330000000 1.1261831017 4.7171078835
3.2340000000 1.1275483818 4.7176953926
3.2350000000 1.1289255791 4.7182819939
3.2360000000 1.1303145561 4.7188677025
3.2370000000 1.1317151985 4.7194524956
3.2380000000 1.1331273766 4.7200363884
3.2390000000 1.1345509758 4.7206193733
3.2400000000 1.1359858818 4.7212014580
3.2410000000 1.1374319878 4.7217826347
3.2420000000 1.1388891792 4.7223629036
3.2430000000 1.1403573570 4.7229422722
3.2440000000 1.1418364143 4.7235207329
3.2450000000 1.1433262444 4.7240982857
3.2460000000 1.1448267555 4.7246749306
3.2470000000 1.1463378563 4.7252506752
3.2480000000 1.1478594398 4.7258255043
3.2490000000 1.1493914146 4.7263994331
3.2500000000 1.1509336967 4.7269724541
3.2510000000 1.1524861870 4.7275445671
3.2520000000 1.1540488014 4.7281157799
3.2530000000 1.1556214485 4.7286860771
3.2540000000 1.1572040367 4.7292554741
3.2550000000 1.1587964973 4.7298239632
3.2560000000 1.1603987312 4.7303915367
3.2570000000 1.1620106544 4.7309582100
3.2580000000 1.1636321907 4.7315239754
3.2590000000 1.1652632561 4.7320888405
3.2600000000 1.1669037743 4.7326527901
3.2610000000 1.1685536537 4.7332158318
3.2620000000 1.1702128258 4.7337779732
3.2630000000 1.1718812065 4.7343391991
3.2640000000 1.1735587120 4.7348995247
3.2650000000 1.1752452736 4.7354589424
3.2660000000 1.1769408150 4.7360174522
3.2670000000 1.1786452522 4.7365750542
3.2680000000 1.1803585167 4.7371317482
3.2690000000 1.1820805244 4.7376875420
3.2700000000 1.1838111992 4.7382424278
3.2710000000 1.1855504799 4.7387964058
3.2720000000 1.1872982826 4.7393494759
3.2730000000 1.1890545311 4.7399016380
3.2740000000 1.1908191566 4.7404528999
3.2750000000 1.1925920906 4.7410032539
3.2760000000 1.1943732414 4.7415527077
3.2770000000 1.1961625557 4.7421012459
3.2780000000 1.1979599571 4.7426488914
3.2790000000 1.1997653694 4.7431956215
3.2800000000 1.2015787163 4.7437414513
3.2810000000 1.2033999367 4.7442863808
3.2820000000 1.2052289543 4.7448304024
3.2830000000 1.2070657005 4.7453735237
3.2840000000 1.2089100990 4.7459157372
3.2850000000 1.2107620888 4.7464570503
3.2860000000 1.2126215858 4.7469974632
3.2870000000 1.2144885368 4.7475369682
3.2880000000 1.2163628578 4.7480755730
3.2890000000 1.2182444801 4.7486132774
3.2900000000 1.2201333504 4.7491500816
3.2910000000 1.2220293770 4.7496859856
3.2920000000 1.2239325066 4.7502209892
3.2930000000 1.2258426628 4.7507550926
3.2940000000 1.2277597847 4.7512882957
3.2950000000 1.2296837959 4.7518205986
3.2960000000 1.2316146278 4.7523520012
3.2970000000 1.2335522270 4.7528825111
3.2980000000 1.2354965019 4.7534121208
3.2990000000 1.2374474068 4.7539408379
3.3000000000 1.2394048576 4.7544686546
3.3010000000 1.2413688011 4.7549955711
3.3020000000 1.2433391609 4.7555215950
3.3030000000 1.2453158760 4.7560467262
3.3040000000 1.2472988701 4.7565709648
3.3050000000 1.2492880898 4.7570943108
3.3060000000 1.2512834663 4.7576167564
3.3070000000 1.2532849236 4.7581383171
3.3080000000 1.2552924080 4.7586589851
3.3090000000 1.2573058434 4.7591787605
3.3100000000 1.2593251686 4.7596976433
3.3110000000 1.2613503227 4.7602156334
3.3120000000 1.2633812370 4.7607327461
3.3130000000 1.2654178505 4.7612489586
3.3140000000 1.2674600945 4.7617642937
3.3150000000 1.2695079079 4.7622787361
3.3160000000 1.2715612144 4.7627922935
3.3170000000 1.2736199684 4.7633049660
3.3180000000 1.2756841011 4.7638167534
3.3190000000 1.2777535439 4.7643276558
3.3200000000 1.2798282356 4.7648376808
3.3210000000 1.2819081154 4.7653468208
3.3220000000 1.2839931221 4.7658550758
3.3230000000 1.2860831871 4.7663624611
3.3240000000 1.2881782570 4.7668689613
3.3250000000 1.2902782555 4.7673745842
3.3260000000 1.2923831367 4.7678793221
3.3270000000 1.2944928398 4.7683831902
3.3280000000 1.2966072884 4.7688861885
3.3290000000 1.2987264366 4.7693883018
3.3300000000 1.3008502159 4.7698895454
3.3310000000 1.3029785652 4.7703899193
3.3320000000 1.3051114311 4.7708894234
3.3330000000 1.3072487526 4.7713880501
3.3340000000 1.3093904610 4.7718858147
3.3350000000 1.3115365105 4.7723827095
3.3360000000 1.3136868401 4.7728787346
3.3370000000 1.3158413811 4.7733738976
3.3380000000 1.3180000877 4.7738681908
3.3390000000 1.3201628914 4.7743616219
3.3400000000 1.3223297386 4.7748541908
3.3410000000 1.3245005760 4.7753458977
3.3420000000 1.3266753426 4.7758367500
3.3430000000 1.3288539848 4.7763267403
3.3440000000 1.3310364418 4.7768158684
3.3450000000 1.3332226601 4.7773041496
3.3460000000 1.3354125786 4.7777915688
3.3470000000 1.3376061592 4.7782781334
3.3480000000 1.3398033257 4.7787638512
3.3490000000 1.3420040321 4.7792487144
3.3500000000 1.3442082329 4.7797327232
3.3510000000 1.3464158592 4.7802158928
3.3520000000 1.3486268654 4.7806982079
3.3530000000 1.3508411903 4.7811796837
3.3540000000 1.3530587959 4.7816603127
3.3550000000 1.3552796135 4.7821400948
3.3560000000 1.3575036049 4.7826190453
3.3570000000 1.3597307014 4.7830971489
3.3580000000 1.3619608650 4.7835744133
3.3590000000 1.3641940422 4.7840508461
3.3600000000 1.3664301796 4.7845264397
3.3610000000 1.3686692238 4.7850012016
3.3620000000 1.3709111290 4.7854751320
3.3630000000 1.3731558418 4.7859482307
3.3640000000 1.3754033165 4.7864204979
3.3650000000 1.3776534996 4.7868919411
3.3660000000 1.3799063454 4.7873625603
3.3670000000 1.3821618080 4.7878323479
3.3680000000 1.3844198341 4.7883013191
3.3690000000 1.3866803703 4.7887694740
3.3700000000 1.3889433784 4.7892368050
3.3710000000 1.3912088127 4.7897033195
3.3720000000 1.3934766197 4.7901690178
3.3730000000 1.3957467537 4.7906338997
3.3740000000 1.3980191765 4.7910979729
3.3750000000 1.4002938271 4.7915612373
3.3760000000 1.4025706749 4.7920236931
3.3770000000 1.4048496742 4.7924853477
3.3780000000 1.4071307716 4.7929461937
3.3790000000 1.4094139214 4.7934062309
3.3800000000 1.4116990929 4.7938654747
3.3810000000 1.4139862328 4.7943239174
3.3820000000 1.4162752953 4.7947815666
3.3830000000 1.4185662422 4.7952384224
3.3840000000 1.4208590355 4.7956944771
3.3850000000 1.4231536293 4.7961497459
3.3860000000 1.4254499779 4.7966042290
3.3870000000 1.4277480431 4.7970579262
3.3880000000 1.4300477867 4.7975108376
3.3890000000 1.4323491554 4.7979629631
3.3900000000 1.4346521263 4.7984143105
3.3910000000 1.4369566536 4.7988648796
3.3920000000 1.4392626915 4.7993146706
3.3930000000 1.4415702095 4.7997636909
3.3940000000 1.4438791542 4.8002119408
3.3950000000 1.4461895027 4.8006594200
3.3960000000 1.4485012169 4.8011061287
3.3970000000 1.4508142433 4.8015520744
3.3980000000 1.4531285591 4.8019972572
3.3990000000 1.4554441185 4.8024416771
3.4000000000 1.4577608910 4.8028853493
3.4010000000 1.4600788383 4.8033282585
3.4020000000 1.4623979225 4.8037704124
3.4030000000 1.4647181053 4.8042118187
3.4040000000 1.4670393562 4.8046524773
3.4050000000 1.4693616371 4.8050923805
3.4060000000 1.4716849174 4.8055315514
3.4070000000 1.4740091591 4.8059699745
3.4080000000 1.4763343315 4.8064076653
3.4090000000 1.4786603966 4.8068446159
3.4100000000 1.4809873238 4.8072808266
3.4110000000 1.4833150749 4.8077163124
3.4120000000 1.4856436272 4.8081510658
3.4130000000 1.4879729347 4.8085851021
3.4140000000 1.4903029823 4.8090184059
3.4150000000 1.4926337166 4.8094509926
3.4160000000 1.4949651299 4.8098828545
3.4170000000 1.4972971764 4.8103140068
3.4180000000 1.4996298256 4.8107444496
3.4190000000 1.5019630547 4.8111741753
3.4200000000 1.5042968254 4.8116031914
3.4210000000 1.5066311073 4.8120315132
3.4220000000 1.5089658852 4.8124591255
3.4230000000 1.5113011131 4.8128860359
3.4240000000 1.5136367683 4.8133122520
3.4250000000 1.5159728203 4.8137377739
3.4260000000 1.5183092537 4.8141626091
3.4270000000 1.5206460228 4.8145867500
3.4280000000 1.5229831047 4.8150102119
3.4290000000 1.5253204842 4.8154329872
3.4300000000 1.5276581154 4.8158550835
3.4310000000 1.5299959831 4.8162765007
3.4320000000 1.5323340645 4.8166972466
3.4330000000 1.5346723213 4.8171173210
3.4340000000 1.5370107384 4.8175367241
3.4350000000 1.5393492775 4.8179554710
3.4360000000 1.5416879311 4.8183735542
3.4370000000 1.5440266609 4.8187909737
3.4380000000 1.5463654442 4.8192077370
3.4390000000 1.5487042656 4.8196238518
3.4400000000 1.5510430870 4.8200393181
3.4410000000 1.5533818932 4.8204541359
3.4420000000 1.5557206612 4.8208683052
3.4430000000 1.5580593681 4.8212818413
3.4440000000 1.5603979836 4.8216947365
3.4450000000 1.5627364922 4.8221070061
3.4460000000 1.5650748711 4.8225186348
3.4470000000 1.5674130898 4.8229296455
3.4480000000 1.5697511330 4.8233400230
3.4490000000 1.5720889854 4.8237497826
3.4500000000 1.5744266167 4.8241589241
3.4510000000 1.5767640038 4.8245674553
3.4520000000 1.5791011314 4.8249753761
3.4530000000 1.5814379768 4.8253826866
3.4540000000 1.5837745247 4.8257893867
3.4550000000 1.5861107445 4.8261954918
3.4560000000 1.5884466286 4.8266010017
3.4570000000 1.5907821465 4.8270059166
3.4580000000 1.5931172829 4.8274102364
3.4590000000 1.5954520226 4.8278139687
3.4600000000 1.5977863426 4.8282171211
3.4610000000 1.6001202202 4.8286196938
3.4620000000 1.6024536476 4.8290216866
3.4630000000 1.6047866020 4.8294231071
3.4640000000 1.6071190605 4.8298239555
3.4650000000 1.6094510078 4.8302242393
3.4660000000 1.6117824287 4.8306239662
3.4670000000 1.6141133080 4.8310231285
3.4680000000 1.6164436226 4.8314217339
3.4690000000 1.6187733650 4.8318197823
3.4700000000 1.6211025047 4.8322172890
3.4710000000 1.6234310341 4.8326142540
3.4720000000 1.6257589378 4.8330106773
3.4730000000 1.6280862007 4.8334065590
3.4740000000 1.6304127998 4.8338019066
3.4750000000 1.6327387276 4.8341967278
3.4760000000 1.6350639687 4.8345910225
3.4770000000 1.6373885002 4.8349847908
3.4780000000 1.6397123070 4.8353780403
3.4790000000 1.6420353889 4.8357707787
3.4800000000 1.6443577156 4.8361630058
3.4810000000 1.6466792793 4.8365547218
3.4820000000 1.6490000725 4.8369459343
3.4830000000 1.6513200645 4.8373366508
3.4840000000 1.6536392632 4.8377268639
3.4850000000 1.6559576302 4.8381165962
3.4860000000 1.6582751732 4.8385058327
3.4870000000 1.6605918694 4.8388945885
3.4880000000 1.6629077110 4.8392828560
3.4890000000 1.6652226830 4.8396706581
3.4900000000 1.6675367699 4.8400579796
3.4910000000 1.6698499565 4.8404448357
3.4920000000 1.6721622429 4.8408312263
3.4930000000 1.6744736061 4.8412171593
3.4940000000 1.6767840385 4.8416026268
3.4950000000 1.6790935249 4.8419876518
3.4960000000 1.6814020576 4.8423722191
3.4970000000 1.6837096291 4.8427563515
3.4980000000 1.6860162239 4.8431400337
3.4990000000 1.6883218269 4.8435232811
3.5000000000 1.6906264305 4.8439061012
3.5010000000 1.6929300270 4.8442884941
3.5020000000 1.6952326012 4.8446704521
3.5030000000 1.6975341454 4.8450519981
3.5040000000 1.6998346519 4.8454331245
3.5050000000 1.7021341057 4.8458138390
3.5060000000 1.7044324989 4.8461941490
3.5070000000 1.7067298164 4.8465740547
3.5080000000 1.7090260658 4.8469535561
3.5090000000 1.7113212166 4.8473326683
3.5100000000 1.7136152763 4.8477113838
3.5110000000 1.7159082222 4.8480897179
3.5120000000 1.7182000542 4.8484676628
3.5130000000 1.7204907646 4.8488452339
3.5140000000 1.7227803383 4.8492224312
3.5150000000 1.7250687675 4.8495992546
3.5160000000 1.7273560524 4.8499757118
3.5170000000 1.7296421700 4.8503518105
3.5180000000 1.7319271278 4.8507275505
3.5190000000 1.7342109108 4.8511029320
3.5200000000 1.7364935036 4.8514779701
3.5210000000 1.7387749138 4.8518526649
3.5220000000 1.7410551186 4.8522270164
3.5230000000 1.7433341255 4.8526010323
3.5240000000 1.7456119118 4.8529747200
3.5250000000 1.7478884850 4.8533480797
3.5260000000 1.7501638222 4.8537211113
3.5270000000 1.7524379311 4.8540938301
3.5280000000 1.7547107964 4.8544662285
3.5290000000 1.7569824181 4.8548383217
3.5300000000 1.7592527885 4.8552101097
3.5310000000 1.7615218925 4.8555815926
3.5320000000 1.7637897301 4.8559527855
3.5330000000 1.7660562935 4.8563236809
3.5340000000 1.7683215752 4.8566942863
3.5350000000 1.7705855751 4.8570646095
3.5360000000 1.7728482857 4.8574346581
3.5370000000 1.7751096992 4.8578044243
3.5380000000 1.7773698082 4.8581739311
3.5390000000 1.7796286049 4.8585431633
3.5400000000 1.7818860970 4.8589121361
3.5410000000 1.7841422615 4.8592808495
3.5420000000 1.7863971062 4.8596493187
3.5430000000 1.7886506233 4.8600175362
3.5440000000 1.7909027977 4.8603855019
3.5450000000 1.7931536446 4.8607532387
3.5460000000 1.7954031410 4.8611207390
3.5470000000 1.7976512871 4.8614880028
3.5480000000 1.7998980827 4.8618550453
3.5490000000 1.8021435127 4.8622218666
3.5500000000 1.8043875923 4.8625884743
3.5510000000 1.8066302986 4.8629548607
3.5520000000 1.8088716316 4.8633210487
3.5530000000 1.8111115913 4.8636870308
3.5540000000 1.8133501778 4.8640528069
3.5550000000 1.8155873756 4.8644183998
3.5560000000 1.8178231850 4.8647837944
3.5570000000 1.8200576057 4.8651490059
3.5580000000 1.8222906303 4.8655140419
3.5590000000 1.8245222511 4.8658788948
3.5600000000 1.8267524757 4.8662435799
3.5610000000 1.8289812965 4.8666080971
3.5620000000 1.8312087135 4.8669724464
3.5630000000 1.8334347115 4.8673366432
3.5640000000 1.8356592903 4.8677006874
3.5650000000 1.8378824577 4.8680645790
3.5660000000 1.8401041985 4.8684283257
3.5670000000 1.8423245201 4.8687919350
3.5680000000 1.8445434151 4.8691554070
3.5690000000 1.8467608757 4.8695187492
3.5700000000 1.8489769096 4.8698819618
3.5710000000 1.8511915016 4.8702450600
3.5720000000 1.8534046593 4.8706080284
3.5730000000 1.8556163750 4.8709708977
3.5740000000 1.8578266411 4.8713336449
3.5750000000 1.8600354729 4.8716963005
3.5760000000 1.8622428474 4.8720588493
3.5770000000 1.8644487801 4.8724213066
3.5780000000 1.8666532555 4.8727836647
3.5790000000 1.8688562813 4.8731459465
3.5800000000 1.8710578499 4.8735081444
3.5810000000 1.8732579536 4.8738702660
3.5820000000 1.8754566002 4.8742323112
3.5830000000 1.8776537895 4.8745942955
3.5840000000 1.8798495140 4.8749562111
3.5850000000 1.8820437660 4.8753180733
3.5860000000 1.8842365608 4.8756798744
3.5870000000 1.8864278755 4.8760416298
3.5880000000 1.8886177254 4.8764033394
3.5890000000 1.8908061104 4.8767650032
3.5900000000 1.8929930153 4.8771266365
3.5910000000 1.8951784401 4.8774882317
3.5920000000 1.8973624001 4.8778498039
3.5930000000 1.8995448723 4.8782113533
3.5940000000 1.9017258720 4.8785728874
3.5950000000 1.9039053917 4.8789343987
3.5960000000 1.9060834312 4.8792959099
3.5970000000 1.9082599907 4.8796574059
3.5980000000 1.9104350700 4.8800189095
3.5990000000 1.9126086617 4.8803804131
3.6000000000 1.9147807655 4.8807419243
3.6010000000 1.9169513893 4.8811034508
3.6020000000 1.9191205254 4.8814649849
3.6030000000 1.9212881813 4.8818265495
3.6040000000 1.9234543419 4.8821881371
3.6050000000 1.9256190147 4.8825497551
3.6060000000 1.9277821999 4.8829114113
3.6070000000 1.9299438972 4.8832731056
3.6080000000 1.9321041069 4.8836348381
3.6090000000 1.9342628288 4.8839966164
3.6100000000 1.9364200554 4.8843584557
3.6110000000 1.9385757942 4.8847203484
3.6120000000 1.9407300377 4.8850822945
3.6130000000 1.9428827934 4.8854443169
3.6140000000 1.9450340614 4.8858064003
3.6150000000 1.9471838341 4.8861685600
3.6160000000 1.9493321114 4.8865307961
3.6170000000 1.9514789009 4.8868931160
3.6180000000 1.9536242027 4.8872555199
3.6190000000 1.9557680092 4.8876180229
3.6200000000 1.9579103203 4.8879806099
3.6210000000 1.9600511436 4.8883433037
3.6220000000 1.9621904716 4.8887060966
3.6230000000 1.9643283119 4.8890690041
3.6240000000 1.9664646645 4.8894320183
3.6250000000 1.9685995216 4.8897951469
3.6260000000 1.9707328835 4.8901583977
3.6270000000 1.9728647652 4.8905217781
3.6280000000 1.9749951515 4.8908852806
3.6290000000 1.9771240501 4.8912489204
3.6300000000 1.9792514534 4.8916126900
3.6310000000 1.9813773766 4.8919766121
3.6320000000 1.9835018044 4.8923406715
3.6330000000 1.9856247520 4.8927048836
3.6340000000 1.9877462044 4.8930692482
3.6350000000 1.9898661766 4.8934337730
3.6360000000 1.9919846611 4.8937984581
3.6370000000 1.9941016579 4.8941633110
3.6380000000 1.9962171669 4.8945283318
3.6390000000 1.9983312035 4.8948935280
3.6400000000 2.0004437447 4.8952588997
3.6410000000 2.0025548134 4.8956244621
3.6420000000 2.0046643944 4.8959902000
3.6430000000 2.0067724953 4.8963561363
3.6440000000 2.0088791161 4.8967222633
3.6450000000 2.0109842567 4.8970885887
3.6460000000 2.0130879250 4.8974551125
3.6470000000 2.0151901054 4.8978218498
3.6480000000 2.0172908211 4.8981887932
3.6490000000 2.0193900566 4.8985559502
3.6500000000 2.0214878120 4.8989233284
3.6510000000 2.0235841026 4.8992909203
3.6520000000 2.0256789207 4.8996587486
3.6530000000 2.0277722664 4.9000267982
3.6540000000 2.0298641396 4.9003950844
3.6550000000 2.0319545403 4.9007636070
3.6560000000 2.0340434837 4.9011323738
3.6570000000 2.0361309547 4.9015013847
3.6580000000 2.0382169609 4.9018706398
3.6590000000 2.0403015022 4.9022401543
3.6600000000 2.0423845863 4.9026099205
3.6610000000 2.0444662056 4.9029799461
3.6620000000 2.0465463600 4.9033502388
3.6630000000 2.0486250572 4.9037207909
3.6640000000 2.0507023048 4.9040916252
3.6650000000 2.0527780876 4.9044627266
3.6660000000 2.0548524208 4.9048341103
3.6670000000 2.0569252968 4.9052057762
3.6680000000 2.0589967232 4.9055777245
3.6690000000 2.0610667000 4.9059499626
3.6700000000 2.0631352272 4.9063224983
3.6710000000 2.0652023125 4.9066953239
3.6720000000 2.0672679482 4.9070684547
3.6730000000 2.0693321342 4.9074418907
3.6740000000 2.0713948860 4.9078156319
3.6750000000 2.0734561882 4.9081896782
3.6760000000 2.0755160561 4.9085640450
3.6770000000 2.0775744820 4.9089387321
3.6780000000 2.0796314735 4.9093137321
3.6790000000 2.0816870384 4.9096890602
3.6800000000 2.0837411613 4.9100647240
3.6810000000 2.0857938499 4.9104407082
3.6820000000 2.0878451195 4.9108170357
3.6830000000 2.0898949547 4.9111936989
3.6840000000 2.0919433632 4.9115706978
3.6850000000 2.0939903450 4.9119480476
3.6860000000 2.0960359077 4.9123257484
3.6870000000 2.0980800514 4.9127037926
3.6880000000 2.1001227684 4.9130822029
3.6890000000 2.1021640739 4.9134609642
3.6900000000 2.1042039604 4.9138400841
3.6910000000 2.1062424355 4.9142195778
3.6920000000 2.1082794991 4.9145994301
3.6930000000 2.1103151512 4.9149796562
3.6940000000 2.1123493996 4.9153602638
3.6950000000 2.1143822365 4.9157412453
3.6960000000 2.1164136696 4.9161226006
3.6970000000 2.1184436989 4.9165043449
3.6980000000 2.1204723320 4.9168864784
3.6990000000 2.1224995613 4.9172690010
3.7000000000 2.1245253944 4.9176519127
3.7010000000 2.1265498390 4.9180352287
3.7020000000 2.1285728874 4.9184189339
3.7030000000 2.1305945396 4.9188030510
3.7040000000 2.1326148109 4.9191875648
3.7050000000 2.1346336937 4.9195724907
3.7060000000 2.1366511879 4.9199578285
3.7070000000 2.1386673012 4.9203435783
3.7080000000 2.1406820335 4.9207297478
3.7090000000 2.1426953850 4.9211163368
3.7100000000 2.1447073631 4.9215033455
3.7110000000 2.1467179680 4.9218907890
3.7120000000 2.1487271996 4.9222786522
3.7130000000 2.1507350578 4.9226669502
3.7140000000 2.1527415428 4.9230556831
3.7150000000 2.1547466698 4.9234448509
3.7160000000 2.1567504311 4.9238344536
3.7170000000 2.1587528343 4.9242245064
3.7180000000 2.1607538719 4.9246150017
3.7190000000 2.1627535515 4.9250059471
3.7200000000 2.1647518730 4.9253973427
3.7210000000 2.1667488441 4.9257891960
3.7220000000 2.1687444649 4.9261814995
3.7230000000 2.1707387428 4.9265742607
3.7240000000 2.1727316628 4.9269674873
3.7250000000 2.1747232399 4.9273611794
3.7260000000 2.1767134819 4.9277553291
3.7270000000 2.1787023735 4.9281499596
3.7280000000 2.1806899376 4.9285450554
3.7290000000 2.1826761589 4.9289406242
3.7300000000 2.1846610451 4.9293366737
3.7310000000 2.1866446037 4.9297331963
3.7320000000 2.1886268349 4.9301302071
3.7330000000 2.1906077309 4.9305276985
3.7340000000 2.1925873070 4.9309256783
3.7350000000 2.1945655632 4.9313241463
3.7360000000 2.1965424919 4.9317231102
3.7370000000 2.1985181084 4.9321225624
3.7380000000 2.2004924126 4.9325225105
3.7390000000 2.2024653969 4.9329229546
3.7400000000 2.2044370689 4.9333239098
3.7410000000 2.2064074364 4.9337253609
3.7420000000 2.2083764992 4.9341273155
3.7430000000 2.2103442497 4.9345297813
3.7440000000 2.2123107033 4.9349327583
3.7450000000 2.2142758598 4.9353362465
3.7460000000 2.2162397118 4.9357402458
3.7470000000 2.2182022743 4.9361447639
3.7480000000 2.2201635399 4.9365498009
3.7490000000 2.2221235237 4.9369553566
3.7500000000 2.2240822105 4.9373614388
3.7510000000 2.2260396156 4.9377680397
3.7520000000 2.2279957314 4.9381751747
3.7530000000 2.2299505730 4.9385828362
3.7540000000 2.2319041328 4.9389910316
3.7550000000 2.2338564186 4.9393997536
3.7560000000 2.2358074303 4.9398090172
3.7570000000 2.2377571678 4.9402188148
3.7580000000 2.2397056389 4.9406291542
3.7590000000 2.2416528358 4.9410400352
3.7600000000 2.2435987740 4.9414514580
3.7610000000 2.2455434532 4.9418634224
3.7620000000 2.2474868660 4.9422759361
3.7630000000 2.2494290276 4.9426889992
3.7640000000 2.2513699303 4.9431026192
3.7650000000 2.2533095818 4.9435167809
3.7660000000 2.2552479744 4.9439315071
3.7670000000 2.2571851311 4.9443467827
3.7680000000 2.2591210365 4.9447626152
3.7690000000 2.2610556984 4.9451790123
3.7700000000 2.2629891243 4.9455959740
3.7710000000 2.2649213066 4.9460134926
3.7720000000 2.2668522530 4.9464315758
3.7730000000 2.2687819710 4.9468502312
3.7740000000 2.2707104530 4.9472694511
3.7750000000 2.2726377068 4.9476892433
3.7760000000 2.2745637321 4.9481096001
3.7770000000 2.2764885368 4.9485305367
3.7780000000 2.2784121208 4.9489520531
3.7790000000 2.2803344841 4.9493741341
3.7800000000 2.2822556343 4.9497968025
3.7810000000 2.2841755638 4.9502200508
3.7820000000 2.2860942879 4.9506438789
3.7830000000 2.2880117989 4.9510682869
3.7840000000 2.2899280968 4.9514932747
3.7850000000 2.2918431969 4.9519188576
3.7860000000 2.2937570915 4.9523450203
3.7870000000 2.2956697884 4.9527717781
3.7880000000 2.2975812950 4.9531991234
3.7890000000 2.2994915962 4.9536270638
3.7900000000 2.3014007072 4.9540555916
3.7910000000 2.3033086281 4.9544847145
3.7920000000 2.3052153664 4.9549144325
3.7930000000 2.3071209145 4.9553447533
3.7940000000 2.3090252800 4.9557756691
3.7950000000 2.3109284630 4.9562071800
3.7960000000 2.3128304710 4.9566393013
3.7970000000 2.3147313042 4.9570720177
3.7980000000 2.3166309624 4.9575053368
3.7990000000 2.3185294456 4.9579392662
3.8000000000 2.3204267693 4.9583737984
3.8010000000 2.3223229179 4.9588089333
3.8020000000 2.3242179070 4.9592446861
3.8030000000 2.3261117363 4.9596810417
3.8040000000 2.3280044060 4.9601180077
3.8050000000 2.3298959236 4.9605555916
3.8060000000 2.3317862816 4.9609937859
3.8070000000 2.3336754875 4.9614325905
3.8080000000 2.3355635490 4.9618720131
3.8090000000 2.3374504585 4.9623120537
3.8100000000 2.3393362312 4.9627527122
3.8110000000 2.3412208519 4.9631939888
3.8120000000 2.3431043434 4.9636358833
3.8130000000 2.3449866905 4.9640783958
3.8140000000 2.3468679085 4.9645215340
3.8150000000 2.3487479897 4.9649652901
3.8160000000 2.3506269493 4.9654096718
3.8170000000 2.3525047722 4.9658546791
3.8180000000 2.3543814735 4.9663003120
3.8190000000 2.3562570534 4.9667465706
3.8200000000 2.3581315117 4.9671934624
3.8210000000 2.3600048561 4.9676409721
3.8220000000 2.3618770790 4.9680891151
3.8230000000 2.3637481956 4.9685378914
3.8240000000 2.3656181984 4.9689872932
3.8250000000 2.3674870949 4.9694373283
3.8260000000 2.3693548851 4.9698879967
3.8270000000 2.3712215691 4.9703392982
3.8280000000 2.3730871544 4.9707912331
3.8290000000 2.3749516411 4.9712438087
3.8300000000 2.3768150291 4.9716970100
3.8310000000 2.3786773262 4.9721508522
3.8320000000 2.3805385323 4.9726053352
3.8330000000 2.3823986549 4.9730604515
3.8340000000 2.3842576866 4.9735162086
3.8350000000 2.3861156273 4.9739725990
3.8360000000 2.3879724998 4.9744296379
3.8370000000 2.3898282814 4.9748873100
3.8380000000 2.3916829872 4.9753456306
3.8390000000 2.3935366249 4.9758045845
3.8400000000 2.3953891869 4.9762641869
3.8410000000 2.3972406807 4.9767244301
3.8420000000 2.3990911064 4.9771853142
3.8430000000 2.4009404640 4.9776468468
3.8440000000 2.4027887611 4.9781090279
3.8450000000 2.4046359978 4.9785718422
3.8460000000 2.4064821815 4.9790353127
3.8470000000 2.4083273048 4.9794994240
3.8480000000 2.4101713753 4.9799641914
3.8490000000 2.4120143929 4.9804295998
3.8500000000 2.4138563652 4.9808956566
3.8510000000 2.4156972923 4.9813623543
3.8520000000 2.4175371666 4.9818297081
3.8530000000 2.4193760109 4.9822977180
3.8540000000 2.4212138100 4.9827663689
3.8550000000 2.4230505714 4.9832356682
3.8560000000 2.4248863029 4.9837056236
3.8570000000 2.4267210045 4.9841762276
3.8580000000 2.4285546684 4.9846474876
3.8590000000 2.4303873100 4.9851193962
3.8600000000 2.4322189217 4.9855919533
3.8610000000 2.4340495186 4.9860651665
3.8620000000 2.4358790932 4.9865390282
3.8630000000 2.4377076454 4.9870135536
3.8640000000 2.4395351830 4.9874887199
3.8650000000 2.4413617058 4.9879645500
3.8660000000 2.4431872215 4.9884410286
3.8670000000 2.4450117302 4.9889181633
3.8680000000 2.4468352242 4.9893959541
3.8690000000 2.4486577187 4.9898743935
3.8700000000 2.4504792137 4.9903534966
3.8710000000 2.4522997093 4.9908332481
3.8720000000 2.4541192055 4.9913136635
3.8730000000 2.4559377022 4.9917947273
3.8740000000 2.4577552147 4.9922764473
3.8750000000 2.4595717354 4.9927588310
3.8760000000 2.4613872643 4.9932418633
3.8770000000 2.4632018089 4.9937255592
3.8780000000 2.4650153694 4.9942099037
3.8790000000 2.4668279457 4.9946949120
3.8800000000 2.4686395454 4.9951805687
3.8810000000 2.4704501686 4.9956668892
3.8820000000 2.4722598228 4.9961538658
3.8830000000 2.4740685005 4.9966415062
3.8840000000 2.4758762093 4.9971297951
3.8850000000 2.4776829491 4.9976187477
3.8860000000 2.4794887199 4.9981083488
3.8870000000 2.4812935371 4.9985986137
3.8880000000 2.4830973854 4.9990895424
3.8890000000 2.4849002800 4.9995811195
3.8900000000 2.4867022133 5.0000733604
3.8910000000 2.4885031929 5.0005662575
3.8920000000 2.4903032265 5.0010598106
3.8930000000 2.4921023064 5.0015540199
3.8940000000 2.4939004402 5.0020488930
3.8950000000 2.4956976280 5.0025444221
3.8960000000 2.4974938774 5.0030406075
3.8970000000 2.4992891808 5.0035374489
3.8980000000 2.5010835457 5.0040349541
3.8990000000 2.5028769722 5.0045331078
3.9000000000 2.5046694679 5.0050319252
3.9010000000 2.5064610329 5.0055314064
3.9020000000 2.5082516670 5.0060315361
3.9030000000 2.5100413780 5.0065323296
3.9040000000 2.5118301582 5.0070337715
3.9050000000 2.5136180153 5.0075358772
3.9060000000 2.5154049568 5.0080386391
3.9070000000 2.5171909752 5.0085420570
3.9080000000 2.5189760780 5.0090461388
3.9090000000 2.5207602654 5.0095508690
3.9100000000 2.5225435448 5.0100562553
3.9110000000 2.5243259087 5.0105623055
3.9120000000 2.5261073723 5.0110690041
3.9130000000 2.5278879280 5.0115763664
3.9140000000 2.5296675758 5.0120843773
3.9150000000 2.5314463234 5.0125930519
3.9160000000 2.5332241707 5.0131023750
3.9170000000 2.5350011253 5.0136123543
3.9180000000 2.5367771873 5.0141229973
3.9190000000 2.5385523491 5.0146342888
3.9200000000 2.5403266258 5.0151462364
3.9210000000 2.5421000175 5.0156588326
3.9220000000 2.5438725166 5.0161720924
3.9230000000 2.5456441307 5.0166860008
3.9240000000 2.5474148674 5.0172005653
3.9250000000 2.5491847267 5.0177157784
3.9260000000 2.5509537010 5.0182316475
3.9270000000 2.5527218056 5.0187481728
3.9280000000 2.5544890327 5.0192653465
3.9290000000 2.5562553902 5.0197831764
3.9300000000 2.5580208855 5.0203016548
3.9310000000 2.5597855034 5.0208207893
3.9320000000 2.5615492592 5.0213405724
3.9330000000 2.5633121529 5.0218610039
3.9340000000 2.5650741844 5.0223820915
3.9350000000 2.5668353615 5.0229038277
3.9360000000 2.5685956841 5.0234262123
3.9370000000 2.5703551445 5.0239492455
3.9380000000 2.5721137581 5.0244729347
3.9390000000 2.5738715172 5.0249972725
3.9400000000 2.5756284294 5.0255222511
3.9410000000 2.5773844948 5.0260478859
3.9420000000 2.5791397209 5.0265741615
3.9430000000 2.5808941002 5.0271010933
3.9440000000 2.5826476402 5.0276286659
3.9450000000 2.5844003410 5.0281568871
3.9460000000 2.5861522102 5.0286857567
3.9470000000 2.5879032402 5.0292152672
3.9480000000 2.5896534386 5.0297454262
3.9490000000 2.5914028130 5.0302762337
3.9500000000 2.5931513557 5.0308076820
3.9510000000 2.5948990746 5.0313397789
3.9520000000 2.5966459694 5.0318725166
3.9530000000 2.5983920403 5.0324058952
3.9540000000 2.6001372948 5.0329399223
3.9550000000 2.6018817329 5.0334745827
3.9560000000 2.6036253471 5.0340098915
3.9570000000 2.6053681526 5.0345458412
3.9580000000 2.6071101494 5.0350824394
3.9590000000 2.6088513374 5.0356196709
3.9600000000 2.6105917168 5.0361575432
3.9610000000 2.6123312874 5.0366960487
3.9620000000 2.6140700569 5.0372352028
3.9630000000 2.6158080254 5.0377749901
3.9640000000 2.6175451927 5.0383154182
3.9650000000 2.6192815590 5.0388564873
3.9660000000 2.6210171394 5.0393981895
3.9670000000 2.6227519188 5.0399405327
3.9680000000 2.6244859047 5.0404835014
3.9690000000 2.6262191048 5.0410271187
3.9700000000 2.6279515190 5.0415713615
3.9710000000 2.6296831474 5.0421162453
3.9720000000 2.6314139900 5.0426617546
3.9730000000 2.6331440468 5.0432079048
3.9740000000 2.6348733253 5.0437546883
3.9750000000 2.6366018333 5.0443021049
3.9760000000 2.6383295555 5.0448501472
3.9770000000 2.6400565147 5.0453988228
3.9780000000 2.6417826958 5.0459481316
3.9790000000 2.6435080986 5.0464980659
3.9800000000 2.6452327461 5.0470486336
3.9810000000 2.6469566231 5.0475998268
3.9820000000 2.6486797295 5.0481516533
3.9830000000 2.6504020805 5.0487041054
3.9840000000 2.6521236687 5.0492571831
3.9850000000 2.6538444939 5.0498108940
3.9860000000 2.6555645714 5.0503652229
3.9870000000 2.6572838860 5.0509201775
3.9880000000 2.6590024529 5.0514757576
3.9890000000 2.6607202644 5.0520319633
3.9900000000 2.6624373283 5.0525887947
3.9910000000 2.6641536446 5.0531462517
3.9920000000 2.6658692207 5.0537043266
3.9930000000 2.6675840492 5.0542630196
3.9940000000 2.6692981300 5.0548223381
3.9950000000 2.6710114784 5.0553822746
3.9960000000 2.6727240868 5.0559428291
3.9970000000 2.6744359627 5.0565040092
3.9980000000 2.6761470985 5.0570657997
3.9990000000 2.6778575020 5.0576282158
4.0000000000 2.6795671806 5.0581912498
4.0010000000 2.6812761269 5.0587548943
4.0020000000 2.6829843407 5.0593191566
4.0030000000 2.6846918373 5.0598840294
4.0040000000 2.6863986092 5.0604495277
4.0050000000 2.6881046562 5.0610156288
4.0060000000 2.6898099861 5.0615823479
4.0070000000 2.6915145988 5.0621496849
4.0080000000 2.6932184944 5.0627176247
4.0090000000 2.6949216805 5.0632861824
4.0100000000 2.6966241493 5.0638553429
4.0110000000 2.6983259087 5.0644251213
4.0120000000 2.7000269585 5.0649955025
4.0130000000 2.7017273064 5.0655665016
4.0140000000 2.7034269447 5.0661380959
4.0150000000 2.7051258812 5.0667103081
4.0160000000 2.7068241158 5.0672831230
4.0170000000 2.7085216484 5.0678565407
4.0180000000 2.7102184868 5.0684305611
4.0190000000 2.7119146233 5.0690051918
4.0200000000 2.7136100731 5.0695804253
4.0210000000 2.7153048286 5.0701562614
4.0220000000 2.7169988899 5.0707327003
4.0230000000 2.7186922646 5.0713097343
4.0240000000 2.7203849525 5.0718873787
4.0250000000 2.7220769539 5.0724656181
4.0260000000 2.7237682686 5.0730444527
4.0270000000 2.7254589043 5.0736238899
4.0280000000 2.7271488609 5.0742039299
4.0290000000 2.7288381386 5.0747845573
4.0300000000 2.7305267372 5.0753657875
4.0310000000 2.7322146568 5.0759476128
4.0320000000 2.7339019127 5.0765300331
4.0330000000 2.7355884895 5.0771130409
4.0340000000 2.7372744026 5.0776966515
4.0350000000 2.7389596443 5.0782808495
4.0360000000 2.7406442146 5.0788656425
4.0370000000 2.7423281288 5.0794510231
4.0380000000 2.7440113792 5.0800369911
4.0390000000 2.7456939659 5.0806235542
4.0400000000 2.7473758888 5.0812107048
4.0410000000 2.7490571556 5.0817984505
4.0420000000 2.7507377739 5.0823867760
4.0430000000 2.7524177284 5.0829756889
4.0440000000 2.7540970345 5.0835651894
4.0450000000 2.7557756844 5.0841552696
4.0460000000 2.7574536934 5.0847459373
4.0470000000 2.7591310463 5.0853371925
4.0480000000 2.7608077583 5.0859290276
4.0490000000 2.7624838219 5.0865214424
4.0500000000 2.7641592522 5.0871144447
4.0510000000 2.7658340340 5.0877080269
4.0520000000 2.7675081749 5.0883021812
4.0530000000 2.7691816750 5.0888969231
4.0540000000 2.7708545494 5.0894922371
4.0550000000 2.7725267830 5.0900881310
4.0560000000 2.7741983833 5.0906846046
4.0570000000 2.7758693504 5.0912816505
4.0580000000 2.7775396919 5.0918792686
4.0590000000 2.7792094078 5.0924774666
4.0600000000 2.7808784904 5.0930762367
4.0610000000 2.7825469551 5.0936755791
4.0620000000 2.7842147942 5.0942754936
4.0630000000 2.7858820076 5.0948759804
4.0640000000 2.7875486031 5.0954770393
4.0650000000 2.7892145882 5.0960786629
4.0660000000 2.7908799477 5.0966808586
4.0670000000 2.7925446968 5.0972836266
4.0680000000 2.7942088280 5.0978869514
4.0690000000 2.7958723488 5.0984908485
4.0700000000 2.7975352592 5.0990953102
4.0710000000 2.7991975670 5.0997003441
4.0720000000 2.8008592644 5.1003059349
4.0730000000 2.8025203514 5.1009120903
4.0740000000 2.8041808357 5.1015188103
4.0750000000 2.8058407249 5.1021260872
4.0760000000 2.8075000114 5.1027339287
4.0770000000 2.8091586952 5.1033423271
4.0780000000 2.8108167763 5.1039512901
4.0790000000 2.8124742699 5.1045608101
4.0800000000 2.8141311684 5.1051708870
4.0810000000 2.8157874718 5.1057815208
4.0820000000 2.8174431801 5.1063927116
4.0830000000 2.8190983009 5.1070044518
4.0840000000 2.8207528419 5.1076167564
4.0850000000 2.8224067879 5.1082296104
4.0860000000 2.8240601463 5.1088430138
4.0870000000 2.8257129250 5.1094569740
4.0880000000 2.8273651237 5.1100714836
4.0890000000 2.8290167351 5.1106865501
4.0900000000 2.8306677742 5.1113021584
4.0910000000 2.8323182335 5.1119183159
4.0920000000 2.8339681206 5.1125350227
4.0930000000 2.8356174278 5.1131522789
4.0940000000 2.8372661629 5.1137700844
4.0950000000 2.8389143257 5.1143884315
4.0960000000 2.8405619164 5.1150073280
4.0970000000 2.8422089424 5.1156267586
4.0980000000 2.8438554039 5.1162467461
4.0990000000 2.8455012932 5.1168672676
4.1000000000 2.8471466255 5.1174883308
4.1010000000 2.8487913933 5.1181099358
4.1020000000 2.8504355965 5.1187320824
4.1030000000 2.8520792427 5.1193547707
4.1040000000 2.8537223320 5.1199779930
4.1050000000 2.8553648643 5.1206017494
4.1060000000 2.8570068398 5.1212260475
4.1070000000 2.8586482582 5.1218508873
4.1080000000 2.8602891273 5.1224762535
4.1090000000 2.8619294472 5.1231021614
4.1100000000 2.8635692177 5.1237285957
4.1110000000 2.8652084389 5.1243555717
4.1120000000 2.8668471184 5.1249830742
4.1130000000 2.8684852486 5.1256111031
4.1140000000 2.8701228371 5.1262396660
4.1150000000 2.8717598839 5.1268687630
4.1160000000 2.8733963890 5.1274983864
4.1170000000 2.8750323524 5.1281285362
4.1180000000 2.8766677818 5.1287592125
4.1190000000 2.8783026695 5.1293904228
4.1200000000 2.8799370308 5.1300221519
4.1210000000 2.8815708504 5.1306544075
4.1220000000 2.8832041435 5.1312871819
4.1230000000 2.8848369026 5.1319204826
4.1240000000 2.8864691353 5.1325543098
4.1250000000 2.8881008339 5.1331886559
4.1260000000 2.8897320137 5.1338235207
4.1270000000 2.8913626671 5.1344589119
4.1280000000 2.8929927940 5.1350948143
4.1290000000 2.8946224022 5.1357312355
4.1300000000 2.8962514839 5.1363681831
4.1310000000 2.8978800545 5.1370056343
4.1320000000 2.8995080986 5.1376436119
4.1330000000 2.9011356316 5.1382821007
4.1340000000 2.9027626457 5.1389211006
4.1350000000 2.9043891487 5.1395606194
4.1360000000 2.9060151329 5.1402006493
4.1370000000 2.9076406136 5.1408411903
4.1380000000 2.9092655830 5.1414822426
4.1390000000 2.9108900414 5.1421238060
4.1400000000 2.9125139961 5.1427658806
4.1410000000 2.9141374397 5.1434084587
4.1420000000 2.9157603874 5.1440515480
4.1430000000 2.9173828239 5.1446951408
4.1440000000 2.9190047646 5.1453392448
4.1450000000 2.9206262016 5.1459838524
4.1460000000 2.9222471352 5.1466289635
4.1470000000 2.9238675804 5.1472745781
4.1480000000 2.9254875221 5.1479206963
4.1490000000 2.9271069756 5.1485673180
4.1500000000 2.9287259331 5.1492144432
4.1510000000 2.9303443947 5.1498620644
4.1520000000 2.9319623680 5.1505101814
4.1530000000 2.9335798531 5.1511588097
4.1540000000 2.9351968422 5.1518079262
4.1550000000 2.9368133507 5.1524575462
4.1560000000 2.9384293709 5.1531076546
4.1570000000 2.9400449104 5.1537582664
4.1580000000 2.9416599617 5.1544093742
4.1590000000 2.9432745399 5.1550609703
4.1600000000 2.9448886299 5.1557130623
4.1610000000 2.9465022392 5.1563656502
4.1620000000 2.9481153755 5.1570187263
4.1630000000 2.9497280312 5.1576722908
4.1640000000 2.9513402214 5.1583263512
4.1650000000 2.9529519234 5.1589808998
4.1660000000 2.9545631599 5.1596359367
4.1670000000 2.9561739235 5.1602914543
4.1680000000 2.9577842216 5.1609474678
4.1690000000 2.9593940468 5.1616039696
4.1700000000 2.9610033989 5.1622609520
4.1710000000 2.9626122932 5.1629184151
4.1720000000 2.9642207222 5.1635763664
4.1730000000 2.9658286781 5.1642348061
4.1740000000 2.9674361763 5.1648937187
4.1750000000 2.9690432167 5.1655531197
4.1760000000 2.9706497917 5.1662130013
4.1770000000 2.9722559166 5.1668733559
4.1780000000 2.9738615761 5.1675341988
4.1790000000 2.9754667778 5.1681955147
4.1800000000 2.9770715294 5.1688573112
4.1810000000 2.9786758232 5.1695195808
4.1820000000 2.9802796669 5.1701823311
4.1830000000 2.9818830605 5.1708455544
4.1840000000 2.9834859962 5.1715092506
4.1850000000 2.9850884895 5.1721734200
4.1860000000 2.9866905327 5.1728380623
4.1870000000 2.9882921333 5.1735031776
4.1880000000 2.9898932838 5.1741687660
4.1890000000 2.9914939919 5.1748348274
4.1900000000 2.9930942574 5.1755013542
4.1910000000 2.9946940804 5.1761683540
4.1920000000 2.9962934608 5.1768358192
4.1930000000 2.9978924065 5.1775037498
4.1940000000 2.9994909096 5.1781721535
4.1950000000 3.0010889778 5.1788410225
4.1960000000 3.0026866112 5.1795103493
4.1970000000 3.0042838097 5.1801801491
4.1980000000 3.0058805733 5.1808504066
4.1990000000 3.0074769020 5.1815211296
4.2000000000 3.0090728035 5.1821923180
4.2010000000 3.0106682777 5.1828639641
4.2020000000 3.0122633171 5.1835360680
4.2030000000 3.0138579369 5.1842086372
4.2040000000 3.0154521217 5.1848816643
4.2050000000 3.0170458870 5.1855551491
4.2060000000 3.0186392250 5.1862290916
4.2070000000 3.0202321434 5.1869034843
4.2080000000 3.0218246346 5.1875783424
4.2090000000 3.0234167137 5.1882536507
4.2100000000 3.0250083656 5.1889294167
4.2110000000 3.0265996056 5.1896056404
4.2120000000 3.0281904259 5.1902823067
4.2130000000 3.0297808266 5.1909594307
4.2140000000 3.0313708153 5.1916370125
4.2150000000 3.0329603920 5.1923150368
4.2160000000 3.0345495567 5.1929935112
4.2170000000 3.0361383095 5.1936724358
4.2180000000 3.0377266502 5.1943518105
4.2190000000 3.0393145790 5.1950316353
4.2200000000 3.0409021034 5.1957119026
4.2210000000 3.0424892235 5.1963926201
4.2220000000 3.0440759392 5.1970737801
4.2230000000 3.0456622429 5.1977553902
4.2240000000 3.0472481499 5.1984374428
4.2250000000 3.0488336525 5.1991199303
4.2260000000 3.0504187508 5.1998028679
4.2270000000 3.0520034523 5.2004862480
4.2280000000 3.0535877495 5.2011700706
4.2290000000 3.0551716499 5.2018543282
4.2300000000 3.0567551613 5.2025390282
4.2310000000 3.0583382683 5.2032241631
4.2320000000 3.0599209862 5.2039097404
4.2330000000 3.0615033073 5.2045957527
4.2340000000 3.0630852394 5.2052822075
4.2350000000 3.0646667747 5.2059690971
4.2360000000 3.0662479210 5.2066564140
4.2370000000 3.0678286858 5.2073441734
4.2380000000 3.0694090538 5.2080323601
4.2390000000 3.0709890404 5.2087209892
4.2400000000 3.0725686378 5.2094100456
4.2410000000 3.0741478462 5.2100995293
4.2420000000 3.0757266731 5.2107894478
4.2430000000 3.0773051186 5.2114798012
4.2440000000 3.0788831825 5.2121705742
4.2450000000 3.0804608726 5.2128617821
4.2460000000 3.0820381737 5.2135534172
4.2470000000 3.0836151009 5.2142454796
4.2480000000 3.0851916466 5.2149379692
4.2490000000 3.0867678185 5.2156308861
4.2500000000 3.0883436165 5.2163242226
4.2510000000 3.0899190331 5.2170179863
4.2520000000 3.0914940834 5.2177121773
4.2530000000 3.0930687599 5.2184067879
4.2540000000 3.0946430626 5.2191018257
4.2550000000 3.0962169991 5.2197972755
4.2560000000 3.0977905693 5.2204931526
4.2570000000 3.0993637657 5.2211894493
4.2580000000 3.1009365959 5.2218861656
4.2590000000 3.1025090599 5.2225833015
4.2600000000 3.1040811577 5.2232808571
4.2610000000 3.1056528893 5.2239788246
4.2620000000 3.1072242622 5.2246772118
4.2630000000 3.1087952766 5.2253760185
4.2640000000 3.1103659248 5.2260752373
4.2650000000 3.1119362144 5.2267748680
4.2660000000 3.1135061455 5.2274749107
4.2670000000 3.1150757179 5.2281753731
4.2680000000 3.1166449318 5.2288762474
4.2690000000 3.1182137871 5.2295775337
4.2700000000 3.1197822990 5.2302792244
4.2710000000 3.1213504448 5.2309813347
4.2720000000 3.1229182396 5.2316838493
4.2730000000 3.1244856911 5.2323867760
4.2740000000 3.1260527840 5.2330901070
4.2750000000 3.1276195259 5.2337938499
4.2760000000 3.1291859245 5.2344979973
4.2770000000 3.1307519722 5.2352025490
4.2780000000 3.1323176689 5.2359075127
4.2790000000 3.1338830223 5.2366128731
4.2800000000 3.1354480324 5.2373186455
4.2810000000 3.1370126991 5.2380248146
4.2820000000 3.1385770226 5.2387313881
4.2830000000 3.1401410027 5.2394383659
4.2840000000 3.1417046394 5.2401457481
4.2850000000 3.1432679405 5.2408535271
4.2860000000 3.1448308983 5.2415617104
4.2870000000 3.1463935204 5.2422702904
4.2880000000 3.1479557991 5.2429792671
4.2890000000 3.1495177498 5.2436886482
4.2900000000 3.1510793571 5.2443984184
4.2910000000 3.1526406364 5.2451085930
4.2920000000 3.1542015800 5.2458191643
4.2930000000 3.1557621880 5.2465301247
4.2940000000 3.1573224678 5.2472414818
4.2950000000 3.1588824196 5.2479532356
4.2960000000 3.1604420357 5.2486653786
4.2970000000 3.1620013237 5.2493779182
4.2980000000 3.1635602837 5.2500908546
4.2990000000 3.1651189232 5.2508041725
4.3000000000 3.1666772270 5.2515178871
4.3010000000 3.1682352104 5.2522319908
4.3020000000 3.1697928658 5.2529464836
4.3030000000 3.1713502083 5.2536613731
4.3040000000 3.1729072151 5.2543766441
4.3050000000 3.1744639091 5.2550922966
4.3060000000 3.1760202827 5.2558083458
4.3070000000 3.1775763283 5.2565247765
4.3080000000 3.1791320610 5.2572415962
4.3090000000 3.1806874809 5.2579587975
4.3100000000 3.1822425804 5.2586763878
4.3110000000 3.1837973595 5.2593943596
4.3120000000 3.1853518257 5.2601127129
4.3130000000 3.1869059792 5.2608314476
4.3140000000 3.1884598198 5.2615505638
4.3150000000 3.1900133400 5.2622700691
4.3160000000 3.1915665550 5.2629899483
4.3170000000 3.1931194649 5.2637102089
4.3180000000 3.1946720543 5.2644308510
4.3190000000 3.1962243462 5.2651518669
4.3200000000 3.1977763176 5.2658732643
4.3210000000 3.1993279915 5.2665950356
4.3220000000 3.2008793526 5.2673171883
4.3230000000 3.2024304161 5.2680397148
4.3240000000 3.2039811668 5.2687626228
4.3250000000 3.2055316200 5.2694858971
4.3260000000 3.2070817680 5.2702095451
4.3270000000 3.2086316185 5.2709335747
4.3280000000 3.2101811638 5.2716579704
4.3290000000 3.2117304039 5.2723827477
4.3300000000 3.2132793541 5.2731078835
4.3310000000 3.2148279991 5.2738334007
4.3320000000 3.2163763466 5.2745592842
4.3330000000 3.2179244041 5.2752855415
4.3340000000 3.2194721565 5.2760121651
4.3350000000 3.2210196190 5.2767391548
4.3360000000 3.2225667915 5.2774665184
4.3370000000 3.2241136665 5.2781942482
4.3380000000 3.2256602440 5.2789223442
4.3390000000 3.2272065392 5.2796508064
4.3400000000 3.2287525368 5.2803796272
4.3410000000 3.2302982445 5.2811088219
4.3420000000 3.2318436699 5.2818383827
4.3430000000 3.2333887978 5.2825683022
4.3440000000 3.2349336433 5.2832985878
4.3450000000 3.2364782066 5.2840292320
4.3460000000 3.2380224800 5.2847602425
4.3470000000 3.2395664635 5.2854916115
4.3480000000 3.2411101723 5.2862233391
4.3490000000 3.2426535912 5.2869554329
4.3500000000 3.2441967278 5.2876878853
4.3510000000 3.2457395821 5.2884206963
4.3520000000 3.2472821617 5.2891538582
4.3530000000 3.2488244514 5.2898873863
4.3540000000 3.2503664742 5.2906212730
4.3550000000 3.2519082069 5.2913555107
4.3560000000 3.2534496651 5.2920901070
4.3570000000 3.2549908485 5.2928250618
4.3580000000 3.2565317574 5.2935603676
4.3590000000 3.2580723915 5.2942960320
4.3600000000 3.2596127510 5.2950320473
4.3610000000 3.2611528358 5.2957684135
4.3620000000 3.2626926460 5.2965051308
4.3630000000 3.2642321815 5.2972422066
4.3640000000 3.2657714500 5.2979796333
4.3650000000 3.2673104515 5.2987174034
4.3660000000 3.2688491783 5.2994555321
4.3670000000 3.2703876381 5.3001940041
4.3680000000 3.2719258308 5.3009328346
4.3690000000 3.2734637566 5.3016720085
4.3700000000 3.2750014153 5.3024115257
4.3710000000 3.2765388069 5.3031513939
4.3720000000 3.2780759315 5.3038916130
4.3730000000 3.2796127968 5.3046321678
4.3740000000 3.2811493950 5.3053730812
4.3750000000 3.2826857338 5.3061143303
4.3760000000 3.2842218056 5.3068559303
4.3770000000 3.2857576180 5.3075978661
4.3780000000 3.2872931709 5.3083401527
4.3790000000 3.2888284645 5.3090827827
4.3800000000 3.2903634987 5.3098257484
4.3810000000 3.2918982811 5.3105690651
4.3820000000 3.2934327965 5.3113127174
4.3830000000 3.2949670601 5.3120567131
4.3840000000 3.2965010719 5.3128010445
4.3850000000 3.2980348244 5.3135457191
4.3860000000 3.2995683250 5.3142907295
4.3870000000 3.3011015663 5.3150360832
4.3880000000 3.3026345558 5.3157817650
4.3890000000 3.3041673012 5.3165277977
4.3900000000 3.3056997871 5.3172741585
4.3910000000 3.3072320290 5.3180208550
4.3920000000 3.3087640190 5.3187678947
4.3930000000 3.3102957573 5.3195152626
4.3940000000 3.3118272438 5.3202629662
4.3950000000 3.3133584938 5.3210110054
4.3960000000 3.3148894844 5.3217593803
4.3970000000 3.3164202385 5.3225080833
4.3980000000 3.3179507408 5.3232571220
4.3990000000 3.3194810066 5.3240064888
4.4000000000 3.3210110207 5.3247561913
4.4010000000 3.3225407906 5.3255062218
4.4020000000 3.3240703239 5.3262565880
4.4030000000 3.3255996132 5.3270072746
4.4040000000 3.3271286583 5.3277582970
4.4050000000 3.3286574669 5.3285096474
4.4060000000 3.3301860390 5.3292613258
4.4070000000 3.3317143669 5.3300133324
4.4080000000 3.3332424583 5.3307656670
4.4090000000 3.3347703133 5.3315183220
4.4100000000 3.3362979240 5.3322713127
4.4110000000 3.3378253059 5.3330246239
4.4120000000 3.3393524513 5.3337782555
4.4130000000 3.3408793602 5.3345322151
4.4140000000 3.3424060402 5.3352865028
4.4150000000 3.3439324837 5.3360411110
4.4160000000 3.3454586906 5.3367960396
4.4170000000 3.3469846687 5.3375512962
4.4180000000 3.3485104179 5.3383068733
4.4190000000 3.3500359383 5.3390627632
4.4200000000 3.3515612221 5.3398189812
4.4210000000 3.3530862846 5.3405755196
4.4220000000 3.3546111107 5.3413323784
4.4230000000 3.3561357155 5.3420895576
4.4240000000 3.3576600838 5.3428470573
4.4250000000 3.3591842384 5.3436048698
