0.2170000000 0.1697177773 0.9607483711 2.1141851234 2.6218019371
0.2180000000 0.1704672127 0.9604008217 2.1143093147 2.6221069450
0.2190000000 0.1712161369 0.9600519600 2.1144339638 2.6224131660
0.2200000000 0.1719645500 0.9597017937 2.1145590706 2.6227205925
0.2210000000 0.1727124443 0.9593503227 2.1146846352 2.6230292168
0.2220000000 0.1734598122 0.9589975548 2.1148106499 2.6233390465
0.2230000000 0.1742066536 0.9586434898 2.1149371147 2.6236500740
0.2240000000 0.1749529610 0.9582881432 2.1150640373 2.6239622993
0.2250000000 0.1756987343 0.9579315071 2.1151914024 2.6242757225
0.2260000000 0.1764439659 0.9575735893 2.1153192177 2.6245903282
0.2270000000 0.1771886559 0.9572143974 2.1154474831 2.6249061317
0.2280000000 0.1779328041 0.9568539391 2.1155761909 2.6252231178
0.2290000000 0.1786763954 0.9564922066 2.1157053413 2.6255412865
0.2300000000 0.1794194298 0.9561292152 2.1158349342 2.6258606453
0.2310000000 0.1801618996 0.9557649651 2.1159649696 2.6261811790
0.2320000000 0.1809038124 0.9553994637 2.1160954475 2.6265028877
0.2330000000 0.1816451530 0.9550327110 2.1162263680 2.6268257713
0.2340000000 0.1823859291 0.9546647148 2.1163577232 2.6271498299
0.2350000000 0.1831261177 0.9542954826 2.1164895134 2.6274750633
0.2360000000 0.1838657265 0.9539250145 2.1166217384 2.6278014565
0.2370000000 0.1846047554 0.9535533180 2.1167544060 2.6281290245
0.2380000000 0.1853431892 0.9531803932 2.1168875008 2.6284577446
0.2390000000 0.1860810280 0.9528062477 2.1170210228 2.6287876320
0.2400000000 0.1868182716 0.9524308891 2.1171549797 2.6291186790
0.2410000000 0.1875549126 0.9520543251 2.1172893639 2.6294508781
0.2420000000 0.1882909431 0.9516765480 2.1174241829 2.6297842293
0.2430000000 0.1890263634 0.9512975807 2.1175594215 2.6301187325
0.2440000000 0.1897611656 0.9509174080 2.1176950874 2.6304543877
0.2450000000 0.1904953423 0.9505360451 2.1178311806 2.6307911873
0.2460000000 0.1912289009 0.9501535072 2.1179676933 2.6311291313
0.2470000000 0.1919618187 0.9497697792 2.1181046257 2.6314682121
0.2480000000 0.1926941109 0.9493848763 2.1182419853 2.6318084373
0.2490000000 0.1934257622 0.9489988060 2.1183797569 2.6321497917
0.2500000000 0.1941567650 0.9486115761 2.1185179482 2.6324922905
0.2510000000 0.1948871193 0.9482231789 2.1186565590 2.6328359108
0.2520000000 0.1956168175 0.9478336296 2.1187955818 2.6331806602
0.2530000000 0.1963458519 0.9474429359 2.1189350243 2.6335265388
0.2540000000 0.1970742302 0.9470510902 2.1190748711 2.6338735466
0.2550000000 0.1978019371 0.9466581154 2.1192151375 2.6342216682
0.2560000000 0.1985289726 0.9462640038 2.1193558083 2.6345709114
0.2570000000 0.1992553291 0.9458687630 2.1194968910 2.6349212761
0.2580000000 0.1999809990 0.9454724007 2.1196383858 2.6352727470
0.2590000000 0.2007059746 0.9450749245 2.1197802849 2.6356253319
0.2600000000 0.2014302635 0.9446763344 2.1199225883 2.6359790306
0.2610000000 0.2021538506 0.9442766380 2.1200652962 2.6363338356
0.2620000000 0.2028767357 0.9438758430 2.1202084007 2.6366897392
0.2630000000 0.2035989113 0.9434739571 2.1203519173 2.6370467491
0.2640000000 0.2043203697 0.9430709801 2.1204958305 2.6374048576
0.2650000000 0.2050411110 0.9426669197 2.1206401405 2.6377640572
0.2660000000 0.2057611275 0.9422617836 2.1207848549 2.6381243553
0.2670000000 0.2064804115 0.9418555717 2.1209299583 2.6384857445
0.2680000000 0.2071989555 0.9414482994 2.1210754585 2.6388482246
0.2690000000 0.2079167671 0.9410399666 2.1212213554 2.6392117958
0.2700000000 0.2086338234 0.9406305809 2.1213676491 2.6395764427
0.2710000000 0.2093501320 0.9402201424 2.1215143318 2.6399421730
0.2720000000 0.2100656776 0.9398086662 2.1216614037 2.6403089867
0.2730000000 0.2107804680 0.9393961601 2.1218088722 2.6406768761
0.2740000000 0.2114944878 0.9389826164 2.1219567223 2.6410458412
0.2750000000 0.2122077293 0.9385680504 2.1221049614 2.6414158745
0.2760000000 0.2129201927 0.9381524696 2.1222535820 2.6417869835
0.2770000000 0.2136318703 0.9377358742 2.1224025917 2.6421591530
0.2780000000 0.2143427544 0.9373182793 2.1225519905 2.6425323906
0.2790000000 0.2150528374 0.9368996849 2.1227017632 2.6429066887
0.2800000000 0.2157621269 0.9364800911 2.1228519173 2.6432820473
0.2810000000 0.2164706001 0.9360595207 2.1230024529 2.6436584587
0.2820000000 0.2171782570 0.9356379662 2.1231533699 2.6440359306
0.2830000000 0.2178850975 0.9352154350 2.1233046608 2.6444144478
0.2840000000 0.2185911064 0.9347919426 2.1234563332 2.6447940178
0.2850000000 0.2192962837 0.9343674889 2.1236083794 2.6451746330
0.2860000000 0.2200006218 0.9339420815 2.1237607994 2.6455562935
0.2870000000 0.2207041206 0.9335157280 2.1239135857 2.6459389992
0.2880000000 0.2214067574 0.9330884361 2.1240667534 2.6463227425
0.2890000000 0.2221085472 0.9326602058 2.1242202873 2.6467075233
0.2900000000 0.2228094673 0.9322310524 2.1243741875 2.6470933342
0.2910000000 0.2235095100 0.9318009758 2.1245284615 2.6474801826
0.2920000000 0.2242086830 0.9313699837 2.1246831017 2.6478680534
0.2930000000 0.2249069786 0.9309380913 2.1248381004 2.6482569618
0.2940000000 0.2256043739 0.9305052986 2.1249934731 2.6486468849
0.2950000000 0.2263008766 0.9300716133 2.1251492043 2.6490378380
0.2960000000 0.2269964790 0.9296370354 2.1253053017 2.6494298058
0.2970000000 0.2276911736 0.9292015877 2.1254617577 2.6498227882
0.2980000000 0.2283849525 0.9287652702 2.1256185722 2.6502167854
0.2990000000 0.2290778008 0.9283280830 2.1257757454 2.6506117973
0.3000000000 0.2297697258 0.9278900414 2.1259332771 2.6510078163
0.3010000000 0.2304607124 0.9274511452 2.1260911674 2.6514048424
0.3020000000 0.2311507607 0.9270114174 2.1262494164 2.6518028755
0.3030000000 0.2318398552 0.9265708427 2.1264080086 2.6522019081
0.3040000000 0.2325279961 0.9261294518 2.1265669670 2.6526019402
0.3050000000 0.2332151680 0.9256872292 2.1267262688 2.6530029716
0.3060000000 0.2339013786 0.9252442055 2.1268859215 2.6534049950
0.3070000000 0.2345866051 0.9248003731 2.1270459251 2.6538080101
0.3080000000 0.2352708473 0.9243557396 2.1272062798 2.6542120171
0.3090000000 0.2359540977 0.9239103203 2.1273669853 2.6546170082
0.3100000000 0.2366363411 0.9234641151 2.1275280342 2.6550229836
0.3110000000 0.2373175850 0.9230171394 2.1276894264 2.6554299431
0.3120000000 0.2379978218 0.9225693932 2.1278511620 2.6558378792
0.3130000000 0.2386770287 0.9221208916 2.1280132408 2.6562467918
0.3140000000 0.2393552055 0.9216716423 2.1281756630 2.6566566811
0.3150000000 0.2400323524 0.9212216454 2.1283384285 2.6570675392
0.3160000000 0.2407084541 0.9207709160 2.1285015297 2.6574793663
0.3170000000 0.2413835030 0.9203194618 2.1286649742 2.6578921623
0.3180000000 0.2420574913 0.9198672905 2.1288287544 2.6583059196
0.3190000000 0.2427304115 0.9194144020 2.1289928703 2.6587206459
0.3200000000 0.2434022636 0.9189608192 2.1291573219 2.6591363258
0.3210000000 0.2440730247 0.9185065346 2.1293221016 2.6595529671
0.3220000000 0.2447427025 0.9180515709 2.1294872246 2.6599705544
0.3230000000 0.2454112816 0.9175959282 2.1296526756 2.6603891029
0.3240000000 0.2460787544 0.9171396217 2.1298184547 2.6608085976
0.3250000000 0.2467451134 0.9166826515 2.1299845695 2.6612290382
0.3260000000 0.2474103508 0.9162250328 2.1301510124 2.6616504173
0.3270000000 0.2480744514 0.9157667656 2.1303177834 2.6620727501
0.3280000000 0.2487374229 0.9153078728 2.1304848747 2.6624960136
0.3290000000 0.2493992424 0.9148483543 2.1306522942 2.6629202156
0.3300000000 0.2500599022 0.9143882103 2.1308200417 2.6633453560
0.3310000000 0.2507194099 0.9139274712 2.1309881172 2.6637714195
0.3320000000 0.2513777351 0.9134661217 2.1311565056 2.6641984215
0.3330000000 0.2520348854 0.9130041924 2.1313252220 2.6646263466
0.3340000000 0.2526908455 0.9125416832 2.1314942589 2.6650551949
0.3350000000 0.2533456078 0.9120785942 2.1316636086 2.6654849739
0.3360000000 0.2539991646 0.9116149483 2.1318332863 2.6659156609
0.3370000000 0.2546515083 0.9111507530 2.1320032768 2.6663472710
0.3380000000 0.2553026237 0.9106860085 2.1321735802 2.6667797966
0.3390000000 0.2559525108 0.9102207375 2.1323442039 2.6672132301
0.3400000000 0.2566011543 0.9097549400 2.1325151405 2.6676475792
0.3410000000 0.2572485466 0.9092886238 2.1326863899 2.6680828285
0.3420000000 0.2578946724 0.9088218040 2.1328579521 2.6685189857
0.3430000000 0.2585395393 0.9083544884 2.1330298195 2.6689560509
0.3440000000 0.2591831245 0.9078866920 2.1332020073 2.6693940086
0.3450000000 0.2598254204 0.9074184151 2.1333745003 2.6698328667
0.3460000000 0.2604664268 0.9069496727 2.1335472984 2.6702726173
0.3470000000 0.2611061211 0.9064804726 2.1337204094 2.6707132607
0.3480000000 0.2617445030 0.9060108299 2.1338938255 2.6711547966
0.3490000000 0.2623815575 0.9055407448 2.1340675468 2.6715972176
0.3500000000 0.2630172844 0.9050702400 2.1342415657 2.6720405235
0.3510000000 0.2636516609 0.9045993156 2.1344158974 2.6724847145
0.3520000000 0.2642846870 0.9041279869 2.1345905266 2.6729297829
0.3530000000 0.2649163475 0.9036562614 2.1347654533 2.6733757362
0.3540000000 0.2655466347 0.9031841545 2.1349406853 2.6738225594
0.3550000000 0.2661755333 0.9027116737 2.1351162224 2.6742702522
0.3560000000 0.2668030510 0.9022388268 2.1352920494 2.6747188225
0.3570000000 0.2674291573 0.9017656288 2.1354681740 2.6751682549
0.3580000000 0.2680538521 0.9012920876 2.1356445961 2.6756185570
0.3590000000 0.2686771278 0.9008182106 2.1358213158 2.6760697212
0.3600000000 0.2692989616 0.9003440208 2.1359983330 2.6765217476
0.3610000000 0.2699193611 0.8998695183 2.1361756401 2.6769746284
0.3620000000 0.2705382957 0.8993947105 2.1363532372 2.6774283638
0.3630000000 0.2711557732 0.8989196205 2.1365311317 2.6778829613
0.3640000000 0.2717717781 0.8984442558 2.1367093163 2.6783383980
0.3650000000 0.2723862953 0.8979686241 2.1368877907 2.6787946968
0.3660000000 0.2729993095 0.8974927406 2.1370665474 2.6792518349
0.3670000000 0.2736108284 0.8970166130 2.1372456017 2.6797098122
0.3680000000 0.2742208214 0.8965402565 2.1374249382 2.6801686363
0.3690000000 0.2748292885 0.8960636711 2.1376045570 2.6806282997
0.3700000000 0.2754362144 0.8955868874 2.1377844658 2.6810888023
0.3710000000 0.2760415916 0.8951099052 2.1379646568 2.6815501366
0.3720000000 0.2766454124 0.8946327400 2.1381451378 2.6820123024
0.3730000000 0.2772476540 0.8941553993 2.1383258934 2.6824752922
0.3740000000 0.2778483162 0.8936778984 2.1385069313 2.6829391136
0.3750000000 0.2784473763 0.8932002449 2.1386882591 2.6834037590
0.3760000000 0.2790448418 0.8927224617 2.1388698540 2.6838692284
0.3770000000 0.2796406822 0.8922445564 2.1390517387 2.6843355217
0.3780000000 0.2802348976 0.8917665291 2.1392338982 2.6848026237
0.3790000000 0.2808274651 0.8912884102 2.1394163322 2.6852705498
0.3800000000 0.2814183846 0.8908101997 2.1395990410 2.6857392845
0.3810000000 0.2820076485 0.8903319206 2.1397820320 2.6862088280
0.3820000000 0.2825952263 0.8898535728 2.1399652901 2.6866791801
0.3830000000 0.2831811256 0.8893751793 2.1401488228 2.6871503410
0.3840000000 0.2837653236 0.8888967476 2.1403326378 2.6876223030
0.3850000000 0.2843478050 0.8884182930 2.1405167122 2.6880950661
0.3860000000 0.2849285698 0.8879398308 2.1407010689 2.6885686302
0.3870000000 0.2855075951 0.8874613609 2.1408856850 2.6890429878
0.3880000000 0.2860848808 0.8869829140 2.1410705757 2.6895181389
0.3890000000 0.2866604042 0.8865044975 2.1412557411 2.6899940834
0.3900000000 0.2872341576 0.8860261192 2.1414411659 2.6904708138
0.3910000000 0.2878061256 0.8855477943 2.1416268578 2.6909483376
0.3920000000 0.2883762932 0.8850695457 2.1418128166 2.6914266396
0.3930000000 0.2889446602 0.8845913734 2.1419990425 2.6919057274
0.3940000000 0.2895112038 0.8841133003 2.1421855354 2.6923855934
0.3950000000 0.2900759087 0.8836353340 2.1423722878 2.6928662376
0.3960000000 0.2906387749 0.8831574898 2.1425592995 2.6933476524
0.3970000000 0.2911997795 0.8826797905 2.1427465782 2.6938298454
0.3980000000 0.2917589149 0.8822022362 2.1429341164 2.6943128090
0.3990000000 0.2923161659 0.8817248497 2.1431219215 2.6947965431
0.4000000000 0.2928715172 0.8812476463 2.1433099785 2.6952810402
0.4010000000 0.2934249611 0.8807706337 2.1434982948 2.6957663002
0.4020000000 0.2939764748 0.8802938271 2.1436868706 2.6962523232
0.4030000000 0.2945260582 0.8798172493 2.1438756981 2.6967391090
0.4040000000 0.2950736961 0.8793409004 2.1440647926 2.6972266426
0.4050000000 0.2956193657 0.8788648109 2.1442541313 2.6977149391
0.4060000000 0.2961630592 0.8783889885 2.1444437294 2.6982039833
0.4070000000 0.2967047691 0.8779134483 2.1446335869 2.6986937828
0.4080000000 0.2972444725 0.8774382057 2.1448236885 2.6991843224
0.4090000000 0.2977821617 0.8769632759 2.1450140495 2.6996756096
0.4100000000 0.2983178215 0.8764886665 2.1452046547 2.7001676445
0.4110000000 0.2988514442 0.8760144005 2.1453955193 2.7006604118
0.4120000000 0.2993830070 0.8755405006 2.1455866280 2.7011539268
0.4130000000 0.2999124947 0.8750669670 2.1457779884 2.7016481743
0.4140000000 0.3004399071 0.8745938225 2.1459696007 2.7021431541
0.4150000000 0.3009652214 0.8741210823 2.1461614494 2.7026388664
0.4160000000 0.3014884224 0.8736487694 2.1463535576 2.7031353111
0.4170000000 0.3020094948 0.8731768837 2.1465459023 2.7036324806
0.4180000000 0.3025284386 0.8727054558 2.1467384987 2.7041303749
0.4190000000 0.3030452232 0.8722344933 2.1469313393 2.7046289940
0.4200000000 0.3035598488 0.8717640114 2.1471244240 2.7051283302
0.4210000000 0.3040722847 0.8712940331 2.1473177528 2.7056283913
0.4220000000 0.3045825386 0.8708245659 2.1475113182 2.7061291618
0.4230000000 0.3050905724 0.8703556404 2.1477051277 2.7066306496
0.4240000000 0.3055963936 0.8698872566 2.1478991814 2.7071328468
0.4250000000 0.3060999794 0.8694194450 2.1480934792 2.7076357536
0.4260000000 0.3066013069 0.8689522133 2.1482880058 2.7081393700
0.4270000000 0.3071003761 0.8684855843 2.1484827843 2.7086436958
0.4280000000 0.3075971718 0.8680195656 2.1486777916 2.7091487160
0.4290000000 0.3080916710 0.8675541801 2.1488730354 2.7096544380
0.4300000000 0.3085838661 0.8670894508 2.1490685234 2.7101608620
0.4310000000 0.3090737343 0.8666253853 2.1492642403 2.7106679802
0.4320000000 0.3095612755 0.8661620064 2.1494602013 2.7111757927
0.4330000000 0.3100464592 0.8656993294 2.1496563911 2.7116842995
0.4340000000 0.3105292854 0.8652373772 2.1498528175 2.7121934929
0.4350000000 0.3110097389 0.8647761574 2.1500494728 2.7127033730
0.4360000000 0.3114877968 0.8643156929 2.1502463646 2.7132139397
0.4370000000 0.3119634514 0.8638559990 2.1504434853 2.7137251930
0.4380000000 0.3124366875 0.8633970985 2.1506408424 2.7142371178
0.4390000000 0.3129074821 0.8629390068 2.1508384285 2.7147497292
0.4400000000 0.3133758354 0.8624817467 2.1510362434 2.7152630196
0.4410000000 0.3138417244 0.8620253258 2.1512342873 2.7157769737
0.4420000000 0.3143051414 0.8615697670 2.1514325600 2.7162916069
0.4430000000 0.3147660713 0.8611150932 2.1516310616 2.7168069115
0.4440000000 0.3152244911 0.8606613197 2.1518297920 2.7173228874
0.4450000000 0.3156803932 0.8602084618 2.1520287514 2.7178395195
0.4460000000 0.3161337624 0.8597565498 2.1522279320 2.7183568230
0.4470000000 0.3165845909 0.8593055840 2.1524273415 2.7188747826
0.4480000000 0.3170328636 0.8588556023 2.1526269722 2.7193934059
0.4490000000 0.3174785576 0.8584066048 2.1528268242 2.7199126854
0.4500000000 0.3179216652 0.8579586296 2.1530269051 2.7204326210
0.4510000000 0.3183621712 0.8575116768 2.1532272072 2.7209532127
0.4520000000 0.3188000679 0.8570657845 2.1534277382 2.7214744530
0.4530000000 0.3192353401 0.8566209526 2.1536284828 2.7219963417
0.4540000000 0.3196679649 0.8561772194 2.1538294487 2.7225188713
0.4550000000 0.3200979424 0.8557345924 2.1540306358 2.7230420494
0.4560000000 0.3205252495 0.8552930946 2.1542320442 2.7235658760
0.4570000000 0.3209498787 0.8548527489 2.1544336739 2.7240903358
0.4580000000 0.3213718224 0.8544135704 2.1546355171 2.7246154366
0.4590000000 0.3217910500 0.8539755821 2.1548375816 2.7251411781
0.4600000000 0.3222075691 0.8535387993 2.1550398674 2.7256675453
0.4610000000 0.3226213570 0.8531032448 2.1552423668 2.7261945534
0.4620000000 0.3230323982 0.8526689339 2.1554450798 2.7267221870
0.4630000000 0.3234406929 0.8522358971 2.1556480064 2.7272504463
0.4640000000 0.3238462181 0.8518041496 2.1558511543 2.7277793388
0.4650000000 0.3242489662 0.8513737144 2.1560545158 2.7283088493
0.4660000000 0.3246489296 0.8509446068 2.1562580910 2.7288389854
0.4670000000 0.3250460930 0.8505168495 2.1564618797 2.7293697395
0.4680000000 0.3254404411 0.8500904579 2.1566658745 2.7299011116
0.4690000000 0.3258319740 0.8496654625 2.1568700905 2.7304330940
0.4700000000 0.3262206688 0.8492418861 2.1570745125 2.7309656944
0.4710000000 0.3266065254 0.8488197365 2.1572791481 2.7314989128
0.4720000000 0.3269895363 0.8483990364 2.1574839897 2.7320327339
0.4730000000 0.3273696785 0.8479798164 2.1576890450 2.7325671654
0.4740000000 0.3277469521 0.8475620995 2.1578943138 2.7331021996
0.4750000000 0.3281213493 0.8471458931 2.1580997810 2.7336378365
0.4760000000 0.3284928551 0.8467312202 2.1583054695 2.7341740761
0.4770000000 0.3288614693 0.8463181190 2.1585113564 2.7347109184
0.4780000000 0.3292271843 0.8459065895 2.1587174492 2.7352483559
0.4790000000 0.3295899849 0.8454966698 2.1589237556 2.7357863960
0.4800000000 0.3299498634 0.8450883751 2.1591302605 2.7363250237
0.4810000000 0.3303068275 0.8446817207 2.1593369789 2.7368642387
0.4820000000 0.3306608543 0.8442767372 2.1595438957 2.7374040489
0.4830000000 0.3310119514 0.8438734398 2.1597510185 2.7379444466
0.4840000000 0.3313601112 0.8434718513 2.1599583473 2.7384854240
0.4850000000 0.3317053261 0.8430720024 2.1601658821 2.7390269890
0.4860000000 0.3320475960 0.8426739082 2.1603736153 2.7395691414
0.4870000000 0.3323869133 0.8422775841 2.1605815544 2.7401118660
0.4880000000 0.3327232857 0.8418830605 2.1607896919 2.7406551704
0.4890000000 0.3330566978 0.8414903603 2.1609980354 2.7411990547
0.4900000000 0.3333871574 0.8410994987 2.1612065697 2.7417435112
0.4910000000 0.3337146645 0.8407105064 2.1614153175 2.7422885323
0.4920000000 0.3340392189 0.8403233986 2.1616242561 2.7428341331
0.4930000000 0.3343608208 0.8399381981 2.1618334007 2.7433802986
0.4940000000 0.3346794777 0.8395549355 2.1620427361 2.7439270287
0.4950000000 0.3349951897 0.8391736183 2.1622522774 2.7444743233
0.4960000000 0.3353079643 0.8387942772 2.1624620094 2.7450221825
0.4970000000 0.3356178017 0.8384169426 2.1626719475 2.7455705986
0.4980000000 0.3359247093 0.8380416222 2.1628820763 2.7461195793
0.4990000000 0.3362287025 0.8376683464 2.1630924034 2.7466691093
0.5000000000 0.3365297813 0.8372971306 2.1633029213 2.7472191963
0.5010000000 0.3368279610 0.8369280052 2.1635136452 2.7477698402
0.5020000000 0.3371232567 0.8365609932 2.1637245522 2.7483210335
0.5030000000 0.3374156837 0.8361961098 2.1639356651 2.7488727684
0.5040000000 0.3377052422 0.8358333855 2.1641469688 2.7494250603
0.5050000000 0.3379919701 0.8354728355 2.1643584633 2.7499778938
0.5060000000 0.3382758675 0.8351144829 2.1645701485 2.7505312691
0.5070000000 0.3385569649 0.8347583580 2.1647820320 2.7510851860
0.5080000000 0.3388352776 0.8344044762 2.1649941063 2.7516396446
0.5090000000 0.3391108437 0.8340528679 2.1652063713 2.7521946373
0.5100000000 0.3393836784 0.8337035408 2.1654188271 2.7527501640
0.5110000000 0.3396538124 0.8333565331 2.1656314735 2.7533062325
0.5120000000 0.3399212761 0.8330118599 2.1658443184 2.7538628273
0.5130000000 0.3401861076 0.8326695442 2.1660573463 2.7544199562
0.5140000000 0.3404483376 0.8323296089 2.1662705574 2.7549776115
0.5150000000 0.3407080116 0.8319920692 2.1664839668 2.7555357933
0.5160000000 0.3409651756 0.8316569633 2.1666975670 2.7560945015
0.5170000000 0.3412198677 0.8313242989 2.1669113503 2.7566537285
0.5180000000 0.3414721413 0.8309941139 2.1671253166 2.7572134819
0.5190000000 0.3417220573 0.8306664162 2.1673394814 2.7577737465
0.5200000000 0.3419696617 0.8303412285 2.1675538292 2.7583345375
0.5210000000 0.3422150307 0.8300185890 2.1677683601 2.7588958397
0.5220000000 0.3424582176 0.8296984978 2.1679830818 2.7594576607
0.5230000000 0.3426992989 0.8293809929 2.1681979866 2.7600199852
0.5240000000 0.3429383659 0.8290660973 2.1684130745 2.7605828285
0.5250000000 0.3431754875 0.8287538185 2.1686283455 2.7611461754
0.5260000000 0.3434107552 0.8284441948 2.1688438072 2.7617100258
0.5270000000 0.3436442757 0.8281372414 2.1690594521 2.7622743874
0.5280000000 0.3438761482 0.8278329811 2.1692752800 2.7628392525
0.5290000000 0.3441064873 0.8275314293 2.1694912910 2.7634046135
0.5300000000 0.3443354073 0.8272326164 2.1697074852 2.7639704781
0.5310000000 0.3445630608 0.8269365654 2.1699238625 2.7645368385
0.5320000000 0.3447895699 0.8266432915 2.1701404228 2.7651036949
0.5330000000 0.3450150948 0.8263528175 2.1703571587 2.7656710472
0.5340000000 0.3452398109 0.8260651665 2.1705740852 2.7662388878
0.5350000000 0.3454638939 0.8257803612 2.1707911873 2.7668072243
0.5360000000 0.3456875420 0.8254984245 2.1710084648 2.7673760490
0.5370000000 0.3459109764 0.8252193718 2.1712259331 2.7679453545
0.5380000000 0.3461344261 0.8249432259 2.1714435768 2.7685151558
0.5390000000 0.3463581505 0.8246700172 2.1716613960 2.7690854301
0.5400000000 0.3465824318 0.8243997536 2.1718793983 2.7696561928
0.5410000000 0.3468075829 0.8241324577 2.1720975838 2.7702274361
0.5420000000 0.3470339470 0.8238681602 2.1723159370 2.7707991600
0.5430000000 0.3472618980 0.8236068764 2.1725344734 2.7713713570
0.5440000000 0.3474918785 0.8233486214 2.1727531929 2.7719440269
0.5450000000 0.3477243462 0.8230934181 2.1729720802 2.7725171776
0.5460000000 0.3479598427 0.8228412971 2.1731911507 2.7730907936
0.5470000000 0.3481989708 0.8225922661 2.1734103966 2.7736648827
0.5480000000 0.3484424248 0.8223463554 2.1736298180 2.7742394371
0.5490000000 0.3486910057 0.8221035728 2.1738494148 2.7748144646
0.5500000000 0.3489456520 0.8218639488 2.1740691872 2.7753899498
0.5510000000 0.3492074471 0.8216274986 2.1742891350 2.7759659004
0.5520000000 0.3494777412 0.8213942375 2.1745092583 2.7765423164
0.5530000000 0.3497581596 0.8211641960 2.1747295570 2.7771191902
0.5540000000 0.3500507774 0.8209373817 2.1749500237 2.7776965218
0.5550000000 0.3503583641 0.8207138176 2.1751706734 2.7782743034
0.5560000000 0.3506848106 0.8204935265 2.1753914909 2.7788525505
0.5570000000 0.3510362434 0.8202765236 2.1756124840 2.7794312477
0.5580000000 0.3514247169 0.8200628319 2.1758336449 2.7800103950
0.5590000000 0.3518831215 0.8198524666 2.1760549812 2.7805899925
0.5600000000 0.3522754021 0.8196454353 2.1762764931 2.7811700401
0.5610000000 0.3525974922 0.8194417763 2.1764981728 2.7817505302
0.5620000000 0.3528651314 0.8192414894 2.1767200279 2.7823314705
0.5630000000 0.3530852394 0.8190446053 2.1769420509 2.7829128532
0.5640000000 0.3532623100 0.8188511314 2.1771642418 2.7834946785
0.5650000000 0.3533997917 0.8186610985 2.1773866081 2.7840769386
0.5660000000 0.3535005455 0.8184745064 2.1776091423 2.7846596413
0.5670000000 0.3535670357 0.8182913857 2.1778318443 2.7852427788
0.5680000000 0.3536014519 0.8181117439 2.1780547218 2.7858263588
0.5690000000 0.3536057396 0.8179356041 2.1782777672 2.7864103661
0.5700000000 0.3535816383 0.8177629738 2.1785009804 2.7869948082
0.5710000000 0.3535307121 0.8175938759 2.1787243614 2.7875796776
0.5720000000 0.3534543571 0.8174283333 2.1789479103 2.7881649818
0.5730000000 0.3533538322 0.8172663460 2.1791716270 2.7887507057
0.5740000000 0.3532302589 0.8171079369 2.1793955116 2.7893368568
0.5750000000 0.3530846443 0.8169531288 2.1796195641 2.7899234352
0.5760000000 0.3529178963 0.8168019218 2.1798437843 2.7905104408
0.5770000000 0.3527308311 0.8166543388 2.1800681725 2.7910978584
0.5780000000 0.3525241737 0.8165103874 2.1802927284 2.7916857033
0.5790000000 0.3522985802 0.8163700981 2.1805174446 2.7922739601
0.5800000000 0.3520546455 0.8162334633 2.1807423286 2.7928626366
0.5810000000 0.3517929115 0.8161005135 2.1809673805 2.7934517326
0.5820000000 0.3515138664 0.8159712563 2.1811926003 2.7940412331
0.5830000000 0.3512179527 0.8158456993 2.1814179802 2.7946311531
0.5840000000 0.3509055901 0.8157238655 2.1816435280 2.7952214775
0.5850000000 0.3505771446 0.8156057625 2.1818692436 2.7958122139
0.5860000000 0.3502329750 0.8154913979 2.1820951195 2.7964033546
0.5870000000 0.3498734093 0.8153807945 2.1823211555 2.7969949074
0.5880000000 0.3494987602 0.8152739601 2.1825473595 2.7975868568
0.5890000000 0.3491093178 0.8151708946 2.1827737312 2.7981792107
0.5900000000 0.3487053795 0.8150716286 2.1830002556 2.7987719688
0.5910000000 0.3482872047 0.8149761620 2.1832269554 2.7993651237
0.5920000000 0.3478550758 0.8148845024 2.1834538078 2.7999586754
0.5930000000 0.3474092674 0.8147966652 2.1836808281 2.8005526314
0.5940000000 0.3469500389 0.8147126656 2.1839080086 2.8011469765
0.5950000000 0.3464776802 0.8146325111 2.1841353493 2.8017417183
0.5960000000 0.3459924660 0.8145562019 2.1843628578 2.8023368492
0.5970000000 0.3454946938 0.8144837608 2.1845905190 2.8029323692
0.5980000000 0.3449846764 0.8144151878 2.1848183479 2.8035282784
0.5990000000 0.3444627419 0.8143504906 2.1850463371 2.8041245842
0.6000000000 0.3439292412 0.8142896843 2.1852744865 2.8047212639
0.6010000000 0.3433845482 0.8142327766 2.1855027962 2.8053183403
0.6020000000 0.3428290825 0.8141797676 2.1857312660 2.8059157906
0.6030000000 0.3422632790 0.8141306725 2.1859598961 2.8065136299
0.6040000000 0.3416876411 0.8140854988 2.1861886864 2.8071118431
0.6050000000 0.3411027184 0.8140442543 2.1864176292 2.8077104378
0.6060000000 0.3405091209 0.8140069389 2.1866467400 2.8083094139
0.6070000000 0.3399075279 0.8139735603 2.1868760033 2.8089087639
0.6080000000 0.3392987251 0.8139441338 2.1871054344 2.8095084877
0.6090000000 0.3386835823 0.8139186516 2.1873350182 2.8101085854
0.6100000000 0.3380631142 0.8138971291 2.1875647621 2.8107090492
0.6110000000 0.3374384804 0.8138795738 2.1877946587 2.8113098946
0.6120000000 0.3368110542 0.8138659782 2.1880247154 2.8119110985
0.6130000000 0.3361824150 0.8138563576 2.1882549324 2.8125126762
0.6140000000 0.3355544701 0.8138507195 2.1884853096 2.8131146202
0.6150000000 0.3349295158 0.8138490562 2.1887158394 2.8137169228
0.6160000000 0.3343103752 0.8138513756 2.1889465218 2.8143195915
0.6170000000 0.3337005882 0.8138576851 2.1891773643 2.8149226265
0.6180000000 0.3331047478 0.8138679848 2.1894083672 2.8155260200
0.6190000000 0.3325290260 0.8138822823 2.1896395226 2.8161297722
0.6200000000 0.3319822807 0.8139005699 2.1898708382 2.8167338829
0.6210000000 0.3314785118 0.8139228554 2.1901023064 2.8173383446
0.6220000000 0.3310448189 0.8139491463 2.1903339272 2.8179431648
0.6230000000 0.3307570381 0.8139794426 2.1905657082 2.8185483437
0.6240000000 0.3302368431 0.8140137367 2.1907976418 2.8191538734
0.6250000000 0.3295633965 0.8140520363 2.1910297356 2.8197597466
0.6260000000 0.3288034782 0.8140943489 2.1912619743 2.8203659782
0.6270000000 0.3279808159 0.8141406593 2.1914943733 2.8209725533
0.6280000000 0.3271079292 0.8141909828 2.1917269249 2.8215794716
0.6290000000 0.3261925163 0.8142453041 2.1919596367 2.8221867409
0.6300000000 0.3252397194 0.8143036385 2.1921924934 2.8227943535
0.6310000000 0.3242531471 0.8143659782 2.1924255104 2.8234023094
0.6320000000 0.3232354469 0.8144323235 2.1926586800 2.8240106087
0.6330000000 0.3221886024 0.8145026665 2.1928920021 2.8246192436
0.6340000000 0.3211141472 0.8145770149 2.1931254768 2.8252282143
0.6350000000 0.3200132484 0.8146553688 2.1933591042 2.8258375282
0.6360000000 0.3188868523 0.8147377129 2.1935928841 2.8264471779
0.6370000000 0.3177356911 0.8148240547 2.1938268166 2.8270571632
0.6380000000 0.3165603447 0.8149143944 2.1940609016 2.8276674767
0.6390000000 0.3153612709 0.8150087166 2.1942951393 2.8282781334
0.6400000000 0.3141388435 0.8151070366 2.1945295296 2.8288891106
0.6410000000 0.3128933449 0.8152093315 2.1947640724 2.8295004234
0.6420000000 0.3116250038 0.8153156090 2.1949987679 2.8301120567
0.6430000000 0.3103339653 0.8154258614 2.1952336082 2.8307240257
0.6440000000 0.3090203590 0.8155400887 2.1954686089 2.8313363152
0.6450000000 0.3076842537 0.8156582832 2.1957037544 2.8319489326
0.6460000000 0.3063256874 0.8157804375 2.1959390526 2.8325618706
0.6470000000 0.3049446754 0.8159065590 2.1961744957 2.8331751289
0.6480000000 0.3035411873 0.8160366249 2.1964100990 2.8337887154
0.6490000000 0.3021151924 0.8161706352 2.1966458473 2.8344026146
0.6500000000 0.3006666069 0.8163085976 2.1968817482 2.8350168343
0.6510000000 0.2991953545 0.8164504890 2.1971177940 2.8356313667
0.6520000000 0.2977013206 0.8165963097 2.1973539925 2.8362462196
0.6530000000 0.2961843758 0.8167460518 2.1975903435 2.8368613853
0.6540000000 0.2946443748 0.8168997154 2.1978268394 2.8374768639
0.6550000000 0.2930811577 0.8170572853 2.1980634880 2.8380926552
0.6560000000 0.2914945488 0.8172187538 2.1983002815 2.8387087517
0.6570000000 0.2898843498 0.8173841209 2.1985372276 2.8393251686
0.6580000000 0.2882503471 0.8175533714 2.1987743263 2.8399418831
0.6590000000 0.2865923195 0.8177265053 2.1990115623 2.8405589104
0.6600000000 0.2849100151 0.8179035072 2.1992489586 2.8411762428
0.6610000000 0.2832031822 0.8180843773 2.1994864998 2.8417938728
0.6620000000 0.2814715385 0.8182691002 2.1997241859 2.8424118156
0.6630000000 0.2797147942 0.8184576683 2.1999620171 2.8430300560
0.6640000000 0.2779326439 0.8186500664 2.2002000008 2.8436485939
0.6650000000 0.2761247520 0.8188463020 2.2004381371 2.8442674370
0.6660000000 0.2742907829 0.8190463524 2.2006764107 2.8448865776
0.6670000000 0.2724303627 0.8192502098 2.2009148369 2.8455060158
0.6680000000 0.2705431023 0.8194578743 2.2011534081 2.8461257439
0.6690000000 0.2686286125 0.8196693153 2.2013921318 2.8467457695
0.6700000000 0.2666864510 0.8198845482 2.2016310005 2.8473660927
0.6710000000 0.2647161674 0.8201035423 2.2018700142 2.8479867058
0.6720000000 0.2627172966 0.8203262978 2.2021091728 2.8486076088
0.6730000000 0.2606893272 0.8205528069 2.2023484764 2.8492288017
0.6740000000 0.2586317406 0.8207830467 2.2025879326 2.8498502846
0.6750000000 0.2565439873 0.8210170097 2.2028275261 2.8504720573
0.6760000000 0.2544254646 0.8212546959 2.2030672722 2.8510941200
0.6770000000 0.2522755623 0.8214960823 2.2033071632 2.8517164574
0.6780000000 0.2500936317 0.8217411613 2.2035471992 2.8523390846
0.6790000000 0.2478789864 0.8219899178 2.2037873802 2.8529619942
0.6800000000 0.2456308937 0.8222423515 2.2040277061 2.8535851860
0.6810000000 0.2433485832 0.8224984398 2.2042681770 2.8542086601
0.6820000000 0.2410312462 0.8227581673 2.2045087929 2.8548324165
0.6830000000 0.2386780128 0.8230215340 2.2047495613 2.8554564476
0.6840000000 0.2362879829 0.8232885246 2.2049904671 2.8560807533
0.6850000000 0.2338601799 0.8235591164 2.2052315178 2.8567053337
0.6860000000 0.2313935738 0.8238333092 2.2054727135 2.8573301964
0.6870000000 0.2288870811 0.8241110802 2.2057140541 2.8579553337
0.6880000000 0.2263395195 0.8243924294 2.2059555397 2.8585807381
0.6890000000 0.2237496681 0.8246773262 2.2061971626 2.8592064171
0.6900000000 0.2211161919 0.8249657707 2.2064389381 2.8598323631
0.6910000000 0.2184376793 0.8252577477 2.2066808510 2.8604585838
0.6920000000 0.2157126122 0.8255532417 2.2069229164 2.8610850716
0.6930000000 0.2129393806 0.8258522453 2.2071651192 2.8617118187
0.6940000000 0.2101162376 0.8261547356 2.2074074669 2.8623388405
0.6950000000 0.2072413139 0.8264606972 2.2076499519 2.8629661293
0.6960000000 0.2043125801 0.8267701302 2.2078925896 2.8635936775
0.6970000000 0.2013278694 0.8270830040 2.2081353645 2.8642214851
0.6980000000 0.1982848244 0.8273993263 2.2083782845 2.8648495598
0.6990000000 0.1951808891 0.8277190590 2.2086213417 2.8654778938
0.7000000000 0.1920132790 0.8280422020 2.2088645515 2.8661064873
0.7010000000 0.1887789650 0.8283687401 2.2091078987 2.8667353401
0.7020000000 0.1854746437 0.8286986580 2.2093513832 2.8673644524
0.7030000000 0.1820966682 0.8290319405 2.2095950127 2.8679938164
0.7040000000 0.1786410561 0.8293685722 2.2098387871 2.8686234398
0.7050000000 0.1751033821 0.8297085381 2.2100827065 2.8692533150
0.7060000000 0.1714787636 0.8300518303 2.2103267632 2.8698834496
0.7070000000 0.1677617455 0.8303984261 2.2105709648 2.8705138283
0.7080000000 0.1639462395 0.8307483177 2.2108153038 2.8711444588
0.7090000000 0.1600253868 0.8311014824 2.2110597878 2.8717753410
0.7100000000 0.1559914436 0.8314579124 2.2113044090 2.8724064751
0.7110000000 0.1518355980 0.8318175850 2.2115491753 2.8730378532
0.7120000000 0.1475477562 0.8321804924 2.2117940788 2.8736694832
0.7130000000 0.1431162605 0.8325466194 2.2120391273 2.8743013573
0.7140000000 0.1385275383 0.8329159508 2.2122843132 2.8749334755
0.7150000000 0.1337656288 0.8332884712 2.2125296440 2.8755658379
0.7160000000 0.1288115578 0.8336641579 2.2127751122 2.8761984367
0.7170000000 0.1236424522 0.8340430107 2.2130207253 2.8768312874
0.7180000000 0.1182303658 0.8344249992 2.2132664757 2.8774643745
0.7190000000 0.1125404854 0.8348101234 2.2135123634 2.8780976982
0.7200000000 0.1065285759 0.8351983528 2.2137583961 2.8787312660
0.7210000000 0.1001369362 0.8355896797 2.2140045662 2.8793650703
0.7220000000 0.0932878304 0.8359840889 2.2142508812 2.8799991112
0.7230000000 0.0858721962 0.8363815651 2.2144973259 2.8806333885
0.7240000000 0.0777283897 0.8367820930 2.2147439232 2.8812678947
0.7250000000 0.0685979424 0.8371856575 2.2149906502 2.8819026451
0.7260000000 0.0580173531 0.8375922432 2.2152375221 2.8825376244
0.7270000000 0.0449751091 0.8380018272 2.2154845314 2.8831728325
0.7280000000 0.0259994698 0.8384144096 2.2157316780 2.8838082695
