0.7290000000 0.8388299599 2.2159789619 2.8844439430
0.7300000000 0.8392484779 2.2162263908 2.8850798378
0.7310000000 0.8396699333 2.2164739571 2.8857159691
0.7320000000 0.8400943184 2.2167216606 2.8863523216
0.7330000000 0.8405216179 2.2169695015 2.8869889030
0.7340000000 0.8409518089 2.2172174873 2.8876257057
0.7350000000 0.8413848915 2.2174656105 2.8882627373
0.7360000000 0.8418208351 2.2177138634 2.8888999901
0.7370000000 0.8422596321 2.2179622612 2.8895374641
0.7380000000 0.8427012596 2.2182107964 2.8901751595
0.7390000000 0.8431457176 2.2184594688 2.8908130760
0.7400000000 0.8435929756 2.2187082863 2.8914512138
0.7410000000 0.8440430260 2.2189572334 2.8920895653
0.7420000000 0.8444958534 2.2192063179 2.8927281380
0.7430000000 0.8449514351 2.2194555473 2.8933669243
0.7440000000 0.8454097633 2.2197049065 2.8940059242
0.7450000000 0.8458708229 2.2199544106 2.8946451454
0.7460000000 0.8463345985 2.2202040443 2.8952845802
0.7470000000 0.8468010674 2.2204538231 2.8959242210
0.7480000000 0.8472702217 2.2207037315 2.8965640831
0.7490000000 0.8477420464 2.2209537849 2.8972041435
0.7500000000 0.8482165260 2.2212039680 2.8978444252
0.7510000000 0.8486936455 2.2214542885 2.8984849129
0.7520000000 0.8491733818 2.2217047539 2.8991256065
0.7530000000 0.8496557274 2.2219553490 2.8997665062
0.7540000000 0.8501406746 2.2222060814 2.9004076195
0.7550000000 0.8506281929 2.2224569511 2.9010489311
0.7560000000 0.8511182747 2.2227079582 2.9016904564
0.7570000000 0.8516109047 2.2229591026 2.9023321724
0.7580000000 0.8521060753 2.2232103767 2.9029741020
0.7590000000 0.8526037636 2.2234617958 2.9036162300
0.7600000000 0.8531039543 2.2237133446 2.9042585564
0.7610000000 0.8536066322 2.2239650307 2.9049010887
0.7620000000 0.8541117897 2.2242168541 2.9055438194
0.7630000000 0.8546194038 2.2244688072 2.9061867485
0.7640000000 0.8551294670 2.2247209053 2.9068298683
0.7650000000 0.8556419640 2.2249731331 2.9074731941
0.7660000000 0.8561568718 2.2252254982 2.9081167107
0.7670000000 0.8566741829 2.2254780006 2.9087604256
0.7680000000 0.8571938896 2.2257306328 2.9094043312
0.7690000000 0.8577159615 2.2259834023 2.9100484352
0.7700000000 0.8582403984 2.2262363091 2.9106927299
0.7710000000 0.8587671852 2.2264893532 2.9113372154
0.7720000000 0.8592962914 2.2267425270 2.9119818916
0.7730000000 0.8598277245 2.2269958382 2.9126267509
0.7740000000 0.8603614616 2.2272492790 2.9132718086
0.7750000000 0.8608974800 2.2275028572 2.9139170570
0.7760000000 0.8614357796 2.2277565727 2.9145624809
0.7770000000 0.8619763374 2.2280104256 2.9152081032
0.7780000000 0.8625191460 2.2282644081 2.9158539085
0.7790000000 0.8630641899 2.2285185204 2.9164998970
0.7800000000 0.8636114464 2.2287727776 2.9171460686
0.7810000000 0.8641609154 2.2290271568 2.9177924232
0.7820000000 0.8647125740 2.2292816811 2.9184389610
0.7830000000 0.8652664146 2.2295363350 2.9190856819
0.7840000000 0.8658224220 2.2297911186 2.9197325859
0.7850000000 0.8663805809 2.2300460396 2.9203796654
0.7860000000 0.8669408836 2.2303010902 2.9210269279
0.7870000000 0.8675033073 2.2305562782 2.9216743736
0.7880000000 0.8680678444 2.2308116035 2.9223219872
0.7890000000 0.8686344795 2.2310670586 2.9229697838
0.7900000000 0.8692031975 2.2313226433 2.9236177559
0.7910000000 0.8697739983 2.2315783653 2.9242659035
0.7920000000 0.8703468513 2.2318342171 2.9249142265
0.7930000000 0.8709217567 2.2320902061 2.9255627174
0.7940000000 0.8714986992 2.2323463249 2.9262113838
0.7950000000 0.8720776558 2.2326025810 2.9268602257
0.7960000000 0.8726586266 2.2328589668 2.9275092430
0.7970000000 0.8732415962 2.2331154823 2.9281584206
0.7980000000 0.8738265419 2.2333721352 2.9288077736
0.7990000000 0.8744134636 2.2336289177 2.9294573021
0.8000000000 0.8750023460 2.2338858299 2.9301069908
0.8010000000 0.8755931740 2.2341428795 2.9307568474
0.8020000000 0.8761859398 2.2344000587 2.9314068718
0.8030000000 0.8767806206 2.2346573753 2.9320570641
0.8040000000 0.8773772163 2.2349148140 2.9327074242
0.8050000000 0.8779757042 2.2351723900 2.9333579445
0.8060000000 0.8785760841 2.2354301033 2.9340086327
0.8070000000 0.8791783333 2.2356879387 2.9346594810
0.8080000000 0.8797824440 2.2359459114 2.9353104973
0.8090000000 0.8803884087 2.2362040138 2.9359616661
0.8100000000 0.8809962120 2.2364622459 2.9366130028
0.8110000000 0.8816058311 2.2367206154 2.9372644997
0.8120000000 0.8822172737 2.2369791069 2.9379161568
0.8130000000 0.8828305168 2.2372377357 2.9385679665
0.8140000000 0.8834455528 2.2374964943 2.9392199364
0.8150000000 0.8840623741 2.2377553902 2.9398720665
0.8160000000 0.8846809578 2.2380144081 2.9405243568
0.8170000000 0.8853012962 2.2382735634 2.9411767998
0.8180000000 0.8859233818 2.2385328484 2.9418293953
0.8190000000 0.8865472069 2.2387922554 2.9424821510
0.8200000000 0.8871727562 2.2390517998 2.9431350517
0.8210000000 0.8878000145 2.2393114815 2.9437881126
0.8220000000 0.8884289742 2.2395712852 2.9444413261
0.8230000000 0.8890596199 2.2398312187 2.9450946922
0.8240000000 0.8896919518 2.2400912819 2.9457482033
0.8250000000 0.8903259544 2.2403514824 2.9464018669
0.8260000000 0.8909616127 2.2406118050 2.9470556831
0.8270000000 0.8915989189 2.2408722649 2.9477096443
0.8280000000 0.8922378578 2.2411328468 2.9483637581
0.8290000000 0.8928784294 2.2413935661 2.9490180168
0.8300000000 0.8935206108 2.2416544151 2.9496724281
0.8310000000 0.8941644020 2.2419153862 2.9503269844
0.8320000000 0.8948097878 2.2421764946 2.9509816780
0.8330000000 0.8954567604 2.2424377251 2.9516365242
0.8340000000 0.8961053047 2.2426990929 2.9522915154
0.8350000000 0.8967554131 2.2429605827 2.9529466438
0.8360000000 0.8974070778 2.2432222023 2.9536019173
0.8370000000 0.8980602837 2.2434839592 2.9542573357
0.8380000000 0.8987150307 2.2437458382 2.9549128990
0.8390000000 0.8993712959 2.2440078468 2.9555685997
0.8400000000 0.9000290794 2.2442699852 2.9562244377
0.8410000000 0.9006883583 2.2445322533 2.9568804207
0.8420000000 0.9013491402 2.2447946510 2.9575365334
0.8430000000 0.9020114098 2.2450571709 2.9581927910
0.8440000000 0.9026751518 2.2453198280 2.9588491936
0.8450000000 0.9033403587 2.2455826073 2.9595057259
0.8460000000 0.9040070229 2.2458455162 2.9601623955
0.8470000000 0.9046751366 2.2461085548 2.9608191948
0.8480000000 0.9053446922 2.2463717232 2.9614761391
0.8490000000 0.9060156670 2.2466350136 2.9621332130
0.8500000000 0.9066880684 2.2468984337 2.9627904243
0.8510000000 0.9073618736 2.2471619911 2.9634477654
0.8520000000 0.9080370827 2.2474256630 2.9641052437
0.8530000000 0.9087136879 2.2476894722 2.9647628441
0.8540000000 0.9093916740 2.2479534035 2.9654205894
0.8550000000 0.9100710335 2.2482174644 2.9660784569
0.8560000000 0.9107517586 2.2484816551 2.9667364540
0.8570000000 0.9114338417 2.2487459679 2.9673945885
0.8580000000 0.9121172676 2.2490104103 2.9680528450
0.8590000000 0.9128020363 2.2492749825 2.9687112312
0.8600000000 0.9134881401 2.2495396767 2.9693697472
0.8610000000 0.9141755562 2.2498045006 2.9700283928
0.8620000000 0.9148642921 2.2500694542 2.9706871605
0.8630000000 0.9155543327 2.2503345299 2.9713460579
0.8640000000 0.9162456627 2.2505997353 2.9720050774
0.8650000000 0.9169382896 2.2508650627 2.9726642189
0.8660000000 0.9176321907 2.2511305199 2.9733234901
0.8670000000 0.9183273659 2.2513961067 2.9739828835
0.8680000000 0.9190237999 2.2516618156 2.9746423988
0.8690000000 0.9197214928 2.2519276543 2.9753020439
0.8700000000 0.9204204369 2.2521936150 2.9759618034
0.8710000000 0.9211206093 2.2524597054 2.9766216850
0.8720000000 0.9218220177 2.2527259178 2.9772816887
0.8730000000 0.9225246544 2.2529922600 2.9779418144
0.8740000000 0.9232285042 2.2532587242 2.9786020546
0.8750000000 0.9239335594 2.2535253181 2.9792624168
0.8760000000 0.9246398125 2.2537920341 2.9799229012
0.8770000000 0.9253472557 2.2540588722 2.9805834999
0.8780000000 0.9260558891 2.2543258476 2.9812442131
0.8790000000 0.9267656975 2.2545929375 2.9819050484
0.8800000000 0.9274766731 2.2548601570 2.9825659981
0.8810000000 0.9281888084 2.2551274986 2.9832270622
0.8820000000 0.9289021034 2.2553949699 2.9838882484
0.8830000000 0.9296165428 2.2556625633 2.9845495415
0.8840000000 0.9303321190 2.2559302788 2.9852109489
0.8850000000 0.9310488243 2.2561981239 2.9858724785
0.8860000000 0.9317666664 2.2564660912 2.9865341148
0.8870000000 0.9324856148 2.2567341805 2.9871958580
0.8880000000 0.9332056770 2.2570023994 2.9878577232
0.8890000000 0.9339268456 2.2572707405 2.9885196953
0.8900000000 0.9346491051 2.2575392036 2.9891817741
0.8910000000 0.9353724556 2.2578077965 2.9898439674
0.8920000000 0.9360968895 2.2580765114 2.9905062752
0.8930000000 0.9368223991 2.2583453484 2.9911686897
0.8940000000 0.9375489769 2.2586143074 2.9918312111
0.8950000000 0.9382766151 2.2588833961 2.9924938393
0.8960000000 0.9390053062 2.2591525993 2.9931565742
0.8970000000 0.9397350502 2.2594219322 2.9938194237
0.8980000000 0.9404658318 2.2596913872 2.9944823723
0.8990000000 0.9411976509 2.2599609642 2.9951454277
0.9000000000 0.9419305000 2.2602306709 2.9958085976
0.9010000000 0.9426643639 2.2605004921 2.9964718666
0.9020000000 0.9433992500 2.2607704430 2.9971352348
0.9030000000 0.9441351433 2.2610405159 2.9977987175
0.9040000000 0.9448720360 2.2613107033 2.9984622993
0.9050000000 0.9456099205 2.2615810204 2.9991259804
0.9060000000 0.9463488045 2.2618514595 2.9997897682
0.9070000000 0.9470886650 2.2621220207 3.0004536552
0.9080000000 0.9478295021 2.2623927040 3.0011176491
0.9090000000 0.9485713158 2.2626635094 3.0017817421
0.9100000000 0.9493140831 2.2629344368 3.0024459343
0.9110000000 0.9500578194 2.2632054863 3.0031102257
0.9120000000 0.9508025017 2.2634766579 3.0037746162
0.9130000000 0.9515481377 2.2637479591 3.0044391136
0.9140000000 0.9522947044 2.2640193672 3.0051037025
0.9150000000 0.9530422096 2.2642909050 3.0057683907
0.9160000000 0.9537906456 2.2645625648 3.0064331779
0.9170000000 0.9545400047 2.2648343468 3.0070980644
0.9180000000 0.9552902794 2.2651062508 3.0077630501
0.9190000000 0.9560414619 2.2653782692 3.0084281273
0.9200000000 0.9567935524 2.2656504173 3.0090932961
0.9210000000 0.9575465431 2.2659226799 3.0097585640
0.9220000000 0.9583004265 2.2661950645 3.0104239311
0.9230000000 0.9590551949 2.2664675713 3.0110893898
0.9240000000 0.9598108482 2.2667402000 3.0117549477
0.9250000000 0.9605673790 2.2670129433 3.0124205894
0.9260000000 0.9613247795 2.2672858086 3.0130863304
0.9270000000 0.9620830498 2.2675588036 3.0137521629
0.9280000000 0.9628421745 2.2678319054 3.0144180870
0.9290000000 0.9636021614 2.2681051369 3.0150841026
0.9300000000 0.9643629951 2.2683784828 3.0157502098
0.9310000000 0.9651246681 2.2686519508 3.0164164085
0.9320000000 0.9658871880 2.2689255409 3.0170826988
0.9330000000 0.9666505394 2.2691992455 3.0177490807
0.9340000000 0.9674147148 2.2694730721 3.0184155540
0.9350000000 0.9681797142 2.2697470207 3.0190821114
0.9360000000 0.9689455376 2.2700210838 3.0197487602
0.9370000000 0.9697121696 2.2702952690 3.0204154930
0.9380000000 0.9704796104 2.2705695686 3.0210823174
0.9390000000 0.9712478523 2.2708439980 3.0217492256
0.9400000000 0.9720168877 2.2711185341 3.0224162254
0.9410000000 0.9727867241 2.2713931923 3.0230833092
0.9420000000 0.9735573463 2.2716679726 3.0237504768
0.9430000000 0.9743287468 2.2719428673 3.0244177361
0.9440000000 0.9751009331 2.2722178841 3.0250850792
0.9450000000 0.9758738823 2.2724930153 3.0257525063
0.9460000000 0.9766476097 2.2727682686 3.0264200172
0.9470000000 0.9774220924 2.2730436363 3.0270876122
0.9480000000 0.9781973381 2.2733191261 3.0277552910
0.9490000000 0.9789733391 2.2735947304 3.0284230537
0.9500000000 0.9797500801 2.2738704491 3.0290908928
0.9510000000 0.9805275764 2.2741462898 3.0297588234
0.9520000000 0.9813058052 2.2744222450 3.0304268303
0.9530000000 0.9820847740 2.2746983147 3.0310949211
0.9540000000 0.9828644676 2.2749745064 3.0317630959
0.9550000000 0.9836448936 2.2752508125 3.0324313469
0.9560000000 0.9844260368 2.2755272408 3.0330996819
0.9570000000 0.9852078972 2.2758037834 3.0337680931
0.9580000000 0.9859904747 2.2760804405 3.0344365883
0.9590000000 0.9867737541 2.2763572121 3.0351051598
0.9600000000 0.9875577354 2.2766341057 3.0357738152
0.9610000000 0.9883424263 2.2769111061 3.0364425392
0.9620000000 0.9891278038 2.2771882286 3.0371113472
0.9630000000 0.9899138680 2.2774654655 3.0377802391
0.9640000000 0.9907006264 2.2777428246 3.0384491997
0.9650000000 0.9914880638 2.2780202904 3.0391182365
0.9660000000 0.9922761803 2.2782978783 3.0397873573
0.9670000000 0.9930649681 2.2785755730 3.0404565468
0.9680000000 0.9938544273 2.2788533897 3.0411258125
0.9690000000 0.9946445503 2.2791313210 3.0417951622
0.9700000000 0.9954353294 2.2794093666 3.0424645805
0.9710000000 0.9962267723 2.2796875267 3.0431340752
0.9720000000 0.9970188637 2.2799658012 3.0438036385
0.9730000000 0.9978116035 2.2802441902 3.0444732780
0.9740000000 0.9986049919 2.2805226936 3.0451429939
0.9750000000 0.9993990211 2.2808013115 3.0458127861
0.9760000000 1.0001936836 2.2810800362 3.0464826469
0.9770000000 1.0009889793 2.2813588829 3.0471525841
0.9780000000 1.0017849007 2.2816378441 3.0478225899
0.9790000000 1.0025814476 2.2819169197 3.0484926643
0.9800000000 1.0033786201 2.2821961021 3.0491628151
0.9810000000 1.0041764030 2.2824753990 3.0498330345
0.9820000000 1.0049748039 2.2827548180 3.0505033226
0.9830000000 1.0057738152 2.2830343437 3.0511736870
0.9840000000 1.0065734291 2.2833139839 3.0518441200
0.9850000000 1.0073736458 2.2835937309 3.0525146217
0.9860000000 1.0081744576 2.2838735924 3.0531851921
0.9870000000 1.0089758644 2.2841535759 3.0538558311
0.9880000000 1.0097778664 2.2844336586 3.0545265388
0.9890000000 1.0105804482 2.2847138634 3.0551973152
0.9900000000 1.0113836174 2.2849941750 3.0558681602
0.9910000000 1.0121873665 2.2852746010 3.0565390739
0.9920000000 1.0129916878 2.2855551338 3.0572100487
0.9930000000 1.0137965813 2.2858357887 3.0578810997
0.9940000000 1.0146020470 2.2861165428 3.0585522118
0.9950000000 1.0154080772 2.2863974190 3.0592233925
0.9960000000 1.0162146645 2.2866784019 3.0598946342
0.9970000000 1.0170218163 2.2869594917 3.0605659523
0.9980000000 1.0178295174 2.2872406960 3.0612373238
0.9990000000 1.0186377754 2.2875220070 3.0619087639
1.0000000000 1.0194465752 2.2878034325 3.0625802727
1.0010000000 1.0202559242 2.2880849724 3.0632518425
1.0020000000 1.0210658073 2.2883666191 3.0639234810
1.0030000000 1.0218762321 2.2886483727 3.0645951805
1.0040000000 1.0226871910 2.2889302330 3.0652669411
1.0050000000 1.0234986763 2.2892122078 3.0659387627
1.0060000000 1.0243106956 2.2894942970 3.0666106529
1.0070000000 1.0251232338 2.2897764931 3.0672826042
1.0080000000 1.0259362984 2.2900587959 3.0679546165
1.0090000000 1.0267498741 2.2903412056 3.0686266899
1.0100000000 1.0275639687 2.2906237297 3.0692988243
1.0110000000 1.0283785744 2.2909063530 3.0699710197
1.0120000000 1.0291936836 2.2911890984 3.0706432838
1.0130000000 1.0300092964 2.2914719429 3.0713156013
1.0140000000 1.0308254128 2.2917548943 3.0719879799
1.0150000000 1.0316420326 2.2920379601 3.0726604195
1.0160000000 1.0324591408 2.2923211327 3.0733329201
1.0170000000 1.0332767448 2.2926044121 3.0740054741
1.0180000000 1.0340948296 2.2928877983 3.0746780968
1.0190000000 1.0349134102 2.2931712914 3.0753507729
1.0200000000 1.0357324715 2.2934548912 3.0760235100
1.0210000000 1.0365520058 2.2937385979 3.0766963005
1.0220000000 1.0373720207 2.2940224113 3.0773691521
1.0230000000 1.0381925087 2.2943063316 3.0780420647
1.0240000000 1.0390134697 2.2945903587 3.0787150307
1.0250000000 1.0398348961 2.2948744926 3.0793880577
1.0260000000 1.0406567879 2.2951587334 3.0800611382
1.0270000000 1.0414791374 2.2954430809 3.0807342720
1.0280000000 1.0423019524 2.2957275352 3.0814074669
1.0290000000 1.0431252174 2.2960120888 3.0820807152
1.0300000000 1.0439489326 2.2962967567 3.0827540245
1.0310000000 1.0447731056 2.2965815239 3.0834273872
1.0320000000 1.0455977211 2.2968663979 3.0841008034
1.0330000000 1.0464227791 2.2971513710 3.0847742729
1.0340000000 1.0472482796 2.2974364586 3.0854478035
1.0350000000 1.0480742226 2.2977216454 3.0861213799
1.0360000000 1.0489005928 2.2980069389 3.0867950172
1.0370000000 1.0497274055 2.2982923317 3.0874687080
1.0380000000 1.0505546379 2.2985778313 3.0881424522
1.0390000000 1.0513823051 2.2988634377 3.0888162498
1.0400000000 1.0522103920 2.2991491432 3.0894901009
1.0410000000 1.0530389061 2.2994349556 3.0901639976
1.0420000000 1.0538678322 2.2997208672 3.0908379555
1.0430000000 1.0546971779 2.3000068855 3.0915119591
1.0440000000 1.0555269356 2.3002930031 3.0921860237
1.0450000000 1.0563571053 2.3005792274 3.0928601341
1.0460000000 1.0571876869 2.3008655510 3.0935342979
1.0470000000 1.0580186653 2.3011519814 3.0942085152
1.0480000000 1.0588500557 2.3014385109 3.0948827782
1.0490000000 1.0596818428 2.3017251396 3.0955570946
1.0500000000 1.0605140190 2.3020118752 3.0962314644
1.0510000000 1.0613465996 2.3022987099 3.0969058800
1.0520000000 1.0621795692 2.3025856438 3.0975803490
1.0530000000 1.0630129280 2.3028726768 3.0982548637
1.0540000000 1.0638466759 2.3031598167 3.0989294319
1.0550000000 1.0646808052 2.3034470558 3.0996040459
1.0560000000 1.0655153236 2.3037343941 3.1002787132
1.0570000000 1.0663502159 2.3040218315 3.1009534340
1.0580000000 1.0671854820 2.3043093681 3.1016281929
1.0590000000 1.0680211296 2.3045970116 3.1023030052
1.0600000000 1.0688571434 2.3048847466 3.1029778709
1.0610000000 1.0696935234 2.3051725883 3.1036527748
1.0620000000 1.0705302773 2.3054605217 3.1043277321
1.0630000000 1.0713673897 2.3057485619 3.1050027351
1.0640000000 1.0722048683 2.3060366936 3.1056777916
1.0650000000 1.0730427055 2.3063249321 3.1063528862
1.0660000000 1.0738809013 2.3066132622 3.1070280342
1.0670000000 1.0747194481 2.3069016914 3.1077032280
1.0680000000 1.0755583458 2.3071902199 3.1083784676
1.0690000000 1.0763976021 2.3074788475 3.1090537453
1.0700000000 1.0772371941 2.3077675667 3.1097290764
1.0710000000 1.0780771370 2.3080563927 3.1104044533
1.0720000000 1.0789174232 2.3083453102 3.1110798759
1.0730000000 1.0797580452 2.3086343269 3.1117553444
1.0740000000 1.0805990105 2.3089234352 3.1124308586
1.0750000000 1.0814403114 2.3092126427 3.1131064186
1.0760000000 1.0822819405 2.3095019493 3.1137820244
1.0770000000 1.0831239052 2.3097913475 3.1144576683
1.0780000000 1.0839661903 2.3100808449 3.1151333580
1.0790000000 1.0848088112 2.3103704338 3.1158090935
1.0800000000 1.0856517525 2.3106601219 3.1164848747
1.0810000000 1.0864950142 2.3109499092 3.1171607018
1.0820000000 1.0873385887 2.3112397804 3.1178365669
1.0830000000 1.0881824913 2.3115297585 3.1185124779
1.0840000000 1.0890266991 2.3118198204 3.1191884270
1.0850000000 1.0898712273 2.3121099815 3.1198644295
1.0860000000 1.0907160606 2.3124002342 3.1205404625
1.0870000000 1.0915612068 2.3126905861 3.1212165489
1.0880000000 1.0924066582 2.3129810295 3.1218926735
1.0890000000 1.0932524071 2.3132715645 3.1225688362
1.0900000000 1.0940984612 2.3135621910 3.1232450447
1.0910000000 1.0949448128 2.3138529091 3.1239212990
1.0920000000 1.0957914619 2.3141437263 3.1245975914
1.0930000000 1.0966384087 2.3144346352 3.1252739220
1.0940000000 1.0974856453 2.3147256279 3.1259502983
1.0950000000 1.0983331718 2.3150167198 3.1266267128
1.0960000000 1.0991809883 2.3153079033 3.1273031654
1.0970000000 1.1000290947 2.3155991707 3.1279796638
1.0980000000 1.1008774757 2.3158905373 3.1286562004
1.0990000000 1.1017261467 2.3161819954 3.1293327751
1.1000000000 1.1025750923 2.3164735374 3.1300093956
1.1010000000 1.1034243202 2.3167651711 3.1306860542
1.1020000000 1.1042738228 2.3170569038 3.1313627510
1.1030000000 1.1051235924 2.3173487206 3.1320394859
1.1040000000 1.1059736366 2.3176406212 3.1327162666
1.1050000000 1.1068239479 2.3179326210 3.1333930779
1.1060000000 1.1076745338 2.3182247047 3.1340699348
1.1070000000 1.1085253792 2.3185168724 3.1347468300
1.1080000000 1.1093764839 2.3188091393 3.1354237633
1.1090000000 1.1102278557 2.3191014900 3.1361007271
1.1100000000 1.1110794868 2.3193939247 3.1367777367
1.1110000000 1.1119313698 2.3196864510 3.1374547844
1.1120000000 1.1127835045 2.3199790688 3.1381318703
1.1130000000 1.1136358986 2.3202717705 3.1388089943
1.1140000000 1.1144885445 2.3205645561 3.1394861565
1.1150000000 1.1153414345 2.3208574333 3.1401633568
1.1160000000 1.1161945686 2.3211503944 3.1408405952
1.1170000000 1.1170479546 2.3214434395 3.1415178642
1.1180000000 1.1179015770 2.3217365761 3.1421951790
1.1190000000 1.1187554436 2.3220297966 3.1428725243
1.1200000000 1.1196095467 2.3223231010 3.1435499077
1.1210000000 1.1204638786 2.3226164970 3.1442273293
1.1220000000 1.1213184547 2.3229099693 3.1449047813
1.1230000000 1.1221732597 2.3232035332 3.1455822792
1.1240000000 1.1230283012 2.3234971733 3.1462598076
1.1250000000 1.1238835640 2.3237909050 3.1469373741
1.1260000000 1.1247390556 2.3240847206 3.1476149788
1.1270000000 1.1255947685 2.3243786125 3.1482926140
1.1280000000 1.1264507103 2.3246725960 3.1489702873
1.1290000000 1.1273068657 2.3249666557 3.1496479912
1.1300000000 1.1281632500 2.3252608070 3.1503257408
1.1310000000 1.1290198402 2.3255550346 3.1510035133
1.1320000000 1.1298766518 2.3258493462 3.1516813316
1.1330000000 1.1307336693 2.3261437340 3.1523591805
1.1340000000 1.1315909081 2.3264382133 3.1530370598
1.1350000000 1.1324483452 2.3267327690 3.1537149773
1.1360000000 1.1333059959 2.3270274010 3.1543929329
1.1370000000 1.1341638527 2.3273221245 3.1550709190
1.1380000000 1.1350219078 2.3276169167 3.1557489357
1.1390000000 1.1358801689 2.3279118004 3.1564269905
1.1400000000 1.1367386208 2.3282067604 3.1571050835
1.1410000000 1.1375972786 2.3285017967 3.1577832069
1.1420000000 1.1384561272 2.3287969093 3.1584613609
1.1430000000 1.1393151741 2.3290921135 3.1591395531
1.1440000000 1.1401744118 2.3293873863 3.1598177757
1.1450000000 1.1410338402 2.3296827354 3.1604960289
1.1460000000 1.1418934517 2.3299781685 3.1611743202
1.1470000000 1.1427532539 2.3302736778 3.1618526421
1.1480000000 1.1436132393 2.3305692711 3.1625309944
1.1490000000 1.1444734001 2.3308649330 3.1632093849
1.1500000000 1.1453337517 2.3311606789 3.1638878059
1.1510000000 1.1461942787 2.3314564934 3.1645662575
1.1520000000 1.1470549812 2.3317523918 3.1652447395
1.1530000000 1.1479158516 2.3320483589 3.1659232597
1.1540000000 1.1487769051 2.3323444099 3.1666018105
1.1550000000 1.1496381264 2.3326405296 3.1672803917
1.1560000000 1.1504995155 2.3329367256 3.1679590034
1.1570000000 1.1513610725 2.3332329979 3.1686376457
1.1580000000 1.1522227974 2.3335293465 3.1693163261
1.1590000000 1.1530846825 2.3338257637 3.1699950294
1.1600000000 1.1539467354 2.3341222649 3.1706737709
1.1610000000 1.1548089409 2.3344188271 3.1713525429
1.1620000000 1.1556713066 2.3347154732 3.1720313454
1.1630000000 1.1565338326 2.3350121880 3.1727101784
1.1640000000 1.1573965111 2.3353089714 3.1733890419
1.1650000000 1.1582593422 2.3356058311 3.1740679359
1.1660000000 1.1591223183 2.3359027672 3.1747468681
1.1670000000 1.1599854546 2.3361997643 3.1754258232
1.1680000000 1.1608487282 2.3364968452 3.1761048088
1.1690000000 1.1617121544 2.3367939873 3.1767838249
1.1700000000 1.1625757179 2.3370912056 3.1774628792
1.1710000000 1.1634394264 2.3373884926 3.1781419563
1.1720000000 1.1643032722 2.3376858482 3.1788210640
1.1730000000 1.1651672554 2.3379832726 3.1795002022
1.1740000000 1.1660313759 2.3382807655 3.1801793709
1.1750000000 1.1668956261 2.3385783348 3.1808585701
1.1760000000 1.1677600136 2.3388759651 3.1815377922
1.1770000000 1.1686245308 2.3391736641 3.1822170525
1.1780000000 1.1694891777 2.3394714317 3.1828963432
1.1790000000 1.1703539543 2.3397692757 3.1835756569
1.1800000000 1.1712188530 2.3400671730 3.1842550011
1.1810000000 1.1720838737 2.3403651466 3.1849343758
1.1820000000 1.1729490166 2.3406631889 3.1856137810
1.1830000000 1.1738142815 2.3409612923 3.1862932167
1.1840000000 1.1746796608 2.3412594566 3.1869726830
1.1850000000 1.1755451546 2.3415576973 3.1876521721
1.1860000000 1.1764107628 2.3418559990 3.1883316917
1.1870000000 1.1772764854 2.3421543617 3.1890112419
1.1880000000 1.1781423225 2.3424527931 3.1896908226
1.1890000000 1.1790082588 2.3427512856 3.1903704262
1.1900000000 1.1798743095 2.3430498466 3.1910500603
1.1910000000 1.1807404594 2.3433484688 3.1917297249
1.1920000000 1.1816067162 2.3436471519 3.1924094124
1.1930000000 1.1824730721 2.3439458961 3.1930891380
1.1940000000 1.1833395348 2.3442447090 3.1937688789
1.1950000000 1.1842060890 2.3445435753 3.1944486580
1.1960000000 1.1850727348 2.3448425102 3.1951284599
1.1970000000 1.1859394798 2.3451415062 3.1958082924
1.1980000000 1.1868063164 2.3454405632 3.1964881554
1.1990000000 1.1876732368 2.3457396812 3.1971680412
1.2000000000 1.1885402565 2.3460388527 3.1978479576
1.2010000000 1.1894073524 2.3463380928 3.1985278969
1.2020000000 1.1902745399 2.3466373863 3.1992078667
1.2030000000 1.1911418114 2.3469367409 3.1998878670
1.2040000000 1.1920091591 2.3472361488 3.2005678902
1.2050000000 1.1928765831 2.3475356255 3.2012479439
1.2060000000 1.1937440910 2.3478351555 3.2019280281
1.2070000000 1.1946116676 2.3481347389 3.2026081352
1.2080000000 1.1954793282 2.3484343834 3.2032882652
1.2090000000 1.1963470497 2.3487340813 3.2039684258
1.2100000000 1.1972148476 2.3490338402 3.2046486168
1.2110000000 1.1980827065 2.3493336525 3.2053288307
1.2120000000 1.1989506416 2.3496335182 3.2060090752
1.2130000000 1.1998186302 2.3499334450 3.2066893425
1.2140000000 1.2006866875 2.3502334175 3.2073696327
1.2150000000 1.2015548058 2.3505334511 3.2080499611
1.2160000000 1.2024229774 2.3508335381 3.2087303047
1.2170000000 1.2032912102 2.3511336784 3.2094106789
1.2180000000 1.2041594963 2.3514338722 3.2100910835
1.2190000000 1.2050278282 2.3517341194 3.2107715111
1.2200000000 1.2058962212 2.3520344200 3.2114519691
1.2210000000 1.2067646599 2.3523347664 3.2121324425
1.2220000000 1.2076331444 2.3526351662 3.2128129539
1.2230000000 1.2085016747 2.3529356194 3.2134934883
1.2240000000 1.2093702507 2.3532361259 3.2141740456
1.2250000000 1.2102388649 2.3535366783 3.2148546333
1.2260000000 1.2111075172 2.3538372841 3.2155352440
1.2270000000 1.2119762077 2.3541379356 3.2162158775
1.2280000000 1.2128449364 2.3544386406 3.2168965416
1.2290000000 1.2137136955 2.3547393913 3.2175772285
1.2300000000 1.2145824852 2.3550401878 3.2182579460
1.2310000000 1.2154513054 2.3553410378 3.2189386864
1.2320000000 1.2163201561 2.3556419334 3.2196194496
1.2330000000 1.2171890297 2.3559428749 3.2203002434
1.2340000000 1.2180579262 2.3562438622 3.2209810600
1.2350000000 1.2189268456 2.3565448952 3.2216619072
1.2360000000 1.2197957878 2.3568459740 3.2223427773
1.2370000000 1.2206647453 2.3571471062 3.2230236702
1.2380000000 1.2215337181 2.3574482765 3.2237045860
1.2390000000 1.2224027061 2.3577494850 3.2243855324
1.2400000000 1.2232717018 2.3580507469 3.2250665016
1.2410000000 1.2241407127 2.3583520470 3.2257475014
1.2420000000 1.2250097237 2.3586533928 3.2264285164
1.2430000000 1.2258787498 2.3589547844 3.2271095619
1.2440000000 1.2267477684 2.3592562141 3.2277906380
1.2450000000 1.2276167946 2.3595576820 3.2284717293
1.2460000000 1.2284858208 2.3598591957 3.2291528511
1.2470000000 1.2293548470 2.3601607475 3.2298340034
1.2480000000 1.2302238655 2.3604623451 3.2305151711
1.2490000000 1.2310928764 2.3607639809 3.2311963692
1.2500000000 1.2319618797 2.3610656548 3.2318775902
1.2510000000 1.2328308678 2.3613673668 3.2325588341
1.2520000000 1.2336998482 2.3616691170 3.2332401085
1.2530000000 1.2345688057 2.3619709053 3.2339214058
1.2540000000 1.2354377556 2.3622727318 3.2346027260
1.2550000000 1.2363066826 2.3625745964 3.2352840691
1.2560000000 1.2371755867 2.3628764992 3.2359654427
1.2570000000 1.2380444679 2.3631784325 3.2366468391
1.2580000000 1.2389133186 2.3634804039 3.2373282585
1.2590000000 1.2397821465 2.3637824135 3.2380097008
1.2600000000 1.2406509438 2.3640844612 3.2386911736
1.2610000000 1.2415197029 2.3643865395 3.2393726692
1.2620000000 1.2423884315 2.3646886482 3.2400541878
1.2630000000 1.2432571220 2.3649907951 3.2407357292
1.2640000000 1.2441257744 2.3652929726 3.2414172935
1.2650000000 1.2449943886 2.3655951805 3.2420988884
1.2660000000 1.2458629494 2.3658974190 3.2427805061
1.2670000000 1.2467314720 2.3661996956 3.2434621468
1.2680000000 1.2475999489 2.3665020027 3.2441438103
1.2690000000 1.2484683647 2.3668043327 3.2448255043
1.2700000000 1.2493367348 2.3671067009 3.2455072136
1.2710000000 1.2502050514 2.3674090919 3.2461889534
1.2720000000 1.2510733070 2.3677115211 3.2468707161
1.2730000000 1.2519415016 2.3680139656 3.2475525093
1.2740000000 1.2528096352 2.3683164482 3.2482343178
1.2750000000 1.2536777000 2.3686189537 3.2489161568
1.2760000000 1.2545457039 2.3689214897 3.2495980186
1.2770000000 1.2554136391 2.3692240486 3.2502799034
1.2780000000 1.2562814980 2.3695266380 3.2509618111
1.2790000000 1.2571492805 2.3698292503 3.2516437416
1.2800000000 1.2580169868 2.3701318855 3.2523257027
1.2810000000 1.2588846169 2.3704345512 3.2530076866
1.2820000000 1.2597521706 2.3707372322 3.2536896935
1.2830000000 1.2606196327 2.3710399437 3.2543717232
1.2840000000 1.2614870033 2.3713426781 3.2550537758
1.2850000000 1.2623542976 2.3716454277 3.2557358513
1.2860000000 1.2632214928 2.3719482079 3.2564179573
1.2870000000 1.2640885887 2.3722510033 3.2571000862
1.2880000000 1.2649555931 2.3725538216 3.2577822380
1.2890000000 1.2658224983 2.3728566628 3.2584644127
1.2900000000 1.2666892967 2.3731595192 3.2591466103
1.2910000000 1.2675559959 2.3734623909 3.2598288383
1.2920000000 1.2684225807 2.3737652931 3.2605110817
1.2930000000 1.2692890587 2.3740682030 3.2611933556
1.2940000000 1.2701554298 2.3743711357 3.2618756523
1.2950000000 1.2710216789 2.3746740837 3.2625579720
1.2960000000 1.2718878059 2.3749770470 3.2632403145
1.2970000000 1.2727538185 2.3752800255 3.2639226875
1.2980000000 1.2736197014 2.3755830269 3.2646050758
1.2990000000 1.2744854622 2.3758860359 3.2652874947
1.3000000000 1.2753510857 2.3761890602 3.2659699364
1.3010000000 1.2762165871 2.3764920998 3.2666524010
1.3020000000 1.2770819435 2.3767951469 3.2673348885
1.3030000000 1.2779471626 2.3770982170 3.2680173988
1.3040000000 1.2788122444 2.3774012871 3.2686999397
1.3050000000 1.2796771812 2.3777043800 3.2693825035
1.3060000000 1.2805419731 2.3780074730 3.2700650902
1.3070000000 1.2814066048 2.3783105888 3.2707476997
1.3080000000 1.2822710915 2.3786137047 3.2714303322
1.3090000000 1.2831354179 2.3789168282 3.2721129875
1.3100000000 1.2839995918 2.3792199669 3.2727956734
1.3110000000 1.2848635979 2.3795231133 3.2734783745
1.3120000000 1.2857274361 2.3798262596 3.2741611061
1.3130000000 1.2865911064 2.3801294212 3.2748438606
1.3140000000 1.2874546013 2.3804325829 3.2755266380
1.3150000000 1.2883179283 2.3807357521 3.2762094460
1.3160000000 1.2891810646 2.3810389290 3.2768922691
1.3170000000 1.2900440331 2.3813421059 3.2775751228
1.3180000000 1.2909068031 2.3816452904 3.2782579994
1.3190000000 1.2917693901 2.3819484825 3.2789408989
1.3200000000 1.2926317863 2.3822516670 3.2796238213
1.3210000000 1.2934939842 2.3825548592 3.2803067665
1.3220000000 1.2943559837 2.3828580513 3.2809897423
1.3230000000 1.2952177773 2.3831612434 3.2816727409
1.3240000000 1.2960793724 2.3834644356 3.2823557625
1.3250000000 1.2969407463 2.3837676277 3.2830388069
1.3260000000 1.2978019142 2.3840708199 3.2837218742
1.3270000000 1.2986628609 2.3843740120 3.2844049721
1.3280000000 1.2995235939 2.3846772041 3.2850880852
1.3290000000 1.3003840981 2.3849803886 3.2857712288
1.3300000000 1.3012443657 2.3852835655 3.2864543953
1.3310000000 1.3021044121 2.3855867424 3.2871375923
1.3320000000 1.3029642143 2.3858899193 3.2878208046
1.3330000000 1.3038237801 2.3861930809 3.2885040474
1.3340000000 1.3046831017 2.3864962425 3.2891873131
1.3350000000 1.3055421715 2.3867993965 3.2898706017
1.3360000000 1.3064009895 2.3871025429 3.2905539131
1.3370000000 1.3072595558 2.3874056816 3.2912372475
1.3380000000 1.3081178551 2.3877088127 3.2919206123
1.3390000000 1.3089758949 2.3880119362 3.2926040001
1.3400000000 1.3098336601 2.3883150444 3.2932874107
1.3410000000 1.3106911583 2.3886181450 3.2939708519
1.3420000000 1.3115483742 2.3889212303 3.2946543083
1.3430000000 1.3124053078 2.3892243080 3.2953377953
1.3440000000 1.3132619514 2.3895273705 3.2960213051
1.3450000000 1.3141183052 2.3898304253 3.2967048454
1.3460000000 1.3149743690 2.3901334648 3.2973884010
1.3470000000 1.3158301277 2.3904364815 3.2980719872
1.3480000000 1.3166855736 2.3907394905 3.2987555962
1.3490000000 1.3175407143 2.3910424843 3.2994392281
1.3500000000 1.3183955421 2.3913454552 3.3001228905
1.3510000000 1.3192500496 2.3916484108 3.3008065758
1.3520000000 1.3201042290 2.3919513512 3.3014902840
1.3530000000 1.3209580803 2.3922542686 3.3021740150
1.3540000000 1.3218115883 2.3925571709 3.3028577766
1.3550000000 1.3226647606 2.3928600502 3.3035415611
1.3560000000 1.3235175896 2.3931629066 3.3042253685
1.3570000000 1.3243700676 2.3934657478 3.3049091988
1.3580000000 1.3252221794 2.3937685661 3.3055930595
1.3590000000 1.3260739326 2.3940713539 3.3062769432
1.3600000000 1.3269253197 2.3943741264 3.3069608574
1.3610000000 1.3277763329 2.3946768684 3.3076447868
1.3620000000 1.3286269646 2.3949795876 3.3083287468
1.3630000000 1.3294772072 2.3952822838 3.3090127296
1.3640000000 1.3303270607 2.3955849495 3.3096967430
1.3650000000 1.3311765175 2.3958875923 3.3103807793
1.3660000000 1.3320255623 2.3961902046 3.3110648384
1.3670000000 1.3328742027 2.3964927864 3.3117489281
1.3680000000 1.3337224236 2.3967953377 3.3124330406
1.3690000000 1.3345702248 2.3970978661 3.3131171761
1.3700000000 1.3354175911 2.3974003563 3.3138013344
1.3710000000 1.3362645226 2.3977028160 3.3144855232
1.3720000000 1.3371110039 2.3980052452 3.3151697426
1.3730000000 1.3379570351 2.3983076439 3.3158539772
1.3740000000 1.3388026161 2.3986100044 3.3165382423
1.3750000000 1.3396477242 2.3989123344 3.3172225380
1.3760000000 1.3404923592 2.3992146263 3.3179068489
1.3770000000 1.3413365135 2.3995168800 3.3185911980
1.3780000000 1.3421801796 2.3998190956 3.3192755623
1.3790000000 1.3430233498 2.4001212730 3.3199599571
1.3800000000 1.3438660164 2.4004234200 3.3206443748
1.3810000000 1.3447081718 2.4007255211 3.3213288231
1.3820000000 1.3455498085 2.4010275841 3.3220132942
1.3830000000 1.3463909111 2.4013296089 3.3226977959
1.3840000000 1.3472314720 2.4016315880 3.3233823204
1.3850000000 1.3480714912 2.4019335213 3.3240668678
1.3860000000 1.3489109535 2.4022354164 3.3247514458
1.3870000000 1.3497498512 2.4025372734 3.3254360466
1.3880000000 1.3505881691 2.4028390770 3.3261206779
1.3890000000 1.3514259148 2.4031408348 3.3268053322
1.3900000000 1.3522630577 2.4034425468 3.3274900169
1.3910000000 1.3530995979 2.4037442131 3.3281747246
1.3920000000 1.3539355202 2.4040458336 3.3288594551
1.3930000000 1.3547708244 2.4043474083 3.3295442162
1.3940000000 1.3556054878 2.4046489220 3.3302290077
1.3950000000 1.3564395027 2.4049503975 3.3309138222
1.3960000000 1.3572728691 2.4052518120 3.3315986671
1.3970000000 1.3581055565 2.4055531807 3.3322835350
1.3980000000 1.3589375725 2.4058544960 3.3329684258
1.3990000000 1.3597688866 2.4061557503 3.3336533470
1.4000000000 1.3605994987 2.4064569588 3.3343382988
1.4010000000 1.3614293938 2.4067581062 3.3350232735
1.4020000000 1.3622585564 2.4070592003 3.3357082787
1.4030000000 1.3630869713 2.4073602333 3.3363933067
1.4040000000 1.3639146309 2.4076612129 3.3370783653
1.4050000000 1.3647415199 2.4079621315 3.3377634468
1.4060000000 1.3655676231 2.4082629890 3.3384485588
1.4070000000 1.3663929176 2.4085637856 3.3391336937
1.4080000000 1.3672174034 2.4088645287 3.3398188591
1.4090000000 1.3680410500 2.4091652031 3.3405040550
1.4100000000 1.3688638496 2.4094658089 3.3411892738
1.4110000000 1.3696857872 2.4097663612 3.3418745232
1.4120000000 1.3705068398 2.4100668373 3.3425597954
1.4130000000 1.3713269920 2.4103672600 3.3432450981
1.4140000000 1.3721462288 2.4106676064 3.3439304314
1.4150000000 1.3729645271 2.4109678917 3.3446157875
1.4160000000 1.3737818642 2.4112681007 3.3453011742
1.4170000000 1.3745982323 2.4115682487 3.3459865913
1.4180000000 1.3754136086 2.4118683205 3.3466720314
1.4190000000 1.3762279549 2.4121683235 3.3473575020
1.4200000000 1.3770412712 2.4124682503 3.3480430031
1.4210000000 1.3778535194 2.4127681084 3.3487285271
1.4220000000 1.3786646843 2.4130678902 3.3494140816
1.4230000000 1.3794747429 2.4133675957 3.3500996666
1.4240000000 1.3802836647 2.4136672325 3.3507852745
1.4250000000 1.3810914268 2.4139667854 3.3514709206
1.4260000000 1.3818979988 2.4142662621 3.3521565819
1.4270000000 1.3827033501 2.4145656624 3.3528422813
1.4280000000 1.3835074654 2.4148649788 3.3535280037
1.4290000000 1.3843102989 2.4151642189 3.3542137566
1.4300000000 1.3851118279 2.4154633751 3.3548995399
1.4310000000 1.3859120140 2.4157624474 3.3555853539
1.4320000000 1.3867108269 2.4160614433 3.3562711906
1.4330000000 1.3875082283 2.4163603477 3.3569570580
1.4340000000 1.3883041878 2.4166591682 3.3576429558
1.4350000000 1.3890986595 2.4169579048 3.3583288841
1.4360000000 1.3898915977 2.4172565498 3.3590148430
1.4370000000 1.3906829796 2.4175551033 3.3597008247
1.4380000000 1.3914727364 2.4178535728 3.3603868370
1.4390000000 1.3922608376 2.4181519585 3.3610728798
1.4400000000 1.3930472221 2.4184502449 3.3617589531
1.4410000000 1.3938318520 2.4187484398 3.3624450569
1.4420000000 1.3946146660 2.4190465431 3.3631311913
1.4430000000 1.3953956032 2.4193445473 3.3638173485
1.4440000000 1.3961746025 2.4196424599 3.3645035439
1.4450000000 1.3969516029 2.4199402733 3.3651897621
1.4460000000 1.3977265358 2.4202379951 3.3658760109
1.4470000000 1.3984993324 2.4205356102 3.3665622902
1.4480000000 1.3992699089 2.4208331337 3.3672486000
1.4490000000 1.4000381813 2.4211305504 3.3679349403
1.4500000000 1.4008040733 2.4214278679 3.3686213112
1.4510000000 1.4015674858 2.4217250862 3.3693077126
1.4520000000 1.4023283119 2.4220221977 3.3699941444
1.4530000000 1.4030864525 2.4223192024 3.3706806068
1.4540000000 1.4038417931 2.4226161079 3.3713670921
1.4550000000 1.4045941887 2.4229128990 3.3720536156
1.4560000000 1.4053435249 2.4232095833 3.3727401695
1.4570000000 1.4060896416 2.4235061607 3.3734267540
1.4580000000 1.4068323784 2.4238026314 3.3741133614
1.4590000000 1.4075715523 2.4240989876 3.3748000069
1.4600000000 1.4083069725 2.4243952293 3.3754866829
1.4610000000 1.4090384178 2.4246913643 3.3761733894
1.4620000000 1.4097656441 2.4249873772 3.3768601265
1.4630000000 1.4104883766 2.4252832756 3.3775468941
1.4640000000 1.4112063179 2.4255790596 3.3782336922
1.4650000000 1.4119191017 2.4258747292 3.3789205208
1.4660000000 1.4126263466 2.4261702766 3.3796073799
1.4670000000 1.4133275642 2.4264657021 3.3802942772
1.4680000000 1.4140222130 2.4267610054 3.3809811974
1.4690000000 1.4147096443 2.4270561943 3.3816681557
1.4700000000 1.4153890648 2.4273512535 3.3823551445
1.4710000000 1.4160594749 2.4276461906 3.3830421638
1.4720000000 1.4167196388 2.4279409981 3.3837292137
1.4730000000 1.4173678932 2.4282356834 3.3844162941
1.4740000000 1.4180019417 2.4285302391 3.3851034126
1.4750000000 1.4186183891 2.4288246651 3.3857905540
1.4760000000 1.4192116051 2.4291189613 3.3864777336
1.4770000000 1.4197701683 2.4294131203 3.3871649437
1.4780000000 1.4202434654 2.4297071495 3.3878521919
1.4790000000 1.4207388191 2.4300010490 3.3885394630
1.4800000000 1.4213133049 2.4302948112 3.3892267723
1.4810000000 1.4219274788 2.4305884361 3.3899141121
1.4820000000 1.4225702324 2.4308819237 3.3906014824
1.4830000000 1.4232358131 2.4311752739 3.3912888908
1.4840000000 1.4239206276 2.4314684868 3.3919763298
1.4850000000 1.4246221733 2.4317615547 3.3926637993
1.4860000000 1.4253386192 2.4320544777 3.3933513069
1.4870000000 1.4260685158 2.4323472633 3.3940388451
1.4880000000 1.4268107262 2.4326398964 3.3947264137
1.4890000000 1.4275642967 2.4329323921 3.3954140129
1.4900000000 1.4283284340 2.4332247353 3.3961016502
1.4910000000 1.4291024590 2.4335169258 3.3967893181
1.4920000000 1.4298857765 2.4338089714 3.3974770241
1.4930000000 1.4306778755 2.4341008644 3.3981647606
1.4940000000 1.4314783058 2.4343926125 3.3988525352
1.4950000000 1.4322866478 2.4346842003 3.3995403404
1.4960000000 1.4331025429 2.4349756279 3.4002281761
1.4970000000 1.4339256477 2.4352669029 3.4009160500
1.4980000000 1.4347556725 2.4355580254 3.4016039543
1.4990000000 1.4355923424 2.4358489876 3.4022918968
1.5000000000 1.4364353905 2.4361397820 3.4029798698
1.5010000000 1.4372845955 2.4364304237 3.4036678734
1.5020000000 1.4381397362 2.4367208977 3.4043559227
1.5030000000 1.4390006065 2.4370112114 3.4050439949
1.5040000000 1.4398670311 2.4373013573 3.4057321053
1.5050000000 1.4407388191 2.4375913353 3.4064202538
1.5060000000 1.4416158180 2.4378811455 3.4071084328
1.5070000000 1.4424978676 2.4381707878 3.4077966499
1.5080000000 1.4433848305 2.4384602547 3.4084849052
1.5090000000 1.4442765617 2.4387495537 3.4091731911
1.5100000000 1.4451729317 2.4390386772 3.4098615074
1.5110000000 1.4460738258 2.4393276329 3.4105498619
1.5120000000 1.4469791298 2.4396164055 3.4112382545
1.5130000000 1.4478887291 2.4399049950 3.4119266853
1.5140000000 1.4488025169 2.4401934166 3.4126151466
1.5150000000 1.4497204018 2.4404816475 3.4133036461
1.5160000000 1.4506422844 2.4407697029 3.4139921761
1.5170000000 1.4515680733 2.4410575752 3.4146807442
1.5180000000 1.4524976921 2.4413452568 3.4153693504
1.5190000000 1.4534310417 2.4416327553 3.4160579872
1.5200000000 1.4543680611 2.4419200706 3.4167466698
1.5210000000 1.4553086662 2.4422071877 3.4174353828
1.5220000000 1.4562527885 2.4424941216 3.4181241264
1.5230000000 1.4572003593 2.4427808571 3.4188129158
1.5240000000 1.4581513100 2.4430674019 3.4195017357
1.5250000000 1.4591055794 2.4433537560 3.4201905937
1.5260000000 1.4600630989 2.4436399040 3.4208794899
1.5270000000 1.4610238228 2.4439258614 3.4215684242
1.5280000000 1.4619876823 2.4442116203 3.4222573891
1.5290000000 1.4629546318 2.4444971733 3.4229463921
1.5300000000 1.4639246178 2.4447825279 3.4236354408
1.5310000000 1.4648975868 2.4450676765 3.4243245201
1.5320000000 1.4658734856 2.4453526192 3.4250136299
1.5330000000 1.4668522758 2.4456373482 3.4257027855
1.5340000000 1.4678339119 2.4459218788 3.4263919792
1.5350000000 1.4688183479 2.4462061958 3.4270812111
1.5360000000 1.4698055382 2.4464902992 3.4277704735
1.5370000000 1.4707954445 2.4467741890 3.4284597740
1.5380000000 1.4717880287 2.4470578651 3.4291491203
1.5390000000 1.4727832451 2.4473413277 3.4298384972
1.5400000000 1.4737810707 2.4476245689 3.4305279198
1.5410000000 1.4747814598 2.4479075890 3.4312173729
1.5420000000 1.4757843819 2.4481903877 3.4319068642
1.5430000000 1.4767897987 2.4484729652 3.4325964012
1.5440000000 1.4777976875 2.4487553215 3.4332859688
1.5450000000 1.4788080025 2.4490374489 3.4339755821
1.5460000000 1.4798207283 2.4493193474 3.4346652260
1.5470000000 1.4808358192 2.4496010170 3.4353549156
1.5480000000 1.4818532600 2.4498824501 3.4360446358
1.5490000000 1.4828730125 2.4501636620 3.4367344017
1.5500000000 1.4838950615 2.4504446297 3.4374242058
1.5510000000 1.4849193687 2.4507253609 3.4381140480
1.5520000000 1.4859459190 2.4510058632 3.4388039284
1.5530000000 1.4869746819 2.4512861214 3.4394938545
1.5540000000 1.4880056343 2.4515661354 3.4401838112
1.5550000000 1.4890387535 2.4518459053 3.4408738136
1.5560000000 1.4900740089 2.4521254387 3.4415638542
1.5570000000 1.4911113930 2.4524047203 3.4422539330
1.5580000000 1.4921508751 2.4526837502 3.4429440498
1.5590000000 1.4931924324 2.4529625359 3.4436342125
1.5600000000 1.4942360573 2.4532410698 3.4443244057
1.5610000000 1.4952817116 2.4535193443 3.4450146446
1.5620000000 1.4963293953 2.4537973671 3.4457049294
1.5630000000 1.4973790779 2.4540751381 3.4463952446
1.5640000000 1.4984307365 2.4543526421 3.4470856056
1.5650000000 1.4994843712 2.4546298866 3.4477760124
1.5660000000 1.5005399437 2.4549068718 3.4484664497
1.5670000000 1.5015974541 2.4551835899 3.4491569328
1.5680000000 1.5026568794 2.4554600487 3.4498474541
1.5690000000 1.5037182045 2.4557362328 3.4505380211
1.5700000000 1.5047814140 2.4560121498 3.4512286263
1.5710000000 1.5058464928 2.4562877922 3.4519192772
1.5720000000 1.5069134254 2.4565631599 3.4526099663
1.5730000000 1.5079822044 2.4568382607 3.4533006935
1.5740000000 1.5090527992 2.4571130791 3.4539914665
1.5750000000 1.5101252174 2.4573876152 3.4546822777
1.5760000000 1.5111994286 2.4576618690 3.4553731346
1.5770000000 1.5122754326 2.4579358482 3.4560640297
1.5780000000 1.5133532066 2.4582095375 3.4567549706
1.5790000000 1.5144327431 2.4584829369 3.4574459496
1.5800000000 1.5155140343 2.4587560463 3.4581369743
1.5810000000 1.5165970650 2.4590288734 3.4588280373
1.5820000000 1.5176818199 2.4593014030 3.4595191460
1.5830000000 1.5187682915 2.4595736351 3.4602103004
1.5840000000 1.5198564720 2.4598455696 3.4609014931
1.5850000000 1.5209463539 2.4601172142 3.4615927315
1.5860000000 1.5220379143 2.4603885460 3.4622840080
1.5870000000 1.5231311531 2.4606595879 3.4629753304
1.5880000000 1.5242260628 2.4609303169 3.4636666985
1.5890000000 1.5253226280 2.4612007332 3.4643581047
1.5900000000 1.5264208412 2.4614708519 3.4650495567
1.5910000000 1.5275206947 2.4617406502 3.4657410545
1.5920000000 1.5286221733 2.4620101433 3.4664325905
1.5930000000 1.5297252769 2.4622793159 3.4671241722
1.5940000000 1.5308299980 2.4625481758 3.4678157997
1.5950000000 1.5319363289 2.4628167076 3.4685074730
1.5960000000 1.5330442543 2.4630849266 3.4691991844
1.5970000000 1.5341537666 2.4633528175 3.4698909492
1.5980000000 1.5352648735 2.4636203804 3.4705827522
1.5990000000 1.5363775520 2.4638876152 3.4712745934
1.6000000000 1.5374917946 2.4641545219 3.4719664879
1.6010000000 1.5386076088 2.4644210930 3.4726584282
1.6020000000 1.5397249718 2.4646873360 3.4733504066
1.6030000000 1.5408438911 2.4649532356 3.4740424309
1.6040000000 1.5419643517 2.4652187996 3.4747345085
1.6050000000 1.5430863533 2.4654840202 3.4754266243
1.6060000000 1.5442098885 2.4657488976 3.4761187859
1.6070000000 1.5453349419 2.4660134239 3.4768109932
1.6080000000 1.5464615288 2.4662776070 3.4775032387
1.6090000000 1.5475896187 2.4665414391 3.4781955376
1.6100000000 1.5487192268 2.4668049202 3.4788878822
1.6110000000 1.5498503380 2.4670680428 3.4795802727
1.6120000000 1.5509829445 2.4673308144 3.4802727089
1.6130000000 1.5521170540 2.4675932198 3.4809651909
1.6140000000 1.5532526512 2.4678552589 3.4816577187
1.6150000000 1.5543897362 2.4681169395 3.4823502922
1.6160000000 1.5555283012 2.4683782539 3.4830429115
1.6170000000 1.5566683464 2.4686391945 3.4837355766
1.6180000000 1.5578098640 2.4688997688 3.4844282951
1.6190000000 1.5589528542 2.4691599617 3.4851210518
1.6200000000 1.5600973091 2.4694197807 3.4858138618
1.6210000000 1.5612432289 2.4696792259 3.4865067101
1.6220000000 1.5623905983 2.4699382820 3.4871996117
1.6230000000 1.5635394325 2.4701969566 3.4878925667
1.6240000000 1.5646897163 2.4704552422 3.4885855598
1.6250000000 1.5658414497 2.4707131462 3.4892785988
1.6260000000 1.5669946251 2.4709706535 3.4899716911
1.6270000000 1.5681492424 2.4712277641 3.4906648293
1.6280000000 1.5693053093 2.4714844780 3.4913580208
1.6290000000 1.5704628029 2.4717407951 3.4920512505
1.6300000000 1.5716217384 2.4719967079 3.4927445335
1.6310000000 1.5727821007 2.4722522163 3.4934378624
1.6320000000 1.5739438896 2.4725073204 3.4941312447
1.6330000000 1.5751071129 2.4727620125 3.4948246727
1.6340000000 1.5762717552 2.4730162926 3.4955181465
1.6350000000 1.5774378242 2.4732701530 3.4962116737
1.6360000000 1.5786053123 2.4735236015 3.4969052467
1.6370000000 1.5797742271 2.4737766304 3.4975988655
1.6380000000 1.5809445457 2.4740292320 3.4982925377
1.6390000000 1.5821162910 2.4742814064 3.4989862556
1.6400000000 1.5832894402 2.4745331535 3.4996800270
1.6410000000 1.5844640083 2.4747844734 3.5003738441
1.6420000000 1.5856399803 2.4750353508 3.5010677147
1.6430000000 1.5868173637 2.4752857933 3.5017616386
1.6440000000 1.5879961586 2.4755358009 3.5024556007
1.6450000000 1.5891763573 2.4757853584 3.5031496239
1.6460000000 1.5903579597 2.4760344734 3.5038436928
1.6470000000 1.5915409660 2.4762831459 3.5045378075
1.6480000000 1.5927253761 2.4765313606 3.5052319756
1.6490000000 1.5939111900 2.4767791176 3.5059261971
1.6500000000 1.5950984077 2.4770264244 3.5066204643
1.6510000000 1.5962870216 2.4772732658 3.5073147850
1.6520000000 1.5974770393 2.4775196419 3.5080091591
1.6530000000 1.5986684608 2.4777655601 3.5087035789
1.6540000000 1.5998612709 2.4780110054 3.5093980522
1.6550000000 1.6010554848 2.4782559700 3.5100925789
1.6560000000 1.6022511024 2.4785004692 3.5107871513
1.6570000000 1.6034481087 2.4787444878 3.5114817772
1.6580000000 1.6046465187 2.4789880257 3.5121764565
1.6590000000 1.6058463249 2.4792310753 3.5128711891
1.6600000000 1.6070475273 2.4794736443 3.5135659676
1.6610000000 1.6082501259 2.4797157173 3.5142607994
1.6620000000 1.6094541283 2.4799572945 3.5149556923
1.6630000000 1.6106595268 2.4801983757 3.5156506233
1.6640000000 1.6118663216 2.4804389610 3.5163456154
1.6650000000 1.6130745125 2.4806790352 3.5170406609
1.6660000000 1.6142841072 2.4809186134 3.5177357521
1.6670000000 1.6154950981 2.4811576729 3.5184309044
1.6680000000 1.6167074928 2.4813962212 3.5191261024
1.6690000000 1.6179212837 2.4816342506 3.5198213615
1.6700000000 1.6191364784 2.4818717613 3.5205166664
1.6710000000 1.6203530769 2.4821087532 3.5212120247
1.6720000000 1.6215710716 2.4823452110 3.5219074364
1.6730000000 1.6227904701 2.4825811424 3.5226029091
1.6740000000 1.6240112801 2.4828165398 3.5232984276
1.6750000000 1.6252334862 2.4830514030 3.5239939995
1.6760000000 1.6264571037 2.4832857246 3.5246896324
1.6770000000 1.6276821251 2.4835194969 3.5253853111
1.6780000000 1.6289085579 2.4837527275 3.5260810432
1.6790000000 1.6301364021 2.4839854088 3.5267768364
1.6800000000 1.6313656502 2.4842175331 3.5274726830
1.6810000000 1.6325963173 2.4844491005 3.5281685829
1.6820000000 1.6338283958 2.4846801033 3.5288645363
1.6830000000 1.6350618858 2.4849105415 3.5295605431
1.6840000000 1.6362967949 2.4851404076 3.5302566109
1.6850000000 1.6375331230 2.4853697090 3.5309527245
1.6860000000 1.6387708702 2.4855984306 3.5316488991
1.6870000000 1.6400100365 2.4858265648 3.5323451271
1.6880000000 1.6412506218 2.4860541267 3.5330414162
1.6890000000 1.6424926414 2.4862810936 3.5337377510
1.6900000000 1.6437360802 2.4865074730 3.5344341469
1.6910000000 1.6449809532 2.4867332573 3.5351306038
1.6920000000 1.6462272530 2.4869584389 3.5358271065
1.6930000000 1.6474749870 2.4871830177 3.5365236702
1.6940000000 1.6487241554 2.4874069939 3.5372202950
1.6950000000 1.6499747581 2.4876303596 3.5379169655
1.6960000000 1.6512268028 2.4878531075 3.5386136971
1.6970000000 1.6524802895 2.4880752373 3.5393104897
1.6980000000 1.6537352180 2.4882967415 3.5400073357
1.6990000000 1.6549915962 2.4885176201 3.5407042351
1.7000000000 1.6562494164 2.4887378731 3.5414011955
1.7010000000 1.6575086937 2.4889574852 3.5420982170
1.7020000000 1.6587694206 2.4891764641 3.5427952919
1.7030000000 1.6600315971 2.4893947945 3.5434924202
1.7040000000 1.6612952385 2.4896124763 3.5441896095
1.7050000000 1.6625603447 2.4898295097 3.5448868523
1.7060000000 1.6638269081 2.4900458870 3.5455841637
1.7070000000 1.6650949440 2.4902616081 3.5462815208
1.7080000000 1.6663644447 2.4904766579 3.5469789467
1.7090000000 1.6676354179 2.4906910439 3.5476764259
1.7100000000 1.6689078712 2.4909047508 3.5483739586
1.7110000000 1.6701818047 2.4911177864 3.5490715523
1.7120000000 1.6714572105 2.4913301353 3.5497692070
1.7130000000 1.6727341042 2.4915417976 3.5504669228
1.7140000000 1.6740124931 2.4917527733 3.5511646919
1.7150000000 1.6752923698 2.4919630470 3.5518625221
1.7160000000 1.6765737343 2.4921726265 3.5525604134
1.7170000000 1.6778566017 2.4923814964 3.5532583656
1.7180000000 1.6791409721 2.4925896568 3.5539563713
1.7190000000 1.6804268456 2.4927971077 3.5546544380
1.7200000000 1.6817142296 2.4930038414 3.5553525658
1.7210000000 1.6830031166 2.4932098427 3.5560507545
1.7220000000 1.6842935295 2.4934151192 3.5567490044
1.7230000000 1.6855854607 2.4936196709 3.5574473152
1.7240000000 1.6868789101 2.4938234749 3.5581456795
1.7250000000 1.6881738853 2.4940265388 3.5588441048
1.7260000000 1.6894703941 2.4942288551 3.5595425987
1.7270000000 1.6907684364 2.4944304161 3.5602411461
1.7280000000 1.6920680199 2.4946312218 3.5609397545
1.7290000000 1.6933691444 2.4948312645 3.5616384315
1.7300000000 1.6946718178 2.4950305367 3.5623371620
1.7310000000 1.6959760399 2.4952290382 3.5630359535
1.7320000000 1.6972818108 2.4954267616 3.5637348061
1.7330000000 1.6985891533 2.4956237068 3.5644337273
1.7340000000 1.6998980522 2.4958198586 3.5651327019
1.7350000000 1.7012085152 2.4960152168 3.5658317451
1.7360000000 1.7025205574 2.4962097740 3.5665308418
1.7370000000 1.7038341713 2.4964035225 3.5672300072
1.7380000000 1.7051493721 2.4965964699 3.5679292336
1.7390000000 1.7064661598 2.4967885933 3.5686285210
1.7400000000 1.7077845345 2.4969799004 3.5693278694
1.7410000000 1.7091045036 2.4971703835 3.5700272865
1.7420000000 1.7104260750 2.4973600349 3.5707267647
1.7430000000 1.7117492485 2.4975488472 3.5714263039
1.7440000000 1.7130740395 2.4977368126 3.5721259041
1.7450000000 1.7144004402 2.4979239311 3.5728255653
1.7460000000 1.7157284584 2.4981101952 3.5735252953
1.7470000000 1.7170581093 2.4982955971 3.5742250862
1.7480000000 1.7183893852 2.4984801369 3.5749249382
1.7490000000 1.7197222939 2.4986637993 3.5756248589
1.7500000000 1.7210568504 2.4988465843 3.5763248405
1.7510000000 1.7223930473 2.4990284843 3.5770248909
1.7520000000 1.7237308998 2.4992094917 3.5777250023
1.7530000000 1.7250704079 2.4993896065 3.5784251747
1.7540000000 1.7264115791 2.4995688210 3.5791254158
1.7550000000 1.7277544136 2.4997471275 3.5798257179
1.7560000000 1.7290989265 2.4999245110 3.5805260887
1.7570000000 1.7304451180 2.5001009789 3.5812265205
1.7580000000 1.7317929955 2.5002765160 3.5819270134
1.7590000000 1.7331425667 2.5004511223 3.5826275825
1.7600000000 1.7344938316 2.5006247826 3.5833282051
1.7610000000 1.7358467979 2.5007975044 3.5840289040
1.7620000000 1.7372014809 2.5009692650 3.5847296638
1.7630000000 1.7385578728 2.5011400642 3.5854304848
1.7640000000 1.7399159889 2.5013099022 3.5861313744
1.7650000000 1.7412758293 2.5014787636 3.5868323326
1.7660000000 1.7426374092 2.5016466484 3.5875333595
1.7670000000 1.7440007210 2.5018135414 3.5882344475
1.7680000000 1.7453657875 2.5019794350 3.5889356041
1.7690000000 1.7467326088 2.5021443367 3.5896368217
1.7700000000 1.7481011848 2.5023082237 3.5903381157
1.7710000000 1.7494715309 2.5024710960 3.5910394707
1.7720000000 1.7508436546 2.5026329460 3.5917408867
1.7730000000 1.7522175484 2.5027937660 3.5924423790
1.7740000000 1.7535932426 2.5029535561 3.5931439400
1.7750000000 1.7549707222 2.5031122932 3.5938455620
1.7760000000 1.7563500099 2.5032699776 3.5945472527
1.7770000000 1.7577310982 2.5034266090 3.5952490120
1.7780000000 1.7591140099 2.5035821648 3.5959508400
1.7790000000 1.7604987373 2.5037366524 3.5966527290
1.7800000000 1.7618853035 2.5038900566 3.5973546944
1.7810000000 1.7632737083 2.5040423622 3.5980567284
1.7820000000 1.7646639519 2.5041935768 3.5987588234
1.7830000000 1.7660560493 2.5043436851 3.5994609947
1.7840000000 1.7674500160 2.5044926796 3.6001632347
1.7850000000 1.7688458443 2.5046405525 3.6008655357
1.7860000000 1.7702435493 2.5047872963 3.6015679131
1.7870000000 1.7716431465 2.5049329033 3.6022703514
1.7880000000 1.7730446281 2.5050773582 3.6029728661
1.7890000000 1.7744480171 2.5052206612 3.6036754494
1.7900000000 1.7758533134 2.5053627968 3.6043781013
1.7910000000 1.7772605247 2.5055037651 3.6050808220
1.7920000000 1.7786696663 2.5056435509 3.6057836113
1.7930000000 1.7800807381 2.5057821465 3.6064864769
1.7940000000 1.7814937553 2.5059195442 3.6071894035
1.7950000000 1.7829087257 2.5060557289 3.6078924065
1.7960000000 1.7843256569 2.5061907082 3.6085954781
1.7970000000 1.7857445564 2.5063244591 3.6092986259
1.7980000000 1.7871654320 2.5064569740 3.6100018349
1.7990000000 1.7885882988 2.5065882454 3.6107051201
1.8000000000 1.7900131569 2.5067182655 3.6114084740
1.8010000000 1.7914400215 2.5068470192 3.6121118965
1.8020000000 1.7928689079 2.5069745064 3.6128153954
1.8030000000 1.7942998161 2.5071007118 3.6135189629
1.8040000000 1.7957327614 2.5072256279 3.6142226067
1.8050000000 1.7971677437 2.5073492393 3.6149263191
1.8060000000 1.7986047859 2.5074715385 3.6156301002
1.8070000000 1.8000438881 2.5075925255 3.6163339577
1.8080000000 1.8014850731 2.5077121773 3.6170378838
1.8090000000 1.8029283333 2.5078304863 3.6177418861
1.8100000000 1.8043736916 2.5079474525 3.6184459572
1.8110000000 1.8058211479 2.5080630455 3.6191501045
1.8120000000 1.8072707253 2.5081772804 3.6198543205
1.8130000000 1.8087224312 2.5082901192 3.6205586128
1.8140000000 1.8101762657 2.5084015770 3.6212629738
1.8150000000 1.8116322517 2.5085116234 3.6219674110
1.8160000000 1.8130903969 2.5086202583 3.6226719246
1.8170000000 1.8145507088 2.5087274666 3.6233765068
1.8180000000 1.8160132027 2.5088332329 3.6240811653
1.8190000000 1.8174778862 2.5089375572 3.6247859001
1.8200000000 1.8189447746 2.5090404167 3.6254907036
1.8210000000 1.8204138756 2.5091418114 3.6261955833
1.8220000000 1.8218852043 2.5092417183 3.6269005318
1.8230000000 1.8233587685 2.5093401299 3.6276055641
1.8240000000 1.8248345833 2.5094370384 3.6283106651
1.8250000000 1.8263126640 2.5095324287 3.6290158424
1.8260000000 1.8277930183 2.5096262856 3.6297210960
1.8270000000 1.8292756538 2.5097186012 3.6304264183
1.8280000000 1.8307605934 2.5098093605 3.6311318245
1.8290000000 1.8322478447 2.5098985558 3.6318372993
1.8300000000 1.8337374229 2.5099861641 3.6325428505
1.8310000000 1.8352293358 2.5100721779 3.6332484779
1.8320000000 1.8367235985 2.5101565895 3.6339541817
1.8330000000 1.8382202263 2.5102393837 3.6346599617
1.8340000000 1.8397192345 2.5103205376 3.6353658180
1.8350000000 1.8412206306 2.5104000511 3.6360717506
1.8360000000 1.8427244377 2.5104779015 3.6367777596
1.8370000000 1.8442306557 2.5105540810 3.6374838448
1.8380000000 1.8457393074 2.5106285667 3.6381900063
1.8390000000 1.8472504082 2.5107013588 3.6388962364
1.8400000000 1.8487639732 2.5107724266 3.6396025581
1.8410000000 1.8502800102 2.5108417702 3.6403089485
1.8420000000 1.8517985420 2.5109093666 3.6410154152
1.8430000000 1.8533195763 2.5109752007 3.6417219582
1.8440000000 1.8548431282 2.5110392647 3.6424285851
1.8450000000 1.8563692207 2.5111015358 3.6431352882
1.8460000000 1.8578978615 2.5111619987 3.6438420677
1.8470000000 1.8594290733 2.5112206459 3.6445489235
1.8480000000 1.8609628639 2.5112774544 3.6452558556
1.8490000000 1.8624992561 2.5113324165 3.6459628716
1.8500000000 1.8640382652 2.5113855019 3.6466699638
1.8510000000 1.8655799065 2.5114367104 3.6473771324
1.8520000000 1.8671241951 2.5114860115 3.6480843849
1.8530000000 1.8686711464 2.5115333977 3.6487917137
1.8540000000 1.8702207832 2.5115788536 3.6494991188
1.8550000000 1.8717731209 2.5116223564 3.6502066002
1.8560000000 1.8733281670 2.5116638908 3.6509141731
1.8570000000 1.8748859596 2.5117034340 3.6516218147
1.8580000000 1.8764464989 2.5117409782 3.6523295403
1.8590000000 1.8780098152 2.5117765007 3.6530373421
1.8600000000 1.8795759163 2.5118099785 3.6537452278
1.8610000000 1.8811448250 2.5118414040 3.6544531898
1.8620000000 1.8827165642 2.5118707466 3.6551612358
1.8630000000 1.8842911491 2.5118979988 3.6558693581
1.8640000000 1.8858685951 2.5119231377 3.6565775642
1.8650000000 1.8874489326 2.5119461327 3.6572858543
1.8660000000 1.8890321770 2.5119669838 3.6579942207
1.8670000000 1.8906183434 2.5119856529 3.6587026711
1.8680000000 1.8922074623 2.5120021324 3.6594111977
1.8690000000 1.8937995415 2.5120163994 3.6601198082
1.8700000000 1.8953946114 2.5120284309 3.6608284950
1.8710000000 1.8969926872 2.5120381966 3.6615372734
1.8720000000 1.8985937996 2.5120456963 3.6622461281
1.8730000000 1.9001979637 2.5120508919 3.6629550667
1.8740000000 1.9018052025 2.5120537605 3.6636640816
1.8750000000 1.9034155388 2.5120542946 3.6643731880
1.8760000000 1.9050289955 2.5120524559 3.6650823708
1.8770000000 1.9066455956 2.5120482368 3.6657916374
1.8780000000 1.9082653694 2.5120415993 3.6665009804
1.8790000000 1.9098883324 2.5120325279 3.6672104149
1.8800000000 1.9115145073 2.5120209999 3.6679199333
1.8810000000 1.9131439247 2.5120069847 3.6686295280
1.8820000000 1.9147766075 2.5119904594 3.6693392067
1.8830000000 1.9164125786 2.5119714088 3.6700489769
1.8840000000 1.9180518684 2.5119497948 3.6707588234
1.8850000000 1.9196945000 2.5119255943 3.6714687538
1.8860000000 1.9213404961 2.5118987923 3.6721787682
1.8870000000 1.9229898949 2.5118693504 3.6728888741
1.8880000000 1.9246427116 2.5118372459 3.6735990562
1.8890000000 1.9262989769 2.5118024483 3.6743093224
1.8900000000 1.9279587288 2.5117649345 3.6750196800
1.8910000000 1.9296219749 2.5117246742 3.6757301140
1.8920000000 1.9312887688 2.5116816368 3.6764406395
1.8930000000 1.9329591179 2.5116357994 3.6771512413
1.8940000000 1.9346330681 2.5115871315 3.6778619347
1.8950000000 1.9363106422 2.5115356026 3.6785727196
1.8960000000 1.9379918709 2.5114811745 3.6792835808
1.8970000000 1.9396767921 2.5114238243 3.6799945259
1.8980000000 1.9413654213 2.5113635216 3.6807055626
1.8990000000 1.9430578117 2.5113002281 3.6814166832
1.9000000000 1.9447539864 2.5112339211 3.6821278954
1.9010000000 1.9464539757 2.5111645622 3.6828391838
1.9020000000 1.9481578102 2.5110921135 3.6835505638
1.9030000000 1.9498655357 2.5110165443 3.6842620354
1.9040000000 1.9515771828 2.5109378242 3.6849735832
1.9050000000 1.9532927895 2.5108559151 3.6856852226
1.9060000000 1.9550123787 2.5107707787 3.6863969536
1.9070000000 1.9567360039 2.5106823845 3.6871087685
1.9080000000 1.9584636955 2.5105906944 3.6878206673
1.9090000000 1.9601954918 2.5104956627 3.6885326576
1.9100000000 1.9619314308 2.5103972588 3.6892447319
1.9110000000 1.9636715584 2.5102954445 3.6899568977
1.9120000000 1.9654159050 2.5101901741 3.6906691475
1.9130000000 1.9671645164 2.5100814171 3.6913814888
1.9140000000 1.9689174309 2.5099691200 3.6920939217
1.9150000000 1.9706746941 2.5098532524 3.6928064384
1.9160000000 1.9724363441 2.5097337685 3.6935190468
1.9170000000 1.9742024345 2.5096106148 3.6942317390
1.9180000000 1.9759730034 2.5094837608 3.6949445229
1.9190000000 1.9777480965 2.5093531609 3.6956573982
1.9200000000 1.9795277672 2.5092187614 3.6963703575
1.9210000000 1.9813120461 2.5090805168 3.6970834084
1.9220000000 1.9831010017 2.5089383812 3.6977965508
1.9230000000 1.9848946648 2.5087923088 3.6985097847
1.9240000000 1.9866930962 2.5086422462 3.6992231026
1.9250000000 1.9884963493 2.5084881477 3.6999365120
1.9260000000 1.9903044624 2.5083299599 3.7006500130
1.9270000000 1.9921175041 2.5081676292 3.7013636055
1.9280000000 1.9939355202 2.5080011024 3.7020772896
1.9290000000 1.9957585640 2.5078303185 3.7027910576
1.9300000000 1.9975866966 2.5076552391 3.7035049248
1.9310000000 1.9994199715 2.5074757881 3.7042188759
1.9320000000 2.0012584496 2.5072919197 3.7049329262
1.9330000000 2.0031021919 2.5071035728 3.7056470604
1.9340000000 2.0049512520 2.5069106865 3.7063612862
1.9350000000 2.0068057060 2.5067131920 3.7070756111
1.9360000000 2.0086656075 2.5065110435 3.7077900200
1.9370000000 2.0105310249 2.5063041573 3.7085045280
1.9380000000 2.0124020195 2.5060924797 3.7092191200
1.9390000000 2.0142786598 2.5058759346 3.7099338112
1.9400000000 2.0161610222 2.5056544609 3.7106485939
1.9410000000 2.0180491753 2.5054279900 3.7113634605
1.9420000000 2.0199431877 2.5051964378 3.7120784340
1.9430000000 2.0218431358 2.5049597435 3.7127934914
1.9440000000 2.0237490959 2.5047178307 3.7135086403
1.9450000000 2.0256611443 2.5044706154 3.7142238884
1.9460000000 2.0275793648 2.5042180214 3.7149392281
1.9470000000 2.0295038338 2.5039599724 3.7156546593
1.9480000000 2.0314346275 2.5036963768 3.7163701820
1.9490000000 2.0333718452 2.5034271660 3.7170858040
1.9500000000 2.0353155708 2.5031522331 3.7178015175
1.9510000000 2.0372658882 2.5028715096 3.7185173302
1.9520000000 2.0392228889 2.5025848885 3.7192332268
1.9530000000 2.0411866798 2.5022922783 3.7199492302
1.9540000000 2.0431573372 2.5019935951 3.7206653175
1.9550000000 2.0451349754 2.5016887321 3.7213815041
1.9560000000 2.0471196861 2.5013775902 3.7220977898
1.9570000000 2.0491115761 2.5010600700 3.7228141670
1.9580000000 2.0511107597 2.5007360573 3.7235306358
1.9590000000 2.0531173286 2.5004054451 3.7242472038
1.9600000000 2.0551314201 2.5000681267 3.7249638710
1.9610000000 2.0571531258 2.4997239876 3.7256806297
1.9620000000 2.0591825829 2.4993728981 3.7263974876
1.9630000000 2.0612198982 2.4990147514 3.7271144371
1.9640000000 2.0632652092 2.4986494179 3.7278314857
1.9650000000 2.0653186378 2.4982767677 3.7285486336
1.9660000000 2.0673803139 2.4978966713 3.7292658730
1.9670000000 2.0694503822 2.4975089912 3.7299832115
1.9680000000 2.0715289879 2.4971135826 3.7307006493
1.9690000000 2.0736162605 2.4967103157 3.7314181786
1.9700000000 2.0757123604 2.4962990227 3.7321358070
1.9710000000 2.0778174400 2.4958795586 3.7328535347
1.9720000000 2.0799316521 2.4954517708 3.7335713615
1.9730000000 2.0820551643 2.4950154915 3.7342892799
1.9740000000 2.0841881447 2.4945705605 3.7350073051
1.9750000000 2.0863307762 2.4941167870 3.7357254219
1.9760000000 2.0884832268 2.4936540031 3.7364436378
1.9770000000 2.0906456871 2.4931820259 3.7371619530
1.9780000000 2.0928183479 2.4927006569 3.7378803749
1.9790000000 2.0950014153 2.4922097054 3.7385988808
1.9800000000 2.0971950874 2.4917089577 3.7393174934
1.9810000000 2.0993995781 2.4911982079 3.7400362053
1.9820000000 2.1016151085 2.4906772346 3.7407550163
1.9830000000 2.1038419075 2.4901458092 3.7414739265
1.9840000000 2.1060802116 2.4896036949 3.7421929359
1.9850000000 2.1083302650 2.4890506477 3.7429120522
1.9860000000 2.1105923347 2.4884864159 3.7436312599
1.9870000000 2.1128666649 2.4879107323 3.7443505669
1.9880000000 2.1151535530 2.4873233223 3.7450699806
1.9890000000 2.1174532661 2.4867239037 3.7457894859
1.9900000000 2.1197661095 2.4861121712 3.7465090981
1.9910000000 2.1220923958 2.4854878273 3.7472288170
1.9920000000 2.1244324532 2.4848505440 3.7479486275
1.9930000000 2.1267866020 2.4841999855 3.7486685371
1.9940000000 2.1291552010 2.4835358009 3.7493885536
1.9950000000 2.1315386238 2.4828576241 3.7501086769
1.9960000000 2.1339372444 2.4821650734 3.7508288918
1.9970000000 2.1363514595 2.4814577522 3.7515492134
1.9980000000 2.1387817039 2.4807352486 3.7522696342
1.9990000000 2.1412283974 2.4799971046 3.7529901619
2.0000000000 2.1436920128 2.4792428780 3.7537107887
2.0010000000 2.1461730309 2.4784720879 3.7544315147
2.0020000000 2.1486719551 2.4776842155 3.7551523476
2.0030000000 2.1511893196 2.4768787422 3.7558732872
2.0040000000 2.1537256889 2.4760551033 3.7565943260
2.0050000000 2.1562816429 2.4752127037 3.7573154640
2.0060000000 2.1588578148 2.4743509254 3.7580367088
2.0070000000 2.1614548531 2.4734691200 3.7587580605
2.0080000000 2.1640734673 2.4725665779 3.7594795113
2.0090000000 2.1667143745 2.4716425743 3.7602010689
2.0100000000 2.1693783760 2.4706963234 3.7609227257
2.0110000000 2.1720662804 2.4697270088 3.7616444893
2.0120000000 2.1747789803 2.4687337379 3.7623663597
2.0130000000 2.1775174065 2.4677155800 3.7630883293
2.0140000000 2.1802825661 2.4666715431 3.7638104057
2.0150000000 2.1830755196 2.4656005516 3.7645325890
2.0160000000 2.1858974113 2.4645014610 3.7652548790
2.0170000000 2.1887494621 2.4633730583 3.7659772682
2.0180000000 2.1916329994 2.4622140160 3.7666997719
2.0190000000 2.1945494347 2.4610229301 3.7674223747
2.0200000000 2.1975002937 2.4597982597 3.7681450844
2.0210000000 2.2004872398 2.4585383568 3.7688679008
2.0220000000 2.2035120583 2.4572414284 3.7695908165
2.0230000000 2.2065767021 2.4559055290 3.7703138466
2.0240000000 2.2096833076 2.4545285149 3.7710369835
2.0250000000 2.2128341942 2.4531080742 3.7717602196
2.0260000000 2.2160319252 2.4516416435 3.7724835701
2.0270000000 2.2192793236 2.4501264076 3.7732070198
2.0280000000 2.2225794945 2.4485592537 3.7739305840
2.0290000000 2.2259359093 2.4469367027 3.7746542549
2.0300000000 2.2293524284 2.4452549095 3.7753780327
2.0310000000 2.2328333931 2.4435095329 3.7761019173
2.0320000000 2.2363837013 2.4416956673 3.7768259087
2.0330000000 2.2400088997 2.4398077736 3.7775500069
2.0340000000 2.2437153435 2.4378394966 3.7782742119
2.0350000000 2.2475103416 2.4357835274 3.7789985313
2.0360000000 2.2514023933 2.4336313667 3.7797229500
2.0370000000 2.2554014549 2.4313730659 3.7804474831
2.0380000000 2.2595193367 2.4289968071 3.7811721306
2.0390000000 2.2637702141 2.4264884071 3.7818968773
2.0400000000 2.2681713753 2.4238306084 3.7826217384
2.0410000000 2.2727442131 2.4210019951 3.7833467064
2.0420000000 2.2775158043 2.4179754906 3.7840717888
2.0430000000 2.2825212517 2.4147160072 3.7847969780
2.0440000000 2.2878074455 2.4111766396 3.7855222740
2.0450000000 2.2934395561 2.4072922401 3.7862476845
2.0460000000 2.2995128365 2.4029675331 3.7869732018
2.0470000000 2.3061766930 2.3980531273 3.7876988335
2.0480000000 2.3136910896 2.3922890587 3.7884245720
2.0490000000 2.3225928459 2.3851385002 3.7891504250
2.0500000000 2.3344671745 2.3750162468 3.7898763847
