0.0241000000 0.0191991455
0.0251000000 0.0199954346
0.0271000000 0.0215878955
0.0281000000 0.0223840576
0.0301000000 0.0239762354
0.0311000000 0.0247722510
0.0321000000 0.0255682080
0.0331000000 0.0263641162
0.0341000000 0.0271599658
0.0351000000 0.0279557568
0.0361000000 0.0287514893
0.0371000000 0.0295471533
0.0381000000 0.0303427588
0.0391000000 0.0311382959
0.0401000000 0.0319337744
0.0411000000 0.0327291748
0.0421000000 0.0335245068
0.0431000000 0.0343197705
0.0441000000 0.0351149561
0.0451000000 0.0359100732
0.0461000000 0.0367051025
0.0471000000 0.0375000635
0.0481000000 0.0382949365
0.0491000000 0.0390897217
0.0501000000 0.0398844287
0.0511000000 0.0406790576
0.0521000000 0.0414735889
0.0531000000 0.0422680322
0.0541000000 0.0430623779
0.0551000000 0.0438566357
0.0561000000 0.0446507959
0.0571000000 0.0454448584
0.0581000000 0.0462388232
0.0591000000 0.0470326904
0.0601000000 0.0478264502
0.0611000000 0.0486201123
0.0621000000 0.0494136572
0.0631000000 0.0502071045
0.0641000000 0.0510004346
0.0651000000 0.0517936572
0.0661000000 0.0525867725
0.0671000000 0.0533797607
0.0681000000 0.0541726318
0.0691000000 0.0549653955
0.0701000000 0.0557580322
0.0711000000 0.0565505420
0.0721000000 0.0573429248
0.0731000000 0.0581351904
0.0741000000 0.0589273193
0.0751000000 0.0597193213
0.0761000000 0.0605111963
0.0771000000 0.0613029248
0.0781000000 0.0620945264
0.0791000000 0.0628859912
0.0801000000 0.0636773096
0.0811000000 0.0644684912
0.0821000000 0.0652595264
0.0831000000 0.0660504150
0.0841000000 0.0668411572
0.0851000000 0.0676317529
0.0861000000 0.0684221924
0.0871000000 0.0692124756
0.0881000000 0.0700026123
0.0891000000 0.0707925830
0.0901000000 0.0715823975
0.0911000000 0.0723720557
0.0921000000 0.0731615381
0.0931000000 0.0739508643
0.0941000000 0.0747400244
0.0951000000 0.0755290088
0.0961000000 0.0763178271
0.0971000000 0.0771064697
0.0981000000 0.0778949365
0.0991000000 0.0786832275
0.1001000000 0.0794713330
0.1011000000 0.0802592627
0.1021000000 0.0810470068
0.1031000000 0.0818345654
0.1041000000 0.0826219287
0.1051000000 0.0834091162
0.1061000000 0.0841960986
0.1071000000 0.0849828955
0.1081000000 0.0857694873
0.1091000000 0.0865558838
0.1101000000 0.0873420850
0.1111000000 0.0881280811
0.1121000000 0.0889138721
0.1131000000 0.0896994482
0.1141000000 0.0904848291
0.1151000000 0.0912699854
0.1161000000 0.0920549365
0.1171000000 0.0928396631
0.1181000000 0.0936241846
0.1191000000 0.0944084717
0.1201000000 0.0951925439
0.1211000000 0.0959763916
0.1221000000 0.0967600146
0.1231000000 0.0975434033
0.1241000000 0.0983265576
0.1251000000 0.0991094873
0.1261000000 0.0998921729
0.1271000000 0.1006746240
0.1281000000 0.1014568311
0.1291000000 0.1022387939
0.1301000000 0.1030205225
0.1311000000 0.1038019971
0.1321000000 0.1045832178
0.1331000000 0.1053641846
0.1341000000 0.1061448975
0.1351000000 0.1069253564
0.1361000000 0.1077055615
0.1371000000 0.1084854932
0.1381000000 0.1092651709
0.1391000000 0.1100445752
0.1401000000 0.1108237061
0.1411000000 0.1116025732
0.1421000000 0.1123811670
0.1431000000 0.1131594775
0.1441000000 0.1139375146
0.1451000000 0.1147152686
0.1461000000 0.1154927295
0.1471000000 0.1162699170
0.1481000000 0.1170468018
0.1491000000 0.1178234033
0.1501000000 0.1185997119
0.1511000000 0.1193757178
0.1521000000 0.1201514307
0.1531000000 0.1209268311
0.1541000000 0.1217019385
0.1551000000 0.1224767334
0.1561000000 0.1232512158
0.1571000000 0.1240253857
0.1581000000 0.1247992432
0.1591000000 0.1255727783
0.1601000000 0.1263460010
0.1611000000 0.1271188916
0.1621000000 0.1278914600
0.1631000000 0.1286636963
0.1641000000 0.1294356006
0.1651000000 0.1302071729
0.1661000000 0.1309784033
0.1671000000 0.1317492920
0.1681000000 0.1325198486
0.1691000000 0.1332900537
0.1701000000 0.1340599072
0.1711000000 0.1348294092
0.1721000000 0.1355985596
0.1731000000 0.1363673486
0.1741000000 0.1371357764
0.1751000000 0.1379038428
0.1761000000 0.1386715479
0.1771000000 0.1394388721
0.1781000000 0.1402058350
0.1791000000 0.1409724170
0.1801000000 0.1417386279
0.1811000000 0.1425044482
0.1821000000 0.1432698877
0.1831000000 0.1440349365
0.1841000000 0.1447995947
0.1851000000 0.1455638623
0.1861000000 0.1463277393
0.1871000000 0.1470912061
0.1881000000 0.1478542725
0.1891000000 0.1486169287
0.1901000000 0.1493791846
0.1911000000 0.1501410205
0.1921000000 0.1509024365
0.1931000000 0.1516634424
0.1941000000 0.1524240186
0.1951000000 0.1531841748
0.1961000000 0.1539438916
0.1971000000 0.1547031885
0.1981000000 0.1554620361
0.1991000000 0.1562204541
