0.0041000000 2.5875837256
0.0051000000 2.5875906494
0.0061000000 2.5875991064
0.0071000000 2.5876090576
0.0081000000 2.5876205127
0.0091000000 2.5876334912
0.0101000000 2.5876479639
0.0111000000 2.5876639502
0.0121000000 2.5876814404
0.0131000000 2.5877004443
0.0141000000 2.5877209522
0.0151000000 2.5877429639
0.0161000000 2.5877664795
0.0171000000 2.5877915088
0.0181000000 2.5878180420
0.0191000000 2.5878460791
0.0201000000 2.5878756201
0.0211000000 2.5879066748
0.0221000000 2.5879392236
0.0231000000 2.5879732861
0.0241000000 2.5880088525
0.0251000000 2.5880459131
0.0261000000 2.5880844873
0.0271000000 2.5881245654
0.0281000000 2.5881661377
0.0291000000 2.5882092139
0.0301000000 2.5882538037
0.0311000000 2.5882998877
0.0321000000 2.5883474658
0.0331000000 2.5883965479
