4.4260000000 3.3607081566 4.2119968758 5.3443630028
4.4270000000 3.3622318535 4.2132802467 5.3451214485
4.4280000000 3.3637553291 4.2145629616 5.3458802147
4.4290000000 3.3652785759 4.2158451042 5.3466393013
4.4300000000 3.3668016014 4.2171267281 5.3473987007
4.4310000000 3.3683244057 4.2184078865 5.3481584129
4.4320000000 3.3698469887 4.2196886101 5.3489184380
4.4330000000 3.3713693504 4.2209689369 5.3496787834
4.4340000000 3.3728914909 4.2222488899 5.3504394417
4.4350000000 3.3744134102 4.2235284996 5.3512004128
4.4360000000 3.3759351158 4.2248077888 5.3519616966
4.4370000000 3.3774565926 4.2260867729 5.3527232857
4.4380000000 3.3789778633 4.2273654671 5.3534851952
4.4390000000 3.3804989128 4.2286438866 5.3542474175
4.4400000000 3.3820197411 4.2299220543 5.3550099449
4.4410000000 3.3835403557 4.2311999779 5.3557727852
4.4420000000 3.3850607567 4.2324776649 5.3565359306
4.4430000000 3.3865809441 4.2337551308 5.3572993889
4.4440000000 3.3881009178 4.2350323830 5.3580631599
4.4450000000 3.3896206779 4.2363094292 5.3588272362
4.4460000000 3.3911402245 4.2375862846 5.3595916176
4.4470000000 3.3926595573 4.2388629494 5.3603563118
4.4480000000 3.3941786842 4.2401394386 5.3611213112
4.4490000000 3.3956975975 4.2414157524 5.3618866158
4.4500000000 3.3972163048 4.2426918983 5.3626522255
4.4510000000 3.3987347984 4.2439678841 5.3634181404
4.4520000000 3.4002530785 4.2452437172 5.3641843605
4.4530000000 3.4017711601 4.2465193977 5.3649508858
4.4540000000 3.4032890282 4.2477949409 5.3657177162
4.4550000000 3.4048066902 4.2490703392 5.3664848518
4.4560000000 3.4063241463 4.2503456001 5.3672522850
4.4570000000 3.4078413963 4.2516207390 5.3680200233
4.4580000000 3.4093584480 4.2528957405 5.3687880669
4.4590000000 3.4108752861 4.2541706276 5.3695564079
4.4600000000 3.4123919258 4.2554453926 5.3703250542
4.4610000000 3.4139083595 4.2567200432 5.3710939980
4.4620000000 3.4154245949 4.2579945793 5.3718632469
4.4630000000 3.4169406242 4.2592690163 5.3726327858
4.4640000000 3.4184564552 4.2605433388 5.3734026299
4.4650000000 3.4199720802 4.2618175621 5.3741727791
4.4660000000 3.4214875145 4.2630916862 5.3749432182
4.4670000000 3.4230027428 4.2643657112 5.3757139549
4.4680000000 3.4245177727 4.2656396446 5.3764849968
4.4690000000 3.4260326042 4.2669134865 5.3772563286
4.4700000000 3.4275472450 4.2681872368 5.3780279579
4.4710000000 3.4290616798 4.2694609032 5.3787998848
4.4720000000 3.4305759239 4.2707344856 5.3795721092
4.4730000000 3.4320899696 4.2720079842 5.3803446312
4.4740000000 3.4336038170 4.2732814064 5.3811174431
4.4750000000 3.4351174736 4.2745547447 5.3818905449
4.4760000000 3.4366309395 4.2758280144 5.3826639442
4.4770000000 3.4381442070 4.2771012077 5.3834376411
4.4780000000 3.4396572838 4.2783743248 5.3842116280
4.4790000000 3.4411701698 4.2796473808 5.3849859047
4.4800000000 3.4426828575 4.2809203606 5.3857604790
4.4810000000 3.4441953621 4.2821932716 5.3865353432
4.4820000000 3.4457076759 4.2834661217 5.3873104973
4.4830000000 3.4472197914 4.2847389107 5.3880859413
4.4840000000 3.4487317238 4.2860116386 5.3888616753
4.4850000000 3.4502434654 4.2872842979 5.3896376991
4.4860000000 3.4517550240 4.2885569038 5.3904140129
4.4870000000 3.4532663918 4.2898294563 5.3911906166
4.4880000000 3.4547775764 4.2911019478 5.3919675102
4.4890000000 3.4562885704 4.2923743858 5.3927446938
4.4900000000 3.4577993736 4.2936467705 5.3935221596
4.4910000000 3.4593100014 4.2949191017 5.3942999153
4.4920000000 3.4608204384 4.2961913795 5.3950779533
4.4930000000 3.4623306923 4.2974636116 5.3958562813
4.4940000000 3.4638407631 4.2987357903 5.3966348915
4.4950000000 3.4653506508 4.3000079308 5.3974137917
4.4960000000 3.4668603630 4.3012800179 5.3981929741
4.4970000000 3.4683698845 4.3025520592 5.3989724464
4.4980000000 3.4698792229 4.3038240623 5.3997521935
4.4990000000 3.4713883858 4.3050960197 5.4005322304
4.5000000000 3.4728973732 4.3063679314 5.4013125496
4.5010000000 3.4744061775 4.3076398048 5.4020931511
4.5020000000 3.4759147987 4.3089116402 5.4028740425
4.5030000000 3.4774232445 4.3101834373 5.4036552086
4.5040000000 3.4789315071 4.3114551888 5.4044366570
4.5050000000 3.4804396019 4.3127269096 5.4052183800
4.5060000000 3.4819475136 4.3139985924 5.4060003929
4.5070000000 3.4834552498 4.3152702370 5.4067826805
4.5080000000 3.4849628105 4.3165418510 5.4075652504
4.5090000000 3.4864701958 4.3178134346 5.4083481026
4.5100000000 3.4879774132 4.3190849800 5.4091312294
4.5110000000 3.4894844475 4.3203564873 5.4099146385
4.5120000000 3.4909913139 4.3216279716 5.4106983223
4.5130000000 3.4924980049 4.3228994255 5.4114822884
4.5140000000 3.4940045204 4.3241708488 5.4122665291
4.5150000000 3.4955108681 4.3254422417 5.4130510445
4.5160000000 3.4970170403 4.3267136040 5.4138358345
4.5170000000 3.4985230446 4.3279849358 5.4146209068
4.5180000000 3.5000288811 4.3292562447 5.4154062538
4.5190000000 3.5015345497 4.3305275307 5.4161918755
4.5200000000 3.5030400429 4.3317987862 5.4169777718
4.5210000000 3.5045453682 4.3330700188 5.4177639427
4.5220000000 3.5060505257 4.3343412285 5.4185503883
4.5230000000 3.5075555229 4.3356124077 5.4193371010
4.5240000000 3.5090603447 4.3368835716 5.4201240959
4.5250000000 3.5105649986 4.3381547127 5.4209113579
4.5260000000 3.5120694923 4.3394258232 5.4216988945
4.5270000000 3.5135738182 4.3406969185 5.4224867058
4.5280000000 3.5150779762 4.3419679909 5.4232747841
4.5290000000 3.5165819740 4.3432390480 5.4240631371
4.5300000000 3.5180858040 4.3445100822 5.4248517570
4.5310000000 3.5195894737 4.3457810936 5.4256406517
4.5320000000 3.5210929832 4.3470520897 5.4264298134
4.5330000000 3.5225963249 4.3483230705 5.4272192421
4.5340000000 3.5240995064 4.3495940285 5.4280089455
4.5350000000 3.5256025276 4.3508649712 5.4287989159
4.5360000000 3.5271053810 4.3521358986 5.4295891533
4.5370000000 3.5286080818 4.3534068108 5.4303796654
4.5380000000 3.5301106224 4.3546777000 5.4311704369
4.5390000000 3.5316130028 4.3559485817 5.4319614830
4.5400000000 3.5331152229 4.3572194481 5.4327527885
4.5410000000 3.5346172829 4.3584902992 5.4335443611
4.5420000000 3.5361191902 4.3597611351 5.4343362083
4.5430000000 3.5376209373 4.3610319557 5.4351283150
4.5440000000 3.5391225243 4.3623027687 5.4359206886
4.5450000000 3.5406239586 4.3635735664 5.4367133217
4.5460000000 3.5421252403 4.3648443489 5.4375062218
4.5470000000 3.5436263618 4.3661151237 5.4382993889
4.5480000000 3.5451273308 4.3673858833 5.4390928230
4.5490000000 3.5466281395 4.3686566353 5.4398865166
4.5500000000 3.5481287956 4.3699273796 5.4406804695
4.5510000000 3.5496293068 4.3711981087 5.4414746895
4.5520000000 3.5511296577 4.3724688301 5.4422691689
4.5530000000 3.5526298561 4.3737395439 5.4430639153
4.5540000000 3.5541299095 4.3750102501 5.4438589211
4.5550000000 3.5556298027 4.3762809410 5.4446541862
4.5560000000 3.5571295509 4.3775516243 5.4454497108
4.5570000000 3.5586291466 4.3788223076 5.4462454948
4.5580000000 3.5601285896 4.3800929756 5.4470415459
4.5590000000 3.5616278877 4.3813636360 5.4478378487
4.5600000000 3.5631270332 4.3826342964 5.4486344185
4.5610000000 3.5646260338 4.3839049492 5.4494312401
4.5620000000 3.5661248817 4.3851755867 5.4502283287
4.5630000000 3.5676235847 4.3864462242 5.4510256691
4.5640000000 3.5691221352 4.3877168617 5.4518232689
4.5650000000 3.5706205482 4.3889874840 5.4526211205
4.5660000000 3.5721188087 4.3902581062 5.4534192390
4.5670000000 3.5736169243 4.3915287285 5.4542176094
4.5680000000 3.5751148949 4.3927993431 5.4550162315
4.5690000000 3.5766127205 4.3940699501 5.4558151207
4.5700000000 3.5781104012 4.3953405571 5.4566142540
4.5710000000 3.5796079369 4.3966111565 5.4574136467
4.5720000000 3.5811053352 4.3978817558 5.4582132988
4.5730000000 3.5826025887 4.3991523552 5.4590132027
4.5740000000 3.5840996971 4.4004229469 5.4598133583
4.5750000000 3.5855966606 4.4016935387 5.4606137657
4.5760000000 3.5870934868 4.4029641228 5.4614144325
4.5770000000 3.5885901680 4.4042347145 5.4622153511
4.5780000000 3.5900867119 4.4055052986 5.4630165215
4.5790000000 3.5915831184 4.4067758827 5.4638179436
4.5800000000 3.5930793800 4.4080464668 5.4646196175
4.5810000000 3.5945755043 4.4093170509 5.4654215431
4.5820000000 3.5960714836 4.4105876350 5.4662237206
4.5830000000 3.5975673332 4.4118582115 5.4670261497
4.5840000000 3.5990630379 4.4131287956 5.4678288307
4.5850000000 3.6005586128 4.4143993797 5.4686317558
4.5860000000 3.6020540428 4.4156699638 5.4694349327
4.5870000000 3.6035493431 4.4169405479 5.4702383614
4.5880000000 3.6050444984 4.4182111320 5.4710420418
4.5890000000 3.6065395241 4.4194817162 5.4718459663
4.5900000000 3.6080344124 4.4207523003 5.4726501427
4.5910000000 3.6095291710 4.4220228920 5.4734545708
4.5920000000 3.6110237923 4.4232934837 5.4742592354
4.5930000000 3.6125182762 4.4245640755 5.4750641594
4.5940000000 3.6140126305 4.4258346672 5.4758693199
4.5950000000 3.6155068474 4.4271052666 5.4766747322
4.5960000000 3.6170009346 4.4283758659 5.4774803963
4.5970000000 3.6184948845 4.4296464729 5.4782862968
4.5980000000 3.6199887047 4.4309170799 5.4790924492
4.5990000000 3.6214823952 4.4321876869 5.4798988457
4.6000000000 3.6229759560 4.4334583015 5.4807054863
4.6010000000 3.6244693871 4.4347289162 5.4815123711
4.6020000000 3.6259626808 4.4359995384 5.4823195000
4.6030000000 3.6274558525 4.4372701607 5.4831268806
4.6040000000 3.6289488945 4.4385407906 5.4839344978
4.6050000000 3.6304417992 4.4398114281 5.4847423592
4.6060000000 3.6319345818 4.4410820656 5.4855504646
4.6070000000 3.6334272346 4.4423527031 5.4863588066
4.6080000000 3.6349197655 4.4436233559 5.4871674004
4.6090000000 3.6364121666 4.4448940086 5.4879762306
4.6100000000 3.6379044380 4.4461646690 5.4887853050
4.6110000000 3.6393965797 4.4474353294 5.4895946236
4.6120000000 3.6408885994 4.4487060051 5.4904041786
4.6130000000 3.6423804970 4.4499766808 5.4912139778
4.6140000000 3.6438722649 4.4512473640 5.4920240135
4.6150000000 3.6453639030 4.4525180550 5.4928342857
4.6160000000 3.6468554268 4.4537887459 5.4936448097
4.6170000000 3.6483468208 4.4550594521 5.4944555626
4.6180000000 3.6498380928 4.4563301582 5.4952665596
4.6190000000 3.6513292427 4.4576008720 5.4960777931
4.6200000000 3.6528202705 4.4588715935 5.4968892708
4.6210000000 3.6543111687 4.4601423225 5.4977009773
4.6220000000 3.6558019524 4.4614130669 5.4985129280
4.6230000000 3.6572926140 4.4626838112 5.4993251152
4.6240000000 3.6587831535 4.4639545631 5.5001375389
4.6250000000 3.6602735710 4.4652253227 5.5009501991
4.6260000000 3.6617638664 4.4664960899 5.5017630959
4.6270000000 3.6632540474 4.4677668724 5.5025762291
4.6280000000 3.6647441063 4.4690376549 5.5033895988
4.6290000000 3.6662340431 4.4703084450 5.5042032051
4.6300000000 3.6677238655 4.4715792503 5.5050170479
4.6310000000 3.6692135658 4.4728500633 5.5058311272
4.6320000000 3.6707031517 4.4741208839 5.5066454353
4.6330000000 3.6721926155 4.4753917122 5.5074599800
4.6340000000 3.6736819649 4.4766625481 5.5082747612
4.6350000000 3.6751711922 4.4779333992 5.5090897713
4.6360000000 3.6766603127 4.4792042580 5.5099050179
4.6370000000 3.6781493111 4.4804751244 5.5107204933
4.6380000000 3.6796381950 4.4817459984 5.5115362053
4.6390000000 3.6811269646 4.4830168877 5.5123521538
4.6400000000 3.6826156120 4.4842877846 5.5131683311
4.6410000000 3.6841041527 4.4855586891 5.5139847374
4.6420000000 3.6855925789 4.4868296089 5.5148013802
4.6430000000 3.6870808907 4.4881005363 5.5156182518
4.6440000000 3.6885690880 4.4893714714 5.5164353523
4.6450000000 3.6900571709 4.4906424217 5.5172526894
4.6460000000 3.6915451469 4.4919133873 5.5180702553
4.6470000000 3.6930330009 4.4931843529 5.5188880501
4.6480000000 3.6945207481 4.4944553337 5.5197060738
4.6490000000 3.6960083885 4.4957263298 5.5205243263
4.6500000000 3.6974959145 4.4969973335 5.5213428078
4.6510000000 3.6989833260 4.4982683525 5.5221615181
4.6520000000 3.7004706306 4.4995393791 5.5229804573
4.6530000000 3.7019578209 4.5008104134 5.5237996254
4.6540000000 3.7034449043 4.5020814629 5.5246190224
4.6550000000 3.7049318810 4.5033525276 5.5254386482
4.6560000000 3.7064187431 4.5046236000 5.5262585030
4.6570000000 3.7079054985 4.5058946877 5.5270785789
4.6580000000 3.7093921471 4.5071657906 5.5278988838
4.6590000000 3.7108786888 4.5084369011 5.5287194176
4.6600000000 3.7123651237 4.5097080193 5.5295401802
4.6610000000 3.7138514442 4.5109791603 5.5303611641
4.6620000000 3.7153376656 4.5122503090 5.5311823769
4.6630000000 3.7168237801 4.5135214653 5.5320038109
4.6640000000 3.7183097801 4.5147926445 5.5328254738
4.6650000000 3.7197956810 4.5160638313 5.5336473579
4.6660000000 3.7212814751 4.5173350334 5.5344694633
4.6670000000 3.7227671700 4.5186062431 5.5352917976
4.6680000000 3.7242527504 4.5198774681 5.5361143608
4.6690000000 3.7257382317 4.5211487083 5.5369371452
4.6700000000 3.7272236137 4.5224199638 5.5377601509
4.6710000000 3.7287088814 4.5236912346 5.5385833778
4.6720000000 3.7301940498 4.5249625130 5.5394068260
4.6730000000 3.7316791191 4.5262338066 5.5402305031
4.6740000000 3.7331640816 4.5275051155 5.5410544014
4.6750000000 3.7346489449 4.5287764397 5.5418785210
4.6760000000 3.7361337013 4.5300477791 5.5427028618
4.6770000000 3.7376183586 4.5313191261 5.5435274239
4.6780000000 3.7391029167 4.5325904961 5.5443522072
4.6790000000 3.7405873756 4.5338618736 5.5451772041
4.6800000000 3.7420717278 4.5351332664 5.5460024300
4.6810000000 3.7435559807 4.5364046745 5.5468278770
4.6820000000 3.7450401344 4.5376760979 5.5476535454
4.6830000000 3.7465241890 4.5389475365 5.5484794273
4.6840000000 3.7480081444 4.5402189903 5.5493055305
4.6850000000 3.7494920006 4.5414904594 5.5501318550
4.6860000000 3.7509757652 4.5427619438 5.5509584007
4.6870000000 3.7524594231 4.5440334435 5.5517851601
4.6880000000 3.7539429817 4.5453049583 5.5526121407
4.6890000000 3.7554264488 4.5465764885 5.5534393349
4.6900000000 3.7569098167 4.5478480263 5.5542667503
4.6910000000 3.7583930855 4.5491195869 5.5550943871
4.6920000000 3.7598762550 4.5503911629 5.5559222374
4.6930000000 3.7613593330 4.5516627541 5.5567503014
4.6940000000 3.7628423195 4.5529343605 5.5575785866
4.6950000000 3.7643251991 4.5542059822 5.5584070930
4.6960000000 3.7658079948 4.5554776268 5.5592358055
4.6970000000 3.7672906837 4.5567492790 5.5600647392
4.6980000000 3.7687732887 4.5580209465 5.5608938866
4.6990000000 3.7702557945 4.5592926369 5.5617232552
4.7000000000 3.7717382011 4.5605643349 5.5625528374
4.7010000000 3.7732205238 4.5618360558 5.5633826332
4.7020000000 3.7747027473 4.5631077919 5.5642126427
4.7030000000 3.7761848793 4.5643795433 5.5650428658
4.7040000000 3.7776669197 4.5656513176 5.5658733025
4.7050000000 3.7791488609 4.5669230995 5.5667039528
4.7060000000 3.7806307182 4.5681949043 5.5675348244
4.7070000000 3.7821124763 4.5694667244 5.5683659019
4.7080000000 3.7835941505 4.5707385597 5.5691971931
4.7090000000 3.7850757256 4.5720104103 5.5700286980
4.7100000000 3.7865572166 4.5732822838 5.5708604164
4.7110000000 3.7880386086 4.5745541649 5.5716923485
4.7120000000 3.7895199165 4.5758260689 5.5725244942
4.7130000000 3.7910011330 4.5770979958 5.5733568459
4.7140000000 3.7924822655 4.5783699303 5.5741894112
4.7150000000 3.7939632988 4.5796418877 5.5750221901
4.7160000000 3.7954442482 4.5809138603 5.5758551826
4.7170000000 3.7969251060 4.5821858559 5.5766883812
4.7180000000 3.7984058800 4.5834578667 5.5775217934
4.7190000000 3.7998865623 4.5847298927 5.5783554115
4.7200000000 3.8013671532 4.5860019341 5.5791892433
4.7210000000 3.8028476601 4.5872739983 5.5800232887
4.7220000000 3.8043280830 4.5885460777 5.5808575325
4.7230000000 3.8058084145 4.5898181801 5.5816919975
4.7240000000 3.8072886620 4.5910902977 5.5825266685
4.7250000000 3.8087688179 4.5923624306 5.5833615456
4.7260000000 3.8102488899 4.5936345863 5.5841966286
4.7270000000 3.8117288780 4.5949067574 5.5850319252
4.7280000000 3.8132087822 4.5961789513 5.5858674278
4.7290000000 3.8146885948 4.5974511604 5.5867031441
4.7300000000 3.8161683311 4.5987233849 5.5875390587
4.7310000000 3.8176479759 4.5999956322 5.5883751869
4.7320000000 3.8191275368 4.6012678947 5.5892115211
4.7330000000 3.8206070137 4.6025401802 5.5900480614
4.7340000000 3.8220864067 4.6038124809 5.5908848076
4.7350000000 3.8235657158 4.6050848045 5.5917217674
4.7360000000 3.8250449486 4.6063571434 5.5925589256
4.7370000000 3.8265240898 4.6076294975 5.5933962898
4.7380000000 3.8280031471 4.6089018822 5.5942338676
4.7390000000 3.8294821281 4.6101742744 5.5950716438
4.7400000000 3.8309610252 4.6114466972 5.5959096260
4.7410000000 3.8324398384 4.6127191277 5.5967478142
4.7420000000 3.8339185753 4.6139915886 5.5975862083
4.7430000000 3.8353972206 4.6152640572 5.5984248009
4.7440000000 3.8368757973 4.6165365562 5.5992636070
4.7450000000 3.8383542824 4.6178090706 5.6001026115
4.7460000000 3.8398326912 4.6190816002 5.6009418221
4.7470000000 3.8413110237 4.6203541603 5.6017812386
4.7480000000 3.8427892647 4.6216267281 5.6026208534
4.7490000000 3.8442674370 4.6228993263 5.6034606743
4.7500000000 3.8457455254 4.6241719398 5.6043007011
4.7510000000 3.8472235374 4.6254445686 5.6051409264
4.7520000000 3.8487014656 4.6267172203 5.6059813499
4.7530000000 3.8501793175 4.6279898949 5.6068219872
4.7540000000 3.8516570930 4.6292625923 5.6076628151
4.7550000000 3.8531347847 4.6305353050 5.6085038567
4.7560000000 3.8546124077 4.6318080406 5.6093450890
4.7570000000 3.8560899467 4.6330807915 5.6101865273
4.7580000000 3.8575674095 4.6343535652 5.6110281715
4.7590000000 3.8590447960 4.6356263618 5.6118700066
4.7600000000 3.8605221062 4.6368991814 5.6127120476
4.7610000000 3.8619993324 4.6381720161 5.6135542946
4.7620000000 3.8634764900 4.6394448738 5.6143967323
4.7630000000 3.8649535713 4.6407177544 5.6152393761
4.7640000000 3.8664305763 4.6419906502 5.6160822182
4.7650000000 3.8679075050 4.6432635765 5.6169252586
4.7660000000 3.8693843575 4.6445365181 5.6177684975
4.7670000000 3.8708611336 4.6458094749 5.6186119423
4.7680000000 3.8723378334 4.6470824623 5.6194555779
4.7690000000 3.8738144646 4.6483554649 5.6202994194
4.7700000000 3.8752910194 4.6496284904 5.6211434517
4.7710000000 3.8767674980 4.6509015388 5.6219876900
4.7720000000 3.8782439079 4.6521746101 5.6228321190
4.7730000000 3.8797202339 4.6534476967 5.6236767540
4.7740000000 3.8811964989 4.6547208061 5.6245215797
4.7750000000 3.8826726799 4.6559939384 5.6253666115
4.7760000000 3.8841487923 4.6572670937 5.6262118340
4.7770000000 3.8856248360 4.6585402718 5.6270572548
4.7780000000 3.8871008034 4.6598134727 5.6279028664
4.7790000000 3.8885767021 4.6610866890 5.6287486839
4.7800000000 3.8900525246 4.6623599358 5.6295946922
4.7810000000 3.8915282784 4.6636331978 5.6304408989
4.7820000000 3.8930039635 4.6649064827 5.6312873039
4.7830000000 3.8944795723 4.6661797905 5.6321338997
4.7840000000 3.8959551125 4.6674531212 5.6329806938
4.7850000000 3.8974305763 4.6687264748 5.6338276863
4.7860000000 3.8989059792 4.6699998436 5.6346748695
4.7870000000 3.9003813057 4.6712732430 5.6355222511
4.7880000000 3.9018565636 4.6725466652 5.6363698235
4.7890000000 3.9033317528 4.6738201027 5.6372175941
4.7900000000 3.9048068733 4.6750935707 5.6380655556
4.7910000000 3.9062819176 4.6763670540 5.6389137077
4.7920000000 3.9077569008 4.6776405678 5.6397620659
4.7930000000 3.9092318153 4.6789140968 5.6406106071
4.7940000000 3.9107066536 4.6801876488 5.6414593468
4.7950000000 3.9121814308 4.6814612312 5.6423082771
4.7960000000 3.9136561394 4.6827348289 5.6431573982
4.7970000000 3.9151307793 4.6840084572 5.6440067177
4.7980000000 3.9166053505 4.6852821007 5.6448562279
4.7990000000 3.9180798531 4.6865557671 5.6457059364
4.8000000000 3.9195542870 4.6878294640 5.6465558281
4.8010000000 3.9210286598 4.6891031761 5.6474059181
4.8020000000 3.9225029564 4.6903769188 5.6482561989
4.8030000000 3.9239771996 4.6916506767 5.6491066704
4.8040000000 3.9254513664 4.6929244652 5.6499573326
4.8050000000 3.9269254723 4.6941982765 5.6508081856
4.8060000000 3.9283995094 4.6954721107 5.6516592293
4.8070000000 3.9298734779 4.6967459679 5.6525104637
4.8080000000 3.9313473854 4.6980198479 5.6533618889
4.8090000000 3.9328212242 4.6992937508 5.6542135124
4.8100000000 3.9342950020 4.7005676765 5.6550653191
4.8110000000 3.9357687187 4.7018416252 5.6559173164
4.8120000000 3.9372423592 4.7031156044 5.6567695045
4.8130000000 3.9387159462 4.7043895988 5.6576218834
4.8140000000 3.9401894646 4.7056636238 5.6584744453
4.8150000000 3.9416629219 4.7069376717 5.6593272057
4.8160000000 3.9431363106 4.7082117424 5.6601801491
4.8170000000 3.9446096382 4.7094858360 5.6610332832
4.8180000000 3.9460828972 4.7107599602 5.6618866081
4.8190000000 3.9475561028 4.7120341072 5.6627401237
4.8200000000 3.9490292397 4.7133082695 5.6635938225
4.8210000000 3.9505023155 4.7145824623 5.6644477119
4.8220000000 3.9519753227 4.7158566856 5.6653017921
4.8230000000 3.9534482765 4.7171309242 5.6661560555
4.8240000000 3.9549211617 4.7184051933 5.6670105095
4.8250000000 3.9563939934 4.7196794853 5.6678651466
4.8260000000 3.9578667564 4.7209538002 5.6687199745
4.8270000000 3.9593394585 4.7222281380 5.6695749931
4.8280000000 3.9608120995 4.7235025063 5.6704301949
4.8290000000 3.9622846794 4.7247768974 5.6712855797
4.8300000000 3.9637571983 4.7260513115 5.6721411552
4.8310000000 3.9652296638 4.7273257561 5.6729969215
4.8320000000 3.9667020607 4.7286002235 5.6738528709
4.8330000000 3.9681743965 4.7298747139 5.6747090034
4.8340000000 3.9696466789 4.7311492348 5.6755653191
4.8350000000 3.9711188927 4.7324237709 5.6764218254
4.8360000000 3.9725910530 4.7336983376 5.6772785225
4.8370000000 3.9740631523 4.7349729347 5.6781353951
4.8380000000 3.9755351906 4.7362475548 5.6789924583
4.8390000000 3.9770071754 4.7375221977 5.6798497047
4.8400000000 3.9784790916 4.7387968636 5.6807071342
4.8410000000 3.9799509544 4.7400715599 5.6815647545
4.8420000000 3.9814227638 4.7413462868 5.6824225578
4.8430000000 3.9828945045 4.7426210289 5.6832805367
4.8440000000 3.9843661919 4.7438958015 5.6841387062
4.8450000000 3.9858378258 4.7451706047 5.6849970589
4.8460000000 3.9873093987 4.7464454308 5.6858556023
4.8470000000 3.9887809105 4.7477202797 5.6867143211
4.8480000000 3.9902523689 4.7489951591 5.6875732231
4.8490000000 3.9917237663 4.7502700615 5.6884323082
4.8500000000 3.9931951103 4.7515449944 5.6892915840
4.8510000000 3.9946663933 4.7528199501 5.6901510353
4.8520000000 3.9961376228 4.7540949364 5.6910106697
4.8530000000 3.9976087990 4.7553699455 5.6918704872
4.8540000000 3.9990799141 4.7566449776 5.6927304878
4.8550000000 4.0005509682 4.7579200401 5.6935906715
4.8560000000 4.0020219765 4.7591951332 5.6944510384
4.8570000000 4.0034929237 4.7604702492 5.6953115883
4.8580000000 4.0049638176 4.7617453880 5.6961723137
4.8590000000 4.0064346504 4.7630205650 5.6970332298
4.8600000000 4.0079054298 4.7642957573 5.6978943214
4.8610000000 4.0093761559 4.7655709801 5.6987555962
4.8620000000 4.0108468285 4.7668462334 5.6996170464
4.8630000000 4.0123174477 4.7681215096 5.7004786797
4.8640000000 4.0137880058 4.7693968163 5.7013404961
4.8650000000 4.0152585182 4.7706721535 5.7022024956
4.8660000000 4.0167289696 4.7719475136 5.7030646706
4.8670000000 4.0181993675 4.7732229042 5.7039270287
4.8680000000 4.0196697121 4.7744983177 5.7047895699
4.8690000000 4.0211400032 4.7757737617 5.7056522865
4.8700000000 4.0226102409 4.7770492287 5.7065151787
4.8710000000 4.0240804253 4.7783247337 5.7073782539
4.8720000000 4.0255505562 4.7796002541 5.7082415123
4.8730000000 4.0270206337 4.7808758125 5.7091049461
4.8740000000 4.0284906578 4.7821513939 5.7099685631
4.8750000000 4.0299606285 4.7834270058 5.7108323555
4.8760000000 4.0314305534 4.7847026405 5.7116963310
4.8770000000 4.0329004173 4.7859783058 5.7125604820
4.8780000000 4.0343702354 4.7872540016 5.7134248085
4.8790000000 4.0358399925 4.7885297279 5.7142893181
4.8800000000 4.0373097038 4.7898054771 5.7151540031
4.8810000000 4.0387793617 4.7910812569 5.7160188637
4.8820000000 4.0402489738 4.7923570671 5.7168839073
4.8830000000 4.0417185249 4.7936329079 5.7177491264
4.8840000000 4.0431880302 4.7949087715 5.7186145287
4.8850000000 4.0446574821 4.7961846657 5.7194800987
4.8860000000 4.0461268883 4.7974605904 5.7203458519
4.8870000000 4.0475962334 4.7987365456 5.7212117805
4.8880000000 4.0490655403 4.8000125237 5.7220778847
4.8890000000 4.0505347862 4.8012885323 5.7229441719
4.8900000000 4.0520039864 4.8025645714 5.7238106270
4.8910000000 4.0534731331 4.8038406410 5.7246772652
4.8920000000 4.0549422340 4.8051167412 5.7255440788
4.8930000000 4.0564112816 4.8063928642 5.7264110680
4.8940000000 4.0578802834 4.8076690254 5.7272782326
4.8950000000 4.0593492317 4.8089452095 5.7281455727
4.8960000000 4.0608181267 4.8102214241 5.7290130882
4.8970000000 4.0622869759 4.8114976692 5.7298807793
4.8980000000 4.0637557793 4.8127739449 5.7307486458
4.8990000000 4.0652245293 4.8140502510 5.7316166878
4.9000000000 4.0666932335 4.8153265877 5.7324849052
4.9010000000 4.0681618919 4.8166029472 5.7333532982
4.9020000000 4.0696304970 4.8178793449 5.7342218666
4.9030000000 4.0710990486 4.8191557655 5.7350906105
4.9040000000 4.0725675621 4.8204322243 5.7359595299
4.9050000000 4.0740360222 4.8217087059 5.7368286171
4.9060000000 4.0755044289 4.8229852257 5.7376978874
4.9070000000 4.0769727974 4.8242617683 5.7385673256
4.9080000000 4.0784411125 4.8255383492 5.7394369392
4.9090000000 4.0799093819 4.8268149529 5.7403067284
4.9100000000 4.0813775978 4.8280915871 5.7411766853
4.9110000000 4.0828457756 4.8293682594 5.7420468254
4.9120000000 4.0843139000 4.8306449547 5.7429171333
4.9130000000 4.0857819786 4.8319216881 5.7437876167
4.9140000000 4.0872500114 4.8331984444 5.7446582680
4.9150000000 4.0887179985 4.8344752388 5.7455290947
4.9160000000 4.0901859322 4.8357520638 5.7464000969
4.9170000000 4.0916538277 4.8370289116 5.7472712746
4.9180000000 4.0931216698 4.8383057976 5.7481426201
4.9190000000 4.0945894661 4.8395827141 5.7490141335
4.9200000000 4.0960572166 4.8408596611 5.7498858299
4.9210000000 4.0975249290 4.8421366463 5.7507576942
4.9220000000 4.0989925880 4.8434136543 5.7516297264
4.9230000000 4.1004602013 4.8446907005 5.7525019341
4.9240000000 4.1019277687 4.8459677696 5.7533743172
4.9250000000 4.1033952904 4.8472448769 5.7542468681
4.9260000000 4.1048627663 4.8485220146 5.7551195869
4.9270000000 4.1063301964 4.8497991829 5.7559924812
4.9280000000 4.1077975883 4.8510763893 5.7568655510
4.9290000000 4.1092649269 4.8523536186 5.7577387810
4.9300000000 4.1107322273 4.8536308861 5.7586121941
4.9310000000 4.1121994743 4.8549081841 5.7594857674
4.9320000000 4.1136666832 4.8561855202 5.7603595161
4.9330000000 4.1151338463 4.8574628792 5.7612334404
4.9340000000 4.1166009636 4.8587402763 5.7621075249
4.9350000000 4.1180680351 4.8600177040 5.7629817925
4.9360000000 4.1195350609 4.8612951698 5.7638562202
4.9370000000 4.1210020485 4.8625726585 5.7647308235
4.9380000000 4.1224689903 4.8638501930 5.7656055946
4.9390000000 4.1239358864 4.8651277504 5.7664805336
4.9400000000 4.1254027367 4.8664053459 5.7673556404
4.9410000000 4.1268695488 4.8676829720 5.7682309227
4.9420000000 4.1283363152 4.8689606285 5.7691063728
4.9430000000 4.1298030357 4.8702383232 5.7699819908
4.9440000000 4.1312697105 4.8715160484 5.7708577766
4.9450000000 4.1327363472 4.8727938118 5.7717337379
4.9460000000 4.1342029381 4.8740715981 5.7726098671
4.9470000000 4.1356694832 4.8753494301 5.7734861565
4.9480000000 4.1371359901 4.8766272926 5.7743626213
4.9490000000 4.1386024513 4.8779051857 5.7752392540
4.9500000000 4.1400688744 4.8791831169 5.7761160545
4.9510000000 4.1415352516 4.8804610786 5.7769930229
4.9520000000 4.1430015907 4.8817390709 5.7778701591
4.9530000000 4.1444678764 4.8830171013 5.7787474709
4.9540000000 4.1459341316 4.8842951698 5.7796249428
4.9550000000 4.1474003410 4.8855732689 5.7805025826
4.9560000000 4.1488665047 4.8868514061 5.7813803902
4.9570000000 4.1503326302 4.8881295738 5.7822583656
4.9580000000 4.1517987099 4.8894077797 5.7831365166
4.9590000000 4.1532647514 4.8906860161 5.7840148277
4.9600000000 4.1547307472 4.8919642906 5.7848933067
4.9610000000 4.1561967049 4.8932425957 5.7857719536
4.9620000000 4.1576626167 4.8945209389 5.7866507607
4.9630000000 4.1591284904 4.8957993202 5.7875297432
4.9640000000 4.1605943260 4.8970777321 5.7884088936
4.9650000000 4.1620601158 4.8983561821 5.7892882042
4.9660000000 4.1635258598 4.8996346626 5.7901676826
4.9670000000 4.1649915733 4.9009131813 5.7910473289
4.9680000000 4.1664572411 4.9021917381 5.7919271431
4.9690000000 4.1679228630 4.9034703331 5.7928071251
4.9700000000 4.1693884544 4.9047489586 5.7936872673
4.9710000000 4.1708540001 4.9060276222 5.7945675774
4.9720000000 4.1723195000 4.9073063164 5.7954480553
4.9730000000 4.1737849693 4.9085850563 5.7963287010
4.9740000000 4.1752503929 4.9098638268 5.7972095070
4.9750000000 4.1767157707 4.9111426353 5.7980904808
4.9760000000 4.1781811180 4.9124214745 5.7989716225
4.9770000000 4.1796464195 4.9137003593 5.7998529320
4.9780000000 4.1811116829 4.9149792747 5.8007344017
4.9790000000 4.1825769081 4.9162582283 5.8016160316
4.9800000000 4.1840420876 4.9175372200 5.8024978371
4.9810000000 4.1855072289 4.9188162422 5.8033798027
4.9820000000 4.1869723320 4.9200953102 5.8042619286
4.9830000000 4.1884373970 4.9213744087 5.8051442299
4.9840000000 4.1899024239 4.9226535454 5.8060266838
4.9850000000 4.1913674049 4.9239327202 5.8069093132
4.9860000000 4.1928323555 4.9252119331 5.8077920952
4.9870000000 4.1942972603 4.9264911842 5.8086750526
4.9880000000 4.1957621269 4.9277704735 5.8095581703
4.9890000000 4.1972269554 4.9290498009 5.8104414482
4.9900000000 4.1986917381 4.9303291664 5.8113248940
4.9910000000 4.2001564903 4.9316085625 5.8122084999
4.9920000000 4.2016211967 4.9328880043 5.8130922737
4.9930000000 4.2030858726 4.9341674843 5.8139762077
4.9940000000 4.2045505028 4.9354469948 5.8148603096
4.9950000000 4.2060150948 4.9367265511 5.8157445717
4.9960000000 4.2074796562 4.9380061455 5.8166290016
4.9970000000 4.2089441719 4.9392857704 5.8175135918
4.9980000000 4.2104086494 4.9405654411 5.8183983421
4.9990000000 4.2118730888 4.9418451500 5.8192832603
