1.3531000000 0.0003352318
1.3541000000 0.0006785240
1.3551000000 0.0010196495
1.3561000000 0.0013586235
1.3571000000 0.0016954460
1.3581000000 0.0020301323
1.3591000000 0.0023626900
1.3601000000 0.0026931267
1.3611000000 0.0030214500
1.3621000000 0.0033476753
1.3631000000 0.0036718102
1.3641000000 0.0039938545
1.3651000000 0.0043138313
1.3661000000 0.0046317329
1.3671000000 0.0049475822
1.3681000000 0.0052613792
1.3691000000 0.0055731316
1.3701000000 0.0058828468
1.3711000000 0.0061905479
1.3721000000 0.0064962196
1.3731000000 0.0067998848
1.3741000000 0.0071015511
1.3751000000 0.0074012184
1.3761000000 0.0076989021
1.3771000000 0.0079946022
1.3781000000 0.0082883339
1.3791000000 0.0085800972
1.3801000000 0.0088698997
1.3811000000 0.0091577568
1.3821000000 0.0094436684
1.3831000000 0.0097276421
1.3841000000 0.0100096855
1.3851000000 0.0102898064
1.3861000000 0.0105680122
1.3871000000 0.0108443108
1.3881000000 0.0111187019
1.3891000000 0.0113912010
1.3901000000 0.0116618080
1.3911000000 0.0119305305
1.3921000000 0.0121973763
1.3931000000 0.0124623528
1.3941000000 0.0127254601
1.3951000000 0.0129867134
1.3961000000 0.0132461128
1.3971000000 0.0135036659
1.3981000000 0.0137593727
1.3991000000 0.0140132484
1.4001000000 0.0142653008
1.4011000000 0.0145155220
1.4021000000 0.0147639275
1.4031000000 0.0150105171
1.4041000000 0.0152553062
1.4051000000 0.0154982872
1.4061000000 0.0157394829
1.4071000000 0.0159788780
1.4081000000 0.0162164879
1.4091000000 0.0164523277
1.4101000000 0.0166863823
1.4111000000 0.0169186745
1.4121000000 0.0171491966
1.4131000000 0.0173779640
1.4141000000 0.0176049690
1.4151000000 0.0178302345
1.4161000000 0.0180537453
1.4171000000 0.0182755241
1.4181000000 0.0184955635
1.4191000000 0.0187138710
1.4201000000 0.0189304543
1.4211000000 0.0191453133
1.4221000000 0.0193584633
1.4231000000 0.0195698967
1.4241000000 0.0197796211
1.4251000000 0.0199876442
1.4261000000 0.0201939659
1.4271000000 0.0203985939
1.4281000000 0.0206015282
1.4291000000 0.0208027840
1.4301000000 0.0210023537
1.4311000000 0.0212002449
1.4321000000 0.0213964577
1.4331000000 0.0215910072
1.4341000000 0.0217838936
1.4351000000 0.0219751091
1.4361000000 0.0221646767
1.4371000000 0.0223525810
1.4381000000 0.0225388374
1.4391000000 0.0227234535
1.4401000000 0.0229064217
1.4411000000 0.0230877571
1.4421000000 0.0232674522
1.4431000000 0.0234455147
1.4441000000 0.0236219521
1.4451000000 0.0237967644
1.4461000000 0.0239699516
1.4471000000 0.0241415291
1.4481000000 0.0243114891
1.4491000000 0.0244798393
1.4501000000 0.0246465797
1.4511000000 0.0248117256
1.4521000000 0.0249752617
1.4531000000 0.0251372032
1.4541000000 0.0252975502
1.4551000000 0.0254563103
1.4561000000 0.0256134834
1.4571000000 0.0257690697
1.4581000000 0.0259230690
1.4591000000 0.0260754967
1.4601000000 0.0262263527
1.4611000000 0.0263756294
1.4621000000 0.0265233421
1.4631000000 0.0266694832
1.4641000000 0.0268140678
1.4651000000 0.0269570885
1.4661000000 0.0270985527
1.4671000000 0.0272384605
1.4681000000 0.0273768196
1.4691000000 0.0275136299
1.4701000000 0.0276488914
1.4711000000 0.0277826118
1.4721000000 0.0279147835
1.4731000000 0.0280454292
1.4741000000 0.0281745338
1.4751000000 0.0283021049
1.4761000000 0.0284281425
1.4771000000 0.0285526543
1.4781000000 0.0286756401
1.4791000000 0.0287971077
1.4801000000 0.0289170494
1.4811000000 0.0290354729
1.4821000000 0.0291523857
1.4831000000 0.0292677803
1.4841000000 0.0293816643
1.4851000000 0.0294940376
1.4861000000 0.0296049080
1.4871000000 0.0297142754
1.4881000000 0.0298221397
1.4891000000 0.0299285011
1.4901000000 0.0300333672
1.4911000000 0.0301367455
1.4921000000 0.0302386208
1.4931000000 0.0303390083
1.4941000000 0.0304379082
1.4951000000 0.0305353203
1.4961000000 0.0306312447
1.4971000000 0.0307256889
1.4981000000 0.0308186531
1.4991000000 0.0309101372
1.5001000000 0.0310001411
1.5011000000 0.0310886726
1.5021000000 0.0311757317
1.5031000000 0.0312613182
1.5041000000 0.0313454399
1.5051000000 0.0314280891
1.5061000000 0.0315092735
1.5071000000 0.0315889931
1.5081000000 0.0316672554
1.5091000000 0.0317440529
1.5101000000 0.0318193932
1.5111000000 0.0318932762
1.5121000000 0.0319657097
1.5131000000 0.0320366783
1.5141000000 0.0321062050
1.5151000000 0.0321742744
1.5161000000 0.0322408943
1.5171000000 0.0323060722
1.5181000000 0.0323698006
1.5191000000 0.0324320869
1.5201000000 0.0324929314
1.5211000000 0.0325523338
1.5221000000 0.0326103020
1.5231000000 0.0326668282
1.5241000000 0.0327219124
1.5251000000 0.0327755699
1.5261000000 0.0328277855
1.5271000000 0.0328785744
1.5281000000 0.0329279289
1.5291000000 0.0329758568
1.5301000000 0.0330223503
1.5311000000 0.0330674248
1.5321000000 0.0331110649
1.5331000000 0.0331532860
1.5341000000 0.0331940804
1.5351000000 0.0332334557
1.5361000000 0.0332714119
1.5371000000 0.0333079414
1.5381000000 0.0333430595
1.5391000000 0.0333767586
1.5401000000 0.0334090385
1.5411000000 0.0334398994
1.5421000000 0.0334693565
1.5431000000 0.0334973946
1.5441000000 0.0335240211
1.5451000000 0.0335492363
1.5461000000 0.0335730476
1.5471000000 0.0335954399
1.5481000000 0.0336164360
1.5491000000 0.0336360207
1.5501000000 0.0336541939
1.5511000000 0.0336709709
1.5521000000 0.0336863365
1.5531000000 0.0337002983
1.5541000000 0.0337128639
1.5551000000 0.0337240257
1.5561000000 0.0337337914
1.5571000000 0.0337421532
1.5581000000 0.0337491188
1.5591000000 0.0337546806
1.5601000000 0.0337588463
1.5611000000 0.0337616234
1.5621000000 0.0337629967
1.5631000000 0.0337629814
1.5641000000 0.0337615700
1.5651000000 0.0337587624
1.5661000000 0.0337545662
1.5671000000 0.0337489738
1.5681000000 0.0337419930
1.5691000000 0.0337336235
1.5701000000 0.0337238579
1.5711000000 0.0337127037
1.5721000000 0.0337001686
1.5731000000 0.0336862373
1.5741000000 0.0336709175
1.5751000000 0.0336542168
1.5761000000 0.0336361275
1.5771000000 0.0336166496
1.5781000000 0.0335957909
1.5791000000 0.0335735435
1.5801000000 0.0335499153
1.5811000000 0.0335248985
1.5821000000 0.0334985008
1.5831000000 0.0334707146
1.5841000000 0.0334415550
1.5851000000 0.0334110069
1.5861000000 0.0333790779
1.5871000000 0.0333457680
1.5881000000 0.0333110771
1.5891000000 0.0332750053
1.5901000000 0.0332375526
1.5911000000 0.0331987190
1.5921000000 0.0331585045
1.5931000000 0.0331169167
1.5941000000 0.0330739403
1.5951000000 0.0330295906
1.5961000000 0.0329838600
1.5971000000 0.0329367561
1.5981000000 0.0328882713
1.5991000000 0.0328384056
1.6001000000 0.0327871590
1.6011000000 0.0327345390
1.6021000000 0.0326805458
1.6031000000 0.0326251717
1.6041000000 0.0325684166
1.6051000000 0.0325102882
1.6061000000 0.0324507790
1.6071000000 0.0323898964
1.6081000000 0.0323276329
1.6091000000 0.0322639961
1.6101000000 0.0321989784
1.6111000000 0.0321325874
1.6121000000 0.0320648232
1.6131000000 0.0319956779
1.6141000000 0.0319251518
1.6151000000 0.0318532524
1.6161000000 0.0317799797
1.6171000000 0.0317053261
1.6181000000 0.0316292915
1.6191000000 0.0315518913
1.6201000000 0.0314731026
1.6211000000 0.0313929405
1.6221000000 0.0313114052
1.6231000000 0.0312284889
1.6241000000 0.0311441917
1.6251000000 0.0310585213
1.6261000000 0.0309714699
1.6271000000 0.0308830376
1.6281000000 0.0307932320
1.6291000000 0.0307020454
1.6301000000 0.0306094856
1.6311000000 0.0305155373
1.6321000000 0.0304202156
1.6331000000 0.0303235130
1.6341000000 0.0302254295
1.6351000000 0.0301259651
1.6361000000 0.0300251198
1.6371000000 0.0299228935
1.6381000000 0.0298192863
1.6391000000 0.0297142982
1.6401000000 0.0296079216
1.6411000000 0.0295001717
1.6421000000 0.0293910332
1.6431000000 0.0292805138
1.6441000000 0.0291686134
1.6451000000 0.0290553246
1.6461000000 0.0289406548
1.6471000000 0.0288245964
1.6481000000 0.0287071495
1.6491000000 0.0285883217
1.6501000000 0.0284681053
1.6511000000 0.0283465004
1.6521000000 0.0282235069
1.6531000000 0.0280991249
1.6541000000 0.0279733620
1.6551000000 0.0278462029
1.6561000000 0.0277176476
1.6571000000 0.0275877113
1.6581000000 0.0274563789
1.6591000000 0.0273236580
1.6601000000 0.0271895409
1.6611000000 0.0270540352
1.6621000000 0.0269171257
1.6631000000 0.0267788277
1.6641000000 0.0266391411
1.6651000000 0.0264980507
1.6661000000 0.0263555641
1.6671000000 0.0262116737
1.6681000000 0.0260663948
1.6691000000 0.0259197121
1.6701000000 0.0257716255
1.6711000000 0.0256221428
1.6721000000 0.0254712563
1.6731000000 0.0253189659
1.6741000000 0.0251652718
1.6751000000 0.0250101738
1.6761000000 0.0248536720
1.6771000000 0.0246957664
1.6781000000 0.0245364494
1.6791000000 0.0243757286
1.6801000000 0.0242135963
1.6811000000 0.0240500526
1.6821000000 0.0238850975
1.6831000000 0.0237187309
1.6841000000 0.0235509453
1.6851000000 0.0233817558
1.6861000000 0.0232111473
1.6871000000 0.0230391197
1.6881000000 0.0228656731
1.6891000000 0.0226908150
1.6901000000 0.0225145302
1.6911000000 0.0223368340
1.6921000000 0.0221577110
1.6931000000 0.0219771614
1.6941000000 0.0217951927
1.6951000000 0.0216117897
1.6961000000 0.0214269676
1.6971000000 0.0212407188
1.6981000000 0.0210530357
1.6991000000 0.0208639259
1.7001000000 0.0206733818
1.7011000000 0.0204814110
1.7021000000 0.0202879982
1.7031000000 0.0200931511
1.7041000000 0.0198968697
1.7051000000 0.0196991539
1.7061000000 0.0194999886
1.7071000000 0.0192993889
1.7081000000 0.0190973473
1.7091000000 0.0188938560
1.7101000000 0.0186889229
1.7111000000 0.0184825478
1.7121000000 0.0182747154
1.7131000000 0.0180654411
1.7141000000 0.0178547096
1.7151000000 0.0176425285
1.7161000000 0.0174288902
1.7171000000 0.0172138023
1.7181000000 0.0169972496
1.7191000000 0.0167792397
1.7201000000 0.0165597725
1.7211000000 0.0163388405
1.7221000000 0.0161164436
1.7231000000 0.0158925819
1.7241000000 0.0156672554
1.7251000000 0.0154404564
1.7261000000 0.0152121925
1.7271000000 0.0149824486
1.7281000000 0.0147512321
1.7291000000 0.0145185432
1.7301000000 0.0142843742
1.7311000000 0.0140487251
1.7321000000 0.0138115959
1.7331000000 0.0135729790
1.7341000000 0.0133328819
1.7351000000 0.0130912971
1.7361000000 0.0128482246
1.7371000000 0.0126036568
1.7381000000 0.0123575935
1.7391000000 0.0121100426
1.7401000000 0.0118609962
1.7411000000 0.0116104469
1.7421000000 0.0113583946
1.7431000000 0.0111048393
1.7441000000 0.0108497810
1.7451000000 0.0105932198
1.7461000000 0.0103351479
1.7471000000 0.0100755577
1.7481000000 0.0098144646
1.7491000000 0.0095518456
1.7501000000 0.0092877159
1.7511000000 0.0090220604
1.7521000000 0.0087548866
1.7531000000 0.0084861870
1.7541000000 0.0082159615
1.7551000000 0.0079442101
1.7561000000 0.0076709251
1.7571000000 0.0073960991
1.7581000000 0.0071197472
1.7591000000 0.0068418541
1.7601000000 0.0065624199
1.7611000000 0.0062814369
1.7621000000 0.0059989128
1.7631000000 0.0057148399
1.7641000000 0.0054292183
1.7651000000 0.0051420403
1.7661000000 0.0048533134
1.7671000000 0.0045630226
1.7681000000 0.0042711678
1.7691000000 0.0039777565
1.7701000000 0.0036827736
1.7711000000 0.0033862190
1.7721000000 0.0030881004
1.7731000000 0.0027884026
1.7741000000 0.0024871330
1.7751000000 0.0021842842
1.7761000000 0.0018798485
1.7771000000 0.0015738258
1.7781000000 0.0012662163
1.7791000000 0.0009570198
1.7801000000 0.0006462288
1.7811000000 0.0003338356
1.7821000000 0.0000198479
