0.020000 1.000075 2.100125
0.025000 1.000075 2.100175
0.030000 1.000125 2.100225
0.035000 1.000175 2.100325
0.040000 1.000225 2.100425
0.045000 1.000275 2.100525
0.050000 1.000325 2.100625
0.055000 1.000375 2.100775
0.060000 1.000475 2.100925
0.065000 1.000525 2.101075
0.070000 1.000625 2.101225
0.075000 1.000725 2.101425
0.080000 1.000825 2.101625
0.085000 1.000925 2.101825
0.090000 1.001025 2.102025
0.095000 1.001175 2.102275
0.100000 1.001275 2.102525
0.105000 1.001425 2.102775
0.110000 1.001525 2.103075
0.115000 1.001675 2.103325
0.120000 1.001825 2.103625
0.125000 1.001975 2.103925
0.130000 1.002175 2.104275
0.135000 1.002325 2.104575
0.140000 1.002475 2.104925
0.145000 1.002675 2.105275
0.150000 1.002875 2.105675
0.155000 1.003075 2.106075
0.160000 1.003275 2.106475
0.165000 1.003475 2.106875
0.170000 1.003675 2.107275
0.175000 1.003875 2.107725
0.180000 1.004125 2.108175
0.185000 1.004375 2.108625
0.190000 1.004575 2.109075
0.195000 1.004825 2.109575
0.200000 1.005075 2.110075
0.205000 1.005325 2.110575
0.210000 1.005625 2.111125
0.215000 1.005875 2.111625
0.220000 1.006125 2.112175
0.225000 1.006425 2.112725
0.230000 1.006725 2.113325
0.235000 1.007025 2.113875
0.240000 1.007325 2.114475
0.245000 1.007625 2.115125
0.250000 1.007925 2.115725
0.255000 1.008225 2.116375
0.260000 1.008575 2.117025
0.265000 1.008875 2.117675
0.270000 1.009225 2.118325
0.275000 1.009575 2.119025
0.280000 1.009925 2.119725
0.285000 1.010275 2.120425
0.290000 1.010625 2.121125
0.295000 1.011025 2.121875
0.300000 1.011375 2.122625
0.305000 1.011775 2.123375
0.310000 1.012125 2.124125
0.315000 1.012525 2.124925
0.320000 1.012925 2.125725
0.325000 1.013325 2.126525
0.330000 1.013725 2.127325
0.335000 1.014125 2.128175
0.340000 1.014575 2.129025
0.345000 1.014975 2.129875
0.350000 1.015425 2.130725
0.355000 1.015875 2.131625
0.360000 1.016325 2.132525
0.365000 1.016775 2.133425
0.370000 1.017225 2.134325
0.375000 1.017675 2.135275
0.380000 1.018125 2.136225
0.385000 1.018625 2.137175
0.390000 1.019075 2.138125
0.395000 1.019575 2.139125
0.400000 1.020075 2.140075
0.405000 1.020575 2.141075
0.410000 1.021075 2.142125
0.415000 1.021575 2.143125
0.420000 1.022075 2.144175
0.425000 1.022625 2.145225
0.430000 1.023125 2.146275
0.435000 1.023675 2.147375
0.440000 1.024175 2.148425
0.445000 1.024725 2.149525
0.450000 1.025275 2.150625
0.455000 1.025825 2.151775
0.460000 1.026375 2.152925
0.465000 1.026975 2.154075
0.470000 1.027525 2.155225
0.475000 1.028075 2.156375
0.480000 1.028675 2.157575
0.485000 1.029275 2.158775
0.490000 1.029875 2.159975
0.495000 1.030425 2.161175
0.500000 1.031075 2.162425
0.505000 1.031675 2.163625
0.510000 1.032275 2.164875
0.515000 1.032875 2.166175
0.520000 1.033525 2.167425
0.525000 1.034125 2.168725
0.530000 1.034775 2.170025
0.535000 1.035425 2.171325
0.540000 1.036075 2.172675
0.545000 1.036725 2.173975
0.550000 1.037375 2.175325
0.555000 1.038025 2.176725
0.560000 1.038675 2.178075
0.565000 1.039375 2.179475
0.570000 1.040025 2.180825
0.575000 1.040725 2.182275
0.580000 1.041425 2.183675
0.585000 1.042125 2.185075
0.590000 1.042825 2.186525
0.595000 1.043525 2.187975
0.600000 1.044225 2.189475
0.605000 1.044925 2.190925
0.610000 1.045625 2.192425
0.615000 1.046375 2.193925
0.620000 1.047075 2.195425
0.625000 1.047825 2.196925
0.630000 1.048575 2.198475
0.635000 1.049325 2.200025
0.640000 1.050075 2.201575
0.645000 1.050825 2.203125
0.650000 1.051575 2.204725
0.655000 1.052325 2.206275
0.660000 1.053075 2.207875
0.665000 1.053875 2.209525
0.670000 1.054625 2.211125
0.675000 1.055425 2.212775
0.680000 1.056225 2.214425
0.685000 1.057025 2.216075
0.690000 1.057825 2.217725
0.695000 1.058625 2.219425
0.700000 1.059425 2.221075
0.705000 1.060225 2.222775
0.710000 1.061025 2.224525
0.715000 1.061875 2.226225
0.720000 1.062675 2.227975
0.725000 1.063525 2.229725
0.730000 1.064375 2.231475
0.735000 1.065175 2.233225
0.740000 1.066025 2.235025
0.745000 1.066875 2.236775
0.750000 1.067725 2.238575
0.755000 1.068575 2.240425
0.760000 1.069475 2.242225
0.765000 1.070325 2.244075
0.770000 1.071175 2.245925
0.775000 1.072075 2.247775
0.780000 1.072975 2.249625
0.785000 1.073825 2.251475
0.790000 1.074725 2.253375
0.795000 1.075625 2.255275
0.800000 1.076525 2.257175
0.805000 1.077425 2.259125
0.810000 1.078325 2.261025
0.815000 1.079225 2.262975
0.820000 1.080175 2.264925
0.825000 1.081075 2.266875
0.830000 1.082025 2.268875
0.835000 1.082925 2.270825
0.840000 1.083875 2.272825
0.845000 1.084825 2.274825
0.850000 1.085775 2.276825
0.855000 1.086725 2.278875
0.860000 1.087675 2.280925
0.865000 1.088625 2.282975
0.870000 1.089575 2.285025
0.875000 1.090525 2.287075
0.880000 1.091525 2.289125
0.885000 1.092475 2.291225
0.890000 1.093475 2.293325
0.895000 1.094425 2.295425
0.900000 1.095425 2.297575
0.905000 1.096425 2.299675
0.910000 1.097425 2.301825
0.915000 1.098425 2.303975
0.920000 1.099425 2.306125
0.925000 1.100425 2.308275
0.930000 1.101425 2.310475
0.935000 1.102425 2.312675
0.940000 1.103475 2.314875
0.945000 1.104475 2.317075
0.950000 1.105525 2.319275
0.955000 1.106525 2.321525
0.960000 1.107575 2.323775
0.965000 1.108625 2.326025
0.970000 1.109675 2.328275
0.975000 1.110675 2.330525
0.980000 1.111725 2.332825
0.985000 1.112825 2.335075
0.990000 1.113875 2.337375
0.995000 1.114925 2.339675
1.000000 1.115975 2.342025
1.005000 1.117075 2.344325
1.010000 1.118125 2.346675
1.015000 1.119225 2.349025
1.020000 1.120275 2.351375
1.025000 1.121375 2.353725
1.030000 1.122475 2.356125
1.035000 1.123575 2.358525
1.040000 1.124675 2.360925
1.045000 1.125775 2.363325
1.050000 1.126875 2.365725
1.055000 1.127975 2.368125
1.060000 1.129075 2.370575
1.065000 1.130175 2.373025
1.070000 1.131325 2.375475
1.075000 1.132425 2.377925
1.080000 1.133575 2.380375
1.085000 1.134725 2.382875
1.090000 1.135825 2.385375
1.095000 1.136975 2.387875
1.100000 1.138125 2.390375
1.105000 1.139275 2.392875
1.110000 1.140425 2.395425
1.115000 1.141575 2.397925
1.120000 1.142725 2.400475
1.125000 1.143875 2.403025
1.130000 1.145025 2.405625
1.135000 1.146225 2.408175
1.140000 1.147375 2.410775
1.145000 1.148575 2.413375
1.150000 1.149725 2.415925
1.155000 1.150925 2.418575
1.160000 1.152125 2.421175
1.165000 1.153275 2.423775
1.170000 1.154475 2.426425
1.175000 1.155675 2.429075
1.180000 1.156875 2.431725
1.185000 1.158075 2.434375
1.190000 1.159275 2.437075
1.195000 1.160525 2.439725
1.200000 1.161725 2.442425
1.205000 1.162925 2.445125
1.210000 1.164175 2.447825
1.215000 1.165375 2.450525
1.220000 1.166625 2.453275
1.225000 1.167825 2.455975
1.230000 1.169075 2.458725
1.235000 1.170325 2.461475
1.240000 1.171575 2.464225
1.245000 1.172775 2.467025
1.250000 1.174025 2.469775
1.255000 1.175275 2.472575
1.260000 1.176575 2.475325
1.265000 1.177825 2.478125
1.270000 1.179075 2.480975
1.275000 1.180325 2.483775
1.280000 1.181625 2.486575
1.285000 1.182875 2.489425
1.290000 1.184175 2.492275
1.295000 1.185425 2.495125
1.300000 1.186725 2.497975
1.305000 1.187975 2.500825
1.310000 1.189275 2.503725
1.315000 1.190575 2.506575
1.320000 1.191875 2.509475
1.325000 1.193175 2.512375
1.330000 1.194475 2.515275
1.335000 1.195775 2.518175
1.340000 1.197075 2.521125
1.345000 1.198375 2.524025
1.350000 1.199725 2.526975
1.355000 1.201025 2.529925
1.360000 1.202375 2.532875
1.365000 1.203675 2.535825
1.370000 1.205025 2.538825
1.375000 1.206325 2.541775
1.380000 1.207675 2.544775
1.385000 1.209025 2.547775
1.390000 1.210375 2.550775
1.395000 1.211675 2.553775
1.400000 1.213025 2.556775
1.405000 1.214375 2.559825
1.410000 1.215725 2.562875
1.415000 1.217125 2.565875
1.420000 1.218475 2.568925
1.425000 1.219825 2.571975
1.430000 1.221175 2.575075
1.435000 1.222575 2.578125
1.440000 1.223925 2.581175
1.445000 1.225325 2.584275
1.450000 1.226675 2.587375
1.455000 1.228075 2.590475
1.460000 1.229475 2.593575
1.465000 1.230875 2.596675
1.470000 1.232225 2.599825
1.475000 1.233625 2.602925
1.480000 1.235025 2.606075
1.485000 1.236425 2.609225
1.490000 1.237825 2.612375
1.495000 1.239275 2.615525
1.500000 1.240675 2.618725
1.505000 1.242075 2.621875
1.510000 1.243475 2.625075
1.515000 1.244925 2.628225
1.520000 1.246325 2.631425
1.525000 1.247775 2.634625
1.530000 1.249175 2.637825
1.535000 1.250625 2.641075
1.540000 1.252075 2.644275
1.545000 1.253475 2.647525
1.550000 1.254925 2.650725
1.555000 1.256375 2.653975
1.560000 1.257825 2.657225
1.565000 1.259275 2.660475
1.570000 1.260725 2.663775
1.575000 1.262175 2.667025
1.580000 1.263675 2.670325
1.585000 1.265125 2.673575
1.590000 1.266575 2.676875
1.595000 1.268075 2.680175
1.600000 1.269525 2.683475
1.605000 1.271025 2.686825
1.610000 1.272475 2.690125
1.615000 1.273975 2.693425
1.620000 1.275425 2.696775
1.625000 1.276925 2.700125
1.630000 1.278425 2.703475
1.635000 1.279925 2.706825
1.640000 1.281425 2.710175
1.645000 1.282925 2.713525
1.650000 1.284425 2.716925
1.655000 1.285925 2.720275
1.660000 1.287425 2.723675
1.665000 1.288925 2.727075
1.670000 1.290475 2.730475
1.675000 1.291975 2.733875
1.680000 1.293525 2.737275
1.685000 1.295025 2.740675
1.690000 1.296575 2.744125
1.695000 1.298075 2.747525
1.700000 1.299625 2.750975
1.705000 1.301175 2.754425
1.710000 1.302675 2.757875
1.715000 1.304225 2.761325
1.720000 1.305775 2.764775
1.725000 1.307325 2.768225
1.730000 1.308875 2.771725
1.735000 1.310425 2.775175
1.740000 1.311975 2.778675
1.745000 1.313525 2.782175
1.750000 1.315125 2.785675
1.755000 1.316675 2.789175
1.760000 1.318225 2.792675
1.765000 1.319825 2.796175
1.770000 1.321375 2.799725
1.775000 1.322975 2.803225
1.780000 1.324575 2.806775
1.785000 1.326125 2.810325
1.790000 1.327725 2.813825
1.795000 1.329325 2.817375
1.800000 1.330925 2.820975
1.805000 1.332525 2.824525
1.810000 1.334125 2.828075
1.815000 1.335725 2.831675
1.820000 1.337325 2.835225
1.825000 1.338925 2.838825
1.830000 1.340525 2.842425
1.835000 1.342125 2.846025
1.840000 1.343775 2.849625
1.845000 1.345375 2.853225
1.850000 1.346975 2.856825
1.855000 1.348625 2.860425
1.860000 1.350275 2.864075
1.865000 1.351875 2.867725
1.870000 1.353525 2.871325
1.875000 1.355175 2.874975
1.880000 1.356775 2.878625
1.885000 1.358425 2.882275
1.890000 1.360075 2.885925
1.895000 1.361725 2.889575
1.900000 1.363375 2.893275
1.905000 1.365025 2.896925
1.910000 1.366675 2.900625
1.915000 1.368375 2.904325
1.920000 1.370025 2.907975
1.925000 1.371675 2.911675
1.930000 1.373375 2.915375
1.935000 1.375025 2.919075
1.940000 1.376725 2.922825
1.945000 1.378375 2.926525
1.950000 1.380075 2.930225
1.955000 1.381775 2.933975
1.960000 1.383425 2.937725
1.965000 1.385125 2.941425
1.970000 1.386825 2.945175
1.975000 1.388525 2.948925
1.980000 1.390225 2.952675
1.985000 1.391925 2.956425
1.990000 1.393625 2.960225
1.995000 1.395325 2.963975
2.000000 1.397025 2.967775
2.005000 1.398775 2.971525
2.010000 1.400475 2.975325
2.015000 1.402175 2.979125
2.020000 1.403925 2.982875
2.025000 1.405625 2.986675
2.030000 1.407375 2.990475
2.035000 1.409125 2.994325
2.040000 1.410825 2.998125
2.045000 1.412575 3.001925
2.050000 1.414325 3.005775
2.055000 1.416075 3.009575
2.060000 1.417825 3.013425
2.065000 1.419575 3.017275
2.070000 1.421325 3.021075
2.075000 1.423075 3.024925
2.080000 1.424825 3.028775
2.085000 1.426575 3.032675
2.090000 1.428325 3.036525
2.095000 1.430125 3.040375
2.100000 1.431875 3.044225
2.105000 1.433675 3.048125
2.110000 1.435425 3.052025
2.115000 1.437225 3.055875
2.120000 1.438975 3.059775
2.125000 1.440775 3.063675
2.130000 1.442575 3.067575
2.135000 1.444375 3.071475
2.140000 1.446125 3.075375
2.145000 1.447925 3.079275
2.150000 1.449725 3.083225
2.155000 1.451525 3.087125
2.160000 1.453325 3.091075
2.165000 1.455175 3.094975
2.170000 1.456975 3.098925
2.175000 1.458775 3.102875
2.180000 1.460575 3.106825
2.185000 1.462425 3.110775
2.190000 1.464225 3.114725
2.195000 1.466075 3.118675
2.200000 1.467875 3.122625
2.205000 1.469725 3.126575
2.210000 1.471575 3.130575
2.215000 1.473375 3.134525
2.220000 1.475225 3.138525
2.225000 1.477075 3.142475
2.230000 1.478925 3.146475
2.235000 1.480775 3.150475
2.240000 1.482625 3.154475
2.245000 1.484475 3.158475
2.250000 1.486325 3.162475
2.255000 1.488225 3.166475
2.260000 1.490075 3.170475
2.265000 1.491925 3.174525
2.270000 1.493825 3.178525
2.275000 1.495675 3.182525
2.280000 1.497575 3.186575
2.285000 1.499425 3.190625
2.290000 1.501325 3.194625
2.295000 1.503175 3.198675
2.300000 1.505075 3.202725
2.305000 1.506975 3.206775
2.310000 1.508875 3.210825
2.315000 1.510775 3.214875
2.320000 1.512675 3.218975
2.325000 1.514575 3.223025
2.330000 1.516475 3.227075
2.335000 1.518375 3.231175
2.340000 1.520275 3.235225
2.345000 1.522225 3.239325
2.350000 1.524125 3.243425
2.355000 1.526025 3.247475
2.360000 1.527975 3.251575
2.365000 1.529875 3.255675
2.370000 1.531825 3.259775
2.375000 1.533775 3.263875
2.380000 1.535675 3.267975
2.385000 1.537625 3.272125
2.390000 1.539575 3.276225
2.395000 1.541525 3.280325
2.400000 1.543475 3.284475
2.405000 1.545425 3.288575
2.410000 1.547375 3.292725
2.415000 1.549325 3.296875
2.420000 1.551275 3.300975
2.425000 1.553225 3.305125
2.430000 1.555175 3.309275
2.435000 1.557175 3.313425
2.440000 1.559125 3.317575
2.445000 1.561125 3.321725
2.450000 1.563075 3.325875
2.455000 1.565075 3.330075
2.460000 1.567025 3.334225
2.465000 1.569025 3.338375
2.470000 1.571025 3.342575
2.475000 1.573025 3.346725
2.480000 1.575025 3.350925
2.485000 1.577025 3.355125
2.490000 1.579025 3.359325
2.495000 1.581025 3.363475
2.500000 1.583025 3.367675
2.505000 1.585025 3.371875
2.510000 1.587025 3.376075
2.515000 1.589025 3.380275
2.520000 1.591075 3.384525
2.525000 1.593075 3.388725
2.530000 1.595125 3.392925
2.535000 1.597125 3.397175
2.540000 1.599175 3.401375
2.545000 1.601225 3.405625
2.550000 1.603225 3.409825
2.555000 1.605275 3.414075
2.560000 1.607325 3.418325
2.565000 1.609375 3.422525
2.570000 1.611425 3.426775
2.575000 1.613475 3.431025
2.580000 1.615525 3.435275
2.585000 1.617575 3.439525
2.590000 1.619625 3.443825
2.595000 1.621675 3.448075
2.600000 1.623775 3.452325
2.605000 1.625825 3.456575
2.610000 1.627875 3.460875
2.615000 1.629975 3.465125
2.620000 1.632025 3.469425
2.625000 1.634125 3.473675
2.630000 1.636225 3.477975
2.635000 1.638275 3.482275
2.640000 1.640375 3.486525
2.645000 1.642475 3.490825
2.650000 1.644575 3.495125
2.655000 1.646675 3.499425
2.660000 1.648775 3.503725
2.665000 1.650875 3.508025
2.670000 1.652975 3.512325
2.675000 1.655075 3.516675
2.680000 1.657225 3.520975
2.685000 1.659325 3.525275
2.690000 1.661425 3.529625
2.695000 1.663575 3.533925
2.700000 1.665675 3.538275
2.705000 1.667825 3.542575
2.710000 1.669975 3.546925
2.715000 1.672075 3.551275
2.720000 1.674225 3.555575
2.725000 1.676375 3.559925
2.730000 1.678525 3.564275
2.735000 1.680675 3.568625
2.740000 1.682825 3.572975
2.745000 1.684975 3.577325
2.750000 1.687125 3.581675
2.755000 1.689275 3.586075
2.760000 1.691425 3.590425
2.765000 1.693575 3.594775
2.770000 1.695775 3.599125
2.775000 1.697925 3.603525
2.780000 1.700125 3.607875
2.785000 1.702275 3.612275
2.790000 1.704475 3.616675
2.795000 1.706625 3.621025
2.800000 1.708825 3.625425
2.805000 1.711025 3.629825
2.810000 1.713225 3.634175
2.815000 1.715425 3.638575
2.820000 1.717625 3.642975
2.825000 1.719825 3.647375
2.830000 1.722025 3.651775
2.835000 1.724225 3.656175
2.840000 1.726425 3.660625
2.845000 1.728625 3.665025
2.850000 1.730825 3.669425
2.855000 1.733075 3.673825
2.860000 1.735275 3.678275
2.865000 1.737525 3.682675
2.870000 1.739725 3.687125
2.875000 1.741975 3.691525
2.880000 1.744225 3.695975
2.885000 1.746425 3.700425
2.890000 1.748675 3.704825
2.895000 1.750925 3.709275
2.900000 1.753175 3.713725
2.905000 1.755425 3.718175
2.910000 1.757675 3.722625
2.915000 1.759925 3.727075
2.920000 1.762175 3.731525
2.925000 1.764425 3.735975
2.930000 1.766725 3.740425
2.935000 1.768975 3.744875
2.940000 1.771225 3.749325
2.945000 1.773525 3.753775
2.950000 1.775775 3.758275
2.955000 1.778075 3.762725
2.960000 1.780375 3.767225
2.965000 1.782625 3.771675
2.970000 1.784925 3.776175
2.975000 1.787225 3.780625
2.980000 1.789525 3.785125
2.985000 1.791825 3.789625
2.990000 1.794125 3.794075
2.995000 1.796425 3.798575
3.000000 1.798725 3.803075
3.005000 1.801025 3.807575
3.010000 1.803325 3.812075
3.015000 1.805675 3.816575
3.020000 1.807975 3.821075
3.025000 1.810275 3.825575
3.030000 1.812625 3.830075
3.035000 1.814925 3.834575
3.040000 1.817275 3.839125
3.045000 1.819625 3.843625
3.050000 1.821925 3.848125
3.055000 1.824275 3.852675
3.060000 1.826625 3.857175
3.065000 1.828975 3.861675
3.070000 1.831325 3.866225
3.075000 1.833675 3.870775
3.080000 1.836025 3.875275
3.085000 1.838375 3.879825
3.090000 1.840725 3.884375
3.095000 1.843125 3.888875
3.100000 1.845475 3.893425
3.105000 1.847825 3.897975
3.110000 1.850225 3.902525
3.115000 1.852575 3.907075
3.120000 1.854975 3.911625
3.125000 1.857375 3.916175
3.130000 1.859725 3.920725
3.135000 1.862125 3.925275
3.140000 1.864525 3.929825
3.145000 1.866925 3.934425
3.150000 1.869325 3.938975
3.155000 1.871725 3.943525
3.160000 1.874125 3.948125
3.165000 1.876525 3.952675
3.170000 1.878925 3.957225
3.175000 1.881325 3.961825
3.180000 1.883775 3.966375
3.185000 1.886175 3.970975
3.190000 1.888575 3.975575
3.195000 1.891025 3.980125
3.200000 1.893425 3.984725
3.205000 1.895875 3.989325
3.210000 1.898325 3.993925
3.215000 1.900725 3.998525
3.220000 1.903175 4.003075
3.225000 1.905625 4.007675
3.230000 1.908075 4.012275
3.235000 1.910525 4.016875
3.240000 1.912975 4.021475
3.245000 1.915425 4.026125
3.250000 1.917875 4.030725
3.255000 1.920375 4.035325
3.260000 1.922825 4.039925
3.265000 1.925275 4.044575
3.270000 1.927775 4.049175
3.275000 1.930225 4.053775
3.280000 1.932725 4.058425
3.285000 1.935175 4.063025
3.290000 1.937675 4.067675
3.295000 1.940175 4.072275
3.300000 1.942625 4.076925
3.305000 1.945125 4.081525
3.310000 1.947625 4.086175
3.315000 1.950125 4.090825
3.320000 1.952625 4.095425
3.325000 1.955125 4.100075
3.330000 1.957625 4.104725
3.335000 1.960125 4.109375
3.340000 1.962675 4.114025
3.345000 1.965175 4.118675
3.350000 1.967675 4.123325
3.355000 1.970225 4.127975
3.360000 1.972725 4.132625
3.365000 1.975275 4.137275
3.370000 1.977825 4.141925
3.375000 1.980325 4.146575
3.380000 1.982875 4.151275
3.385000 1.985425 4.155925
3.390000 1.987975 4.160575
3.395000 1.990525 4.165275
3.400000 1.993075 4.169925
3.405000 1.995625 4.174575
3.410000 1.998175 4.179275
3.415000 2.000725 4.183925
3.420000 2.003275 4.188625
3.425000 2.005875 4.193275
3.430000 2.008425 4.197975
3.435000 2.010975 4.202675
3.440000 2.013575 4.207325
3.445000 2.016125 4.212025
3.450000 2.018725 4.216725
3.455000 2.021325 4.221425
3.460000 2.023875 4.226125
3.465000 2.026475 4.230825
3.470000 2.029075 4.235475
3.475000 2.031675 4.240175
3.480000 2.034275 4.244875
3.485000 2.036875 4.249575
3.490000 2.039475 4.254325
3.495000 2.042075 4.259025
3.500000 2.044725 4.263725
3.505000 2.047325 4.268425
3.510000 2.049925 4.273125
3.515000 2.052575 4.277875
3.520000 2.055175 4.282575
3.525000 2.057825 4.287275
3.530000 2.060425 4.292025
3.535000 2.063075 4.296725
3.540000 2.065725 4.301425
3.545000 2.068325 4.306175
3.550000 2.070975 4.310875
3.555000 2.073625 4.315625
3.560000 2.076275 4.320375
3.565000 2.078925 4.325075
3.570000 2.081575 4.329825
3.575000 2.084225 4.334575
3.580000 2.086925 4.339275
3.585000 2.089575 4.344025
3.590000 2.092225 4.348775
3.595000 2.094925 4.353525
3.600000 2.097575 4.358275
3.605000 2.100275 4.362975
3.610000 2.102925 4.367725
3.615000 2.105625 4.372475
3.620000 2.108275 4.377225
3.625000 2.110975 4.382025
3.630000 2.113675 4.386775
3.635000 2.116375 4.391525
3.640000 2.119075 4.396275
3.645000 2.121775 4.401025
3.650000 2.124475 4.405775
3.655000 2.127175 4.410575
3.660000 2.129875 4.415325
3.665000 2.132625 4.420075
3.670000 2.135325 4.424875
3.675000 2.138025 4.429625
3.680000 2.140775 4.434375
3.685000 2.143475 4.439175
3.690000 2.146225 4.443925
3.695000 2.148925 4.448725
3.700000 2.151675 4.453475
3.705000 2.154425 4.458275
3.710000 2.157175 4.463075
3.715000 2.159925 4.467825
3.720000 2.162625 4.472625
3.725000 2.165375 4.477425
3.730000 2.168175 4.482225
3.735000 2.170925 4.486975
3.740000 2.173675 4.491775
3.745000 2.176425 4.496575
3.750000 2.179175 4.501375
3.755000 2.181975 4.506175
3.760000 2.184725 4.510975
3.765000 2.187525 4.515775
3.770000 2.190275 4.520575
3.775000 2.193075 4.525375
3.780000 2.195875 4.530175
3.785000 2.198625 4.534975
3.790000 2.201425 4.539775
3.795000 2.204225 4.544575
3.800000 2.207025 4.549425
3.805000 2.209825 4.554225
3.810000 2.212625 4.559025
3.815000 2.215425 4.563875
3.820000 2.218225 4.568675
3.825000 2.221025 4.573475
3.830000 2.223875 4.578325
3.835000 2.226675 4.583125
3.840000 2.229475 4.587975
3.845000 2.232325 4.592775
3.850000 2.235175 4.597625
3.855000 2.237975 4.602425
3.860000 2.240825 4.607275
3.865000 2.243675 4.612075
3.870000 2.246475 4.616925
3.875000 2.249325 4.621775
3.880000 2.252175 4.626575
3.885000 2.255025 4.631425
3.890000 2.257875 4.636275
3.895000 2.260725 4.641125
3.900000 2.263575 4.645975
3.905000 2.266475 4.650825
3.910000 2.269325 4.655625
3.915000 2.272175 4.660475
3.920000 2.275075 4.665325
3.925000 2.277925 4.670175
3.930000 2.280825 4.675025
3.935000 2.283675 4.679875
3.940000 2.286575 4.684725
3.945000 2.289475 4.689625
3.950000 2.292325 4.694475
3.955000 2.295225 4.699325
3.960000 2.298125 4.704175
3.965000 2.301025 4.709025
3.970000 2.303925 4.713925
3.975000 2.306825 4.718775
3.980000 2.309725 4.723625
3.985000 2.312675 4.728525
3.990000 2.315575 4.733375
3.995000 2.318475 4.738225
4.000000 2.321425 4.743125
4.005000 2.324325 4.747975
4.010000 2.327275 4.752875
4.015000 2.330175 4.757725
4.020000 2.333125 4.762625
4.025000 2.336025 4.767475
4.030000 2.338975 4.772375
4.035000 2.341925 4.777275
4.040000 2.344875 4.782125
4.045000 2.347825 4.787025
4.050000 2.350775 4.791925
4.055000 2.353725 4.796825
4.060000 2.356675 4.801675
4.065000 2.359625 4.806575
4.070000 2.362625 4.811475
4.075000 2.365575 4.816375
4.080000 2.368525 4.821275
4.085000 2.371525 4.826175
4.090000 2.374475 4.831075
4.095000 2.377475 4.835975
4.100000 2.380475 4.840875
4.105000 2.383425 4.845775
4.110000 2.386425 4.850675
4.115000 2.389425 4.855575
4.120000 2.392425 4.860475
4.125000 2.395425 4.865375
4.130000 2.398425 4.870275
4.135000 2.401425 4.875175
4.140000 2.404425 4.880125
4.145000 2.407425 4.885025
4.150000 2.410425 4.889925
4.155000 2.413475 4.894825
4.160000 2.416475 4.899775
4.165000 2.419475 4.904675
4.170000 2.422525 4.909625
4.175000 2.425525 4.914525
4.180000 2.428575 4.919425
4.185000 2.431625 4.924375
4.190000 2.434675 4.929275
4.195000 2.437675 4.934225
4.200000 2.440725 4.939175
4.205000 2.443775 4.944075
4.210000 2.446825 4.949025
4.215000 2.449875 4.953925
4.220000 2.452925 4.958875
4.225000 2.456025 4.963825
4.230000 2.459075 4.968725
4.235000 2.462125 4.973675
4.240000 2.465175 4.978625
4.245000 2.468275 4.983575
4.250000 2.471325 4.988525
4.255000 2.474425 4.993425
4.260000 2.477525 4.998375
4.265000 2.480575 5.003325
4.270000 2.483675 5.008275
4.275000 2.486775 5.013225
4.280000 2.489875 5.018175
4.285000 2.492975 5.023125
4.290000 2.496075 5.028075
4.295000 2.499175 5.033025
4.300000 2.502275 5.037975
4.305000 2.505375 5.042925
4.310000 2.508475 5.047875
4.315000 2.511575 5.052875
4.320000 2.514725 5.057825
4.325000 2.517825 5.062775
4.330000 2.520975 5.067725
4.335000 2.524075 5.072675
4.340000 2.527225 5.077675
4.345000 2.530375 5.082625
4.350000 2.533475 5.087575
4.355000 2.536625 5.092575
4.360000 2.539775 5.097525
4.365000 2.542925 5.102525
4.370000 2.546075 5.107475
4.375000 2.549225 5.112425
4.380000 2.552375 5.117425
4.385000 2.555525 5.122375
4.390000 2.558675 5.127375
4.395000 2.561875 5.132375
4.400000 2.565025 5.137325
4.405000 2.568175 5.142325
4.410000 2.571375 5.147275
4.415000 2.574525 5.152275
4.420000 2.577725 5.157275
4.425000 2.580925 5.162225
4.430000 2.584075 5.167225
4.435000 2.587275 5.172225
4.440000 2.590475 5.177225
4.445000 2.593675 5.182225
4.450000 2.596875 5.187175
4.455000 2.600075 5.192175
4.460000 2.603275 5.197175
4.465000 2.606475 5.202175
4.470000 2.609675 5.207175
4.475000 2.612925 5.212175
4.480000 2.616125 5.217175
4.485000 2.619375 5.222175
4.490000 2.622575 5.227175
4.495000 2.625825 5.232175
4.500000 2.629025 5.237175
4.505000 2.632275 5.242175
4.510000 2.635475 5.247175
4.515000 2.638725 5.252175
4.520000 2.641975 5.257225
4.525000 2.645225 5.262225
4.530000 2.648475 5.267225
4.535000 2.651725 5.272225
4.540000 2.654975 5.277275
4.545000 2.658225 5.282275
4.550000 2.661475 5.287275
4.555000 2.664775 5.292325
4.560000 2.668025 5.297325
4.565000 2.671275 5.302325
4.570000 2.674575 5.307375
4.575000 2.677825 5.312375
4.580000 2.681125 5.317425
4.585000 2.684425 5.322425
4.590000 2.687675 5.327475
4.595000 2.690975 5.332475
4.600000 2.694275 5.337525
4.605000 2.697575 5.342525
4.610000 2.700875 5.347575
4.615000 2.704175 5.352625
4.620000 2.707475 5.357625
4.625000 2.710775 5.362675
4.630000 2.714075 5.367725
4.635000 2.717375 5.372725
4.640000 2.720725 5.377775
4.645000 2.724025 5.382825
4.650000 2.727375 5.387875
4.655000 2.730675 5.392875
4.660000 2.734025 5.397925
4.665000 2.737325 5.402975
4.670000 2.740675 5.408025
4.675000 2.744025 5.413075
4.680000 2.747375 5.418125
4.685000 2.750675 5.423175
4.690000 2.754025 5.428225
4.695000 2.757375 5.433275
4.700000 2.760725 5.438325
4.705000 2.764125 5.443375
4.710000 2.767475 5.448425
4.715000 2.770825 5.453475
4.720000 2.774175 5.458525
4.725000 2.777575 5.463575
4.730000 2.780925 5.468625
4.735000 2.784325 5.473675
4.740000 2.787675 5.478775
4.745000 2.791075 5.483825
4.750000 2.794425 5.488875
4.755000 2.797825 5.493925
4.760000 2.801225 5.499025
4.765000 2.804625 5.504075
4.770000 2.808025 5.509125
4.775000 2.811425 5.514225
4.780000 2.814825 5.519275
4.785000 2.818225 5.524325
4.790000 2.821625 5.529425
4.795000 2.825025 5.534475
4.800000 2.828475 5.539575
4.805000 2.831875 5.544625
4.810000 2.835275 5.549725
4.815000 2.838725 5.554775
4.820000 2.842175 5.559875
4.825000 2.845575 5.564925
4.830000 2.849025 5.570025
4.835000 2.852475 5.575125
4.840000 2.855875 5.580175
4.845000 2.859325 5.585275
4.850000 2.862775 5.590375
4.855000 2.866225 5.595425
4.860000 2.869675 5.600525
4.865000 2.873125 5.605625
4.870000 2.876575 5.610725
4.875000 2.880075 5.615775
4.880000 2.883525 5.620875
4.885000 2.886975 5.625975
4.890000 2.890475 5.631075
4.895000 2.893925 5.636175
4.900000 2.897425 5.641275
4.905000 2.900875 5.646375
4.910000 2.904375 5.651475
4.915000 2.907875 5.656575
4.920000 2.911325 5.661675
4.925000 2.914825 5.666775
4.930000 2.918325 5.671875
4.935000 2.921825 5.676975
4.940000 2.925325 5.682075
4.945000 2.928825 5.687175
4.950000 2.932325 5.692275
4.955000 2.935875 5.697375
4.960000 2.939375 5.702475
4.965000 2.942875 5.707625
4.970000 2.946425 5.712725
4.975000 2.949925 5.717825
4.980000 2.953475 5.722925
4.985000 2.956975 5.728025
4.990000 2.960525 5.733175
4.995000 2.964025 5.738275
