2.4000000010 0.1172296045 1.4052489404 3.5802198975
2.5000000010 0.1924827490 1.4729267236 3.6561984912
2.6000000010 0.2552249756 1.5408287842 3.7338913916
2.7000000010 0.3130940088 1.6095450244 3.8133481494
2.8000000010 0.3686679834 1.6787737451 3.8946451709
2.9000000010 0.4239644482 1.7466957275 3.9779302588
3.0000000010 0.6078786572 1.8137416553 4.0637607373
3.1000000010 0.7505553955 1.8797678760 4.1505441651
3.2000000010 0.8699819385 1.9445578760 4.2374472315
3.3000000010 0.9823634912 2.0078517627 4.3247598486
3.4000000010 1.0919965381 2.0693450635 4.4125501611
3.5000000010 1.2007011377 2.1286756397 4.5008445264
3.6000000010 1.3093199463 2.1853987158 4.5896571533
3.7000000010 1.4181018994 2.2389444385 4.6789999560
3.8000000010 1.5267192725 2.2885436865 4.7688864502
3.9000000010 1.6340045752 2.3330904053 4.8593332666
4.0000000010 1.7371948389 2.3708593018 4.9503602881
4.1000000010 1.8291959131 2.3988320557 5.0419901318
4.2000000010 1.9156401025 2.4106369190 5.1342472314
4.3000000010 2.0645408252 2.3858956982 5.2271567627
