0.0600000000 0.0249926000
0.0605000000 0.0251976000
0.0610000000 0.0254076000
0.0615000000 0.0256176000
0.0620000000 0.0258226000
0.0625000000 0.0260326000
0.0630000000 0.0262376000
0.0635000000 0.0264476000
0.0640000000 0.0266526000
0.0645000000 0.0268626000
0.0650000000 0.0270726000
0.0655000000 0.0272776000
0.0660000000 0.0274876000
0.0665000000 0.0276926000
0.0670000000 0.0279026000
0.0675000000 0.0281076000
0.0680000000 0.0283176000
0.0685000000 0.0285226000
0.0690000000 0.0287326000
0.0695000000 0.0289426000
0.0700000000 0.0291476000
0.0705000000 0.0293576000
0.0710000000 0.0295626000
0.0715000000 0.0297726000
0.0720000000 0.0299776000
0.0725000000 0.0301876000
0.0730000000 0.0303926000
0.0735000000 0.0306026000
0.0740000000 0.0308076000
0.0745000000 0.0310176000
0.0750000000 0.0312276000
0.0755000000 0.0314326000
0.0760000000 0.0316426000
0.0765000000 0.0318476000
0.0770000000 0.0320576000
0.0775000000 0.0322626000
0.0780000000 0.0324726000
0.0785000000 0.0326776000
0.0790000000 0.0328876000
0.0795000000 0.0330926000
0.0800000000 0.0333026000
0.0805000000 0.0335076000
0.0810000000 0.0337176000
0.0815000000 0.0339226000
0.0820000000 0.0341326000
0.0825000000 0.0343376000
0.0830000000 0.0345476000
0.0835000000 0.0347526000
0.0840000000 0.0349626000
0.0845000000 0.0351676000
0.0850000000 0.0353776000
0.0855000000 0.0355826000
0.0860000000 0.0357926000
0.0865000000 0.0359976000
0.0870000000 0.0362076000
0.0875000000 0.0364126000
0.0880000000 0.0366226000
0.0885000000 0.0368276000
0.0890000000 0.0370376000
0.0895000000 0.0372426000
0.0900000000 0.0374476000
0.0905000000 0.0376576000
0.0910000000 0.0378626000
0.0915000000 0.0380726000
0.0920000000 0.0382776000
0.0925000000 0.0384876000
0.0930000000 0.0386926000
0.0935000000 0.0389026000
0.0940000000 0.0391076000
0.0945000000 0.0393176000
0.0950000000 0.0395226000
0.0955000000 0.0397276000
0.0960000000 0.0399376000
0.0965000000 0.0401426000
0.0970000000 0.0403526000
0.0975000000 0.0405576000
0.0980000000 0.0407676000
0.0985000000 0.0409726000
0.0990000000 0.0411776000
0.0995000000 0.0413876000
0.1000000000 0.0415926000
0.1005000000 0.0418026000
0.1010000000 0.0420076000
0.1015000000 0.0422126000
0.1020000000 0.0424226000
0.1025000000 0.0426276000
0.1030000000 0.0428376000
0.1035000000 0.0430426000
0.1040000000 0.0432476000
0.1045000000 0.0434576000
0.1050000000 0.0436626000
0.1055000000 0.0438726000
0.1060000000 0.0440776000
0.1065000000 0.0442826000
0.1070000000 0.0444926000
0.1075000000 0.0446976000
0.1080000000 0.0449026000
0.1085000000 0.0451126000
0.1090000000 0.0453176000
0.1095000000 0.0455276000
0.1100000000 0.0457326000
0.1105000000 0.0459376000
0.1110000000 0.0461476000
0.1115000000 0.0463526000
0.1120000000 0.0465576000
0.1125000000 0.0467676000
0.1130000000 0.0469726000
0.1135000000 0.0471776000
0.1140000000 0.0473876000
0.1145000000 0.0475926000
0.1150000000 0.0477976000
0.1155000000 0.0480076000
0.1160000000 0.0482126000
0.1165000000 0.0484176000
0.1170000000 0.0486276000
0.1175000000 0.0488326000
0.1180000000 0.0490376000
0.1185000000 0.0492476000
0.1190000000 0.0494526000
0.1195000000 0.0496576000
0.1200000000 0.0498626000
0.1205000000 0.0500726000
0.1210000000 0.0502776000
0.1215000000 0.0504826000
0.1220000000 0.0506926000
0.1225000000 0.0508976000
0.1230000000 0.0511026000
0.1235000000 0.0513076000
0.1240000000 0.0515176000
0.1245000000 0.0517226000
0.1250000000 0.0519276000
0.1255000000 0.0521376000
0.1260000000 0.0523426000
0.1265000000 0.0525476000
0.1270000000 0.0527526000
0.1275000000 0.0529626000
0.1280000000 0.0531676000
0.1285000000 0.0533726000
0.1290000000 0.0535776000
0.1295000000 0.0537876000
0.1300000000 0.0539926000
0.1305000000 0.0541976000
0.1310000000 0.0544026000
0.1315000000 0.0546076000
0.1320000000 0.0548176000
0.1325000000 0.0550226000
0.1330000000 0.0552276000
0.1335000000 0.0554326000
0.1340000000 0.0556426000
0.1345000000 0.0558476000
0.1350000000 0.0560526000
0.1355000000 0.0562576000
0.1360000000 0.0564626000
0.1365000000 0.0566726000
0.1370000000 0.0568776000
0.1375000000 0.0570826000
0.1380000000 0.0572876000
0.1385000000 0.0574926000
0.1390000000 0.0576976000
0.1395000000 0.0579076000
0.1400000000 0.0581126000
0.1405000000 0.0583176000
0.1410000000 0.0585226000
0.1415000000 0.0587276000
0.1420000000 0.0589326000
0.1425000000 0.0591426000
0.1430000000 0.0593476000
0.1435000000 0.0595526000
0.1440000000 0.0597576000
0.1445000000 0.0599626000
0.1450000000 0.0601676000
0.1455000000 0.0603726000
0.1460000000 0.0605776000
0.1465000000 0.0607876000
0.1470000000 0.0609926000
0.1475000000 0.0611976000
0.1480000000 0.0614026000
0.1485000000 0.0616076000
0.1490000000 0.0618126000
0.1495000000 0.0620176000
0.1500000000 0.0622226000
0.1505000000 0.0624276000
0.1510000000 0.0626376000
0.1515000000 0.0628426000
0.1520000000 0.0630476000
0.1525000000 0.0632526000
0.1530000000 0.0634576000
0.1535000000 0.0636626000
0.1540000000 0.0638676000
0.1545000000 0.0640726000
0.1550000000 0.0642776000
0.1555000000 0.0644826000
0.1560000000 0.0646876000
0.1565000000 0.0648926000
0.1570000000 0.0650976000
0.1575000000 0.0653026000
0.1580000000 0.0655076000
0.1585000000 0.0657126000
0.1590000000 0.0659176000
0.1595000000 0.0661226000
0.1600000000 0.0663276000
0.1605000000 0.0665376000
0.1610000000 0.0667426000
0.1615000000 0.0669476000
0.1620000000 0.0671526000
0.1625000000 0.0673576000
0.1630000000 0.0675626000
0.1635000000 0.0677676000
0.1640000000 0.0679726000
0.1645000000 0.0681776000
0.1650000000 0.0683776000
0.1655000000 0.0685826000
0.1660000000 0.0687876000
0.1665000000 0.0689926000
0.1670000000 0.0691976000
0.1675000000 0.0694026000
0.1680000000 0.0696076000
0.1685000000 0.0698126000
0.1690000000 0.0700176000
0.1695000000 0.0702226000
0.1700000000 0.0704276000
0.1705000000 0.0706326000
0.1710000000 0.0708376000
0.1715000000 0.0710426000
0.1720000000 0.0712476000
0.1725000000 0.0714526000
0.1730000000 0.0716576000
0.1735000000 0.0718626000
0.1740000000 0.0720626000
0.1745000000 0.0722676000
0.1750000000 0.0724726000
0.1755000000 0.0726776000
0.1760000000 0.0728826000
0.1765000000 0.0730876000
0.1770000000 0.0732926000
0.1775000000 0.0734976000
0.1780000000 0.0737026000
0.1785000000 0.0739076000
0.1790000000 0.0741076000
0.1795000000 0.0743126000
0.1800000000 0.0745176000
0.1805000000 0.0747226000
0.1810000000 0.0749276000
0.1815000000 0.0751326000
0.1820000000 0.0753376000
0.1825000000 0.0755376000
0.1830000000 0.0757426000
0.1835000000 0.0759476000
0.1840000000 0.0761526000
0.1845000000 0.0763576000
0.1850000000 0.0765626000
0.1855000000 0.0767626000
0.1860000000 0.0769676000
0.1865000000 0.0771726000
0.1870000000 0.0773776000
0.1875000000 0.0775826000
0.1880000000 0.0777826000
0.1885000000 0.0779876000
0.1890000000 0.0781926000
0.1895000000 0.0783976000
0.1900000000 0.0785976000
0.1905000000 0.0788026000
0.1910000000 0.0790076000
0.1915000000 0.0792126000
0.1920000000 0.0794176000
0.1925000000 0.0796176000
0.1930000000 0.0798226000
0.1935000000 0.0800276000
0.1940000000 0.0802326000
0.1945000000 0.0804326000
0.1950000000 0.0806376000
0.1955000000 0.0808426000
0.1960000000 0.0810476000
0.1965000000 0.0812476000
0.1970000000 0.0814526000
0.1975000000 0.0816576000
0.1980000000 0.0818576000
0.1985000000 0.0820626000
0.1990000000 0.0822676000
0.1995000000 0.0824676000
0.2000000000 0.0826726000
0.2005000000 0.0828776000
0.2010000000 0.0830826000
0.2015000000 0.0832826000
0.2020000000 0.0834876000
0.2025000000 0.0836926000
0.2030000000 0.0838926000
0.2035000000 0.0840976000
0.2040000000 0.0843026000
0.2045000000 0.0845026000
0.2050000000 0.0847076000
0.2055000000 0.0849126000
0.2060000000 0.0851126000
0.2065000000 0.0853176000
0.2070000000 0.0855176000
0.2075000000 0.0857226000
0.2080000000 0.0859276000
0.2085000000 0.0861276000
0.2090000000 0.0863326000
0.2095000000 0.0865376000
0.2100000000 0.0867376000
0.2105000000 0.0869426000
0.2110000000 0.0871426000
0.2115000000 0.0873476000
0.2120000000 0.0875526000
0.2125000000 0.0877526000
0.2130000000 0.0879576000
0.2135000000 0.0881576000
0.2140000000 0.0883626000
0.2145000000 0.0885626000
0.2150000000 0.0887676000
0.2155000000 0.0889726000
0.2160000000 0.0891726000
0.2165000000 0.0893776000
0.2170000000 0.0895776000
0.2175000000 0.0897826000
0.2180000000 0.0899826000
0.2185000000 0.0901876000
0.2190000000 0.0903876000
0.2195000000 0.0905926000
0.2200000000 0.0907926000
0.2205000000 0.0909976000
0.2210000000 0.0911976000
0.2215000000 0.0914026000
0.2220000000 0.0916026000
0.2225000000 0.0918076000
0.2230000000 0.0920076000
0.2235000000 0.0922126000
0.2240000000 0.0924126000
0.2245000000 0.0926176000
0.2250000000 0.0928176000
0.2255000000 0.0930226000
0.2260000000 0.0932226000
0.2265000000 0.0934276000
0.2270000000 0.0936276000
0.2275000000 0.0938326000
0.2280000000 0.0940326000
0.2285000000 0.0942376000
0.2290000000 0.0944376000
0.2295000000 0.0946376000
0.2300000000 0.0948426000
0.2305000000 0.0950426000
0.2310000000 0.0952476000
0.2315000000 0.0954476000
0.2320000000 0.0956526000
0.2325000000 0.0958526000
0.2330000000 0.0960526000
0.2335000000 0.0962576000
0.2340000000 0.0964576000
0.2345000000 0.0966626000
0.2350000000 0.0968626000
0.2355000000 0.0970626000
0.2360000000 0.0972676000
0.2365000000 0.0974676000
0.2370000000 0.0976676000
0.2375000000 0.0978726000
0.2380000000 0.0980726000
0.2385000000 0.0982776000
0.2390000000 0.0984776000
0.2395000000 0.0986776000
0.2400000000 0.0988826000
0.2405000000 0.0990826000
0.2410000000 0.0992826000
0.2415000000 0.0994876000
0.2420000000 0.0996876000
0.2425000000 0.0998876000
0.2430000000 0.1000926000
0.2435000000 0.1002926000
0.2440000000 0.1004926000
0.2445000000 0.1006976000
0.2450000000 0.1008976000
0.2455000000 0.1010976000
0.2460000000 0.1012976000
0.2465000000 0.1015026000
0.2470000000 0.1017026000
0.2475000000 0.1019026000
0.2480000000 0.1021076000
0.2485000000 0.1023076000
0.2490000000 0.1025076000
0.2495000000 0.1027076000
0.2500000000 0.1029126000
0.2505000000 0.1031126000
0.2510000000 0.1033126000
0.2515000000 0.1035126000
0.2520000000 0.1037176000
0.2525000000 0.1039176000
0.2530000000 0.1041176000
0.2535000000 0.1043176000
0.2540000000 0.1045176000
0.2545000000 0.1047226000
0.2550000000 0.1049226000
0.2555000000 0.1051226000
0.2560000000 0.1053226000
0.2565000000 0.1055276000
0.2570000000 0.1057276000
0.2575000000 0.1059276000
0.2580000000 0.1061276000
0.2585000000 0.1063276000
0.2590000000 0.1065276000
0.2595000000 0.1067326000
0.2600000000 0.1069326000
0.2605000000 0.1071326000
0.2610000000 0.1073326000
0.2615000000 0.1075326000
0.2620000000 0.1077326000
0.2625000000 0.1079376000
0.2630000000 0.1081376000
0.2635000000 0.1083376000
0.2640000000 0.1085376000
0.2645000000 0.1087376000
0.2650000000 0.1089376000
0.2655000000 0.1091376000
0.2660000000 0.1093426000
0.2665000000 0.1095426000
0.2670000000 0.1097426000
0.2675000000 0.1099426000
0.2680000000 0.1101426000
0.2685000000 0.1103426000
0.2690000000 0.1105426000
0.2695000000 0.1107426000
0.2700000000 0.1109426000
0.2705000000 0.1111426000
0.2710000000 0.1113426000
0.2715000000 0.1115476000
0.2720000000 0.1117476000
0.2725000000 0.1119476000
0.2730000000 0.1121476000
0.2735000000 0.1123476000
0.2740000000 0.1125476000
0.2745000000 0.1127476000
0.2750000000 0.1129476000
0.2755000000 0.1131476000
0.2760000000 0.1133476000
0.2765000000 0.1135476000
0.2770000000 0.1137476000
0.2775000000 0.1139476000
0.2780000000 0.1141476000
0.2785000000 0.1143476000
0.2790000000 0.1145476000
0.2795000000 0.1147476000
0.2800000000 0.1149476000
0.2805000000 0.1151476000
0.2810000000 0.1153476000
0.2815000000 0.1155476000
0.2820000000 0.1157476000
0.2825000000 0.1159476000
0.2830000000 0.1161476000
0.2835000000 0.1163476000
0.2840000000 0.1165476000
0.2845000000 0.1167476000
0.2850000000 0.1169476000
0.2855000000 0.1171476000
0.2860000000 0.1173476000
0.2865000000 0.1175476000
0.2870000000 0.1177476000
0.2875000000 0.1179476000
0.2880000000 0.1181476000
0.2885000000 0.1183476000
0.2890000000 0.1185476000
0.2895000000 0.1187426000
0.2900000000 0.1189426000
0.2905000000 0.1191426000
0.2910000000 0.1193426000
0.2915000000 0.1195426000
0.2920000000 0.1197426000
0.2925000000 0.1199426000
0.2930000000 0.1201426000
0.2935000000 0.1203426000
0.2940000000 0.1205426000
0.2945000000 0.1207426000
0.2950000000 0.1209376000
0.2955000000 0.1211376000
0.2960000000 0.1213376000
0.2965000000 0.1215376000
0.2970000000 0.1217376000
0.2975000000 0.1219376000
0.2980000000 0.1221376000
0.2985000000 0.1223376000
0.2990000000 0.1225326000
0.2995000000 0.1227326000
0.3000000000 0.1229326000
0.3005000000 0.1231326000
0.3010000000 0.1233326000
0.3015000000 0.1235326000
0.3020000000 0.1237276000
0.3025000000 0.1239276000
0.3030000000 0.1241276000
0.3035000000 0.1243276000
0.3040000000 0.1245276000
0.3045000000 0.1247276000
0.3050000000 0.1249226000
0.3055000000 0.1251226000
0.3060000000 0.1253226000
0.3065000000 0.1255226000
0.3070000000 0.1257226000
0.3075000000 0.1259176000
0.3080000000 0.1261176000
0.3085000000 0.1263176000
0.3090000000 0.1265176000
0.3095000000 0.1267176000
0.3100000000 0.1269126000
0.3105000000 0.1271126000
0.3110000000 0.1273126000
0.3115000000 0.1275126000
0.3120000000 0.1277076000
0.3125000000 0.1279076000
0.3130000000 0.1281076000
0.3135000000 0.1283076000
0.3140000000 0.1285026000
0.3145000000 0.1287026000
0.3150000000 0.1289026000
0.3155000000 0.1291026000
0.3160000000 0.1292976000
0.3165000000 0.1294976000
0.3170000000 0.1296976000
0.3175000000 0.1298976000
0.3180000000 0.1300926000
0.3185000000 0.1302926000
0.3190000000 0.1304926000
0.3195000000 0.1306876000
0.3200000000 0.1308876000
0.3205000000 0.1310876000
0.3210000000 0.1312876000
0.3215000000 0.1314826000
0.3220000000 0.1316826000
0.3225000000 0.1318826000
0.3230000000 0.1320776000
0.3235000000 0.1322776000
0.3240000000 0.1324776000
0.3245000000 0.1326726000
0.3250000000 0.1328726000
0.3255000000 0.1330726000
0.3260000000 0.1332726000
0.3265000000 0.1334676000
0.3270000000 0.1336676000
0.3275000000 0.1338676000
0.3280000000 0.1340626000
0.3285000000 0.1342626000
0.3290000000 0.1344626000
0.3295000000 0.1346576000
0.3300000000 0.1348576000
0.3305000000 0.1350526000
0.3310000000 0.1352526000
0.3315000000 0.1354526000
0.3320000000 0.1356476000
0.3325000000 0.1358476000
0.3330000000 0.1360476000
0.3335000000 0.1362426000
0.3340000000 0.1364426000
0.3345000000 0.1366426000
0.3350000000 0.1368376000
0.3355000000 0.1370376000
0.3360000000 0.1372326000
0.3365000000 0.1374326000
0.3370000000 0.1376326000
0.3375000000 0.1378276000
0.3380000000 0.1380276000
0.3385000000 0.1382276000
0.3390000000 0.1384226000
0.3395000000 0.1386226000
0.3400000000 0.1388176000
0.3405000000 0.1390176000
0.3410000000 0.1392176000
0.3415000000 0.1394126000
0.3420000000 0.1396126000
0.3425000000 0.1398076000
0.3430000000 0.1400076000
0.3435000000 0.1402076000
0.3440000000 0.1404026000
0.3445000000 0.1406026000
0.3450000000 0.1407976000
0.3455000000 0.1409976000
0.3460000000 0.1411926000
0.3465000000 0.1413926000
0.3470000000 0.1415926000
0.3475000000 0.1417876000
0.3480000000 0.1419876000
0.3485000000 0.1421826000
0.3490000000 0.1423826000
0.3495000000 0.1425776000
0.3500000000 0.1427776000
0.3505000000 0.1429776000
0.3510000000 0.1431726000
0.3515000000 0.1433726000
0.3520000000 0.1435676000
0.3525000000 0.1437676000
0.3530000000 0.1439626000
0.3535000000 0.1441626000
0.3540000000 0.1443576000
0.3545000000 0.1445576000
0.3550000000 0.1447576000
0.3555000000 0.1449526000
0.3560000000 0.1451526000
0.3565000000 0.1453476000
0.3570000000 0.1455476000
0.3575000000 0.1457426000
0.3580000000 0.1459426000
0.3585000000 0.1461376000
0.3590000000 0.1463376000
0.3595000000 0.1465326000
0.3600000000 0.1467326000
0.3605000000 0.1469326000
0.3610000000 0.1471276000
0.3615000000 0.1473276000
0.3620000000 0.1475226000
0.3625000000 0.1477226000
0.3630000000 0.1479176000
0.3635000000 0.1481176000
0.3640000000 0.1483126000
0.3645000000 0.1485126000
0.3650000000 0.1487076000
0.3655000000 0.1489076000
0.3660000000 0.1491026000
0.3665000000 0.1493026000
0.3670000000 0.1494976000
0.3675000000 0.1496976000
0.3680000000 0.1498926000
0.3685000000 0.1500926000
0.3690000000 0.1502876000
0.3695000000 0.1504876000
0.3700000000 0.1506826000
0.3705000000 0.1508826000
0.3710000000 0.1510776000
0.3715000000 0.1512776000
0.3720000000 0.1514776000
0.3725000000 0.1516726000
0.3730000000 0.1518726000
0.3735000000 0.1520676000
0.3740000000 0.1522676000
0.3745000000 0.1524626000
0.3750000000 0.1526626000
0.3755000000 0.1528576000
0.3760000000 0.1530576000
0.3765000000 0.1532526000
0.3770000000 0.1534526000
0.3775000000 0.1536476000
0.3780000000 0.1538476000
0.3785000000 0.1540426000
0.3790000000 0.1542426000
0.3795000000 0.1544376000
0.3800000000 0.1546376000
0.3805000000 0.1548326000
0.3810000000 0.1550326000
0.3815000000 0.1552276000
0.3820000000 0.1554276000
0.3825000000 0.1556226000
0.3830000000 0.1558226000
0.3835000000 0.1560176000
0.3840000000 0.1562176000
0.3845000000 0.1564126000
0.3850000000 0.1566126000
0.3855000000 0.1568076000
0.3860000000 0.1570076000
0.3865000000 0.1572026000
0.3870000000 0.1574026000
0.3875000000 0.1575976000
0.3880000000 0.1577976000
0.3885000000 0.1579926000
0.3890000000 0.1581926000
0.3895000000 0.1583876000
0.3900000000 0.1585876000
0.3905000000 0.1587876000
0.3910000000 0.1589826000
0.3915000000 0.1591826000
0.3920000000 0.1593776000
0.3925000000 0.1595776000
0.3930000000 0.1597726000
0.3935000000 0.1599726000
0.3940000000 0.1601676000
0.3945000000 0.1603676000
0.3950000000 0.1605626000
0.3955000000 0.1607626000
0.3960000000 0.1609576000
0.3965000000 0.1611576000
0.3970000000 0.1613526000
0.3975000000 0.1615526000
0.3980000000 0.1617526000
0.3985000000 0.1619476000
0.3990000000 0.1621476000
0.3995000000 0.1623426000
0.4000000000 0.1625426000
0.4005000000 0.1627376000
0.4010000000 0.1629376000
0.4015000000 0.1631326000
0.4020000000 0.1633326000
0.4025000000 0.1635326000
0.4030000000 0.1637276000
0.4035000000 0.1639276000
0.4040000000 0.1641226000
0.4045000000 0.1643226000
0.4050000000 0.1645176000
0.4055000000 0.1647176000
0.4060000000 0.1649176000
0.4065000000 0.1651126000
0.4070000000 0.1653126000
0.4075000000 0.1655076000
0.4080000000 0.1657076000
0.4085000000 0.1659076000
0.4090000000 0.1661026000
0.4095000000 0.1663026000
0.4100000000 0.1664976000
0.4105000000 0.1666976000
0.4110000000 0.1668976000
0.4115000000 0.1670926000
0.4120000000 0.1672926000
0.4125000000 0.1674876000
0.4130000000 0.1676876000
0.4135000000 0.1678876000
0.4140000000 0.1680826000
0.4145000000 0.1682826000
0.4150000000 0.1684826000
0.4155000000 0.1686776000
0.4160000000 0.1688776000
0.4165000000 0.1690776000
0.4170000000 0.1692726000
0.4175000000 0.1694726000
0.4180000000 0.1696726000
0.4185000000 0.1698676000
0.4190000000 0.1700676000
0.4195000000 0.1702676000
0.4200000000 0.1704626000
0.4205000000 0.1706626000
0.4210000000 0.1708626000
0.4215000000 0.1710576000
0.4220000000 0.1712576000
0.4225000000 0.1714576000
0.4230000000 0.1716526000
0.4235000000 0.1718526000
0.4240000000 0.1720526000
0.4245000000 0.1722526000
0.4250000000 0.1724476000
0.4255000000 0.1726476000
0.4260000000 0.1728476000
0.4265000000 0.1730476000
0.4270000000 0.1732426000
0.4275000000 0.1734426000
0.4280000000 0.1736426000
0.4285000000 0.1738426000
0.4290000000 0.1740376000
0.4295000000 0.1742376000
0.4300000000 0.1744376000
0.4305000000 0.1746376000
0.4310000000 0.1748376000
0.4315000000 0.1750376000
0.4320000000 0.1752326000
0.4325000000 0.1754326000
0.4330000000 0.1756326000
0.4335000000 0.1758326000
0.4340000000 0.1760326000
0.4345000000 0.1762326000
0.4350000000 0.1764276000
0.4355000000 0.1766276000
0.4360000000 0.1768276000
0.4365000000 0.1770276000
0.4370000000 0.1772276000
0.4375000000 0.1774276000
0.4380000000 0.1776276000
0.4385000000 0.1778276000
0.4390000000 0.1780276000
0.4395000000 0.1782276000
0.4400000000 0.1784226000
0.4405000000 0.1786226000
0.4410000000 0.1788226000
0.4415000000 0.1790226000
0.4420000000 0.1792226000
0.4425000000 0.1794226000
0.4430000000 0.1796226000
0.4435000000 0.1798226000
0.4440000000 0.1800226000
0.4445000000 0.1802226000
0.4450000000 0.1804226000
0.4455000000 0.1806226000
0.4460000000 0.1808226000
0.4465000000 0.1810276000
0.4470000000 0.1812276000
0.4475000000 0.1814276000
0.4480000000 0.1816276000
0.4485000000 0.1818276000
0.4490000000 0.1820276000
0.4495000000 0.1822276000
0.4500000000 0.1824276000
0.4505000000 0.1826276000
0.4510000000 0.1828326000
0.4515000000 0.1830326000
0.4520000000 0.1832326000
0.4525000000 0.1834326000
0.4530000000 0.1836326000
0.4535000000 0.1838376000
0.4540000000 0.1840376000
0.4545000000 0.1842376000
0.4550000000 0.1844376000
0.4555000000 0.1846426000
0.4560000000 0.1848426000
0.4565000000 0.1850426000
0.4570000000 0.1852476000
0.4575000000 0.1854476000
0.4580000000 0.1856476000
0.4585000000 0.1858526000
0.4590000000 0.1860526000
0.4595000000 0.1862526000
0.4600000000 0.1864576000
0.4605000000 0.1866576000
0.4610000000 0.1868626000
0.4615000000 0.1870626000
0.4620000000 0.1872626000
0.4625000000 0.1874676000
0.4630000000 0.1876676000
0.4635000000 0.1878726000
0.4640000000 0.1880726000
0.4645000000 0.1882776000
0.4650000000 0.1884826000
0.4655000000 0.1886826000
0.4660000000 0.1888876000
0.4665000000 0.1890876000
0.4670000000 0.1892926000
0.4675000000 0.1894976000
0.4680000000 0.1896976000
0.4685000000 0.1899026000
0.4690000000 0.1901076000
0.4695000000 0.1903076000
0.4700000000 0.1905126000
0.4705000000 0.1907176000
0.4710000000 0.1909226000
0.4715000000 0.1911276000
0.4720000000 0.1913276000
0.4725000000 0.1915326000
0.4730000000 0.1917376000
0.4735000000 0.1919426000
0.4740000000 0.1921476000
0.4745000000 0.1923526000
0.4750000000 0.1925576000
0.4755000000 0.1927626000
0.4760000000 0.1929676000
0.4765000000 0.1931726000
0.4770000000 0.1933776000
0.4775000000 0.1935826000
0.4780000000 0.1937876000
0.4785000000 0.1939976000
0.4790000000 0.1942026000
0.4795000000 0.1944076000
0.4800000000 0.1946126000
0.4805000000 0.1948226000
0.4810000000 0.1950276000
0.4815000000 0.1952326000
0.4820000000 0.1954426000
0.4825000000 0.1956476000
0.4830000000 0.1958576000
0.4835000000 0.1960626000
0.4840000000 0.1962726000
0.4845000000 0.1964826000
0.4850000000 0.1966876000
0.4855000000 0.1968976000
0.4860000000 0.1971076000
0.4865000000 0.1973176000
0.4870000000 0.1975226000
0.4875000000 0.1977326000
0.4880000000 0.1979426000
0.4885000000 0.1981526000
0.4890000000 0.1983676000
0.4895000000 0.1985776000
0.4900000000 0.1987876000
0.4905000000 0.1990026000
0.4910000000 0.1992126000
0.4915000000 0.1994276000
0.4920000000 0.1996426000
0.4925000000 0.1998576000
0.4930000000 0.2000726000
0.4935000000 0.2002826000
0.4940000000 0.2004926000
0.4945000000 0.2007026000
0.4950000000 0.2009126000
0.4955000000 0.2011226000
0.4960000000 0.2013326000
0.4965000000 0.2015426000
0.4970000000 0.2017526000
0.4975000000 0.2019626000
0.4980000000 0.2021676000
0.4985000000 0.2023776000
0.4990000000 0.2025876000
0.4995000000 0.2027926000
0.5000000000 0.2030026000
0.5005000000 0.2032076000
0.5010000000 0.2034176000
0.5015000000 0.2036226000
0.5020000000 0.2038276000
0.5025000000 0.2040326000
0.5030000000 0.2042426000
0.5035000000 0.2044476000
0.5040000000 0.2046526000
0.5045000000 0.2048576000
0.5050000000 0.2050626000
0.5055000000 0.2052676000
0.5060000000 0.2054726000
0.5065000000 0.2056776000
0.5070000000 0.2058826000
0.5075000000 0.2060876000
0.5080000000 0.2062926000
0.5085000000 0.2064976000
0.5090000000 0.2067026000
0.5095000000 0.2069076000
0.5100000000 0.2071126000
0.5105000000 0.2073126000
0.5110000000 0.2075176000
0.5115000000 0.2077226000
0.5120000000 0.2079226000
0.5125000000 0.2081276000
0.5130000000 0.2083326000
0.5135000000 0.2085326000
0.5140000000 0.2087376000
0.5145000000 0.2089426000
0.5150000000 0.2091426000
0.5155000000 0.2093476000
0.5160000000 0.2095476000
0.5165000000 0.2097526000
0.5170000000 0.2099526000
0.5175000000 0.2101526000
0.5180000000 0.2103576000
0.5185000000 0.2105576000
0.5190000000 0.2107626000
0.5195000000 0.2109626000
0.5200000000 0.2111626000
0.5205000000 0.2113676000
0.5210000000 0.2115676000
0.5215000000 0.2117676000
0.5220000000 0.2119726000
0.5225000000 0.2121726000
0.5230000000 0.2123726000
0.5235000000 0.2125726000
0.5240000000 0.2127726000
0.5245000000 0.2129776000
0.5250000000 0.2131776000
0.5255000000 0.2133776000
0.5260000000 0.2135776000
0.5265000000 0.2137776000
0.5270000000 0.2139776000
0.5275000000 0.2141776000
0.5280000000 0.2143776000
0.5285000000 0.2145776000
0.5290000000 0.2147776000
0.5295000000 0.2149826000
0.5300000000 0.2151826000
0.5305000000 0.2153826000
0.5310000000 0.2155776000
0.5315000000 0.2157776000
0.5320000000 0.2159776000
0.5325000000 0.2161776000
0.5330000000 0.2163776000
0.5335000000 0.2165776000
0.5340000000 0.2167776000
0.5345000000 0.2169776000
0.5350000000 0.2171776000
0.5355000000 0.2173776000
0.5360000000 0.2175776000
0.5365000000 0.2177726000
0.5370000000 0.2179726000
0.5375000000 0.2181726000
0.5380000000 0.2183726000
0.5385000000 0.2185726000
0.5390000000 0.2187676000
0.5395000000 0.2189676000
0.5400000000 0.2191676000
0.5405000000 0.2193676000
0.5410000000 0.2195626000
0.5415000000 0.2197626000
0.5420000000 0.2199626000
0.5425000000 0.2201626000
0.5430000000 0.2203576000
0.5435000000 0.2205576000
0.5440000000 0.2207576000
0.5445000000 0.2209526000
0.5450000000 0.2211526000
0.5455000000 0.2213526000
0.5460000000 0.2215476000
0.5465000000 0.2217476000
0.5470000000 0.2219426000
0.5475000000 0.2221426000
0.5480000000 0.2223426000
0.5485000000 0.2225376000
0.5490000000 0.2227376000
0.5495000000 0.2229326000
0.5500000000 0.2231326000
0.5505000000 0.2233326000
0.5510000000 0.2235276000
0.5515000000 0.2237276000
0.5520000000 0.2239226000
0.5525000000 0.2241226000
0.5530000000 0.2243176000
0.5535000000 0.2245176000
0.5540000000 0.2247126000
0.5545000000 0.2249126000
0.5550000000 0.2251076000
0.5555000000 0.2253026000
0.5560000000 0.2255026000
0.5565000000 0.2256976000
0.5570000000 0.2258976000
0.5575000000 0.2260926000
0.5580000000 0.2262926000
0.5585000000 0.2264876000
0.5590000000 0.2266826000
0.5595000000 0.2268826000
0.5600000000 0.2270776000
0.5605000000 0.2272776000
0.5610000000 0.2274726000
0.5615000000 0.2276676000
0.5620000000 0.2278676000
0.5625000000 0.2280626000
0.5630000000 0.2282576000
0.5635000000 0.2284576000
0.5640000000 0.2286526000
0.5645000000 0.2288476000
0.5650000000 0.2290476000
0.5655000000 0.2292426000
0.5660000000 0.2294376000
0.5665000000 0.2296376000
0.5670000000 0.2298326000
0.5675000000 0.2300276000
0.5680000000 0.2302226000
0.5685000000 0.2304226000
0.5690000000 0.2306176000
0.5695000000 0.2308126000
0.5700000000 0.2310076000
0.5705000000 0.2312076000
0.5710000000 0.2314026000
0.5715000000 0.2315976000
0.5720000000 0.2317926000
0.5725000000 0.2319876000
0.5730000000 0.2321876000
0.5735000000 0.2323826000
0.5740000000 0.2325776000
0.5745000000 0.2327726000
0.5750000000 0.2329676000
0.5755000000 0.2331626000
0.5760000000 0.2333626000
0.5765000000 0.2335576000
0.5770000000 0.2337526000
0.5775000000 0.2339476000
0.5780000000 0.2341426000
0.5785000000 0.2343376000
0.5790000000 0.2345326000
0.5795000000 0.2347326000
0.5800000000 0.2349276000
0.5805000000 0.2351226000
0.5810000000 0.2353176000
0.5815000000 0.2355126000
0.5820000000 0.2357076000
0.5825000000 0.2359026000
0.5830000000 0.2360976000
0.5835000000 0.2362926000
0.5840000000 0.2364876000
0.5845000000 0.2366826000
0.5850000000 0.2368776000
0.5855000000 0.2370726000
0.5860000000 0.2372676000
0.5865000000 0.2374626000
0.5870000000 0.2376576000
0.5875000000 0.2378526000
0.5880000000 0.2380476000
0.5885000000 0.2382426000
0.5890000000 0.2384376000
0.5895000000 0.2386326000
0.5900000000 0.2388276000
0.5905000000 0.2390226000
0.5910000000 0.2392176000
0.5915000000 0.2394126000
0.5920000000 0.2396076000
0.5925000000 0.2398026000
0.5930000000 0.2399976000
0.5935000000 0.2401926000
0.5940000000 0.2403876000
0.5945000000 0.2405826000
0.5950000000 0.2407776000
0.5955000000 0.2409726000
0.5960000000 0.2411676000
0.5965000000 0.2413626000
0.5970000000 0.2415576000
0.5975000000 0.2417526000
0.5980000000 0.2419426000
0.5985000000 0.2421376000
0.5990000000 0.2423326000
0.5995000000 0.2425276000
0.6000000000 0.2427226000
0.6005000000 0.2429176000
0.6010000000 0.2431126000
0.6015000000 0.2433076000
0.6020000000 0.2434976000
0.6025000000 0.2436926000
0.6030000000 0.2438876000
0.6035000000 0.2440826000
0.6040000000 0.2442776000
0.6045000000 0.2444726000
0.6050000000 0.2446626000
0.6055000000 0.2448576000
0.6060000000 0.2450526000
0.6065000000 0.2452476000
0.6070000000 0.2454426000
0.6075000000 0.2456376000
0.6080000000 0.2458276000
0.6085000000 0.2460226000
0.6090000000 0.2462176000
0.6095000000 0.2464126000
0.6100000000 0.2466026000
0.6105000000 0.2467976000
0.6110000000 0.2469926000
0.6115000000 0.2471876000
0.6120000000 0.2473776000
0.6125000000 0.2475726000
0.6130000000 0.2477676000
0.6135000000 0.2479626000
0.6140000000 0.2481526000
0.6145000000 0.2483476000
0.6150000000 0.2485426000
0.6155000000 0.2487376000
0.6160000000 0.2489276000
0.6165000000 0.2491226000
0.6170000000 0.2493176000
0.6175000000 0.2495076000
0.6180000000 0.2497026000
0.6185000000 0.2498976000
0.6190000000 0.2500926000
0.6195000000 0.2502826000
0.6200000000 0.2504776000
0.6205000000 0.2506726000
0.6210000000 0.2508626000
0.6215000000 0.2510576000
0.6220000000 0.2512526000
0.6225000000 0.2514426000
0.6230000000 0.2516376000
0.6235000000 0.2518276000
0.6240000000 0.2520226000
0.6245000000 0.2522176000
0.6250000000 0.2524076000
0.6255000000 0.2526026000
0.6260000000 0.2527976000
0.6265000000 0.2529876000
0.6270000000 0.2531826000
0.6275000000 0.2533726000
0.6280000000 0.2535676000
0.6285000000 0.2537626000
0.6290000000 0.2539526000
0.6295000000 0.2541476000
0.6300000000 0.2543376000
0.6305000000 0.2545326000
0.6310000000 0.2547276000
0.6315000000 0.2549176000
0.6320000000 0.2551126000
0.6325000000 0.2553026000
0.6330000000 0.2554976000
0.6335000000 0.2556876000
0.6340000000 0.2558826000
0.6345000000 0.2560726000
0.6350000000 0.2562676000
0.6355000000 0.2564626000
0.6360000000 0.2566526000
0.6365000000 0.2568476000
0.6370000000 0.2570376000
0.6375000000 0.2572326000
0.6380000000 0.2574226000
0.6385000000 0.2576176000
0.6390000000 0.2578076000
0.6395000000 0.2580026000
0.6400000000 0.2581926000
0.6405000000 0.2583876000
0.6410000000 0.2585776000
0.6415000000 0.2587726000
0.6420000000 0.2589626000
0.6425000000 0.2591576000
0.6430000000 0.2593476000
0.6435000000 0.2595426000
0.6440000000 0.2597326000
0.6445000000 0.2599226000
0.6450000000 0.2601176000
0.6455000000 0.2603076000
0.6460000000 0.2605026000
0.6465000000 0.2606926000
0.6470000000 0.2608876000
0.6475000000 0.2610776000
0.6480000000 0.2612726000
0.6485000000 0.2614626000
0.6490000000 0.2616526000
0.6495000000 0.2618476000
0.6500000000 0.2620376000
0.6505000000 0.2622326000
0.6510000000 0.2624226000
0.6515000000 0.2626126000
0.6520000000 0.2628076000
0.6525000000 0.2629976000
0.6530000000 0.2631926000
0.6535000000 0.2633826000
0.6540000000 0.2635726000
0.6545000000 0.2637676000
0.6550000000 0.2639576000
0.6555000000 0.2641476000
0.6560000000 0.2643426000
0.6565000000 0.2645326000
0.6570000000 0.2647276000
0.6575000000 0.2649176000
0.6580000000 0.2651076000
0.6585000000 0.2653026000
0.6590000000 0.2654926000
0.6595000000 0.2656826000
0.6600000000 0.2658776000
0.6605000000 0.2660676000
0.6610000000 0.2662576000
0.6615000000 0.2664526000
0.6620000000 0.2666426000
0.6625000000 0.2668326000
0.6630000000 0.2670226000
0.6635000000 0.2672176000
0.6640000000 0.2674076000
0.6645000000 0.2675976000
0.6650000000 0.2677926000
0.6655000000 0.2679826000
0.6660000000 0.2681726000
0.6665000000 0.2683626000
0.6670000000 0.2685576000
0.6675000000 0.2687476000
0.6680000000 0.2689376000
0.6685000000 0.2691326000
0.6690000000 0.2693226000
0.6695000000 0.2695126000
0.6700000000 0.2697026000
0.6705000000 0.2698976000
0.6710000000 0.2700876000
0.6715000000 0.2702776000
0.6720000000 0.2704676000
0.6725000000 0.2706626000
0.6730000000 0.2708526000
0.6735000000 0.2710426000
0.6740000000 0.2712326000
0.6745000000 0.2714226000
0.6750000000 0.2716176000
0.6755000000 0.2718076000
0.6760000000 0.2719976000
0.6765000000 0.2721876000
0.6770000000 0.2723776000
0.6775000000 0.2725726000
0.6780000000 0.2727626000
0.6785000000 0.2729526000
0.6790000000 0.2731426000
0.6795000000 0.2733326000
0.6800000000 0.2735276000
0.6805000000 0.2737176000
0.6810000000 0.2739076000
0.6815000000 0.2740976000
0.6820000000 0.2742876000
0.6825000000 0.2744776000
0.6830000000 0.2746726000
0.6835000000 0.2748626000
0.6840000000 0.2750526000
0.6845000000 0.2752426000
0.6850000000 0.2754326000
0.6855000000 0.2756226000
0.6860000000 0.2758126000
0.6865000000 0.2760076000
0.6870000000 0.2761976000
0.6875000000 0.2763876000
0.6880000000 0.2765776000
0.6885000000 0.2767676000
0.6890000000 0.2769576000
0.6895000000 0.2771476000
0.6900000000 0.2773376000
0.6905000000 0.2775276000
0.6910000000 0.2777226000
0.6915000000 0.2779126000
0.6920000000 0.2781026000
0.6925000000 0.2782926000
0.6930000000 0.2784826000
0.6935000000 0.2786726000
0.6940000000 0.2788626000
0.6945000000 0.2790526000
0.6950000000 0.2792426000
0.6955000000 0.2794326000
0.6960000000 0.2796226000
0.6965000000 0.2798126000
0.6970000000 0.2800026000
0.6975000000 0.2801976000
0.6980000000 0.2803876000
0.6985000000 0.2805776000
0.6990000000 0.2807676000
0.6995000000 0.2809576000
0.7000000000 0.2811476000
0.7005000000 0.2813376000
0.7010000000 0.2815276000
0.7015000000 0.2817176000
0.7020000000 0.2819076000
0.7025000000 0.2820976000
0.7030000000 0.2822876000
0.7035000000 0.2824776000
0.7040000000 0.2826676000
0.7045000000 0.2828576000
0.7050000000 0.2830476000
0.7055000000 0.2832376000
0.7060000000 0.2834276000
0.7065000000 0.2836176000
0.7070000000 0.2838076000
0.7075000000 0.2839976000
0.7080000000 0.2841876000
0.7085000000 0.2843776000
0.7090000000 0.2845676000
0.7095000000 0.2847576000
0.7100000000 0.2849476000
0.7105000000 0.2851376000
0.7110000000 0.2853276000
0.7115000000 0.2855176000
0.7120000000 0.2857076000
0.7125000000 0.2858926000
0.7130000000 0.2860826000
0.7135000000 0.2862726000
0.7140000000 0.2864626000
0.7145000000 0.2866526000
0.7150000000 0.2868426000
0.7155000000 0.2870326000
0.7160000000 0.2872226000
0.7165000000 0.2874126000
0.7170000000 0.2876026000
0.7175000000 0.2877926000
0.7180000000 0.2879826000
0.7185000000 0.2881726000
0.7190000000 0.2883626000
0.7195000000 0.2885476000
0.7200000000 0.2887376000
0.7205000000 0.2889276000
0.7210000000 0.2891176000
0.7215000000 0.2893076000
0.7220000000 0.2894976000
0.7225000000 0.2896876000
0.7230000000 0.2898776000
0.7235000000 0.2900676000
0.7240000000 0.2902526000
0.7245000000 0.2904426000
0.7250000000 0.2906326000
0.7255000000 0.2908226000
0.7260000000 0.2910126000
0.7265000000 0.2912026000
0.7270000000 0.2913926000
0.7275000000 0.2915776000
0.7280000000 0.2917676000
0.7285000000 0.2919576000
0.7290000000 0.2921476000
0.7295000000 0.2923376000
0.7300000000 0.2925276000
0.7305000000 0.2927176000
0.7310000000 0.2929026000
0.7315000000 0.2930926000
0.7320000000 0.2932826000
0.7325000000 0.2934726000
0.7330000000 0.2936626000
0.7335000000 0.2938526000
0.7340000000 0.2940376000
0.7345000000 0.2942276000
0.7350000000 0.2944176000
0.7355000000 0.2946076000
0.7360000000 0.2947976000
0.7365000000 0.2949826000
0.7370000000 0.2951726000
0.7375000000 0.2953626000
0.7380000000 0.2955526000
0.7385000000 0.2957426000
0.7390000000 0.2959276000
0.7395000000 0.2961176000
0.7400000000 0.2963076000
0.7405000000 0.2964976000
0.7410000000 0.2966826000
0.7415000000 0.2968726000
0.7420000000 0.2970626000
0.7425000000 0.2972526000
0.7430000000 0.2974426000
0.7435000000 0.2976276000
0.7440000000 0.2978176000
0.7445000000 0.2980076000
0.7450000000 0.2981976000
0.7455000000 0.2983826000
0.7460000000 0.2985726000
0.7465000000 0.2987626000
0.7470000000 0.2989476000
0.7475000000 0.2991376000
0.7480000000 0.2993276000
0.7485000000 0.2995176000
0.7490000000 0.2997026000
0.7495000000 0.2998926000
0.7500000000 0.3000826000
0.7505000000 0.3002726000
0.7510000000 0.3004576000
0.7515000000 0.3006476000
0.7520000000 0.3008376000
0.7525000000 0.3010226000
0.7530000000 0.3012126000
0.7535000000 0.3014026000
0.7540000000 0.3015926000
0.7545000000 0.3017776000
0.7550000000 0.3019676000
0.7555000000 0.3021576000
0.7560000000 0.3023426000
0.7565000000 0.3025326000
0.7570000000 0.3027226000
0.7575000000 0.3029076000
0.7580000000 0.3030976000
0.7585000000 0.3032876000
0.7590000000 0.3034726000
0.7595000000 0.3036626000
0.7600000000 0.3038526000
0.7605000000 0.3040376000
0.7610000000 0.3042276000
0.7615000000 0.3044176000
0.7620000000 0.3046026000
0.7625000000 0.3047926000
0.7630000000 0.3049826000
0.7635000000 0.3051676000
0.7640000000 0.3053576000
0.7645000000 0.3055476000
0.7650000000 0.3057326000
0.7655000000 0.3059226000
0.7660000000 0.3061126000
0.7665000000 0.3062976000
0.7670000000 0.3064876000
0.7675000000 0.3066726000
0.7680000000 0.3068626000
0.7685000000 0.3070526000
0.7690000000 0.3072376000
0.7695000000 0.3074276000
0.7700000000 0.3076176000
0.7705000000 0.3078026000
0.7710000000 0.3079926000
0.7715000000 0.3081776000
0.7720000000 0.3083676000
0.7725000000 0.3085576000
0.7730000000 0.3087426000
0.7735000000 0.3089326000
0.7740000000 0.3091176000
0.7745000000 0.3093076000
0.7750000000 0.3094976000
0.7755000000 0.3096826000
0.7760000000 0.3098726000
0.7765000000 0.3100576000
0.7770000000 0.3102476000
0.7775000000 0.3104376000
0.7780000000 0.3106226000
0.7785000000 0.3108126000
0.7790000000 0.3109976000
0.7795000000 0.3111876000
0.7800000000 0.3113726000
0.7805000000 0.3115626000
0.7810000000 0.3117526000
0.7815000000 0.3119376000
0.7820000000 0.3121276000
0.7825000000 0.3123126000
0.7830000000 0.3125026000
0.7835000000 0.3126876000
0.7840000000 0.3128776000
0.7845000000 0.3130626000
0.7850000000 0.3132526000
0.7855000000 0.3134426000
0.7860000000 0.3136276000
0.7865000000 0.3138176000
0.7870000000 0.3140026000
0.7875000000 0.3141926000
0.7880000000 0.3143776000
0.7885000000 0.3145676000
0.7890000000 0.3147526000
0.7895000000 0.3149426000
0.7900000000 0.3151276000
0.7905000000 0.3153176000
0.7910000000 0.3155026000
0.7915000000 0.3156926000
0.7920000000 0.3158776000
0.7925000000 0.3160676000
0.7930000000 0.3162526000
0.7935000000 0.3164426000
0.7940000000 0.3166276000
0.7945000000 0.3168176000
0.7950000000 0.3170026000
0.7955000000 0.3171926000
0.7960000000 0.3173776000
0.7965000000 0.3175676000
0.7970000000 0.3177526000
0.7975000000 0.3179426000
0.7980000000 0.3181276000
0.7985000000 0.3183176000
0.7990000000 0.3185026000
0.7995000000 0.3186926000
0.8000000000 0.3188776000
0.8005000000 0.3190676000
0.8010000000 0.3192526000
0.8015000000 0.3194426000
0.8020000000 0.3196276000
0.8025000000 0.3198176000
0.8030000000 0.3200026000
0.8035000000 0.3201926000
0.8040000000 0.3203776000
0.8045000000 0.3205676000
0.8050000000 0.3207526000
0.8055000000 0.3209376000
0.8060000000 0.3211276000
0.8065000000 0.3213126000
0.8070000000 0.3215026000
0.8075000000 0.3216876000
0.8080000000 0.3218776000
0.8085000000 0.3220626000
0.8090000000 0.3222526000
0.8095000000 0.3224376000
0.8100000000 0.3226276000
0.8105000000 0.3228126000
0.8110000000 0.3229976000
0.8115000000 0.3231876000
0.8120000000 0.3233726000
0.8125000000 0.3235626000
0.8130000000 0.3237476000
0.8135000000 0.3239376000
0.8140000000 0.3241226000
0.8145000000 0.3243076000
0.8150000000 0.3244976000
0.8155000000 0.3246826000
0.8160000000 0.3248726000
0.8165000000 0.3250576000
0.8170000000 0.3252476000
0.8175000000 0.3254326000
0.8180000000 0.3256176000
0.8185000000 0.3258076000
0.8190000000 0.3259926000
0.8195000000 0.3261826000
0.8200000000 0.3263676000
0.8205000000 0.3265526000
0.8210000000 0.3267426000
0.8215000000 0.3269276000
0.8220000000 0.3271176000
0.8225000000 0.3273026000
0.8230000000 0.3274876000
0.8235000000 0.3276776000
0.8240000000 0.3278626000
0.8245000000 0.3280526000
0.8250000000 0.3282376000
0.8255000000 0.3284226000
0.8260000000 0.3286126000
0.8265000000 0.3287976000
0.8270000000 0.3289876000
0.8275000000 0.3291726000
0.8280000000 0.3293576000
0.8285000000 0.3295476000
0.8290000000 0.3297326000
0.8295000000 0.3299176000
0.8300000000 0.3301076000
0.8305000000 0.3302926000
0.8310000000 0.3304826000
0.8315000000 0.3306676000
0.8320000000 0.3308526000
0.8325000000 0.3310426000
0.8330000000 0.3312276000
0.8335000000 0.3314126000
0.8340000000 0.3316026000
0.8345000000 0.3317876000
0.8350000000 0.3319726000
0.8355000000 0.3321626000
0.8360000000 0.3323476000
0.8365000000 0.3325376000
0.8370000000 0.3327226000
0.8375000000 0.3329076000
0.8380000000 0.3330976000
0.8385000000 0.3332826000
0.8390000000 0.3334676000
0.8395000000 0.3336576000
0.8400000000 0.3338426000
0.8405000000 0.3340276000
0.8410000000 0.3342176000
0.8415000000 0.3344026000
0.8420000000 0.3345876000
0.8425000000 0.3347776000
0.8430000000 0.3349626000
0.8435000000 0.3351476000
0.8440000000 0.3353376000
0.8445000000 0.3355226000
0.8450000000 0.3357076000
0.8455000000 0.3358976000
0.8460000000 0.3360826000
0.8465000000 0.3362676000
0.8470000000 0.3364576000
0.8475000000 0.3366426000
0.8480000000 0.3368276000
0.8485000000 0.3370176000
0.8490000000 0.3372026000
0.8495000000 0.3373876000
0.8500000000 0.3375776000
0.8505000000 0.3377626000
0.8510000000 0.3379476000
0.8515000000 0.3381376000
0.8520000000 0.3383226000
0.8525000000 0.3385076000
0.8530000000 0.3386976000
0.8535000000 0.3388826000
0.8540000000 0.3390676000
0.8545000000 0.3392576000
0.8550000000 0.3394426000
0.8555000000 0.3396276000
0.8560000000 0.3398176000
0.8565000000 0.3400026000
0.8570000000 0.3401876000
0.8575000000 0.3403726000
0.8580000000 0.3405626000
0.8585000000 0.3407476000
0.8590000000 0.3409326000
0.8595000000 0.3411226000
0.8600000000 0.3413076000
0.8605000000 0.3414926000
0.8610000000 0.3416826000
0.8615000000 0.3418676000
0.8620000000 0.3420526000
0.8625000000 0.3422376000
0.8630000000 0.3424276000
0.8635000000 0.3426126000
0.8640000000 0.3427976000
0.8645000000 0.3429876000
0.8650000000 0.3431726000
0.8655000000 0.3433576000
0.8660000000 0.3435476000
0.8665000000 0.3437326000
0.8670000000 0.3439176000
0.8675000000 0.3441026000
0.8680000000 0.3442926000
0.8685000000 0.3444776000
0.8690000000 0.3446626000
0.8695000000 0.3448526000
0.8700000000 0.3450376000
0.8705000000 0.3452226000
0.8710000000 0.3454076000
0.8715000000 0.3455976000
0.8720000000 0.3457826000
0.8725000000 0.3459676000
0.8730000000 0.3461576000
0.8735000000 0.3463426000
0.8740000000 0.3465276000
0.8745000000 0.3467126000
0.8750000000 0.3469026000
0.8755000000 0.3470876000
0.8760000000 0.3472726000
0.8765000000 0.3474626000
0.8770000000 0.3476476000
0.8775000000 0.3478326000
0.8780000000 0.3480176000
0.8785000000 0.3482076000
0.8790000000 0.3483926000
0.8795000000 0.3485776000
0.8800000000 0.3487676000
0.8805000000 0.3489526000
0.8810000000 0.3491376000
0.8815000000 0.3493226000
0.8820000000 0.3495126000
0.8825000000 0.3496976000
0.8830000000 0.3498826000
0.8835000000 0.3500676000
0.8840000000 0.3502576000
0.8845000000 0.3504426000
0.8850000000 0.3506276000
0.8855000000 0.3508176000
0.8860000000 0.3510026000
0.8865000000 0.3511876000
0.8870000000 0.3513726000
0.8875000000 0.3515626000
0.8880000000 0.3517476000
0.8885000000 0.3519326000
0.8890000000 0.3521176000
0.8895000000 0.3523076000
0.8900000000 0.3524926000
0.8905000000 0.3526776000
0.8910000000 0.3528676000
0.8915000000 0.3530526000
0.8920000000 0.3532376000
0.8925000000 0.3534226000
0.8930000000 0.3536126000
0.8935000000 0.3537976000
0.8940000000 0.3539826000
0.8945000000 0.3541676000
0.8950000000 0.3543576000
0.8955000000 0.3545426000
0.8960000000 0.3547276000
0.8965000000 0.3549126000
0.8970000000 0.3551026000
0.8975000000 0.3552876000
0.8980000000 0.3554726000
0.8985000000 0.3556626000
0.8990000000 0.3558476000
0.8995000000 0.3560326000
0.9000000000 0.3562176000
0.9005000000 0.3564076000
0.9010000000 0.3565926000
0.9015000000 0.3567776000
0.9020000000 0.3569626000
0.9025000000 0.3571526000
0.9030000000 0.3573376000
0.9035000000 0.3575226000
0.9040000000 0.3577126000
0.9045000000 0.3578976000
0.9050000000 0.3580826000
0.9055000000 0.3582676000
0.9060000000 0.3584576000
0.9065000000 0.3586426000
0.9070000000 0.3588276000
0.9075000000 0.3590126000
0.9080000000 0.3592026000
0.9085000000 0.3593876000
0.9090000000 0.3595726000
0.9095000000 0.3597626000
0.9100000000 0.3599476000
0.9105000000 0.3601326000
0.9110000000 0.3603176000
0.9115000000 0.3605076000
0.9120000000 0.3606926000
0.9125000000 0.3608776000
0.9130000000 0.3610626000
0.9135000000 0.3612526000
0.9140000000 0.3614376000
0.9145000000 0.3616226000
0.9150000000 0.3618126000
0.9155000000 0.3619976000
0.9160000000 0.3621826000
0.9165000000 0.3623676000
0.9170000000 0.3625576000
0.9175000000 0.3627426000
0.9180000000 0.3629276000
0.9185000000 0.3631126000
0.9190000000 0.3633026000
0.9195000000 0.3634876000
0.9200000000 0.3636726000
0.9205000000 0.3638626000
0.9210000000 0.3640476000
0.9215000000 0.3642326000
0.9220000000 0.3644176000
0.9225000000 0.3646076000
0.9230000000 0.3647926000
0.9235000000 0.3649776000
0.9240000000 0.3651676000
0.9245000000 0.3653526000
0.9250000000 0.3655376000
0.9255000000 0.3657226000
0.9260000000 0.3659126000
0.9265000000 0.3660976000
0.9270000000 0.3662826000
0.9275000000 0.3664726000
0.9280000000 0.3666576000
0.9285000000 0.3668426000
0.9290000000 0.3670276000
0.9295000000 0.3672176000
0.9300000000 0.3674026000
0.9305000000 0.3675876000
0.9310000000 0.3677776000
0.9315000000 0.3679626000
0.9320000000 0.3681476000
0.9325000000 0.3683376000
0.9330000000 0.3685226000
0.9335000000 0.3687076000
0.9340000000 0.3688926000
0.9345000000 0.3690826000
0.9350000000 0.3692676000
0.9355000000 0.3694526000
0.9360000000 0.3696426000
0.9365000000 0.3698276000
0.9370000000 0.3700126000
0.9375000000 0.3702026000
0.9380000000 0.3703876000
0.9385000000 0.3705726000
0.9390000000 0.3707626000
0.9395000000 0.3709476000
0.9400000000 0.3711326000
0.9405000000 0.3713176000
0.9410000000 0.3715076000
0.9415000000 0.3716926000
0.9420000000 0.3718776000
0.9425000000 0.3720676000
0.9430000000 0.3722526000
0.9435000000 0.3724376000
0.9440000000 0.3726276000
0.9445000000 0.3728126000
0.9450000000 0.3729976000
0.9455000000 0.3731876000
0.9460000000 0.3733726000
0.9465000000 0.3735576000
0.9470000000 0.3737476000
0.9475000000 0.3739326000
0.9480000000 0.3741176000
0.9485000000 0.3743076000
0.9490000000 0.3744926000
0.9495000000 0.3746776000
0.9500000000 0.3748676000
0.9505000000 0.3750526000
0.9510000000 0.3752376000
0.9515000000 0.3754276000
0.9520000000 0.3756126000
0.9525000000 0.3757976000
0.9530000000 0.3759876000
0.9535000000 0.3761726000
0.9540000000 0.3763576000
0.9545000000 0.3765476000
0.9550000000 0.3767326000
0.9555000000 0.3769226000
0.9560000000 0.3771076000
0.9565000000 0.3772926000
0.9570000000 0.3774826000
0.9575000000 0.3776676000
0.9580000000 0.3778526000
0.9585000000 0.3780426000
0.9590000000 0.3782276000
0.9595000000 0.3784126000
0.9600000000 0.3786026000
0.9605000000 0.3787876000
0.9610000000 0.3789776000
0.9615000000 0.3791626000
0.9620000000 0.3793476000
0.9625000000 0.3795376000
0.9630000000 0.3797226000
0.9635000000 0.3799076000
0.9640000000 0.3800976000
