0.9835000000 0.3873976000 0.4388376000
0.9840000000 0.3875826000 0.4390926000
0.9845000000 0.3877726000 0.4393426000
0.9850000000 0.3879576000 0.4395976000
0.9855000000 0.3881426000 0.4398476000
0.9860000000 0.3883326000 0.4401026000
0.9865000000 0.3885176000 0.4403576000
0.9870000000 0.3887076000 0.4406076000
0.9875000000 0.3888926000 0.4408626000
0.9880000000 0.3890826000 0.4411126000
0.9885000000 0.3892676000 0.4413676000
0.9890000000 0.3894576000 0.4416226000
0.9895000000 0.3896426000 0.4418726000
0.9900000000 0.3898326000 0.4421276000
0.9905000000 0.3900176000 0.4423776000
0.9910000000 0.3902076000 0.4426326000
0.9915000000 0.3903926000 0.4428826000
0.9920000000 0.3905826000 0.4431376000
0.9925000000 0.3907676000 0.4433876000
0.9930000000 0.3909576000 0.4436426000
0.9935000000 0.3911476000 0.4438926000
0.9940000000 0.3913326000 0.4441476000
0.9945000000 0.3915226000 0.4443976000
0.9950000000 0.3917076000 0.4446526000
0.9955000000 0.3918976000 0.4449076000
0.9960000000 0.3920826000 0.4451576000
0.9965000000 0.3922726000 0.4454126000
0.9970000000 0.3924576000 0.4456626000
0.9975000000 0.3926476000 0.4459176000
0.9980000000 0.3928326000 0.4461676000
0.9985000000 0.3930226000 0.4464226000
0.9990000000 0.3932126000 0.4466726000
0.9995000000 0.3933976000 0.4469276000
1.0000000000 0.3935876000 0.4471776000
1.0005000000 0.3937726000 0.4474276000
1.0010000000 0.3939626000 0.4476826000
1.0015000000 0.3941476000 0.4479326000
1.0020000000 0.3943376000 0.4481876000
1.0025000000 0.3945276000 0.4484376000
1.0030000000 0.3947126000 0.4486926000
1.0035000000 0.3949026000 0.4489426000
1.0040000000 0.3950876000 0.4491976000
1.0045000000 0.3952776000 0.4494476000
1.0050000000 0.3954626000 0.4497026000
1.0055000000 0.3956526000 0.4499526000
1.0060000000 0.3958426000 0.4502076000
1.0065000000 0.3960276000 0.4504576000
1.0070000000 0.3962176000 0.4507076000
1.0075000000 0.3964026000 0.4509626000
1.0080000000 0.3965926000 0.4512126000
1.0085000000 0.3967826000 0.4514676000
1.0090000000 0.3969676000 0.4517176000
1.0095000000 0.3971576000 0.4519676000
1.0100000000 0.3973476000 0.4522226000
1.0105000000 0.3975326000 0.4524726000
1.0110000000 0.3977226000 0.4527276000
1.0115000000 0.3979126000 0.4529776000
1.0120000000 0.3980976000 0.4532326000
1.0125000000 0.3982876000 0.4534826000
1.0130000000 0.3984726000 0.4537326000
1.0135000000 0.3986626000 0.4539876000
1.0140000000 0.3988526000 0.4542376000
1.0145000000 0.3990376000 0.4544876000
1.0150000000 0.3992276000 0.4547426000
1.0155000000 0.3994176000 0.4549926000
1.0160000000 0.3996026000 0.4552476000
1.0165000000 0.3997926000 0.4554976000
1.0170000000 0.3999826000 0.4557476000
1.0175000000 0.4001676000 0.4560026000
1.0180000000 0.4003576000 0.4562526000
1.0185000000 0.4005476000 0.4565026000
1.0190000000 0.4007376000 0.4567576000
1.0195000000 0.4009226000 0.4570076000
1.0200000000 0.4011126000 0.4572576000
1.0205000000 0.4013026000 0.4575126000
1.0210000000 0.4014876000 0.4577626000
1.0215000000 0.4016776000 0.4580126000
1.0220000000 0.4018676000 0.4582676000
1.0225000000 0.4020576000 0.4585176000
1.0230000000 0.4022426000 0.4587676000
1.0235000000 0.4024326000 0.4590226000
1.0240000000 0.4026226000 0.4592726000
1.0245000000 0.4028076000 0.4595226000
1.0250000000 0.4029976000 0.4597776000
1.0255000000 0.4031876000 0.4600276000
1.0260000000 0.4033776000 0.4602776000
1.0265000000 0.4035626000 0.4605326000
1.0270000000 0.4037526000 0.4607826000
1.0275000000 0.4039426000 0.4610326000
1.0280000000 0.4041326000 0.4612826000
1.0285000000 0.4043226000 0.4615376000
1.0290000000 0.4045076000 0.4617876000
1.0295000000 0.4046976000 0.4620376000
1.0300000000 0.4048876000 0.4622926000
1.0305000000 0.4050776000 0.4625426000
1.0310000000 0.4052626000 0.4627926000
1.0315000000 0.4054526000 0.4630426000
1.0320000000 0.4056426000 0.4632976000
1.0325000000 0.4058326000 0.4635476000
1.0330000000 0.4060226000 0.4637976000
1.0335000000 0.4062126000 0.4640476000
1.0340000000 0.4063976000 0.4643026000
1.0345000000 0.4065876000 0.4645526000
1.0350000000 0.4067776000 0.4648026000
1.0355000000 0.4069676000 0.4650526000
1.0360000000 0.4071576000 0.4653076000
1.0365000000 0.4073476000 0.4655576000
1.0370000000 0.4075326000 0.4658076000
1.0375000000 0.4077226000 0.4660576000
1.0380000000 0.4079126000 0.4663076000
1.0385000000 0.4081026000 0.4665626000
1.0390000000 0.4082926000 0.4668126000
1.0395000000 0.4084826000 0.4670626000
1.0400000000 0.4086726000 0.4673126000
1.0405000000 0.4088576000 0.4675676000
1.0410000000 0.4090476000 0.4678176000
1.0415000000 0.4092376000 0.4680676000
1.0420000000 0.4094276000 0.4683176000
1.0425000000 0.4096176000 0.4685676000
1.0430000000 0.4098076000 0.4688176000
1.0435000000 0.4099976000 0.4690726000
1.0440000000 0.4101876000 0.4693226000
1.0445000000 0.4103776000 0.4695726000
1.0450000000 0.4105676000 0.4698226000
1.0455000000 0.4107526000 0.4700726000
1.0460000000 0.4109426000 0.4703226000
1.0465000000 0.4111326000 0.4705776000
1.0470000000 0.4113226000 0.4708276000
1.0475000000 0.4115126000 0.4710776000
1.0480000000 0.4117026000 0.4713276000
1.0485000000 0.4118926000 0.4715776000
1.0490000000 0.4120826000 0.4718276000
1.0495000000 0.4122726000 0.4720776000
1.0500000000 0.4124626000 0.4723326000
1.0505000000 0.4126526000 0.4725826000
1.0510000000 0.4128426000 0.4728326000
1.0515000000 0.4130326000 0.4730826000
1.0520000000 0.4132226000 0.4733326000
1.0525000000 0.4134126000 0.4735826000
1.0530000000 0.4136026000 0.4738326000
1.0535000000 0.4137926000 0.4740826000
1.0540000000 0.4139826000 0.4743326000
1.0545000000 0.4141726000 0.4745826000
1.0550000000 0.4143626000 0.4748376000
1.0555000000 0.4145526000 0.4750876000
1.0560000000 0.4147426000 0.4753376000
1.0565000000 0.4149326000 0.4755876000
1.0570000000 0.4151226000 0.4758376000
1.0575000000 0.4153126000 0.4760876000
1.0580000000 0.4155026000 0.4763376000
1.0585000000 0.4156926000 0.4765876000
1.0590000000 0.4158876000 0.4768376000
1.0595000000 0.4160776000 0.4770876000
1.0600000000 0.4162676000 0.4773376000
1.0605000000 0.4164576000 0.4775876000
1.0610000000 0.4166476000 0.4778376000
1.0615000000 0.4168376000 0.4780876000
1.0620000000 0.4170276000 0.4783376000
1.0625000000 0.4172176000 0.4785876000
1.0630000000 0.4174076000 0.4788376000
1.0635000000 0.4175976000 0.4790876000
1.0640000000 0.4177926000 0.4793376000
1.0645000000 0.4179826000 0.4795876000
1.0650000000 0.4181726000 0.4798376000
1.0655000000 0.4183626000 0.4800876000
1.0660000000 0.4185526000 0.4803376000
1.0665000000 0.4187426000 0.4805876000
1.0670000000 0.4189326000 0.4808376000
1.0675000000 0.4191276000 0.4810876000
1.0680000000 0.4193176000 0.4813376000
1.0685000000 0.4195076000 0.4815876000
1.0690000000 0.4196976000 0.4818376000
1.0695000000 0.4198876000 0.4820876000
1.0700000000 0.4200826000 0.4823376000
1.0705000000 0.4202726000 0.4825876000
1.0710000000 0.4204626000 0.4828376000
1.0715000000 0.4206526000 0.4830876000
1.0720000000 0.4208426000 0.4833376000
1.0725000000 0.4210376000 0.4835876000
1.0730000000 0.4212276000 0.4838376000
1.0735000000 0.4214176000 0.4840826000
1.0740000000 0.4216076000 0.4843326000
1.0745000000 0.4218026000 0.4845826000
1.0750000000 0.4219926000 0.4848326000
1.0755000000 0.4221826000 0.4850826000
1.0760000000 0.4223726000 0.4853326000
1.0765000000 0.4225676000 0.4855826000
1.0770000000 0.4227576000 0.4858326000
1.0775000000 0.4229476000 0.4860826000
1.0780000000 0.4231426000 0.4863276000
1.0785000000 0.4233326000 0.4865776000
1.0790000000 0.4235226000 0.4868276000
1.0795000000 0.4237176000 0.4870776000
1.0800000000 0.4239076000 0.4873276000
1.0805000000 0.4240976000 0.4875776000
1.0810000000 0.4242926000 0.4878276000
1.0815000000 0.4244826000 0.4880726000
1.0820000000 0.4246726000 0.4883226000
1.0825000000 0.4248676000 0.4885726000
1.0830000000 0.4250576000 0.4888226000
1.0835000000 0.4252476000 0.4890726000
1.0840000000 0.4254426000 0.4893226000
1.0845000000 0.4256326000 0.4895676000
1.0850000000 0.4258226000 0.4898176000
1.0855000000 0.4260176000 0.4900676000
1.0860000000 0.4262076000 0.4903176000
1.0865000000 0.4264026000 0.4905626000
1.0870000000 0.4265926000 0.4908126000
1.0875000000 0.4267876000 0.4910626000
1.0880000000 0.4269776000 0.4913126000
1.0885000000 0.4271676000 0.4915626000
1.0890000000 0.4273626000 0.4918076000
1.0895000000 0.4275526000 0.4920576000
1.0900000000 0.4277476000 0.4923076000
1.0905000000 0.4279376000 0.4925576000
1.0910000000 0.4281326000 0.4928026000
1.0915000000 0.4283226000 0.4930526000
1.0920000000 0.4285176000 0.4933026000
1.0925000000 0.4287076000 0.4935476000
1.0930000000 0.4289026000 0.4937976000
1.0935000000 0.4290926000 0.4940476000
1.0940000000 0.4292876000 0.4942976000
1.0945000000 0.4294776000 0.4945426000
1.0950000000 0.4296726000 0.4947926000
1.0955000000 0.4298626000 0.4950426000
1.0960000000 0.4300576000 0.4952876000
1.0965000000 0.4302476000 0.4955376000
1.0970000000 0.4304426000 0.4957876000
1.0975000000 0.4306376000 0.4960326000
1.0980000000 0.4308276000 0.4962826000
1.0985000000 0.4310226000 0.4965326000
1.0990000000 0.4312126000 0.4967776000
1.0995000000 0.4314076000 0.4970276000
1.1000000000 0.4316026000 0.4972776000
1.1005000000 0.4317926000 0.4975226000
1.1010000000 0.4319876000 0.4977726000
1.1015000000 0.4321776000 0.4980176000
1.1020000000 0.4323726000 0.4982676000
1.1025000000 0.4325676000 0.4985176000
1.1030000000 0.4327576000 0.4987626000
1.1035000000 0.4329526000 0.4990126000
1.1040000000 0.4331476000 0.4992576000
1.1045000000 0.4333376000 0.4995076000
1.1050000000 0.4335326000 0.4997576000
1.1055000000 0.4337276000 0.5000026000
1.1060000000 0.4339226000 0.5002526000
1.1065000000 0.4341126000 0.5004976000
1.1070000000 0.4343076000 0.5007476000
1.1075000000 0.4345026000 0.5009926000
1.1080000000 0.4346926000 0.5012426000
1.1085000000 0.4348876000 0.5014876000
1.1090000000 0.4350826000 0.5017376000
1.1095000000 0.4352776000 0.5019876000
1.1100000000 0.4354676000 0.5022326000
1.1105000000 0.4356626000 0.5024826000
1.1110000000 0.4358576000 0.5027276000
1.1115000000 0.4360526000 0.5029776000
1.1120000000 0.4362476000 0.5032226000
1.1125000000 0.4364376000 0.5034676000
1.1130000000 0.4366326000 0.5037176000
1.1135000000 0.4368276000 0.5039626000
1.1140000000 0.4370226000 0.5042126000
1.1145000000 0.4372176000 0.5044576000
1.1150000000 0.4374126000 0.5047076000
1.1155000000 0.4376026000 0.5049526000
1.1160000000 0.4377976000 0.5052026000
1.1165000000 0.4379926000 0.5054476000
1.1170000000 0.4381876000 0.5056976000
1.1175000000 0.4383826000 0.5059426000
1.1180000000 0.4385776000 0.5061876000
1.1185000000 0.4387726000 0.5064376000
1.1190000000 0.4389676000 0.5066826000
1.1195000000 0.4391626000 0.5069326000
1.1200000000 0.4393576000 0.5071776000
1.1205000000 0.4395526000 0.5074226000
1.1210000000 0.4397476000 0.5076726000
1.1215000000 0.4399376000 0.5079176000
1.1220000000 0.4401326000 0.5081626000
1.1225000000 0.4403276000 0.5084126000
1.1230000000 0.4405226000 0.5086576000
1.1235000000 0.4407176000 0.5089026000
1.1240000000 0.4409126000 0.5091526000
1.1245000000 0.4411076000 0.5093976000
1.1250000000 0.4413076000 0.5096426000
1.1255000000 0.4415026000 0.5098926000
1.1260000000 0.4416976000 0.5101376000
1.1265000000 0.4418926000 0.5103826000
1.1270000000 0.4420876000 0.5106326000
1.1275000000 0.4422826000 0.5108776000
1.1280000000 0.4424776000 0.5111226000
1.1285000000 0.4426726000 0.5113676000
1.1290000000 0.4428676000 0.5116176000
1.1295000000 0.4430626000 0.5118626000
1.1300000000 0.4432576000 0.5121076000
1.1305000000 0.4434526000 0.5123526000
1.1310000000 0.4436526000 0.5126026000
1.1315000000 0.4438476000 0.5128476000
1.1320000000 0.4440426000 0.5130926000
1.1325000000 0.4442376000 0.5133376000
1.1330000000 0.4444326000 0.5135826000
1.1335000000 0.4446276000 0.5138326000
1.1340000000 0.4448276000 0.5140776000
1.1345000000 0.4450226000 0.5143226000
1.1350000000 0.4452176000 0.5145676000
1.1355000000 0.4454126000 0.5148126000
1.1360000000 0.4456126000 0.5150576000
1.1365000000 0.4458076000 0.5153076000
1.1370000000 0.4460026000 0.5155526000
1.1375000000 0.4461976000 0.5157976000
1.1380000000 0.4463976000 0.5160426000
1.1385000000 0.4465926000 0.5162876000
1.1390000000 0.4467876000 0.5165326000
1.1395000000 0.4469826000 0.5167776000
1.1400000000 0.4471826000 0.5170226000
1.1405000000 0.4473776000 0.5172676000
1.1410000000 0.4475726000 0.5175126000
1.1415000000 0.4477726000 0.5177626000
1.1420000000 0.4479676000 0.5180076000
1.1425000000 0.4481676000 0.5182526000
1.1430000000 0.4483626000 0.5184976000
1.1435000000 0.4485576000 0.5187426000
1.1440000000 0.4487576000 0.5189876000
1.1445000000 0.4489526000 0.5192326000
1.1450000000 0.4491476000 0.5194776000
1.1455000000 0.4493476000 0.5197226000
1.1460000000 0.4495426000 0.5199676000
1.1465000000 0.4497426000 0.5202126000
1.1470000000 0.4499376000 0.5204576000
1.1475000000 0.4501376000 0.5207026000
1.1480000000 0.4503326000 0.5209476000
1.1485000000 0.4505326000 0.5211926000
1.1490000000 0.4507276000 0.5214376000
1.1495000000 0.4509276000 0.5216776000
1.1500000000 0.4511226000 0.5219226000
1.1505000000 0.4513226000 0.5221676000
1.1510000000 0.4515176000 0.5224126000
1.1515000000 0.4517176000 0.5226576000
1.1520000000 0.4519126000 0.5229026000
1.1525000000 0.4521126000 0.5231476000
1.1530000000 0.4523126000 0.5233926000
1.1535000000 0.4525076000 0.5236376000
1.1540000000 0.4527076000 0.5238826000
1.1545000000 0.4529026000 0.5241226000
1.1550000000 0.4531026000 0.5243676000
1.1555000000 0.4533026000 0.5246126000
1.1560000000 0.4534976000 0.5248576000
1.1565000000 0.4536976000 0.5251026000
1.1570000000 0.4538976000 0.5253426000
1.1575000000 0.4540926000 0.5255876000
1.1580000000 0.4542926000 0.5258326000
1.1585000000 0.4544926000 0.5260776000
1.1590000000 0.4546926000 0.5263226000
1.1595000000 0.4548876000 0.5265626000
1.1600000000 0.4550876000 0.5268076000
1.1605000000 0.4552876000 0.5270526000
1.1610000000 0.4554876000 0.5272976000
1.1615000000 0.4556826000 0.5275376000
1.1620000000 0.4558826000 0.5277826000
1.1625000000 0.4560826000 0.5280276000
1.1630000000 0.4562826000 0.5282676000
1.1635000000 0.4564826000 0.5285126000
1.1640000000 0.4566776000 0.5287576000
1.1645000000 0.4568776000 0.5289976000
1.1650000000 0.4570776000 0.5292426000
1.1655000000 0.4572776000 0.5294876000
1.1660000000 0.4574776000 0.5297276000
1.1665000000 0.4576776000 0.5299726000
1.1670000000 0.4578776000 0.5302176000
1.1675000000 0.4580776000 0.5304576000
1.1680000000 0.4582776000 0.5307026000
1.1685000000 0.4584776000 0.5309426000
1.1690000000 0.4586726000 0.5311876000
1.1695000000 0.4588726000 0.5314326000
1.1700000000 0.4590726000 0.5316726000
1.1705000000 0.4592726000 0.5319176000
1.1710000000 0.4594726000 0.5321576000
1.1715000000 0.4596726000 0.5324026000
1.1720000000 0.4598726000 0.5326426000
1.1725000000 0.4600776000 0.5328876000
1.1730000000 0.4602776000 0.5331276000
1.1735000000 0.4604776000 0.5333726000
1.1740000000 0.4606776000 0.5336126000
1.1745000000 0.4608776000 0.5338576000
1.1750000000 0.4610776000 0.5340976000
1.1755000000 0.4612776000 0.5343426000
1.1760000000 0.4614776000 0.5345826000
1.1765000000 0.4616776000 0.5348276000
1.1770000000 0.4618776000 0.5350676000
1.1775000000 0.4620826000 0.5353126000
1.1780000000 0.4622826000 0.5355526000
1.1785000000 0.4624826000 0.5357926000
1.1790000000 0.4626826000 0.5360376000
1.1795000000 0.4628826000 0.5362776000
1.1800000000 0.4630876000 0.5365176000
1.1805000000 0.4632876000 0.5367626000
1.1810000000 0.4634876000 0.5370026000
1.1815000000 0.4636876000 0.5372426000
1.1820000000 0.4638926000 0.5374876000
1.1825000000 0.4640926000 0.5377276000
1.1830000000 0.4642926000 0.5379676000
1.1835000000 0.4644976000 0.5382126000
1.1840000000 0.4646976000 0.5384526000
1.1845000000 0.4648976000 0.5386926000
1.1850000000 0.4651026000 0.5389326000
1.1855000000 0.4653026000 0.5391776000
1.1860000000 0.4655076000 0.5394176000
1.1865000000 0.4657076000 0.5396576000
1.1870000000 0.4659076000 0.5398976000
1.1875000000 0.4661126000 0.5401426000
1.1880000000 0.4663126000 0.5403826000
1.1885000000 0.4665176000 0.5406226000
1.1890000000 0.4667176000 0.5408626000
1.1895000000 0.4669226000 0.5411026000
1.1900000000 0.4671226000 0.5413426000
1.1905000000 0.4673276000 0.5415876000
1.1910000000 0.4675276000 0.5418276000
1.1915000000 0.4677326000 0.5420676000
1.1920000000 0.4679326000 0.5423076000
1.1925000000 0.4681376000 0.5425476000
1.1930000000 0.4683376000 0.5427876000
1.1935000000 0.4685426000 0.5430276000
1.1940000000 0.4687476000 0.5432676000
1.1945000000 0.4689476000 0.5435076000
1.1950000000 0.4691526000 0.5437476000
1.1955000000 0.4693576000 0.5439876000
1.1960000000 0.4695576000 0.5442276000
1.1965000000 0.4697626000 0.5444676000
1.1970000000 0.4699676000 0.5447076000
1.1975000000 0.4701676000 0.5449476000
1.1980000000 0.4703726000 0.5451876000
1.1985000000 0.4705776000 0.5454276000
1.1990000000 0.4707826000 0.5456676000
1.1995000000 0.4709826000 0.5459076000
1.2000000000 0.4711876000 0.5461476000
1.2005000000 0.4713926000 0.5463876000
1.2010000000 0.4715976000 0.5466276000
1.2015000000 0.4718026000 0.5468676000
1.2020000000 0.4720026000 0.5471076000
1.2025000000 0.4722076000 0.5473476000
1.2030000000 0.4724126000 0.5475826000
1.2035000000 0.4726176000 0.5478226000
1.2040000000 0.4728226000 0.5480626000
1.2045000000 0.4730276000 0.5483026000
1.2050000000 0.4732326000 0.5485426000
1.2055000000 0.4734376000 0.5487776000
1.2060000000 0.4736426000 0.5490176000
1.2065000000 0.4738476000 0.5492576000
1.2070000000 0.4740526000 0.5494976000
1.2075000000 0.4742576000 0.5497376000
1.2080000000 0.4744626000 0.5499726000
1.2085000000 0.4746676000 0.5502126000
1.2090000000 0.4748726000 0.5504526000
1.2095000000 0.4750776000 0.5506876000
1.2100000000 0.4752826000 0.5509276000
1.2105000000 0.4754876000 0.5511676000
1.2110000000 0.4756926000 0.5514026000
1.2115000000 0.4758976000 0.5516426000
1.2120000000 0.4761026000 0.5518826000
1.2125000000 0.4763126000 0.5521176000
1.2130000000 0.4765176000 0.5523576000
1.2135000000 0.4767226000 0.5525926000
1.2140000000 0.4769276000 0.5528326000
1.2145000000 0.4771326000 0.5530726000
1.2150000000 0.4773426000 0.5533076000
1.2155000000 0.4775476000 0.5535476000
1.2160000000 0.4777526000 0.5537826000
1.2165000000 0.4779576000 0.5540226000
1.2170000000 0.4781676000 0.5542576000
1.2175000000 0.4783726000 0.5544976000
1.2180000000 0.4785776000 0.5547326000
1.2185000000 0.4787876000 0.5549726000
1.2190000000 0.4789926000 0.5552076000
1.2195000000 0.4792026000 0.5554426000
1.2200000000 0.4794076000 0.5556826000
1.2205000000 0.4796126000 0.5559176000
1.2210000000 0.4798226000 0.5561576000
1.2215000000 0.4800276000 0.5563926000
1.2220000000 0.4802376000 0.5566276000
1.2225000000 0.4804426000 0.5568676000
1.2230000000 0.4806526000 0.5571026000
1.2235000000 0.4808576000 0.5573376000
1.2240000000 0.4810676000 0.5575776000
1.2245000000 0.4812726000 0.5578126000
1.2250000000 0.4814826000 0.5580476000
1.2255000000 0.4816926000 0.5582876000
1.2260000000 0.4818976000 0.5585226000
1.2265000000 0.4821076000 0.5587576000
1.2270000000 0.4823126000 0.5589926000
1.2275000000 0.4825226000 0.5592276000
1.2280000000 0.4827326000 0.5594676000
1.2285000000 0.4829376000 0.5597026000
1.2290000000 0.4831476000 0.5599376000
1.2295000000 0.4833576000 0.5601726000
1.2300000000 0.4835676000 0.5604076000
1.2305000000 0.4837726000 0.5606426000
1.2310000000 0.4839826000 0.5608776000
1.2315000000 0.4841926000 0.5611176000
1.2320000000 0.4844026000 0.5613526000
1.2325000000 0.4846126000 0.5615876000
1.2330000000 0.4848176000 0.5618226000
1.2335000000 0.4850276000 0.5620576000
1.2340000000 0.4852376000 0.5622926000
1.2345000000 0.4854476000 0.5625276000
1.2350000000 0.4856576000 0.5627626000
1.2355000000 0.4858676000 0.5629976000
1.2360000000 0.4860776000 0.5632326000
1.2365000000 0.4862876000 0.5634676000
1.2370000000 0.4864976000 0.5637026000
1.2375000000 0.4867076000 0.5639376000
1.2380000000 0.4869176000 0.5641676000
1.2385000000 0.4871276000 0.5644026000
1.2390000000 0.4873376000 0.5646376000
1.2395000000 0.4875476000 0.5648726000
1.2400000000 0.4877576000 0.5651076000
1.2405000000 0.4879676000 0.5653426000
1.2410000000 0.4881826000 0.5655776000
1.2415000000 0.4883926000 0.5658076000
1.2420000000 0.4886026000 0.5660426000
1.2425000000 0.4888126000 0.5662776000
1.2430000000 0.4890226000 0.5665126000
1.2435000000 0.4892376000 0.5667426000
1.2440000000 0.4894476000 0.5669776000
1.2445000000 0.4896576000 0.5672126000
1.2450000000 0.4898676000 0.5674426000
1.2455000000 0.4900826000 0.5676776000
1.2460000000 0.4902926000 0.5679126000
1.2465000000 0.4905026000 0.5681426000
1.2470000000 0.4907176000 0.5683776000
1.2475000000 0.4909276000 0.5686126000
1.2480000000 0.4911376000 0.5688426000
1.2485000000 0.4913526000 0.5690776000
1.2490000000 0.4915626000 0.5693076000
1.2495000000 0.4917776000 0.5695426000
1.2500000000 0.4919876000 0.5697726000
1.2505000000 0.4922026000 0.5700076000
1.2510000000 0.4924126000 0.5702376000
1.2515000000 0.4926276000 0.5704726000
1.2520000000 0.4928376000 0.5707026000
1.2525000000 0.4930526000 0.5709376000
1.2530000000 0.4932676000 0.5711676000
1.2535000000 0.4934776000 0.5714026000
1.2540000000 0.4936926000 0.5716326000
1.2545000000 0.4939076000 0.5718626000
1.2550000000 0.4941176000 0.5720976000
1.2555000000 0.4943326000 0.5723276000
1.2560000000 0.4945476000 0.5725576000
1.2565000000 0.4947576000 0.5727926000
1.2570000000 0.4949726000 0.5730226000
1.2575000000 0.4951876000 0.5732526000
1.2580000000 0.4954026000 0.5734826000
1.2585000000 0.4956176000 0.5737176000
1.2590000000 0.4958326000 0.5739476000
1.2595000000 0.4960426000 0.5741776000
1.2600000000 0.4962576000 0.5744076000
1.2605000000 0.4964726000 0.5746376000
1.2610000000 0.4966876000 0.5748726000
1.2615000000 0.4969026000 0.5751026000
1.2620000000 0.4971176000 0.5753326000
1.2625000000 0.4973326000 0.5755626000
1.2630000000 0.4975476000 0.5757926000
1.2635000000 0.4977626000 0.5760226000
1.2640000000 0.4979776000 0.5762526000
1.2645000000 0.4981926000 0.5764826000
1.2650000000 0.4984076000 0.5767126000
1.2655000000 0.4986276000 0.5769426000
1.2660000000 0.4988426000 0.5771726000
1.2665000000 0.4990576000 0.5774026000
1.2670000000 0.4992726000 0.5776326000
1.2675000000 0.4994876000 0.5778626000
1.2680000000 0.4997076000 0.5780926000
1.2685000000 0.4999226000 0.5783226000
1.2690000000 0.5001376000 0.5785476000
1.2695000000 0.5003526000 0.5787776000
1.2700000000 0.5005726000 0.5790076000
1.2705000000 0.5007876000 0.5792376000
1.2710000000 0.5010026000 0.5794676000
1.2715000000 0.5012226000 0.5796926000
1.2720000000 0.5014376000 0.5799226000
1.2725000000 0.5016576000 0.5801526000
1.2730000000 0.5018726000 0.5803826000
1.2735000000 0.5020926000 0.5806076000
1.2740000000 0.5023076000 0.5808376000
1.2745000000 0.5025276000 0.5810676000
1.2750000000 0.5027426000 0.5812926000
1.2755000000 0.5029626000 0.5815226000
1.2760000000 0.5031776000 0.5817476000
1.2765000000 0.5033976000 0.5819776000
1.2770000000 0.5036176000 0.5822076000
1.2775000000 0.5038326000 0.5824326000
1.2780000000 0.5040526000 0.5826626000
1.2785000000 0.5042726000 0.5828876000
1.2790000000 0.5044876000 0.5831176000
1.2795000000 0.5047076000 0.5833426000
1.2800000000 0.5049276000 0.5835676000
1.2805000000 0.5051476000 0.5837976000
1.2810000000 0.5053676000 0.5840226000
1.2815000000 0.5055876000 0.5842526000
1.2820000000 0.5058026000 0.5844776000
1.2825000000 0.5060226000 0.5847026000
1.2830000000 0.5062426000 0.5849326000
1.2835000000 0.5064626000 0.5851576000
1.2840000000 0.5066826000 0.5853826000
1.2845000000 0.5069026000 0.5856076000
1.2850000000 0.5071226000 0.5858376000
1.2855000000 0.5073426000 0.5860626000
1.2860000000 0.5075626000 0.5862876000
1.2865000000 0.5077826000 0.5865126000
1.2870000000 0.5080076000 0.5867376000
1.2875000000 0.5082276000 0.5869626000
1.2880000000 0.5084476000 0.5871876000
1.2885000000 0.5086676000 0.5874176000
1.2890000000 0.5088876000 0.5876426000
1.2895000000 0.5091126000 0.5878676000
1.2900000000 0.5093326000 0.5880926000
1.2905000000 0.5095526000 0.5883176000
1.2910000000 0.5097726000 0.5885426000
1.2915000000 0.5099976000 0.5887676000
1.2920000000 0.5102176000 0.5889926000
1.2925000000 0.5104426000 0.5892126000
1.2930000000 0.5106626000 0.5894376000
1.2935000000 0.5108826000 0.5896626000
1.2940000000 0.5111076000 0.5898876000
1.2945000000 0.5113276000 0.5901126000
1.2950000000 0.5115526000 0.5903376000
1.2955000000 0.5117776000 0.5905576000
1.2960000000 0.5119976000 0.5907826000
1.2965000000 0.5122226000 0.5910076000
1.2970000000 0.5124426000 0.5912326000
1.2975000000 0.5126676000 0.5914526000
1.2980000000 0.5128926000 0.5916776000
1.2985000000 0.5131126000 0.5919026000
1.2990000000 0.5133376000 0.5921226000
1.2995000000 0.5135626000 0.5923476000
1.3000000000 0.5137876000 0.5925676000
1.3005000000 0.5140126000 0.5927926000
1.3010000000 0.5142326000 0.5930126000
1.3015000000 0.5144576000 0.5932376000
1.3020000000 0.5146826000 0.5934576000
1.3025000000 0.5149076000 0.5936826000
1.3030000000 0.5151326000 0.5939026000
1.3035000000 0.5153576000 0.5941276000
1.3040000000 0.5155826000 0.5943476000
1.3045000000 0.5158076000 0.5945676000
1.3050000000 0.5160326000 0.5947926000
1.3055000000 0.5162576000 0.5950126000
1.3060000000 0.5164826000 0.5952326000
1.3065000000 0.5167126000 0.5954576000
1.3070000000 0.5169376000 0.5956776000
1.3075000000 0.5171626000 0.5958976000
1.3080000000 0.5173876000 0.5961176000
1.3085000000 0.5176126000 0.5963376000
1.3090000000 0.5178426000 0.5965626000
1.3095000000 0.5180676000 0.5967826000
1.3100000000 0.5182926000 0.5970026000
1.3105000000 0.5185226000 0.5972226000
1.3110000000 0.5187476000 0.5974426000
1.3115000000 0.5189776000 0.5976626000
1.3120000000 0.5192026000 0.5978826000
1.3125000000 0.5194326000 0.5981026000
1.3130000000 0.5196576000 0.5983226000
1.3135000000 0.5198876000 0.5985426000
1.3140000000 0.5201126000 0.5987626000
1.3145000000 0.5203426000 0.5989776000
1.3150000000 0.5205676000 0.5991976000
1.3155000000 0.5207976000 0.5994176000
1.3160000000 0.5210276000 0.5996376000
1.3165000000 0.5212576000 0.5998576000
1.3170000000 0.5214826000 0.6000726000
1.3175000000 0.5217126000 0.6002926000
1.3180000000 0.5219426000 0.6005126000
1.3185000000 0.5221726000 0.6007276000
1.3190000000 0.5224026000 0.6009476000
1.3195000000 0.5226326000 0.6011676000
1.3200000000 0.5228626000 0.6013826000
1.3205000000 0.5230876000 0.6016026000
1.3210000000 0.5233176000 0.6018176000
1.3215000000 0.5235526000 0.6020376000
1.3220000000 0.5237826000 0.6022526000
1.3225000000 0.5240126000 0.6024726000
1.3230000000 0.5242426000 0.6026876000
1.3235000000 0.5244726000 0.6029026000
1.3240000000 0.5247026000 0.6031226000
1.3245000000 0.5249326000 0.6033376000
1.3250000000 0.5251676000 0.6035526000
1.3255000000 0.5253976000 0.6037726000
1.3260000000 0.5256276000 0.6039876000
1.3265000000 0.5258626000 0.6042026000
1.3270000000 0.5260926000 0.6044176000
1.3275000000 0.5263226000 0.6046376000
1.3280000000 0.5265576000 0.6048526000
1.3285000000 0.5267876000 0.6050676000
1.3290000000 0.5270226000 0.6052826000
1.3295000000 0.5272526000 0.6054976000
1.3300000000 0.5274876000 0.6057126000
1.3305000000 0.5277226000 0.6059276000
1.3310000000 0.5279526000 0.6061426000
1.3315000000 0.5281876000 0.6063576000
1.3320000000 0.5284226000 0.6065726000
1.3325000000 0.5286526000 0.6067876000
1.3330000000 0.5288876000 0.6070026000
1.3335000000 0.5291226000 0.6072126000
1.3340000000 0.5293576000 0.6074276000
1.3345000000 0.5295926000 0.6076426000
1.3350000000 0.5298276000 0.6078576000
1.3355000000 0.5300576000 0.6080676000
1.3360000000 0.5302926000 0.6082826000
1.3365000000 0.5305276000 0.6084976000
1.3370000000 0.5307676000 0.6087076000
1.3375000000 0.5310026000 0.6089226000
1.3380000000 0.5312376000 0.6091326000
1.3385000000 0.5314726000 0.6093476000
1.3390000000 0.5317076000 0.6095576000
1.3395000000 0.5319426000 0.6097726000
1.3400000000 0.5321826000 0.6099826000
1.3405000000 0.5324176000 0.6101976000
1.3410000000 0.5326526000 0.6104076000
1.3415000000 0.5328876000 0.6106176000
1.3420000000 0.5331276000 0.6108326000
1.3425000000 0.5333626000 0.6110426000
1.3430000000 0.5336026000 0.6112526000
1.3435000000 0.5338376000 0.6114626000
1.3440000000 0.5340776000 0.6116776000
1.3445000000 0.5343126000 0.6118876000
1.3450000000 0.5345526000 0.6120976000
1.3455000000 0.5347926000 0.6123076000
1.3460000000 0.5350276000 0.6125176000
1.3465000000 0.5352676000 0.6127276000
1.3470000000 0.5355076000 0.6129376000
1.3475000000 0.5357476000 0.6131476000
1.3480000000 0.5359826000 0.6133576000
1.3485000000 0.5362226000 0.6135676000
1.3490000000 0.5364626000 0.6137776000
1.3495000000 0.5367026000 0.6139826000
1.3500000000 0.5369426000 0.6141926000
1.3505000000 0.5371826000 0.6144026000
1.3510000000 0.5374226000 0.6146126000
1.3515000000 0.5376626000 0.6148176000
1.3520000000 0.5379076000 0.6150276000
1.3525000000 0.5381476000 0.6152376000
1.3530000000 0.5383876000 0.6154426000
1.3535000000 0.5386276000 0.6156526000
1.3540000000 0.5388676000 0.6158576000
1.3545000000 0.5391126000 0.6160676000
1.3550000000 0.5393526000 0.6162726000
1.3555000000 0.5395976000 0.6164826000
1.3560000000 0.5398376000 0.6166876000
1.3565000000 0.5400826000 0.6168926000
1.3570000000 0.5403226000 0.6171026000
1.3575000000 0.5405676000 0.6173076000
1.3580000000 0.5408076000 0.6175126000
1.3585000000 0.5410526000 0.6177176000
1.3590000000 0.5412976000 0.6179226000
1.3595000000 0.5415376000 0.6181276000
1.3600000000 0.5417826000 0.6183376000
1.3605000000 0.5420276000 0.6185426000
1.3610000000 0.5422726000 0.6187476000
1.3615000000 0.5425176000 0.6189526000
1.3620000000 0.5427626000 0.6191576000
1.3625000000 0.5430076000 0.6193576000
1.3630000000 0.5432526000 0.6195626000
1.3635000000 0.5434976000 0.6197676000
1.3640000000 0.5437426000 0.6199726000
1.3645000000 0.5439876000 0.6201776000
1.3650000000 0.5442326000 0.6203776000
1.3655000000 0.5444776000 0.6205826000
1.3660000000 0.5447276000 0.6207876000
1.3665000000 0.5449726000 0.6209876000
1.3670000000 0.5452176000 0.6211926000
1.3675000000 0.5454676000 0.6213926000
1.3680000000 0.5457126000 0.6215976000
1.3685000000 0.5459626000 0.6217976000
1.3690000000 0.5462076000 0.6220026000
1.3695000000 0.5464576000 0.6222026000
1.3700000000 0.5467026000 0.6224026000
1.3705000000 0.5469526000 0.6226076000
1.3710000000 0.5472026000 0.6228076000
1.3715000000 0.5474526000 0.6230076000
1.3720000000 0.5476976000 0.6232076000
1.3725000000 0.5479476000 0.6234076000
1.3730000000 0.5481976000 0.6236076000
1.3735000000 0.5484476000 0.6238076000
1.3740000000 0.5486976000 0.6240076000
1.3745000000 0.5489476000 0.6242076000
1.3750000000 0.5491976000 0.6244076000
1.3755000000 0.5494476000 0.6246076000
1.3760000000 0.5496976000 0.6248076000
1.3765000000 0.5499526000 0.6250076000
1.3770000000 0.5502026000 0.6252076000
1.3775000000 0.5504526000 0.6254026000
1.3780000000 0.5507076000 0.6256026000
1.3785000000 0.5509576000 0.6258026000
1.3790000000 0.5512076000 0.6259976000
1.3795000000 0.5514626000 0.6261976000
1.3800000000 0.5517176000 0.6263926000
1.3805000000 0.5519676000 0.6265926000
1.3810000000 0.5522226000 0.6267876000
1.3815000000 0.5524776000 0.6269826000
1.3820000000 0.5527276000 0.6271826000
1.3825000000 0.5529826000 0.6273776000
1.3830000000 0.5532376000 0.6275726000
1.3835000000 0.5534926000 0.6277676000
1.3840000000 0.5537476000 0.6279626000
1.3845000000 0.5540026000 0.6281576000
1.3850000000 0.5542576000 0.6283576000
1.3855000000 0.5545126000 0.6285476000
1.3860000000 0.5547676000 0.6287426000
1.3865000000 0.5550226000 0.6289376000
1.3870000000 0.5552776000 0.6291326000
1.3875000000 0.5555376000 0.6293276000
1.3880000000 0.5557926000 0.6295226000
1.3885000000 0.5560526000 0.6297126000
1.3890000000 0.5563076000 0.6299076000
1.3895000000 0.5565676000 0.6301026000
1.3900000000 0.5568226000 0.6302926000
1.3905000000 0.5570826000 0.6304876000
1.3910000000 0.5573376000 0.6306776000
1.3915000000 0.5575976000 0.6308726000
1.3920000000 0.5578576000 0.6310626000
1.3925000000 0.5581176000 0.6312526000
1.3930000000 0.5583776000 0.6314476000
1.3935000000 0.5586376000 0.6316376000
1.3940000000 0.5588976000 0.6318276000
1.3945000000 0.5591576000 0.6320176000
1.3950000000 0.5594176000 0.6322076000
1.3955000000 0.5596776000 0.6323976000
1.3960000000 0.5599376000 0.6325876000
1.3965000000 0.5601976000 0.6327776000
1.3970000000 0.5604626000 0.6329676000
1.3975000000 0.5607226000 0.6331576000
1.3980000000 0.5609876000 0.6333476000
1.3985000000 0.5612476000 0.6335326000
1.3990000000 0.5615126000 0.6337226000
1.3995000000 0.5617726000 0.6339126000
1.4000000000 0.5620376000 0.6340976000
1.4005000000 0.5623026000 0.6342876000
1.4010000000 0.5625626000 0.6344726000
1.4015000000 0.5628276000 0.6346626000
1.4020000000 0.5630926000 0.6348476000
1.4025000000 0.5633576000 0.6350326000
1.4030000000 0.5636226000 0.6352176000
1.4035000000 0.5638876000 0.6354076000
1.4040000000 0.5641526000 0.6355926000
1.4045000000 0.5644226000 0.6357776000
1.4050000000 0.5646876000 0.6359626000
1.4055000000 0.5649526000 0.6361476000
1.4060000000 0.5652226000 0.6363326000
1.4065000000 0.5654876000 0.6365126000
1.4070000000 0.5657576000 0.6366976000
1.4075000000 0.5660226000 0.6368826000
1.4080000000 0.5662926000 0.6370676000
1.4085000000 0.5665626000 0.6372476000
1.4090000000 0.5668276000 0.6374326000
1.4095000000 0.5670976000 0.6376126000
1.4100000000 0.5673676000 0.6377976000
1.4105000000 0.5676376000 0.6379776000
1.4110000000 0.5679076000 0.6381576000
1.4115000000 0.5681776000 0.6383376000
1.4120000000 0.5684476000 0.6385226000
1.4125000000 0.5687226000 0.6387026000
1.4130000000 0.5689926000 0.6388826000
1.4135000000 0.5692626000 0.6390626000
1.4140000000 0.5695376000 0.6392426000
1.4145000000 0.5698076000 0.6394226000
1.4150000000 0.5700826000 0.6395976000
1.4155000000 0.5703526000 0.6397776000
1.4160000000 0.5706276000 0.6399576000
1.4165000000 0.5709026000 0.6401326000
1.4170000000 0.5711776000 0.6403126000
1.4175000000 0.5714526000 0.6404876000
1.4180000000 0.5717276000 0.6406676000
1.4185000000 0.5720026000 0.6408426000
1.4190000000 0.5722776000 0.6410226000
1.4195000000 0.5725526000 0.6411976000
1.4200000000 0.5728276000 0.6413726000
1.4205000000 0.5731076000 0.6415476000
1.4210000000 0.5733826000 0.6417226000
1.4215000000 0.5736626000 0.6418976000
1.4220000000 0.5739376000 0.6420726000
1.4225000000 0.5742176000 0.6422476000
1.4230000000 0.5744976000 0.6424176000
1.4235000000 0.5747776000 0.6425926000
1.4240000000 0.5750526000 0.6427676000
1.4245000000 0.5753326000 0.6429376000
1.4250000000 0.5756126000 0.6431126000
1.4255000000 0.5758926000 0.6432826000
1.4260000000 0.5761776000 0.6434526000
1.4265000000 0.5764576000 0.6436226000
1.4270000000 0.5767376000 0.6437976000
1.4275000000 0.5770226000 0.6439676000
1.4280000000 0.5773026000 0.6441376000
1.4285000000 0.5775876000 0.6443076000
1.4290000000 0.5778676000 0.6444726000
1.4295000000 0.5781526000 0.6446426000
1.4300000000 0.5784376000 0.6448126000
1.4305000000 0.5787226000 0.6449826000
1.4310000000 0.5790076000 0.6451476000
1.4315000000 0.5792926000 0.6453176000
1.4320000000 0.5795776000 0.6454826000
1.4325000000 0.5798626000 0.6456476000
1.4330000000 0.5801526000 0.6458126000
1.4335000000 0.5804376000 0.6459826000
1.4340000000 0.5807276000 0.6461476000
1.4345000000 0.5810126000 0.6463126000
1.4350000000 0.5813026000 0.6464776000
1.4355000000 0.5815926000 0.6466376000
1.4360000000 0.5818826000 0.6468026000
1.4365000000 0.5821726000 0.6469676000
1.4370000000 0.5824626000 0.6471276000
1.4375000000 0.5827526000 0.6472926000
1.4380000000 0.5830426000 0.6474526000
1.4385000000 0.5833326000 0.6476126000
1.4390000000 0.5836276000 0.6477776000
1.4395000000 0.5839176000 0.6479376000
1.4400000000 0.5842126000 0.6480976000
1.4405000000 0.5845076000 0.6482576000
1.4410000000 0.5847976000 0.6484176000
1.4415000000 0.5850926000 0.6485726000
1.4420000000 0.5853876000 0.6487326000
1.4425000000 0.5856826000 0.6488926000
1.4430000000 0.5859826000 0.6490476000
1.4435000000 0.5862776000 0.6492026000
1.4440000000 0.5865726000 0.6493626000
1.4445000000 0.5868726000 0.6495176000
1.4450000000 0.5871676000 0.6496726000
1.4455000000 0.5874676000 0.6498276000
1.4460000000 0.5877676000 0.6499826000
1.4465000000 0.5880676000 0.6501376000
1.4470000000 0.5883676000 0.6502876000
1.4475000000 0.5886676000 0.6504426000
1.4480000000 0.5889676000 0.6505926000
1.4485000000 0.5892726000 0.6507476000
1.4490000000 0.5895726000 0.6508976000
1.4495000000 0.5898776000 0.6510476000
1.4500000000 0.5901776000 0.6511976000
1.4505000000 0.5904826000 0.6513476000
1.4510000000 0.5907876000 0.6514976000
1.4515000000 0.5910926000 0.6516476000
1.4520000000 0.5913976000 0.6517976000
1.4525000000 0.5917026000 0.6519426000
1.4530000000 0.5920126000 0.6520926000
1.4535000000 0.5923176000 0.6522376000
1.4540000000 0.5926276000 0.6523826000
1.4545000000 0.5929376000 0.6525276000
1.4550000000 0.5932426000 0.6526726000
1.4555000000 0.5935526000 0.6528176000
1.4560000000 0.5938626000 0.6529626000
1.4565000000 0.5941776000 0.6531026000
1.4570000000 0.5944876000 0.6532476000
1.4575000000 0.5948026000 0.6533876000
1.4580000000 0.5951126000 0.6535276000
1.4585000000 0.5954276000 0.6536676000
1.4590000000 0.5957426000 0.6538076000
1.4595000000 0.5960576000 0.6539476000
1.4600000000 0.5963726000 0.6540876000
1.4605000000 0.5966876000 0.6542226000
1.4610000000 0.5970076000 0.6543626000
1.4615000000 0.5973226000 0.6544976000
1.4620000000 0.5976426000 0.6546326000
1.4625000000 0.5979626000 0.6547676000
1.4630000000 0.5982826000 0.6549026000
1.4635000000 0.5986026000 0.6550376000
1.4640000000 0.5989226000 0.6551726000
1.4645000000 0.5992426000 0.6553026000
1.4650000000 0.5995676000 0.6554376000
1.4655000000 0.5998926000 0.6555676000
1.4660000000 0.6002176000 0.6556976000
1.4665000000 0.6005426000 0.6558276000
1.4670000000 0.6008676000 0.6559526000
1.4675000000 0.6011926000 0.6560826000
1.4680000000 0.6015226000 0.6562126000
1.4685000000 0.6018476000 0.6563376000
1.4690000000 0.6021776000 0.6564626000
1.4695000000 0.6025076000 0.6565876000
1.4700000000 0.6028376000 0.6567126000
1.4705000000 0.6031726000 0.6568326000
1.4710000000 0.6035026000 0.6569576000
1.4715000000 0.6038376000 0.6570776000
1.4720000000 0.6041726000 0.6571976000
1.4725000000 0.6045076000 0.6573176000
1.4730000000 0.6048426000 0.6574376000
1.4735000000 0.6051776000 0.6575576000
1.4740000000 0.6055176000 0.6576726000
1.4745000000 0.6058576000 0.6577876000
1.4750000000 0.6061976000 0.6579026000
1.4755000000 0.6065376000 0.6580176000
1.4760000000 0.6068776000 0.6581326000
1.4765000000 0.6072226000 0.6582426000
1.4770000000 0.6075676000 0.6583576000
1.4775000000 0.6079126000 0.6584676000
1.4780000000 0.6082576000 0.6585726000
1.4785000000 0.6086026000 0.6586826000
1.4790000000 0.6089526000 0.6587926000
1.4795000000 0.6093026000 0.6588976000
1.4800000000 0.6096526000 0.6590026000
1.4805000000 0.6100026000 0.6591076000
1.4810000000 0.6103576000 0.6592076000
1.4815000000 0.6107076000 0.6593126000
1.4820000000 0.6110626000 0.6594126000
1.4825000000 0.6114176000 0.6595126000
1.4830000000 0.6117776000 0.6596076000
1.4835000000 0.6121376000 0.6597076000
1.4840000000 0.6124976000 0.6598026000
1.4845000000 0.6128576000 0.6598976000
1.4850000000 0.6132176000 0.6599876000
1.4855000000 0.6135826000 0.6600826000
1.4860000000 0.6139476000 0.6601726000
1.4865000000 0.6143126000 0.6602626000
1.4870000000 0.6146826000 0.6603476000
1.4875000000 0.6150526000 0.6604376000
1.4880000000 0.6154226000 0.6605226000
1.4885000000 0.6157976000 0.6606026000
1.4890000000 0.6161676000 0.6606876000
1.4895000000 0.6165426000 0.6607676000
1.4900000000 0.6169226000 0.6608476000
1.4905000000 0.6172976000 0.6609226000
1.4910000000 0.6176826000 0.6609976000
1.4915000000 0.6180626000 0.6610726000
1.4920000000 0.6184476000 0.6611476000
1.4925000000 0.6188326000 0.6612176000
1.4930000000 0.6192176000 0.6612876000
1.4935000000 0.6196076000 0.6613526000
1.4940000000 0.6199976000 0.6614176000
1.4945000000 0.6203926000 0.6614826000
1.4950000000 0.6207876000 0.6615426000
1.4955000000 0.6211826000 0.6616026000
1.4960000000 0.6215826000 0.6616576000
1.4965000000 0.6219826000 0.6617126000
1.4970000000 0.6223876000 0.6617676000
1.4975000000 0.6227926000 0.6618176000
1.4980000000 0.6232026000 0.6618676000
1.4985000000 0.6236126000 0.6619126000
1.4990000000 0.6240226000 0.6619576000
1.4995000000 0.6244376000 0.6619976000
1.5000000000 0.6248576000 0.6620376000
1.5005000000 0.6252776000 0.6620726000
1.5010000000 0.6257026000 0.6621076000
1.5015000000 0.6261276000 0.6621376000
1.5020000000 0.6265576000 0.6621626000
1.5025000000 0.6269876000 0.6621876000
1.5030000000 0.6274226000 0.6622126000
1.5035000000 0.6278626000 0.6622276000
1.5040000000 0.6283076000 0.6622426000
1.5045000000 0.6287526000 0.6622526000
1.5050000000 0.6292026000 0.6622626000
1.5055000000 0.6296526000 0.6622626000
1.5060000000 0.6301126000 0.6622626000
1.5065000000 0.6305726000 0.6622626000
1.5070000000 0.6310376000 0.6622526000
1.5075000000 0.6315076000 0.6622376000
1.5080000000 0.6319826000 0.6622176000
1.5085000000 0.6324626000 0.6621976000
1.5090000000 0.6329476000 0.6621676000
1.5095000000 0.6334426000 0.6621326000
1.5100000000 0.6339376000 0.6620926000
1.5105000000 0.6344426000 0.6620476000
1.5110000000 0.6349526000 0.6619976000
1.5115000000 0.6354676000 0.6619376000
1.5120000000 0.6359926000 0.6618676000
1.5125000000 0.6365226000 0.6617926000
1.5130000000 0.6370676000 0.6617126000
1.5135000000 0.6376176000 0.6616176000
1.5140000000 0.6381776000 0.6615176000
1.5145000000 0.6387476000 0.6614026000
1.5150000000 0.6393326000 0.6612776000
1.5155000000 0.6399276000 0.6611376000
1.5160000000 0.6405376000 0.6609826000
1.5165000000 0.6411676000 0.6608126000
1.5170000000 0.6418126000 0.6606276000
1.5175000000 0.6424776000 0.6604176000
1.5180000000 0.6431676000 0.6601826000
1.5185000000 0.6438876000 0.6599226000
1.5190000000 0.6446426000 0.6596276000
1.5195000000 0.6454376000 0.6592876000
1.5200000000 0.6462826000 0.6588976000
1.5205000000 0.6472026000 0.6584376000
1.5210000000 0.6482226000 0.6578776000
1.5215000000 0.6494026000 0.6571576000
1.5220000000 0.6509126000 0.6561026000
