0.0025001000 0.0010421875
0.0030001000 0.0012506175
0.0035001000 0.0014590475
0.0040001000 0.0016674725
0.0045001000 0.0018759025
0.0050001000 0.0020843275
0.0055001000 0.0022927525
0.0060001000 0.0025011775
0.0065001000 0.0027096025
0.0070001000 0.0029180275
0.0075001000 0.0031264475
0.0080001000 0.0033348725
0.0085001000 0.0035432925
0.0090001000 0.0037517075
0.0095001000 0.0039601275
0.0100001000 0.0041685425
0.0105001000 0.0043769575
0.0110001000 0.0045853725
0.0115001000 0.0047937825
0.0120001000 0.0050021975
0.0125001000 0.0052106025
0.0130001000 0.0054190125
0.0135001000 0.0056274175
0.0140001000 0.0058358175
0.0145001000 0.0060442225
0.0150001000 0.0062526175
0.0155001000 0.0064610175
0.0160001000 0.0066694125
0.0165001000 0.0068778025
0.0170001000 0.0070861925
0.0175001000 0.0072945825
0.0180001000 0.0075029675
0.0185001000 0.0077113525
0.0190001000 0.0079197325
0.0195001000 0.0081281075
0.0200001000 0.0083364825
0.0205001000 0.0085448575
0.0210001000 0.0087532225
0.0215001000 0.0089615925
0.0220001000 0.0091699525
0.0225001000 0.0093783125
0.0230001000 0.0095866725
0.0235001000 0.0097950275
0.0240001000 0.0100033775
0.0245001000 0.0102117225
0.0250001000 0.0104200675
0.0255001000 0.0106284075
0.0260001000 0.0108367425
0.0265001000 0.0110450775
0.0270001000 0.0112534075
0.0275001000 0.0114617325
0.0280001000 0.0116700525
0.0285001000 0.0118783675
0.0290001000 0.0120866825
0.0295001000 0.0122949925
0.0300001000 0.0125032975
0.0305001000 0.0127115975
0.0310001000 0.0129198975
0.0315001000 0.0131281875
0.0320001000 0.0133364775
0.0325001000 0.0135447625
0.0330001000 0.0137530375
0.0335001000 0.0139613125
0.0340001000 0.0141695825
0.0345001000 0.0143778475
0.0350001000 0.0145861075
0.0355001000 0.0147943625
0.0360001000 0.0150026175
0.0365001000 0.0152108625
0.0370001000 0.0154191025
0.0375001000 0.0156273375
0.0380001000 0.0158355675
0.0385001000 0.0160437925
0.0390001000 0.0162520075
0.0395001000 0.0164602225
0.0400001000 0.0166684325
0.0405001000 0.0168766325
0.0410001000 0.0170848325
0.0415001000 0.0172930225
0.0420001000 0.0175012075
0.0425001000 0.0177093875
0.0430001000 0.0179175625
0.0435001000 0.0181257275
0.0440001000 0.0183338875
0.0445001000 0.0185420475
0.0450001000 0.0187501925
0.0455001000 0.0189583375
0.0460001000 0.0191664725
0.0465001000 0.0193746025
0.0470001000 0.0195827275
0.0475001000 0.0197908475
0.0480001000 0.0199989575
0.0485001000 0.0202070575
0.0490001000 0.0204151575
0.0495001000 0.0206232475
0.0500001000 0.0208313325
0.0505001000 0.0210394075
0.0510001000 0.0212474775
0.0515001000 0.0214555375
0.0520001000 0.0216635975
0.0525001000 0.0218716425
0.0530001000 0.0220796825
0.0535001000 0.0222877175
0.0540001000 0.0224957425
0.0545001000 0.0227037625
0.0550001000 0.0229117725
0.0555001000 0.0231197775
0.0560001000 0.0233277725
0.0565001000 0.0235357625
0.0570001000 0.0237437425
0.0575001000 0.0239517125
0.0580001000 0.0241596775
0.0585001000 0.0243676325
0.0590001000 0.0245755825
0.0595001000 0.0247835225
