0.3425000000 0.0955751000 0.0963751000
0.3430000000 0.0957251000 0.0965251000
0.3435000000 0.0958751000 0.0966751000
0.3440000000 0.0960251000 0.0968251000
0.3445000000 0.0961751000 0.0969751000
0.3450000000 0.0963251000 0.0971251000
0.3455000000 0.0964751000 0.0972751000
0.3460000000 0.0966251000 0.0974251000
0.3465000000 0.0967751000 0.0975751000
0.3470000000 0.0969251000 0.0977251000
0.3475000000 0.0970751000 0.0978751000
0.3480000000 0.0972251000 0.0980251000
0.3485000000 0.0973751000 0.0981751000
0.3490000000 0.0975251000 0.0983251000
0.3495000000 0.0976751000 0.0984751000
0.3500000000 0.0978251000 0.0986251000
0.3505000000 0.0979751000 0.0987751000
0.3510000000 0.0981251000 0.0989251000
0.3515000000 0.0982751000 0.0990751000
0.3520000000 0.0984251000 0.0992251000
0.3525000000 0.0985751000 0.0993751000
0.3530000000 0.0987751000 0.0995251000
0.3535000000 0.0989251000 0.0996751000
0.3540000000 0.0990751000 0.0998251000
0.3545000000 0.0992251000 0.0999751000
0.3550000000 0.0993751000 0.1001251000
0.3555000000 0.0995251000 0.1002251000
0.3560000000 0.0996751000 0.1003751000
0.3565000000 0.0998251000 0.1005251000
0.3570000000 0.0999751000 0.1006751000
0.3575000000 0.1001251000 0.1008251000
0.3580000000 0.1002751000 0.1009751000
0.3585000000 0.1004251000 0.1011251000
0.3590000000 0.1006251000 0.1012751000
0.3595000000 0.1007751000 0.1014251000
0.3600000000 0.1009251000 0.1015751000
0.3605000000 0.1010751000 0.1017251000
0.3610000000 0.1012251000 0.1018751000
0.3615000000 0.1013751000 0.1020251000
0.3620000000 0.1015251000 0.1021751000
0.3625000000 0.1016751000 0.1022751000
0.3630000000 0.1018751000 0.1024251000
0.3635000000 0.1020251000 0.1025751000
0.3640000000 0.1021751000 0.1027251000
0.3645000000 0.1023251000 0.1028751000
0.3650000000 0.1024751000 0.1030251000
0.3655000000 0.1026251000 0.1031751000
0.3660000000 0.1028251000 0.1033251000
0.3665000000 0.1029751000 0.1034251000
0.3670000000 0.1031251000 0.1035751000
0.3675000000 0.1032751000 0.1037251000
0.3680000000 0.1034751000 0.1038751000
0.3685000000 0.1036251000 0.1040251000
0.3690000000 0.1037751000 0.1041251000
0.3695000000 0.1039751000 0.1042751000
0.3700000000 0.1041251000 0.1044251000
0.3705000000 0.1042751000 0.1045251000
0.3710000000 0.1044751000 0.1046751000
0.3715000000 0.1046751000 0.1047751000
