0.000000 0.999961
0.005000 1.000039
0.010000 1.000039
0.015000 1.000117
0.020000 1.000195
0.025000 1.000273
0.030000 1.000430
0.035000 1.000586
0.040000 1.000820
0.045000 1.000977
0.050000 1.001211
0.055000 1.001523
0.060000 1.001836
0.065000 1.002148
0.070000 1.002461
0.075000 1.002773
0.080000 1.003164
0.085000 1.003633
0.090000 1.004023
0.095000 1.004492
0.100000 1.004961
0.105000 1.005508
0.110000 1.006055
0.115000 1.006602
0.120000 1.007148
0.125000 1.007773
0.130000 1.008398
0.135000 1.009102
0.140000 1.009727
0.145000 1.010508
0.150000 1.011211
0.155000 1.011992
0.160000 1.012773
0.165000 1.013555
0.170000 1.014414
0.175000 1.015195
0.180000 1.016133
0.185000 1.016992
0.190000 1.017930
0.195000 1.018867
0.200000 1.019883
0.205000 1.020820
0.210000 1.021914
0.215000 1.022930
0.220000 1.024023
0.225000 1.025117
0.230000 1.026211
0.235000 1.027305
0.240000 1.028477
0.245000 1.029727
0.250000 1.030898
0.255000 1.032148
0.260000 1.033398
0.265000 1.034648
0.270000 1.035977
0.275000 1.037305
0.280000 1.038633
0.285000 1.040039
0.290000 1.041445
0.295000 1.042852
0.300000 1.044258
0.305000 1.045742
0.310000 1.047227
0.315000 1.048711
0.320000 1.050273
0.325000 1.051836
0.330000 1.053398
0.335000 1.055039
0.340000 1.056602
0.345000 1.058242
0.350000 1.059961
0.355000 1.061602
0.360000 1.063320
0.365000 1.065039
0.370000 1.066836
0.375000 1.068555
0.380000 1.070352
0.385000 1.072148
0.390000 1.074023
0.395000 1.075898
0.400000 1.077773
0.405000 1.079648
0.410000 1.081602
0.415000 1.083555
0.420000 1.085508
0.425000 1.087461
0.430000 1.089492
0.435000 1.091523
0.440000 1.093555
0.445000 1.095586
0.450000 1.097695
0.455000 1.099805
0.460000 1.101914
0.465000 1.104102
0.470000 1.106211
0.475000 1.108398
0.480000 1.110586
0.485000 1.112852
0.490000 1.115117
0.495000 1.117305
0.500000 1.119648
0.505000 1.121914
0.510000 1.124258
0.515000 1.126602
0.520000 1.128945
0.525000 1.131289
0.530000 1.133711
0.535000 1.136133
0.540000 1.138555
0.545000 1.140977
0.550000 1.143477
0.555000 1.145977
0.560000 1.148477
0.565000 1.150977
0.570000 1.153477
0.575000 1.156055
0.580000 1.158633
0.585000 1.161211
0.590000 1.163867
0.595000 1.166445
0.600000 1.169102
0.605000 1.171758
0.610000 1.174414
0.615000 1.177148
0.620000 1.179805
0.625000 1.182539
0.630000 1.185273
0.635000 1.188086
0.640000 1.190820
0.645000 1.193633
0.650000 1.196445
0.655000 1.199258
0.660000 1.202070
0.665000 1.204961
0.670000 1.207773
0.675000 1.210664
0.680000 1.213633
0.685000 1.216523
0.690000 1.219414
0.695000 1.222383
0.700000 1.225352
0.705000 1.228320
0.710000 1.231289
0.715000 1.234336
0.720000 1.237305
0.725000 1.240352
0.730000 1.243398
0.735000 1.246523
0.740000 1.249570
0.745000 1.252617
0.750000 1.255742
0.755000 1.258867
0.760000 1.261992
0.765000 1.265195
0.770000 1.268320
0.775000 1.271523
0.780000 1.274648
0.785000 1.277852
0.790000 1.281055
0.795000 1.284336
0.800000 1.287539
0.805000 1.290820
