0.810000 0.019570 1.294102
0.815000 0.027695 1.297383
0.820000 0.033945 1.300664
0.825000 0.039180 1.303945
0.830000 0.043789 1.307227
0.835000 0.048008 1.310586
0.840000 0.051836 1.313945
0.845000 0.055430 1.317305
0.850000 0.058789 1.320664
0.855000 0.061914 1.324023
0.860000 0.064961 1.327383
0.865000 0.067852 1.330820
0.870000 0.070586 1.334258
0.875000 0.073320 1.337617
0.880000 0.075820 1.341055
0.885000 0.078320 1.344492
0.890000 0.080742 1.348008
0.895000 0.083086 1.351445
0.900000 0.085352 1.354961
0.905000 0.087617 1.358398
0.910000 0.089727 1.361914
0.915000 0.091836 1.365430
0.920000 0.093945 1.368945
0.925000 0.095977 1.372461
0.930000 0.097930 1.376055
0.935000 0.099883 1.379570
0.940000 0.101758 1.383164
0.945000 0.103633 1.386758
0.950000 0.105508 1.390352
0.955000 0.107305 1.393945
0.960000 0.109102 1.397539
0.965000 0.110820 1.401133
0.970000 0.112617 1.404805
0.975000 0.114258 1.408398
0.980000 0.115977 1.412070
0.985000 0.117617 1.415742
0.990000 0.119258 1.419414
0.995000 0.120820 1.423086
1.000000 0.122461 1.426758
1.005000 0.124023 1.430430
1.010000 0.125586 1.434180
1.015000 0.127070 1.437852
1.020000 0.128633 1.441602
1.025000 0.130117 1.445352
1.030000 0.131602 1.449102
1.035000 0.133086 1.452852
1.040000 0.134492 1.456602
1.045000 0.135977 1.460352
1.050000 0.137383 1.464102
1.055000 0.138789 1.467930
1.060000 0.140195 1.471758
1.065000 0.141602 1.475508
1.070000 0.142930 1.479336
1.075000 0.144336 1.483164
1.080000 0.145664 1.486992
1.085000 0.146992 1.490820
1.090000 0.148320 1.494648
1.095000 0.149648 1.498555
1.100000 0.150898 1.502383
1.105000 0.152227 1.506289
1.110000 0.153477 1.510117
1.115000 0.154727 1.514023
1.120000 0.155977 1.517930
1.125000 0.157227 1.521836
1.130000 0.158477 1.525742
1.135000 0.159727 1.529648
1.140000 0.160977 1.533633
1.145000 0.162148 1.537539
1.150000 0.163320 1.541445
1.155000 0.164570 1.545430
1.160000 0.165742 1.549414
1.165000 0.166914 1.553320
1.170000 0.168086 1.557305
1.175000 0.169258 1.561289
1.180000 0.170430 1.565273
1.185000 0.171523 1.569258
1.190000 0.172695 1.573320
1.195000 0.173789 1.577305
1.200000 0.174961 1.581289
1.205000 0.176055 1.585352
1.210000 0.177148 1.589336
1.215000 0.178242 1.593398
1.220000 0.179336 1.597461
1.225000 0.180430 1.601523
1.230000 0.181523 1.605508
1.235000 0.182617 1.609570
1.240000 0.183633 1.613711
1.245000 0.184727 1.617773
1.250000 0.185742 1.621836
1.255000 0.186836 1.625898
1.260000 0.187852 1.630039
1.265000 0.188867 1.634102
1.270000 0.189883 1.638242
1.275000 0.190898 1.642383
1.280000 0.191914 1.646445
1.285000 0.192930 1.650586
1.290000 0.193945 1.654727
1.295000 0.194961 1.658867
1.300000 0.195977 1.663008
1.305000 0.196914 1.667148
1.310000 0.197930 1.671289
1.315000 0.198867 1.675508
1.320000 0.199883 1.679648
1.325000 0.200820 1.683867
1.330000 0.201758 1.688008
1.335000 0.202695 1.692227
1.340000 0.203633 1.696367
1.345000 0.204570 1.700586
1.350000 0.205508 1.704805
1.355000 0.206445 1.709023
1.360000 0.207383 1.713242
1.365000 0.208320 1.717461
1.370000 0.209258 1.721680
1.375000 0.210117 1.725898
1.380000 0.211055 1.730117
1.385000 0.211914 1.734336
1.390000 0.212852 1.738633
1.395000 0.213711 1.742852
1.400000 0.214570 1.747148
1.405000 0.215430 1.751367
1.410000 0.216367 1.755664
1.415000 0.217227 1.759883
1.420000 0.218086 1.764180
1.425000 0.218945 1.768477
1.430000 0.219805 1.772773
1.435000 0.220586 1.777070
1.440000 0.221445 1.781367
1.445000 0.222305 1.785664
1.450000 0.223086 1.789961
1.455000 0.223945 1.794258
1.460000 0.224727 1.798555
1.465000 0.225586 1.802930
1.470000 0.226367 1.807227
1.475000 0.227227 1.811602
1.480000 0.228008 1.815898
1.485000 0.228789 1.820273
1.490000 0.229570 1.824570
1.495000 0.230352 1.828945
1.500000 0.231133 1.833320
1.505000 0.231914 1.837617
1.510000 0.232695 1.841992
1.515000 0.233477 1.846367
1.520000 0.234180 1.850742
1.525000 0.234961 1.855117
1.530000 0.235742 1.859492
1.535000 0.236445 1.863867
1.540000 0.237227 1.868242
1.545000 0.237930 1.872695
1.550000 0.238633 1.877070
1.555000 0.239414 1.881445
1.560000 0.240117 1.885898
1.565000 0.240820 1.890273
1.570000 0.241523 1.894648
1.575000 0.242227 1.899102
1.580000 0.242930 1.903555
1.585000 0.243633 1.907930
1.590000 0.244336 1.912383
1.595000 0.244961 1.916836
1.600000 0.245664 1.921211
1.605000 0.246367 1.925664
1.610000 0.246992 1.930117
1.615000 0.247695 1.934570
1.620000 0.248320 1.939023
1.625000 0.249023 1.943477
1.630000 0.249648 1.947930
1.635000 0.250273 1.952383
1.640000 0.250898 1.956836
1.645000 0.251523 1.961367
1.650000 0.252148 1.965820
1.655000 0.252773 1.970273
1.660000 0.253398 1.974727
1.665000 0.254023 1.979258
1.670000 0.254648 1.983711
1.675000 0.255195 1.988242
1.680000 0.255820 1.992695
1.685000 0.256367 1.997227
1.690000 0.256992 2.001758
1.695000 0.257539 2.006211
1.700000 0.258164 2.010742
1.705000 0.258711 2.015273
1.710000 0.259258 2.019727
1.715000 0.259805 2.024258
1.720000 0.260352 2.028789
1.725000 0.260898 2.033320
1.730000 0.261445 2.037852
1.735000 0.261914 2.042383
1.740000 0.262461 2.046914
1.745000 0.263008 2.051445
1.750000 0.263477 2.055977
1.755000 0.264023 2.060508
1.760000 0.264492 2.065117
1.765000 0.264961 2.069648
1.770000 0.265508 2.074180
1.775000 0.265977 2.078711
1.780000 0.266445 2.083320
1.785000 0.266914 2.087852
1.790000 0.267305 2.092461
1.795000 0.267773 2.096992
1.800000 0.268242 2.101602
1.805000 0.268633 2.106133
1.810000 0.269102 2.110742
1.815000 0.269492 2.115273
1.820000 0.269883 2.119883
1.825000 0.270273 2.124492
1.830000 0.270664 2.129102
1.835000 0.271055 2.133633
1.840000 0.271445 2.138242
1.845000 0.271758 2.142852
1.850000 0.272148 2.147461
1.855000 0.272461 2.152070
1.860000 0.272773 2.156680
1.865000 0.273008 2.161289
1.870000 0.273320 2.165898
1.875000 0.273555 2.170508
1.880000 0.273789 2.175117
1.885000 0.274102 2.179727
1.890000 0.274414 2.184336
1.895000 0.274727 2.188945
1.900000 0.275039 2.193555
1.905000 0.275352 2.198242
1.910000 0.275664 2.202852
1.915000 0.275977 2.207461
1.920000 0.276367 2.212148
1.925000 0.276680 2.216758
1.930000 0.277070 2.221445
1.935000 0.277383 2.226055
1.940000 0.277773 2.230664
1.945000 0.278164 2.235352
1.950000 0.278477 2.239961
1.955000 0.278867 2.244648
1.960000 0.279258 2.249336
1.965000 0.279648 2.253945
1.970000 0.279961 2.258633
1.975000 0.280352 2.263320
1.980000 0.280742 2.267930
1.985000 0.281133 2.272617
1.990000 0.281523 2.277305
1.995000 0.281914 2.281992
2.000000 0.282305 2.286680
2.005000 0.282695 2.291289
2.010000 0.283086 2.295977
2.015000 0.283477 2.300664
2.020000 0.283867 2.305352
2.025000 0.284258 2.310039
2.030000 0.284648 2.314727
2.035000 0.285117 2.319414
2.040000 0.285508 2.324102
2.045000 0.285898 2.328789
2.050000 0.286289 2.333555
2.055000 0.286680 2.338242
2.060000 0.287148 2.342930
2.065000 0.287539 2.347617
2.070000 0.287930 2.352305
2.075000 0.288398 2.357070
2.080000 0.288789 2.361758
2.085000 0.289180 2.366445
2.090000 0.289648 2.371211
2.095000 0.290039 2.375898
2.100000 0.290430 2.380586
2.105000 0.290898 2.385352
2.110000 0.291289 2.390039
2.115000 0.291758 2.394805
2.120000 0.292148 2.399492
2.125000 0.292539 2.404258
2.130000 0.293008 2.408945
2.135000 0.293398 2.413711
2.140000 0.293867 2.418398
2.145000 0.294258 2.423164
2.150000 0.294727 2.427930
2.155000 0.295117 2.432617
2.160000 0.295586 2.437383
2.165000 0.295977 2.442148
2.170000 0.296445 2.446914
2.175000 0.296914 2.451602
2.180000 0.297305 2.456367
2.185000 0.297773 2.461133
2.190000 0.298164 2.465898
2.195000 0.298633 2.470664
2.200000 0.299023 2.475352
2.205000 0.299492 2.480117
2.210000 0.299961 2.484883
2.215000 0.300352 2.489648
2.220000 0.300820 2.494414
2.225000 0.301289 2.499180
2.230000 0.301680 2.503945
2.235000 0.302148 2.508711
2.240000 0.302617 2.513477
2.245000 0.303008 2.518242
2.250000 0.303477 2.523086
2.255000 0.303945 2.527852
2.260000 0.304336 2.532617
2.265000 0.304805 2.537383
2.270000 0.305273 2.542148
2.275000 0.305742 2.546914
2.280000 0.306133 2.551758
2.285000 0.306602 2.556523
2.290000 0.307070 2.561289
2.295000 0.307539 2.566133
2.300000 0.307930 2.570898
2.305000 0.308398 2.575664
2.310000 0.308867 2.580508
2.315000 0.309336 2.585273
2.320000 0.309805 2.590039
2.325000 0.310195 2.594883
2.330000 0.310664 2.599648
2.335000 0.311133 2.604492
2.340000 0.311602 2.609258
2.345000 0.312070 2.614102
2.350000 0.312461 2.618867
2.355000 0.312930 2.623711
2.360000 0.313398 2.628477
2.365000 0.313867 2.633320
2.370000 0.314336 2.638164
2.375000 0.314805 2.642930
2.380000 0.315195 2.647773
2.385000 0.315664 2.652617
2.390000 0.316133 2.657383
2.395000 0.316602 2.662227
2.400000 0.317070 2.667070
2.405000 0.317539 2.671836
2.410000 0.318008 2.676680
2.415000 0.318477 2.681523
2.420000 0.318867 2.686367
2.425000 0.319336 2.691211
2.430000 0.319805 2.695977
2.435000 0.320273 2.700820
2.440000 0.320742 2.705664
2.445000 0.321211 2.710508
2.450000 0.321680 2.715352
2.455000 0.322148 2.720195
2.460000 0.322617 2.725039
2.465000 0.323086 2.729883
2.470000 0.323477 2.734727
2.475000 0.323945 2.739570
2.480000 0.324414 2.744414
2.485000 0.324883 2.749258
2.490000 0.325352 2.754102
2.495000 0.325820 2.758945
2.500000 0.326289 2.763789
2.505000 0.326758 2.768633
2.510000 0.327227 2.773477
2.515000 0.327695 2.778320
2.520000 0.328164 2.783164
2.525000 0.328633 2.788008
2.530000 0.329023 2.792930
2.535000 0.329492 2.797773
2.540000 0.329961 2.802617
2.545000 0.330430 2.807461
2.550000 0.330898 2.812305
2.555000 0.331367 2.817227
2.560000 0.331836 2.822070
2.565000 0.332305 2.826914
2.570000 0.332773 2.831836
2.575000 0.333242 2.836680
2.580000 0.333711 2.841523
2.585000 0.334180 2.846445
2.590000 0.334648 2.851289
2.595000 0.335117 2.856133
2.600000 0.335586 2.861055
2.605000 0.335977 2.865898
2.610000 0.336445 2.870820
2.615000 0.336914 2.875664
2.620000 0.337383 2.880508
2.625000 0.337852 2.885430
2.630000 0.338320 2.890273
2.635000 0.338789 2.895195
2.640000 0.339258 2.900039
2.645000 0.339727 2.904961
2.650000 0.340195 2.909883
2.655000 0.340664 2.914727
2.660000 0.341133 2.919648
2.665000 0.341523 2.924492
2.670000 0.341992 2.929414
2.675000 0.342461 2.934336
2.680000 0.342930 2.939180
2.685000 0.343398 2.944102
2.690000 0.343867 2.948945
2.695000 0.344336 2.953867
2.700000 0.344805 2.958789
2.705000 0.345273 2.963711
2.710000 0.345664 2.968555
2.715000 0.346133 2.973477
2.720000 0.346602 2.978398
2.725000 0.347070 2.983242
2.730000 0.347539 2.988164
2.735000 0.348008 2.993086
2.740000 0.348477 2.998008
2.745000 0.348867 3.002930
2.750000 0.349336 3.007773
2.755000 0.349805 3.012695
2.760000 0.350273 3.017617
2.765000 0.350742 3.022539
2.770000 0.351211 3.027461
2.775000 0.351602 3.032383
2.780000 0.352070 3.037305
2.785000 0.352539 3.042227
2.790000 0.353008 3.047148
2.795000 0.353477 3.052070
2.800000 0.353867 3.056914
2.805000 0.354336 3.061836
2.810000 0.354805 3.066758
2.815000 0.355273 3.071680
2.820000 0.355664 3.076602
2.825000 0.356133 3.081523
2.830000 0.356602 3.086523
2.835000 0.357070 3.091445
2.840000 0.357461 3.096367
2.845000 0.357930 3.101289
2.850000 0.358398 3.106211
2.855000 0.358789 3.111133
2.860000 0.359258 3.116055
2.865000 0.359727 3.120977
2.870000 0.360195 3.125898
2.875000 0.360586 3.130820
2.880000 0.361055 3.135820
2.885000 0.361445 3.140742
2.890000 0.361914 3.145664
2.895000 0.362383 3.150586
2.900000 0.362773 3.155508
2.905000 0.363242 3.160430
2.910000 0.363711 3.165430
2.915000 0.364102 3.170352
2.920000 0.364570 3.175273
2.925000 0.364961 3.180195
2.930000 0.365430 3.185195
2.935000 0.365820 3.190117
2.940000 0.366289 3.195039
2.945000 0.366680 3.200039
2.950000 0.367148 3.204961
2.955000 0.367539 3.209883
2.960000 0.368008 3.214883
2.965000 0.368398 3.219805
2.970000 0.368867 3.224727
2.975000 0.369258 3.229727
2.980000 0.369727 3.234648
2.985000 0.370117 3.239648
2.990000 0.370508 3.244570
2.995000 0.370977 3.249492
3.000000 0.371367 3.254492
3.005000 0.371836 3.259414
3.010000 0.372227 3.264414
3.015000 0.372617 3.269336
3.020000 0.373086 3.274336
3.025000 0.373477 3.279258
3.030000 0.373867 3.284258
3.035000 0.374258 3.289180
3.040000 0.374727 3.294180
3.045000 0.375117 3.299102
3.050000 0.375508 3.304102
3.055000 0.375898 3.309023
3.060000 0.376367 3.314023
3.065000 0.376758 3.318945
3.070000 0.377148 3.323945
3.075000 0.377539 3.328945
3.080000 0.377930 3.333867
3.085000 0.378320 3.338867
3.090000 0.378711 3.343789
3.095000 0.379102 3.348789
3.100000 0.379492 3.353789
3.105000 0.379883 3.358711
3.110000 0.380273 3.363711
3.115000 0.380664 3.368711
3.120000 0.381055 3.373633
3.125000 0.381445 3.378633
3.130000 0.381836 3.383633
3.135000 0.382227 3.388555
3.140000 0.382617 3.393555
3.145000 0.383008 3.398555
3.150000 0.383398 3.403555
3.155000 0.383711 3.408477
3.160000 0.384102 3.413477
3.165000 0.384492 3.418477
3.170000 0.384883 3.423477
3.175000 0.385195 3.428398
3.180000 0.385586 3.433398
3.185000 0.385977 3.438398
3.190000 0.386289 3.443398
3.195000 0.386680 3.448398
3.200000 0.387070 3.453398
3.205000 0.387383 3.458320
3.210000 0.387773 3.463320
3.215000 0.388086 3.468320
3.220000 0.388477 3.473320
3.225000 0.388789 3.478320
3.230000 0.389180 3.483320
3.235000 0.389492 3.488320
3.240000 0.389805 3.493320
3.245000 0.390195 3.498242
3.250000 0.390508 3.503242
3.255000 0.390820 3.508242
3.260000 0.391211 3.513242
3.265000 0.391523 3.518242
3.270000 0.391836 3.523242
3.275000 0.392148 3.528242
3.280000 0.392461 3.533242
3.285000 0.392773 3.538242
3.290000 0.393164 3.543242
3.295000 0.393477 3.548242
3.300000 0.393789 3.553242
3.305000 0.394102 3.558242
3.310000 0.394336 3.563242
3.315000 0.394648 3.568242
3.320000 0.394961 3.573242
3.325000 0.395273 3.578242
3.330000 0.395586 3.583242
3.335000 0.395898 3.588320
3.340000 0.396133 3.593320
3.345000 0.396445 3.598320
3.350000 0.396758 3.603320
3.355000 0.396992 3.608320
3.360000 0.397305 3.613320
3.365000 0.397539 3.618320
3.370000 0.397852 3.623320
3.375000 0.398086 3.628398
3.380000 0.398398 3.633398
3.385000 0.398633 3.638398
3.390000 0.398867 3.643398
3.395000 0.399180 3.648398
3.400000 0.399414 3.653398
3.405000 0.399648 3.658477
3.410000 0.399883 3.663477
3.415000 0.400117 3.668477
3.420000 0.400352 3.673477
3.425000 0.400586 3.678477
3.430000 0.400820 3.683555
3.435000 0.401055 3.688555
3.440000 0.401289 3.693555
3.445000 0.401523 3.698555
3.450000 0.401680 3.703633
3.455000 0.401914 3.708633
3.460000 0.402148 3.713633
3.465000 0.402305 3.718711
3.470000 0.402539 3.723711
3.475000 0.402695 3.728711
3.480000 0.402930 3.733711
3.485000 0.403086 3.738789
3.490000 0.403320 3.743789
3.495000 0.403477 3.748789
3.500000 0.403633 3.753867
3.505000 0.403789 3.758867
3.510000 0.403945 3.763945
3.515000 0.404102 3.768945
3.520000 0.404258 3.773945
3.525000 0.404414 3.779023
3.530000 0.404570 3.784023
3.535000 0.404727 3.789102
3.540000 0.404805 3.794102
3.545000 0.404961 3.799102
3.550000 0.405117 3.804180
3.555000 0.405195 3.809180
3.560000 0.405352 3.814258
3.565000 0.405430 3.819258
3.570000 0.405508 3.824336
3.575000 0.405586 3.829336
3.580000 0.405742 3.834336
3.585000 0.405820 3.839414
3.590000 0.405898 3.844414
3.595000 0.405977 3.849492
3.600000 0.405977 3.854492
3.605000 0.406055 3.859570
3.610000 0.406133 3.864570
3.615000 0.406133 3.869648
3.620000 0.406211 3.874727
3.625000 0.406211 3.879727
3.630000 0.406289 3.884805
3.635000 0.406289 3.889805
3.640000 0.406289 3.894883
3.645000 0.406289 3.899883
3.650000 0.406289 3.904961
3.655000 0.406289 3.909961
3.660000 0.406289 3.915039
3.665000 0.406211 3.920117
3.670000 0.406211 3.925117
3.675000 0.406211 3.930195
3.680000 0.406133 3.935195
3.685000 0.406055 3.940273
3.690000 0.405977 3.945352
3.695000 0.405977 3.950352
3.700000 0.405820 3.955430
3.705000 0.405742 3.960508
3.710000 0.405664 3.965508
3.715000 0.405586 3.970586
3.720000 0.405430 3.975664
3.725000 0.405352 3.980664
3.730000 0.405195 3.985742
3.735000 0.405039 3.990820
3.740000 0.404883 3.995820
3.745000 0.404727 4.000898
3.750000 0.404570 4.005977
3.755000 0.404336 4.011055
3.760000 0.404180 4.016055
3.765000 0.403945 4.021133
3.770000 0.403711 4.026211
3.775000 0.403477 4.031211
3.780000 0.403242 4.036289
3.785000 0.403008 4.041367
3.790000 0.402773 4.046445
3.795000 0.402461 4.051523
3.800000 0.402148 4.056523
3.805000 0.401836 4.061602
3.810000 0.401523 4.066680
3.815000 0.401211 4.071758
3.820000 0.400898 4.076758
3.825000 0.400508 4.081836
3.830000 0.400117 4.086914
3.835000 0.399805 4.091992
3.840000 0.399336 4.097070
3.845000 0.398945 4.102148
3.850000 0.398555 4.107148
3.855000 0.398086 4.112227
3.860000 0.397617 4.117305
3.865000 0.397148 4.122383
3.870000 0.396602 4.127461
3.875000 0.396133 4.132539
3.880000 0.395586 4.137617
3.885000 0.395039 4.142695
3.890000 0.394414 4.147695
3.895000 0.393867 4.152773
3.900000 0.393242 4.157852
3.905000 0.392617 4.162930
3.910000 0.391992 4.168008
3.915000 0.391289 4.173086
3.920000 0.390586 4.178164
3.925000 0.389883 4.183242
3.930000 0.389102 4.188320
3.935000 0.388320 4.193398
3.940000 0.387539 4.198477
3.945000 0.386758 4.203555
3.950000 0.385898 4.208633
3.955000 0.385039 4.213711
3.960000 0.384102 4.218789
3.965000 0.383164 4.223867
3.970000 0.382148 4.228945
3.975000 0.381211 4.234023
3.980000 0.380117 4.239102
3.985000 0.379102 4.244180
3.990000 0.378008 4.249258
3.995000 0.376836 4.254336
4.000000 0.375664 4.259414
