0.000000 0.999969
0.000100 0.999969
0.000200 0.999969
0.000300 0.999969
0.000400 0.999969
0.000500 0.999969
0.000600 0.999969
0.000700 0.999969
0.000800 0.999969
0.000900 0.999969
0.001000 0.999969
0.001100 0.999969
0.001200 0.999969
0.001300 0.999969
0.001400 0.999969
0.001500 0.999969
0.001600 0.999969
0.001700 0.999969
0.001800 0.999969
0.001900 0.999969
0.002000 0.999969
0.002100 0.999969
0.002200 0.999969
0.002300 0.999969
0.002400 0.999969
0.002500 0.999969
0.002600 0.999969
0.002700 0.999969
0.002800 0.999969
0.002900 0.999969
0.003000 0.999969
0.003100 0.999969
0.003200 0.999969
0.003300 0.999969
0.003400 0.999969
0.003500 0.999969
0.003600 0.999969
0.003700 0.999969
0.003800 0.999969
0.003900 0.999969
0.004000 0.999969
0.004100 0.999969
0.004200 0.999969
0.004300 0.999969
0.004400 0.999969
0.004500 0.999969
0.004600 0.999969
0.004700 0.999969
0.004800 0.999969
0.004900 0.999969
0.005000 0.999969
0.005100 0.999969
0.005200 0.999969
0.005300 0.999969
0.005400 0.999969
0.005500 0.999969
0.005600 0.999969
0.005700 0.999969
0.005800 0.999969
0.005900 0.999969
0.006000 0.999969
0.006100 0.999969
0.006200 0.999969
0.006300 0.999969
0.006400 0.999969
0.006500 0.999969
0.006600 0.999969
0.006700 0.999969
0.006800 0.999969
0.006900 0.999969
0.007000 0.999969
0.007100 0.999969
0.007200 0.999969
0.007300 0.999969
0.007400 0.999969
0.007500 0.999969
0.007600 0.999969
0.007700 0.999969
0.007800 0.999969
0.007900 0.999969
0.008000 0.999969
0.008100 0.999969
0.008200 0.999969
0.008300 0.999969
0.008400 0.999969
0.008500 0.999969
0.008600 0.999969
0.008700 0.999969
0.008800 0.999969
0.008900 0.999969
0.009000 0.999969
0.009100 0.999969
0.009200 0.999969
0.009300 0.999969
0.009400 0.999969
0.009500 0.999969
0.009600 0.999969
0.009700 0.999969
0.009800 0.999969
0.009900 0.999969
0.010000 0.999969
0.010100 0.999969
0.010200 0.999969
0.010300 0.999969
0.010400 0.999969
0.010500 0.999969
0.010600 0.999969
0.010700 0.999906
0.010800 0.999906
0.010900 0.999906
0.011000 0.999906
0.011100 0.999906
0.011200 0.999906
0.011300 0.999906
0.011400 0.999906
0.011500 0.999906
0.011600 0.999906
0.011700 0.999906
0.011800 0.999906
0.011900 0.999906
0.012000 0.999906
0.012100 0.999906
0.012200 0.999906
0.012300 0.999906
0.012400 0.999906
0.012500 0.999906
0.012600 0.999906
0.012700 0.999906
0.012800 0.999906
0.012900 0.999906
0.013000 0.999906
0.013100 0.999906
0.013200 0.999906
0.013300 0.999906
0.013400 0.999906
0.013500 0.999906
0.013600 0.999906
0.013700 0.999906
0.013800 0.999906
0.013900 0.999906
0.014000 0.999906
0.014100 0.999906
0.014200 0.999906
0.014300 0.999906
0.014400 0.999906
0.014500 0.999906
0.014600 0.999906
0.014700 0.999906
0.014800 0.999906
0.014900 0.999906
0.015000 0.999906
0.015100 0.999844
0.015200 0.999844
0.015300 0.999844
0.015400 0.999844
0.015500 0.999844
0.015600 0.999844
0.015700 0.999844
0.015800 0.999844
0.015900 0.999844
0.016000 0.999844
0.016100 0.999844
0.016200 0.999844
0.016300 0.999844
0.016400 0.999844
0.016500 0.999844
0.016600 0.999844
0.016700 0.999844
0.016800 0.999844
0.016900 0.999844
0.017000 0.999844
0.017100 0.999844
0.017200 0.999844
0.017300 0.999844
0.017400 0.999844
0.017500 0.999844
0.017600 0.999844
0.017700 0.999844
0.017800 0.999844
0.017900 0.999844
0.018000 0.999844
0.018100 0.999844
0.018200 0.999844
0.018300 0.999844
0.018400 0.999844
0.018500 0.999781
0.018600 0.999781
0.018700 0.999781
0.018800 0.999781
0.018900 0.999781
0.019000 0.999781
0.019100 0.999781
0.019200 0.999781
0.019300 0.999781
0.019400 0.999781
0.019500 0.999781
0.019600 0.999781
0.019700 0.999781
0.019800 0.999781
0.019900 0.999781
0.020000 0.999781
0.020100 0.999781
0.020200 0.999781
0.020300 0.999781
0.020400 0.999781
0.020500 0.999781
0.020600 0.999781
0.020700 0.999781
0.020800 0.999781
0.020900 0.999781
0.021000 0.999781
0.021100 0.999781
0.021200 0.999781
0.021300 0.999719
0.021400 0.999719
0.021500 0.999719
0.021600 0.999719
0.021700 0.999719
0.021800 0.999719
0.021900 0.999719
0.022000 0.999719
0.022100 0.999719
0.022200 0.999719
0.022300 0.999719
0.022400 0.999719
0.022500 0.999719
0.022600 0.999719
0.022700 0.999719
0.022800 0.999719
0.022900 0.999719
0.023000 0.999719
0.023100 0.999719
0.023200 0.999719
0.023300 0.999719
0.023400 0.999719
0.023500 0.999719
0.023600 0.999719
0.023700 0.999719
0.023800 0.999719
0.023900 0.999656
0.024000 0.999656
0.024100 0.999656
0.024200 0.999656
0.024300 0.999656
0.024400 0.999656
0.024500 0.999656
0.024600 0.999656
0.024700 0.999656
0.024800 0.999656
0.024900 0.999656
0.025000 0.999656
0.025100 0.999656
0.025200 0.999656
0.025300 0.999656
0.025400 0.999656
0.025500 0.999656
0.025600 0.999656
0.025700 0.999656
0.025800 0.999656
0.025900 0.999656
0.026000 0.999656
0.026100 0.999594
0.026200 0.999594
0.026300 0.999594
0.026400 0.999594
0.026500 0.999594
0.026600 0.999594
0.026700 0.999594
0.026800 0.999594
0.026900 0.999594
0.027000 0.999594
0.027100 0.999594
0.027200 0.999594
0.027300 0.999594
0.027400 0.999594
0.027500 0.999594
0.027600 0.999594
0.027700 0.999594
0.027800 0.999594
0.027900 0.999594
0.028000 0.999594
0.028100 0.999594
0.028200 0.999531
0.028300 0.999531
0.028400 0.999531
0.028500 0.999531
0.028600 0.999531
0.028700 0.999531
0.028800 0.999531
0.028900 0.999531
0.029000 0.999531
0.029100 0.999531
0.029200 0.999531
0.029300 0.999531
0.029400 0.999531
0.029500 0.999531
0.029600 0.999531
0.029700 0.999531
0.029800 0.999531
0.029900 0.999531
0.030000 0.999531
0.030100 0.999531
0.030200 0.999469
0.030300 0.999469
0.030400 0.999469
0.030500 0.999469
0.030600 0.999469
0.030700 0.999469
0.030800 0.999469
0.030900 0.999469
0.031000 0.999469
0.031100 0.999469
0.031200 0.999469
0.031300 0.999469
0.031400 0.999469
0.031500 0.999469
0.031600 0.999469
0.031700 0.999469
0.031800 0.999469
0.031900 0.999469
0.032000 0.999406
0.032100 0.999406
0.032200 0.999406
0.032300 0.999406
0.032400 0.999406
0.032500 0.999406
0.032600 0.999406
0.032700 0.999406
0.032800 0.999406
0.032900 0.999406
0.033000 0.999406
0.033100 0.999406
0.033200 0.999406
0.033300 0.999406
0.033400 0.999406
0.033500 0.999406
0.033600 0.999406
0.033700 0.999344
0.033800 0.999344
0.033900 0.999344
0.034000 0.999344
0.034100 0.999344
0.034200 0.999344
0.034300 0.999344
0.034400 0.999344
0.034500 0.999344
0.034600 0.999344
0.034700 0.999344
0.034800 0.999344
0.034900 0.999344
0.035000 0.999344
0.035100 0.999344
0.035200 0.999344
0.035300 0.999344
0.035400 0.999281
0.035500 0.999281
0.035600 0.999281
0.035700 0.999281
0.035800 0.999281
0.035900 0.999281
0.036000 0.999281
0.036100 0.999281
0.036200 0.999281
0.036300 0.999281
0.036400 0.999281
0.036500 0.999281
0.036600 0.999281
0.036700 0.999281
0.036800 0.999281
0.036900 0.999219
0.037000 0.999219
0.037100 0.999219
0.037200 0.999219
0.037300 0.999219
0.037400 0.999219
0.037500 0.999219
0.037600 0.999219
0.037700 0.999219
0.037800 0.999219
0.037900 0.999219
0.038000 0.999219
0.038100 0.999219
0.038200 0.999219
0.038300 0.999219
0.038400 0.999156
0.038500 0.999156
0.038600 0.999156
0.038700 0.999156
0.038800 0.999156
0.038900 0.999156
0.039000 0.999156
0.039100 0.999156
0.039200 0.999156
0.039300 0.999156
0.039400 0.999156
0.039500 0.999156
0.039600 0.999156
0.039700 0.999156
0.039800 0.999156
0.039900 0.999094
0.040000 0.999094
0.040100 0.999094
0.040200 0.999094
0.040300 0.999094
0.040400 0.999094
0.040500 0.999094
0.040600 0.999094
0.040700 0.999094
0.040800 0.999094
0.040900 0.999094
0.041000 0.999094
0.041100 0.999094
0.041200 0.999094
0.041300 0.999031
0.041400 0.999031
0.041500 0.999031
0.041600 0.999031
0.041700 0.999031
0.041800 0.999031
0.041900 0.999031
0.042000 0.999031
0.042100 0.999031
0.042200 0.999031
0.042300 0.999031
0.042400 0.999031
0.042500 0.999031
0.042600 0.998969
0.042700 0.998969
0.042800 0.998969
0.042900 0.998969
0.043000 0.998969
0.043100 0.998969
0.043200 0.998969
0.043300 0.998969
0.043400 0.998969
0.043500 0.998969
0.043600 0.998969
0.043700 0.998969
0.043800 0.998969
0.043900 0.998969
0.044000 0.998906
0.044100 0.998906
0.044200 0.998906
0.044300 0.998906
0.044400 0.998906
0.044500 0.998906
0.044600 0.998906
0.044700 0.998906
0.044800 0.998906
0.044900 0.998906
0.045000 0.998906
0.045100 0.998906
0.045200 0.998844
0.045300 0.998844
0.045400 0.998844
0.045500 0.998844
0.045600 0.998844
0.045700 0.998844
0.045800 0.998844
0.045900 0.998844
0.046000 0.998844
0.046100 0.998844
0.046200 0.998844
0.046300 0.998844
0.046400 0.998844
0.046500 0.998781
0.046600 0.998781
0.046700 0.998781
0.046800 0.998781
0.046900 0.998781
0.047000 0.998781
0.047100 0.998781
0.047200 0.998781
0.047300 0.998781
0.047400 0.998781
0.047500 0.998781
0.047600 0.998781
0.047700 0.998719
0.047800 0.998719
0.047900 0.998719
0.048000 0.998719
0.048100 0.998719
0.048200 0.998719
0.048300 0.998719
0.048400 0.998719
0.048500 0.998719
0.048600 0.998719
0.048700 0.998719
0.048800 0.998719
0.048900 0.998656
0.049000 0.998656
0.049100 0.998656
0.049200 0.998656
0.049300 0.998656
0.049400 0.998656
0.049500 0.998656
0.049600 0.998656
0.049700 0.998656
0.049800 0.998656
0.049900 0.998656
0.050000 0.998594
0.050100 0.998594
0.050200 0.998594
0.050300 0.998594
0.050400 0.998594
0.050500 0.998594
0.050600 0.998594
0.050700 0.998594
0.050800 0.998594
0.050900 0.998594
0.051000 0.998594
0.051100 0.998531
0.051200 0.998531
0.051300 0.998531
0.051400 0.998531
0.051500 0.998531
0.051600 0.998531
0.051700 0.998531
0.051800 0.998531
0.051900 0.998531
0.052000 0.998531
0.052100 0.998531
0.052200 0.998469
0.052300 0.998469
0.052400 0.998469
0.052500 0.998469
0.052600 0.998469
0.052700 0.998469
0.052800 0.998469
0.052900 0.998469
0.053000 0.998469
0.053100 0.998469
0.053200 0.998469
0.053300 0.998406
0.053400 0.998406
0.053500 0.998406
0.053600 0.998406
0.053700 0.998406
0.053800 0.998406
0.053900 0.998406
0.054000 0.998406
0.054100 0.998406
0.054200 0.998406
0.054300 0.998406
0.054400 0.998344
0.054500 0.998344
0.054600 0.998344
0.054700 0.998344
0.054800 0.998344
0.054900 0.998344
0.055000 0.998344
0.055100 0.998344
0.055200 0.998344
0.055300 0.998344
0.055400 0.998281
0.055500 0.998281
0.055600 0.998281
0.055700 0.998281
0.055800 0.998281
0.055900 0.998281
0.056000 0.998281
0.056100 0.998281
0.056200 0.998281
0.056300 0.998281
0.056400 0.998219
0.056500 0.998219
0.056600 0.998219
0.056700 0.998219
0.056800 0.998219
0.056900 0.998219
0.057000 0.998219
0.057100 0.998219
0.057200 0.998219
0.057300 0.998219
0.057400 0.998156
0.057500 0.998156
0.057600 0.998156
0.057700 0.998156
0.057800 0.998156
0.057900 0.998156
0.058000 0.998156
0.058100 0.998156
0.058200 0.998156
0.058300 0.998156
0.058400 0.998094
0.058500 0.998094
0.058600 0.998094
0.058700 0.998094
0.058800 0.998094
0.058900 0.998094
0.059000 0.998094
0.059100 0.998094
0.059200 0.998094
0.059300 0.998094
0.059400 0.998031
0.059500 0.998031
0.059600 0.998031
0.059700 0.998031
0.059800 0.998031
0.059900 0.998031
0.060000 0.998031
0.060100 0.998031
0.060200 0.998031
0.060300 0.997969
0.060400 0.997969
0.060500 0.997969
0.060600 0.997969
0.060700 0.997969
0.060800 0.997969
0.060900 0.997969
0.061000 0.997969
0.061100 0.997969
0.061200 0.997969
0.061300 0.997906
0.061400 0.997906
0.061500 0.997906
0.061600 0.997906
0.061700 0.997906
0.061800 0.997906
0.061900 0.997906
0.062000 0.997906
0.062100 0.997906
0.062200 0.997844
0.062300 0.997844
0.062400 0.997844
0.062500 0.997844
0.062600 0.997844
0.062700 0.997844
0.062800 0.997844
0.062900 0.997844
0.063000 0.997844
0.063100 0.997781
0.063200 0.997781
0.063300 0.997781
0.063400 0.997781
0.063500 0.997781
0.063600 0.997781
0.063700 0.997781
0.063800 0.997781
0.063900 0.997781
0.064000 0.997719
0.064100 0.997719
0.064200 0.997719
0.064300 0.997719
0.064400 0.997719
0.064500 0.997719
0.064600 0.997719
0.064700 0.997719
0.064800 0.997719
0.064900 0.997656
0.065000 0.997656
0.065100 0.997656
0.065200 0.997656
0.065300 0.997656
0.065400 0.997656
0.065500 0.997656
0.065600 0.997656
0.065700 0.997594
0.065800 0.997594
0.065900 0.997594
0.066000 0.997594
0.066100 0.997594
0.066200 0.997594
0.066300 0.997594
0.066400 0.997594
0.066500 0.997594
0.066600 0.997531
0.066700 0.997531
0.066800 0.997531
0.066900 0.997531
0.067000 0.997531
0.067100 0.997531
0.067200 0.997531
0.067300 0.997531
0.067400 0.997531
0.067500 0.997469
0.067600 0.997469
0.067700 0.997469
0.067800 0.997469
0.067900 0.997469
0.068000 0.997469
0.068100 0.997469
0.068200 0.997469
0.068300 0.997406
0.068400 0.997406
0.068500 0.997406
0.068600 0.997406
0.068700 0.997406
0.068800 0.997406
0.068900 0.997406
0.069000 0.997406
0.069100 0.997344
0.069200 0.997344
0.069300 0.997344
0.069400 0.997344
0.069500 0.997344
0.069600 0.997344
0.069700 0.997344
0.069800 0.997344
0.069900 0.997281
0.070000 0.997281
0.070100 0.997281
0.070200 0.997281
0.070300 0.997281
0.070400 0.997281
0.070500 0.997281
0.070600 0.997281
0.070700 0.997281
0.070800 0.997219
0.070900 0.997219
0.071000 0.997219
0.071100 0.997219
0.071200 0.997219
0.071300 0.997219
0.071400 0.997219
0.071500 0.997219
0.071600 0.997156
0.071700 0.997156
0.071800 0.997156
0.071900 0.997156
0.072000 0.997156
0.072100 0.997156
0.072200 0.997156
0.072300 0.997156
0.072400 0.997094
0.072500 0.997094
0.072600 0.997094
0.072700 0.997094
0.072800 0.997094
0.072900 0.997094
0.073000 0.997094
0.073100 0.997031
0.073200 0.997031
0.073300 0.997031
0.073400 0.997031
0.073500 0.997031
0.073600 0.997031
0.073700 0.997031
0.073800 0.997031
0.073900 0.996969
0.074000 0.996969
0.074100 0.996969
0.074200 0.996969
0.074300 0.996969
0.074400 0.996969
0.074500 0.996969
0.074600 0.996969
0.074700 0.996906
0.074800 0.996906
0.074900 0.996906
0.075000 0.996906
0.075100 0.996906
0.075200 0.996906
0.075300 0.996906
0.075400 0.996844
0.075500 0.996844
0.075600 0.996844
0.075700 0.996844
0.075800 0.996844
0.075900 0.996844
0.076000 0.996844
0.076100 0.996844
0.076200 0.996781
0.076300 0.996781
0.076400 0.996781
0.076500 0.996781
0.076600 0.996781
0.076700 0.996781
0.076800 0.996781
0.076900 0.996719
0.077000 0.996719
0.077100 0.996719
0.077200 0.996719
0.077300 0.996719
0.077400 0.996719
0.077500 0.996719
0.077600 0.996719
0.077700 0.996656
0.077800 0.996656
0.077900 0.996656
0.078000 0.996656
0.078100 0.996656
0.078200 0.996656
0.078300 0.996656
0.078400 0.996594
0.078500 0.996594
0.078600 0.996594
0.078700 0.996594
0.078800 0.996594
0.078900 0.996594
0.079000 0.996594
0.079100 0.996531
0.079200 0.996531
0.079300 0.996531
0.079400 0.996531
0.079500 0.996531
0.079600 0.996531
0.079700 0.996531
0.079800 0.996531
0.079900 0.996469
0.080000 0.996469
0.080100 0.996469
0.080200 0.996469
0.080300 0.996469
0.080400 0.996469
0.080500 0.996469
0.080600 0.996406
0.080700 0.996406
0.080800 0.996406
0.080900 0.996406
0.081000 0.996406
0.081100 0.996406
0.081200 0.996406
0.081300 0.996344
0.081400 0.996344
0.081500 0.996344
0.081600 0.996344
0.081700 0.996344
0.081800 0.996344
0.081900 0.996344
0.082000 0.996281
0.082100 0.996281
0.082200 0.996281
0.082300 0.996281
0.082400 0.996281
0.082500 0.996281
0.082600 0.996281
0.082700 0.996219
0.082800 0.996219
0.082900 0.996219
0.083000 0.996219
0.083100 0.996219
0.083200 0.996219
0.083300 0.996219
0.083400 0.996156
0.083500 0.996156
0.083600 0.996156
0.083700 0.996156
0.083800 0.996156
0.083900 0.996156
0.084000 0.996094
0.084100 0.996094
0.084200 0.996094
0.084300 0.996094
0.084400 0.996094
0.084500 0.996094
0.084600 0.996094
0.084700 0.996031
0.084800 0.996031
0.084900 0.996031
0.085000 0.996031
0.085100 0.996031
0.085200 0.996031
0.085300 0.996031
0.085400 0.995969
0.085500 0.995969
0.085600 0.995969
0.085700 0.995969
0.085800 0.995969
0.085900 0.995969
0.086000 0.995969
0.086100 0.995906
0.086200 0.995906
0.086300 0.995906
0.086400 0.995906
0.086500 0.995906
0.086600 0.995906
0.086700 0.995844
0.086800 0.995844
0.086900 0.995844
0.087000 0.995844
0.087100 0.995844
0.087200 0.995844
0.087300 0.995844
0.087400 0.995781
0.087500 0.995781
0.087600 0.995781
0.087700 0.995781
0.087800 0.995781
0.087900 0.995781
0.088000 0.995719
0.088100 0.995719
0.088200 0.995719
0.088300 0.995719
0.088400 0.995719
0.088500 0.995719
0.088600 0.995719
0.088700 0.995656
0.088800 0.995656
0.088900 0.995656
0.089000 0.995656
0.089100 0.995656
0.089200 0.995656
0.089300 0.995594
0.089400 0.995594
0.089500 0.995594
0.089600 0.995594
0.089700 0.995594
0.089800 0.995594
0.089900 0.995594
0.090000 0.995531
0.090100 0.995531
0.090200 0.995531
0.090300 0.995531
0.090400 0.995531
0.090500 0.995531
0.090600 0.995469
0.090700 0.995469
0.090800 0.995469
0.090900 0.995469
0.091000 0.995469
0.091100 0.995469
0.091200 0.995406
0.091300 0.995406
0.091400 0.995406
0.091500 0.995406
0.091600 0.995406
0.091700 0.995406
0.091800 0.995344
0.091900 0.995344
0.092000 0.995344
0.092100 0.995344
0.092200 0.995344
0.092300 0.995344
0.092400 0.995344
0.092500 0.995281
0.092600 0.995281
0.092700 0.995281
0.092800 0.995281
0.092900 0.995281
0.093000 0.995281
0.093100 0.995219
0.093200 0.995219
0.093300 0.995219
0.093400 0.995219
0.093500 0.995219
0.093600 0.995219
0.093700 0.995156
0.093800 0.995156
0.093900 0.995156
0.094000 0.995156
0.094100 0.995156
0.094200 0.995156
0.094300 0.995094
0.094400 0.995094
0.094500 0.995094
0.094600 0.995094
0.094700 0.995094
0.094800 0.995094
0.094900 0.995031
0.095000 0.995031
0.095100 0.995031
0.095200 0.995031
0.095300 0.995031
0.095400 0.995031
0.095500 0.994969
0.095600 0.994969
0.095700 0.994969
0.095800 0.994969
0.095900 0.994969
0.096000 0.994969
0.096100 0.994906
0.096200 0.994906
0.096300 0.994906
0.096400 0.994906
0.096500 0.994906
0.096600 0.994906
0.096700 0.994844
0.096800 0.994844
0.096900 0.994844
0.097000 0.994844
0.097100 0.994844
0.097200 0.994844
0.097300 0.994781
0.097400 0.994781
0.097500 0.994781
0.097600 0.994781
0.097700 0.994781
0.097800 0.994781
0.097900 0.994719
0.098000 0.994719
0.098100 0.994719
0.098200 0.994719
0.098300 0.994719
0.098400 0.994719
0.098500 0.994656
0.098600 0.994656
0.098700 0.994656
0.098800 0.994656
0.098900 0.994656
0.099000 0.994594
0.099100 0.994594
0.099200 0.994594
0.099300 0.994594
0.099400 0.994594
0.099500 0.994594
0.099600 0.994531
0.099700 0.994531
0.099800 0.994531
0.099900 0.994531
0.100000 0.994531
0.100100 0.994531
0.100200 0.994469
0.100300 0.994469
0.100400 0.994469
0.100500 0.994469
0.100600 0.994469
0.100700 0.994469
0.100800 0.994406
0.100900 0.994406
0.101000 0.994406
0.101100 0.994406
0.101200 0.994406
0.101300 0.994344
0.101400 0.994344
0.101500 0.994344
0.101600 0.994344
0.101700 0.994344
0.101800 0.994344
0.101900 0.994281
0.102000 0.994281
0.102100 0.994281
0.102200 0.994281
0.102300 0.994281
0.102400 0.994281
0.102500 0.994219
0.102600 0.994219
0.102700 0.994219
0.102800 0.994219
0.102900 0.994219
0.103000 0.994156
0.103100 0.994156
0.103200 0.994156
0.103300 0.994156
0.103400 0.994156
0.103500 0.994156
0.103600 0.994094
0.103700 0.994094
0.103800 0.994094
0.103900 0.994094
0.104000 0.994094
0.104100 0.994031
0.104200 0.994031
0.104300 0.994031
0.104400 0.994031
0.104500 0.994031
0.104600 0.994031
0.104700 0.993969
0.104800 0.993969
0.104900 0.993969
0.105000 0.993969
0.105100 0.993969
0.105200 0.993906
0.105300 0.993906
0.105400 0.993906
0.105500 0.993906
0.105600 0.993906
0.105700 0.993906
0.105800 0.993844
0.105900 0.993844
0.106000 0.993844
0.106100 0.993844
0.106200 0.993844
0.106300 0.993781
0.106400 0.993781
0.106500 0.993781
0.106600 0.993781
0.106700 0.993781
0.106800 0.993719
0.106900 0.993719
0.107000 0.993719
0.107100 0.993719
0.107200 0.993719
0.107300 0.993719
0.107400 0.993656
0.107500 0.993656
0.107600 0.993656
0.107700 0.993656
0.107800 0.993656
0.107900 0.993594
0.108000 0.993594
0.108100 0.993594
0.108200 0.993594
0.108300 0.993594
0.108400 0.993531
0.108500 0.993531
0.108600 0.993531
0.108700 0.993531
0.108800 0.993531
0.108900 0.993531
0.109000 0.993469
0.109100 0.993469
0.109200 0.993469
0.109300 0.993469
0.109400 0.993469
0.109500 0.993406
0.109600 0.993406
0.109700 0.993406
0.109800 0.993406
0.109900 0.993406
0.110000 0.993344
0.110100 0.993344
0.110200 0.993344
0.110300 0.993344
0.110400 0.993344
0.110500 0.993281
0.110600 0.993281
0.110700 0.993281
0.110800 0.993281
0.110900 0.993281
0.111000 0.993281
0.111100 0.993219
0.111200 0.993219
0.111300 0.993219
0.111400 0.993219
0.111500 0.993219
0.111600 0.993156
0.111700 0.993156
0.111800 0.993156
0.111900 0.993156
0.112000 0.993156
0.112100 0.993094
0.112200 0.993094
0.112300 0.993094
0.112400 0.993094
0.112500 0.993094
0.112600 0.993031
0.112700 0.993031
0.112800 0.993031
0.112900 0.993031
0.113000 0.993031
0.113100 0.992969
0.113200 0.992969
0.113300 0.992969
0.113400 0.992969
0.113500 0.992969
0.113600 0.992906
0.113700 0.992906
0.113800 0.992906
0.113900 0.992906
0.114000 0.992906
0.114100 0.992844
0.114200 0.992844
0.114300 0.992844
0.114400 0.992844
0.114500 0.992844
0.114600 0.992781
0.114700 0.992781
0.114800 0.992781
0.114900 0.992781
0.115000 0.992781
0.115100 0.992719
0.115200 0.992719
0.115300 0.992719
0.115400 0.992719
0.115500 0.992719
0.115600 0.992656
0.115700 0.992656
0.115800 0.992656
0.115900 0.992656
0.116000 0.992656
0.116100 0.992594
0.116200 0.992594
0.116300 0.992594
0.116400 0.992594
0.116500 0.992594
0.116600 0.992531
0.116700 0.992531
0.116800 0.992531
0.116900 0.992531
0.117000 0.992531
0.117100 0.992469
0.117200 0.992469
0.117300 0.992469
0.117400 0.992469
0.117500 0.992469
0.117600 0.992406
0.117700 0.992406
0.117800 0.992406
0.117900 0.992406
0.118000 0.992406
0.118100 0.992344
0.118200 0.992344
0.118300 0.992344
0.118400 0.992344
0.118500 0.992344
0.118600 0.992281
0.118700 0.992281
0.118800 0.992281
0.118900 0.992281
0.119000 0.992281
0.119100 0.992219
0.119200 0.992219
0.119300 0.992219
0.119400 0.992219
0.119500 0.992219
0.119600 0.992156
0.119700 0.992156
0.119800 0.992156
0.119900 0.992156
0.120000 0.992094
0.120100 0.992094
0.120200 0.992094
0.120300 0.992094
0.120400 0.992094
0.120500 0.992031
0.120600 0.992031
0.120700 0.992031
0.120800 0.992031
0.120900 0.992031
0.121000 0.991969
0.121100 0.991969
0.121200 0.991969
0.121300 0.991969
0.121400 0.991969
0.121500 0.991906
0.121600 0.991906
0.121700 0.991906
0.121800 0.991906
0.121900 0.991844
0.122000 0.991844
0.122100 0.991844
0.122200 0.991844
0.122300 0.991844
0.122400 0.991781
0.122500 0.991781
0.122600 0.991781
0.122700 0.991781
0.122800 0.991781
0.122900 0.991719
0.123000 0.991719
0.123100 0.991719
0.123200 0.991719
0.123300 0.991719
0.123400 0.991656
0.123500 0.991656
0.123600 0.991656
0.123700 0.991656
0.123800 0.991594
0.123900 0.991594
0.124000 0.991594
0.124100 0.991594
0.124200 0.991594
0.124300 0.991531
0.124400 0.991531
0.124500 0.991531
0.124600 0.991531
0.124700 0.991469
0.124800 0.991469
0.124900 0.991469
0.125000 0.991469
0.125100 0.991469
0.125200 0.991406
0.125300 0.991406
0.125400 0.991406
0.125500 0.991406
0.125600 0.991406
0.125700 0.991344
0.125800 0.991344
0.125900 0.991344
0.126000 0.991344
0.126100 0.991281
0.126200 0.991281
0.126300 0.991281
0.126400 0.991281
0.126500 0.991281
0.126600 0.991219
0.126700 0.991219
0.126800 0.991219
0.126900 0.991219
0.127000 0.991156
0.127100 0.991156
0.127200 0.991156
0.127300 0.991156
0.127400 0.991156
0.127500 0.991094
0.127600 0.991094
0.127700 0.991094
0.127800 0.991094
0.127900 0.991031
0.128000 0.991031
0.128100 0.991031
0.128200 0.991031
0.128300 0.991031
0.128400 0.990969
0.128500 0.990969
0.128600 0.990969
0.128700 0.990969
0.128800 0.990906
0.128900 0.990906
0.129000 0.990906
0.129100 0.990906
0.129200 0.990906
0.129300 0.990844
0.129400 0.990844
0.129500 0.990844
0.129600 0.990844
0.129700 0.990781
0.129800 0.990781
0.129900 0.990781
0.130000 0.990781
0.130100 0.990781
0.130200 0.990719
0.130300 0.990719
0.130400 0.990719
0.130500 0.990719
0.130600 0.990656
0.130700 0.990656
0.130800 0.990656
0.130900 0.990656
0.131000 0.990656
0.131100 0.990594
0.131200 0.990594
0.131300 0.990594
0.131400 0.990594
0.131500 0.990531
0.131600 0.990531
0.131700 0.990531
0.131800 0.990531
0.131900 0.990531
0.132000 0.990469
0.132100 0.990469
0.132200 0.990469
0.132300 0.990469
0.132400 0.990406
0.132500 0.990406
0.132600 0.990406
0.132700 0.990406
0.132800 0.990344
0.132900 0.990344
0.133000 0.990344
0.133100 0.990344
0.133200 0.990344
0.133300 0.990281
0.133400 0.990281
0.133500 0.990281
0.133600 0.990281
0.133700 0.990219
0.133800 0.990219
0.133900 0.990219
0.134000 0.990219
0.134100 0.990156
0.134200 0.990156
0.134300 0.990156
0.134400 0.990156
0.134500 0.990156
0.134600 0.990094
0.134700 0.990094
0.134800 0.990094
0.134900 0.990094
0.135000 0.990031
0.135100 0.990031
0.135200 0.990031
0.135300 0.990031
0.135400 0.989969
0.135500 0.989969
0.135600 0.989969
0.135700 0.989969
0.135800 0.989906
0.135900 0.989906
0.136000 0.989906
0.136100 0.989906
0.136200 0.989906
0.136300 0.989844
0.136400 0.989844
0.136500 0.989844
0.136600 0.989844
0.136700 0.989781
0.136800 0.989781
0.136900 0.989781
0.137000 0.989781
0.137100 0.989719
0.137200 0.989719
0.137300 0.989719
0.137400 0.989719
0.137500 0.989656
0.137600 0.989656
0.137700 0.989656
0.137800 0.989656
0.137900 0.989656
0.138000 0.989594
0.138100 0.989594
0.138200 0.989594
0.138300 0.989594
0.138400 0.989531
0.138500 0.989531
0.138600 0.989531
0.138700 0.989531
0.138800 0.989469
0.138900 0.989469
0.139000 0.989469
0.139100 0.989469
0.139200 0.989406
0.139300 0.989406
0.139400 0.989406
0.139500 0.989406
0.139600 0.989344
0.139700 0.989344
0.139800 0.989344
0.139900 0.989344
0.140000 0.989281
0.140100 0.989281
0.140200 0.989281
0.140300 0.989281
0.140400 0.989281
0.140500 0.989219
0.140600 0.989219
0.140700 0.989219
0.140800 0.989219
0.140900 0.989156
0.141000 0.989156
0.141100 0.989156
0.141200 0.989156
0.141300 0.989094
0.141400 0.989094
0.141500 0.989094
0.141600 0.989094
0.141700 0.989031
0.141800 0.989031
0.141900 0.989031
0.142000 0.989031
0.142100 0.988969
0.142200 0.988969
0.142300 0.988969
0.142400 0.988969
0.142500 0.988906
0.142600 0.988906
0.142700 0.988906
0.142800 0.988906
0.142900 0.988844
0.143000 0.988844
0.143100 0.988844
0.143200 0.988844
0.143300 0.988781
0.143400 0.988781
0.143500 0.988781
0.143600 0.988781
0.143700 0.988719
0.143800 0.988719
0.143900 0.988719
0.144000 0.988719
0.144100 0.988656
0.144200 0.988656
0.144300 0.988656
0.144400 0.988656
0.144500 0.988594
0.144600 0.988594
0.144700 0.988594
0.144800 0.988594
0.144900 0.988531
0.145000 0.988531
0.145100 0.988531
0.145200 0.988531
0.145300 0.988469
0.145400 0.988469
0.145500 0.988469
0.145600 0.988469
0.145700 0.988406
0.145800 0.988406
0.145900 0.988406
0.146000 0.988406
0.146100 0.988344
0.146200 0.988344
0.146300 0.988344
0.146400 0.988344
0.146500 0.988281
0.146600 0.988281
0.146700 0.988281
0.146800 0.988281
0.146900 0.988219
0.147000 0.988219
0.147100 0.988219
0.147200 0.988219
0.147300 0.988156
0.147400 0.988156
0.147500 0.988156
0.147600 0.988156
0.147700 0.988094
0.147800 0.988094
0.147900 0.988094
0.148000 0.988094
0.148100 0.988031
0.148200 0.988031
0.148300 0.988031
0.148400 0.988031
0.148500 0.987969
0.148600 0.987969
0.148700 0.987969
0.148800 0.987969
0.148900 0.987906
0.149000 0.987906
0.149100 0.987906
0.149200 0.987906
0.149300 0.987844
0.149400 0.987844
0.149500 0.987844
0.149600 0.987844
0.149700 0.987781
0.149800 0.987781
0.149900 0.987781
0.150000 0.987781
0.150100 0.987719
0.150200 0.987719
0.150300 0.987719
0.150400 0.987656
0.150500 0.987656
0.150600 0.987656
0.150700 0.987656
0.150800 0.987594
0.150900 0.987594
0.151000 0.987594
0.151100 0.987594
0.151200 0.987531
0.151300 0.987531
0.151400 0.987531
0.151500 0.987531
0.151600 0.987469
0.151700 0.987469
0.151800 0.987469
0.151900 0.987469
0.152000 0.987406
0.152100 0.987406
0.152200 0.987406
0.152300 0.987406
0.152400 0.987344
0.152500 0.987344
0.152600 0.987344
0.152700 0.987281
0.152800 0.987281
0.152900 0.987281
0.153000 0.987281
0.153100 0.987219
0.153200 0.987219
0.153300 0.987219
0.153400 0.987219
0.153500 0.987156
0.153600 0.987156
0.153700 0.987156
0.153800 0.987156
0.153900 0.987094
0.154000 0.987094
0.154100 0.987094
0.154200 0.987094
0.154300 0.987031
0.154400 0.987031
0.154500 0.987031
0.154600 0.986969
0.154700 0.986969
0.154800 0.986969
0.154900 0.986969
0.155000 0.986906
0.155100 0.986906
0.155200 0.986906
0.155300 0.986906
0.155400 0.986844
0.155500 0.986844
0.155600 0.986844
0.155700 0.986844
0.155800 0.986781
0.155900 0.986781
0.156000 0.986781
0.156100 0.986719
0.156200 0.986719
0.156300 0.986719
0.156400 0.986719
0.156500 0.986656
0.156600 0.986656
0.156700 0.986656
0.156800 0.986656
0.156900 0.986594
0.157000 0.986594
0.157100 0.986594
0.157200 0.986594
0.157300 0.986531
0.157400 0.986531
0.157500 0.986531
0.157600 0.986469
0.157700 0.986469
0.157800 0.986469
0.157900 0.986469
0.158000 0.986406
0.158100 0.986406
0.158200 0.986406
0.158300 0.986406
0.158400 0.986344
0.158500 0.986344
0.158600 0.986344
0.158700 0.986281
0.158800 0.986281
0.158900 0.986281
0.159000 0.986281
0.159100 0.986219
0.159200 0.986219
0.159300 0.986219
0.159400 0.986219
0.159500 0.986156
0.159600 0.986156
0.159700 0.986156
0.159800 0.986094
0.159900 0.986094
0.160000 0.986094
0.160100 0.986094
0.160200 0.986031
0.160300 0.986031
0.160400 0.986031
0.160500 0.986031
0.160600 0.985969
0.160700 0.985969
0.160800 0.985969
0.160900 0.985906
0.161000 0.985906
0.161100 0.985906
0.161200 0.985906
0.161300 0.985844
0.161400 0.985844
0.161500 0.985844
0.161600 0.985844
0.161700 0.985781
0.161800 0.985781
0.161900 0.985781
0.162000 0.985719
0.162100 0.985719
0.162200 0.985719
0.162300 0.985719
0.162400 0.985656
0.162500 0.985656
0.162600 0.985656
0.162700 0.985594
0.162800 0.985594
0.162900 0.985594
0.163000 0.985594
0.163100 0.985531
0.163200 0.985531
0.163300 0.985531
0.163400 0.985531
0.163500 0.985469
0.163600 0.985469
0.163700 0.985469
0.163800 0.985406
0.163900 0.985406
0.164000 0.985406
0.164100 0.985406
0.164200 0.985344
0.164300 0.985344
0.164400 0.985344
0.164500 0.985281
0.164600 0.985281
0.164700 0.985281
0.164800 0.985281
0.164900 0.985219
0.165000 0.985219
0.165100 0.985219
0.165200 0.985156
0.165300 0.985156
0.165400 0.985156
0.165500 0.985156
0.165600 0.985094
0.165700 0.985094
0.165800 0.985094
0.165900 0.985031
0.166000 0.985031
0.166100 0.985031
0.166200 0.985031
0.166300 0.984969
0.166400 0.984969
0.166500 0.984969
0.166600 0.984906
0.166700 0.984906
0.166800 0.984906
0.166900 0.984906
0.167000 0.984844
0.167100 0.984844
0.167200 0.984844
0.167300 0.984781
0.167400 0.984781
0.167500 0.984781
0.167600 0.984781
0.167700 0.984719
0.167800 0.984719
0.167900 0.984719
0.168000 0.984656
0.168100 0.984656
0.168200 0.984656
0.168300 0.984656
0.168400 0.984594
0.168500 0.984594
0.168600 0.984594
0.168700 0.984531
0.168800 0.984531
0.168900 0.984531
0.169000 0.984531
0.169100 0.984469
0.169200 0.984469
0.169300 0.984469
0.169400 0.984406
0.169500 0.984406
0.169600 0.984406
0.169700 0.984406
0.169800 0.984344
0.169900 0.984344
0.170000 0.984344
0.170100 0.984281
0.170200 0.984281
0.170300 0.984281
0.170400 0.984281
0.170500 0.984219
0.170600 0.984219
0.170700 0.984219
0.170800 0.984156
0.170900 0.984156
0.171000 0.984156
0.171100 0.984156
0.171200 0.984094
0.171300 0.984094
0.171400 0.984094
0.171500 0.984031
0.171600 0.984031
0.171700 0.984031
0.171800 0.983969
0.171900 0.983969
0.172000 0.983969
0.172100 0.983969
0.172200 0.983906
0.172300 0.983906
0.172400 0.983906
0.172500 0.983844
0.172600 0.983844
0.172700 0.983844
0.172800 0.983844
0.172900 0.983781
0.173000 0.983781
0.173100 0.983781
0.173200 0.983719
0.173300 0.983719
0.173400 0.983719
0.173500 0.983656
0.173600 0.983656
0.173700 0.983656
0.173800 0.983656
0.173900 0.983594
0.174000 0.983594
0.174100 0.983594
0.174200 0.983531
0.174300 0.983531
0.174400 0.983531
0.174500 0.983469
0.174600 0.983469
0.174700 0.983469
0.174800 0.983469
0.174900 0.983406
0.175000 0.983406
0.175100 0.983406
0.175200 0.983344
0.175300 0.983344
0.175400 0.983344
0.175500 0.983344
0.175600 0.983281
0.175700 0.983281
0.175800 0.983281
0.175900 0.983219
0.176000 0.983219
0.176100 0.983219
0.176200 0.983156
0.176300 0.983156
0.176400 0.983156
0.176500 0.983156
0.176600 0.983094
0.176700 0.983094
0.176800 0.983094
0.176900 0.983031
0.177000 0.983031
0.177100 0.983031
0.177200 0.982969
0.177300 0.982969
0.177400 0.982969
0.177500 0.982969
0.177600 0.982906
0.177700 0.982906
0.177800 0.982906
0.177900 0.982844
0.178000 0.982844
0.178100 0.982844
0.178200 0.982781
0.178300 0.982781
0.178400 0.982781
0.178500 0.982719
0.178600 0.982719
0.178700 0.982719
0.178800 0.982719
0.178900 0.982656
0.179000 0.982656
0.179100 0.982656
0.179200 0.982594
0.179300 0.982594
0.179400 0.982594
0.179500 0.982531
0.179600 0.982531
0.179700 0.982531
0.179800 0.982531
0.179900 0.982469
0.180000 0.982469
0.180100 0.982469
0.180200 0.982406
0.180300 0.982406
0.180400 0.982406
0.180500 0.982344
0.180600 0.982344
0.180700 0.982344
0.180800 0.982281
0.180900 0.982281
0.181000 0.982281
0.181100 0.982281
0.181200 0.982219
0.181300 0.982219
0.181400 0.982219
0.181500 0.982156
0.181600 0.982156
0.181700 0.982156
0.181800 0.982094
0.181900 0.982094
0.182000 0.982094
0.182100 0.982031
0.182200 0.982031
0.182300 0.982031
0.182400 0.982031
0.182500 0.981969
0.182600 0.981969
0.182700 0.981969
0.182800 0.981906
0.182900 0.981906
0.183000 0.981906
0.183100 0.981844
0.183200 0.981844
0.183300 0.981844
0.183400 0.981781
0.183500 0.981781
0.183600 0.981781
0.183700 0.981719
0.183800 0.981719
0.183900 0.981719
0.184000 0.981719
0.184100 0.981656
0.184200 0.981656
0.184300 0.981656
0.184400 0.981594
0.184500 0.981594
0.184600 0.981594
0.184700 0.981531
0.184800 0.981531
0.184900 0.981531
0.185000 0.981469
0.185100 0.981469
0.185200 0.981469
0.185300 0.981406
0.185400 0.981406
0.185500 0.981406
0.185600 0.981406
0.185700 0.981344
0.185800 0.981344
0.185900 0.981344
0.186000 0.981281
0.186100 0.981281
0.186200 0.981281
0.186300 0.981219
0.186400 0.981219
0.186500 0.981219
0.186600 0.981156
0.186700 0.981156
0.186800 0.981156
0.186900 0.981094
0.187000 0.981094
0.187100 0.981094
0.187200 0.981031
0.187300 0.981031
0.187400 0.981031
0.187500 0.981031
0.187600 0.980969
0.187700 0.980969
0.187800 0.980969
0.187900 0.980906
0.188000 0.980906
0.188100 0.980906
0.188200 0.980844
0.188300 0.980844
0.188400 0.980844
0.188500 0.980781
0.188600 0.980781
0.188700 0.980781
0.188800 0.980719
0.188900 0.980719
0.189000 0.980719
0.189100 0.980656
0.189200 0.980656
0.189300 0.980656
0.189400 0.980594
0.189500 0.980594
0.189600 0.980594
0.189700 0.980594
0.189800 0.980531
0.189900 0.980531
0.190000 0.980531
0.190100 0.980469
0.190200 0.980469
0.190300 0.980469
0.190400 0.980406
0.190500 0.980406
0.190600 0.980406
0.190700 0.980344
0.190800 0.980344
0.190900 0.980344
0.191000 0.980281
0.191100 0.980281
0.191200 0.980281
0.191300 0.980219
0.191400 0.980219
0.191500 0.980219
0.191600 0.980156
0.191700 0.980156
0.191800 0.980156
0.191900 0.980094
0.192000 0.980094
0.192100 0.980094
0.192200 0.980031
0.192300 0.980031
0.192400 0.980031
0.192500 0.979969
0.192600 0.979969
0.192700 0.979969
0.192800 0.979906
0.192900 0.979906
0.193000 0.979906
0.193100 0.979906
0.193200 0.979844
0.193300 0.979844
0.193400 0.979844
0.193500 0.979781
0.193600 0.979781
0.193700 0.979781
0.193800 0.979719
0.193900 0.979719
0.194000 0.979719
0.194100 0.979656
0.194200 0.979656
0.194300 0.979656
0.194400 0.979594
0.194500 0.979594
0.194600 0.979594
0.194700 0.979531
0.194800 0.979531
0.194900 0.979531
0.195000 0.979469
0.195100 0.979469
0.195200 0.979469
0.195300 0.979406
0.195400 0.979406
0.195500 0.979406
0.195600 0.979344
0.195700 0.979344
0.195800 0.979344
0.195900 0.979281
0.196000 0.979281
0.196100 0.979281
0.196200 0.979219
0.196300 0.979219
0.196400 0.979219
0.196500 0.979156
0.196600 0.979156
0.196700 0.979156
0.196800 0.979094
0.196900 0.979094
0.197000 0.979094
0.197100 0.979031
0.197200 0.979031
0.197300 0.979031
0.197400 0.978969
0.197500 0.978969
0.197600 0.978969
0.197700 0.978906
0.197800 0.978906
0.197900 0.978906
0.198000 0.978844
0.198100 0.978844
0.198200 0.978844
0.198300 0.978781
0.198400 0.978781
0.198500 0.978781
0.198600 0.978719
0.198700 0.978719
0.198800 0.978719
0.198900 0.978656
0.199000 0.978656
0.199100 0.978656
0.199200 0.978594
0.199300 0.978594
0.199400 0.978594
0.199500 0.978531
0.199600 0.978531
0.199700 0.978531
0.199800 0.978469
0.199900 0.978469
0.200000 0.978469
0.200100 0.978406
0.200200 0.978406
0.200300 0.978406
0.200400 0.978344
0.200500 0.978344
0.200600 0.978344
0.200700 0.978281
0.200800 0.978281
0.200900 0.978281
0.201000 0.978219
0.201100 0.978219
0.201200 0.978219
0.201300 0.978156
0.201400 0.978156
0.201500 0.978156
0.201600 0.978094
0.201700 0.978094
0.201800 0.978094
0.201900 0.978031
0.202000 0.978031
0.202100 0.978031
0.202200 0.977969
0.202300 0.977969
0.202400 0.977969
0.202500 0.977906
0.202600 0.977906
0.202700 0.977844
0.202800 0.977844
0.202900 0.977844
0.203000 0.977781
0.203100 0.977781
0.203200 0.977781
0.203300 0.977719
0.203400 0.977719
0.203500 0.977719
0.203600 0.977656
0.203700 0.977656
0.203800 0.977656
0.203900 0.977594
0.204000 0.977594
0.204100 0.977594
0.204200 0.977531
0.204300 0.977531
0.204400 0.977531
0.204500 0.977469
0.204600 0.977469
0.204700 0.977469
0.204800 0.977406
0.204900 0.977406
0.205000 0.977406
0.205100 0.977344
0.205200 0.977344
0.205300 0.977344
0.205400 0.977281
0.205500 0.977281
0.205600 0.977281
0.205700 0.977219
0.205800 0.977219
0.205900 0.977219
0.206000 0.977156
0.206100 0.977156
0.206200 0.977094
0.206300 0.977094
0.206400 0.977094
0.206500 0.977031
0.206600 0.977031
0.206700 0.977031
0.206800 0.976969
0.206900 0.976969
0.207000 0.976969
0.207100 0.976906
0.207200 0.976906
0.207300 0.976906
0.207400 0.976844
0.207500 0.976844
0.207600 0.976844
0.207700 0.976781
0.207800 0.976781
0.207900 0.976781
0.208000 0.976719
0.208100 0.976719
0.208200 0.976719
0.208300 0.976656
0.208400 0.976656
0.208500 0.976594
0.208600 0.976594
0.208700 0.976594
0.208800 0.976531
0.208900 0.976531
0.209000 0.976531
0.209100 0.976469
0.209200 0.976469
0.209300 0.976469
0.209400 0.976406
0.209500 0.976406
0.209600 0.976406
0.209700 0.976344
0.209800 0.976344
0.209900 0.976344
0.210000 0.976281
0.210100 0.976281
0.210200 0.976281
0.210300 0.976219
0.210400 0.976219
0.210500 0.976156
0.210600 0.976156
0.210700 0.976156
0.210800 0.976094
0.210900 0.976094
0.211000 0.976094
0.211100 0.976031
0.211200 0.976031
0.211300 0.976031
0.211400 0.975969
0.211500 0.975969
0.211600 0.975969
0.211700 0.975906
0.211800 0.975906
0.211900 0.975906
0.212000 0.975844
0.212100 0.975844
0.212200 0.975781
0.212300 0.975781
0.212400 0.975781
0.212500 0.975719
0.212600 0.975719
0.212700 0.975719
0.212800 0.975656
0.212900 0.975656
0.213000 0.975656
0.213100 0.975594
0.213200 0.975594
0.213300 0.975594
0.213400 0.975531
0.213500 0.975531
0.213600 0.975469
0.213700 0.975469
0.213800 0.975469
0.213900 0.975406
0.214000 0.975406
0.214100 0.975406
0.214200 0.975344
0.214300 0.975344
0.214400 0.975344
0.214500 0.975281
0.214600 0.975281
0.214700 0.975281
0.214800 0.975219
0.214900 0.975219
0.215000 0.975156
0.215100 0.975156
0.215200 0.975156
0.215300 0.975094
0.215400 0.975094
0.215500 0.975094
0.215600 0.975031
0.215700 0.975031
0.215800 0.975031
0.215900 0.974969
0.216000 0.974969
0.216100 0.974906
0.216200 0.974906
0.216300 0.974906
0.216400 0.974844
0.216500 0.974844
0.216600 0.974844
0.216700 0.974781
0.216800 0.974781
0.216900 0.974781
0.217000 0.974719
0.217100 0.974719
0.217200 0.974656
0.217300 0.974656
0.217400 0.974656
0.217500 0.974594
0.217600 0.974594
0.217700 0.974594
0.217800 0.974531
0.217900 0.974531
0.218000 0.974531
0.218100 0.974469
0.218200 0.974469
0.218300 0.974406
0.218400 0.974406
0.218500 0.974406
0.218600 0.974344
0.218700 0.974344
0.218800 0.974344
0.218900 0.974281
0.219000 0.974281
0.219100 0.974281
0.219200 0.974219
0.219300 0.974219
0.219400 0.974156
0.219500 0.974156
0.219600 0.974156
0.219700 0.974094
0.219800 0.974094
0.219900 0.974094
0.220000 0.974031
0.220100 0.974031
0.220200 0.974031
0.220300 0.973969
0.220400 0.973969
0.220500 0.973906
0.220600 0.973906
0.220700 0.973906
0.220800 0.973844
0.220900 0.973844
0.221000 0.973844
0.221100 0.973781
0.221200 0.973781
0.221300 0.973781
0.221400 0.973719
0.221500 0.973719
0.221600 0.973656
0.221700 0.973656
0.221800 0.973656
0.221900 0.973594
0.222000 0.973594
0.222100 0.973594
0.222200 0.973531
0.222300 0.973531
0.222400 0.973469
0.222500 0.973469
0.222600 0.973469
0.222700 0.973406
0.222800 0.973406
0.222900 0.973406
0.223000 0.973344
0.223100 0.973344
0.223200 0.973281
0.223300 0.973281
0.223400 0.973281
0.223500 0.973219
0.223600 0.973219
0.223700 0.973219
0.223800 0.973156
0.223900 0.973156
0.224000 0.973094
0.224100 0.973094
0.224200 0.973094
0.224300 0.973031
0.224400 0.973031
0.224500 0.973031
0.224600 0.972969
0.224700 0.972969
0.224800 0.972969
0.224900 0.972906
0.225000 0.972906
0.225100 0.972844
0.225200 0.972844
0.225300 0.972844
0.225400 0.972781
0.225500 0.972781
0.225600 0.972781
0.225700 0.972719
0.225800 0.972719
0.225900 0.972656
0.226000 0.972656
0.226100 0.972656
0.226200 0.972594
0.226300 0.972594
0.226400 0.972594
0.226500 0.972531
0.226600 0.972531
0.226700 0.972469
0.226800 0.972469
0.226900 0.972469
0.227000 0.972406
0.227100 0.972406
0.227200 0.972344
0.227300 0.972344
0.227400 0.972344
0.227500 0.972281
0.227600 0.972281
0.227700 0.972281
0.227800 0.972219
0.227900 0.972219
0.228000 0.972156
0.228100 0.972156
0.228200 0.972156
0.228300 0.972094
0.228400 0.972094
0.228500 0.972094
0.228600 0.972031
0.228700 0.972031
0.228800 0.971969
0.228900 0.971969
0.229000 0.971969
0.229100 0.971906
0.229200 0.971906
0.229300 0.971906
0.229400 0.971844
0.229500 0.971844
0.229600 0.971781
0.229700 0.971781
0.229800 0.971781
0.229900 0.971719
0.230000 0.971719
0.230100 0.971656
0.230200 0.971656
0.230300 0.971656
0.230400 0.971594
0.230500 0.971594
0.230600 0.971594
0.230700 0.971531
0.230800 0.971531
0.230900 0.971469
0.231000 0.971469
0.231100 0.971469
0.231200 0.971406
0.231300 0.971406
0.231400 0.971406
0.231500 0.971344
0.231600 0.971344
0.231700 0.971281
0.231800 0.971281
0.231900 0.971281
0.232000 0.971219
0.232100 0.971219
0.232200 0.971156
0.232300 0.971156
0.232400 0.971156
0.232500 0.971094
0.232600 0.971094
0.232700 0.971094
0.232800 0.971031
0.232900 0.971031
0.233000 0.970969
0.233100 0.970969
0.233200 0.970969
0.233300 0.970906
0.233400 0.970906
0.233500 0.970844
0.233600 0.970844
0.233700 0.970844
0.233800 0.970781
0.233900 0.970781
0.234000 0.970781
0.234100 0.970719
0.234200 0.970719
0.234300 0.970656
0.234400 0.970656
0.234500 0.970656
0.234600 0.970594
0.234700 0.970594
0.234800 0.970531
0.234900 0.970531
0.235000 0.970531
0.235100 0.970469
0.235200 0.970469
0.235300 0.970406
0.235400 0.970406
0.235500 0.970406
0.235600 0.970344
0.235700 0.970344
0.235800 0.970344
0.235900 0.970281
0.236000 0.970281
0.236100 0.970219
0.236200 0.970219
0.236300 0.970219
0.236400 0.970156
0.236500 0.970156
0.236600 0.970094
0.236700 0.970094
0.236800 0.970094
0.236900 0.970031
0.237000 0.970031
0.237100 0.969969
0.237200 0.969969
0.237300 0.969969
0.237400 0.969906
0.237500 0.969906
0.237600 0.969844
0.237700 0.969844
0.237800 0.969844
0.237900 0.969781
0.238000 0.969781
0.238100 0.969781
0.238200 0.969719
0.238300 0.969719
0.238400 0.969656
0.238500 0.969656
0.238600 0.969656
0.238700 0.969594
0.238800 0.969594
0.238900 0.969531
0.239000 0.969531
0.239100 0.969531
0.239200 0.969469
0.239300 0.969469
0.239400 0.969406
0.239500 0.969406
0.239600 0.969406
0.239700 0.969344
0.239800 0.969344
0.239900 0.969281
0.240000 0.969281
0.240100 0.969281
0.240200 0.969219
0.240300 0.969219
0.240400 0.969156
0.240500 0.969156
0.240600 0.969156
0.240700 0.969094
0.240800 0.969094
0.240900 0.969031
0.241000 0.969031
0.241100 0.969031
0.241200 0.968969
0.241300 0.968969
0.241400 0.968906
0.241500 0.968906
0.241600 0.968906
0.241700 0.968844
0.241800 0.968844
0.241900 0.968781
0.242000 0.968781
0.242100 0.968781
0.242200 0.968719
0.242300 0.968719
0.242400 0.968656
0.242500 0.968656
0.242600 0.968656
0.242700 0.968594
0.242800 0.968594
0.242900 0.968531
0.243000 0.968531
0.243100 0.968531
0.243200 0.968469
0.243300 0.968469
0.243400 0.968406
0.243500 0.968406
0.243600 0.968406
0.243700 0.968344
0.243800 0.968344
0.243900 0.968281
0.244000 0.968281
0.244100 0.968281
0.244200 0.968219
0.244300 0.968219
0.244400 0.968156
0.244500 0.968156
0.244600 0.968156
0.244700 0.968094
0.244800 0.968094
0.244900 0.968031
0.245000 0.968031
0.245100 0.968031
0.245200 0.967969
0.245300 0.967969
0.245400 0.967906
0.245500 0.967906
0.245600 0.967906
0.245700 0.967844
0.245800 0.967844
0.245900 0.967781
0.246000 0.967781
0.246100 0.967781
0.246200 0.967719
0.246300 0.967719
0.246400 0.967656
0.246500 0.967656
0.246600 0.967656
0.246700 0.967594
0.246800 0.967594
0.246900 0.967531
0.247000 0.967531
0.247100 0.967531
0.247200 0.967469
0.247300 0.967469
0.247400 0.967406
0.247500 0.967406
0.247600 0.967406
0.247700 0.967344
0.247800 0.967344
0.247900 0.967281
0.248000 0.967281
0.248100 0.967281
0.248200 0.967219
0.248300 0.967219
0.248400 0.967156
0.248500 0.967156
0.248600 0.967094
0.248700 0.967094
0.248800 0.967094
0.248900 0.967031
0.249000 0.967031
0.249100 0.966969
0.249200 0.966969
0.249300 0.966969
0.249400 0.966906
0.249500 0.966906
0.249600 0.966844
0.249700 0.966844
0.249800 0.966844
0.249900 0.966781
0.250000 0.966781
0.250100 0.966719
0.250200 0.966719
0.250300 0.966719
0.250400 0.966656
0.250500 0.966656
0.250600 0.966594
0.250700 0.966594
0.250800 0.966531
0.250900 0.966531
0.251000 0.966531
0.251100 0.966469
0.251200 0.966469
0.251300 0.966406
0.251400 0.966406
0.251500 0.966406
0.251600 0.966344
0.251700 0.966344
0.251800 0.966281
0.251900 0.966281
0.252000 0.966281
0.252100 0.966219
0.252200 0.966219
0.252300 0.966156
0.252400 0.966156
0.252500 0.966094
0.252600 0.966094
0.252700 0.966094
0.252800 0.966031
0.252900 0.966031
0.253000 0.965969
0.253100 0.965969
0.253200 0.965969
0.253300 0.965906
0.253400 0.965906
0.253500 0.965844
0.253600 0.965844
0.253700 0.965844
0.253800 0.965781
0.253900 0.965781
0.254000 0.965719
0.254100 0.965719
0.254200 0.965656
0.254300 0.965656
0.254400 0.965656
0.254500 0.965594
0.254600 0.965594
0.254700 0.965531
0.254800 0.965531
0.254900 0.965531
0.255000 0.965469
0.255100 0.965469
0.255200 0.965406
0.255300 0.965406
0.255400 0.965344
0.255500 0.965344
0.255600 0.965344
0.255700 0.965281
0.255800 0.965281
0.255900 0.965219
0.256000 0.965219
0.256100 0.965219
0.256200 0.965156
0.256300 0.965156
0.256400 0.965094
0.256500 0.965094
0.256600 0.965031
0.256700 0.965031
0.256800 0.965031
0.256900 0.964969
0.257000 0.964969
0.257100 0.964906
0.257200 0.964906
0.257300 0.964844
0.257400 0.964844
0.257500 0.964844
0.257600 0.964781
0.257700 0.964781
0.257800 0.964719
0.257900 0.964719
0.258000 0.964719
0.258100 0.964656
0.258200 0.964656
0.258300 0.964594
0.258400 0.964594
0.258500 0.964531
0.258600 0.964531
0.258700 0.964531
0.258800 0.964469
0.258900 0.964469
0.259000 0.964406
0.259100 0.964406
0.259200 0.964344
0.259300 0.964344
0.259400 0.964344
0.259500 0.964281
0.259600 0.964281
0.259700 0.964219
0.259800 0.964219
0.259900 0.964219
0.260000 0.964156
0.260100 0.964156
0.260200 0.964094
0.260300 0.964094
0.260400 0.964031
0.260500 0.964031
0.260600 0.964031
0.260700 0.963969
0.260800 0.963969
0.260900 0.963906
0.261000 0.963906
0.261100 0.963844
0.261200 0.963844
0.261300 0.963844
0.261400 0.963781
0.261500 0.963781
0.261600 0.963719
0.261700 0.963719
0.261800 0.963656
0.261900 0.963656
0.262000 0.963656
0.262100 0.963594
0.262200 0.963594
0.262300 0.963531
0.262400 0.963531
0.262500 0.963469
0.262600 0.963469
0.262700 0.963469
0.262800 0.963406
0.262900 0.963406
0.263000 0.963344
0.263100 0.963344
0.263200 0.963281
0.263300 0.963281
0.263400 0.963281
0.263500 0.963219
0.263600 0.963219
0.263700 0.963156
0.263800 0.963156
0.263900 0.963094
0.264000 0.963094
0.264100 0.963094
0.264200 0.963031
0.264300 0.963031
0.264400 0.962969
0.264500 0.962969
0.264600 0.962906
0.264700 0.962906
0.264800 0.962906
0.264900 0.962844
0.265000 0.962844
0.265100 0.962781
0.265200 0.962781
0.265300 0.962719
0.265400 0.962719
0.265500 0.962719
0.265600 0.962656
0.265700 0.962656
0.265800 0.962594
0.265900 0.962594
0.266000 0.962531
0.266100 0.962531
0.266200 0.962531
0.266300 0.962469
0.266400 0.962469
0.266500 0.962406
0.266600 0.962406
0.266700 0.962344
0.266800 0.962344
0.266900 0.962344
0.267000 0.962281
0.267100 0.962281
0.267200 0.962219
0.267300 0.962219
0.267400 0.962156
0.267500 0.962156
0.267600 0.962156
0.267700 0.962094
0.267800 0.962094
0.267900 0.962031
0.268000 0.962031
0.268100 0.961969
0.268200 0.961969
0.268300 0.961906
0.268400 0.961906
0.268500 0.961906
0.268600 0.961844
0.268700 0.961844
0.268800 0.961781
0.268900 0.961781
0.269000 0.961719
0.269100 0.961719
0.269200 0.961719
0.269300 0.961656
0.269400 0.961656
0.269500 0.961594
0.269600 0.961594
0.269700 0.961531
0.269800 0.961531
0.269900 0.961531
0.270000 0.961469
0.270100 0.961469
0.270200 0.961406
0.270300 0.961406
0.270400 0.961344
0.270500 0.961344
0.270600 0.961281
0.270700 0.961281
0.270800 0.961281
0.270900 0.961219
0.271000 0.961219
0.271100 0.961156
0.271200 0.961156
0.271300 0.961094
0.271400 0.961094
0.271500 0.961094
0.271600 0.961031
0.271700 0.961031
0.271800 0.960969
0.271900 0.960969
0.272000 0.960906
0.272100 0.960906
0.272200 0.960844
0.272300 0.960844
0.272400 0.960844
0.272500 0.960781
0.272600 0.960781
0.272700 0.960719
0.272800 0.960719
0.272900 0.960656
0.273000 0.960656
0.273100 0.960594
0.273200 0.960594
0.273300 0.960594
0.273400 0.960531
0.273500 0.960531
0.273600 0.960469
0.273700 0.960469
0.273800 0.960406
0.273900 0.960406
0.274000 0.960344
0.274100 0.960344
0.274200 0.960344
0.274300 0.960281
0.274400 0.960281
0.274500 0.960219
0.274600 0.960219
0.274700 0.960156
0.274800 0.960156
0.274900 0.960094
0.275000 0.960094
0.275100 0.960094
0.275200 0.960031
0.275300 0.960031
0.275400 0.959969
0.275500 0.959969
0.275600 0.959906
0.275700 0.959906
0.275800 0.959906
0.275900 0.959844
0.276000 0.959844
0.276100 0.959781
0.276200 0.959781
0.276300 0.959719
0.276400 0.959719
0.276500 0.959656
0.276600 0.959656
0.276700 0.959594
0.276800 0.959594
0.276900 0.959594
0.277000 0.959531
0.277100 0.959531
0.277200 0.959469
0.277300 0.959469
0.277400 0.959406
0.277500 0.959406
0.277600 0.959344
0.277700 0.959344
0.277800 0.959344
0.277900 0.959281
0.278000 0.959281
0.278100 0.959219
0.278200 0.959219
0.278300 0.959156
0.278400 0.959156
0.278500 0.959094
0.278600 0.959094
0.278700 0.959094
0.278800 0.959031
0.278900 0.959031
0.279000 0.958969
0.279100 0.958969
0.279200 0.958906
0.279300 0.958906
0.279400 0.958844
0.279500 0.958844
0.279600 0.958844
0.279700 0.958781
0.279800 0.958781
0.279900 0.958719
0.280000 0.958719
0.280100 0.958656
0.280200 0.958656
0.280300 0.958594
0.280400 0.958594
0.280500 0.958531
0.280600 0.958531
0.280700 0.958531
0.280800 0.958469
0.280900 0.958469
0.281000 0.958406
0.281100 0.958406
0.281200 0.958344
0.281300 0.958344
0.281400 0.958281
0.281500 0.958281
0.281600 0.958219
0.281700 0.958219
0.281800 0.958219
0.281900 0.958156
0.282000 0.958156
0.282100 0.958094
0.282200 0.958094
0.282300 0.958031
0.282400 0.958031
0.282500 0.957969
0.282600 0.957969
0.282700 0.957969
0.282800 0.957906
0.282900 0.957906
0.283000 0.957844
0.283100 0.957844
0.283200 0.957781
0.283300 0.957781
0.283400 0.957719
0.283500 0.957719
0.283600 0.957656
0.283700 0.957656
0.283800 0.957656
0.283900 0.957594
0.284000 0.957594
0.284100 0.957531
0.284200 0.957531
0.284300 0.957469
0.284400 0.957469
0.284500 0.957406
0.284600 0.957406
0.284700 0.957344
0.284800 0.957344
0.284900 0.957344
0.285000 0.957281
0.285100 0.957281
0.285200 0.957219
0.285300 0.957219
0.285400 0.957156
0.285500 0.957156
0.285600 0.957094
0.285700 0.957094
0.285800 0.957031
0.285900 0.957031
0.286000 0.956969
0.286100 0.956969
0.286200 0.956969
0.286300 0.956906
0.286400 0.956906
0.286500 0.956844
0.286600 0.956844
0.286700 0.956781
0.286800 0.956781
0.286900 0.956719
0.287000 0.956719
0.287100 0.956656
0.287200 0.956656
0.287300 0.956656
0.287400 0.956594
0.287500 0.956594
0.287600 0.956531
0.287700 0.956531
0.287800 0.956469
0.287900 0.956469
0.288000 0.956406
0.288100 0.956406
0.288200 0.956344
0.288300 0.956344
0.288400 0.956281
0.288500 0.956281
0.288600 0.956281
0.288700 0.956219
0.288800 0.956219
0.288900 0.956156
0.289000 0.956156
0.289100 0.956094
0.289200 0.956094
0.289300 0.956031
0.289400 0.956031
0.289500 0.955969
0.289600 0.955969
0.289700 0.955906
0.289800 0.955906
0.289900 0.955906
0.290000 0.955844
0.290100 0.955844
0.290200 0.955781
0.290300 0.955781
0.290400 0.955719
0.290500 0.955719
0.290600 0.955656
0.290700 0.955656
0.290800 0.955594
0.290900 0.955594
0.291000 0.955531
0.291100 0.955531
0.291200 0.955469
0.291300 0.955469
0.291400 0.955469
0.291500 0.955406
0.291600 0.955406
0.291700 0.955344
0.291800 0.955344
0.291900 0.955281
0.292000 0.955281
0.292100 0.955219
0.292200 0.955219
0.292300 0.955156
0.292400 0.955156
0.292500 0.955094
0.292600 0.955094
0.292700 0.955094
0.292800 0.955031
0.292900 0.955031
0.293000 0.954969
0.293100 0.954969
0.293200 0.954906
0.293300 0.954906
0.293400 0.954844
0.293500 0.954844
0.293600 0.954781
0.293700 0.954781
0.293800 0.954719
0.293900 0.954719
0.294000 0.954656
0.294100 0.954656
0.294200 0.954656
0.294300 0.954594
0.294400 0.954594
0.294500 0.954531
0.294600 0.954531
0.294700 0.954469
0.294800 0.954469
0.294900 0.954406
0.295000 0.954406
0.295100 0.954344
0.295200 0.954344
0.295300 0.954281
0.295400 0.954281
0.295500 0.954219
0.295600 0.954219
0.295700 0.954156
0.295800 0.954156
0.295900 0.954156
0.296000 0.954094
0.296100 0.954094
0.296200 0.954031
0.296300 0.954031
0.296400 0.953969
0.296500 0.953969
0.296600 0.953906
0.296700 0.953906
0.296800 0.953844
0.296900 0.953844
0.297000 0.953781
0.297100 0.953781
0.297200 0.953719
0.297300 0.953719
0.297400 0.953656
0.297500 0.953656
0.297600 0.953656
0.297700 0.953594
0.297800 0.953594
0.297900 0.953531
0.298000 0.953531
0.298100 0.953469
0.298200 0.953469
0.298300 0.953406
0.298400 0.953406
0.298500 0.953344
0.298600 0.953344
0.298700 0.953281
0.298800 0.953281
0.298900 0.953219
0.299000 0.953219
0.299100 0.953156
0.299200 0.953156
0.299300 0.953094
0.299400 0.953094
0.299500 0.953094
0.299600 0.953031
0.299700 0.953031
0.299800 0.952969
0.299900 0.952969
0.300000 0.952906
0.300100 0.952906
0.300200 0.952844
0.300300 0.952844
0.300400 0.952781
0.300500 0.952781
0.300600 0.952719
0.300700 0.952719
0.300800 0.952656
0.300900 0.952656
0.301000 0.952594
0.301100 0.952594
0.301200 0.952531
0.301300 0.952531
0.301400 0.952469
0.301500 0.952469
0.301600 0.952469
0.301700 0.952406
0.301800 0.952406
0.301900 0.952344
0.302000 0.952344
0.302100 0.952281
0.302200 0.952281
0.302300 0.952219
0.302400 0.952219
0.302500 0.952156
0.302600 0.952156
0.302700 0.952094
0.302800 0.952094
0.302900 0.952031
0.303000 0.952031
0.303100 0.951969
0.303200 0.951969
0.303300 0.951906
0.303400 0.951906
0.303500 0.951844
0.303600 0.951844
0.303700 0.951781
0.303800 0.951781
0.303900 0.951781
0.304000 0.951719
0.304100 0.951719
0.304200 0.951656
0.304300 0.951656
0.304400 0.951594
0.304500 0.951594
0.304600 0.951531
0.304700 0.951531
0.304800 0.951469
0.304900 0.951469
0.305000 0.951406
0.305100 0.951406
0.305200 0.951344
0.305300 0.951344
0.305400 0.951281
0.305500 0.951281
0.305600 0.951219
0.305700 0.951219
0.305800 0.951156
0.305900 0.951156
0.306000 0.951094
0.306100 0.951094
0.306200 0.951031
0.306300 0.951031
0.306400 0.950969
0.306500 0.950969
0.306600 0.950906
0.306700 0.950906
0.306800 0.950906
0.306900 0.950844
0.307000 0.950844
0.307100 0.950781
0.307200 0.950781
0.307300 0.950719
0.307400 0.950719
0.307500 0.950656
0.307600 0.950656
0.307700 0.950594
0.307800 0.950594
0.307900 0.950531
0.308000 0.950531
0.308100 0.950469
0.308200 0.950469
0.308300 0.950406
0.308400 0.950406
0.308500 0.950344
0.308600 0.950344
0.308700 0.950281
0.308800 0.950281
0.308900 0.950219
0.309000 0.950219
0.309100 0.950156
0.309200 0.950156
0.309300 0.950094
0.309400 0.950094
0.309500 0.950031
0.309600 0.950031
0.309700 0.949969
0.309800 0.949969
0.309900 0.949906
0.310000 0.949906
0.310100 0.949906
0.310200 0.949844
0.310300 0.949844
0.310400 0.949781
0.310500 0.949781
0.310600 0.949719
0.310700 0.949719
0.310800 0.949656
0.310900 0.949656
0.311000 0.949594
0.311100 0.949594
0.311200 0.949531
0.311300 0.949531
0.311400 0.949469
0.311500 0.949469
0.311600 0.949406
0.311700 0.949406
0.311800 0.949344
0.311900 0.949344
0.312000 0.949281
0.312100 0.949281
0.312200 0.949219
0.312300 0.949219
0.312400 0.949156
0.312500 0.949156
0.312600 0.949094
0.312700 0.949094
0.312800 0.949031
0.312900 0.949031
0.313000 0.948969
0.313100 0.948969
0.313200 0.948906
0.313300 0.948906
0.313400 0.948844
0.313500 0.948844
0.313600 0.948781
0.313700 0.948781
0.313800 0.948719
0.313900 0.948719
0.314000 0.948656
0.314100 0.948656
0.314200 0.948594
0.314300 0.948594
0.314400 0.948531
0.314500 0.948531
0.314600 0.948469
0.314700 0.948469
0.314800 0.948406
0.314900 0.948406
0.315000 0.948344
0.315100 0.948344
0.315200 0.948281
0.315300 0.948281
0.315400 0.948219
0.315500 0.948219
0.315600 0.948219
0.315700 0.948156
0.315800 0.948156
0.315900 0.948094
0.316000 0.948094
0.316100 0.948031
0.316200 0.948031
0.316300 0.947969
0.316400 0.947969
0.316500 0.947906
0.316600 0.947906
0.316700 0.947844
0.316800 0.947844
0.316900 0.947781
0.317000 0.947781
0.317100 0.947719
0.317200 0.947719
0.317300 0.947656
0.317400 0.947656
0.317500 0.947594
0.317600 0.947594
0.317700 0.947531
0.317800 0.947531
0.317900 0.947469
0.318000 0.947469
0.318100 0.947406
0.318200 0.947406
0.318300 0.947344
0.318400 0.947344
0.318500 0.947281
0.318600 0.947281
0.318700 0.947219
0.318800 0.947219
0.318900 0.947156
0.319000 0.947156
0.319100 0.947094
0.319200 0.947094
0.319300 0.947031
0.319400 0.947031
0.319500 0.946969
0.319600 0.946969
0.319700 0.946906
0.319800 0.946906
0.319900 0.946844
0.320000 0.946844
0.320100 0.946781
0.320200 0.946781
0.320300 0.946719
0.320400 0.946719
0.320500 0.946656
0.320600 0.946656
0.320700 0.946594
0.320800 0.946594
0.320900 0.946531
0.321000 0.946531
0.321100 0.946469
0.321200 0.946469
0.321300 0.946406
0.321400 0.946406
0.321500 0.946344
0.321600 0.946344
0.321700 0.946281
0.321800 0.946281
0.321900 0.946219
0.322000 0.946219
0.322100 0.946156
0.322200 0.946156
0.322300 0.946094
0.322400 0.946094
0.322500 0.946031
0.322600 0.946031
0.322700 0.945969
0.322800 0.945969
0.322900 0.945906
0.323000 0.945906
0.323100 0.945844
0.323200 0.945844
0.323300 0.945781
0.323400 0.945781
0.323500 0.945719
0.323600 0.945719
0.323700 0.945656
0.323800 0.945656
0.323900 0.945594
0.324000 0.945594
0.324100 0.945531
0.324200 0.945531
0.324300 0.945469
0.324400 0.945469
0.324500 0.945406
0.324600 0.945406
0.324700 0.945344
0.324800 0.945344
0.324900 0.945281
0.325000 0.945281
0.325100 0.945219
0.325200 0.945219
0.325300 0.945156
0.325400 0.945156
0.325500 0.945094
0.325600 0.945094
0.325700 0.945031
0.325800 0.944969
0.325900 0.944969
0.326000 0.944906
0.326100 0.944906
0.326200 0.944844
0.326300 0.944844
0.326400 0.944781
0.326500 0.944781
0.326600 0.944719
0.326700 0.944719
0.326800 0.944656
0.326900 0.944656
0.327000 0.944594
0.327100 0.944594
0.327200 0.944531
0.327300 0.944531
0.327400 0.944469
0.327500 0.944469
0.327600 0.944406
0.327700 0.944406
0.327800 0.944344
0.327900 0.944344
0.328000 0.944281
0.328100 0.944281
0.328200 0.944219
0.328300 0.944219
0.328400 0.944156
0.328500 0.944156
0.328600 0.944094
0.328700 0.944094
0.328800 0.944031
0.328900 0.944031
0.329000 0.943969
0.329100 0.943969
0.329200 0.943906
0.329300 0.943906
0.329400 0.943844
0.329500 0.943844
0.329600 0.943781
0.329700 0.943781
0.329800 0.943719
0.329900 0.943719
0.330000 0.943656
0.330100 0.943656
0.330200 0.943594
0.330300 0.943594
0.330400 0.943531
0.330500 0.943531
0.330600 0.943469
0.330700 0.943469
0.330800 0.943406
0.330900 0.943406
0.331000 0.943344
0.331100 0.943344
0.331200 0.943281
0.331300 0.943219
0.331400 0.943219
0.331500 0.943156
0.331600 0.943156
0.331700 0.943094
0.331800 0.943094
0.331900 0.943031
0.332000 0.943031
0.332100 0.942969
0.332200 0.942969
0.332300 0.942906
0.332400 0.942906
0.332500 0.942844
0.332600 0.942844
0.332700 0.942781
0.332800 0.942781
0.332900 0.942719
0.333000 0.942719
0.333100 0.942656
0.333200 0.942656
0.333300 0.942594
0.333400 0.942594
0.333500 0.942531
0.333600 0.942531
0.333700 0.942469
0.333800 0.942469
0.333900 0.942406
0.334000 0.942406
0.334100 0.942344
0.334200 0.942344
0.334300 0.942281
0.334400 0.942281
0.334500 0.942219
0.334600 0.942219
0.334700 0.942156
0.334800 0.942094
0.334900 0.942094
0.335000 0.942031
0.335100 0.942031
0.335200 0.941969
0.335300 0.941969
0.335400 0.941906
0.335500 0.941906
0.335600 0.941844
0.335700 0.941844
0.335800 0.941781
0.335900 0.941781
0.336000 0.941719
0.336100 0.941719
0.336200 0.941656
0.336300 0.941656
0.336400 0.941594
0.336500 0.941594
0.336600 0.941531
0.336700 0.941531
0.336800 0.941469
0.336900 0.941469
0.337000 0.941406
0.337100 0.941406
0.337200 0.941344
0.337300 0.941344
0.337400 0.941281
0.337500 0.941281
0.337600 0.941219
0.337700 0.941156
0.337800 0.941156
0.337900 0.941094
0.338000 0.941094
0.338100 0.941031
0.338200 0.941031
0.338300 0.940969
0.338400 0.940969
0.338500 0.940906
0.338600 0.940906
0.338700 0.940844
0.338800 0.940844
0.338900 0.940781
0.339000 0.940781
0.339100 0.940719
0.339200 0.940719
0.339300 0.940656
0.339400 0.940656
0.339500 0.940594
0.339600 0.940594
0.339700 0.940531
0.339800 0.940531
0.339900 0.940469
0.340000 0.940469
0.340100 0.940406
0.340200 0.940344
0.340300 0.940344
0.340400 0.940281
0.340500 0.940281
0.340600 0.940219
0.340700 0.940219
0.340800 0.940156
0.340900 0.940156
0.341000 0.940094
0.341100 0.940094
0.341200 0.940031
0.341300 0.940031
0.341400 0.939969
0.341500 0.939969
0.341600 0.939906
0.341700 0.939906
0.341800 0.939844
0.341900 0.939844
0.342000 0.939781
0.342100 0.939781
0.342200 0.939719
0.342300 0.939656
0.342400 0.939656
0.342500 0.939594
0.342600 0.939594
0.342700 0.939531
0.342800 0.939531
0.342900 0.939469
0.343000 0.939469
0.343100 0.939406
0.343200 0.939406
0.343300 0.939344
0.343400 0.939344
0.343500 0.939281
0.343600 0.939281
0.343700 0.939219
0.343800 0.939219
0.343900 0.939156
0.344000 0.939156
0.344100 0.939094
0.344200 0.939094
0.344300 0.939031
0.344400 0.938969
0.344500 0.938969
0.344600 0.938906
0.344700 0.938906
0.344800 0.938844
0.344900 0.938844
0.345000 0.938781
0.345100 0.938781
0.345200 0.938719
0.345300 0.938719
0.345400 0.938656
0.345500 0.938656
0.345600 0.938594
0.345700 0.938594
0.345800 0.938531
0.345900 0.938531
0.346000 0.938469
0.346100 0.938406
0.346200 0.938406
0.346300 0.938344
0.346400 0.938344
0.346500 0.938281
0.346600 0.938281
0.346700 0.938219
0.346800 0.938219
0.346900 0.938156
0.347000 0.938156
0.347100 0.938094
0.347200 0.938094
0.347300 0.938031
0.347400 0.938031
0.347500 0.937969
0.347600 0.937969
0.347700 0.937906
0.347800 0.937844
0.347900 0.937844
0.348000 0.937781
0.348100 0.937781
0.348200 0.937719
0.348300 0.937719
0.348400 0.937656
0.348500 0.937656
0.348600 0.937594
0.348700 0.937594
0.348800 0.937531
0.348900 0.937531
0.349000 0.937469
0.349100 0.937469
0.349200 0.937406
0.349300 0.937406
0.349400 0.937344
0.349500 0.937281
0.349600 0.937281
0.349700 0.937219
0.349800 0.937219
0.349900 0.937156
0.350000 0.937156
0.350100 0.937094
0.350200 0.937094
0.350300 0.937031
0.350400 0.937031
0.350500 0.936969
0.350600 0.936969
0.350700 0.936906
0.350800 0.936906
0.350900 0.936844
0.351000 0.936781
0.351100 0.936781
0.351200 0.936719
0.351300 0.936719
0.351400 0.936656
0.351500 0.936656
0.351600 0.936594
0.351700 0.936594
0.351800 0.936531
0.351900 0.936531
0.352000 0.936469
0.352100 0.936469
0.352200 0.936406
0.352300 0.936406
0.352400 0.936344
0.352500 0.936281
0.352600 0.936281
0.352700 0.936219
0.352800 0.936219
0.352900 0.936156
0.353000 0.936156
0.353100 0.936094
0.353200 0.936094
0.353300 0.936031
0.353400 0.936031
0.353500 0.935969
0.353600 0.935969
0.353700 0.935906
0.353800 0.935906
0.353900 0.935844
0.354000 0.935781
0.354100 0.935781
0.354200 0.935719
0.354300 0.935719
0.354400 0.935656
0.354500 0.935656
0.354600 0.935594
0.354700 0.935594
0.354800 0.935531
0.354900 0.935531
0.355000 0.935469
0.355100 0.935469
0.355200 0.935406
0.355300 0.935344
0.355400 0.935344
0.355500 0.935281
0.355600 0.935281
0.355700 0.935219
0.355800 0.935219
0.355900 0.935156
0.356000 0.935156
0.356100 0.935094
0.356200 0.935094
0.356300 0.935031
0.356400 0.935031
0.356500 0.934969
0.356600 0.934906
0.356700 0.934906
0.356800 0.934844
0.356900 0.934844
0.357000 0.934781
0.357100 0.934781
0.357200 0.934719
0.357300 0.934719
0.357400 0.934656
0.357500 0.934656
0.357600 0.934594
0.357700 0.934594
0.357800 0.934531
0.357900 0.934469
0.358000 0.934469
0.358100 0.934406
0.358200 0.934406
0.358300 0.934344
0.358400 0.934344
0.358500 0.934281
0.358600 0.934281
0.358700 0.934219
0.358800 0.934219
0.358900 0.934156
0.359000 0.934094
0.359100 0.934094
0.359200 0.934031
0.359300 0.934031
0.359400 0.933969
0.359500 0.933969
0.359600 0.933906
0.359700 0.933906
0.359800 0.933844
0.359900 0.933844
0.360000 0.933781
0.360100 0.933781
0.360200 0.933719
0.360300 0.933656
0.360400 0.933656
0.360500 0.933594
0.360600 0.933594
0.360700 0.933531
0.360800 0.933531
0.360900 0.933469
0.361000 0.933469
0.361100 0.933406
0.361200 0.933406
0.361300 0.933344
0.361400 0.933281
0.361500 0.933281
0.361600 0.933219
0.361700 0.933219
0.361800 0.933156
0.361900 0.933156
0.362000 0.933094
0.362100 0.933094
0.362200 0.933031
0.362300 0.933031
0.362400 0.932969
0.362500 0.932906
0.362600 0.932906
0.362700 0.932844
0.362800 0.932844
0.362900 0.932781
0.363000 0.932781
0.363100 0.932719
0.363200 0.932719
0.363300 0.932656
0.363400 0.932656
0.363500 0.932594
0.363600 0.932531
0.363700 0.932531
0.363800 0.932469
0.363900 0.932469
0.364000 0.932406
0.364100 0.932406
0.364200 0.932344
0.364300 0.932344
0.364400 0.932281
0.364500 0.932281
0.364600 0.932219
0.364700 0.932156
0.364800 0.932156
0.364900 0.932094
0.365000 0.932094
0.365100 0.932031
0.365200 0.932031
0.365300 0.931969
0.365400 0.931969
0.365500 0.931906
0.365600 0.931906
0.365700 0.931844
0.365800 0.931781
0.365900 0.931781
0.366000 0.931719
0.366100 0.931719
0.366200 0.931656
0.366300 0.931656
0.366400 0.931594
0.366500 0.931594
0.366600 0.931531
0.366700 0.931469
0.366800 0.931469
0.366900 0.931406
0.367000 0.931406
0.367100 0.931344
0.367200 0.931344
0.367300 0.931281
0.367400 0.931281
0.367500 0.931219
0.367600 0.931219
0.367700 0.931156
0.367800 0.931094
0.367900 0.931094
0.368000 0.931031
0.368100 0.931031
0.368200 0.930969
0.368300 0.930969
0.368400 0.930906
0.368500 0.930906
0.368600 0.930844
0.368700 0.930781
0.368800 0.930781
0.368900 0.930719
0.369000 0.930719
0.369100 0.930656
0.369200 0.930656
0.369300 0.930594
0.369400 0.930594
0.369500 0.930531
0.369600 0.930531
0.369700 0.930469
0.369800 0.930406
0.369900 0.930406
0.370000 0.930344
0.370100 0.930344
0.370200 0.930281
0.370300 0.930281
0.370400 0.930219
0.370500 0.930219
0.370600 0.930156
0.370700 0.930094
0.370800 0.930094
0.370900 0.930031
0.371000 0.930031
0.371100 0.929969
0.371200 0.929969
0.371300 0.929906
0.371400 0.929906
0.371500 0.929844
0.371600 0.929781
0.371700 0.929781
0.371800 0.929719
0.371900 0.929719
0.372000 0.929656
0.372100 0.929656
0.372200 0.929594
0.372300 0.929594
0.372400 0.929531
0.372500 0.929469
0.372600 0.929469
0.372700 0.929406
0.372800 0.929406
0.372900 0.929344
0.373000 0.929344
0.373100 0.929281
0.373200 0.929281
0.373300 0.929219
0.373400 0.929156
0.373500 0.929156
0.373600 0.929094
0.373700 0.929094
0.373800 0.929031
0.373900 0.929031
0.374000 0.928969
0.374100 0.928969
0.374200 0.928906
0.374300 0.928844
0.374400 0.928844
0.374500 0.928781
0.374600 0.928781
0.374700 0.928719
0.374800 0.928719
0.374900 0.928656
0.375000 0.928656
0.375100 0.928594
0.375200 0.928531
0.375300 0.928531
0.375400 0.928469
0.375500 0.928469
0.375600 0.928406
0.375700 0.928406
0.375800 0.928344
0.375900 0.928344
0.376000 0.928281
0.376100 0.928219
0.376200 0.928219
0.376300 0.928156
0.376400 0.928156
0.376500 0.928094
0.376600 0.928094
0.376700 0.928031
0.376800 0.928031
0.376900 0.927969
0.377000 0.927906
0.377100 0.927906
0.377200 0.927844
0.377300 0.927844
0.377400 0.927781
0.377500 0.927781
0.377600 0.927719
0.377700 0.927719
0.377800 0.927656
0.377900 0.927594
0.378000 0.927594
0.378100 0.927531
0.378200 0.927531
0.378300 0.927469
0.378400 0.927469
0.378500 0.927406
0.378600 0.927344
0.378700 0.927344
0.378800 0.927281
0.378900 0.927281
0.379000 0.927219
0.379100 0.927219
0.379200 0.927156
0.379300 0.927156
0.379400 0.927094
0.379500 0.927031
0.379600 0.927031
0.379700 0.926969
0.379800 0.926969
0.379900 0.926906
0.380000 0.926906
0.380100 0.926844
0.380200 0.926781
0.380300 0.926781
0.380400 0.926719
0.380500 0.926719
0.380600 0.926656
0.380700 0.926656
0.380800 0.926594
0.380900 0.926594
0.381000 0.926531
0.381100 0.926469
0.381200 0.926469
0.381300 0.926406
0.381400 0.926406
0.381500 0.926344
0.381600 0.926344
0.381700 0.926281
0.381800 0.926219
0.381900 0.926219
0.382000 0.926156
0.382100 0.926156
0.382200 0.926094
0.382300 0.926094
0.382400 0.926031
0.382500 0.926031
0.382600 0.925969
0.382700 0.925906
0.382800 0.925906
0.382900 0.925844
0.383000 0.925844
0.383100 0.925781
0.383200 0.925781
0.383300 0.925719
0.383400 0.925656
0.383500 0.925656
0.383600 0.925594
0.383700 0.925594
0.383800 0.925531
0.383900 0.925531
0.384000 0.925469
0.384100 0.925469
0.384200 0.925406
0.384300 0.925344
0.384400 0.925344
0.384500 0.925281
0.384600 0.925281
0.384700 0.925219
0.384800 0.925219
0.384900 0.925156
0.385000 0.925094
0.385100 0.925094
0.385200 0.925031
0.385300 0.925031
0.385400 0.924969
0.385500 0.924969
0.385600 0.924906
0.385700 0.924844
0.385800 0.924844
0.385900 0.924781
0.386000 0.924781
0.386100 0.924719
0.386200 0.924719
0.386300 0.924656
0.386400 0.924594
0.386500 0.924594
0.386600 0.924531
0.386700 0.924531
0.386800 0.924469
0.386900 0.924469
0.387000 0.924406
0.387100 0.924406
0.387200 0.924344
0.387300 0.924281
0.387400 0.924281
0.387500 0.924219
0.387600 0.924219
0.387700 0.924156
0.387800 0.924156
0.387900 0.924094
0.388000 0.924031
0.388100 0.924031
0.388200 0.923969
0.388300 0.923969
0.388400 0.923906
0.388500 0.923906
0.388600 0.923844
0.388700 0.923781
0.388800 0.923781
0.388900 0.923719
0.389000 0.923719
0.389100 0.923656
0.389200 0.923656
0.389300 0.923594
0.389400 0.923531
0.389500 0.923531
0.389600 0.923469
0.389700 0.923469
0.389800 0.923406
0.389900 0.923406
0.390000 0.923344
0.390100 0.923281
0.390200 0.923281
0.390300 0.923219
0.390400 0.923219
0.390500 0.923156
0.390600 0.923156
0.390700 0.923094
0.390800 0.923031
0.390900 0.923031
0.391000 0.922969
0.391100 0.922969
0.391200 0.922906
0.391300 0.922906
0.391400 0.922844
0.391500 0.922781
0.391600 0.922781
0.391700 0.922719
0.391800 0.922719
0.391900 0.922656
0.392000 0.922656
0.392100 0.922594
0.392200 0.922531
0.392300 0.922531
0.392400 0.922469
0.392500 0.922469
0.392600 0.922406
0.392700 0.922406
0.392800 0.922344
0.392900 0.922281
0.393000 0.922281
0.393100 0.922219
0.393200 0.922219
0.393300 0.922156
0.393400 0.922156
0.393500 0.922094
0.393600 0.922031
0.393700 0.922031
0.393800 0.921969
0.393900 0.921969
0.394000 0.921906
0.394100 0.921906
0.394200 0.921844
0.394300 0.921781
0.394400 0.921781
0.394500 0.921719
0.394600 0.921719
0.394700 0.921656
0.394800 0.921656
0.394900 0.921594
0.395000 0.921531
0.395100 0.921531
0.395200 0.921469
0.395300 0.921469
0.395400 0.921406
0.395500 0.921344
0.395600 0.921344
0.395700 0.921281
0.395800 0.921281
0.395900 0.921219
0.396000 0.921219
0.396100 0.921156
0.396200 0.921094
0.396300 0.921094
0.396400 0.921031
0.396500 0.921031
0.396600 0.920969
0.396700 0.920969
0.396800 0.920906
0.396900 0.920844
0.397000 0.920844
0.397100 0.920781
0.397200 0.920781
0.397300 0.920719
0.397400 0.920719
0.397500 0.920656
0.397600 0.920594
0.397700 0.920594
0.397800 0.920531
0.397900 0.920531
0.398000 0.920469
0.398100 0.920469
0.398200 0.920406
0.398300 0.920344
0.398400 0.920344
0.398500 0.920281
0.398600 0.920281
0.398700 0.920219
0.398800 0.920156
0.398900 0.920156
0.399000 0.920094
0.399100 0.920094
0.399200 0.920031
0.399300 0.920031
0.399400 0.919969
0.399500 0.919906
0.399600 0.919906
0.399700 0.919844
0.399800 0.919844
0.399900 0.919781
0.400000 0.919781
0.400100 0.919719
0.400200 0.919656
0.400300 0.919656
0.400400 0.919594
0.400500 0.919594
0.400600 0.919531
0.400700 0.919469
0.400800 0.919469
0.400900 0.919406
0.401000 0.919406
0.401100 0.919344
0.401200 0.919344
0.401300 0.919281
0.401400 0.919219
0.401500 0.919219
0.401600 0.919156
0.401700 0.919156
0.401800 0.919094
0.401900 0.919094
0.402000 0.919031
0.402100 0.918969
0.402200 0.918969
0.402300 0.918906
0.402400 0.918906
0.402500 0.918844
0.402600 0.918781
0.402700 0.918781
0.402800 0.918719
0.402900 0.918719
0.403000 0.918656
0.403100 0.918656
0.403200 0.918594
0.403300 0.918531
0.403400 0.918531
0.403500 0.918469
0.403600 0.918469
0.403700 0.918406
0.403800 0.918344
0.403900 0.918344
0.404000 0.918281
0.404100 0.918281
0.404200 0.918219
0.404300 0.918219
0.404400 0.918156
0.404500 0.918094
0.404600 0.918094
0.404700 0.918031
0.404800 0.918031
0.404900 0.917969
0.405000 0.917906
0.405100 0.917906
0.405200 0.917844
0.405300 0.917844
0.405400 0.917781
0.405500 0.917781
0.405600 0.917719
0.405700 0.917656
0.405800 0.917656
0.405900 0.917594
0.406000 0.917594
0.406100 0.917531
0.406200 0.917469
0.406300 0.917469
0.406400 0.917406
0.406500 0.917406
0.406600 0.917344
0.406700 0.917344
0.406800 0.917281
0.406900 0.917219
0.407000 0.917219
0.407100 0.917156
0.407200 0.917156
0.407300 0.917094
0.407400 0.917031
0.407500 0.917031
0.407600 0.916969
0.407700 0.916969
0.407800 0.916906
0.407900 0.916906
0.408000 0.916844
0.408100 0.916781
0.408200 0.916781
0.408300 0.916719
0.408400 0.916719
0.408500 0.916656
0.408600 0.916594
0.408700 0.916594
0.408800 0.916531
0.408900 0.916531
0.409000 0.916469
0.409100 0.916469
0.409200 0.916406
0.409300 0.916344
0.409400 0.916344
0.409500 0.916281
0.409600 0.916281
0.409700 0.916219
0.409800 0.916156
0.409900 0.916156
0.410000 0.916094
0.410100 0.916094
0.410200 0.916031
0.410300 0.915969
0.410400 0.915969
0.410500 0.915906
0.410600 0.915906
0.410700 0.915844
0.410800 0.915844
0.410900 0.915781
0.411000 0.915719
0.411100 0.915719
0.411200 0.915656
0.411300 0.915656
0.411400 0.915594
0.411500 0.915531
0.411600 0.915531
0.411700 0.915469
0.411800 0.915469
0.411900 0.915406
0.412000 0.915344
0.412100 0.915344
0.412200 0.915281
0.412300 0.915281
0.412400 0.915219
0.412500 0.915219
0.412600 0.915156
0.412700 0.915094
0.412800 0.915094
0.412900 0.915031
0.413000 0.915031
0.413100 0.914969
0.413200 0.914906
0.413300 0.914906
0.413400 0.914844
0.413500 0.914844
0.413600 0.914781
0.413700 0.914719
0.413800 0.914719
0.413900 0.914656
0.414000 0.914656
0.414100 0.914594
0.414200 0.914594
0.414300 0.914531
0.414400 0.914469
0.414500 0.914469
0.414600 0.914406
0.414700 0.914406
0.414800 0.914344
0.414900 0.914281
0.415000 0.914281
0.415100 0.914219
0.415200 0.914219
0.415300 0.914156
0.415400 0.914094
0.415500 0.914094
0.415600 0.914031
0.415700 0.914031
0.415800 0.913969
0.415900 0.913906
0.416000 0.913906
0.416100 0.913844
0.416200 0.913844
0.416300 0.913781
0.416400 0.913781
0.416500 0.913719
0.416600 0.913656
0.416700 0.913656
0.416800 0.913594
0.416900 0.913594
0.417000 0.913531
0.417100 0.913469
0.417200 0.913469
0.417300 0.913406
0.417400 0.913406
0.417500 0.913344
0.417600 0.913281
0.417700 0.913281
0.417800 0.913219
0.417900 0.913219
0.418000 0.913156
0.418100 0.913094
0.418200 0.913094
0.418300 0.913031
0.418400 0.913031
0.418500 0.912969
0.418600 0.912906
0.418700 0.912906
0.418800 0.912844
0.418900 0.912844
0.419000 0.912781
0.419100 0.912781
0.419200 0.912719
0.419300 0.912656
0.419400 0.912656
0.419500 0.912594
0.419600 0.912594
0.419700 0.912531
0.419800 0.912469
0.419900 0.912469
0.420000 0.912406
0.420100 0.912406
0.420200 0.912344
0.420300 0.912281
0.420400 0.912281
0.420500 0.912219
0.420600 0.912219
0.420700 0.912156
0.420800 0.912094
0.420900 0.912094
0.421000 0.912031
0.421100 0.912031
0.421200 0.911969
0.421300 0.911906
0.421400 0.911906
0.421500 0.911844
0.421600 0.911844
0.421700 0.911781
0.421800 0.911719
0.421900 0.911719
0.422000 0.911656
0.422100 0.911656
0.422200 0.911594
0.422300 0.911531
0.422400 0.911531
0.422500 0.911469
0.422600 0.911469
0.422700 0.911406
0.422800 0.911406
0.422900 0.911344
0.423000 0.911281
0.423100 0.911281
0.423200 0.911219
0.423300 0.911219
0.423400 0.911156
0.423500 0.911094
0.423600 0.911094
0.423700 0.911031
0.423800 0.911031
0.423900 0.910969
0.424000 0.910906
0.424100 0.910906
0.424200 0.910844
0.424300 0.910844
0.424400 0.910781
0.424500 0.910719
0.424600 0.910719
0.424700 0.910656
0.424800 0.910656
0.424900 0.910594
0.425000 0.910531
0.425100 0.910531
0.425200 0.910469
0.425300 0.910469
0.425400 0.910406
0.425500 0.910344
0.425600 0.910344
0.425700 0.910281
0.425800 0.910281
0.425900 0.910219
0.426000 0.910156
0.426100 0.910156
0.426200 0.910094
0.426300 0.910094
0.426400 0.910031
0.426500 0.909969
0.426600 0.909969
0.426700 0.909906
0.426800 0.909906
0.426900 0.909844
0.427000 0.909781
0.427100 0.909781
0.427200 0.909719
0.427300 0.909719
0.427400 0.909656
0.427500 0.909594
0.427600 0.909594
0.427700 0.909531
0.427800 0.909531
0.427900 0.909469
0.428000 0.909406
0.428100 0.909406
0.428200 0.909344
0.428300 0.909344
0.428400 0.909281
0.428500 0.909219
0.428600 0.909219
0.428700 0.909156
0.428800 0.909156
0.428900 0.909094
0.429000 0.909031
0.429100 0.909031
0.429200 0.908969
0.429300 0.908969
0.429400 0.908906
0.429500 0.908844
0.429600 0.908844
0.429700 0.908781
0.429800 0.908781
0.429900 0.908719
0.430000 0.908656
0.430100 0.908656
0.430200 0.908594
0.430300 0.908594
0.430400 0.908531
0.430500 0.908469
0.430600 0.908469
0.430700 0.908406
0.430800 0.908406
0.430900 0.908344
0.431000 0.908281
0.431100 0.908281
0.431200 0.908219
0.431300 0.908219
0.431400 0.908156
0.431500 0.908094
0.431600 0.908094
0.431700 0.908031
0.431800 0.908031
0.431900 0.907969
0.432000 0.907906
0.432100 0.907906
0.432200 0.907844
0.432300 0.907844
0.432400 0.907781
0.432500 0.907719
0.432600 0.907719
0.432700 0.907656
0.432800 0.907656
0.432900 0.907594
0.433000 0.907531
0.433100 0.907531
0.433200 0.907469
0.433300 0.907469
0.433400 0.907406
0.433500 0.907344
0.433600 0.907344
0.433700 0.907281
0.433800 0.907281
0.433900 0.907219
0.434000 0.907156
0.434100 0.907156
0.434200 0.907094
0.434300 0.907094
0.434400 0.907031
0.434500 0.906969
0.434600 0.906969
0.434700 0.906906
0.434800 0.906844
0.434900 0.906844
0.435000 0.906781
0.435100 0.906781
0.435200 0.906719
0.435300 0.906656
0.435400 0.906656
0.435500 0.906594
0.435600 0.906594
0.435700 0.906531
0.435800 0.906469
0.435900 0.906469
0.436000 0.906406
0.436100 0.906406
0.436200 0.906344
0.436300 0.906281
0.436400 0.906281
0.436500 0.906219
0.436600 0.906219
0.436700 0.906156
0.436800 0.906094
0.436900 0.906094
0.437000 0.906031
0.437100 0.906031
0.437200 0.905969
0.437300 0.905906
0.437400 0.905906
0.437500 0.905844
0.437600 0.905844
0.437700 0.905781
0.437800 0.905719
0.437900 0.905719
0.438000 0.905656
0.438100 0.905656
0.438200 0.905594
0.438300 0.905531
0.438400 0.905531
0.438500 0.905469
0.438600 0.905406
0.438700 0.905406
0.438800 0.905344
0.438900 0.905344
0.439000 0.905281
0.439100 0.905219
0.439200 0.905219
0.439300 0.905156
0.439400 0.905156
0.439500 0.905094
0.439600 0.905031
0.439700 0.905031
0.439800 0.904969
0.439900 0.904969
0.440000 0.904906
0.440100 0.904844
0.440200 0.904844
0.440300 0.904781
0.440400 0.904781
0.440500 0.904719
0.440600 0.904656
0.440700 0.904656
0.440800 0.904594
0.440900 0.904594
0.441000 0.904531
0.441100 0.904469
0.441200 0.904469
0.441300 0.904406
0.441400 0.904344
0.441500 0.904344
0.441600 0.904281
0.441700 0.904281
0.441800 0.904219
0.441900 0.904156
0.442000 0.904156
0.442100 0.904094
0.442200 0.904094
0.442300 0.904031
0.442400 0.903969
0.442500 0.903969
0.442600 0.903906
0.442700 0.903906
0.442800 0.903844
0.442900 0.903781
0.443000 0.903781
0.443100 0.903719
0.443200 0.903719
0.443300 0.903656
0.443400 0.903594
0.443500 0.903594
0.443600 0.903531
0.443700 0.903469
0.443800 0.903469
0.443900 0.903406
0.444000 0.903406
0.444100 0.903344
0.444200 0.903281
0.444300 0.903281
0.444400 0.903219
0.444500 0.903219
0.444600 0.903156
0.444700 0.903094
0.444800 0.903094
0.444900 0.903031
0.445000 0.903031
0.445100 0.902969
0.445200 0.902906
0.445300 0.902906
0.445400 0.902844
0.445500 0.902781
0.445600 0.902781
0.445700 0.902719
0.445800 0.902719
0.445900 0.902656
0.446000 0.902594
0.446100 0.902594
0.446200 0.902531
0.446300 0.902531
0.446400 0.902469
0.446500 0.902406
0.446600 0.902406
0.446700 0.902344
0.446800 0.902344
0.446900 0.902281
0.447000 0.902219
0.447100 0.902219
0.447200 0.902156
0.447300 0.902094
0.447400 0.902094
0.447500 0.902031
0.447600 0.902031
0.447700 0.901969
0.447800 0.901906
0.447900 0.901906
0.448000 0.901844
0.448100 0.901844
0.448200 0.901781
0.448300 0.901719
0.448400 0.901719
0.448500 0.901656
0.448600 0.901656
0.448700 0.901594
0.448800 0.901531
0.448900 0.901531
0.449000 0.901469
0.449100 0.901406
0.449200 0.901406
0.449300 0.901344
0.449400 0.901344
0.449500 0.901281
0.449600 0.901219
0.449700 0.901219
0.449800 0.901156
0.449900 0.901156
0.450000 0.901094
0.450100 0.901031
0.450200 0.901031
0.450300 0.900969
0.450400 0.900906
0.450500 0.900906
0.450600 0.900844
0.450700 0.900844
0.450800 0.900781
0.450900 0.900719
0.451000 0.900719
0.451100 0.900656
0.451200 0.900656
0.451300 0.900594
0.451400 0.900531
0.451500 0.900531
0.451600 0.900469
0.451700 0.900469
0.451800 0.900406
0.451900 0.900344
0.452000 0.900344
0.452100 0.900281
0.452200 0.900219
0.452300 0.900219
0.452400 0.900156
0.452500 0.900156
0.452600 0.900094
0.452700 0.900031
0.452800 0.900031
0.452900 0.899969
0.453000 0.899969
0.453100 0.899906
0.453200 0.899844
0.453300 0.899844
0.453400 0.899781
0.453500 0.899719
0.453600 0.899719
0.453700 0.899656
0.453800 0.899656
0.453900 0.899594
0.454000 0.899531
0.454100 0.899531
0.454200 0.899469
0.454300 0.899469
0.454400 0.899406
0.454500 0.899344
0.454600 0.899344
0.454700 0.899281
0.454800 0.899219
0.454900 0.899219
0.455000 0.899156
0.455100 0.899156
0.455200 0.899094
0.455300 0.899031
0.455400 0.899031
0.455500 0.898969
0.455600 0.898969
0.455700 0.898906
0.455800 0.898844
0.455900 0.898844
0.456000 0.898781
0.456100 0.898719
0.456200 0.898719
0.456300 0.898656
0.456400 0.898656
0.456500 0.898594
0.456600 0.898531
0.456700 0.898531
0.456800 0.898469
0.456900 0.898469
0.457000 0.898406
0.457100 0.898344
0.457200 0.898344
0.457300 0.898281
0.457400 0.898219
0.457500 0.898219
0.457600 0.898156
0.457700 0.898156
0.457800 0.898094
0.457900 0.898031
0.458000 0.898031
0.458100 0.897969
0.458200 0.897906
0.458300 0.897906
0.458400 0.897844
0.458500 0.897844
0.458600 0.897781
0.458700 0.897719
0.458800 0.897719
0.458900 0.897656
0.459000 0.897656
0.459100 0.897594
0.459200 0.897531
0.459300 0.897531
0.459400 0.897469
0.459500 0.897406
0.459600 0.897406
0.459700 0.897344
0.459800 0.897344
0.459900 0.897281
0.460000 0.897219
0.460100 0.897219
0.460200 0.897156
0.460300 0.897156
0.460400 0.897094
0.460500 0.897031
0.460600 0.897031
0.460700 0.896969
0.460800 0.896906
0.460900 0.896906
0.461000 0.896844
0.461100 0.896844
0.461200 0.896781
0.461300 0.896719
0.461400 0.896719
0.461500 0.896656
0.461600 0.896594
0.461700 0.896594
0.461800 0.896531
0.461900 0.896531
0.462000 0.896469
0.462100 0.896406
0.462200 0.896406
0.462300 0.896344
0.462400 0.896344
0.462500 0.896281
0.462600 0.896219
0.462700 0.896219
0.462800 0.896156
0.462900 0.896094
0.463000 0.896094
0.463100 0.896031
0.463200 0.896031
0.463300 0.895969
0.463400 0.895906
0.463500 0.895906
0.463600 0.895844
0.463700 0.895781
0.463800 0.895781
0.463900 0.895719
0.464000 0.895719
0.464100 0.895656
0.464200 0.895594
0.464300 0.895594
0.464400 0.895531
0.464500 0.895469
0.464600 0.895469
0.464700 0.895406
0.464800 0.895406
0.464900 0.895344
0.465000 0.895281
0.465100 0.895281
0.465200 0.895219
0.465300 0.895219
0.465400 0.895156
0.465500 0.895094
0.465600 0.895094
0.465700 0.895031
0.465800 0.894969
0.465900 0.894969
0.466000 0.894906
0.466100 0.894906
0.466200 0.894844
0.466300 0.894781
0.466400 0.894781
0.466500 0.894719
0.466600 0.894656
0.466700 0.894656
0.466800 0.894594
0.466900 0.894594
0.467000 0.894531
0.467100 0.894469
0.467200 0.894469
0.467300 0.894406
0.467400 0.894344
0.467500 0.894344
0.467600 0.894281
0.467700 0.894281
0.467800 0.894219
0.467900 0.894156
0.468000 0.894156
0.468100 0.894094
0.468200 0.894031
0.468300 0.894031
0.468400 0.893969
0.468500 0.893969
0.468600 0.893906
0.468700 0.893844
0.468800 0.893844
0.468900 0.893781
0.469000 0.893781
0.469100 0.893719
0.469200 0.893656
0.469300 0.893656
0.469400 0.893594
0.469500 0.893531
0.469600 0.893531
0.469700 0.893469
0.469800 0.893469
0.469900 0.893406
0.470000 0.893344
0.470100 0.893344
0.470200 0.893281
0.470300 0.893219
0.470400 0.893219
0.470500 0.893156
0.470600 0.893156
0.470700 0.893094
0.470800 0.893031
0.470900 0.893031
0.471000 0.892969
0.471100 0.892906
0.471200 0.892906
0.471300 0.892844
0.471400 0.892844
0.471500 0.892781
0.471600 0.892719
0.471700 0.892719
0.471800 0.892656
0.471900 0.892594
0.472000 0.892594
0.472100 0.892531
0.472200 0.892531
0.472300 0.892469
0.472400 0.892406
0.472500 0.892406
0.472600 0.892344
0.472700 0.892281
0.472800 0.892281
0.472900 0.892219
0.473000 0.892219
0.473100 0.892156
0.473200 0.892094
0.473300 0.892094
0.473400 0.892031
0.473500 0.891969
0.473600 0.891969
0.473700 0.891906
0.473800 0.891906
0.473900 0.891844
0.474000 0.891781
0.474100 0.891781
0.474200 0.891719
0.474300 0.891656
0.474400 0.891656
0.474500 0.891594
0.474600 0.891594
0.474700 0.891531
0.474800 0.891469
0.474900 0.891469
0.475000 0.891406
0.475100 0.891344
0.475200 0.891344
0.475300 0.891281
0.475400 0.891281
0.475500 0.891219
0.475600 0.891156
0.475700 0.891156
0.475800 0.891094
0.475900 0.891031
0.476000 0.891031
0.476100 0.890969
0.476200 0.890969
0.476300 0.890906
0.476400 0.890844
0.476500 0.890844
0.476600 0.890781
0.476700 0.890719
0.476800 0.890719
0.476900 0.890656
0.477000 0.890656
0.477100 0.890594
0.477200 0.890531
0.477300 0.890531
0.477400 0.890469
0.477500 0.890406
0.477600 0.890406
0.477700 0.890344
0.477800 0.890344
0.477900 0.890281
0.478000 0.890219
0.478100 0.890219
0.478200 0.890156
0.478300 0.890094
0.478400 0.890094
0.478500 0.890031
0.478600 0.890031
0.478700 0.889969
0.478800 0.889906
0.478900 0.889906
0.479000 0.889844
0.479100 0.889781
0.479200 0.889781
0.479300 0.889719
0.479400 0.889719
0.479500 0.889656
0.479600 0.889594
0.479700 0.889594
0.479800 0.889531
0.479900 0.889469
0.480000 0.889469
0.480100 0.889406
0.480200 0.889406
0.480300 0.889344
0.480400 0.889281
0.480500 0.889281
0.480600 0.889219
0.480700 0.889156
0.480800 0.889156
0.480900 0.889094
0.481000 0.889094
0.481100 0.889031
0.481200 0.888969
0.481300 0.888969
0.481400 0.888906
0.481500 0.888844
0.481600 0.888844
0.481700 0.888781
0.481800 0.888781
0.481900 0.888719
0.482000 0.888656
0.482100 0.888656
0.482200 0.888594
0.482300 0.888531
0.482400 0.888531
0.482500 0.888469
0.482600 0.888406
0.482700 0.888406
0.482800 0.888344
0.482900 0.888344
0.483000 0.888281
0.483100 0.888219
0.483200 0.888219
0.483300 0.888156
0.483400 0.888094
0.483500 0.888094
0.483600 0.888031
0.483700 0.888031
0.483800 0.887969
0.483900 0.887906
0.484000 0.887906
0.484100 0.887844
0.484200 0.887781
0.484300 0.887781
0.484400 0.887719
0.484500 0.887719
0.484600 0.887656
0.484700 0.887594
