2.240700 0.001602
2.240800 0.002539
2.240900 0.003164
2.241000 0.003711
2.241100 0.004180
2.241200 0.004648
2.241300 0.005039
2.241400 0.005430
2.241500 0.005742
2.241600 0.006055
2.241700 0.006367
2.241800 0.006680
2.241900 0.006914
2.242000 0.007227
2.242100 0.007461
2.242200 0.007695
2.242300 0.007930
2.242400 0.008164
2.242500 0.008398
2.242600 0.008633
2.242700 0.008789
2.242800 0.009023
2.242900 0.009258
2.243000 0.009414
2.243100 0.009648
2.243200 0.009805
2.243300 0.009961
2.243400 0.010195
2.243500 0.010352
2.243600 0.010508
2.243700 0.010664
2.243800 0.010898
2.243900 0.011055
2.244000 0.011211
2.244100 0.011367
2.244200 0.011523
2.244300 0.011680
2.244400 0.011836
2.244500 0.011992
2.244600 0.012148
2.244700 0.012305
2.244800 0.012383
2.244900 0.012539
2.245000 0.012695
2.245100 0.012852
2.245200 0.013008
2.245300 0.013086
2.245400 0.013242
2.245500 0.013398
2.245600 0.013477
2.245700 0.013633
2.245800 0.013789
2.245900 0.013867
2.246000 0.014023
2.246100 0.014180
2.246200 0.014258
2.246300 0.014414
2.246400 0.014492
2.246500 0.014648
2.246600 0.014727
2.246700 0.014883
2.246800 0.014961
2.246900 0.015117
2.247000 0.015195
2.247100 0.015352
2.247200 0.015430
2.247300 0.015508
2.247400 0.015664
2.247500 0.015742
2.247600 0.015898
2.247700 0.015977
2.247800 0.016055
2.247900 0.016211
2.248000 0.016289
2.248100 0.016367
2.248200 0.016523
2.248300 0.016602
2.248400 0.016680
2.248500 0.016758
2.248600 0.016914
2.248700 0.016992
2.248800 0.017070
2.248900 0.017148
2.249000 0.017305
2.249100 0.017383
2.249200 0.017461
2.249300 0.017539
2.249400 0.017617
2.249500 0.017773
2.249600 0.017852
2.249700 0.017930
2.249800 0.018008
2.249900 0.018086
2.250000 0.018164
2.250100 0.018320
2.250200 0.018398
2.250300 0.018477
2.250400 0.018555
2.250500 0.018633
2.250600 0.018711
2.250700 0.018789
2.250800 0.018867
2.250900 0.018945
2.251000 0.019102
2.251100 0.019180
2.251200 0.019258
2.251300 0.019336
2.251400 0.019414
2.251500 0.019492
2.251600 0.019570
2.251700 0.019648
2.251800 0.019727
2.251900 0.019805
2.252000 0.019883
2.252100 0.019961
2.252200 0.020039
2.252300 0.020117
2.252400 0.020195
2.252500 0.020273
2.252600 0.020352
2.252700 0.020430
2.252800 0.020508
2.252900 0.020586
2.253000 0.020664
2.253100 0.020742
2.253200 0.020820
2.253300 0.020820
2.253400 0.020898
2.253500 0.020977
2.253600 0.021055
2.253700 0.021133
2.253800 0.021211
2.253900 0.021289
2.254000 0.021367
2.254100 0.021445
2.254200 0.021523
2.254300 0.021602
2.254400 0.021602
2.254500 0.021680
2.254600 0.021758
2.254700 0.021836
2.254800 0.021914
2.254900 0.021992
2.255000 0.022070
2.255100 0.022070
2.255200 0.022148
2.255300 0.022227
2.255400 0.022305
2.255500 0.022383
2.255600 0.022461
2.255700 0.022461
2.255800 0.022539
2.255900 0.022617
2.256000 0.022695
2.256100 0.022773
2.256200 0.022852
2.256300 0.022852
2.256400 0.022930
2.256500 0.023008
2.256600 0.023086
2.256700 0.023086
2.256800 0.023164
2.256900 0.023242
2.257000 0.023320
2.257100 0.023398
2.257200 0.023398
2.257300 0.023477
2.257400 0.023555
2.257500 0.023633
2.257600 0.023633
2.257700 0.023711
2.257800 0.023789
2.257900 0.023867
2.258000 0.023867
2.258100 0.023945
2.258200 0.024023
2.258300 0.024102
2.258400 0.024102
2.258500 0.024180
2.258600 0.024258
2.258700 0.024258
2.258800 0.024336
2.258900 0.024414
2.259000 0.024414
2.259100 0.024492
2.259200 0.024570
2.259300 0.024648
2.259400 0.024648
2.259500 0.024727
2.259600 0.024805
2.259700 0.024805
2.259800 0.024883
2.259900 0.024961
2.260000 0.024961
2.260100 0.025039
2.260200 0.025117
2.260300 0.025117
2.260400 0.025195
2.260500 0.025273
2.260600 0.025273
2.260700 0.025352
2.260800 0.025430
2.260900 0.025430
2.261000 0.025508
2.261100 0.025586
2.261200 0.025586
2.261300 0.025664
2.261400 0.025664
2.261500 0.025742
2.261600 0.025820
2.261700 0.025820
2.261800 0.025898
2.261900 0.025977
2.262000 0.025977
2.262100 0.026055
2.262200 0.026055
2.262300 0.026133
2.262400 0.026211
2.262500 0.026211
2.262600 0.026289
2.262700 0.026289
2.262800 0.026367
2.262900 0.026445
2.263000 0.026445
2.263100 0.026523
2.263200 0.026523
2.263300 0.026602
2.263400 0.026680
2.263500 0.026680
2.263600 0.026758
2.263700 0.026758
2.263800 0.026836
2.263900 0.026836
2.264000 0.026914
2.264100 0.026914
2.264200 0.026992
2.264300 0.027070
2.264400 0.027070
2.264500 0.027148
2.264600 0.027148
2.264700 0.027227
2.264800 0.027227
2.264900 0.027305
2.265000 0.027305
2.265100 0.027383
2.265200 0.027461
2.265300 0.027461
2.265400 0.027539
2.265500 0.027539
2.265600 0.027617
2.265700 0.027617
2.265800 0.027695
2.265900 0.027695
2.266000 0.027773
2.266100 0.027773
2.266200 0.027852
2.266300 0.027852
2.266400 0.027930
2.266500 0.027930
2.266600 0.028008
2.266700 0.028008
2.266800 0.028086
2.266900 0.028086
2.267000 0.028164
2.267100 0.028164
2.267200 0.028242
2.267300 0.028242
2.267400 0.028320
2.267500 0.028320
2.267600 0.028398
2.267700 0.028398
2.267800 0.028477
2.267900 0.028477
2.268000 0.028555
2.268100 0.028555
2.268200 0.028633
2.268300 0.028633
2.268400 0.028711
2.268500 0.028711
2.268600 0.028711
2.268700 0.028789
2.268800 0.028789
2.268900 0.028867
2.269000 0.028867
2.269100 0.028945
2.269200 0.028945
2.269300 0.029023
2.269400 0.029023
2.269500 0.029102
2.269600 0.029102
2.269700 0.029102
2.269800 0.029180
2.269900 0.029180
2.270000 0.029258
2.270100 0.029258
2.270200 0.029336
2.270300 0.029336
2.270400 0.029336
2.270500 0.029414
2.270600 0.029414
2.270700 0.029492
2.270800 0.029492
2.270900 0.029570
2.271000 0.029570
2.271100 0.029570
2.271200 0.029648
2.271300 0.029648
2.271400 0.029727
2.271500 0.029727
2.271600 0.029727
2.271700 0.029805
2.271800 0.029805
2.271900 0.029883
2.272000 0.029883
2.272100 0.029883
2.272200 0.029961
2.272300 0.029961
2.272400 0.030039
2.272500 0.030039
2.272600 0.030039
2.272700 0.030117
2.272800 0.030117
2.272900 0.030195
2.273000 0.030195
2.273100 0.030195
2.273200 0.030273
2.273300 0.030273
2.273400 0.030273
2.273500 0.030352
2.273600 0.030352
2.273700 0.030430
2.273800 0.030430
2.273900 0.030430
2.274000 0.030508
2.274100 0.030508
2.274200 0.030508
2.274300 0.030586
2.274400 0.030586
2.274500 0.030664
2.274600 0.030664
2.274700 0.030664
2.274800 0.030742
2.274900 0.030742
2.275000 0.030742
2.275100 0.030820
2.275200 0.030820
2.275300 0.030820
2.275400 0.030898
2.275500 0.030898
2.275600 0.030898
2.275700 0.030977
2.275800 0.030977
2.275900 0.030977
2.276000 0.031055
2.276100 0.031055
2.276200 0.031055
2.276300 0.031133
2.276400 0.031133
2.276500 0.031133
2.276600 0.031211
2.276700 0.031211
2.276800 0.031211
2.276900 0.031289
2.277000 0.031289
2.277100 0.031289
2.277200 0.031367
2.277300 0.031367
2.277400 0.031367
2.277500 0.031367
2.277600 0.031445
2.277700 0.031445
2.277800 0.031445
2.277900 0.031523
2.278000 0.031523
2.278100 0.031523
2.278200 0.031602
2.278300 0.031602
2.278400 0.031602
2.278500 0.031680
2.278600 0.031680
2.278700 0.031680
2.278800 0.031680
2.278900 0.031758
2.279000 0.031758
2.279100 0.031758
2.279200 0.031836
2.279300 0.031836
2.279400 0.031836
2.279500 0.031836
2.279600 0.031914
2.279700 0.031914
2.279800 0.031914
2.279900 0.031914
2.280000 0.031992
2.280100 0.031992
2.280200 0.031992
2.280300 0.032070
2.280400 0.032070
2.280500 0.032070
2.280600 0.032070
2.280700 0.032148
2.280800 0.032148
2.280900 0.032148
2.281000 0.032148
2.281100 0.032227
2.281200 0.032227
2.281300 0.032227
2.281400 0.032227
2.281500 0.032305
2.281600 0.032305
2.281700 0.032305
2.281800 0.032305
2.281900 0.032383
2.282000 0.032383
2.282100 0.032383
2.282200 0.032383
2.282300 0.032461
2.282400 0.032461
2.282500 0.032461
2.282600 0.032461
2.282700 0.032539
2.282800 0.032539
2.282900 0.032539
2.283000 0.032539
2.283100 0.032617
2.283200 0.032617
2.283300 0.032617
2.283400 0.032617
2.283500 0.032617
2.283600 0.032695
2.283700 0.032695
2.283800 0.032695
2.283900 0.032695
2.284000 0.032773
2.284100 0.032773
2.284200 0.032773
2.284300 0.032773
2.284400 0.032773
2.284500 0.032852
2.284600 0.032852
2.284700 0.032852
2.284800 0.032852
2.284900 0.032852
2.285000 0.032930
2.285100 0.032930
2.285200 0.032930
2.285300 0.032930
2.285400 0.032930
2.285500 0.033008
2.285600 0.033008
2.285700 0.033008
2.285800 0.033008
2.285900 0.033008
2.286000 0.033086
2.286100 0.033086
2.286200 0.033086
2.286300 0.033086
2.286400 0.033086
2.286500 0.033164
2.286600 0.033164
2.286700 0.033164
2.286800 0.033164
2.286900 0.033164
2.287000 0.033164
2.287100 0.033242
2.287200 0.033242
2.287300 0.033242
2.287400 0.033242
2.287500 0.033242
2.287600 0.033242
2.287700 0.033320
2.287800 0.033320
2.287900 0.033320
2.288000 0.033320
2.288100 0.033320
2.288200 0.033320
2.288300 0.033398
2.288400 0.033398
2.288500 0.033398
2.288600 0.033398
2.288700 0.033398
2.288800 0.033398
2.288900 0.033477
2.289000 0.033477
2.289100 0.033477
2.289200 0.033477
2.289300 0.033477
2.289400 0.033477
2.289500 0.033477
2.289600 0.033555
2.289700 0.033555
2.289800 0.033555
2.289900 0.033555
2.290000 0.033555
2.290100 0.033555
2.290200 0.033555
2.290300 0.033633
2.290400 0.033633
2.290500 0.033633
2.290600 0.033633
2.290700 0.033633
2.290800 0.033633
2.290900 0.033633
2.291000 0.033633
2.291100 0.033711
2.291200 0.033711
2.291300 0.033711
2.291400 0.033711
2.291500 0.033711
2.291600 0.033711
2.291700 0.033711
2.291800 0.033711
2.291900 0.033789
2.292000 0.033789
2.292100 0.033789
2.292200 0.033789
2.292300 0.033789
2.292400 0.033789
2.292500 0.033789
2.292600 0.033789
2.292700 0.033789
2.292800 0.033867
2.292900 0.033867
2.293000 0.033867
2.293100 0.033867
2.293200 0.033867
2.293300 0.033867
2.293400 0.033867
2.293500 0.033867
2.293600 0.033867
2.293700 0.033867
2.293800 0.033945
2.293900 0.033945
2.294000 0.033945
2.294100 0.033945
2.294200 0.033945
2.294300 0.033945
2.294400 0.033945
2.294500 0.033945
2.294600 0.033945
2.294700 0.033945
2.294800 0.033945
2.294900 0.033945
2.295000 0.034023
2.295100 0.034023
2.295200 0.034023
2.295300 0.034023
2.295400 0.034023
2.295500 0.034023
2.295600 0.034023
2.295700 0.034023
2.295800 0.034023
2.295900 0.034023
2.296000 0.034023
2.296100 0.034023
2.296200 0.034023
2.296300 0.034023
2.296400 0.034102
2.296500 0.034102
2.296600 0.034102
2.296700 0.034102
2.296800 0.034102
2.296900 0.034102
2.297000 0.034102
2.297100 0.034102
2.297200 0.034102
2.297300 0.034102
2.297400 0.034102
2.297500 0.034102
2.297600 0.034102
2.297700 0.034102
2.297800 0.034102
2.297900 0.034102
2.298000 0.034102
2.298100 0.034102
2.298200 0.034102
2.298300 0.034102
2.298400 0.034180
2.298500 0.034180
2.298600 0.034180
2.298700 0.034180
2.298800 0.034180
2.298900 0.034180
2.299000 0.034180
2.299100 0.034180
2.299200 0.034180
2.299300 0.034180
2.299400 0.034180
2.299500 0.034180
2.299600 0.034180
2.299700 0.034180
2.299800 0.034180
2.299900 0.034180
2.300000 0.034180
2.300100 0.034180
2.300200 0.034180
2.300300 0.034180
2.300400 0.034180
2.300500 0.034180
2.300600 0.034180
2.300700 0.034180
2.300800 0.034180
2.300900 0.034180
2.301000 0.034180
2.301100 0.034180
2.301200 0.034180
2.301300 0.034180
2.301400 0.034180
2.301500 0.034180
2.301600 0.034180
2.301700 0.034180
2.301800 0.034180
2.301900 0.034180
2.302000 0.034180
2.302100 0.034180
2.302200 0.034180
2.302300 0.034180
2.302400 0.034180
2.302500 0.034180
2.302600 0.034180
2.302700 0.034180
2.302800 0.034180
2.302900 0.034180
2.303000 0.034180
2.303100 0.034180
2.303200 0.034180
2.303300 0.034180
2.303400 0.034180
2.303500 0.034180
2.303600 0.034180
2.303700 0.034180
2.303800 0.034180
2.303900 0.034180
2.304000 0.034180
2.304100 0.034180
2.304200 0.034180
2.304300 0.034180
2.304400 0.034180
2.304500 0.034180
2.304600 0.034180
2.304700 0.034180
2.304800 0.034102
2.304900 0.034102
2.305000 0.034102
2.305100 0.034102
2.305200 0.034102
2.305300 0.034102
2.305400 0.034102
2.305500 0.034102
2.305600 0.034102
2.305700 0.034102
2.305800 0.034102
2.305900 0.034102
2.306000 0.034102
2.306100 0.034102
2.306200 0.034102
2.306300 0.034102
2.306400 0.034102
2.306500 0.034102
2.306600 0.034102
2.306700 0.034102
2.306800 0.034023
2.306900 0.034023
2.307000 0.034023
2.307100 0.034023
2.307200 0.034023
2.307300 0.034023
2.307400 0.034023
2.307500 0.034023
2.307600 0.034023
2.307700 0.034023
2.307800 0.034023
2.307900 0.034023
2.308000 0.034023
2.308100 0.034023
2.308200 0.033945
2.308300 0.033945
2.308400 0.033945
2.308500 0.033945
2.308600 0.033945
2.308700 0.033945
2.308800 0.033945
2.308900 0.033945
2.309000 0.033945
2.309100 0.033945
2.309200 0.033945
2.309300 0.033945
2.309400 0.033867
2.309500 0.033867
2.309600 0.033867
2.309700 0.033867
2.309800 0.033867
2.309900 0.033867
2.310000 0.033867
2.310100 0.033867
2.310200 0.033867
2.310300 0.033867
2.310400 0.033789
2.310500 0.033789
2.310600 0.033789
2.310700 0.033789
2.310800 0.033789
2.310900 0.033789
2.311000 0.033789
2.311100 0.033789
2.311200 0.033789
2.311300 0.033711
2.311400 0.033711
2.311500 0.033711
2.311600 0.033711
2.311700 0.033711
2.311800 0.033711
2.311900 0.033711
2.312000 0.033711
2.312100 0.033633
2.312200 0.033633
2.312300 0.033633
2.312400 0.033633
2.312500 0.033633
2.312600 0.033633
2.312700 0.033633
2.312800 0.033633
2.312900 0.033555
2.313000 0.033555
2.313100 0.033555
2.313200 0.033555
2.313300 0.033555
2.313400 0.033555
2.313500 0.033555
2.313600 0.033477
2.313700 0.033477
2.313800 0.033477
2.313900 0.033477
2.314000 0.033477
2.314100 0.033477
2.314200 0.033477
2.314300 0.033398
2.314400 0.033398
2.314500 0.033398
2.314600 0.033398
2.314700 0.033398
2.314800 0.033398
2.314900 0.033320
2.315000 0.033320
2.315100 0.033320
2.315200 0.033320
2.315300 0.033320
2.315400 0.033320
2.315500 0.033242
2.315600 0.033242
2.315700 0.033242
2.315800 0.033242
2.315900 0.033242
2.316000 0.033242
2.316100 0.033164
2.316200 0.033164
2.316300 0.033164
2.316400 0.033164
2.316500 0.033164
2.316600 0.033086
2.316700 0.033086
2.316800 0.033086
2.316900 0.033086
2.317000 0.033086
2.317100 0.033086
2.317200 0.033008
2.317300 0.033008
2.317400 0.033008
2.317500 0.033008
2.317600 0.033008
2.317700 0.032930
2.317800 0.032930
2.317900 0.032930
2.318000 0.032930
2.318100 0.032930
2.318200 0.032852
2.318300 0.032852
2.318400 0.032852
2.318500 0.032852
2.318600 0.032852
2.318700 0.032773
2.318800 0.032773
2.318900 0.032773
2.319000 0.032773
2.319100 0.032695
2.319200 0.032695
2.319300 0.032695
2.319400 0.032695
2.319500 0.032695
2.319600 0.032617
2.319700 0.032617
2.319800 0.032617
2.319900 0.032617
2.320000 0.032539
2.320100 0.032539
2.320200 0.032539
2.320300 0.032539
2.320400 0.032461
2.320500 0.032461
2.320600 0.032461
2.320700 0.032461
2.320800 0.032461
2.320900 0.032383
2.321000 0.032383
2.321100 0.032383
2.321200 0.032383
2.321300 0.032305
2.321400 0.032305
2.321500 0.032305
2.321600 0.032305
2.321700 0.032227
2.321800 0.032227
2.321900 0.032227
2.322000 0.032227
2.322100 0.032148
2.322200 0.032148
2.322300 0.032148
2.322400 0.032148
2.322500 0.032070
2.322600 0.032070
2.322700 0.032070
2.322800 0.031992
2.322900 0.031992
2.323000 0.031992
2.323100 0.031992
2.323200 0.031914
2.323300 0.031914
2.323400 0.031914
2.323500 0.031914
2.323600 0.031836
2.323700 0.031836
2.323800 0.031836
2.323900 0.031758
2.324000 0.031758
2.324100 0.031758
2.324200 0.031758
2.324300 0.031680
2.324400 0.031680
2.324500 0.031680
2.324600 0.031602
2.324700 0.031602
2.324800 0.031602
2.324900 0.031523
2.325000 0.031523
2.325100 0.031523
2.325200 0.031523
2.325300 0.031445
2.325400 0.031445
2.325500 0.031445
2.325600 0.031367
2.325700 0.031367
2.325800 0.031367
2.325900 0.031289
2.326000 0.031289
2.326100 0.031289
2.326200 0.031211
2.326300 0.031211
2.326400 0.031211
2.326500 0.031133
2.326600 0.031133
2.326700 0.031133
2.326800 0.031055
2.326900 0.031055
2.327000 0.031055
2.327100 0.030977
2.327200 0.030977
2.327300 0.030977
2.327400 0.030898
2.327500 0.030898
2.327600 0.030898
2.327700 0.030820
2.327800 0.030820
2.327900 0.030820
2.328000 0.030742
2.328100 0.030742
2.328200 0.030742
2.328300 0.030664
2.328400 0.030664
2.328500 0.030664
2.328600 0.030586
2.328700 0.030586
2.328800 0.030586
2.328900 0.030508
2.329000 0.030508
2.329100 0.030430
2.329200 0.030430
2.329300 0.030430
2.329400 0.030352
2.329500 0.030352
2.329600 0.030352
2.329700 0.030273
2.329800 0.030273
2.329900 0.030195
2.330000 0.030195
2.330100 0.030195
2.330200 0.030117
2.330300 0.030117
2.330400 0.030117
2.330500 0.030039
2.330600 0.030039
2.330700 0.029961
2.330800 0.029961
2.330900 0.029961
2.331000 0.029883
2.331100 0.029883
2.331200 0.029805
2.331300 0.029805
2.331400 0.029805
2.331500 0.029727
2.331600 0.029727
2.331700 0.029648
2.331800 0.029648
2.331900 0.029570
2.332000 0.029570
2.332100 0.029570
2.332200 0.029492
2.332300 0.029492
2.332400 0.029414
2.332500 0.029414
2.332600 0.029414
2.332700 0.029336
2.332800 0.029336
2.332900 0.029258
2.333000 0.029258
2.333100 0.029180
2.333200 0.029180
2.333300 0.029102
2.333400 0.029102
2.333500 0.029102
2.333600 0.029023
2.333700 0.029023
2.333800 0.028945
2.333900 0.028945
2.334000 0.028867
2.334100 0.028867
2.334200 0.028789
2.334300 0.028789
2.334400 0.028711
2.334500 0.028711
2.334600 0.028711
2.334700 0.028633
2.334800 0.028633
2.334900 0.028555
2.335000 0.028555
2.335100 0.028477
2.335200 0.028477
2.335300 0.028398
2.335400 0.028398
2.335500 0.028320
2.335600 0.028320
2.335700 0.028242
2.335800 0.028242
2.335900 0.028164
2.336000 0.028164
2.336100 0.028086
2.336200 0.028086
2.336300 0.028008
2.336400 0.028008
2.336500 0.027930
2.336600 0.027930
2.336700 0.027852
2.336800 0.027852
2.336900 0.027773
2.337000 0.027773
2.337100 0.027695
2.337200 0.027695
2.337300 0.027617
2.337400 0.027617
2.337500 0.027539
2.337600 0.027539
2.337700 0.027461
2.337800 0.027383
2.337900 0.027383
2.338000 0.027305
2.338100 0.027305
2.338200 0.027227
2.338300 0.027227
2.338400 0.027148
2.338500 0.027148
2.338600 0.027070
2.338700 0.027070
2.338800 0.026992
2.338900 0.026914
2.339000 0.026914
2.339100 0.026836
2.339200 0.026836
2.339300 0.026758
2.339400 0.026758
2.339500 0.026680
2.339600 0.026602
2.339700 0.026602
2.339800 0.026523
2.339900 0.026523
2.340000 0.026445
2.340100 0.026367
2.340200 0.026367
2.340300 0.026289
2.340400 0.026289
2.340500 0.026211
2.340600 0.026133
2.340700 0.026133
2.340800 0.026055
2.340900 0.026055
2.341000 0.025977
2.341100 0.025898
2.341200 0.025898
2.341300 0.025820
2.341400 0.025820
2.341500 0.025742
2.341600 0.025664
2.341700 0.025664
2.341800 0.025586
2.341900 0.025508
2.342000 0.025508
2.342100 0.025430
2.342200 0.025352
2.342300 0.025352
2.342400 0.025273
2.342500 0.025195
2.342600 0.025195
2.342700 0.025117
2.342800 0.025039
2.342900 0.025039
2.343000 0.024961
2.343100 0.024883
2.343200 0.024883
2.343300 0.024805
2.343400 0.024727
2.343500 0.024727
2.343600 0.024648
2.343700 0.024570
2.343800 0.024570
2.343900 0.024492
2.344000 0.024414
2.344100 0.024414
2.344200 0.024336
2.344300 0.024258
2.344400 0.024180
2.344500 0.024180
2.344600 0.024102
2.344700 0.024023
2.344800 0.023945
2.344900 0.023945
2.345000 0.023867
2.345100 0.023789
2.345200 0.023789
2.345300 0.023711
2.345400 0.023633
2.345500 0.023555
2.345600 0.023477
2.345700 0.023477
2.345800 0.023398
2.345900 0.023320
2.346000 0.023242
2.346100 0.023242
2.346200 0.023164
2.346300 0.023086
2.346400 0.023008
2.346500 0.022930
2.346600 0.022930
2.346700 0.022852
2.346800 0.022773
2.346900 0.022695
2.347000 0.022617
2.347100 0.022617
2.347200 0.022539
2.347300 0.022461
2.347400 0.022383
2.347500 0.022305
2.347600 0.022227
2.347700 0.022227
2.347800 0.022148
2.347900 0.022070
2.348000 0.021992
2.348100 0.021914
2.348200 0.021836
2.348300 0.021758
2.348400 0.021758
2.348500 0.021680
2.348600 0.021602
2.348700 0.021523
2.348800 0.021445
2.348900 0.021367
2.349000 0.021289
2.349100 0.021211
2.349200 0.021133
2.349300 0.021055
2.349400 0.021055
2.349500 0.020977
2.349600 0.020898
2.349700 0.020820
2.349800 0.020742
2.349900 0.020664
2.350000 0.020586
2.350100 0.020508
2.350200 0.020430
2.350300 0.020352
2.350400 0.020273
2.350500 0.020195
2.350600 0.020117
2.350700 0.020039
2.350800 0.019961
2.350900 0.019883
2.351000 0.019805
2.351100 0.019727
2.351200 0.019648
2.351300 0.019570
2.351400 0.019492
2.351500 0.019414
2.351600 0.019336
2.351700 0.019258
2.351800 0.019180
2.351900 0.019102
2.352000 0.019023
2.352100 0.018867
2.352200 0.018789
2.352300 0.018711
2.352400 0.018633
2.352500 0.018555
2.352600 0.018477
2.352700 0.018398
2.352800 0.018320
2.352900 0.018242
2.353000 0.018086
2.353100 0.018008
2.353200 0.017930
2.353300 0.017852
2.353400 0.017773
2.353500 0.017695
2.353600 0.017539
2.353700 0.017461
2.353800 0.017383
2.353900 0.017305
2.354000 0.017148
2.354100 0.017070
2.354200 0.016992
2.354300 0.016914
2.354400 0.016758
2.354500 0.016680
2.354600 0.016602
2.354700 0.016445
2.354800 0.016367
2.354900 0.016289
2.355000 0.016133
2.355100 0.016055
2.355200 0.015977
2.355300 0.015820
2.355400 0.015742
2.355500 0.015664
2.355600 0.015508
2.355700 0.015430
2.355800 0.015273
2.355900 0.015195
2.356000 0.015039
2.356100 0.014961
2.356200 0.014805
2.356300 0.014727
2.356400 0.014570
2.356500 0.014492
2.356600 0.014336
2.356700 0.014258
2.356800 0.014102
2.356900 0.014023
2.357000 0.013867
2.357100 0.013711
2.357200 0.013633
2.357300 0.013477
2.357400 0.013320
2.357500 0.013242
2.357600 0.013086
2.357700 0.012930
2.357800 0.012773
2.357900 0.012617
2.358000 0.012539
2.358100 0.012383
2.358200 0.012227
2.358300 0.012070
2.358400 0.011914
2.358500 0.011758
2.358600 0.011602
2.358700 0.011445
2.358800 0.011289
2.358900 0.011133
2.359000 0.010977
2.359100 0.010820
2.359200 0.010664
2.359300 0.010430
2.359400 0.010273
2.359500 0.010117
2.359600 0.009883
2.359700 0.009727
2.359800 0.009570
2.359900 0.009336
2.360000 0.009102
2.360100 0.008945
2.360200 0.008711
2.360300 0.008477
2.360400 0.008242
2.360500 0.008008
2.360600 0.007773
2.360700 0.007539
2.360800 0.007305
2.360900 0.007070
2.361000 0.006758
2.361100 0.006523
2.361200 0.006211
2.361300 0.005898
2.361400 0.005508
2.361500 0.005195
2.361600 0.004805
2.361700 0.004414
2.361800 0.003945
2.361900 0.003398
2.362000 0.002773
2.362100 0.001992
2.362200 0.000039
