0.0161000000 0.0131098096
0.0211000000 0.0171798779
0.0231000000 0.0188076318
0.0251000000 0.0204351904
0.0261000000 0.0212489014
0.0281000000 0.0228761670
0.0291000000 0.0236897119
0.0301000000 0.0245031982
0.0311000000 0.0253166260
0.0321000000 0.0261299951
0.0331000000 0.0269433057
0.0341000000 0.0277565381
0.0351000000 0.0285697119
0.0361000000 0.0293828076
0.0371000000 0.0301958447
0.0381000000 0.0310087939
0.0391000000 0.0318216748
0.0401000000 0.0326344775
0.0411000000 0.0334472021
0.0421000000 0.0342598389
0.0431000000 0.0350723975
0.0441000000 0.0358848682
0.0451000000 0.0366972607
0.0461000000 0.0375095557
0.0471000000 0.0383217529
0.0481000000 0.0391338623
0.0491000000 0.0399458838
0.0501000000 0.0407577979
0.0511000000 0.0415696143
0.0521000000 0.0423813330
0.0531000000 0.0431929443
0.0541000000 0.0440044580
0.0551000000 0.0448158545
0.0561000000 0.0456271436
0.0571000000 0.0464383252
0.0581000000 0.0472493896
0.0591000000 0.0480603467
0.0601000000 0.0488711768
0.0611000000 0.0496818994
0.0621000000 0.0504924854
0.0631000000 0.0513029639
0.0641000000 0.0521133057
0.0651000000 0.0529235303
0.0661000000 0.0537336182
0.0671000000 0.0545435791
0.0681000000 0.0553534033
0.0691000000 0.0561631006
0.0701000000 0.0569726514
0.0711000000 0.0577820654
0.0721000000 0.0585913428
0.0731000000 0.0594004736
0.0741000000 0.0602094678
0.0751000000 0.0610183057
0.0761000000 0.0618269971
0.0771000000 0.0626355420
0.0781000000 0.0634439307
0.0791000000 0.0642521631
0.0801000000 0.0650602490
0.0811000000 0.0658681689
0.0821000000 0.0666759326
0.0831000000 0.0674835303
0.0841000000 0.0682909619
0.0851000000 0.0690982275
0.0861000000 0.0699053271
0.0871000000 0.0707122607
0.0881000000 0.0715190186
0.0891000000 0.0723256006
0.0901000000 0.0731320068
0.0911000000 0.0739382373
0.0921000000 0.0747442920
0.0931000000 0.0755501611
0.0941000000 0.0763558447
0.0951000000 0.0771613428
0.0961000000 0.0779666553
0.0971000000 0.0787717725
0.0981000000 0.0795767041
0.0991000000 0.0803814404
0.1001000000 0.0811859814
0.1011000000 0.0819903271
0.1021000000 0.0827944775
0.1031000000 0.0835984131
0.1041000000 0.0844021631
0.1051000000 0.0852056982
0.1061000000 0.0860090283
0.1071000000 0.0868121436
0.1081000000 0.0876150537
0.1091000000 0.0884177490
0.1101000000 0.0892202295
0.1111000000 0.0900224951
0.1121000000 0.0908245459
0.1131000000 0.0916263721
0.1141000000 0.0924279736
0.1151000000 0.0932293604
0.1161000000 0.0940305127
0.1171000000 0.0948314404
0.1181000000 0.0956321338
0.1191000000 0.0964325928
0.1201000000 0.0972328271
0.1211000000 0.0980328174
0.1221000000 0.0988325732
0.1231000000 0.0996320947
0.1241000000 0.1004313721
0.1251000000 0.1012304053
0.1261000000 0.1020291943
0.1271000000 0.1028277295
0.1281000000 0.1036260205
0.1291000000 0.1044240576
0.1301000000 0.1052218506
0.1311000000 0.1060193799
0.1321000000 0.1068166553
0.1331000000 0.1076136768
0.1341000000 0.1084104346
0.1351000000 0.1092069287
0.1361000000 0.1100031592
0.1371000000 0.1107991162
0.1381000000 0.1115948193
0.1391000000 0.1123902393
0.1401000000 0.1131853955
0.1411000000 0.1139802783
0.1421000000 0.1147748877
0.1431000000 0.1155692139
0.1441000000 0.1163632666
0.1451000000 0.1171570264
0.1461000000 0.1179505127
0.1471000000 0.1187437158
0.1481000000 0.1195366260
0.1491000000 0.1203292529
0.1501000000 0.1211215869
0.1511000000 0.1219136279
0.1521000000 0.1227053760
0.1531000000 0.1234968311
0.1541000000 0.1242879834
0.1551000000 0.1250788428
0.1561000000 0.1258693896
0.1571000000 0.1266596436
0.1581000000 0.1274495850
0.1591000000 0.1282392236
0.1601000000 0.1290285498
0.1611000000 0.1298175635
0.1621000000 0.1306062744
0.1631000000 0.1313946631
0.1641000000 0.1321827393
0.1651000000 0.1329704932
0.1661000000 0.1337579346
0.1671000000 0.1345450439
0.1681000000 0.1353318311
0.1691000000 0.1361182959
0.1701000000 0.1369044385
0.1711000000 0.1376902490
0.1721000000 0.1384757275
0.1731000000 0.1392608740
0.1741000000 0.1400456885
0.1751000000 0.1408301611
0.1761000000 0.1416142920
0.1771000000 0.1423980908
0.1781000000 0.1431815479
0.1791000000 0.1439646631
0.1801000000 0.1447474268
0.1811000000 0.1455298486
0.1821000000 0.1463119189
0.1831000000 0.1470936377
0.1841000000 0.1478750049
0.1851000000 0.1486560205
0.1861000000 0.1494366748
0.1871000000 0.1502169775
0.1881000000 0.1509969189
0.1891000000 0.1517764990
0.1901000000 0.1525557178
0.1911000000 0.1533345654
0.1921000000 0.1541130518
0.1931000000 0.1548911670
0.1941000000 0.1556689111
0.1951000000 0.1564462939
0.1961000000 0.1572232959
0.1971000000 0.1579999170
0.1981000000 0.1587761670
0.1991000000 0.1595520361
0.2001000000 0.1603275244
0.2011000000 0.1611026318
0.2021000000 0.1618773584
0.2031000000 0.1626516943
0.2041000000 0.1634256494
0.2051000000 0.1641992041
0.2061000000 0.1649723779
0.2071000000 0.1657451611
0.2081000000 0.1665175439
0.2091000000 0.1672895264
0.2101000000 0.1680611182
0.2111000000 0.1688323096
0.2121000000 0.1696031006
0.2131000000 0.1703734912
0.2141000000 0.1711434717
0.2151000000 0.1719130420
0.2161000000 0.1726822119
0.2171000000 0.1734509717
0.2181000000 0.1742193213
0.2191000000 0.1749872607
0.2201000000 0.1757547803
0.2211000000 0.1765218799
0.2221000000 0.1772885693
0.2231000000 0.1780548389
0.2241000000 0.1788206787
0.2251000000 0.1795861084
0.2261000000 0.1803511084
0.2271000000 0.1811156787
0.2281000000 0.1818798193
0.2291000000 0.1826435400
0.2301000000 0.1834068213
0.2311000000 0.1841696729
0.2321000000 0.1849320947
0.2331000000 0.1856940771
0.2341000000 0.1864556201
0.2351000000 0.1872167334
0.2361000000 0.1879773975
0.2371000000 0.1887376221
0.2381000000 0.1894973975
0.2391000000 0.1902567334
0.2401000000 0.1910156201
0.2411000000 0.1917740576
0.2421000000 0.1925320459
0.2431000000 0.1932895850
0.2441000000 0.1940466650
0.2451000000 0.1948032959
0.2461000000 0.1955594678
0.2471000000 0.1963151807
0.2481000000 0.1970704346
0.2491000000 0.1978252295
0.2501000000 0.1985795654
0.2511000000 0.1993334326
0.2521000000 0.2000868311
0.2531000000 0.2008397705
0.2541000000 0.2015922314
0.2551000000 0.2023442236
0.2561000000 0.2030957471
0.2571000000 0.2038468018
0.2581000000 0.2045973779
0.2591000000 0.2053474756
0.2601000000 0.2060970947
0.2611000000 0.2068462451
0.2621000000 0.2075949072
0.2631000000 0.2083430811
0.2641000000 0.2090907764
0.2651000000 0.2098379932
0.2661000000 0.2105847217
0.2671000000 0.2113309521
0.2681000000 0.2120767041
0.2691000000 0.2128219580
0.2701000000 0.2135667236
0.2711000000 0.2143109912
0.2721000000 0.2150547705
0.2731000000 0.2157980420
0.2741000000 0.2165408252
0.2751000000 0.2172831104
0.2761000000 0.2180248877
0.2771000000 0.2187661670
0.2781000000 0.2195069385
0.2791000000 0.2202472119
0.2801000000 0.2209869678
0.2811000000 0.2217262256
0.2821000000 0.2224649756
0.2831000000 0.2232032080
0.2841000000 0.2239409326
0.2851000000 0.2246781396
0.2861000000 0.2254148389
0.2871000000 0.2261510205
0.2881000000 0.2268866846
0.2891000000 0.2276218311
0.2901000000 0.2283564502
0.2911000000 0.2290905518
0.2921000000 0.2298241357
0.2931000000 0.2305571924
0.2941000000 0.2312897217
0.2951000000 0.2320217236
0.2961000000 0.2327532080
0.2971000000 0.2334841553
0.2981000000 0.2342145752
0.2991000000 0.2349444580
