0.0001000000 1.0000000049
0.0011000000 1.0000006006
0.0021000000 1.0000022021
0.0031000000 1.0000048096
0.0041000000 1.0000084033
0.0051000000 1.0000130029
0.0061000000 1.0000186084
0.0071000000 1.0000252100
0.0081000000 1.0000328076
0.0091000000 1.0000414014
0.0101000000 1.0000510107
0.0111000000 1.0000616064
0.0121000000 1.0000732080
0.0131000000 1.0000858057
0.0141000000 1.0000994092
0.0151000000 1.0001140186
0.0161000000 1.0001296143
0.0171000000 1.0001462158
0.0181000000 1.0001638232
0.0191000000 1.0001824268
0.0201000000 1.0002020361
0.0211000000 1.0002226416
0.0221000000 1.0002442432
0.0231000000 1.0002668506
0.0241000000 1.0002904639
0.0251000000 1.0003150732
0.0261000000 1.0003406787
0.0271000000 1.0003672998
0.0281000000 1.0003949072
0.0291000000 1.0004235205
0.0301000000 1.0004531396
0.0311000000 1.0004837646
0.0321000000 1.0005153857
0.0331000000 1.0005480029
0.0341000000 1.0005816260
0.0351000000 1.0006162549
0.0361000000 1.0006518896
0.0371000000 1.0006885205
0.0381000000 1.0007261572
0.0391000000 1.0007647900
0.0401000000 1.0008044385
0.0411000000 1.0008450830
0.0421000000 1.0008867236
0.0431000000 1.0009293799
0.0441000000 1.0009730322
0.0451000000 1.0010176904
0.0461000000 1.0010633545
0.0471000000 1.0011100244
0.0481000000 1.0011577002
0.0491000000 1.0012063721
0.0501000000 1.0012560498
0.0511000000 1.0013067432
0.0521000000 1.0013584326
0.0531000000 1.0014111279
0.0541000000 1.0014648291
0.0551000000 1.0015195361
0.0561000000 1.0015752490
0.0571000000 1.0016319775
0.0581000000 1.0016897021
0.0591000000 1.0017484326
0.0601000000 1.0018081787
0.0611000000 1.0018689209
0.0621000000 1.0019306787
0.0631000000 1.0019934424
0.0641000000 1.0020572119
0.0651000000 1.0021219873
0.0661000000 1.0021877783
0.0671000000 1.0022545752
0.0681000000 1.0023223779
0.0691000000 1.0023911865
0.0701000000 1.0024610107
0.0711000000 1.0025318506
0.0721000000 1.0026036865
0.0731000000 1.0026765479
0.0741000000 1.0027504053
0.0751000000 1.0028252783
0.0761000000 1.0029011670
0.0771000000 1.0029780615
0.0781000000 1.0030559717
0.0791000000 1.0031348975
0.0801000000 1.0032148291
0.0811000000 1.0032957764
0.0821000000 1.0033777295
0.0831000000 1.0034607080
0.0841000000 1.0035446924
0.0851000000 1.0036296924
0.0861000000 1.0037157080
0.0871000000 1.0038027295
0.0881000000 1.0038907764
0.0891000000 1.0039798291
0.0901000000 1.0040699072
0.0911000000 1.0041610010
0.0921000000 1.0042531006
0.0931000000 1.0043462256
0.0941000000 1.0044403662
0.0951000000 1.0045355225
0.0961000000 1.0046316943
0.0971000000 1.0047288916
0.0981000000 1.0048271045
0.0991000000 1.0049263330
0.1001000000 1.0050265771
0.1011000000 1.0051278467
0.1021000000 1.0052301318
0.1031000000 1.0053334424
0.1041000000 1.0054377686
0.1051000000 1.0055431201
0.1061000000 1.0056494971
0.1071000000 1.0057568896
0.1081000000 1.0058653076
0.1091000000 1.0059747412
0.1101000000 1.0060852002
0.1111000000 1.0061966846
0.1121000000 1.0063091943
0.1131000000 1.0064227295
0.1141000000 1.0065372900
0.1151000000 1.0066528662
0.1161000000 1.0067694775
0.1171000000 1.0068871143
0.1181000000 1.0070057764
0.1191000000 1.0071254639
0.1201000000 1.0072461768
0.1211000000 1.0073679150
0.1221000000 1.0074906885
0.1231000000 1.0076144873
0.1241000000 1.0077393213
0.1251000000 1.0078651709
0.1261000000 1.0079920654
0.1271000000 1.0081199756
0.1281000000 1.0082489307
0.1291000000 1.0083789111
0.1301000000 1.0085099268
0.1311000000 1.0086419678
0.1321000000 1.0087750439
0.1331000000 1.0089091553
0.1341000000 1.0090443018
0.1351000000 1.0091804736
0.1361000000 1.0093176904
0.1371000000 1.0094559424
0.1381000000 1.0095952197
0.1391000000 1.0097355420
0.1401000000 1.0098768994
0.1411000000 1.0100192920
0.1421000000 1.0101627197
0.1431000000 1.0103071924
0.1441000000 1.0104527002
0.1451000000 1.0105992529
0.1461000000 1.0107468408
0.1471000000 1.0108954639
0.1481000000 1.0110451318
0.1491000000 1.0111958447
0.1501000000 1.0113475928
0.1511000000 1.0115003857
0.1521000000 1.0116542236
0.1531000000 1.0118090967
0.1541000000 1.0119650244
0.1551000000 1.0121219873
0.1561000000 1.0122800049
0.1571000000 1.0124390576
0.1581000000 1.0125991650
0.1591000000 1.0127603174
0.1601000000 1.0129225146
0.1611000000 1.0130857568
0.1621000000 1.0132500439
0.1631000000 1.0134153857
0.1641000000 1.0135817822
0.1651000000 1.0137492236
0.1661000000 1.0139177100
0.1671000000 1.0140872510
0.1681000000 1.0142578467
0.1691000000 1.0144294971
0.1701000000 1.0146021924
0.1711000000 1.0147759424
0.1721000000 1.0149507471
0.1731000000 1.0151266064
0.1741000000 1.0153035205
0.1751000000 1.0154814893
0.1761000000 1.0156605225
0.1771000000 1.0158406006
0.1781000000 1.0160217432
0.1791000000 1.0162039404
0.1801000000 1.0163871924
0.1811000000 1.0165715088
0.1821000000 1.0167568799
0.1831000000 1.0169433154
0.1841000000 1.0171308154
0.1851000000 1.0173193701
0.1861000000 1.0175089893
0.1871000000 1.0176996729
0.1881000000 1.0178914111
0.1891000000 1.0180842236
0.1901000000 1.0182780908
0.1911000000 1.0184730322
0.1921000000 1.0186690381
0.1931000000 1.0188660986
0.1941000000 1.0190642432
0.1951000000 1.0192634424
0.1961000000 1.0194637158
0.1971000000 1.0196650537
0.1981000000 1.0198674658
0.1991000000 1.0200709424
0.2001000000 1.0202754932
0.2011000000 1.0204811084
0.2021000000 1.0206877979
0.2031000000 1.0208955615
0.2041000000 1.0211043994
0.2051000000 1.0213143115
0.2061000000 1.0215252979
0.2071000000 1.0217373584
0.2081000000 1.0219504932
0.2091000000 1.0221647021
0.2101000000 1.0223799854
0.2111000000 1.0225963525
0.2121000000 1.0228137939
0.2131000000 1.0230323193
0.2141000000 1.0232519189
0.2151000000 1.0234725928
0.2161000000 1.0236943604
0.2171000000 1.0239172021
0.2181000000 1.0241411182
0.2191000000 1.0243661279
0.2201000000 1.0245922119
0.2211000000 1.0248193896
0.2221000000 1.0250476416
0.2231000000 1.0252769873
0.2241000000 1.0255074072
0.2251000000 1.0257389209
0.2261000000 1.0259715186
0.2271000000 1.0262052100
0.2281000000 1.0264399854
0.2291000000 1.0266758447
0.2301000000 1.0269127979
0.2311000000 1.0271508447
0.2321000000 1.0273899756
0.2331000000 1.0276302002
0.2341000000 1.0278715186
0.2351000000 1.0281139307
0.2361000000 1.0283574365
0.2371000000 1.0286020264
0.2381000000 1.0288477197
0.2391000000 1.0290945068
0.2401000000 1.0293423877
0.2411000000 1.0295913623
0.2421000000 1.0298414404
0.2431000000 1.0300926123
0.2441000000 1.0303448877
0.2451000000 1.0305982568
0.2461000000 1.0308527295
0.2471000000 1.0311082959
0.2481000000 1.0313649658
0.2491000000 1.0316227393
0.2501000000 1.0318816162
0.2511000000 1.0321415869
0.2521000000 1.0324026709
0.2531000000 1.0326648584
0.2541000000 1.0329281494
0.2551000000 1.0331925439
0.2561000000 1.0334580420
0.2571000000 1.0337246533
0.2581000000 1.0339923682
0.2591000000 1.0342611963
0.2601000000 1.0345311279
0.2611000000 1.0348021631
0.2621000000 1.0350743213
0.2631000000 1.0353475830
0.2641000000 1.0356219482
0.2651000000 1.0358974365
0.2661000000 1.0361740381
0.2671000000 1.0364517432
0.2681000000 1.0367305713
0.2691000000 1.0370105029
0.2701000000 1.0372915576
0.2711000000 1.0375737256
0.2721000000 1.0378570166
0.2731000000 1.0381414111
0.2741000000 1.0384269385
0.2751000000 1.0387135693
0.2761000000 1.0390013232
0.2771000000 1.0392902002
0.2781000000 1.0395802002
0.2791000000 1.0398713135
0.2801000000 1.0401635498
0.2811000000 1.0404569092
0.2821000000 1.0407513916
0.2831000000 1.0410469971
0.2841000000 1.0413437256
0.2851000000 1.0416415771
0.2861000000 1.0419405518
0.2871000000 1.0422406592
0.2881000000 1.0425418896
0.2891000000 1.0428442432
0.2901000000 1.0431477197
0.2911000000 1.0434523389
0.2921000000 1.0437580713
0.2931000000 1.0440649463
0.2941000000 1.0443729443
0.2951000000 1.0446820654
0.2961000000 1.0449923291
0.2971000000 1.0453037158
0.2981000000 1.0456162451
0.2991000000 1.0459298975
