3.8910000000 0.2399830437 3.6784391975 5.0738066826
3.8920000000 0.2396971092 3.6796704597 5.0751231194
3.8930000000 0.2394111214 3.6809012413 5.0764396019
3.8940000000 0.2391250801 3.6821315804 5.0777561378
3.8950000000 0.2388389931 3.6833615150 5.0790727119
3.8960000000 0.2385528526 3.6845910759 5.0803893394
3.8970000000 0.2382666588 3.6858202858 5.0817060051
3.8980000000 0.2379804192 3.6870491676 5.0830227242
3.8990000000 0.2376941261 3.6882777367 5.0843394814
3.9000000000 0.2374077873 3.6895060158 5.0856562920
3.9010000000 0.2371213951 3.6907340202 5.0869731407
3.9020000000 0.2368349571 3.6919617577 5.0882900429
3.9030000000 0.2365484657 3.6931892509 5.0896069908
3.9040000000 0.2362619286 3.6944165077 5.0909239769
3.9050000000 0.2359753380 3.6956435356 5.0922410164
3.9060000000 0.2356887016 3.6968703499 5.0935581017
3.9070000000 0.2354020195 3.6980969582 5.0948752327
3.9080000000 0.2351152840 3.6993233604 5.0961924095
3.9090000000 0.2348285027 3.7005495796 5.0975096245
3.9100000000 0.2345416756 3.7017756157 5.0988268929
3.9110000000 0.2342548027 3.7030014687 5.1001442070
3.9120000000 0.2339678841 3.7042271614 5.1014615669
3.9130000000 0.2336809120 3.7054526787 5.1027789726
3.9140000000 0.2333938942 3.7066780510 5.1040964317
3.9150000000 0.2331068306 3.7079032631 5.1054139290
3.9160000000 0.2328197212 3.7091283302 5.1067314720
3.9170000000 0.2325325661 3.7103532524 5.1080490608
3.9180000000 0.2322453651 3.7115780373 5.1093666954
3.9190000000 0.2319581184 3.7128026924 5.1106843834
3.9200000000 0.2316708260 3.7140272102 5.1120021095
3.9210000000 0.2313834953 3.7152516136 5.1133198891
3.9220000000 0.2310961113 3.7164758873 5.1146377068
3.9230000000 0.2308086815 3.7177000465 5.1159555779
3.9240000000 0.2305212135 3.7189240913 5.1172734871
3.9250000000 0.2302336998 3.7201480217 5.1185914497
3.9260000000 0.2299461403 3.7213718452 5.1199094582
3.9270000000 0.2296585350 3.7225955620 5.1212275124
3.9280000000 0.2293708916 3.7238191795 5.1225456047
3.9290000000 0.2290832024 3.7250426979 5.1238637505
3.9300000000 0.2287954750 3.7262661171 5.1251819420
3.9310000000 0.2285076942 3.7274894447 5.1265001793
3.9320000000 0.2282198830 3.7287126808 5.1278184624
3.9330000000 0.2279320259 3.7299358253 5.1291367912
3.9340000000 0.2276441231 3.7311588860 5.1304551735
3.9350000000 0.2273561821 3.7323818550 5.1317735939
3.9360000000 0.2270681953 3.7336047478 5.1330920601
3.9370000000 0.2267801781 3.7348275566 5.1344105797
3.9380000000 0.2264921074 3.7360502892 5.1357291374
3.9390000000 0.2262040062 3.7372729454 5.1370477409
3.9400000000 0.2259158592 3.7384955254 5.1383663979
3.9410000000 0.2256276741 3.7397180367 5.1396851006
3.9420000000 0.2253394508 3.7409404716 5.1410038414
3.9430000000 0.2250511818 3.7421628380 5.1423226357
3.9440000000 0.2247628822 3.7433851433 5.1436414757
3.9450000000 0.2244745369 3.7446073799 5.1449603615
3.9460000000 0.2241861610 3.7458295479 5.1462792931
3.9470000000 0.2238977394 3.7470516548 5.1475982704
3.9480000000 0.2236092796 3.7482737007 5.1489172935
3.9490000000 0.2233207893 3.7494956856 5.1502363625
3.9500000000 0.2230322533 3.7507176094 5.1515554848
3.9510000000 0.2227436867 3.7519394798 5.1528746452
3.9520000000 0.2224550819 3.7531612892 5.1541938591
3.9530000000 0.2221664391 3.7543830528 5.1555131111
3.9540000000 0.2218777580 3.7556047554 5.1568324165
3.9550000000 0.2215890465 3.7568264122 5.1581517601
3.9560000000 0.2213002968 3.7580480080 5.1594711571
3.9570000000 0.2210115089 3.7592695656 5.1607905998
3.9580000000 0.2207226906 3.7604910698 5.1621100883
3.9590000000 0.2204338341 3.7617125206 5.1634296227
3.9600000000 0.2201449394 3.7629339333 5.1647492027
3.9610000000 0.2198560219 3.7641553001 5.1660688286
3.9620000000 0.2195670586 3.7653766136 5.1673885078
3.9630000000 0.2192780724 3.7665978966 5.1687082253
3.9640000000 0.2189890480 3.7678191261 5.1700279884
3.9650000000 0.2186999855 3.7690403175 5.1713478050
3.9660000000 0.2184109001 3.7702614708 5.1726676674
3.9670000000 0.2181217766 3.7714825859 5.1739875679
3.9680000000 0.2178326225 3.7727036552 5.1753075218
3.9690000000 0.2175434380 3.7739246941 5.1766275215
3.9700000000 0.2172542229 3.7751456947 5.1779475670
3.9710000000 0.2169649696 3.7763666573 5.1792676582
3.9720000000 0.2166756935 3.7775875816 5.1805877953
3.9730000000 0.2163863869 3.7788084755 5.1819079857
3.9740000000 0.2160970497 3.7800293388 5.1832282143
3.9750000000 0.2158076820 3.7812501640 5.1845484886
3.9760000000 0.2155182838 3.7824709587 5.1858688164
3.9770000000 0.2152288551 3.7836917229 5.1871891899
3.9780000000 0.2149394035 3.7849124565 5.1885096092
3.9790000000 0.2146499214 3.7861331596 5.1898300667
3.9800000000 0.2143604088 3.7873538322 5.1911505775
3.9810000000 0.2140708733 3.7885744743 5.1924711418
3.9820000000 0.2137813072 3.7897950935 5.1937917442
3.9830000000 0.2134917107 3.7910156822 5.1951123924
3.9840000000 0.2132020912 3.7922362480 5.1964330864
3.9850000000 0.2129124489 3.7934567833 5.1977538338
3.9860000000 0.2126227760 3.7946772957 5.1990746269
3.9870000000 0.2123330803 3.7958977852 5.2003954582
3.9880000000 0.2120433617 3.7971182442 5.2017163429
3.9890000000 0.2117536201 3.7983386879 5.2030372734
3.9900000000 0.2114638481 3.7995591087 5.2043582497
3.9910000000 0.2111740532 3.8007794991 5.2056792717
3.9920000000 0.2108842354 3.8019998741 5.2070003471
3.9930000000 0.2105943947 3.8032202263 5.2083214607
3.9940000000 0.2103045311 3.8044405556 5.2096426277
3.9950000000 0.2100146446 3.8056608696 5.2109638329
3.9960000000 0.2097247429 3.8068811607 5.2122850914
3.9970000000 0.2094348106 3.8081014366 5.2136063957
3.9980000000 0.2091448555 3.8093216896 5.2149277458
3.9990000000 0.2088548851 3.8105419273 5.2162491417
4.0000000000 0.2085648994 3.8117621498 5.2175705833
4.0010000000 0.2082748833 3.8129823494 5.2188920784
4.0020000000 0.2079848518 3.8142025337 5.2202136116
4.0030000000 0.2076948051 3.8154227028 5.2215351982
4.0040000000 0.2074047356 3.8166428566 5.2228568306
4.0050000000 0.2071146431 3.8178629951 5.2241785088
4.0060000000 0.2068245354 3.8190831184 5.2255002327
4.0070000000 0.2065344124 3.8203032341 5.2268220024
4.0080000000 0.2062442741 3.8215233269 5.2281438179
4.0090000000 0.2059541130 3.8227434120 5.2294656792
4.0100000000 0.2056639442 3.8239634819 5.2307875938
4.0110000000 0.2053737526 3.8251835365 5.2321095543
4.0120000000 0.2050835457 3.8264035835 5.2334315529
4.0130000000 0.2047933235 3.8276236153 5.2347536049
4.0140000000 0.2045030861 3.8288436394 5.2360757027
4.0150000000 0.2042128410 3.8300636559 5.2373978539
4.0160000000 0.2039225731 3.8312836494 5.2387200432
4.0170000000 0.2036322975 3.8325036430 5.2400422859
4.0180000000 0.2033420067 3.8337236290 5.2413645668
4.0190000000 0.2030517082 3.8349435997 5.2426869011
4.0200000000 0.2027613945 3.8361635628 5.2440092812
4.0210000000 0.2024710655 3.8373835106 5.2453317070
4.0220000000 0.2021807289 3.8386034584 5.2466541786
4.0230000000 0.2018903770 3.8398233986 5.2479766960
4.0240000000 0.2016000252 3.8410433311 5.2492992668
4.0250000000 0.2013096581 3.8422632484 5.2506218758
4.0260000000 0.2010192757 3.8434831657 5.2519445381
4.0270000000 0.2007288933 3.8447030754 5.2532672462
4.0280000000 0.2004384956 3.8459229774 5.2545900002
4.0290000000 0.2001480980 3.8471428795 5.2559127998
4.0300000000 0.1998576851 3.8483627663 5.2572356529
4.0310000000 0.1995672722 3.8495826530 5.2585585442
4.0320000000 0.1992768440 3.8508025398 5.2598814888
4.0330000000 0.1989864159 3.8520224113 5.2612044792
4.0340000000 0.1986959801 3.8532422829 5.2625275154
4.0350000000 0.1984055443 3.8544621544 5.2638505974
4.0360000000 0.1981151009 3.8556820183 5.2651737251
4.0370000000 0.1978246498 3.8569018822 5.2664969063
4.0380000000 0.1975341988 3.8581217384 5.2678201256
4.0390000000 0.1972437477 3.8593415947 5.2691433983
4.0400000000 0.1969532890 3.8605614433 5.2704667168
4.0410000000 0.1966628304 3.8617812996 5.2717900810
4.0420000000 0.1963723717 3.8630011406 5.2731134987
4.0430000000 0.1960819130 3.8642209892 5.2744369545
4.0440000000 0.1957914543 3.8654408379 5.2757604637
4.0450000000 0.1955009880 3.8666606789 5.2770840111
4.0460000000 0.1952105293 3.8678805199 5.2784076118
4.0470000000 0.1949200706 3.8691003609 5.2797312584
4.0480000000 0.1946296120 3.8703202019 5.2810549583
4.0490000000 0.1943391609 3.8715400505 5.2823786964
4.0500000000 0.1940487022 3.8727598915 5.2837024879
4.0510000000 0.1937582588 3.8739797325 5.2850263176
4.0520000000 0.1934678154 3.8751995735 5.2863502007
4.0530000000 0.1931773720 3.8764194145 5.2876741371
4.0540000000 0.1928869362 3.8776392632 5.2889981117
4.0550000000 0.1925965080 3.8788591042 5.2903221321
4.0560000000 0.1923060799 3.8800789528 5.2916462059
4.0570000000 0.1920156670 3.8812988014 5.2929703255
4.0580000000 0.1917252541 3.8825186501 5.2942944908
4.0590000000 0.1914348564 3.8837385063 5.2956187019
4.0600000000 0.1911444588 3.8849583626 5.2969429588
4.0610000000 0.1908540764 3.8861782188 5.2982672691
4.0620000000 0.1905637016 3.8873980751 5.2995916252
4.0630000000 0.1902733421 3.8886179466 5.3009160271
4.0640000000 0.1899829903 3.8898378105 5.3022404747
4.0650000000 0.1896926460 3.8910576820 5.3035649681
4.0660000000 0.1894023170 3.8922775536 5.3048895149
4.0670000000 0.1891119957 3.8934974327 5.3062140999
4.0680000000 0.1888216972 3.8947173195 5.3075387383
4.0690000000 0.1885314064 3.8959372063 5.3088634224
4.0700000000 0.1882411308 3.8971570930 5.3101881599
4.0710000000 0.1879508705 3.8983769951 5.3115129356
4.0720000000 0.1876606255 3.8995968971 5.3128377647
4.0730000000 0.1873703957 3.9008167992 5.3141626320
4.0740000000 0.1870801888 3.9020367088 5.3154875603
4.0750000000 0.1867899971 3.9032566261 5.3168125267
4.0760000000 0.1864998207 3.9044765511 5.3181375389
4.0770000000 0.1862096672 3.9056964836 5.3194626045
4.0780000000 0.1859195290 3.9069164162 5.3207877159
4.0790000000 0.1856294136 3.9081363564 5.3221128731
4.0800000000 0.1853393211 3.9093563042 5.3234380760
4.0810000000 0.1850492439 3.9105762596 5.3247633247
4.0820000000 0.1847591972 3.9117962227 5.3260886269
4.0830000000 0.1844691658 3.9130161934 5.3274139748
4.0840000000 0.1841791649 3.9142361641 5.3287393684
4.0850000000 0.1838891869 3.9154561501 5.3300648079
4.0860000000 0.1835992317 3.9166761436 5.3313903008
4.0870000000 0.1833093071 3.9178961372 5.3327158318
4.0880000000 0.1830194054 3.9191161461 5.3340414162
4.0890000000 0.1827295265 3.9203361626 5.3353670464
4.0900000000 0.1824396782 3.9215561867 5.3366927300
4.0910000000 0.1821498604 3.9227762184 5.3380184517
4.0920000000 0.1818600731 3.9239962578 5.3393442268
4.0930000000 0.1815703163 3.9252163048 5.3406700478
4.0940000000 0.1812805901 3.9264363594 5.3419959145
4.0950000000 0.1809908943 3.9276564293 5.3433218346
4.0960000000 0.1807012291 3.9288765068 5.3446477928
4.0970000000 0.1804116020 3.9300965919 5.3459738045
4.0980000000 0.1801220055 3.9313166847 5.3472998619
4.0990000000 0.1798324394 3.9325367928 5.3486259651
4.1000000000 0.1795429115 3.9337569008 5.3499521217
4.1010000000 0.1792534218 3.9349770317 5.3512783241
4.1020000000 0.1789639702 3.9361971626 5.3526045723
4.1030000000 0.1786745567 3.9374173088 5.3539308662
4.1040000000 0.1783851814 3.9386374626 5.3552572060
4.1050000000 0.1780958443 3.9398576317 5.3565835991
4.1060000000 0.1778065453 3.9410778084 5.3579100380
4.1070000000 0.1775172844 3.9422979927 5.3592365227
4.1080000000 0.1772280693 3.9435181923 5.3605630531
4.1090000000 0.1769389000 3.9447383995 5.3618896370
4.1100000000 0.1766497688 3.9459586220 5.3632162590
4.1110000000 0.1763606834 3.9471788597 5.3645429420
4.1120000000 0.1760716438 3.9483990974 5.3658696632
4.1130000000 0.1757826500 3.9496193581 5.3671964302
4.1140000000 0.1754937019 3.9508396263 5.3685232506
4.1150000000 0.1752047997 3.9520599022 5.3698501167
4.1160000000 0.1749159508 3.9532801933 5.3711770287
4.1170000000 0.1746271477 3.9545004997 5.3725039940
4.1180000000 0.1743383980 3.9557208214 5.3738310051
4.1190000000 0.1740496941 3.9569411507 5.3751580620
4.1200000000 0.1737610435 3.9581614876 5.3764851646
4.1210000000 0.1734724541 3.9593818474 5.3778123131
4.1220000000 0.1731839104 3.9606022148 5.3791395149
4.1230000000 0.1728954201 3.9618225975 5.3804667625
4.1240000000 0.1726069908 3.9630429878 5.3817940559
4.1250000000 0.1723186150 3.9642633934 5.3831214027
4.1260000000 0.1720302925 3.9654838142 5.3844487877
4.1270000000 0.1717420311 3.9667042503 5.3857762260
4.1280000000 0.1714538307 3.9679247017 5.3871037102
4.1290000000 0.1711656914 3.9691451607 5.3884312477
4.1300000000 0.1708776131 3.9703656349 5.3897588310
4.1310000000 0.1705895882 3.9715861320 5.3910864601
4.1320000000 0.1703016396 3.9728066368 5.3924141350
4.1330000000 0.1700137444 3.9740271492 5.3937418556
4.1340000000 0.1697259178 3.9752476845 5.3950696297
4.1350000000 0.1694381599 3.9764682350 5.3963974495
4.1360000000 0.1691504631 3.9776887932 5.3977253151
4.1370000000 0.1688628426 3.9789093742 5.3990532341
4.1380000000 0.1685752831 3.9801299629 5.4003811989
4.1390000000 0.1682877998 3.9813505745 5.4017092094
4.1400000000 0.1680003853 3.9825711937 5.4030372658
4.1410000000 0.1677130394 3.9837918358 5.4043653755
4.1420000000 0.1674257698 3.9850124855 5.4056935310
4.1430000000 0.1671385765 3.9862331581 5.4070217323
4.1440000000 0.1668514519 3.9874538383 5.4083499794
4.1450000000 0.1665644035 3.9886745415 5.4096782799
4.1460000000 0.1662774391 3.9898952522 5.4110066261
4.1470000000 0.1659905510 3.9911159859 5.4123350182
4.1480000000 0.1657037392 3.9923367348 5.4136634636
4.1490000000 0.1654170113 3.9935574989 5.4149919548
4.1500000000 0.1651303596 3.9947782784 5.4163204918
4.1510000000 0.1648437996 3.9959990730 5.4176490746
4.1520000000 0.1645573158 3.9972198906 5.4189777107
4.1530000000 0.1642709160 3.9984407158 5.4203063927
4.1540000000 0.1639846077 3.9996615639 5.4216351204
4.1550000000 0.1636983833 4.0008824272 5.4229639015
4.1560000000 0.1634122505 4.0021033058 5.4242927208
4.1570000000 0.1631262016 4.0033241997 5.4256215935
4.1580000000 0.1628402443 4.0045451164 5.4269505196
4.1590000000 0.1625543861 4.0057660484 5.4282794914
4.1600000000 0.1622686119 4.0069869957 5.4296085014
4.1610000000 0.1619829369 4.0082079582 5.4309375725
4.1620000000 0.1616973534 4.0094289436 5.4322666817
4.1630000000 0.1614118690 4.0106499443 5.4335958443
4.1640000000 0.1611264839 4.0118709602 5.4349250526
4.1650000000 0.1608411980 4.0130919991 5.4362543144
4.1660000000 0.1605560112 4.0143130531 5.4375836143
4.1670000000 0.1602709236 4.0155341225 5.4389129677
4.1680000000 0.1599859428 4.0167552147 5.4402423744
4.1690000000 0.1597010612 4.0179763222 5.4415718193
4.1700000000 0.1594162865 4.0191974525 5.4429013176
4.1710000000 0.1591316261 4.0204185982 5.4442308617
4.1720000000 0.1588470650 4.0216397591 5.4455604591
4.1730000000 0.1585626106 4.0228609428 5.4468901024
4.1740000000 0.1582782707 4.0240821419 5.4482197914
4.1750000000 0.1579940453 4.0253033638 5.4495495262
4.1760000000 0.1577099342 4.0265246010 5.4508793144
4.1770000000 0.1574259300 4.0277458534 5.4522091484
4.1780000000 0.1571420479 4.0289671364 5.4535390358
4.1790000000 0.1568582802 4.0301884270 5.4548689613
4.1800000000 0.1565746269 4.0314097404 5.4561989403
4.1810000000 0.1562910957 4.0326310768 5.4575289726
4.1820000000 0.1560076942 4.0338524284 5.4588590431
4.1830000000 0.1557244072 4.0350738029 5.4601891670
4.1840000000 0.1554412422 4.0362951927 5.4615193367
4.1850000000 0.1551582069 4.0375166054 5.4628495598
4.1860000000 0.1548753014 4.0387380409 5.4641798286
4.1870000000 0.1545925179 4.0399594917 5.4655101433
4.1880000000 0.1543098640 4.0411809578 5.4668405113
4.1890000000 0.1540273476 4.0424024544 5.4681709251
4.1900000000 0.1537449608 4.0436239662 5.4695013847
4.1910000000 0.1534627113 4.0448454933 5.4708318901
4.1920000000 0.1531805916 4.0460670433 5.4721624489
4.1930000000 0.1528986092 4.0472886162 5.4734930534
4.1940000000 0.1526167717 4.0485102119 5.4748237114
4.1950000000 0.1523350716 4.0497318230 5.4761544151
4.1960000000 0.1520535088 4.0509534569 5.4774851646
4.1970000000 0.1517720985 4.0521751137 5.4788159599
4.1980000000 0.1514908257 4.0533967857 5.4801468086
4.1990000000 0.1512096977 4.0546184807 5.4814777031
4.2000000000 0.1509287224 4.0558401985 5.4828086510
4.2010000000 0.1506478996 4.0570619392 5.4841396446
4.2020000000 0.1503672218 4.0582836952 5.4854706841
4.2030000000 0.1500867043 4.0595054741 5.4868017769
4.2040000000 0.1498063316 4.0607272758 5.4881329079
4.2050000000 0.1495261269 4.0619491005 5.4894640999
4.2060000000 0.1492460670 4.0631709404 5.4907953300
4.2070000000 0.1489661751 4.0643928108 5.4921266136
4.2080000000 0.1486864433 4.0656146965 5.4934579430
4.2090000000 0.1484068718 4.0668366051 5.4947893257
4.2100000000 0.1481274681 4.0680585365 5.4961207542
4.2110000000 0.1478482323 4.0692804832 5.4974522285
4.2120000000 0.1475691566 4.0705024605 5.4987837563
4.2130000000 0.1472902565 4.0717244530 5.5001153297
4.2140000000 0.1470115318 4.0729464760 5.5014469490
4.2150000000 0.1467329750 4.0741685143 5.5027786217
4.2160000000 0.1464545937 4.0753905754 5.5041103401
4.2170000000 0.1461763954 4.0766126595 5.5054421120
4.2180000000 0.1458983650 4.0778347664 5.5067739220
4.2190000000 0.1456205254 4.0790568962 5.5081057930
4.2200000000 0.1453428612 4.0802790489 5.5094377022
4.2210000000 0.1450653877 4.0815012245 5.5107696648
4.2220000000 0.1447880974 4.0827234154 5.5121016731
4.2230000000 0.1445109901 4.0839456367 5.5134337349
4.2240000000 0.1442340813 4.0851678810 5.5147658424
4.2250000000 0.1439573631 4.0863901482 5.5160979958
4.2260000000 0.1436808357 4.0876124382 5.5174302025
4.2270000000 0.1434045067 4.0888347435 5.5187624550
4.2280000000 0.1431283684 4.0900570793 5.5200947533
4.2290000000 0.1428524361 4.0912794380 5.5214271050
4.2300000000 0.1425767097 4.0925018196 5.5227595024
4.2310000000 0.1423011818 4.0937242241 5.5240919533
4.2320000000 0.1420258598 4.0949466515 5.5254244499
4.2330000000 0.1417507439 4.0961691017 5.5267569923
4.2340000000 0.1414758415 4.0973915749 5.5280895882
4.2350000000 0.1412011528 4.0986140785 5.5294222298
4.2360000000 0.1409266701 4.0998365974 5.5307549171
4.2370000000 0.1406524086 4.1010591393 5.5320876579
4.2380000000 0.1403783684 4.1022817116 5.5334204445
4.2390000000 0.1401045494 4.1035043068 5.5347532845
4.2400000000 0.1398309441 4.1047269249 5.5360861702
4.2410000000 0.1395575752 4.1059495659 5.5374191017
4.2420000000 0.1392844276 4.1071722298 5.5387520866
4.2430000000 0.1390115089 4.1083949165 5.5400851173
4.2440000000 0.1387388191 4.1096176338 5.5414182014
4.2450000000 0.1384663658 4.1108403740 5.5427513313
4.2460000000 0.1381941490 4.1120631294 5.5440845070
4.2470000000 0.1379221687 4.1132859230 5.5454177361
4.2480000000 0.1376504326 4.1145087318 5.5467510109
4.2490000000 0.1373789330 4.1157315712 5.5480843391
4.2500000000 0.1371076851 4.1169544258 5.5494177055
4.2510000000 0.1368366814 4.1181773109 5.5507511330
4.2520000000 0.1365659218 4.1194002266 5.5520845985
4.2530000000 0.1362954216 4.1206231575 5.5534181252
4.2540000000 0.1360251732 4.1218461189 5.5547516899
4.2550000000 0.1357551842 4.1230691032 5.5560853081
4.2560000000 0.1354854546 4.1242921104 5.5574189720
4.2570000000 0.1352159843 4.1255151482 5.5587526894
4.2580000000 0.1349467812 4.1267382088 5.5600864525
4.2590000000 0.1346778450 4.1279612923 5.5614202690
4.2600000000 0.1344091759 4.1291844063 5.5627541313
4.2610000000 0.1341407814 4.1304075432 5.5640880394
4.2620000000 0.1338726540 4.1316307030 5.5654220009
4.2630000000 0.1336048088 4.1328538933 5.5667560081
4.2640000000 0.1333372459 4.1340771065 5.5680900688
4.2650000000 0.1330699654 4.1353003426 5.5694241753
4.2660000000 0.1328029671 4.1365236092 5.5707583275
4.2670000000 0.1325362511 4.1377468987 5.5720925331
4.2680000000 0.1322698326 4.1389702187 5.5734267845
4.2690000000 0.1320037041 4.1401935539 5.5747610893
4.2700000000 0.1317378731 4.1414169273 5.5760954399
4.2710000000 0.1314723396 4.1426403160 5.5774298439
4.2720000000 0.1312071037 4.1438637428 5.5787642937
4.2730000000 0.1309421806 4.1450871849 5.5800987892
4.2740000000 0.1306775551 4.1463106575 5.5814333382
4.2750000000 0.1304132423 4.1475341606 5.5827679329
4.2760000000 0.1301492424 4.1487576866 5.5841025810
4.2770000000 0.1298855553 4.1499812355 5.5854372749
4.2780000000 0.1296221886 4.1512048149 5.5867720222
4.2790000000 0.1293591423 4.1524284172 5.5881068153
4.2800000000 0.1290964165 4.1536520500 5.5894416542
4.2810000000 0.1288340187 4.1548757057 5.5907765465
4.2820000000 0.1285719566 4.1560993919 5.5921114845
4.2830000000 0.1283102226 4.1573231087 5.5934464760
4.2840000000 0.1280488243 4.1585468407 5.5947815132
4.2850000000 0.1277877617 4.1597706108 5.5961166039
4.2860000000 0.1275270424 4.1609944038 5.5974517403
4.2870000000 0.1272666740 4.1622182198 5.5987869225
4.2880000000 0.1270066490 4.1634420662 5.6001221581
4.2890000000 0.1267469749 4.1646659431 5.6014574471
4.2900000000 0.1264876518 4.1658898430 5.6027927818
4.2910000000 0.1262286949 4.1671137733 5.6041281624
4.2920000000 0.1259700890 4.1683377266 5.6054635963
4.2930000000 0.1257118568 4.1695617104 5.6067990761
4.2940000000 0.1254539833 4.1707857246 5.6081346092
4.2950000000 0.1251964836 4.1720097618 5.6094701881
4.2960000000 0.1249393578 4.1732338295 5.6108058128
4.2970000000 0.1246826057 4.1744579277 5.6121414909
4.2980000000 0.1244262428 4.1756820488 5.6134772224
4.2990000000 0.1241702538 4.1769061928 5.6148129997
4.3000000000 0.1239146614 4.1781303749 5.6161488228
4.3010000000 0.1236594505 4.1793545799 5.6174846992
4.3020000000 0.1234046364 4.1805788155 5.6188206291
4.3030000000 0.1231502190 4.1818030739 5.6201565971
4.3040000000 0.1228962059 4.1830273628 5.6214926262
4.3050000000 0.1226425972 4.1842516823 5.6228286934
4.3060000000 0.1223893929 4.1854760323 5.6241648216
4.3070000000 0.1221366081 4.1867004051 5.6255009880
4.3080000000 0.1218842278 4.1879248085 5.6268372078
4.3090000000 0.1216322746 4.1891492348 5.6281734810
4.3100000000 0.1213807411 4.1903736992 5.6295098000
4.3110000000 0.1211296349 4.1915981865 5.6308461723
4.3120000000 0.1208789558 4.1928227043 5.6321825905
4.3130000000 0.1206287117 4.1940472527 5.6335190544
4.3140000000 0.1203789024 4.1952718239 5.6348555717
4.3150000000 0.1201295433 4.1964964256 5.6361921425
4.3160000000 0.1198806190 4.1977210579 5.6375287590
4.3170000000 0.1196321526 4.1989457207 5.6388654213
4.3180000000 0.1193841286 4.2001704140 5.6402021370
4.3190000000 0.1191365700 4.2013951302 5.6415389061
4.3200000000 0.1188894691 4.2026198769 5.6428757133
4.3210000000 0.1186428337 4.2038446541 5.6442125816
4.3220000000 0.1183966637 4.2050694618 5.6455494957
4.3230000000 0.1181509666 4.2062943001 5.6468864555
4.3240000000 0.1179057503 4.2075191612 5.6482234688
4.3250000000 0.1176610146 4.2087440605 5.6495605278
4.3260000000 0.1174167595 4.2099689827 5.6508976402
4.3270000000 0.1171730003 4.2111939354 5.6522348061
4.3280000000 0.1169297295 4.2124189186 5.6535720177
4.3290000000 0.1166869545 4.2136439323 5.6549092751
4.3300000000 0.1164446831 4.2148689766 5.6562465858
4.3310000000 0.1162029152 4.2160940437 5.6575839424
4.3320000000 0.1159616585 4.2173191490 5.6589213524
4.3330000000 0.1157209206 4.2185442848 5.6602588081
4.3340000000 0.1154806938 4.2197694435 5.6615963173
4.3350000000 0.1152410011 4.2209946327 5.6629338799
4.3360000000 0.1150018272 4.2222198601 5.6642714806
4.3370000000 0.1147631874 4.2234451103 5.6656091423
4.3380000000 0.1145250816 4.2246703911 5.6669468498
4.3390000000 0.1142875175 4.2258957024 5.6682846031
4.3400000000 0.1140505028 4.2271210442 5.6696224098
4.3410000000 0.1138140373 4.2283464241 5.6709602699
4.3420000000 0.1135781288 4.2295718269 5.6722981758
4.3430000000 0.1133427696 4.2307972603 5.6736361275
4.3440000000 0.1131079826 4.2320227242 5.6749741325
4.3450000000 0.1128737602 4.2332482185 5.6763121910
4.3460000000 0.1126401176 4.2344737434 5.6776502953
4.3470000000 0.1124070473 4.2356992989 5.6789884453
4.3480000000 0.1121745644 4.2369248848 5.6803266487
4.3490000000 0.1119426613 4.2381505013 5.6816649055
4.3500000000 0.1117113533 4.2393761559 5.6830032082
4.3510000000 0.1114806480 4.2406018333 5.6843415642
4.3520000000 0.1112505379 4.2418275414 5.6856799660
4.3530000000 0.1110210457 4.2430532875 5.6870184212
4.3540000000 0.1107921562 4.2442790565 5.6883569221
4.3550000000 0.1105638847 4.2455048637 5.6896954765
4.3560000000 0.1103362389 4.2467307014 5.6910340767
4.3570000000 0.1101092186 4.2479565620 5.6923727303
4.3580000000 0.1098828316 4.2491824608 5.6937114296
4.3590000000 0.1096570778 4.2504083900 5.6950501823
4.3600000000 0.1094319725 4.2516343498 5.6963889885
4.3610000000 0.1092075157 4.2528603477 5.6977278404
4.3620000000 0.1089837074 4.2540863686 5.6990667458
4.3630000000 0.1087605553 4.2553124199 5.7004056969
4.3640000000 0.1085380745 4.2565385094 5.7017446938
4.3650000000 0.1083162575 4.2577646294 5.7030837517
4.3660000000 0.1080951195 4.2589907799 5.7044228477
4.3670000000 0.1078746529 4.2602169609 5.7057620049
4.3680000000 0.1076548805 4.2614431725 5.7071012077
4.3690000000 0.1074357948 4.2626694221 5.7084404564
4.3700000000 0.1072174034 4.2638957024 5.7097797585
4.3710000000 0.1069997139 4.2651220131 5.7111191139
4.3720000000 0.1067827339 4.2663483543 5.7124585152
4.3730000000 0.1065664635 4.2675747261 5.7137979622
4.3740000000 0.1063509178 4.2688011360 5.7151374626
4.3750000000 0.1061360893 4.2700275764 5.7164770164
4.3760000000 0.1059219933 4.2712540474 5.7178166237
4.3770000000 0.1057086372 4.2724805489 5.7191562691
4.3780000000 0.1054960136 4.2737070808 5.7204959755
4.3790000000 0.1052841454 4.2749336510 5.7218357277
4.3800000000 0.1050730247 4.2761602516 5.7231755333
4.3810000000 0.1048626595 4.2773868904 5.7245153847
4.3820000000 0.1046530647 4.2786135521 5.7258552895
4.3830000000 0.1044442406 4.2798402519 5.7271952400
4.3840000000 0.1042361946 4.2810669899 5.7285352440
4.3850000000 0.1040289268 4.2822937508 5.7298752937
4.3860000000 0.1038224449 4.2835205498 5.7312153969
4.3870000000 0.1036167564 4.2847473793 5.7325555534
4.3880000000 0.1034118767 4.2859742470 5.7338957558
4.3890000000 0.1032077980 4.2872011452 5.7352360115
4.3900000000 0.1030045357 4.2884280739 5.7365763130
4.3910000000 0.1028020897 4.2896550331 5.7379166679
4.3920000000 0.1026004677 4.2908820305 5.7392570763
4.3930000000 0.1023996773 4.2921090660 5.7405975304
4.3940000000 0.1021997261 4.2933361244 5.7419380302
4.3950000000 0.1020006142 4.2945632210 5.7432785912
4.3960000000 0.1018023567 4.2957903557 5.7446191978
4.3970000000 0.1016049538 4.2970175133 5.7459598503
4.3980000000 0.1014084129 4.2982447166 5.7473005562
4.3990000000 0.1012127419 4.2994719429 5.7486413155
4.4000000000 0.1010179482 4.3006992073 5.7499821205
4.4010000000 0.1008240318 4.3019265099 5.7513229790
4.4020000000 0.1006310081 4.3031538429 5.7526638832
4.4030000000 0.1004388771 4.3043812065 5.7540048409
4.4040000000 0.1002476463 4.3056086082 5.7553458519
4.4050000000 0.1000573311 4.3068360405 5.7566869087
4.4060000000 0.0998679237 4.3080635109 5.7580280190
4.4070000000 0.0996794395 4.3092910118 5.7593691826
4.4080000000 0.0994918785 4.3105185509 5.7607103920
4.4090000000 0.0993052635 4.3117461205 5.7620516472
4.4100000000 0.0991195793 4.3129737206 5.7633929634
4.4110000000 0.0989348488 4.3142013664 5.7647343254
4.4120000000 0.0987510643 4.3154290352 5.7660757332
4.4130000000 0.0985682487 4.3166567421 5.7674171944
4.4140000000 0.0983864021 4.3178844872 5.7687587090
4.4150000000 0.0982055321 4.3191122627 5.7701002693
4.4160000000 0.0980256386 4.3203400764 5.7714418831
4.4170000000 0.0978467369 4.3215679207 5.7727835503
4.4180000000 0.0976688271 4.3227958031 5.7741252632
4.4190000000 0.0974919243 4.3240237160 5.7754670296
4.4200000000 0.0973160286 4.3252516670 5.7768088417
4.4210000000 0.0971411476 4.3264796562 5.7781507072
4.4220000000 0.0969672966 4.3277076759 5.7794926262
4.4230000000 0.0967944679 4.3289357338 5.7808345985
4.4240000000 0.0966226768 4.3301638222 5.7821766090
4.4250000000 0.0964519386 4.3313919487 5.7835186806
4.4260000000 0.0962822456 4.3326201057 5.7848607979
4.4270000000 0.0961136131 4.3338483009 5.7862029686
4.4280000000 0.0959460411 4.3350765343 5.7875451927
4.4290000000 0.0957795448 4.3363048058 5.7888874626
4.4300000000 0.0956141319 4.3375331078 5.7902297859
4.4310000000 0.0954498024 4.3387614403 5.7915721550
4.4320000000 0.0952865639 4.3399898186 5.7929145775
4.4330000000 0.0951244316 4.3412182198 5.7942570534
4.4340000000 0.0949633980 4.3424466667 5.7955995750
4.4350000000 0.0948034935 4.3436751442 5.7969421501
4.4360000000 0.0946447029 4.3449036598 5.7982847786
4.4370000000 0.0944870415 4.3461322136 5.7996274529
4.4380000000 0.0943305168 4.3473607979 5.8009701805
4.4390000000 0.0941751366 4.3485894279 5.8023129616
4.4400000000 0.0940209160 4.3498180809 5.8036557884
4.4410000000 0.0938678474 4.3510467796 5.8049986687
4.4420000000 0.0937159386 4.3522755089 5.8063415947
4.4430000000 0.0935652122 4.3535042763 5.8076845741
4.4440000000 0.0934156609 4.3547330818 5.8090276070
4.4450000000 0.0932672997 4.3559619179 5.8103706932
4.4460000000 0.0931201286 4.3571907921 5.8117138252
4.4470000000 0.0929741631 4.3584197044 5.8130570107
4.4480000000 0.0928294029 4.3596486549 5.8144002419
4.4490000000 0.0926858635 4.3608776436 5.8157435341
4.4500000000 0.0925435448 4.3621066628 5.8170868645
4.4510000000 0.0924024544 4.3633357201 5.8184302559
4.4520000000 0.0922626076 4.3645648155 5.8197736931
4.4530000000 0.0921240044 4.3657939491 5.8211171837
4.4540000000 0.0919866524 4.3670231133 5.8224607201
4.4550000000 0.0918505592 4.3682523232 5.8238043175
4.4560000000 0.0917157326 4.3694815636 5.8251479607
4.4570000000 0.0915821800 4.3707108421 5.8264916496
4.4580000000 0.0914499092 4.3719401588 5.8278353920
4.4590000000 0.0913189278 4.3731695061 5.8291791878
4.4600000000 0.0911892433 4.3743988991 5.8305230370
4.4610000000 0.0910608559 4.3756283226 5.8318669319
4.4620000000 0.0909337883 4.3768577919 5.8332108803
4.4630000000 0.0908080254 4.3780872917 5.8345548820
4.4640000000 0.0906835976 4.3793168297 5.8358989296
4.4650000000 0.0905604897 4.3805464058 5.8372430305
4.4660000000 0.0904387245 4.3817760200 5.8385871849
4.4670000000 0.0903183098 4.3830056725 5.8399313850
4.4680000000 0.0901992455 4.3842353554 5.8412756386
4.4690000000 0.0900815315 4.3854650841 5.8426199455
4.4700000000 0.0899651909 4.3866948433 5.8439642982
4.4710000000 0.0898502235 4.3879246483 5.8453087120
4.4720000000 0.0897366371 4.3891544838 5.8466531639
4.4730000000 0.0896244392 4.3903843651 5.8479976768
4.4740000000 0.0895136299 4.3916142769 5.8493422356
4.4750000000 0.0894042244 4.3928442345 5.8506868477
4.4760000000 0.0892962227 4.3940742226 5.8520315132
4.4770000000 0.0891896400 4.3953042488 5.8533762245
4.4780000000 0.0890844765 4.3965343132 5.8547209892
4.4790000000 0.0889807396 4.3977644234 5.8560658073
4.4800000000 0.0888784447 4.3989945641 5.8574106789
4.4810000000 0.0887775841 4.4002247429 5.8587555962
4.4820000000 0.0886781731 4.4014549675 5.8601005669
4.4830000000 0.0885802116 4.4026852226 5.8614455910
4.4840000000 0.0884837151 4.4039155159 5.8627906609
4.4850000000 0.0883886909 4.4051458549 5.8641357841
4.4860000000 0.0882951317 4.4063762245 5.8654809608
4.4870000000 0.0882030602 4.4076066399 5.8668261833
4.4880000000 0.0881124687 4.4088370857 5.8681714668
4.4890000000 0.0880233727 4.4100675774 5.8695167961
4.4900000000 0.0879357796 4.4112981071 5.8708621712
4.4910000000 0.0878496895 4.4125286751 5.8722076073
4.4920000000 0.0877651100 4.4137592812 5.8735530891
4.4930000000 0.0876820488 4.4149899254 5.8748986244
4.4940000000 0.0876005058 4.4162206078 5.8762442055
4.4950000000 0.0875204964 4.4174513283 5.8775898476
4.4960000000 0.0874420280 4.4186820869 5.8789355354
4.4970000000 0.0873650932 4.4199128914 5.8802812767
4.4980000000 0.0872897072 4.4211437340 5.8816270638
4.4990000000 0.0872158775 4.4223746071 5.8829729118
4.5000000000 0.0871436043 4.4236055260 5.8843188057
4.5010000000 0.0870729027 4.4248364830 5.8856647453
4.5020000000 0.0870037651 4.4260674858 5.8870107460
4.5030000000 0.0869361992 4.4272985191 5.8883567925
4.5040000000 0.0868702202 4.4285295982 5.8897028923
4.5050000000 0.0868058281 4.4297607155 5.8910490456
4.5060000000 0.0867430229 4.4309918709 5.8923952522
4.5070000000 0.0866818123 4.4322230644 5.8937415047
4.5080000000 0.0866222115 4.4334542961 5.8950878105
4.5090000000 0.0865642128 4.4346855736 5.8964341698
4.5100000000 0.0865078316 4.4359168892 5.8977805748
4.5110000000 0.0864530602 4.4371482430 5.8991270332
4.5120000000 0.0863999214 4.4383796349 5.9004735451
4.5130000000 0.0863484001 4.4396110725 5.9018201103
4.5140000000 0.0862985115 4.4408425484 5.9031667290
4.5150000000 0.0862502632 4.4420740623 5.9045133934
4.5160000000 0.0862036476 4.4433056221 5.9058601112
4.5170000000 0.0861586876 4.4445372124 5.9072068825
4.5180000000 0.0861153679 4.4457688484 5.9085537071
4.5190000000 0.0860737114 4.4470005302 5.9099005775
4.5200000000 0.0860337029 4.4482322426 5.9112475014
4.5210000000 0.0859953651 4.4494640007 5.9125944786
4.5220000000 0.0859586906 4.4506957970 5.9139415092
4.5230000000 0.0859236870 4.4519276390 5.9152885857
4.5240000000 0.0858903542 4.4531595192 5.9166357155
4.5250000000 0.0858586998 4.4543914375 5.9179828987
4.5260000000 0.0858287315 4.4556233940 5.9193301353
4.5270000000 0.0858004417 4.4568553963 5.9206774254
4.5280000000 0.0857738457 4.4580874443 5.9220247612
4.5290000000 0.0857489433 4.4593195229 5.9233721504
4.5300000000 0.0857257271 4.4605516472 5.9247195930
4.5310000000 0.0857042198 4.4617838173 5.9260670891
4.5320000000 0.0856844139 4.4630160255 5.9274146385
4.5330000000 0.0856663094 4.4642482719 5.9287622337
4.5340000000 0.0856499062 4.4654805565 5.9301098824
4.5350000000 0.0856352196 4.4667128868 5.9314575844
4.5360000000 0.0856222496 4.4679452629 5.9328053398
4.5370000000 0.0856109886 4.4691776772 5.9341531410
4.5380000000 0.0856014519 4.4704101295 5.9355009956
4.5390000000 0.0855936394 4.4716426277 5.9368489037
4.5400000000 0.0855875435 4.4728751640 5.9381968651
4.5410000000 0.0855831718 4.4741077461 5.9395448799
4.5420000000 0.0855805321 4.4753403664 5.9408929405
4.5430000000 0.0855796165 4.4765730247 5.9422410622
4.5440000000 0.0855804405 4.4778057365 5.9435892296
4.5450000000 0.0855829964 4.4790384789 5.9449374504
4.5460000000 0.0855872841 4.4802712669 5.9462857170
4.5470000000 0.0855933113 4.4815041008 5.9476340446
4.5480000000 0.0856010704 4.4827369728 5.9489824181
4.5490000000 0.0856105766 4.4839698906 5.9503308449
4.5500000000 0.0856218224 4.4852028465 5.9516793251
4.5510000000 0.0856348076 4.4864358406 5.9530278587
4.5520000000 0.0856495323 4.4876688881 5.9543764458
4.5530000000 0.0856660118 4.4889019661 5.9557250786
4.5540000000 0.0856842308 4.4901350975 5.9570737648
4.5550000000 0.0857041969 4.4913682671 5.9584225044
4.5560000000 0.0857259102 4.4926014748 5.9597712975
4.5570000000 0.0857493629 4.4938347282 5.9611201439
4.5580000000 0.0857745705 4.4950680275 5.9624690437
4.5590000000 0.0858015327 4.4963013649 5.9638179893
4.5600000000 0.0858302345 4.4975347481 5.9651669884
4.5610000000 0.0858606834 4.4987681694 5.9665160408
4.5620000000 0.0858928871 4.5000016365 5.9678651466
4.5630000000 0.0859268303 4.5012351494 5.9692143059
4.5640000000 0.0859625282 4.5024687080 5.9705635109
4.5650000000 0.0859999733 4.5037022972 5.9719127769
4.5660000000 0.0860391655 4.5049359398 5.9732620888
4.5670000000 0.0860801125 4.5061696205 5.9746114540
4.5680000000 0.0861227989 4.5074033470 5.9759608727
4.5690000000 0.0861672249 4.5086371193 5.9773103447
4.5700000000 0.0862134056 4.5098709297 5.9786598625
4.5710000000 0.0862613258 4.5111047859 5.9800094414
4.5720000000 0.0863109932 4.5123386879 5.9813590660
4.5730000000 0.0863624001 4.5135726280 5.9827087440
4.5740000000 0.0864155464 4.5148066139 5.9840584755
4.5750000000 0.0864704399 4.5160406456 5.9854082603
4.5760000000 0.0865270653 4.5172747231 5.9867580986
4.5770000000 0.0865854301 4.5185088387 5.9881079826
4.5780000000 0.0866455269 4.5197430000 5.9894579277
4.5790000000 0.0867073555 4.5209772072 5.9908079185
4.5800000000 0.0867709236 4.5222114525 5.9921579628
4.5810000000 0.0868362160 4.5234457436 5.9935080605
4.5820000000 0.0869032402 4.5246800880 5.9948582115
4.5830000000 0.0869719887 4.5259144630 5.9962084160
4.5840000000 0.0870424614 4.5271488914 5.9975586662
4.5850000000 0.0871146507 4.5283833580 5.9989089775
