0.0000000010 1.0000250000
0.0500000010 1.0003250000
0.1000000010 1.0012750000
0.1500000010 1.0029250000
0.2000000010 1.0052750000
0.2500000010 1.0083750000
0.3000000010 1.0123250000
0.3500000010 1.0171250000
0.4000000010 1.0229250000
0.4500000010 1.0297750000
0.5000000010 1.0377250000
0.5500000010 1.0468750000
0.6000000010 1.0572750000
0.6500000010 1.0689750000
0.7000000010 1.0819750000
0.7500000010 1.0963250000
0.8000000010 1.1120250000
0.8500000010 1.1290750000
0.9000000010 1.1474250000
0.9500000010 1.1670750000
1.0000000010 1.1878750000
1.0500000010 1.2098750000
1.1000000010 1.2329250000
1.1500000010 1.2569750000
1.2000000010 1.2819750000
1.2500000010 1.3077250000
1.3000000010 1.3342250000
1.3500000010 1.3613750000
1.4000000010 1.3890250000
1.4500000010 1.4171250000
1.5000000010 1.4455750000
1.5500000010 1.4742250000
1.6000000010 1.5030750000
1.6500000010 1.5318750000
1.7000000010 1.5606750000
1.7500000010 1.5892250000
1.8000000010 1.6174250000
1.8500000010 1.6452250000
1.9000000010 1.6723750000
1.9500000010 1.6987250000
