4.8630000000 1.0483276253 4.4488614464
4.8640000000 1.0501985970 4.4499702644
4.8650000000 1.0520549660 4.4510791588
4.8660000000 1.0538971977 4.4521881447
4.8670000000 1.0557257271 4.4532972145
4.8680000000 1.0575409889 4.4544063759
4.8690000000 1.0593433800 4.4555156136
4.8700000000 1.0611332817 4.4566249351
4.8710000000 1.0629110603 4.4577343483
4.8720000000 1.0646770592 4.4588438454
4.8730000000 1.0664316216 4.4599534264
4.8740000000 1.0681750526 4.4610630913
4.8750000000 1.0699076576 4.4621728477
4.8760000000 1.0716297264 4.4632826805
4.8770000000 1.0733415337 4.4643926048
4.8780000000 1.0750433540 4.4655026131
4.8790000000 1.0767354317 4.4666127052
4.8800000000 1.0784180107 4.4677228889
4.8810000000 1.0800913353 4.4688331566
4.8820000000 1.0817556267 4.4699435081
4.8830000000 1.0834110985 4.4710539436
4.8840000000 1.0850579567 4.4721644707
4.8850000000 1.0866964073 4.4732750816
4.8860000000 1.0883266335 4.4743857765
4.8870000000 1.0899488411 4.4754965630
4.8880000000 1.0915631905 4.4766074257
4.8890000000 1.0931698570 4.4777183876
4.8900000000 1.0947690163 4.4788294258
4.8910000000 1.0963608208 4.4799405556
4.8920000000 1.0979454384 4.4810517693
4.8930000000 1.0995229988 4.4821630745
4.8940000000 1.1010936699 4.4832744637
4.8950000000 1.1026575737 4.4843859367
4.8960000000 1.1042148628 4.4854975014
4.8970000000 1.1057656593 4.4866091499
4.8980000000 1.1073100853 4.4877208824
4.8990000000 1.1088482780 4.4888327065
4.9000000000 1.1103803520 4.4899446220
4.9010000000 1.1119064140 4.4910566139
4.9020000000 1.1134265938 4.4921687050
4.9030000000 1.1149409904 4.4932808723
4.9040000000 1.1164497032 4.4943931313
4.9050000000 1.1179528542 4.4955054817
4.9060000000 1.1194505272 4.4966179161
4.9070000000 1.1209428291 4.4977304420
4.9080000000 1.1224298439 4.4988430519
4.9090000000 1.1239116783 4.4999557457
4.9100000000 1.1253884087 4.5010685387
4.9110000000 1.1268601265 4.5021814079
4.9120000000 1.1283269234 4.5032943687
4.9130000000 1.1297888680 4.5044074211
4.9140000000 1.1312460518 4.5055205574
4.9150000000 1.1326985512 4.5066337852
4.9160000000 1.1341464348 4.5077470970
4.9170000000 1.1355897865 4.5088605003
4.9180000000 1.1370286751 4.5099739952
4.9190000000 1.1384631767 4.5110875740
4.9200000000 1.1398933449 4.5122012444
4.9210000000 1.1413192558 4.5133149986
4.9220000000 1.1427409859 4.5144288445
4.9230000000 1.1441585808 4.5155427818
4.9240000000 1.1455721092 4.5166568031
4.9250000000 1.1469816399 4.5177709160
4.9260000000 1.1483872185 4.5188851204
4.9270000000 1.1497889137 4.5199994087
4.9280000000 1.1511867790 4.5211137886
4.9290000000 1.1525808754 4.5222282524
4.9300000000 1.1539712486 4.5233428154
4.9310000000 1.1553579521 4.5244574623
4.9320000000 1.1567410393 4.5255722008
4.9330000000 1.1581205711 4.5266870232
4.9340000000 1.1594965782 4.5278019371
4.9350000000 1.1608691292 4.5289169426
4.9360000000 1.1622382545 4.5300320396
4.9370000000 1.1636040077 4.5311472206
4.9380000000 1.1649664421 4.5322624931
4.9390000000 1.1663255882 4.5333778572
4.9400000000 1.1676814995 4.5344933128
4.9410000000 1.1690342140 4.5356088600
4.9420000000 1.1703837776 4.5367244911
4.9430000000 1.1717302208 4.5378402138
4.9440000000 1.1730735970 4.5389560280
4.9450000000 1.1744139442 4.5400719337
4.9460000000 1.1757512932 4.5411879311
4.9470000000 1.1770856895 4.5423040123
4.9480000000 1.1784171638 4.5434201927
4.9490000000 1.1797457542 4.5445364571
4.9500000000 1.1810714989 4.5456528130
4.9510000000 1.1823944283 4.5467692604
4.9520000000 1.1837145882 4.5478857994
4.9530000000 1.1850319939 4.5490024300
4.9540000000 1.1863466988 4.5501191444
4.9550000000 1.1876587181 4.5512359581
4.9560000000 1.1889680977 4.5523528557
4.9570000000 1.1902748604 4.5534698524
4.9580000000 1.1915790367 4.5545869331
4.9590000000 1.1928806648 4.5557041130
4.9600000000 1.1941797676 4.5568213768
4.9610000000 1.1954763680 4.5579387321
4.9620000000 1.1967705116 4.5590561867
4.9630000000 1.1980622063 4.5601737251
4.9640000000 1.1993514977 4.5612913551
4.9650000000 1.2006384087 4.5624090843
4.9660000000 1.2019229546 4.5635268974
4.9670000000 1.2032051735 4.5646448021
4.9680000000 1.2044850883 4.5657628059
4.9690000000 1.2057627220 4.5668808937
4.9700000000 1.2070381050 4.5679990807
4.9710000000 1.2083112602 4.5691173515
4.9720000000 1.2095822029 4.5702357216
4.9730000000 1.2108509712 4.5713541832
4.9740000000 1.2121175728 4.5724727364
4.9750000000 1.2133820457 4.5735913734
4.9760000000 1.2146443977 4.5747101097
4.9770000000 1.2159046669 4.5758289452
4.9780000000 1.2171628609 4.5769478645
4.9790000000 1.2184190102 4.5780668755
4.9800000000 1.2196731377 4.5791859856
4.9810000000 1.2209252586 4.5803051872
4.9820000000 1.2221753883 4.5814244728
4.9830000000 1.2234235573 4.5825438576
4.9840000000 1.2246697884 4.5836633415
4.9850000000 1.2259140892 4.5847829094
4.9860000000 1.2271564827 4.5859025764
4.9870000000 1.2283969917 4.5870223351
4.9880000000 1.2296356316 4.5881421852
4.9890000000 1.2308724251 4.5892621269
4.9900000000 1.2321073799 4.5903821602
4.9910000000 1.2333405342 4.5915022926
4.9920000000 1.2345718803 4.5926225166
4.9930000000 1.2358014565 4.5937428322
4.9940000000 1.2370292702 4.5948632469
4.9950000000 1.2382553444 4.5959837532
4.9960000000 1.2394796867 4.5971043510
4.9970000000 1.2407023125 4.5982250404
4.9980000000 1.2419232521 4.5993458290
4.9990000000 1.2431425133 4.6004667091
