0.0001000000 1.0000000049
0.0011000000 1.0000006006
0.0021000000 1.0000022021
0.0031000000 1.0000048096
0.0041000000 1.0000084033
0.0051000000 1.0000130029
0.0061000000 1.0000186084
0.0071000000 1.0000252100
0.0081000000 1.0000328076
0.0091000000 1.0000414014
0.0101000000 1.0000510107
0.0111000000 1.0000616064
0.0121000000 1.0000732080
0.0131000000 1.0000858057
0.0141000000 1.0000994092
0.0151000000 1.0001140088
0.0161000000 1.0001296143
0.0171000000 1.0001462158
0.0181000000 1.0001638135
0.0191000000 1.0001824170
0.0201000000 1.0002020166
0.0211000000 1.0002226221
0.0221000000 1.0002442334
0.0231000000 1.0002668311
0.0241000000 1.0002904346
0.0251000000 1.0003150439
0.0261000000 1.0003406494
0.0271000000 1.0003672607
0.0281000000 1.0003948682
0.0291000000 1.0004234814
0.0301000000 1.0004530908
0.0311000000 1.0004836963
0.0321000000 1.0005153076
0.0331000000 1.0005479248
0.0341000000 1.0005815381
0.0351000000 1.0006161572
0.0361000000 1.0006517725
0.0371000000 1.0006883936
0.0381000000 1.0007260107
0.0391000000 1.0007646338
0.0401000000 1.0008042627
0.0411000000 1.0008448877
0.0421000000 1.0008865186
0.0431000000 1.0009291455
0.0441000000 1.0009727783
0.0451000000 1.0010174170
0.0461000000 1.0010630518
0.0471000000 1.0011096924
0.0481000000 1.0011573389
0.0491000000 1.0012059814
0.0501000000 1.0012556299
0.0511000000 1.0013062842
0.0521000000 1.0013579346
0.0531000000 1.0014106006
0.0541000000 1.0014642627
0.0551000000 1.0015189209
0.0561000000 1.0015745947
0.0571000000 1.0016312646
0.0581000000 1.0016889404
0.0591000000 1.0017476221
0.0601000000 1.0018072998
0.0611000000 1.0018679932
0.0621000000 1.0019296826
0.0631000000 1.0019923779
0.0641000000 1.0020560791
0.0651000000 1.0021207861
0.0661000000 1.0021864990
0.0671000000 1.0022532178
0.0681000000 1.0023209424
0.0691000000 1.0023896729
0.0701000000 1.0024593994
0.0711000000 1.0025301416
0.0721000000 1.0026018896
0.0731000000 1.0026746338
0.0741000000 1.0027483936
0.0751000000 1.0028231592
0.0761000000 1.0028989307
0.0771000000 1.0029757080
0.0781000000 1.0030534912
0.0791000000 1.0031322803
0.0801000000 1.0032120850
0.0811000000 1.0032928857
0.0821000000 1.0033747021
0.0831000000 1.0034575244
0.0841000000 1.0035413525
0.0851000000 1.0036261963
0.0861000000 1.0037120361
0.0871000000 1.0037988916
0.0881000000 1.0038867529
0.0891000000 1.0039756299
0.0901000000 1.0040655127
0.0911000000 1.0041564014
0.0921000000 1.0042483057
0.0931000000 1.0043412158
0.0941000000 1.0044351416
0.0951000000 1.0045300732
0.0961000000 1.0046260107
0.0971000000 1.0047229639
0.0981000000 1.0048209326
0.0991000000 1.0049199072
0.1001000000 1.0050198877
0.1011000000 1.0051208838
0.1021000000 1.0052228955
0.1031000000 1.0053259131
0.1041000000 1.0054299561
0.1051000000 1.0055349951
0.1061000000 1.0056410596
0.1071000000 1.0057481299
0.1081000000 1.0058562158
0.1091000000 1.0059653076
0.1101000000 1.0060754248
0.1111000000 1.0061865479
0.1121000000 1.0062986865
0.1131000000 1.0064118408
0.1141000000 1.0065260107
0.1151000000 1.0066411963
0.1161000000 1.0067573877
0.1171000000 1.0068746045
0.1181000000 1.0069928369
0.1191000000 1.0071120850
0.1201000000 1.0072323389
0.1211000000 1.0073536182
0.1221000000 1.0074759131
0.1231000000 1.0075992236
0.1241000000 1.0077235498
0.1251000000 1.0078489014
0.1261000000 1.0079752588
0.1271000000 1.0081026416
0.1281000000 1.0082310400
0.1291000000 1.0083604541
0.1301000000 1.0084908936
0.1311000000 1.0086223486
0.1321000000 1.0087548291
0.1331000000 1.0088883154
0.1341000000 1.0090228271
0.1351000000 1.0091583643
0.1361000000 1.0092949170
0.1371000000 1.0094324951
0.1381000000 1.0095710889
0.1391000000 1.0097107080
0.1401000000 1.0098513428
0.1411000000 1.0099930029
0.1421000000 1.0101356885
0.1431000000 1.0102793896
0.1441000000 1.0104241162
0.1451000000 1.0105698682
0.1461000000 1.0107166357
0.1471000000 1.0108644385
0.1481000000 1.0110132568
0.1491000000 1.0111631006
0.1501000000 1.0113139697
0.1511000000 1.0114658643
0.1521000000 1.0116187744
0.1531000000 1.0117727197
0.1541000000 1.0119276904
0.1551000000 1.0120836865
0.1561000000 1.0122407080
0.1571000000 1.0123987549
0.1581000000 1.0125578271
0.1591000000 1.0127179248
0.1601000000 1.0128790576
0.1611000000 1.0130412061
0.1621000000 1.0132043994
0.1631000000 1.0133686084
0.1641000000 1.0135338428
0.1651000000 1.0137001123
0.1661000000 1.0138674170
0.1671000000 1.0140357471
0.1681000000 1.0142051025
0.1691000000 1.0143754932
0.1701000000 1.0145469092
0.1711000000 1.0147193604
0.1721000000 1.0148928369
0.1731000000 1.0150673486
0.1741000000 1.0152428955
0.1751000000 1.0154194678
0.1761000000 1.0155970752
0.1771000000 1.0157757178
0.1781000000 1.0159553955
0.1791000000 1.0161360986
0.1801000000 1.0163178369
0.1811000000 1.0165006104
0.1821000000 1.0166844189
0.1831000000 1.0168692627
0.1841000000 1.0170551416
0.1851000000 1.0172420557
0.1861000000 1.0174300049
0.1871000000 1.0176189893
0.1881000000 1.0178090088
0.1891000000 1.0180000732
0.1901000000 1.0181921631
0.1911000000 1.0183852979
0.1921000000 1.0185794678
0.1931000000 1.0187746729
0.1941000000 1.0189709131
0.1951000000 1.0191681982
0.1961000000 1.0193665283
0.1971000000 1.0195658838
0.1981000000 1.0197662842
0.1991000000 1.0199677295
0.2001000000 1.0201702100
0.2011000000 1.0203737354
0.2021000000 1.0205782959
0.2031000000 1.0207839014
0.2041000000 1.0209905420
0.2051000000 1.0211982275
0.2061000000 1.0214069580
0.2071000000 1.0216167334
0.2081000000 1.0218275439
0.2091000000 1.0220394092
0.2101000000 1.0222523096
0.2111000000 1.0224662549
0.2121000000 1.0226812451
0.2131000000 1.0228972705
0.2141000000 1.0231143506
0.2151000000 1.0233324756
0.2161000000 1.0235516455
0.2171000000 1.0237718604
0.2181000000 1.0239931201
0.2191000000 1.0242154346
0.2201000000 1.0244387842
0.2211000000 1.0246631885
0.2221000000 1.0248886377
0.2231000000 1.0251151318
0.2241000000 1.0253426807
0.2251000000 1.0255712744
0.2261000000 1.0258009131
0.2271000000 1.0260316064
0.2281000000 1.0262633447
0.2291000000 1.0264961377
0.2301000000 1.0267299756
0.2311000000 1.0269648682
0.2321000000 1.0272008057
0.2331000000 1.0274377979
0.2341000000 1.0276758447
0.2351000000 1.0279149365
0.2361000000 1.0281550928
0.2371000000 1.0283962842
0.2381000000 1.0286385400
0.2391000000 1.0288818506
0.2401000000 1.0291262061
0.2411000000 1.0293716162
0.2421000000 1.0296180908
0.2431000000 1.0298656104
0.2441000000 1.0301141846
0.2451000000 1.0303638135
0.2461000000 1.0306144971
0.2471000000 1.0308662451
0.2481000000 1.0311190381
0.2491000000 1.0313728955
0.2501000000 1.0316278076
0.2511000000 1.0318837744
0.2521000000 1.0321407959
0.2531000000 1.0323988818
0.2541000000 1.0326580225
0.2551000000 1.0329182178
0.2561000000 1.0331794678
0.2571000000 1.0334417920
0.2581000000 1.0337051611
0.2591000000 1.0339695947
0.2601000000 1.0342350830
0.2611000000 1.0345016455
0.2621000000 1.0347692529
0.2631000000 1.0350379248
0.2641000000 1.0353076611
0.2651000000 1.0355784619
0.2661000000 1.0358503174
0.2671000000 1.0361232373
0.2681000000 1.0363972119
0.2691000000 1.0366722607
0.2701000000 1.0369483643
0.2711000000 1.0372255322
0.2721000000 1.0375037646
0.2731000000 1.0377830615
0.2741000000 1.0380634229
0.2751000000 1.0383448486
0.2761000000 1.0386273291
0.2771000000 1.0389108838
0.2781000000 1.0391955029
0.2791000000 1.0394811865
0.2801000000 1.0397679346
0.2811000000 1.0400557471
0.2821000000 1.0403446240
0.2831000000 1.0406345752
0.2841000000 1.0409255908
0.2851000000 1.0412176709
0.2861000000 1.0415108154
0.2871000000 1.0418050244
0.2881000000 1.0421003076
0.2891000000 1.0423966650
0.2901000000 1.0426940771
0.2911000000 1.0429925635
0.2921000000 1.0432921240
0.2931000000 1.0435927490
0.2941000000 1.0438944385
0.2951000000 1.0441972021
0.2961000000 1.0445010400
0.2971000000 1.0448059424
0.2981000000 1.0451119092
0.2991000000 1.0454189600
