0.0081000000 0.0058999463
0.0141000000 0.0102697412
0.0201000000 0.0146386963
0.0251000000 0.0182785791
0.0261000000 0.0190064307
0.0271000000 0.0197342432
0.0291000000 0.0211897314
0.0301000000 0.0219174072
0.0311000000 0.0226450244
0.0321000000 0.0233725928
0.0331000000 0.0241001025
0.0341000000 0.0248275635
0.0351000000 0.0255549658
0.0361000000 0.0262823096
0.0371000000 0.0270095947
0.0381000000 0.0277368115
0.0391000000 0.0284639697
0.0401000000 0.0291910596
0.0411000000 0.0299180811
0.0421000000 0.0306450439
0.0431000000 0.0313719287
0.0441000000 0.0320987354
0.0451000000 0.0328254736
0.0461000000 0.0335521436
0.0471000000 0.0342787256
0.0481000000 0.0350052295
0.0491000000 0.0357316553
0.0501000000 0.0364580029
0.0511000000 0.0371842627
0.0521000000 0.0379104346
0.0531000000 0.0386365283
0.0541000000 0.0393625244
0.0551000000 0.0400884326
0.0561000000 0.0408142529
0.0571000000 0.0415399756
0.0581000000 0.0422656006
0.0591000000 0.0429911279
0.0601000000 0.0437165576
0.0611000000 0.0444418896
0.0621000000 0.0451671240
0.0631000000 0.0458922412
0.0641000000 0.0466172607
0.0651000000 0.0473421826
0.0661000000 0.0480669775
0.0671000000 0.0487916748
0.0681000000 0.0495162549
0.0691000000 0.0502407275
0.0701000000 0.0509650830
0.0711000000 0.0516893115
0.0721000000 0.0524134326
0.0731000000 0.0531374268
0.0741000000 0.0538613037
0.0751000000 0.0545850537
0.0761000000 0.0553086865
0.0771000000 0.0560321826
0.0781000000 0.0567555518
0.0791000000 0.0574787939
0.0801000000 0.0582019092
0.0811000000 0.0589248877
0.0821000000 0.0596477295
0.0831000000 0.0603704346
0.0841000000 0.0610930029
0.0851000000 0.0618154248
0.0861000000 0.0625377100
0.0871000000 0.0632598584
0.0881000000 0.0639818506
0.0891000000 0.0647037061
0.0901000000 0.0654254150
0.0911000000 0.0661469678
0.0921000000 0.0668683643
0.0931000000 0.0675896143
0.0941000000 0.0683107178
0.0951000000 0.0690316553
0.0961000000 0.0697524365
0.0971000000 0.0704730615
0.0981000000 0.0711935205
0.0991000000 0.0719138232
0.1001000000 0.0726339600
0.1011000000 0.0733539307
0.1021000000 0.0740737354
0.1031000000 0.0747933643
0.1041000000 0.0755128271
0.1051000000 0.0762321240
0.1061000000 0.0769512354
0.1071000000 0.0776701807
0.1081000000 0.0783889502
0.1091000000 0.0791075342
0.1101000000 0.0798259424
0.1111000000 0.0805441650
0.1121000000 0.0812622119
0.1131000000 0.0819800635
0.1141000000 0.0826977393
0.1151000000 0.0834152197
0.1161000000 0.0841325146
0.1171000000 0.0848496143
0.1181000000 0.0855665283
0.1191000000 0.0862832373
0.1201000000 0.0869997607
0.1211000000 0.0877160791
0.1221000000 0.0884322021
0.1231000000 0.0891481299
0.1241000000 0.0898638428
0.1251000000 0.0905793604
0.1261000000 0.0912946729
0.1271000000 0.0920097803
0.1281000000 0.0927246729
0.1291000000 0.0934393604
0.1301000000 0.0941538330
0.1311000000 0.0948680908
0.1321000000 0.0955821436
0.1331000000 0.0962959717
0.1341000000 0.0970095850
0.1351000000 0.0977229736
0.1361000000 0.0984361475
0.1371000000 0.0991490967
0.1381000000 0.0998618311
0.1391000000 0.1005743311
0.1401000000 0.1012865967
0.1411000000 0.1019986475
0.1421000000 0.1027104639
0.1431000000 0.1034220459
0.1441000000 0.1041333936
0.1451000000 0.1048445068
0.1461000000 0.1055553955
0.1471000000 0.1062660303
0.1481000000 0.1069764404
0.1491000000 0.1076865967
0.1501000000 0.1083965186
0.1511000000 0.1091061963
0.1521000000 0.1098156299
0.1531000000 0.1105248096
0.1541000000 0.1112337451
0.1551000000 0.1119424365
0.1561000000 0.1126508740
0.1571000000 0.1133590479
0.1581000000 0.1140669775
0.1591000000 0.1147746533
0.1601000000 0.1154820654
0.1611000000 0.1161892236
0.1621000000 0.1168961279
0.1631000000 0.1176027588
0.1641000000 0.1183091260
0.1651000000 0.1190152393
0.1661000000 0.1197210791
0.1671000000 0.1204266553
0.1681000000 0.1211319580
0.1691000000 0.1218369971
0.1701000000 0.1225417529
0.1711000000 0.1232462451
0.1721000000 0.1239504639
0.1731000000 0.1246543994
0.1741000000 0.1253580615
0.1751000000 0.1260614404
0.1761000000 0.1267645459
0.1771000000 0.1274673682
0.1781000000 0.1281698975
0.1791000000 0.1288721533
0.1801000000 0.1295741162
0.1811000000 0.1302757959
0.1821000000 0.1309771826
0.1831000000 0.1316782764
0.1841000000 0.1323790869
0.1851000000 0.1330795947
0.1861000000 0.1337798193
0.1871000000 0.1344797314
0.1881000000 0.1351793604
0.1891000000 0.1358786865
0.1901000000 0.1365777100
0.1911000000 0.1372764307
0.1921000000 0.1379748486
0.1931000000 0.1386729639
0.1941000000 0.1393707764
0.1951000000 0.1400682764
0.1961000000 0.1407654639
0.1971000000 0.1414623486
0.1981000000 0.1421589209
0.1991000000 0.1428551807
0.2001000000 0.1435511182
0.2011000000 0.1442467529
0.2021000000 0.1449420654
0.2031000000 0.1456370557
0.2041000000 0.1463317334
0.2051000000 0.1470260791
0.2061000000 0.1477201123
0.2071000000 0.1484138232
0.2081000000 0.1491072021
0.2091000000 0.1498002588
0.2101000000 0.1504929834
0.2111000000 0.1511853857
0.2121000000 0.1518774561
0.2131000000 0.1525691943
0.2141000000 0.1532606006
0.2151000000 0.1539516650
0.2161000000 0.1546423975
0.2171000000 0.1553327979
0.2181000000 0.1560228564
0.2191000000 0.1567125830
0.2201000000 0.1574019580
0.2211000000 0.1580910010
0.2221000000 0.1587796924
0.2231000000 0.1594680420
0.2241000000 0.1601560498
0.2251000000 0.1608437061
0.2261000000 0.1615310205
0.2271000000 0.1622179736
0.2281000000 0.1629045850
0.2291000000 0.1635908447
0.2301000000 0.1642767432
0.2311000000 0.1649622900
0.2321000000 0.1656474854
0.2331000000 0.1663323193
0.2341000000 0.1670168018
0.2351000000 0.1677009229
0.2361000000 0.1683846826
0.2371000000 0.1690680713
0.2381000000 0.1697511084
0.2391000000 0.1704337744
0.2401000000 0.1711160791
0.2411000000 0.1717980127
0.2421000000 0.1724795850
0.2431000000 0.1731607861
0.2441000000 0.1738416162
0.2451000000 0.1745220752
0.2461000000 0.1752021533
0.2471000000 0.1758818701
0.2481000000 0.1765612061
0.2491000000 0.1772401611
0.2501000000 0.1779187451
0.2511000000 0.1785969580
0.2521000000 0.1792747803
0.2531000000 0.1799522217
0.2541000000 0.1806292822
0.2551000000 0.1813059619
0.2561000000 0.1819822607
0.2571000000 0.1826581689
0.2581000000 0.1833336963
0.2591000000 0.1840088330
0.2601000000 0.1846835791
0.2611000000 0.1853579443
0.2621000000 0.1860319092
0.2631000000 0.1867054834
0.2641000000 0.1873786670
0.2651000000 0.1880514600
0.2661000000 0.1887238525
0.2671000000 0.1893958447
0.2681000000 0.1900674463
0.2691000000 0.1907386572
0.2701000000 0.1914094580
0.2711000000 0.1920798584
0.2721000000 0.1927498584
0.2731000000 0.1934194580
0.2741000000 0.1940886572
0.2751000000 0.1947574463
0.2761000000 0.1954258350
0.2771000000 0.1960938135
0.2781000000 0.1967613916
0.2791000000 0.1974285498
0.2801000000 0.1980953076
0.2811000000 0.1987616455
0.2821000000 0.1994275830
0.2831000000 0.2000931006
0.2841000000 0.2007582080
0.2851000000 0.2014229053
0.2861000000 0.2020871826
0.2871000000 0.2027510400
0.2881000000 0.2034144775
0.2891000000 0.2040775049
0.2901000000 0.2047401123
0.2911000000 0.2054022998
0.2921000000 0.2060640674
0.2931000000 0.2067254053
0.2941000000 0.2073863330
0.2951000000 0.2080468213
0.2961000000 0.2087068994
0.2971000000 0.2093665479
0.2981000000 0.2100257666
0.2991000000 0.2106845557
