4.7900000000 0.7444225273 4.3681422005
4.7910000000 0.7449053307 4.3692450142
4.7920000000 0.7453903770 4.3703479042
4.7930000000 0.7458777122 4.3714508781
4.7940000000 0.7463673820 4.3725539284
4.7950000000 0.7468594093 4.3736570625
4.7960000000 0.7473538551 4.3747602806
4.7970000000 0.7478507652 4.3758635674
4.7980000000 0.7483501701 4.3769669456
4.7990000000 0.7488521385 4.3780704002
4.8000000000 0.7493567009 4.3791739311
4.8010000000 0.7498639336 4.3802775459
4.8020000000 0.7503738670 4.3813812370
4.8030000000 0.7508865700 4.3824850121
4.8040000000 0.7514021034 4.3835888710
4.8050000000 0.7519205284 4.3846928062
4.8060000000 0.7524419060 4.3857968254
4.8070000000 0.7529662971 4.3869009209
4.8080000000 0.7534937782 4.3880051003
4.8090000000 0.7540244255 4.3891093636
4.8100000000 0.7545583076 4.3902137032
4.8110000000 0.7550955009 4.3913181190
4.8120000000 0.7556360970 4.3924226265
4.8130000000 0.7561801796 4.3935272102
4.8140000000 0.7567278404 4.3946318779
4.8150000000 0.7572791786 4.3957366219
4.8160000000 0.7578342857 4.3968414497
4.8170000000 0.7583932686 4.3979463615
