2.3500000010 0.2236785400 1.3459263818 3.5230663330
2.3600000010 0.2280961475 1.3524608057 3.5304693897
2.3700000010 0.2325302100 1.3589941846 3.5378892432
2.3800000010 0.2369797119 1.3655265576 3.5453259131
2.3900000010 0.2414436865 1.3720579834 3.5527794287
2.4000000010 0.2459212646 1.3785885303 3.5602498291
2.4100000010 0.2504116357 1.3851182568 3.5677371533
2.4200000010 0.2549140576 1.3916472314 3.5752414209
2.4300000010 0.2594278564 1.3981755420 3.5827626904
2.4400000010 0.2639523877 1.4047032568 3.5903009815
2.4500000010 0.2684870850 1.4112304736 3.5978563428
2.4600000010 0.2730314307 1.4177572900 3.6054288037
2.4700000010 0.2775849463 1.4242838037 3.6130184033
2.4800000010 0.2821472021 1.4308101318 3.6206251807
2.4900000010 0.2867178076 1.4373363916 3.6282491846
2.5000000010 0.2912964307 1.4438627295 3.6358904639
2.5100000010 0.2958827686 1.4503892725 3.6435490479
2.5200000010 0.3004765576 1.4569161768 3.6512249854
2.5300000010 0.3050775830 1.4634436182 3.6589183252
2.5400000010 0.3096856787 1.4699717725 3.6666291162
2.5500000010 0.3143006982 1.4765008447 3.6743574072
2.5600000010 0.3189225635 1.4830310498 3.6821032569
2.5700000010 0.3235512256 1.4895626123 3.6898667139
2.5800000010 0.3281866846 1.4960957959 3.6976478369
2.5900000010 0.3328289893 1.5026308936 3.7054466846
2.6000000010 0.3374782471 1.5091681982 3.7132633154
2.6100000010 0.3421346240 1.5157080811 3.7210977979
2.6200000010 0.3467983447 1.5222509033 3.7289502002
2.6300000010 0.3514697119 1.5287970947 3.7368205908
2.6400000010 0.3561491162 1.5353471533 3.7447090479
2.6500000010 0.3608370166 1.5419015967 3.7526156494
2.6600000010 0.3655339990 1.5484610498 3.7605404834
2.6700000010 0.3702407764 1.5550262158 3.7684836377
2.6800000010 0.3749581885 1.5615979150 3.7764452002
2.6900000010 0.3796872900 1.5681770850 3.7844252783
2.7000000010 0.3844293213 1.5747648584 3.7924239795
2.7100000010 0.3891857959 1.5813626025 3.8004414209
2.7200000010 0.3939585889 1.5879719873 3.8084777100
2.7300000010 0.3987499756 1.5945951221 3.8165330029
2.7400000010 0.4035628174 1.6012347510 3.8246074268
2.7500000010 0.4084007373 1.6078946338 3.8327011475
2.7600000010 0.4132683643 1.6145802197 3.8408143213
2.7700000010 0.4181718408 1.6213001904 3.8489471533
2.7800000010 0.4231194580 1.6280709424 3.8570998291
2.7900000010 0.4281229053 1.6349378662 3.8652725733
2.8000000010 0.4331995459 1.6419995459 3.8734656494
2.8100000010 0.4383770654 1.6488382666 3.8816793311
2.8200000010 0.4437049268 1.6555947998 3.8899139307
2.8300000010 0.4492908057 1.6623036377 3.8981697998
