4.1800000010 5.0878060400
4.1900000010 5.0970323193
4.2000000010 5.1062653174
4.2100000010 5.1155050537
4.2200000010 5.1247515283
4.2300000010 5.1340047802
4.2400000010 5.1432648193
4.2500000010 5.1525316552
4.2600000010 5.1618053174
4.2700000010 5.1710858154
4.2800000010 5.1803731689
4.2900000010 5.1896673974
4.3000000010 5.1989685107
4.3100000010 5.2082765283
4.3200000010 5.2175914697
4.3300000010 5.2269133642
4.3400000010 5.2362422021
4.3500000010 5.2455780224
4.3600000010 5.2549208252
4.3700000010 5.2642706396
4.3800000010 5.2736274756
4.3900000010 5.2829913525
4.4000000010 5.2923622802
4.4100000010 5.3017402881
4.4200000010 5.3111253759
4.4300000010 5.3205175732
4.4400000010 5.3299168799
4.4500000010 5.3393233252
4.4600000010 5.3487369287
4.4700000010 5.3581576806
4.4800000010 5.3675856201
4.4900000010 5.3770207568
4.5000000010 5.3864631006
4.5100000010 5.3959126611
4.5200000010 5.4053694677
4.5300000010 5.4148335205
4.5400000010 5.4243048388
4.5500000010 5.4337834423
4.5600000010 5.4432693310
4.5700000010 5.4527625244
4.5800000010 5.4622630420
4.5900000010 5.4717708935
4.6000000010 5.4812860888
4.6100000010 5.4908086377
4.6200000010 5.5003385693
4.6300000010 5.5098758740
4.6400000010 5.5194205810
4.6500000010 5.5289726904
4.6600000010 5.5385322119
4.6700000010 5.5480991748
4.6800000010 5.5576735791
4.6900000010 5.5672554345
4.7000000010 5.5768447509
4.7100000010 5.5864415478
4.7200000010 5.5960458349
4.7300000010 5.6056576123
4.7400000010 5.6152768994
4.7500000010 5.6249036962
4.7600000010 5.6345380322
4.7700000010 5.6441798974
4.7800000010 5.6538293115
4.7900000010 5.6634862841
4.8000000010 5.6731508251
4.8100000010 5.6828229443
4.8200000010 5.6925026416
4.8300000010 5.7021899267
4.8400000010 5.7118848193
4.8500000010 5.7215873291
4.8600000010 5.7312974462
4.8700000010 5.7410152001
4.8800000010 5.7507405810
4.8900000010 5.7604736083
4.9000000010 5.7702142822
4.9100000010 5.7799626220
4.9200000010 5.7897186279
4.9300000010 5.7994822998
4.9400000010 5.8092536669
4.9500000010 5.8190327099
4.9600000010 5.8288194482
4.9700000010 5.8386138915
4.9800000010 5.8484160400
4.9900000010 5.8582259033
5.0000000010 5.8680434912
5.0100000010 5.8778688134
5.0200000010 5.8877018603
5.0300000010 5.8975426513
5.0400000010 5.9073911865
5.0500000010 5.9172474755
5.0600000010 5.9271115283
5.0700000010 5.9369833349
5.0800000010 5.9468629247
5.0900000010 5.9567502783
5.1000000010 5.9666454150
5.1100000010 5.9765483349
5.1200000010 5.9864590576
5.1300000010 5.9963775634
5.1400000010 6.0063038818
5.1500000010 6.0162380029
5.1600000010 6.0261799365
5.1700000010 6.0361296826
5.1800000010 6.0460872509
5.1900000010 6.0560526513
5.2000000010 6.0660258837
5.2100000010 6.0760069482
5.2200000010 6.0859958544
5.2300000010 6.0959926025
5.2400000010 6.1059972021
5.2500000010 6.1160096630
5.2600000010 6.1260299755
5.2700000010 6.1360581591
5.2800000010 6.1460942040
5.2900000010 6.1561381201
5.3000000010 6.1661899072
5.3100000010 6.1762495849
5.3200000010 6.1863171435
5.3300000010 6.1963925927
5.3400000010 6.2064759423
5.3500000010 6.2165671826
5.3600000010 6.2266663232
5.3700000010 6.2367733740
5.3800000010 6.2468883349
5.3900000010 6.2570112060
5.4000000010 6.2671420068
5.4100000010 6.2772807177
5.4200000010 6.2874273681
5.4300000010 6.2975819482
5.4400000010 6.3077444579
5.4500000010 6.3179149169
5.4600000010 6.3280933154
5.4700000010 6.3382796630
5.4800000010 6.3484739697
5.4900000010 6.3586762255
5.5000000010 6.3688864501
5.5100000010 6.3791046435
5.5200000010 6.3893308056
5.5300000010 6.3995649462
5.5400000010 6.4098070654
5.5500000010 6.4200571728
5.5600000010 6.4303152685
5.5700000010 6.4405813525
5.5800000010 6.4508554443
5.5900000010 6.4611375341
5.6000000010 6.4714276318
5.6100000010 6.4817257470
5.6200000010 6.4920318896
5.6300000010 6.5023460400
5.6400000010 6.5126682275
5.6500000010 6.5229984521
5.6600000010 6.5333367138
5.6700000010 6.5436830224
5.6800000010 6.5540373779
5.6900000010 6.5643997900
5.7000000010 6.5747702685
5.7100000010 6.5851488036
5.7200000010 6.5955354247
5.7300000010 6.6059301122
5.7400000010 6.6163328857
5.7500000010 6.6267437548
5.7600000010 6.6371627196
5.7700000010 6.6475897802
5.7800000010 6.6580249560
5.7900000010 6.6684682470
5.8000000010 6.6789196532
5.8100000010 6.6893791943
5.8200000010 6.6998468700
5.8300000010 6.7103226806
5.8400000010 6.7208066454
5.8500000010 6.7312987548
5.8600000010 6.7417990380
5.8700000010 6.7523074853
5.8800000010 6.7628241064
5.8900000010 6.7733489208
5.9000000010 6.7838819189
5.9100000010 6.7944231200
5.9200000010 6.8049725243
5.9300000010 6.8155301415
5.9400000010 6.8260959911
5.9500000010 6.8366700634
5.9600000010 6.8472523778
5.9700000010 6.8578429345
5.9800000010 6.8684417528
5.9900000010 6.8790488329
6.0000000010 6.8896641845
6.0100000010 6.9002878173
6.0200000010 6.9109197411
6.0300000010 6.9215599657
6.0400000010 6.9322085009
6.0500000010 6.9428653564
6.0600000010 6.9535305419
6.0700000010 6.9642040575
6.0800000010 6.9748859325
6.0900000010 6.9855761571
6.1000000010 6.9962747509
6.1100000010 7.0069817235
6.1200000010 7.0176970849
6.1300000010 7.0284208446
6.1400000010 7.0391530224
6.1500000010 7.0498936181
6.1600000010 7.0606426415
6.1700000010 7.0714001122
6.1800000010 7.0821660302
6.1900000010 7.0929404247
6.2000000010 7.1037232958
6.2100000010 7.1145146532
6.2200000010 7.1253145165
6.2300000010 7.1361228856
6.2400000010 7.1469397899
6.2500000010 7.1577652294
6.2600000010 7.1685992235
6.2700000010 7.1794417821
6.2800000010 7.1902929149
6.2900000010 7.2011526415
6.3000000010 7.2120209813
6.3100000010 7.2228979247
6.3200000010 7.2337835106
6.3300000010 7.2446777392
6.3400000010 7.2555806200
6.3500000010 7.2664921825
6.3600000010 7.2774124364
6.3700000010 7.2883413915
6.3800000010 7.2992790575
6.3900000010 7.3102254638
6.4000000010 7.3211806200
6.4100000010 7.3321445360
6.4200000010 7.3431172411
6.4300000010 7.3540987255
6.4400000010 7.3650890380
6.4500000010 7.3760881688
6.4600000010 7.3870961474
6.4700000010 7.3981129833
6.4800000010 7.4091386962
6.4900000010 7.4201733056
6.5000000010 7.4312168309
6.5100000010 7.4422692821
6.5200000010 7.4533306786
6.5300000010 7.4644010497
6.5400000010 7.4754803954
6.5500000010 7.4865687352
6.5600000010 7.4976661083
6.5700000010 7.5087725145
6.5800000010 7.5198879735
6.5900000010 7.5310125145
6.6000000010 7.5421461473
6.6100000010 7.5532889013
6.6200000010 7.5644407860
6.6300000010 7.5756018212
6.6400000010 7.5867720360
6.6500000010 7.5979514501
6.6600000010 7.6091400731
6.6700000010 7.6203379442
6.6800000010 7.6315450634
6.6900000010 7.6427614696
6.7000000010 7.6539871727
6.7100000010 7.6652222020
6.7200000010 7.6764665673
6.7300000010 7.6877203075
6.7400000010 7.6989834423
6.7500000010 7.7102559813
6.7600000010 7.7215379637
6.7700000010 7.7328293993
6.7800000010 7.7441303270
6.7900000010 7.7554407567
6.8000000010 7.7667607079
6.8100000010 7.7780902294
6.8200000010 7.7894293212
6.8300000010 7.8007780126
6.8400000010 7.8121363426
6.8500000010 7.8235043212
6.8600000010 7.8348819872
6.8700000010 7.8462693505
6.8800000010 7.8576664501
6.8900000010 7.8690733055
6.9000000010 7.8804899462
6.9100000010 7.8919164012
6.9200000010 7.9033526903
6.9300000010 7.9147988426
6.9400000010 7.9262548973
6.9500000010 7.9377208739
6.9600000010 7.9491967919
6.9700000010 7.9606827001
6.9800000010 7.9721786083
6.9900000010 7.9836845458
7.0000000010 7.9952005614
7.0100000010 8.0067266649
7.0200000010 8.0182628954
7.0300000010 8.0298092821
7.0400000010 8.0413658544
7.0500000010 8.0529326415
7.0600000010 8.0645096825
7.0700000010 8.0760969969
7.0800000010 8.0876946239
7.0900000010 8.0993025926
7.1000000010 8.1109209325
7.1100000010 8.1225496825
7.1200000010 8.1341888719
7.1300000010 8.1458385399
7.1400000010 8.1574987157
7.1500000010 8.1691694286
7.1600000010 8.1808507176
7.1700000010 8.1925426219
7.1800000010 8.2042451610
7.1900000010 8.2159583836
7.2000000010 8.2276823192
7.2100000010 8.2394170067
7.2200000010 8.2511624852
7.2300000010 8.2629187840
7.2400000010 8.2746859422
7.2500000010 8.2864639989
7.2600000010 8.2982529930
7.2700000010 8.3100529540
7.2800000010 8.3218639305
7.2900000010 8.3336859520
7.3000000010 8.3455190575
7.3100000010 8.3573632958
7.3200000010 8.3692187059
7.3300000010 8.3810853172
7.3400000010 8.3929631688
7.3500000010 8.4048523192
7.3600000010 8.4167527879
7.3700000010 8.4286646336
7.3800000010 8.4405878856
7.3900000010 8.4525225926
7.4000000010 8.4644687938
7.4100000010 8.4764265379
7.4200000010 8.4883958641
7.4300000010 8.5003768114
7.4400000010 8.5123694286
7.4500000010 8.5243737645
7.4600000010 8.5363898582
7.4700000010 8.5484177489
7.4800000010 8.5604574950
7.4900000010 8.5725091454
7.5000000010 8.5845727293
7.5100000010 8.5966482957
7.5200000010 8.6087359032
7.5300000010 8.6208356004
7.5400000010 8.6329474266
7.5500000010 8.6450714305
7.5600000010 8.6572076610
7.5700000010 8.6693561766
7.5800000010 8.6815170164
7.5900000010 8.6936902391
7.6000000010 8.7058758934
7.6100000010 8.7180740184
7.6200000010 8.7302846825
7.6300000010 8.7425079344
7.6400000010 8.7547438231
7.6500000010 8.7669923973
7.6600000010 8.7792537157
7.6700000010 8.7915278270
7.6800000010 8.8038147899
7.6900000010 8.8161146629
7.7000000010 8.8284274950
7.7100000010 8.8407533543
7.7200000010 8.8530922801
7.7300000010 8.8654443309
7.7400000010 8.8778095750
7.7500000010 8.8901880711
7.7600000010 8.9025798582
7.7700000010 8.9149850145
7.7800000010 8.9274035985
7.7900000010 8.9398356590
7.8000000010 8.9522812645
7.8100000010 8.9647404735
7.8200000010 8.9772133446
7.8300000010 8.9896999461
7.8400000010 9.0022003367
7.8500000010 9.0147145848
7.8600000010 9.0272427391
7.8700000010 9.0397848875
7.8800000010 9.0523410692
7.8900000010 9.0649113719
7.9000000010 9.0774958446
7.9100000010 9.0900945653
7.9200000010 9.1027075926
7.9300000010 9.1153350047
7.9400000010 9.1279768602
7.9500000010 9.1406332371
7.9600000010 9.1533041942
7.9700000010 9.1659898094
7.9800000010 9.1786901512
7.9900000010 9.1914052879
