0.1000000010 0.0575981299 0.9973448682 2.1030491260 2.4137740186
0.2000000010 0.1141326514 0.9898626123 2.1118579541 2.4294267139
0.3000000010 0.1684298096 0.9789910889 2.1255652393 2.4543291162
0.4000000010 0.2191604346 0.9670854541 2.1431241553 2.4870592041
0.5000000010 0.2650663037 0.9573228369 2.1635947022 2.5261265869
0.6000000010 0.3065122510 0.9534339990 2.1862790967 2.5701732471
0.7000000010 0.3420756885 0.9590793506 2.2107250928 2.6180641162
0.8000000010 0.3510329053 0.9768710791 2.2366663916 2.6689030225
0.9000000010 0.3392084424 1.0075618506 2.2639512744 2.7220116065
1.0000000010 0.3078185791 1.0500750635 2.2924817822 2.7768953662
1.1000000010 0.2516002197 1.1022920654 2.3221682568 2.8332086279
1.2000000010 0.1767771826 1.1618785596 2.3528956299 2.8907232275
1.3000000010 0.0690411475 1.2267121045 2.3844958936 2.9493022900
