2.5000000010 0.8721664404 1.6546866260 3.7519510791
2.6000000010 0.9850097607 1.7371692334 3.8262654053
2.7000000010 1.0966747119 1.8196128369 3.8968616358
2.8000000010 1.2073842725 1.9019757471 3.9633124170
2.9000000010 1.3165573486 1.9840798389 4.0250450244
3.0000000010 1.4217802783 2.0656231592 4.0816427881
3.1000000010 1.5122534131 2.1461362158 4.1331610596
3.2000000010 1.6390600635 2.2248726221 4.1804679443
3.3000000010 1.7972554541 2.3005464404 4.2253886182
3.4000000010 1.9719828174 2.3705787061 4.2703630322
3.5000000010 2.1617556690 2.4279166455 4.3176861865
