0.035000 1.000375 2.100225
0.040000 1.000475 2.100275
0.045000 1.000625 2.100325
0.050000 1.000775 2.100425
0.055000 1.000925 2.100475
0.060000 1.001125 2.100575
0.065000 1.001325 2.100675
0.070000 1.001525 2.100825
0.075000 1.001775 2.100925
0.080000 1.001975 2.101075
0.085000 1.002275 2.101175
0.090000 1.002525 2.101325
0.095000 1.002825 2.101475
0.100000 1.003125 2.101625
0.105000 1.003425 2.101825
0.110000 1.003775 2.101975
0.115000 1.004125 2.102175
0.120000 1.004475 2.102375
0.125000 1.004875 2.102575
0.130000 1.005275 2.102775
0.135000 1.005675 2.102975
0.140000 1.006075 2.103225
0.145000 1.006525 2.103475
0.150000 1.006975 2.103725
0.155000 1.007475 2.103975
0.160000 1.007925 2.104225
0.165000 1.008475 2.104475
0.170000 1.008975 2.104775
0.175000 1.009475 2.105025
0.180000 1.010025 2.105325
0.185000 1.010625 2.105625
0.190000 1.011175 2.105925
0.195000 1.011775 2.106275
0.200000 1.012375 2.106575
0.205000 1.013025 2.106925
0.210000 1.013625 2.107275
0.215000 1.014275 2.107625
0.220000 1.014975 2.107975
0.225000 1.015625 2.108325
0.230000 1.016325 2.108725
0.235000 1.017025 2.109075
0.240000 1.017775 2.109475
0.245000 1.018475 2.109875
0.250000 1.019225 2.110275
0.255000 1.020025 2.110725
0.260000 1.020775 2.111125
0.265000 1.021575 2.111575
0.270000 1.022375 2.112025
0.275000 1.023225 2.112475
0.280000 1.024075 2.112925
0.285000 1.024925 2.113375
0.290000 1.025775 2.113875
0.295000 1.026625 2.114325
0.300000 1.027525 2.114825
0.305000 1.028425 2.115325
0.310000 1.029375 2.115825
0.315000 1.030325 2.116375
0.320000 1.031225 2.116875
0.325000 1.032225 2.117425
0.330000 1.033175 2.117975
0.335000 1.034175 2.118525
0.340000 1.035175 2.119075
0.345000 1.036175 2.119625
0.350000 1.037225 2.120225
0.355000 1.038275 2.120825
0.360000 1.039325 2.121375
0.365000 1.040375 2.121975
0.370000 1.041475 2.122625
0.375000 1.042575 2.123225
0.380000 1.043675 2.123875
0.385000 1.044775 2.124475
0.390000 1.045925 2.125125
0.395000 1.047075 2.125775
0.400000 1.048225 2.126425
0.405000 1.049375 2.127125
0.410000 1.050575 2.127775
0.415000 1.051775 2.128475
0.420000 1.052975 2.129175
0.425000 1.054175 2.129875
0.430000 1.055425 2.130575
0.435000 1.056675 2.131325
0.440000 1.057925 2.132025
0.445000 1.059175 2.132775
0.450000 1.060475 2.133525
0.455000 1.061725 2.134275
0.460000 1.063075 2.135025
0.465000 1.064375 2.135825
0.470000 1.065675 2.136575
0.475000 1.067025 2.137375
0.480000 1.068375 2.138175
0.485000 1.069725 2.138975
0.490000 1.071125 2.139775
0.495000 1.072475 2.140625
0.500000 1.073875 2.141475
0.505000 1.075275 2.142275
0.510000 1.076725 2.143125
0.515000 1.078125 2.144025
0.520000 1.079575 2.144875
0.525000 1.081025 2.145725
0.530000 1.082475 2.146625
0.535000 1.083975 2.147525
0.540000 1.085425 2.148425
0.545000 1.086925 2.149325
0.550000 1.088425 2.150225
0.555000 1.089925 2.151175
0.560000 1.091475 2.152125
0.565000 1.092975 2.153075
0.570000 1.094525 2.154025
0.575000 1.096075 2.154975
0.580000 1.097675 2.155925
0.585000 1.099225 2.156925
0.590000 1.100825 2.157925
0.595000 1.102425 2.158925
0.600000 1.104025 2.159925
0.605000 1.105625 2.160925
0.610000 1.107225 2.161975
0.615000 1.108875 2.162975
0.620000 1.110525 2.164025
0.625000 1.112175 2.165075
0.630000 1.113825 2.166125
0.635000 1.115475 2.167225
0.640000 1.117175 2.168275
0.645000 1.118825 2.169375
0.650000 1.120525 2.170475
0.655000 1.122225 2.171575
0.660000 1.123975 2.172675
0.665000 1.125675 2.173825
0.670000 1.127425 2.174925
0.675000 1.129125 2.176075
0.680000 1.130875 2.177225
0.685000 1.132625 2.178375
0.690000 1.134425 2.179525
0.695000 1.136175 2.180725
0.700000 1.137925 2.181925
0.705000 1.139725 2.183075
0.710000 1.141525 2.184275
0.715000 1.143325 2.185525
0.720000 1.145125 2.186725
0.725000 1.146975 2.187975
0.730000 1.148775 2.189175
0.735000 1.150625 2.190425
0.740000 1.152475 2.191675
0.745000 1.154325 2.192975
0.750000 1.156175 2.194225
0.755000 1.158025 2.195525
0.760000 1.159875 2.196825
0.765000 1.161775 2.198125
0.770000 1.163675 2.199425
0.775000 1.165575 2.200725
0.780000 1.167425 2.202075
0.785000 1.169375 2.203425
0.790000 1.171275 2.204725
0.795000 1.173175 2.206125
0.800000 1.175125 2.207475
0.805000 1.177025 2.208825
0.810000 1.178975 2.210225
0.815000 1.180925 2.211625
0.820000 1.182875 2.213025
0.825000 1.184825 2.214425
0.830000 1.186775 2.215825
0.835000 1.188775 2.217275
0.840000 1.190725 2.218725
0.845000 1.192725 2.220175
0.850000 1.194725 2.221625
0.855000 1.196725 2.223075
0.860000 1.198675 2.224575
0.865000 1.200725 2.226025
0.870000 1.202725 2.227525
0.875000 1.204725 2.229025
0.880000 1.206775 2.230525
0.885000 1.208775 2.232075
0.890000 1.210825 2.233575
0.895000 1.212825 2.235125
0.900000 1.214875 2.236675
0.905000 1.216925 2.238225
0.910000 1.218975 2.239825
0.915000 1.221025 2.241375
0.920000 1.223125 2.242975
0.925000 1.225175 2.244575
0.930000 1.227275 2.246175
0.935000 1.229325 2.247775
0.940000 1.231425 2.249425
0.945000 1.233475 2.251025
0.950000 1.235575 2.252675
0.955000 1.237675 2.254325
0.960000 1.239775 2.255975
0.965000 1.241875 2.257675
0.970000 1.243975 2.259325
0.975000 1.246125 2.261025
0.980000 1.248225 2.262725
0.985000 1.250325 2.264425
0.990000 1.252475 2.266125
0.995000 1.254625 2.267875
1.000000 1.256725 2.269575
1.005000 1.258875 2.271325
1.010000 1.261025 2.273075
1.015000 1.263175 2.274875
1.020000 1.265325 2.276625
1.025000 1.267475 2.278425
1.030000 1.269625 2.280175
1.035000 1.271775 2.281975
1.040000 1.273925 2.283825
1.045000 1.276125 2.285625
1.050000 1.278275 2.287475
1.055000 1.280475 2.289275
1.060000 1.282625 2.291125
1.065000 1.284825 2.292975
1.070000 1.286975 2.294875
1.075000 1.289175 2.296725
1.080000 1.291375 2.298625
1.085000 1.293575 2.300525
1.090000 1.295775 2.302425
1.095000 1.297975 2.304325
1.100000 1.300175 2.306225
1.105000 1.302375 2.308175
1.110000 1.304575 2.310125
1.115000 1.306775 2.312075
1.120000 1.308975 2.314025
1.125000 1.311225 2.315975
1.130000 1.313425 2.317975
1.135000 1.315625 2.319975
1.140000 1.317875 2.321975
1.145000 1.320075 2.323975
1.150000 1.322325 2.325975
1.155000 1.324525 2.328025
1.160000 1.326775 2.330025
1.165000 1.329025 2.332075
1.170000 1.331225 2.334125
1.175000 1.333475 2.336225
1.180000 1.335725 2.338275
1.185000 1.337975 2.340375
1.190000 1.340225 2.342425
1.195000 1.342475 2.344525
1.200000 1.344725 2.346675
1.205000 1.346975 2.348775
1.210000 1.349225 2.350925
1.215000 1.351475 2.353025
1.220000 1.353725 2.355175
1.225000 1.355975 2.357325
1.230000 1.358225 2.359525
1.235000 1.360475 2.361675
1.240000 1.362775 2.363875
1.245000 1.365025 2.366075
1.250000 1.367275 2.368275
1.255000 1.369575 2.370475
1.260000 1.371825 2.372675
1.265000 1.374075 2.374925
1.270000 1.376375 2.377175
1.275000 1.378625 2.379425
1.280000 1.380925 2.381675
1.285000 1.383175 2.383925
1.290000 1.385475 2.386225
1.295000 1.387725 2.388525
1.300000 1.390025 2.390825
1.305000 1.392325 2.393125
1.310000 1.394575 2.395425
1.315000 1.396875 2.397775
1.320000 1.399175 2.400075
1.325000 1.401425 2.402425
1.330000 1.403725 2.404775
1.335000 1.406025 2.407125
1.340000 1.408325 2.409525
1.345000 1.410575 2.411875
1.350000 1.412875 2.414275
1.355000 1.415175 2.416675
1.360000 1.417475 2.419075
1.365000 1.419775 2.421475
1.370000 1.422025 2.423925
1.375000 1.424325 2.426375
1.380000 1.426625 2.428825
1.385000 1.428925 2.431275
1.390000 1.431225 2.433725
1.395000 1.433525 2.436175
1.400000 1.435825 2.438675
1.405000 1.438125 2.441175
1.410000 1.440425 2.443675
1.415000 1.442725 2.446175
1.420000 1.445025 2.448675
1.425000 1.447325 2.451225
1.430000 1.449625 2.453725
1.435000 1.451925 2.456275
1.440000 1.454225 2.458825
1.445000 1.456525 2.461375
1.450000 1.458825 2.463975
1.455000 1.461125 2.466525
1.460000 1.463425 2.469125
1.465000 1.465725 2.471725
1.470000 1.468025 2.474325
1.475000 1.470325 2.476975
1.480000 1.472625 2.479575
1.485000 1.474925 2.482225
1.490000 1.477225 2.484875
1.495000 1.479575 2.487525
1.500000 1.481875 2.490175
1.505000 1.484175 2.492825
1.510000 1.486475 2.495525
1.515000 1.488775 2.498225
1.520000 1.491075 2.500875
1.525000 1.493375 2.503625
1.530000 1.495675 2.506325
1.535000 1.498025 2.509025
1.540000 1.500325 2.511775
1.545000 1.502625 2.514525
1.550000 1.504925 2.517275
1.555000 1.507225 2.520025
1.560000 1.509525 2.522775
1.565000 1.511825 2.525525
1.570000 1.514125 2.528325
1.575000 1.516475 2.531125
1.580000 1.518775 2.533925
1.585000 1.521075 2.536725
1.590000 1.523375 2.539525
1.595000 1.525675 2.542375
1.600000 1.527975 2.545225
1.605000 1.530275 2.548025
1.610000 1.532625 2.550925
1.615000 1.534925 2.553775
1.620000 1.537225 2.556625
1.625000 1.539525 2.559525
1.630000 1.541825 2.562375
1.635000 1.544125 2.565275
1.640000 1.546425 2.568175
1.645000 1.548725 2.571075
1.650000 1.551075 2.574025
1.655000 1.553375 2.576925
1.660000 1.555675 2.579875
1.665000 1.557975 2.582825
1.670000 1.560275 2.585775
1.675000 1.562575 2.588725
1.680000 1.564875 2.591675
1.685000 1.567175 2.594675
1.690000 1.569475 2.597675
1.695000 1.571825 2.600675
1.700000 1.574125 2.603675
1.705000 1.576425 2.606675
1.710000 1.578725 2.609675
1.715000 1.581025 2.612725
1.720000 1.583325 2.615725
1.725000 1.585625 2.618775
1.730000 1.587925 2.621825
1.735000 1.590225 2.624875
1.740000 1.592525 2.627975
1.745000 1.594825 2.631025
1.750000 1.597125 2.634125
1.755000 1.599425 2.637175
1.760000 1.601775 2.640275
1.765000 1.604075 2.643425
1.770000 1.606375 2.646525
1.775000 1.608675 2.649625
1.780000 1.610975 2.652775
1.785000 1.613275 2.655925
1.790000 1.615575 2.659025
1.795000 1.617875 2.662175
1.800000 1.620175 2.665375
1.805000 1.622475 2.668525
1.810000 1.624775 2.671725
1.815000 1.627075 2.674875
1.820000 1.629375 2.678075
1.825000 1.631675 2.681275
1.830000 1.633975 2.684475
1.835000 1.636275 2.687675
1.840000 1.638575 2.690925
1.845000 1.640875 2.694125
1.850000 1.643175 2.697375
1.855000 1.645475 2.700625
1.860000 1.647775 2.703875
1.865000 1.650075 2.707125
1.870000 1.652375 2.710375
1.875000 1.654675 2.713675
1.880000 1.656975 2.716925
1.885000 1.659275 2.720225
1.890000 1.661575 2.723525
1.895000 1.663875 2.726825
1.900000 1.666175 2.730125
1.905000 1.668475 2.733475
1.910000 1.670775 2.736775
1.915000 1.673075 2.740125
1.920000 1.675375 2.743475
1.925000 1.677675 2.746825
1.930000 1.679975 2.750175
1.935000 1.682275 2.753525
1.940000 1.684575 2.756875
1.945000 1.686875 2.760275
1.950000 1.689175 2.763625
1.955000 1.691475 2.767025
1.960000 1.693775 2.770425
1.965000 1.696075 2.773825
1.970000 1.698325 2.777225
1.975000 1.700625 2.780625
1.980000 1.702925 2.784075
1.985000 1.705225 2.787525
1.990000 1.707525 2.790925
1.995000 1.709825 2.794375
2.000000 1.712125 2.797825
2.005000 1.714425 2.801275
2.010000 1.716725 2.804775
2.015000 1.719025 2.808225
2.020000 1.721325 2.811675
2.025000 1.723625 2.815175
2.030000 1.725925 2.818675
2.035000 1.728225 2.822175
2.040000 1.730525 2.825675
2.045000 1.732825 2.829175
2.050000 1.735125 2.832725
2.055000 1.737425 2.836225
2.060000 1.739725 2.839775
2.065000 1.742025 2.843275
2.070000 1.744325 2.846825
2.075000 1.746625 2.850375
2.080000 1.748925 2.853925
2.085000 1.751225 2.857475
2.090000 1.753525 2.861075
2.095000 1.755825 2.864625
2.100000 1.758125 2.868225
2.105000 1.760425 2.871825
2.110000 1.762725 2.875425
2.115000 1.765025 2.879025
2.120000 1.767325 2.882625
2.125000 1.769625 2.886225
2.130000 1.771925 2.889825
2.135000 1.774275 2.893475
2.140000 1.776575 2.897075
2.145000 1.778875 2.900725
2.150000 1.781175 2.904375
2.155000 1.783475 2.908025
2.160000 1.785775 2.911675
2.165000 1.788075 2.915325
2.170000 1.790375 2.919025
2.175000 1.792675 2.922675
2.180000 1.794975 2.926375
2.185000 1.797325 2.930025
2.190000 1.799625 2.933725
2.195000 1.801925 2.937425
2.200000 1.804225 2.941125
2.205000 1.806525 2.944825
2.210000 1.808825 2.948525
2.215000 1.811175 2.952275
2.220000 1.813475 2.955975
2.225000 1.815775 2.959725
2.230000 1.818075 2.963475
2.235000 1.820375 2.967225
2.240000 1.822725 2.970975
2.245000 1.825025 2.974725
2.250000 1.827325 2.978475
2.255000 1.829675 2.982225
2.260000 1.831975 2.985975
2.265000 1.834275 2.989775
2.270000 1.836575 2.993575
2.275000 1.838925 2.997325
2.280000 1.841225 3.001125
2.285000 1.843525 3.004925
2.290000 1.845875 3.008725
2.295000 1.848175 3.012525
2.300000 1.850525 3.016375
2.305000 1.852825 3.020175
2.310000 1.855125 3.024025
2.315000 1.857475 3.027825
2.320000 1.859775 3.031675
2.325000 1.862125 3.035525
2.330000 1.864425 3.039375
2.335000 1.866775 3.043225
2.340000 1.869075 3.047075
2.345000 1.871425 3.050925
2.350000 1.873725 3.054775
2.355000 1.876075 3.058675
2.360000 1.878375 3.062525
2.365000 1.880725 3.066425
2.370000 1.883075 3.070325
2.375000 1.885375 3.074175
2.380000 1.887725 3.078075
2.385000 1.890025 3.081975
2.390000 1.892375 3.085875
2.395000 1.894725 3.089825
2.400000 1.897025 3.093725
2.405000 1.899375 3.097625
2.410000 1.901725 3.101575
2.415000 1.904075 3.105525
2.420000 1.906375 3.109425
2.425000 1.908725 3.113375
2.430000 1.911075 3.117325
2.435000 1.913425 3.121275
2.440000 1.915775 3.125225
2.445000 1.918125 3.129175
2.450000 1.920475 3.133175
2.455000 1.922775 3.137125
2.460000 1.925125 3.141125
2.465000 1.927475 3.145075
2.470000 1.929825 3.149075
2.475000 1.932175 3.153075
2.480000 1.934525 3.157025
2.485000 1.936875 3.161025
2.490000 1.939225 3.165025
2.495000 1.941625 3.169025
2.500000 1.943975 3.173075
2.505000 1.946325 3.177075
2.510000 1.948675 3.181075
2.515000 1.951025 3.185125
2.520000 1.953375 3.189125
2.525000 1.955725 3.193175
2.530000 1.958125 3.197225
2.535000 1.960475 3.201275
2.540000 1.962825 3.205325
2.545000 1.965225 3.209375
2.550000 1.967575 3.213425
2.555000 1.969925 3.217475
2.560000 1.972325 3.221525
2.565000 1.974675 3.225625
2.570000 1.977075 3.229675
2.575000 1.979425 3.233775
2.580000 1.981825 3.237825
2.585000 1.984175 3.241925
2.590000 1.986575 3.246025
2.595000 1.988925 3.250125
2.600000 1.991325 3.254175
2.605000 1.993675 3.258275
2.610000 1.996075 3.262425
2.615000 1.998475 3.266525
2.620000 2.000825 3.270625
2.625000 2.003225 3.274725
2.630000 2.005625 3.278875
2.635000 2.008025 3.282975
2.640000 2.010425 3.287125
2.645000 2.012775 3.291275
2.650000 2.015175 3.295375
2.655000 2.017575 3.299525
2.660000 2.019975 3.303675
2.665000 2.022375 3.307825
2.670000 2.024775 3.311975
2.675000 2.027175 3.316125
2.680000 2.029575 3.320325
2.685000 2.031975 3.324475
2.690000 2.034375 3.328625
2.695000 2.036775 3.332825
2.700000 2.039225 3.336975
2.705000 2.041625 3.341175
2.710000 2.044025 3.345375
2.715000 2.046425 3.349525
2.720000 2.048875 3.353725
2.725000 2.051275 3.357925
2.730000 2.053675 3.362125
2.735000 2.056125 3.366325
2.740000 2.058525 3.370525
2.745000 2.060925 3.374725
2.750000 2.063375 3.378975
2.755000 2.065775 3.383175
2.760000 2.068225 3.387375
2.765000 2.070675 3.391625
2.770000 2.073075 3.395875
2.775000 2.075525 3.400075
2.780000 2.077975 3.404325
2.785000 2.080375 3.408575
2.790000 2.082825 3.412775
2.795000 2.085275 3.417025
2.800000 2.087725 3.421275
2.805000 2.090125 3.425525
2.810000 2.092575 3.429825
2.815000 2.095025 3.434075
2.820000 2.097475 3.438325
2.825000 2.099925 3.442575
2.830000 2.102375 3.446875
2.835000 2.104825 3.451125
2.840000 2.107275 3.455425
2.845000 2.109775 3.459675
2.850000 2.112225 3.463975
2.855000 2.114675 3.468275
2.860000 2.117125 3.472525
2.865000 2.119575 3.476825
2.870000 2.122075 3.481125
2.875000 2.124525 3.485425
2.880000 2.127025 3.489725
2.885000 2.129475 3.494025
2.890000 2.131925 3.498375
2.895000 2.134425 3.502675
2.900000 2.136875 3.506975
2.905000 2.139375 3.511325
2.910000 2.141875 3.515625
2.915000 2.144325 3.519975
2.920000 2.146825 3.524275
2.925000 2.149325 3.528625
2.930000 2.151775 3.532925
2.935000 2.154275 3.537275
2.940000 2.156775 3.541625
2.945000 2.159275 3.545975
2.950000 2.161775 3.550325
2.955000 2.164275 3.554675
2.960000 2.166775 3.559025
2.965000 2.169275 3.563375
2.970000 2.171775 3.567725
2.975000 2.174275 3.572075
2.980000 2.176775 3.576475
2.985000 2.179325 3.580825
2.990000 2.181825 3.585175
2.995000 2.184325 3.589575
3.000000 2.186825 3.593925
3.005000 2.189375 3.598325
3.010000 2.191875 3.602725
3.015000 2.194425 3.607075
3.020000 2.196925 3.611475
3.025000 2.199475 3.615875
3.030000 2.201975 3.620275
3.035000 2.204525 3.624675
3.040000 2.207025 3.629075
3.045000 2.209575 3.633475
3.050000 2.212125 3.637875
3.055000 2.214675 3.642275
3.060000 2.217175 3.646675
3.065000 2.219725 3.651125
3.070000 2.222275 3.655525
3.075000 2.224825 3.659925
3.080000 2.227375 3.664375
3.085000 2.229925 3.668775
3.090000 2.232475 3.673225
3.095000 2.235025 3.677625
3.100000 2.237625 3.682075
3.105000 2.240175 3.686525
3.110000 2.242725 3.690975
3.115000 2.245275 3.695375
3.120000 2.247875 3.699825
3.125000 2.250425 3.704275
3.130000 2.252975 3.708725
3.135000 2.255575 3.713175
3.140000 2.258125 3.717625
3.145000 2.260725 3.722075
3.150000 2.263325 3.726575
3.155000 2.265875 3.731025
3.160000 2.268475 3.735475
3.165000 2.271075 3.739925
3.170000 2.273675 3.744425
3.175000 2.276225 3.748875
3.180000 2.278825 3.753375
3.185000 2.281425 3.757825
3.190000 2.284025 3.762325
3.195000 2.286625 3.766825
3.200000 2.289225 3.771275
3.205000 2.291825 3.775775
3.210000 2.294425 3.780275
3.215000 2.297075 3.784775
3.220000 2.299675 3.789275
3.225000 2.302275 3.793725
3.230000 2.304925 3.798225
3.235000 2.307525 3.802725
3.240000 2.310125 3.807275
3.245000 2.312775 3.811775
3.250000 2.315375 3.816275
3.255000 2.318025 3.820775
3.260000 2.320675 3.825275
3.265000 2.323275 3.829825
3.270000 2.325925 3.834325
3.275000 2.328575 3.838825
3.280000 2.331225 3.843375
3.285000 2.333825 3.847875
3.290000 2.336475 3.852425
3.295000 2.339125 3.856975
3.300000 2.341775 3.861475
3.305000 2.344425 3.866025
3.310000 2.347075 3.870575
3.315000 2.349775 3.875075
3.320000 2.352425 3.879625
3.325000 2.355075 3.884175
3.330000 2.357725 3.888725
3.335000 2.360425 3.893275
3.340000 2.363075 3.897825
3.345000 2.365725 3.902375
3.350000 2.368425 3.906925
3.355000 2.371075 3.911475
3.360000 2.373775 3.916025
3.365000 2.376475 3.920625
3.370000 2.379125 3.925175
3.375000 2.381825 3.929725
3.380000 2.384525 3.934325
3.385000 2.387225 3.938875
3.390000 2.389925 3.943425
3.395000 2.392625 3.948025
3.400000 2.395325 3.952575
3.405000 2.398025 3.957175
3.410000 2.400725 3.961775
3.415000 2.403425 3.966325
3.420000 2.406125 3.970925
3.425000 2.408825 3.975525
3.430000 2.411575 3.980125
3.435000 2.414275 3.984675
3.440000 2.416975 3.989275
3.445000 2.419725 3.993875
3.450000 2.422425 3.998475
3.455000 2.425175 4.003075
3.460000 2.427875 4.007675
3.465000 2.430625 4.012275
3.470000 2.433375 4.016875
3.475000 2.436075 4.021475
3.480000 2.438825 4.026125
3.485000 2.441575 4.030725
3.490000 2.444325 4.035325
3.495000 2.447075 4.039925
3.500000 2.449825 4.044575
3.505000 2.452575 4.049175
3.510000 2.455325 4.053775
3.515000 2.458075 4.058425
3.520000 2.460875 4.063025
3.525000 2.463625 4.067675
3.530000 2.466375 4.072275
3.535000 2.469175 4.076925
3.540000 2.471925 4.081575
3.545000 2.474675 4.086175
3.550000 2.477475 4.090825
3.555000 2.480275 4.095475
3.560000 2.483025 4.100125
3.565000 2.485825 4.104775
3.570000 2.488625 4.109375
3.575000 2.491375 4.114025
3.580000 2.494175 4.118675
3.585000 2.496975 4.123325
3.590000 2.499775 4.127975
3.595000 2.502575 4.132625
3.600000 2.505375 4.137275
3.605000 2.508175 4.141975
3.610000 2.510975 4.146625
3.615000 2.513825 4.151275
3.620000 2.516625 4.155925
3.625000 2.519425 4.160625
3.630000 2.522275 4.165275
3.635000 2.525075 4.169925
3.640000 2.527925 4.174625
3.645000 2.530725 4.179275
3.650000 2.533575 4.183925
3.655000 2.536375 4.188625
3.660000 2.539225 4.193275
3.665000 2.542075 4.197975
3.670000 2.544925 4.202675
3.675000 2.547775 4.207325
3.680000 2.550625 4.212025
3.685000 2.553475 4.216725
3.690000 2.556325 4.221375
3.695000 2.559175 4.226075
3.700000 2.562025 4.230775
3.705000 2.564875 4.235475
3.710000 2.567725 4.240175
3.715000 2.570625 4.244875
3.720000 2.573475 4.249575
3.725000 2.576325 4.254225
3.730000 2.579225 4.258925
3.735000 2.582075 4.263675
3.740000 2.584975 4.268375
3.745000 2.587875 4.273075
3.750000 2.590725 4.277775
3.755000 2.593625 4.282475
3.760000 2.596525 4.287175
3.765000 2.599425 4.291875
3.770000 2.602325 4.296625
3.775000 2.605225 4.301325
3.780000 2.608125 4.306025
3.785000 2.611025 4.310775
3.790000 2.613925 4.315475
3.795000 2.616825 4.320225
3.800000 2.619725 4.324925
3.805000 2.622675 4.329675
3.810000 2.625575 4.334375
3.815000 2.628475 4.339125
3.820000 2.631425 4.343825
3.825000 2.634325 4.348575
3.830000 2.637275 4.353275
3.835000 2.640225 4.358025
3.840000 2.643125 4.362775
3.845000 2.646075 4.367525
3.850000 2.649025 4.372225
3.855000 2.651975 4.376975
3.860000 2.654925 4.381725
3.865000 2.657875 4.386475
3.870000 2.660825 4.391225
3.875000 2.663775 4.395975
3.880000 2.666725 4.400725
3.885000 2.669675 4.405475
3.890000 2.672675 4.410225
3.895000 2.675625 4.414975
3.900000 2.678575 4.419725
3.905000 2.681575 4.424475
3.910000 2.684525 4.429225
3.915000 2.687525 4.433975
3.920000 2.690475 4.438725
3.925000 2.693475 4.443525
3.930000 2.696475 4.448275
3.935000 2.699475 4.453025
3.940000 2.702475 4.457825
3.945000 2.705425 4.462575
3.950000 2.708425 4.467325
3.955000 2.711425 4.472125
3.960000 2.714475 4.476875
3.965000 2.717475 4.481675
3.970000 2.720475 4.486425
3.975000 2.723475 4.491225
3.980000 2.726475 4.495975
3.985000 2.729525 4.500775
3.990000 2.732525 4.505525
3.995000 2.735575 4.510325
4.000000 2.738575 4.515125
4.005000 2.741625 4.519875
4.010000 2.744675 4.524675
4.015000 2.747675 4.529475
4.020000 2.750725 4.534275
4.025000 2.753775 4.539025
4.030000 2.756825 4.543825
4.035000 2.759875 4.548625
4.040000 2.762925 4.553425
4.045000 2.765975 4.558225
4.050000 2.769025 4.563025
4.055000 2.772075 4.567825
4.060000 2.775125 4.572625
4.065000 2.778225 4.577425
4.070000 2.781275 4.582225
4.075000 2.784325 4.587025
4.080000 2.787425 4.591825
4.085000 2.790475 4.596625
4.090000 2.793575 4.601425
4.095000 2.796675 4.606225
4.100000 2.799725 4.611075
4.105000 2.802825 4.615875
4.110000 2.805925 4.620675
4.115000 2.809025 4.625475
4.120000 2.812125 4.630325
4.125000 2.815225 4.635125
4.130000 2.818325 4.639925
4.135000 2.821425 4.644775
4.140000 2.824525 4.649575
4.145000 2.827625 4.654425
4.150000 2.830775 4.659225
4.155000 2.833875 4.664075
4.160000 2.837025 4.668875
4.165000 2.840125 4.673725
4.170000 2.843275 4.678525
4.175000 2.846375 4.683375
4.180000 2.849525 4.688175
4.185000 2.852675 4.693025
4.190000 2.855775 4.697875
4.195000 2.858925 4.702675
4.200000 2.862075 4.707525
4.205000 2.865225 4.712375
4.210000 2.868375 4.717225
4.215000 2.871525 4.722075
4.220000 2.874675 4.726875
4.225000 2.877875 4.731725
4.230000 2.881025 4.736575
4.235000 2.884175 4.741425
4.240000 2.887325 4.746275
4.245000 2.890525 4.751125
4.250000 2.893675 4.755975
4.255000 2.896875 4.760825
4.260000 2.900075 4.765675
4.265000 2.903225 4.770525
4.270000 2.906425 4.775375
4.275000 2.909625 4.780225
4.280000 2.912825 4.785075
4.285000 2.916025 4.789925
4.290000 2.919225 4.794775
4.295000 2.922425 4.799675
4.300000 2.925625 4.804525
4.305000 2.928825 4.809375
4.310000 2.932025 4.814225
4.315000 2.935225 4.819125
4.320000 2.938475 4.823975
4.325000 2.941675 4.828825
4.330000 2.944925 4.833725
4.335000 2.948125 4.838575
4.340000 2.951375 4.843425
4.345000 2.954575 4.848325
4.350000 2.957825 4.853175
4.355000 2.961075 4.858075
4.360000 2.964325 4.862925
4.365000 2.967575 4.867825
4.370000 2.970775 4.872675
4.375000 2.974025 4.877575
4.380000 2.977325 4.882425
4.385000 2.980575 4.887325
4.390000 2.983825 4.892225
4.395000 2.987075 4.897075
4.400000 2.990325 4.901975
4.405000 2.993625 4.906875
4.410000 2.996875 4.911725
4.415000 3.000175 4.916625
4.420000 3.003425 4.921525
4.425000 3.006725 4.926425
4.430000 3.010025 4.931325
4.435000 3.013275 4.936175
4.440000 3.016575 4.941075
4.445000 3.019875 4.945975
4.450000 3.023175 4.950875
4.455000 3.026475 4.955775
4.460000 3.029775 4.960675
4.465000 3.033075 4.965575
4.470000 3.036375 4.970475
4.475000 3.039675 4.975375
4.480000 3.043025 4.980275
4.485000 3.046325 4.985175
4.490000 3.049675 4.990075
4.495000 3.052975 4.994975
4.500000 3.056325 4.999875
4.505000 3.059625 5.004775
4.510000 3.062975 5.009725
4.515000 3.066325 5.014625
4.520000 3.069625 5.019525
4.525000 3.072975 5.024425
4.530000 3.076325 5.029325
4.535000 3.079675 5.034275
4.540000 3.083025 5.039175
4.545000 3.086375 5.044075
4.550000 3.089725 5.049025
4.555000 3.093075 5.053925
4.560000 3.096475 5.058825
4.565000 3.099825 5.063775
4.570000 3.103175 5.068675
4.575000 3.106575 5.073625
4.580000 3.109925 5.078525
4.585000 3.113325 5.083475
4.590000 3.116725 5.088375
4.595000 3.120075 5.093325
4.600000 3.123475 5.098225
4.605000 3.126875 5.103175
4.610000 3.130275 5.108075
4.615000 3.133675 5.113025
4.620000 3.137075 5.117975
4.625000 3.140475 5.122875
4.630000 3.143875 5.127825
4.635000 3.147275 5.132775
4.640000 3.150675 5.137675
4.645000 3.154125 5.142625
4.650000 3.157525 5.147575
4.655000 3.160975 5.152525
4.660000 3.164375 5.157425
4.665000 3.167825 5.162375
4.670000 3.171225 5.167325
4.675000 3.174675 5.172275
4.680000 3.178125 5.177225
4.685000 3.181575 5.182175
4.690000 3.184975 5.187075
4.695000 3.188425 5.192025
4.700000 3.191875 5.196975
4.705000 3.195325 5.201925
4.710000 3.198825 5.206875
4.715000 3.202275 5.211825
4.720000 3.205725 5.216775
4.725000 3.209175 5.221725
4.730000 3.212675 5.226725
4.735000 3.216125 5.231675
4.740000 3.219625 5.236625
4.745000 3.223075 5.241575
4.750000 3.226575 5.246525
4.755000 3.230075 5.251475
4.760000 3.233525 5.256425
4.765000 3.237025 5.261425
4.770000 3.240525 5.266375
4.775000 3.244025 5.271325
4.780000 3.247525 5.276275
4.785000 3.251025 5.281275
4.790000 3.254525 5.286225
4.795000 3.258025 5.291175
4.800000 3.261575 5.296175
4.805000 3.265075 5.301125
4.810000 3.268575 5.306075
4.815000 3.272125 5.311075
4.820000 3.275625 5.316025
4.825000 3.279175 5.321025
4.830000 3.282675 5.325975
4.835000 3.286225 5.330975
4.840000 3.289775 5.335925
4.845000 3.293325 5.340925
4.850000 3.296825 5.345875
4.855000 3.300375 5.350875
4.860000 3.303925 5.355825
4.865000 3.307475 5.360825
4.870000 3.311075 5.365775
4.875000 3.314625 5.370775
4.880000 3.318175 5.375775
4.885000 3.321725 5.380725
4.890000 3.325325 5.385725
4.895000 3.328875 5.390725
4.900000 3.332475 5.395675
4.905000 3.336025 5.400675
4.910000 3.339625 5.405675
4.915000 3.343175 5.410675
4.920000 3.346775 5.415675
4.925000 3.350375 5.420625
4.930000 3.353975 5.425625
4.935000 3.357575 5.430625
4.940000 3.361175 5.435625
4.945000 3.364775 5.440625
4.950000 3.368375 5.445625
4.955000 3.371975 5.450625
4.960000 3.375575 5.455625
4.965000 3.379225 5.460625
4.970000 3.382825 5.465625
4.975000 3.386475 5.470625
4.980000 3.390075 5.475625
4.985000 3.393725 5.480625
4.990000 3.397325 5.485625
4.995000 3.400975 5.490625
