4.9340000000 0.0026343117 4.9881736870
4.9350000000 0.0113662148 4.9894363365
4.9360000000 0.0158707848 4.9906990471
4.9370000000 0.0193652611 4.9919618187
4.9380000000 0.0223290291 4.9932246590
4.9390000000 0.0249519386 4.9944875679
4.9400000000 0.0273323021 4.9957505302
4.9410000000 0.0295288429 4.9970135612
4.9420000000 0.0315799522 4.9982766609
4.9430000000 0.0335123482 4.9995398216
4.9440000000 0.0353455238 5.0008030510
4.9450000000 0.0370941811 5.0020663414
4.9460000000 0.0387697868 5.0033296928
4.9470000000 0.0403814278 5.0045931129
4.9480000000 0.0419364891 5.0058566017
4.9490000000 0.0434410515 5.0071201515
4.9500000000 0.0449001961 5.0083837624
4.9510000000 0.0463182335 5.0096474419
4.9520000000 0.0476988182 5.0109111900
4.9530000000 0.0490451317 5.0121749992
4.9540000000 0.0503599205 5.0134388695
4.9550000000 0.0516456032 5.0147028160
4.9560000000 0.0529043007 5.0159668236
4.9570000000 0.0541378975 5.0172308922
4.9580000000 0.0553480873 5.0184950294
4.9590000000 0.0565363808 5.0197592278
4.9600000000 0.0577041206 5.0210235023
4.9610000000 0.0588525352 5.0222878304
4.9620000000 0.0599827538 5.0235522346
4.9630000000 0.0610957832 5.0248167000
4.9640000000 0.0621925468 5.0260812340
4.9650000000 0.0632738991 5.0273458290
4.9660000000 0.0643406181 5.0286104927
4.9670000000 0.0653934288 5.0298752251
4.9680000000 0.0664329948 5.0311400185
4.9690000000 0.0674599266 5.0324048805
4.9700000000 0.0684748039 5.0336698112
4.9710000000 0.0694781532 5.0349348030
4.9720000000 0.0704704781 5.0361998634
4.9730000000 0.0714522362 5.0374649925
4.9740000000 0.0724238625 5.0387301903
4.9750000000 0.0733857613 5.0399954491
4.9760000000 0.0743383141 5.0412607765
4.9770000000 0.0752818871 5.0425261726
4.9780000000 0.0762168083 5.0437916298
4.9790000000 0.0771433983 5.0450571556
4.9800000000 0.0780619545 5.0463227501
4.9810000000 0.0789727669 5.0475884132
4.9820000000 0.0798761024 5.0488541451
4.9830000000 0.0807722130 5.0501199379
4.9840000000 0.0816613426 5.0513858070
4.9850000000 0.0825437126 5.0526517372
4.9860000000 0.0834195518 5.0539177361
4.9870000000 0.0842890587 5.0551837959
4.9880000000 0.0851524391 5.0564499321
4.9890000000 0.0860098763 5.0577161293
4.9900000000 0.0868615379 5.0589824028
4.9910000000 0.0877076149 5.0602487373
4.9920000000 0.0885482597 5.0615151405
4.9930000000 0.0893836327 5.0627816124
4.9940000000 0.0902138786 5.0640481529
4.9950000000 0.0910391502 5.0653147545
4.9960000000 0.0918595772 5.0665814323
4.9970000000 0.0926752892 5.0678481789
4.9980000000 0.0934864159 5.0691149864
4.9990000000 0.0942930794 5.0703818703
