0.0001000000 1.0000000049
0.0011000000 1.0000006006
0.0021000000 1.0000022021
0.0031000000 1.0000048096
0.0041000000 1.0000084033
0.0051000000 1.0000130029
0.0061000000 1.0000186084
0.0071000000 1.0000252100
0.0081000000 1.0000328076
0.0091000000 1.0000414014
0.0101000000 1.0000510107
0.0111000000 1.0000616064
0.0121000000 1.0000732080
0.0131000000 1.0000858057
0.0141000000 1.0000994092
0.0151000000 1.0001140186
0.0161000000 1.0001296143
0.0171000000 1.0001462158
0.0181000000 1.0001638232
0.0191000000 1.0001824268
0.0201000000 1.0002020361
0.0211000000 1.0002226416
0.0221000000 1.0002442432
0.0231000000 1.0002668506
0.0241000000 1.0002904639
0.0251000000 1.0003150732
0.0261000000 1.0003406885
0.0271000000 1.0003672998
0.0281000000 1.0003949072
0.0291000000 1.0004235303
0.0301000000 1.0004531494
0.0311000000 1.0004837646
0.0321000000 1.0005153857
0.0331000000 1.0005480127
0.0341000000 1.0005816357
0.0351000000 1.0006162646
0.0361000000 1.0006518994
0.0371000000 1.0006885303
0.0381000000 1.0007261670
0.0391000000 1.0007648096
0.0401000000 1.0008044482
0.0411000000 1.0008450928
0.0421000000 1.0008867432
0.0431000000 1.0009293994
0.0441000000 1.0009730518
0.0451000000 1.0010177100
0.0461000000 1.0010633740
0.0471000000 1.0011100439
0.0481000000 1.0011577197
0.0491000000 1.0012064014
0.0501000000 1.0012560791
0.0511000000 1.0013067725
0.0521000000 1.0013584619
0.0531000000 1.0014111670
0.0541000000 1.0014648682
0.0551000000 1.0015195850
0.0561000000 1.0015752979
0.0571000000 1.0016320264
0.0581000000 1.0016897510
0.0591000000 1.0017484912
0.0601000000 1.0018082373
0.0611000000 1.0018689893
0.0621000000 1.0019307471
0.0631000000 1.0019935107
0.0641000000 1.0020572900
0.0651000000 1.0021220752
0.0661000000 1.0021878662
0.0671000000 1.0022546729
0.0681000000 1.0023224756
0.0691000000 1.0023912939
0.0701000000 1.0024611279
0.0711000000 1.0025319678
0.0721000000 1.0026038135
0.0731000000 1.0026766748
0.0741000000 1.0027505518
0.0751000000 1.0028254346
0.0761000000 1.0029013232
0.0771000000 1.0029782275
0.0781000000 1.0030561475
0.0791000000 1.0031350830
0.0801000000 1.0032150244
0.0811000000 1.0032959814
0.0821000000 1.0033779443
0.0831000000 1.0034609326
0.0841000000 1.0035449268
0.0851000000 1.0036299365
0.0861000000 1.0037159619
0.0871000000 1.0038030029
0.0881000000 1.0038910596
0.0891000000 1.0039801318
0.0901000000 1.0040702197
0.0911000000 1.0041613232
0.0921000000 1.0042534424
0.0931000000 1.0043465771
0.0941000000 1.0044407373
0.0951000000 1.0045359033
0.0961000000 1.0046320947
0.0971000000 1.0047293115
0.0981000000 1.0048275342
0.0991000000 1.0049267822
0.1001000000 1.0050270557
0.1011000000 1.0051283350
0.1021000000 1.0052306494
0.1031000000 1.0053339795
0.1041000000 1.0054383252
0.1051000000 1.0055436963
0.1061000000 1.0056500928
0.1071000000 1.0057575049
0.1081000000 1.0058659424
0.1091000000 1.0059754053
0.1101000000 1.0060858936
0.1111000000 1.0061974072
0.1121000000 1.0063099365
0.1131000000 1.0064235010
0.1141000000 1.0065380811
0.1151000000 1.0066536963
0.1161000000 1.0067703369
0.1171000000 1.0068879932
0.1181000000 1.0070066846
0.1191000000 1.0071264111
0.1201000000 1.0072471533
0.1211000000 1.0073689307
0.1221000000 1.0074917334
0.1231000000 1.0076155713
0.1241000000 1.0077404346
0.1251000000 1.0078663232
0.1261000000 1.0079932471
0.1271000000 1.0081212061
0.1281000000 1.0082501904
0.1291000000 1.0083802100
0.1301000000 1.0085112646
0.1311000000 1.0086433545
0.1321000000 1.0087764697
0.1331000000 1.0089106299
0.1341000000 1.0090458154
0.1351000000 1.0091820459
0.1361000000 1.0093193018
0.1371000000 1.0094575928
0.1381000000 1.0095969287
0.1391000000 1.0097372998
0.1401000000 1.0098787061
0.1411000000 1.0100211572
0.1421000000 1.0101646338
0.1431000000 1.0103091650
0.1441000000 1.0104547217
0.1451000000 1.0106013330
0.1461000000 1.0107489697
0.1471000000 1.0108976611
0.1481000000 1.0110473877
0.1491000000 1.0111981592
0.1501000000 1.0113499756
0.1511000000 1.0115028271
0.1521000000 1.0116567334
0.1531000000 1.0118116748
0.1541000000 1.0119676611
0.1551000000 1.0121247021
0.1561000000 1.0122827881
0.1571000000 1.0124419092
0.1581000000 1.0126020850
0.1591000000 1.0127633154
0.1601000000 1.0129255908
0.1611000000 1.0130889111
0.1621000000 1.0132532764
0.1631000000 1.0134187061
0.1641000000 1.0135851709
0.1651000000 1.0137527002
0.1661000000 1.0139212744
0.1671000000 1.0140909033
0.1681000000 1.0142615869
0.1691000000 1.0144333154
0.1701000000 1.0146061084
0.1711000000 1.0147799561
0.1721000000 1.0149548486
0.1731000000 1.0151308057
0.1741000000 1.0153078174
0.1751000000 1.0154858838
0.1761000000 1.0156650146
0.1771000000 1.0158452002
0.1781000000 1.0160264404
0.1791000000 1.0162087451
0.1801000000 1.0163921045
0.1811000000 1.0165765283
0.1821000000 1.0167620166
0.1831000000 1.0169485693
0.1841000000 1.0171361768
0.1851000000 1.0173248486
0.1861000000 1.0175145850
0.1871000000 1.0177053857
0.1881000000 1.0178972510
0.1891000000 1.0180901904
0.1901000000 1.0182841846
0.1911000000 1.0184792529
0.1921000000 1.0186753857
0.1931000000 1.0188725830
0.1941000000 1.0190708545
0.1951000000 1.0192701904
0.1961000000 1.0194706006
0.1971000000 1.0196720850
0.1981000000 1.0198746338
0.1991000000 1.0200782568
0.2001000000 1.0202829541
0.2011000000 1.0204887256
0.2021000000 1.0206955615
0.2031000000 1.0209034814
0.2041000000 1.0211124756
0.2051000000 1.0213225439
0.2061000000 1.0215336865
0.2071000000 1.0217459131
0.2081000000 1.0219592139
0.2091000000 1.0221735889
0.2101000000 1.0223890479
0.2111000000 1.0226055811
0.2121000000 1.0228231982
0.2131000000 1.0230418994
0.2141000000 1.0232616748
0.2151000000 1.0234825439
0.2161000000 1.0237044873
0.2171000000 1.0239275146
0.2181000000 1.0241516260
0.2191000000 1.0243768213
0.2201000000 1.0246031006
0.2211000000 1.0248304736
0.2221000000 1.0250589307
0.2231000000 1.0252884717
0.2241000000 1.0255191064
0.2251000000 1.0257508252
0.2261000000 1.0259836377
0.2271000000 1.0262175342
0.2281000000 1.0264525244
0.2291000000 1.0266886084
0.2301000000 1.0269257861
0.2311000000 1.0271640479
0.2321000000 1.0274034131
0.2331000000 1.0276438721
0.2341000000 1.0278854150
0.2351000000 1.0281280615
0.2361000000 1.0283718018
0.2371000000 1.0286166455
0.2381000000 1.0288625830
0.2391000000 1.0291096143
0.2401000000 1.0293577490
0.2411000000 1.0296069775
0.2421000000 1.0298573096
0.2431000000 1.0301087451
0.2441000000 1.0303612842
0.2451000000 1.0306149170
0.2461000000 1.0308696533
0.2471000000 1.0311255029
0.2481000000 1.0313824463
0.2491000000 1.0316405029
0.2501000000 1.0318996533
0.2511000000 1.0321599170
0.2521000000 1.0324212939
0.2531000000 1.0326837646
0.2541000000 1.0329473584
0.2551000000 1.0332120459
0.2561000000 1.0334778564
0.2571000000 1.0337447705
0.2581000000 1.0340127979
0.2591000000 1.0342819287
0.2601000000 1.0345521826
0.2611000000 1.0348235400
0.2621000000 1.0350960205
0.2631000000 1.0353696045
0.2641000000 1.0356443115
0.2651000000 1.0359201318
0.2661000000 1.0361970654
0.2671000000 1.0364751221
0.2681000000 1.0367542920
0.2691000000 1.0370345752
0.2701000000 1.0373159814
0.2711000000 1.0375985107
0.2721000000 1.0378821533
0.2731000000 1.0381669189
0.2741000000 1.0384528076
0.2751000000 1.0387398193
0.2761000000 1.0390279541
0.2771000000 1.0393172119
0.2781000000 1.0396075830
0.2791000000 1.0398990869
0.2801000000 1.0401917236
0.2811000000 1.0404854736
0.2821000000 1.0407803564
0.2831000000 1.0410763623
0.2841000000 1.0413735010
0.2851000000 1.0416717725
0.2861000000 1.0419711670
0.2871000000 1.0422716846
0.2881000000 1.0425733447
0.2891000000 1.0428761279
0.2901000000 1.0431800439
0.2911000000 1.0434850928
0.2921000000 1.0437912744
0.2931000000 1.0440985889
0.2941000000 1.0444070361
0.2951000000 1.0447166260
0.2961000000 1.0450273389
0.2971000000 1.0453391943
0.2981000000 1.0456521924
0.2991000000 1.0459663135
