3.9420000000 0.1832841988 3.7565200310 5.1559695244
3.9430000000 0.1828959618 3.7577626076 5.1572926826
3.9440000000 0.1825072823 3.7590047112 5.1586158867
3.9450000000 0.1821181679 3.7602463799 5.1599391365
3.9460000000 0.1817286186 3.7614876518 5.1612624321
3.9470000000 0.1813386192 3.7627285576 5.1625857735
3.9480000000 0.1809481773 3.7639691200 5.1639091606
3.9490000000 0.1805572929 3.7652093544 5.1652326012
3.9500000000 0.1801659584 3.7664492836 5.1665560799
3.9510000000 0.1797741661 3.7676889229 5.1678796120
3.9520000000 0.1793819313 3.7689282875 5.1692031822
3.9530000000 0.1789892311 3.7701674004 5.1705268059
3.9540000000 0.1785960732 3.7714062614 5.1718504753
3.9550000000 0.1782024574 3.7726448860 5.1731741905
3.9560000000 0.1778083763 3.7738832893 5.1744979515
3.9570000000 0.1774138298 3.7751214790 5.1758217583
3.9580000000 0.1770188103 3.7763594627 5.1771456184
3.9590000000 0.1766233253 3.7775972481 5.1784695168
3.9600000000 0.1762273598 3.7788348427 5.1797934608
3.9610000000 0.1758309212 3.7800722618 5.1811174583
3.9620000000 0.1754340019 3.7813094978 5.1824415016
3.9630000000 0.1750366020 3.7825465660 5.1837655830
3.9640000000 0.1746387138 3.7837834740 5.1850897179
3.9650000000 0.1742403450 3.7850202293 5.1864138985
3.9660000000 0.1738414803 3.7862568245 5.1877381248
3.9670000000 0.1734421196 3.7874932747 5.1890624046
3.9680000000 0.1730422630 3.7887295876 5.1903867226
3.9690000000 0.1726419106 3.7899657555 5.1917110863
3.9700000000 0.1722410545 3.7912018013 5.1930355034
3.9710000000 0.1718396950 3.7924377098 5.1943599663
3.9720000000 0.1714378319 3.7936734962 5.1956844673
3.9730000000 0.1710354500 3.7949091606 5.1970090218
3.9740000000 0.1706325569 3.7961447029 5.1983336220
3.9750000000 0.1702291451 3.7973801384 5.1996582680
3.9760000000 0.1698252144 3.7986154594 5.2009829674
3.9770000000 0.1694207573 3.7998506737 5.2023077049
3.9780000000 0.1690157814 3.8010857811 5.2036324883
3.9790000000 0.1686102638 3.8023207893 5.2049573250
3.9800000000 0.1682042198 3.8035556908 5.2062822075
3.9810000000 0.1677976418 3.8047905006 5.2076071358
3.9820000000 0.1673905220 3.8060252190 5.2089321022
3.9830000000 0.1669828606 3.8072598457 5.2102571297
3.9840000000 0.1665746498 3.8084943810 5.2115821953
3.9850000000 0.1661658897 3.8097288322 5.2129073067
3.9860000000 0.1657565727 3.8109631920 5.2142324715
3.9870000000 0.1653467064 3.8121974754 5.2155576744
3.9880000000 0.1649362755 3.8134316826 5.2168829308
3.9890000000 0.1645252800 3.8146658058 5.2182082329
3.9900000000 0.1641137123 3.8158998528 5.2195335808
3.9910000000 0.1637015800 3.8171338234 5.2208589745
3.9920000000 0.1632888680 3.8183677254 5.2221844139
3.9930000000 0.1628755836 3.8196015511 5.2235098991
3.9940000000 0.1624617119 3.8208353081 5.2248354378
3.9950000000 0.1620472527 3.8220690041 5.2261610222
3.9960000000 0.1616321983 3.8233026314 5.2274866447
3.9970000000 0.1612165565 3.8245361900 5.2288123207
3.9980000000 0.1608003120 3.8257696877 5.2301380425
3.9990000000 0.1603834724 3.8270031242 5.2314638176
4.0000000000 0.1599660149 3.8282364998 5.2327896309
4.0010000000 0.1595479546 3.8294698219 5.2341154900
4.0020000000 0.1591292763 3.8307030830 5.2354414024
4.0030000000 0.1587099800 3.8319362831 5.2367673607
4.0040000000 0.1582900581 3.8331694374 5.2380933647
4.0050000000 0.1578695107 3.8344025383 5.2394194145
4.0060000000 0.1574483299 3.8356355782 5.2407455101
4.0070000000 0.1570265160 3.8368685722 5.2420716515
4.0080000000 0.1566040535 3.8381015205 5.2433978462
4.0090000000 0.1561809502 3.8393344154 5.2447240868
4.0100000000 0.1557571907 3.8405672646 5.2460503654
4.0110000000 0.1553327827 3.8418000679 5.2473766975
4.0120000000 0.1549077110 3.8430328255 5.2487030754
4.0130000000 0.1544819756 3.8442655373 5.2500295067
4.0140000000 0.1540555687 3.8454982033 5.2513559761
4.0150000000 0.1536284904 3.8467308311 5.2526824989
4.0160000000 0.1532007332 3.8479634132 5.2540090599
4.0170000000 0.1527722893 3.8491959572 5.2553356743
4.0180000000 0.1523431511 3.8504284630 5.2566623344
4.0190000000 0.1519133263 3.8516609306 5.2579890480
4.0200000000 0.1514827919 3.8528933601 5.2593157997
4.0210000000 0.1510515556 3.8541257515 5.2606425972
4.0220000000 0.1506196098 3.8553581123 5.2619694481
4.0230000000 0.1501869469 3.8565904274 5.2632963448
4.0240000000 0.1497535667 3.8578227196 5.2646232872
4.0250000000 0.1493194542 3.8590549736 5.2659502754
4.0260000000 0.1488846092 3.8602871895 5.2672773094
4.0270000000 0.1484490242 3.8615193825 5.2686043968
4.0280000000 0.1480126915 3.8627515373 5.2699315300
4.0290000000 0.1475756111 3.8639836617 5.2712587090
4.0300000000 0.1471377754 3.8652157555 5.2725859337
4.0310000000 0.1466991768 3.8664478264 5.2739132042
4.0320000000 0.1462598000 3.8676798668 5.2752405205
4.0330000000 0.1458196602 3.8689118767 5.2765678902
4.0340000000 0.1453787270 3.8701438637 5.2778952980
4.0350000000 0.1449370155 3.8713758202 5.2792227592
4.0360000000 0.1444945030 3.8726077538 5.2805502663
4.0370000000 0.1440511894 3.8738396568 5.2818778191
4.0380000000 0.1436070747 3.8750715370 5.2832054253
4.0390000000 0.1431621361 3.8763034019 5.2845330696
4.0400000000 0.1427163811 3.8775352364 5.2858607674
4.0410000000 0.1422697945 3.8787670479 5.2871885109
4.0420000000 0.1418223763 3.8799988365 5.2885163002
4.0430000000 0.1413741112 3.8812306023 5.2898441429
4.0440000000 0.1409249916 3.8824623528 5.2911720238
4.0450000000 0.1404750175 3.8836940804 5.2924999580
4.0460000000 0.1400241814 3.8849257851 5.2938279381
4.0470000000 0.1395724678 3.8861574745 5.2951559639
4.0480000000 0.1391198769 3.8873891487 5.2964840355
4.0490000000 0.1386663933 3.8886207924 5.2978121529
4.0500000000 0.1382120094 3.8898524284 5.2991403236
4.0510000000 0.1377567253 3.8910840416 5.3004685402
4.0520000000 0.1373005257 3.8923156395 5.3017968025
4.0530000000 0.1368434105 3.8935472221 5.3031251106
4.0540000000 0.1363853569 3.8947787895 5.3044534721
4.0550000000 0.1359263725 3.8960103416 5.3057818718
4.0560000000 0.1354664345 3.8972418785 5.3071103249
4.0570000000 0.1350055428 3.8984734001 5.3084388237
4.0580000000 0.1345436821 3.8997049065 5.3097673683
4.0590000000 0.1340808449 3.9009364052 5.3110959587
4.0600000000 0.1336170235 3.9021678810 5.3124246025
4.0610000000 0.1331522179 3.9033993492 5.3137532921
4.0620000000 0.1326863976 3.9046308098 5.3150820274
4.0630000000 0.1322195702 3.9058622475 5.3164108086
4.0640000000 0.1317517128 3.9070936851 5.3177396355
4.0650000000 0.1312828331 3.9083251076 5.3190685158
4.0660000000 0.1308129005 3.9095565147 5.3203974419
4.0670000000 0.1303419151 3.9107879143 5.3217264137
4.0680000000 0.1298698692 3.9120193062 5.3230554314
4.0690000000 0.1293967400 3.9132506828 5.3243845024
4.0700000000 0.1289225273 3.9144820595 5.3257136116
4.0710000000 0.1284472160 3.9157134209 5.3270427742
4.0720000000 0.1279707985 3.9169447746 5.3283719826
4.0730000000 0.1274932518 3.9181761208 5.3297012367
4.0740000000 0.1270145836 3.9194074593 5.3310305443
4.0750000000 0.1265347633 3.9206387901 5.3323598976
4.0760000000 0.1260537834 3.9218701134 5.3336892967
4.0770000000 0.1255716362 3.9231014290 5.3350187416
4.0780000000 0.1250883064 3.9243327446 5.3363482323
4.0790000000 0.1246037788 3.9255640450 5.3376777763
4.0800000000 0.1241180458 3.9267953453 5.3390073662
4.0810000000 0.1236310921 3.9280266380 5.3403370018
4.0820000000 0.1231428947 3.9292579308 5.3416666832
4.0830000000 0.1226534538 3.9304892159 5.3429964104
4.0840000000 0.1221627464 3.9317204933 5.3443261909
4.0850000000 0.1216707649 3.9329517708 5.3456560173
4.0860000000 0.1211774864 3.9341830406 5.3469858894
4.0870000000 0.1206829033 3.9354143105 5.3483158150
4.0880000000 0.1201869926 3.9366455727 5.3496457787
4.0890000000 0.1196897469 3.9378768349 5.3509757957
4.0900000000 0.1191911430 3.9391080971 5.3523058586
4.0910000000 0.1186911736 3.9403393517 5.3536359673
4.0920000000 0.1181898079 3.9415706062 5.3549661293
4.0930000000 0.1176870461 3.9428018608 5.3562963371
4.0940000000 0.1171828575 3.9440331154 5.3576265907
4.0950000000 0.1166772346 3.9452643623 5.3589568901
4.0960000000 0.1161701469 3.9464956169 5.3602872429
4.0970000000 0.1156615944 3.9477268639 5.3616176338
4.0980000000 0.1151515388 3.9489581108 5.3629480782
4.0990000000 0.1146399727 3.9501893578 5.3642785759
4.1000000000 0.1141268806 3.9514206123 5.3656091118
4.1010000000 0.1136122322 3.9526518593 5.3669397011
4.1020000000 0.1130960045 3.9538831062 5.3682703362
4.1030000000 0.1125781898 3.9551143608 5.3696010170
4.1040000000 0.1120587654 3.9563456078 5.3709317436
4.1050000000 0.1115377007 3.9575768623 5.3722625237
4.1060000000 0.1110149803 3.9588081169 5.3735933495
4.1070000000 0.1104905739 3.9600393715 5.3749242210
4.1080000000 0.1099644661 3.9612706337 5.3762551460
4.1090000000 0.1094366341 3.9625018959 5.3775861092
4.1100000000 0.1089070473 3.9637331581 5.3789171257
4.1110000000 0.1083756828 3.9649644203 5.3802481956
4.1120000000 0.1078425255 3.9661956902 5.3815793037
4.1130000000 0.1073075294 3.9674269600 5.3829104652
4.1140000000 0.1067706871 3.9686582375 5.3842416725
4.1150000000 0.1062319603 3.9698895149 5.3855729256
4.1160000000 0.1056913338 3.9711208000 5.3869042320
4.1170000000 0.1051487617 3.9723520851 5.3882355766
4.1180000000 0.1046042213 3.9735833778 5.3895669746
4.1190000000 0.1040576897 3.9748146782 5.3908984261
4.1200000000 0.1035091362 3.9760459785 5.3922299156
4.1210000000 0.1029585152 3.9772772789 5.3935614586
4.1220000000 0.1024058113 3.9785085945 5.3948930473
4.1230000000 0.1018509789 3.9797399101 5.3962246895
4.1240000000 0.1012939949 3.9809712334 5.3975563698
4.1250000000 0.1007348137 3.9822025566 5.3988881035
4.1260000000 0.1001734123 3.9834338875 5.4002198830
4.1270000000 0.0996097374 3.9846652336 5.4015517159
4.1280000000 0.0990437660 3.9858965721 5.4028835945
4.1290000000 0.0984754601 3.9871279259 5.4042155190
4.1300000000 0.0979047661 3.9883592873 5.4055474892
4.1310000000 0.0973316536 3.9895906487 5.4068795052
4.1320000000 0.0967560844 3.9908220253 5.4082115746
4.1330000000 0.0961780052 3.9920534019 5.4095436897
4.1340000000 0.0955973778 3.9932847939 5.4108758583
4.1350000000 0.0950141487 3.9945161858 5.4122080650
4.1360000000 0.0944282875 3.9957475929 5.4135403252
4.1370000000 0.0938397331 3.9969790001 5.4148726387
4.1380000000 0.0932484322 3.9982104225 5.4162049904
4.1390000000 0.0926543465 3.9994418449 5.4175373955
4.1400000000 0.0920574074 4.0006732826 5.4188698463
4.1410000000 0.0914575768 4.0019047279 5.4202023430
4.1420000000 0.0908547859 4.0031361809 5.4215348930
4.1430000000 0.0902489891 4.0043676414 5.4228674889
4.1440000000 0.0896401100 4.0055991173 5.4242001305
4.1450000000 0.0890281029 4.0068305931 5.4255328255
4.1460000000 0.0884128914 4.0080620842 5.4268655663
4.1470000000 0.0877944221 4.0092935829 5.4281983528
4.1480000000 0.0871726112 4.0105250969 5.4295311852
4.1490000000 0.0865474052 4.0117566185 5.4308640709
4.1500000000 0.0859187126 4.0129881477 5.4321970024
4.1510000000 0.0852864723 4.0142196846 5.4335299797
4.1520000000 0.0846506004 4.0154512367 5.4348630104
4.1530000000 0.0840110207 4.0166827965 5.4361960869
4.1540000000 0.0833676414 4.0179143715 5.4375292091
4.1550000000 0.0827203789 4.0191459541 5.4388623848
4.1560000000 0.0820691414 4.0203775444 5.4401956062
4.1570000000 0.0814138374 4.0216091499 5.4415288734
4.1580000000 0.0807543678 4.0228407707 5.4428621864
4.1590000000 0.0800906258 4.0240723991 5.4441955528
4.1600000000 0.0794225197 4.0253040352 5.4455289650
4.1610000000 0.0787499199 4.0265356865 5.4468624229
4.1620000000 0.0780727348 4.0277673531 5.4481959343
4.1630000000 0.0773908272 4.0289990273 5.4495294914
4.1640000000 0.0767040825 4.0302307167 5.4508631020
4.1650000000 0.0760123634 4.0314624138 5.4521967506
4.1660000000 0.0753155403 4.0326941261 5.4535304527
4.1670000000 0.0746134682 4.0339258537 5.4548642006
4.1680000000 0.0739060020 4.0351575890 5.4561980019
4.1690000000 0.0731929817 4.0363893394 5.4575318489
4.1700000000 0.0724742546 4.0376211052 5.4588657417
4.1710000000 0.0717496376 4.0388528786 5.4601996880
4.1720000000 0.0710189629 4.0400846748 5.4615336800
4.1730000000 0.0702820396 4.0413164787 5.4628677177
4.1740000000 0.0695386696 4.0425482903 5.4642018013
4.1750000000 0.0687886467 4.0437801247 5.4655359383
4.1760000000 0.0680317497 4.0450119667 5.4668701286
4.1770000000 0.0672677498 4.0462438240 5.4682043571
4.1780000000 0.0664964027 4.0474757042 5.4695386391
4.1790000000 0.0657174568 4.0487075844 5.4708729668
4.1800000000 0.0649306374 4.0499394875 5.4722073479
4.1810000000 0.0641356544 4.0511714058 5.4735417747
4.1820000000 0.0633322029 4.0524033394 5.4748762474
4.1830000000 0.0625199623 4.0536352806 5.4762107658
4.1840000000 0.0616985817 4.0548672447 5.4775453377
4.1850000000 0.0608676949 4.0560992165 5.4788799553
4.1860000000 0.0600269051 4.0573312035 5.4802146263
4.1870000000 0.0591758003 4.0585632133 5.4815493431
4.1880000000 0.0583139305 4.0597952309 5.4828841057
4.1890000000 0.0574407997 4.0610272713 5.4842189217
4.1900000000 0.0565559044 4.0622593193 5.4855537834
4.1910000000 0.0556586723 4.0634913902 5.4868886909
4.1920000000 0.0547485161 4.0647234688 5.4882236443
4.1930000000 0.0538247643 4.0659555702 5.4895586510
4.1940000000 0.0528867149 4.0671876869 5.4908937111
4.1950000000 0.0519335899 4.0684198189 5.4922288094
4.1960000000 0.0509645576 4.0696519661 5.4935639610
4.1970000000 0.0499786797 4.0708841286 5.4948991661
4.1980000000 0.0489749565 4.0721163063 5.4962344170
4.1990000000 0.0479522591 4.0733485069 5.4975697136
4.2000000000 0.0469093513 4.0745807228 5.4989050560
4.2010000000 0.0458448601 4.0758129539 5.5002404518
4.2020000000 0.0447572365 4.0770452003 5.5015758934
4.2030000000 0.0436447716 4.0782774620 5.5029113884
4.2040000000 0.0425055046 4.0795097466 5.5042469215
4.2050000000 0.0413372231 4.0807420387 5.5055825157
4.2060000000 0.0401374092 4.0819743614 5.5069181480
4.2070000000 0.0389031258 4.0832066917 5.5082538338
4.2080000000 0.0376310081 4.0844390450 5.5095895729
4.2090000000 0.0363170662 4.0856714134 5.5109253502
4.2100000000 0.0349565926 4.0869037971 5.5122611809
4.2110000000 0.0335439339 4.0881362038 5.5135970650
4.2120000000 0.0320722008 4.0893686256 5.5149329948
4.2130000000 0.0305328407 4.0906010628 5.5162689705
4.2140000000 0.0289150734 4.0918335228 5.5176049995
4.2150000000 0.0272049141 4.0930659981 5.5189410667
4.2160000000 0.0253837013 4.0942984962 5.5202771950
4.2170000000 0.0234255486 4.0955310097 5.5216133690
4.2180000000 0.0212927208 4.0967635384 5.5229495888
4.2190000000 0.0189262505 4.0979960899 5.5242858543
4.2200000000 0.0162242470 4.0992286644 5.5256221733
4.2210000000 0.0129788094 4.1004612465 5.5269585381
4.2220000000 0.0085949440 4.1016938591 5.5282949562
