0.0001000000 1.0000000049
0.0011000000 1.0000001514
0.0021000000 1.0000005615
0.0031000000 1.0000012256
0.0041000000 1.0000021436
0.0051000000 1.0000033252
0.0061000000 1.0000047510
0.0071000000 1.0000064404
0.0081000000 1.0000083740
0.0091000000 1.0000105713
0.0101000000 1.0000130225
0.0111000000 1.0000157373
0.0121000000 1.0000186963
0.0131000000 1.0000219189
0.0141000000 1.0000253857
0.0151000000 1.0000291162
0.0161000000 1.0000331006
0.0171000000 1.0000373389
0.0181000000 1.0000418311
0.0191000000 1.0000465869
0.0201000000 1.0000515869
0.0211000000 1.0000568506
0.0221000000 1.0000623682
0.0231000000 1.0000681396
0.0241000000 1.0000741650
0.0251000000 1.0000804443
0.0261000000 1.0000869873
0.0271000000 1.0000937744
0.0281000000 1.0001008252
0.0291000000 1.0001081299
0.0301000000 1.0001156885
0.0311000000 1.0001235010
0.0321000000 1.0001315674
0.0331000000 1.0001398877
0.0341000000 1.0001484717
0.0351000000 1.0001572998
0.0361000000 1.0001663916
0.0371000000 1.0001757373
0.0381000000 1.0001853369
0.0391000000 1.0001951904
0.0401000000 1.0002052979
0.0411000000 1.0002156592
0.0421000000 1.0002262842
0.0431000000 1.0002371533
0.0441000000 1.0002482861
0.0451000000 1.0002596729
0.0461000000 1.0002713135
0.0471000000 1.0002832080
0.0481000000 1.0002953564
0.0491000000 1.0003077588
0.0501000000 1.0003204150
0.0511000000 1.0003333350
0.0521000000 1.0003464990
0.0531000000 1.0003599268
0.0541000000 1.0003735986
0.0551000000 1.0003875342
0.0561000000 1.0004017236
0.0571000000 1.0004161670
0.0581000000 1.0004308643
0.0591000000 1.0004458154
0.0601000000 1.0004610205
0.0611000000 1.0004764795
0.0621000000 1.0004921924
0.0631000000 1.0005081689
0.0641000000 1.0005243896
0.0651000000 1.0005408740
0.0661000000 1.0005576025
0.0671000000 1.0005745947
0.0681000000 1.0005918311
0.0691000000 1.0006093311
0.0701000000 1.0006270850
0.0711000000 1.0006450830
0.0721000000 1.0006633447
0.0731000000 1.0006818604
0.0741000000 1.0007006299
0.0751000000 1.0007196533
0.0761000000 1.0007389209
0.0771000000 1.0007584521
0.0781000000 1.0007782373
0.0791000000 1.0007982764
0.0801000000 1.0008185693
0.0811000000 1.0008391162
0.0821000000 1.0008599170
0.0831000000 1.0008809717
0.0841000000 1.0009022803
0.0851000000 1.0009238428
0.0861000000 1.0009456592
0.0871000000 1.0009677295
0.0881000000 1.0009900537
0.0891000000 1.0010126221
0.0901000000 1.0010354541
0.0911000000 1.0010585400
0.0921000000 1.0010818799
0.0931000000 1.0011054639
0.0941000000 1.0011293115
0.0951000000 1.0011534131
0.0961000000 1.0011777588
0.0971000000 1.0012023682
0.0981000000 1.0012272217
0.0991000000 1.0012523389
0.1001000000 1.0012777002
0.1011000000 1.0013033154
0.1021000000 1.0013291846
0.1031000000 1.0013553076
0.1041000000 1.0013816846
0.1051000000 1.0014083154
0.1061000000 1.0014352002
0.1071000000 1.0014623389
0.1081000000 1.0014897217
0.1091000000 1.0015173682
0.1101000000 1.0015452588
0.1111000000 1.0015734033
0.1121000000 1.0016018018
0.1131000000 1.0016304541
0.1141000000 1.0016593604
0.1151000000 1.0016885205
0.1161000000 1.0017179248
0.1171000000 1.0017475830
0.1181000000 1.0017775049
0.1191000000 1.0018076709
0.1201000000 1.0018380811
0.1211000000 1.0018687549
0.1221000000 1.0018996826
0.1231000000 1.0019308545
0.1241000000 1.0019622803
0.1251000000 1.0019939600
0.1261000000 1.0020258936
0.1271000000 1.0020580713
0.1281000000 1.0020905029
0.1291000000 1.0021231885
0.1301000000 1.0021561279
0.1311000000 1.0021893213
0.1321000000 1.0022227588
0.1331000000 1.0022564502
0.1341000000 1.0022903955
0.1351000000 1.0023245947
0.1361000000 1.0023590381
0.1371000000 1.0023937354
0.1381000000 1.0024286865
0.1391000000 1.0024638818
0.1401000000 1.0024993311
0.1411000000 1.0025350342
0.1421000000 1.0025709912
0.1431000000 1.0026071924
0.1441000000 1.0026436475
0.1451000000 1.0026803564
0.1461000000 1.0027173096
0.1471000000 1.0027545166
0.1481000000 1.0027919775
0.1491000000 1.0028296826
0.1501000000 1.0028676416
0.1511000000 1.0029058545
0.1521000000 1.0029443115
0.1531000000 1.0029830225
0.1541000000 1.0030219775
0.1551000000 1.0030611865
0.1561000000 1.0031006494
0.1571000000 1.0031403564
0.1581000000 1.0031803174
0.1591000000 1.0032205322
0.1601000000 1.0032609912
0.1611000000 1.0033016943
0.1621000000 1.0033426611
0.1631000000 1.0033838623
0.1641000000 1.0034253271
0.1651000000 1.0034670264
0.1661000000 1.0035089893
0.1671000000 1.0035511963
0.1681000000 1.0035936475
0.1691000000 1.0036363525
0.1701000000 1.0036793018
0.1711000000 1.0037225049
0.1721000000 1.0037659619
0.1731000000 1.0038096533
0.1741000000 1.0038536084
0.1751000000 1.0038978076
0.1761000000 1.0039422510
0.1771000000 1.0039869482
0.1781000000 1.0040318896
0.1791000000 1.0040770752
0.1801000000 1.0041225146
0.1811000000 1.0041682080
0.1821000000 1.0042141455
0.1831000000 1.0042603271
0.1841000000 1.0043067627
0.1851000000 1.0043534424
0.1861000000 1.0044003662
0.1871000000 1.0044475439
0.1881000000 1.0044949658
0.1891000000 1.0045426318
0.1901000000 1.0045905518
0.1911000000 1.0046387158
0.1921000000 1.0046871338
0.1931000000 1.0047357959
0.1941000000 1.0047847021
0.1951000000 1.0048338525
0.1961000000 1.0048832568
0.1971000000 1.0049329053
0.1981000000 1.0049827979
0.1991000000 1.0050329443
