0.0000010000 1.0000312500
0.0050010000 1.0000312500
0.0100010000 1.0000312500
0.0150010000 1.0000312500
0.0200010000 1.0000312500
0.0250010000 1.0000937500
0.0300010000 1.0000937500
0.0350010000 1.0001562500
0.0400010000 1.0002187500
0.0450010000 1.0002812500
0.0500010000 1.0003437500
0.0550010000 1.0004062500
0.0600010000 1.0004687500
0.0650010000 1.0005312500
0.0700010000 1.0006562500
0.0750010000 1.0007187500
0.0800010000 1.0008437500
0.0850010000 1.0009062500
0.0900010000 1.0010312500
0.0950010000 1.0011562500
0.1000010000 1.0012812500
0.1050010000 1.0014062500
0.1100010000 1.0015312500
0.1150010000 1.0016562500
0.1200010000 1.0018437500
0.1250010000 1.0019687500
0.1300010000 1.0021562500
0.1350010000 1.0023437500
0.1400010000 1.0024687500
0.1450010000 1.0026562500
0.1500010000 1.0028437500
0.1550010000 1.0030312500
0.1600010000 1.0032812500
0.1650010000 1.0034687500
0.1700010000 1.0036562500
0.1750010000 1.0039062500
0.1800010000 1.0040937500
0.1850010000 1.0043437500
0.1900010000 1.0045937500
0.1950010000 1.0048437500
0.2000010000 1.0050937500
0.2050010000 1.0053437500
0.2100010000 1.0055937500
0.2150010000 1.0058437500
0.2200010000 1.0061562500
0.2250010000 1.0064062500
0.2300010000 1.0067187500
0.2350010000 1.0069687500
0.2400010000 1.0072812500
0.2450010000 1.0075937500
0.2500010000 1.0079062500
0.2550010000 1.0082187500
0.2600010000 1.0085312500
0.2650010000 1.0089062500
0.2700010000 1.0092187500
0.2750010000 1.0095312500
0.2800010000 1.0099062500
0.2850010000 1.0102812500
0.2900010000 1.0105937500
0.2950010000 1.0109687500
0.3000010000 1.0113437500
0.3050010000 1.0117187500
0.3100010000 1.0120937500
0.3150010000 1.0124687500
0.3200010000 1.0129062500
0.3250010000 1.0132812500
0.3300010000 1.0137187500
0.3350010000 1.0140937500
0.3400010000 1.0145312500
0.3450010000 1.0149687500
0.3500010000 1.0153437500
0.3550010000 1.0157812500
0.3600010000 1.0162187500
0.3650010000 1.0167187500
0.3700010000 1.0171562500
0.3750010000 1.0175937500
0.3800010000 1.0180312500
0.3850010000 1.0185312500
0.3900010000 1.0190312500
0.3950010000 1.0194687500
0.4000010000 1.0199687500
0.4050010000 1.0204687500
0.4100010000 1.0209687500
0.4150010000 1.0214687500
0.4200010000 1.0219687500
0.4250010000 1.0224687500
0.4300010000 1.0229687500
0.4350010000 1.0235312500
0.4400010000 1.0240312500
0.4450010000 1.0245937500
0.4500010000 1.0251562500
0.4550010000 1.0256562500
0.4600010000 1.0262187500
0.4650010000 1.0267812500
0.4700010000 1.0273437500
0.4750010000 1.0279062500
0.4800010000 1.0284687500
0.4850010000 1.0290312500
0.4900010000 1.0296562500
0.4950010000 1.0302187500
0.5000010000 1.0308437500
0.5050010000 1.0314062500
0.5100010000 1.0320312500
0.5150010000 1.0326562500
0.5200010000 1.0332187500
0.5250010000 1.0338437500
0.5300010000 1.0344687500
0.5350010000 1.0350937500
0.5400010000 1.0357187500
0.5450010000 1.0364062500
0.5500010000 1.0370312500
0.5550010000 1.0376562500
0.5600010000 1.0383437500
0.5650010000 1.0389687500
0.5700010000 1.0396562500
0.5750010000 1.0403437500
0.5800010000 1.0409687500
0.5850010000 1.0416562500
0.5900010000 1.0423437500
0.5950010000 1.0430312500
0.6000010000 1.0437187500
0.6050010000 1.0444062500
0.6100010000 1.0451562500
0.6150010000 1.0458437500
0.6200010000 1.0465312500
0.6250010000 1.0472812500
0.6300010000 1.0479687500
0.6350010000 1.0487187500
0.6400010000 1.0494687500
0.6450010000 1.0501562500
0.6500010000 1.0509062500
0.6550010000 1.0516562500
0.6600010000 1.0524062500
0.6650010000 1.0531562500
0.6700010000 1.0539062500
0.6750010000 1.0546562500
0.6800010000 1.0554687500
0.6850010000 1.0562187500
0.6900010000 1.0569687500
0.6950010000 1.0577812500
0.7000010000 1.0585312500
0.7050010000 1.0593437500
0.7100010000 1.0601562500
0.7150010000 1.0609062500
0.7200010000 1.0617187500
0.7250010000 1.0625312500
0.7300010000 1.0633437500
0.7350010000 1.0641562500
0.7400010000 1.0649687500
0.7450010000 1.0657812500
0.7500010000 1.0666562500
0.7550010000 1.0674687500
0.7600010000 1.0682812500
0.7650010000 1.0691562500
0.7700010000 1.0699687500
0.7750010000 1.0708437500
0.7800010000 1.0716562500
0.7850010000 1.0725312500
0.7900010000 1.0734062500
0.7950010000 1.0742187500
0.8000010000 1.0750937500
0.8050010000 1.0759687500
0.8100010000 1.0768437500
0.8150010000 1.0777187500
0.8200010000 1.0785937500
0.8250010000 1.0794687500
0.8300010000 1.0804062500
0.8350010000 1.0812812500
0.8400010000 1.0821562500
0.8450010000 1.0830937500
0.8500010000 1.0839687500
0.8550010000 1.0849062500
0.8600010000 1.0857812500
0.8650010000 1.0867187500
0.8700010000 1.0876562500
0.8750010000 1.0885312500
0.8800010000 1.0894687500
0.8850010000 1.0904062500
0.8900010000 1.0913437500
0.8950010000 1.0922812500
0.9000010000 1.0932187500
0.9050010000 1.0941562500
0.9100010000 1.0950937500
0.9150010000 1.0960312500
0.9200010000 1.0970312500
0.9250010000 1.0979687500
0.9300010000 1.0989062500
0.9350010000 1.0999062500
0.9400010000 1.1008437500
0.9450010000 1.1018437500
0.9500010000 1.1027812500
0.9550010000 1.1037812500
0.9600010000 1.1047812500
0.9650010000 1.1057812500
0.9700010000 1.1067187500
0.9750010000 1.1077187500
0.9800010000 1.1087187500
0.9850010000 1.1097187500
0.9900010000 1.1107187500
0.9950010000 1.1117187500
1.0000010000 1.1127187500
1.0050010000 1.1137187500
1.0100010000 1.1147812500
1.0150010000 1.1157812500
1.0200010000 1.1167812500
1.0250010000 1.1178437500
1.0300010000 1.1188437500
