2.410000 0.002775
2.415000 0.006525
2.420000 0.010175
2.425000 0.013825
2.430000 0.017475
2.435000 0.021025
2.440000 0.024575
2.445000 0.028075
2.450000 0.031525
2.455000 0.034925
2.460000 0.038325
2.465000 0.041675
2.470000 0.045025
2.475000 0.048325
2.480000 0.051575
2.485000 0.054825
2.490000 0.058025
2.495000 0.061225
2.500000 0.064375
2.505000 0.067475
2.510000 0.070575
2.515000 0.073675
2.520000 0.076725
2.525000 0.079725
2.530000 0.082725
2.535000 0.085725
2.540000 0.088675
2.545000 0.091625
2.550000 0.094525
2.555000 0.097425
2.560000 0.100275
2.565000 0.103175
2.570000 0.105975
2.575000 0.108775
2.580000 0.111575
2.585000 0.114375
2.590000 0.117125
2.595000 0.119875
2.600000 0.122575
2.605000 0.125275
2.610000 0.127975
2.615000 0.130675
2.620000 0.133325
2.625000 0.135975
2.630000 0.138575
2.635000 0.141175
2.640000 0.143775
2.645000 0.146375
2.650000 0.148925
2.655000 0.151475
2.660000 0.154025
2.665000 0.156525
2.670000 0.159025
2.675000 0.161525
2.680000 0.164025
2.685000 0.166475
2.690000 0.168925
2.695000 0.171375
2.700000 0.173825
2.705000 0.176225
2.710000 0.178625
2.715000 0.181025
2.720000 0.183425
2.725000 0.185775
2.730000 0.188175
2.735000 0.190525
2.740000 0.192825
2.745000 0.195175
2.750000 0.197475
2.755000 0.199775
2.760000 0.202075
2.765000 0.204375
2.770000 0.206625
2.775000 0.208925
2.780000 0.211175
2.785000 0.213425
2.790000 0.215625
2.795000 0.217875
2.800000 0.220075
2.805000 0.222275
2.810000 0.224475
2.815000 0.226675
2.820000 0.228875
2.825000 0.231025
2.830000 0.233175
2.835000 0.235325
2.840000 0.237475
2.845000 0.239625
2.850000 0.241775
2.855000 0.243875
2.860000 0.245975
2.865000 0.248075
2.870000 0.250175
2.875000 0.252275
2.880000 0.254375
2.885000 0.256425
2.890000 0.258475
2.895000 0.260525
2.900000 0.262575
2.905000 0.264625
2.910000 0.266675
2.915000 0.268725
2.920000 0.270725
2.925000 0.272725
2.930000 0.274725
2.935000 0.276725
2.940000 0.278725
2.945000 0.280725
2.950000 0.282725
2.955000 0.284675
2.960000 0.286625
2.965000 0.288625
2.970000 0.290575
2.975000 0.292525
2.980000 0.294425
2.985000 0.296375
2.990000 0.298325
2.995000 0.300225
3.000000 0.302125
3.005000 0.304075
3.010000 0.305975
3.015000 0.307875
3.020000 0.309775
3.025000 0.311625
3.030000 0.313525
3.035000 0.315375
3.040000 0.317275
3.045000 0.319125
3.050000 0.320975
3.055000 0.322825
3.060000 0.324675
3.065000 0.326525
3.070000 0.328375
3.075000 0.330175
3.080000 0.332025
3.085000 0.333825
3.090000 0.335675
3.095000 0.337475
3.100000 0.339275
3.105000 0.341075
3.110000 0.342875
3.115000 0.344675
3.120000 0.346425
3.125000 0.348225
3.130000 0.350025
3.135000 0.351775
3.140000 0.353525
3.145000 0.355325
3.150000 0.357075
3.155000 0.358825
3.160000 0.360575
3.165000 0.362325
3.170000 0.364025
3.175000 0.365775
3.180000 0.367525
3.185000 0.369225
3.190000 0.370925
3.195000 0.372675
3.200000 0.374375
3.205000 0.376075
3.210000 0.377775
3.215000 0.379475
3.220000 0.381175
3.225000 0.382875
3.230000 0.384525
3.235000 0.386225
3.240000 0.387925
3.245000 0.389575
3.250000 0.391225
3.255000 0.392925
3.260000 0.394575
3.265000 0.396225
3.270000 0.397875
3.275000 0.399525
3.280000 0.401175
3.285000 0.402825
3.290000 0.404475
3.295000 0.406075
3.300000 0.407725
3.305000 0.409325
3.310000 0.410975
3.315000 0.412575
3.320000 0.414175
3.325000 0.415825
3.330000 0.417425
3.335000 0.419025
3.340000 0.420625
3.345000 0.422225
3.350000 0.423825
3.355000 0.425375
3.360000 0.426975
3.365000 0.428575
3.370000 0.430125
3.375000 0.431725
3.380000 0.433275
3.385000 0.434825
3.390000 0.436425
3.395000 0.437975
3.400000 0.439525
3.405000 0.441075
3.410000 0.442625
3.415000 0.444175
3.420000 0.445725
3.425000 0.447275
3.430000 0.448825
3.435000 0.450325
3.440000 0.451875
3.445000 0.453375
3.450000 0.454925
3.455000 0.456425
3.460000 0.457975
3.465000 0.459475
3.470000 0.460975
3.475000 0.462475
3.480000 0.463975
3.485000 0.465475
3.490000 0.466975
3.495000 0.468475
3.500000 0.469975
3.505000 0.471475
3.510000 0.472975
3.515000 0.474425
3.520000 0.475925
3.525000 0.477375
3.530000 0.478875
3.535000 0.480325
3.540000 0.481825
3.545000 0.483275
3.550000 0.484725
3.555000 0.486175
3.560000 0.487675
3.565000 0.489125
3.570000 0.490575
3.575000 0.492025
3.580000 0.493425
3.585000 0.494875
3.590000 0.496325
3.595000 0.497775
3.600000 0.499175
3.605000 0.500625
3.610000 0.502075
3.615000 0.503475
3.620000 0.504925
3.625000 0.506325
3.630000 0.507725
3.635000 0.509175
3.640000 0.510575
3.645000 0.511975
3.650000 0.513375
3.655000 0.514775
3.660000 0.516175
3.665000 0.517575
3.670000 0.518975
3.675000 0.520375
3.680000 0.521775
3.685000 0.523125
3.690000 0.524525
3.695000 0.525925
3.700000 0.527275
3.705000 0.528675
3.710000 0.530025
3.715000 0.531425
3.720000 0.532775
3.725000 0.534125
3.730000 0.535525
3.735000 0.536875
3.740000 0.538225
3.745000 0.539575
3.750000 0.540925
3.755000 0.542275
3.760000 0.543625
3.765000 0.544975
3.770000 0.546325
3.775000 0.547675
3.780000 0.549025
3.785000 0.550325
3.790000 0.551675
3.795000 0.553025
3.800000 0.554325
3.805000 0.555675
3.810000 0.556975
3.815000 0.558325
3.820000 0.559625
3.825000 0.560925
3.830000 0.562225
3.835000 0.563575
3.840000 0.564875
3.845000 0.566175
3.850000 0.567475
3.855000 0.568775
3.860000 0.570075
3.865000 0.571375
3.870000 0.572675
3.875000 0.573975
3.880000 0.575275
3.885000 0.576525
3.890000 0.577825
3.895000 0.579125
3.900000 0.580375
3.905000 0.581675
3.910000 0.582975
3.915000 0.584225
3.920000 0.585475
3.925000 0.586775
3.930000 0.588025
3.935000 0.589325
3.940000 0.590575
3.945000 0.591825
3.950000 0.593075
3.955000 0.594325
3.960000 0.595575
3.965000 0.596825
3.970000 0.598075
3.975000 0.599325
3.980000 0.600575
3.985000 0.601825
3.990000 0.603075
3.995000 0.604325
4.000000 0.605525
4.005000 0.606775
4.010000 0.608025
4.015000 0.609225
4.020000 0.610475
4.025000 0.611675
4.030000 0.612925
4.035000 0.614125
4.040000 0.615375
4.045000 0.616575
4.050000 0.617775
4.055000 0.618975
4.060000 0.620225
4.065000 0.621425
4.070000 0.622625
4.075000 0.623825
4.080000 0.625025
4.085000 0.626225
4.090000 0.627425
4.095000 0.628625
4.100000 0.629825
4.105000 0.631025
4.110000 0.632175
4.115000 0.633375
4.120000 0.634575
4.125000 0.635725
4.130000 0.636925
4.135000 0.638125
4.140000 0.639275
4.145000 0.640475
4.150000 0.641625
4.155000 0.642775
4.160000 0.643975
4.165000 0.645125
4.170000 0.646275
4.175000 0.647475
4.180000 0.648625
4.185000 0.649775
4.190000 0.650925
4.195000 0.652075
4.200000 0.653225
4.205000 0.654375
4.210000 0.655525
4.215000 0.656675
4.220000 0.657825
4.225000 0.658975
4.230000 0.660125
4.235000 0.661225
4.240000 0.662375
4.245000 0.663525
4.250000 0.664625
4.255000 0.665775
4.260000 0.666875
4.265000 0.668025
4.270000 0.669125
4.275000 0.670275
4.280000 0.671375
4.285000 0.672525
4.290000 0.673625
4.295000 0.674725
4.300000 0.675825
4.305000 0.676975
4.310000 0.678075
4.315000 0.679175
4.320000 0.680275
4.325000 0.681375
4.330000 0.682475
4.335000 0.683575
4.340000 0.684675
4.345000 0.685775
4.350000 0.686875
4.355000 0.687925
4.360000 0.689025
4.365000 0.690125
4.370000 0.691225
4.375000 0.692275
4.380000 0.693375
4.385000 0.694425
4.390000 0.695525
4.395000 0.696575
4.400000 0.697675
4.405000 0.698725
4.410000 0.699825
4.415000 0.700875
4.420000 0.701925
4.425000 0.702975
4.430000 0.704075
4.435000 0.705125
4.440000 0.706175
4.445000 0.707225
4.450000 0.708275
4.455000 0.709325
4.460000 0.710375
4.465000 0.711425
4.470000 0.712475
4.475000 0.713525
4.480000 0.714575
4.485000 0.715625
4.490000 0.716625
4.495000 0.717675
4.500000 0.718725
4.505000 0.719725
4.510000 0.720775
4.515000 0.721825
4.520000 0.722825
4.525000 0.723875
4.530000 0.724875
4.535000 0.725875
4.540000 0.726925
4.545000 0.727925
4.550000 0.728925
4.555000 0.729975
4.560000 0.730975
4.565000 0.731975
4.570000 0.732975
4.575000 0.733975
4.580000 0.734975
4.585000 0.735975
4.590000 0.736975
4.595000 0.737975
4.600000 0.738975
4.605000 0.739975
4.610000 0.740975
4.615000 0.741975
4.620000 0.742975
4.625000 0.743925
4.630000 0.744925
4.635000 0.745925
4.640000 0.746875
4.645000 0.747875
4.650000 0.748875
4.655000 0.749825
4.660000 0.750825
4.665000 0.751775
4.670000 0.752725
4.675000 0.753725
4.680000 0.754675
4.685000 0.755625
4.690000 0.756625
4.695000 0.757575
4.700000 0.758525
4.705000 0.759475
4.710000 0.760425
4.715000 0.761375
4.720000 0.762325
4.725000 0.763275
4.730000 0.764225
4.735000 0.765175
4.740000 0.766125
4.745000 0.767075
4.750000 0.768025
4.755000 0.768925
4.760000 0.769875
4.765000 0.770825
4.770000 0.771775
4.775000 0.772675
4.780000 0.773625
4.785000 0.774525
4.790000 0.775475
4.795000 0.776375
4.800000 0.777325
4.805000 0.778225
4.810000 0.779125
4.815000 0.780075
4.820000 0.780975
4.825000 0.781875
4.830000 0.782775
4.835000 0.783725
4.840000 0.784625
4.845000 0.785525
4.850000 0.786425
4.855000 0.787325
4.860000 0.788225
4.865000 0.789125
4.870000 0.790025
4.875000 0.790925
4.880000 0.791775
4.885000 0.792675
4.890000 0.793575
4.895000 0.794475
4.900000 0.795325
4.905000 0.796225
4.910000 0.797125
4.915000 0.797975
4.920000 0.798875
4.925000 0.799725
4.930000 0.800625
4.935000 0.801475
4.940000 0.802375
4.945000 0.803225
4.950000 0.804075
4.955000 0.804925
4.960000 0.805825
4.965000 0.806675
4.970000 0.807525
4.975000 0.808375
4.980000 0.809225
4.985000 0.810075
4.990000 0.810925
4.995000 0.811775
