0.6250000000 0.2256750000 1.0833750000 2.1964250000 2.3759250000
0.6350000000 0.2291250000 1.0862750000 2.1990250000 2.3793750000
0.6450000000 0.2326250000 1.0892250000 2.2016750000 2.3828250000
0.6550000000 0.2360750000 1.0922250000 2.2043750000 2.3863250000
0.6650000000 0.2395250000 1.0952750000 2.2070750000 2.3898750000
0.6750000000 0.2429250000 1.0984250000 2.2097750000 2.3934250000
0.6850000000 0.2463750000 1.1015750000 2.2124750000 2.3970750000
0.6950000000 0.2497750000 1.1048250000 2.2152250000 2.4006750000
0.7050000000 0.2531750000 1.1080750000 2.2179750000 2.4043750000
0.7150000000 0.2565750000 1.1114250000 2.2207750000 2.4080750000
0.7250000000 0.2599750000 1.1148250000 2.2235750000 2.4117750000
0.7350000000 0.2633750000 1.1182750000 2.2263750000 2.4155250000
0.7450000000 0.2667250000 1.1217750000 2.2291750000 2.4193250000
0.7550000000 0.2701250000 1.1253250000 2.2320250000 2.4231250000
0.7650000000 0.2734750000 1.1289250000 2.2348750000 2.4269750000
0.7750000000 0.2768250000 1.1326250000 2.2377750000 2.4308750000
0.7850000000 0.2801750000 1.1363250000 2.2406750000 2.4347750000
0.7950000000 0.2834750000 1.1401250000 2.2435750000 2.4387250000
0.8050000000 0.2868250000 1.1439250000 2.2464750000 2.4426750000
0.8150000000 0.2901250000 1.1478250000 2.2494250000 2.4466750000
0.8250000000 0.2934250000 1.1517250000 2.2523250000 2.4506750000
0.8350000000 0.2967250000 1.1557250000 2.2553250000 2.4547250000
0.8450000000 0.3000250000 1.1597250000 2.2582750000 2.4587750000
0.8550000000 0.3033250000 1.1638250000 2.2612750000 2.4628750000
0.8650000000 0.3066250000 1.1679750000 2.2642250000 2.4669750000
0.8750000000 0.3098750000 1.1721750000 2.2672750000 2.4711250000
0.8850000000 0.3131750000 1.1763750000 2.2702750000 2.4753250000
0.8950000000 0.3164250000 1.1806750000 2.2733250000 2.4794750000
0.9050000000 0.3196750000 1.1850250000 2.2763250000 2.4837250000
0.9150000000 0.3229750000 1.1894250000 2.2793750000 2.4879750000
0.9250000000 0.3262250000 1.1938250000 2.2824750000 2.4922250000
0.9350000000 0.3294750000 1.1983250000 2.2855250000 2.4965250000
0.9450000000 0.3326750000 1.2028750000 2.2886250000 2.5008250000
0.9550000000 0.3359250000 1.2074250000 2.2917250000 2.5051750000
0.9650000000 0.3391750000 1.2120750000 2.2948250000 2.5095250000
0.9750000000 0.3424250000 1.2167250000 2.2979250000 2.5139250000
0.9850000000 0.3456750000 1.2214250000 2.3010750000 2.5183250000
0.9950000000 0.3488750000 1.2261750000 2.3041750000 2.5227750000
1.0050000000 0.3521250000 1.2310250000 2.3073250000 2.5272250000
1.0150000000 0.3553750000 1.2358250000 2.3104750000 2.5316750000
