0.0500000010 0.0185005000 1.0004775000 2.1007474999 2.2571195000
0.0600000010 0.0221965000 1.0006875000 2.1010754999 2.2575035000
0.0700000010 0.0258905000 1.0009365000 2.1014634999 2.2579575000
0.0800000010 0.0295815000 1.0012235000 2.1019094999 2.2584805000
0.0900000010 0.0332695000 1.0015495000 2.1024134999 2.2590715000
0.1000000010 0.0369535000 1.0019145000 2.1029764999 2.2597325000
0.1100000010 0.0406345000 1.0023185000 2.1035964999 2.2604615000
0.1200000010 0.0443115000 1.0027625000 2.1042734999 2.2612575000
0.1300000010 0.0479835000 1.0032445000 2.1050084999 2.2621215000
0.1400000010 0.0516515000 1.0037675000 2.1057984999 2.2630525000
0.1500000010 0.0553145000 1.0043295000 2.1066444999 2.2640505000
0.1600000010 0.0589725000 1.0049315000 2.1075444999 2.2651145000
0.1700000010 0.0626245000 1.0055745000 2.1085004999 2.2662445000
0.1800000010 0.0662715000 1.0062575000 2.1095094999 2.2674385000
0.1900000010 0.0699115000 1.0069825000 2.1105704999 2.2686985000
0.2000000010 0.0735465000 1.0077475000 2.1116854999 2.2700215000
0.2100000010 0.0771745000 1.0085545000 2.1128504999 2.2714075000
0.2200000010 0.0807955000 1.0094035000 2.1140674999 2.2728575000
0.2300000010 0.0844105000 1.0102945000 2.1153344999 2.2743685000
0.2400000010 0.0880195000 1.0112285000 2.1166504999 2.2759415000
0.2500000010 0.0916205000 1.0122055000 2.1180144999 2.2775755000
0.2600000010 0.0952155000 1.0132255000 2.1194264999 2.2792695000
0.2700000010 0.0988035000 1.0142885000 2.1208854999 2.2810225000
0.2800000010 0.1023845000 1.0153965000 2.1223904999 2.2828345000
0.2900000010 0.1059585000 1.0165485000 2.1239404999 2.2847045000
0.3000000010 0.1095275000 1.0177455000 2.1255354999 2.2866315000
0.3100000010 0.1130885000 1.0189875000 2.1271724999 2.2886155000
0.3200000010 0.1166445000 1.0202745000 2.1288534999 2.2906555000
0.3300000010 0.1201945000 1.0216085000 2.1305754999 2.2927495000
0.3400000010 0.1237395000 1.0229885000 2.1323384999 2.2948985000
0.3500000010 0.1272795000 1.0244145000 2.1341414999 2.2971015000
0.3600000010 0.1308155000 1.0258885000 2.1359844999 2.2993575000
0.3700000010 0.1343475000 1.0274095000 2.1378644999 2.3016645000
0.3800000010 0.1378775000 1.0289795000 2.1397834999 2.3040245000
0.3900000010 0.1414045000 1.0305965000 2.1417384999 2.3064335000
0.4000000010 0.1449315000 1.0322625000 2.1437294999 2.3088935000
0.4100000010 0.1484585000 1.0339785000 2.1457554999 2.3114025000
0.4200000010 0.1519865000 1.0357435000 2.1478154999 2.3139595000
0.4300000010 0.1555185000 1.0375575000 2.1499094999 2.3165645000
0.4400000010 0.1590565000 1.0394225000 2.1520354999 2.3192165000
0.4500000010 0.1626015000 1.0413385000 2.1541944999 2.3219145000
0.4600000010 0.1661565000 1.0433045000 2.1563834999 2.3246585000
0.4700000010 0.1697245000 1.0453225000 2.1586034999 2.3274475000
0.4800000010 0.1733115000 1.0473915000 2.1608534999 2.3302805000
0.4900000010 0.1769215000 1.0495125000 2.1631324999 2.3331565000
0.5000000010 0.1805615000 1.0516865000 2.1654394999 2.3360755000
0.5100000010 0.1842455000 1.0539125000 2.1677744999 2.3390375000
0.5200000010 0.1880025000 1.0561905000 2.1701364999 2.3420405000
0.5300000010 0.1917985000 1.0585225000 2.1725254999 2.3450845000
0.5400000010 0.1954925000 1.0609075000 2.1749395000 2.3481685000
0.5500000010 0.1991325000 1.0633465000 2.1773785000 2.3512915000
0.5600000010 0.2027345000 1.0658385000 2.1798425000 2.3544545000
0.5700000010 0.2063095000 1.0683845000 2.1823295000 2.3576565000
0.5800000010 0.2098625000 1.0709845000 2.1848405000 2.3608955000
0.5900000010 0.2133975000 1.0736395000 2.1873745000 2.3641715000
0.6000000010 0.2169175000 1.0763485000 2.1899305000 2.3674845000
0.6100000010 0.2204235000 1.0791115000 2.1925085000 2.3708335000
0.6200000010 0.2239165000 1.0819295000 2.1951065000 2.3742185000
