1.5650000000 1.5502250000 2.4907750000 2.8088750000
1.5750000000 1.5563750000 2.4940250000 2.8144750000
1.5850000000 1.5625750000 2.4972250000 2.8200250000
1.5950000000 1.5687250000 2.5004250000 2.8256750000
1.6050000000 1.5749250000 2.5036250000 2.8312750000
1.6150000000 1.5810750000 2.5067750000 2.8369250000
1.6250000000 1.5872250000 2.5099250000 2.8425750000
1.6350000000 1.5934250000 2.5130750000 2.8482750000
1.6450000000 1.5995750000 2.5162250000 2.8539750000
1.6550000000 1.6057250000 2.5193250000 2.8596750000
1.6650000000 1.6118250000 2.5224250000 2.8654250000
1.6750000000 1.6179750000 2.5254750000 2.8711750000
1.6850000000 1.6240750000 2.5285250000 2.8769250000
1.6950000000 1.6301750000 2.5315750000 2.8827250000
1.7050000000 1.6362250000 2.5345750000 2.8885750000
1.7150000000 1.6423250000 2.5375750000 2.8943750000
1.7250000000 1.6483250000 2.5405250000 2.9002250000
1.7350000000 1.6543750000 2.5434250000 2.9060750000
1.7450000000 1.6603750000 2.5463750000 2.9119750000
1.7550000000 1.6663750000 2.5492250000 2.9178750000
1.7650000000 1.6723250000 2.5520750000 2.9238250000
1.7750000000 1.6782250000 2.5549250000 2.9297750000
1.7850000000 1.6841250000 2.5576750000 2.9357250000
1.7950000000 1.6899750000 2.5604750000 2.9416750000
1.8050000000 1.6957750000 2.5631750000 2.9476750000
1.8150000000 1.7015750000 2.5658750000 2.9537250000
1.8250000000 1.7073250000 2.5684750000 2.9597750000
1.8350000000 1.7130250000 2.5710750000 2.9658250000
1.8450000000 1.7186750000 2.5736750000 2.9718750000
1.8550000000 1.7242750000 2.5761750000 2.9779750000
1.8650000000 1.7297750000 2.5786250000 2.9841250000
1.8750000000 1.7352750000 2.5810750000 2.9902750000
1.8850000000 1.7406750000 2.5834250000 2.9964250000
1.8950000000 1.7460250000 2.5857250000 3.0025750000
1.9050000000 1.7512750000 2.5880250000 3.0088250000
1.9150000000 1.7564750000 2.5902250000 3.0150250000
1.9250000000 1.7615250000 2.5923250000 3.0212750000
1.9350000000 1.7664750000 2.5944250000 3.0275750000
1.9450000000 1.7713250000 2.5964250000 3.0338750000
1.9550000000 1.7760250000 2.5983750000 3.0401750000
1.9650000000 1.7805750000 2.6002250000 3.0465250000
1.9750000000 1.7849250000 2.6020250000 3.0528250000
1.9850000000 1.7890750000 2.6037250000 3.0591750000
1.9950000000 1.7928750000 2.6053250000 3.0655250000
2.0050000000 1.7961750000 2.6068250000 3.0718750000
2.0150000000 1.7990250000 2.6082750000 3.0782250000
2.0250000000 1.8028250000 2.6096250000 3.0846250000
2.0350000000 1.8072750000 2.6108250000 3.0909750000
2.0450000000 1.8122250000 2.6119250000 3.0973750000
2.0550000000 1.8177250000 2.6129250000 3.1038250000
2.0650000000 1.8236750000 2.6137750000 3.1102250000
2.0750000000 1.8300750000 2.6145250000 3.1166750000
2.0850000000 1.8369750000 2.6151250000 3.1231250000
2.0950000000 1.8443250000 2.6155750000 3.1295750000
2.1050000000 1.8521250000 2.6158750000 3.1360250000
2.1150000000 1.8604250000 2.6159750000 3.1425250000
2.1250000000 1.8691750000 2.6159250000 3.1490250000
2.1350000000 1.8784250000 2.6156750000 3.1555250000
2.1450000000 1.8881250000 2.6152250000 3.1620750000
2.1550000000 1.8983750000 2.6145250000 3.1686250000
2.1650000000 1.9091750000 2.6136250000 3.1751750000
2.1750000000 1.9204750000 2.6124250000 3.1817250000
2.1850000000 1.9323250000 2.6109750000 3.1883250000
2.1950000000 1.9447750000 2.6091750000 3.1949250000
2.2050000000 1.9578250000 2.6071250000 3.2015250000
2.2150000000 1.9714750000 2.6046250000 3.2081250000
2.2250000000 1.9858250000 2.6017750000 3.2147750000
2.2350000000 2.0008750000 2.5984250000 3.2214250000
2.2450000000 2.0167250000 2.5946250000 3.2280750000
2.2550000000 2.0333750000 2.5902250000 3.2347750000
2.2650000000 2.0509250000 2.5851750000 3.2414750000
2.2750000000 2.0694750000 2.5793750000 3.2481750000
2.2850000000 2.0891750000 2.5726750000 3.2548750000
2.2950000000 2.1101250000 2.5649250000 3.2616250000
2.3050000000 2.1326250000 2.5559250000 3.2683750000
2.3150000000 2.1570250000 2.5452750000 3.2751250000
2.3250000000 2.1837750000 2.5324750000 3.2819250000
2.3350000000 2.2137750000 2.5166250000 3.2887250000
2.3450000000 2.2487750000 2.4960250000 3.2955250000
2.3550000000 2.2933250000 2.4660750000 3.3023250000
