0.0550010000 0.9998437500 2.1010312500
0.0600010000 0.9997812500 2.1012187500
0.0650010000 0.9997187500 2.1014687500
0.0700010000 0.9997187500 2.1016562500
0.0750010000 0.9996562500 2.1019062500
0.0800010000 0.9995937500 2.1022187500
0.0850010000 0.9995312500 2.1024687500
0.0900010000 0.9995312500 2.1027812500
0.0950010000 0.9994687500 2.1030937500
0.1000010000 0.9994062500 2.1034062500
0.1050010000 0.9993437500 2.1037812500
0.1100010000 0.9992812500 2.1041562500
0.1150010000 0.9992187500 2.1045312500
0.1200010000 0.9991562500 2.1049062500
0.1250010000 0.9990312500 2.1053437500
0.1300010000 0.9989687500 2.1057812500
0.1350010000 0.9989062500 2.1062187500
0.1400010000 0.9988437500 2.1067187500
0.1450010000 0.9987187500 2.1071562500
0.1500010000 0.9986562500 2.1076562500
0.1550010000 0.9985312500 2.1082187500
0.1600010000 0.9984687500 2.1087187500
0.1650010000 0.9983437500 2.1092812500
0.1700010000 0.9982812500 2.1098437500
0.1750010000 0.9981562500 2.1104062500
0.1800010000 0.9980937500 2.1110312500
0.1850010000 0.9979687500 2.1116562500
0.1900010000 0.9978437500 2.1122812500
0.1950010000 0.9977187500 2.1129687500
0.2000010000 0.9976562500 2.1135937500
0.2050010000 0.9975312500 2.1142812500
0.2100010000 0.9974062500 2.1149687500
0.2150010000 0.9972812500 2.1157187500
0.2200010000 0.9971562500 2.1164687500
0.2250010000 0.9970312500 2.1172187500
0.2300010000 0.9969062500 2.1179687500
0.2350010000 0.9967812500 2.1187187500
0.2400010000 0.9966562500 2.1195312500
0.2450010000 0.9965312500 2.1203437500
0.2500010000 0.9963437500 2.1212187500
0.2550010000 0.9962187500 2.1220312500
0.2600010000 0.9960937500 2.1229062500
0.2650010000 0.9959687500 2.1237812500
0.2700010000 0.9957812500 2.1246562500
0.2750010000 0.9956562500 2.1255937500
0.2800010000 0.9954687500 2.1265312500
0.2850010000 0.9953437500 2.1274687500
0.2900010000 0.9952187500 2.1284062500
0.2950010000 0.9950312500 2.1294062500
0.3000010000 0.9949062500 2.1304062500
0.3050010000 0.9947187500 2.1314062500
0.3100010000 0.9945937500 2.1324062500
0.3150010000 0.9944062500 2.1334687500
0.3200010000 0.9942187500 2.1345312500
0.3250010000 0.9940937500 2.1355937500
0.3300010000 0.9939062500 2.1366562500
0.3350010000 0.9937187500 2.1377812500
0.3400010000 0.9935937500 2.1389062500
0.3450010000 0.9934062500 2.1400312500
0.3500010000 0.9932187500 2.1411562500
0.3550010000 0.9930312500 2.1423437500
0.3600010000 0.9928437500 2.1435312500
0.3650010000 0.9927187500 2.1447187500
0.3700010000 0.9925312500 2.1459062500
0.3750010000 0.9923437500 2.1471562500
0.3800010000 0.9921562500 2.1484062500
0.3850010000 0.9919687500 2.1496562500
0.3900010000 0.9917812500 2.1509062500
0.3950010000 0.9915937500 2.1522187500
0.4000010000 0.9914062500 2.1535312500
0.4050010000 0.9912187500 2.1548437500
0.4100010000 0.9910312500 2.1561562500
0.4150010000 0.9908437500 2.1575312500
0.4200010000 0.9906562500 2.1588437500
0.4250010000 0.9904687500 2.1602187500
0.4300010000 0.9902812500 2.1616562500
0.4350010000 0.9900937500 2.1630312500
0.4400010000 0.9899062500 2.1644687500
0.4450010000 0.9897187500 2.1659062500
0.4500010000 0.9895312500 2.1673437500
0.4550010000 0.9893437500 2.1687812500
0.4600010000 0.9890937500 2.1702812500
0.4650010000 0.9889062500 2.1717812500
0.4700010000 0.9887187500 2.1732812500
0.4750010000 0.9885312500 2.1747812500
0.4800010000 0.9883437500 2.1763437500
0.4850010000 0.9881562500 2.1779062500
0.4900010000 0.9879687500 2.1794687500
0.4950010000 0.9877187500 2.1810312500
0.5000010000 0.9875312500 2.1825937500
0.5050010000 0.9873437500 2.1842187500
0.5100010000 0.9871562500 2.1858437500
0.5150010000 0.9869687500 2.1874687500
0.5200010000 0.9867812500 2.1890937500
0.5250010000 0.9865937500 2.1907812500
0.5300010000 0.9863437500 2.1924687500
0.5350010000 0.9861562500 2.1941562500
0.5400010000 0.9859687500 2.1958437500
0.5450010000 0.9857812500 2.1975312500
0.5500010000 0.9855937500 2.1992812500
0.5550010000 0.9854062500 2.2010312500
0.5600010000 0.9852187500 2.2027812500
0.5650010000 0.9850312500 2.2045312500
0.5700010000 0.9847812500 2.2063437500
0.5750010000 0.9845937500 2.2081562500
0.5800010000 0.9844062500 2.2099687500
0.5850010000 0.9842187500 2.2117812500
0.5900010000 0.9840312500 2.2135937500
0.5950010000 0.9838437500 2.2154687500
0.6000010000 0.9836562500 2.2173437500
0.6050010000 0.9834687500 2.2192187500
0.6100010000 0.9832812500 2.2210937500
0.6150010000 0.9830937500 2.2229687500
0.6200010000 0.9829062500 2.2249062500
0.6250010000 0.9827187500 2.2268437500
0.6300010000 0.9825312500 2.2287812500
0.6350010000 0.9823437500 2.2307187500
0.6400010000 0.9822187500 2.2326562500
0.6450010000 0.9820312500 2.2346562500
0.6500010000 0.9818437500 2.2366562500
0.6550010000 0.9816562500 2.2386562500
0.6600010000 0.9814687500 2.2406562500
0.6650010000 0.9812812500 2.2426562500
0.6700010000 0.9811562500 2.2447187500
0.6750010000 0.9809687500 2.2467812500
0.6800010000 0.9807812500 2.2488437500
0.6850010000 0.9806562500 2.2509062500
0.6900010000 0.9804687500 2.2529687500
0.6950010000 0.9802812500 2.2550937500
0.7000010000 0.9801562500 2.2572187500
0.7050010000 0.9799687500 2.2593437500
0.7100010000 0.9798437500 2.2614687500
0.7150010000 0.9796562500 2.2635937500
0.7200010000 0.9795312500 2.2657812500
0.7250010000 0.9793437500 2.2679062500
0.7300010000 0.9792187500 2.2700937500
0.7350010000 0.9790312500 2.2723437500
0.7400010000 0.9789062500 2.2745312500
0.7450010000 0.9787812500 2.2767187500
0.7500010000 0.9785937500 2.2789687500
0.7550010000 0.9784687500 2.2812187500
0.7600010000 0.9783437500 2.2834687500
0.7650010000 0.9782187500 2.2857187500
0.7700010000 0.9780937500 2.2879687500
0.7750010000 0.9779687500 2.2902812500
0.7800010000 0.9778437500 2.2925937500
0.7850010000 0.9777187500 2.2949062500
0.7900010000 0.9775937500 2.2972187500
0.7950010000 0.9774687500 2.2995312500
0.8000010000 0.9773437500 2.3018437500
0.8050010000 0.9772187500 2.3042187500
0.8100010000 0.9770937500 2.3065937500
0.8150010000 0.9769687500 2.3089687500
0.8200010000 0.9769062500 2.3113437500
0.8250010000 0.9767812500 2.3137187500
0.8300010000 0.9766562500 2.3161562500
0.8350010000 0.9765937500 2.3185937500
0.8400010000 0.9764687500 2.3209687500
0.8450010000 0.9764062500 2.3234062500
0.8500010000 0.9763437500 2.3259062500
0.8550010000 0.9762187500 2.3283437500
0.8600010000 0.9761562500 2.3307812500
0.8650010000 0.9760937500 2.3332812500
0.8700010000 0.9759687500 2.3357812500
0.8750010000 0.9759062500 2.3382812500
0.8800010000 0.9758437500 2.3407812500
0.8850010000 0.9757812500 2.3433437500
0.8900010000 0.9757187500 2.3458437500
0.8950010000 0.9756562500 2.3484062500
0.9000010000 0.9755937500 2.3509687500
0.9050010000 0.9755312500 2.3535312500
0.9100010000 0.9755312500 2.3560937500
0.9150010000 0.9754687500 2.3586562500
0.9200010000 0.9754062500 2.3612187500
0.9250010000 0.9754062500 2.3638437500
0.9300010000 0.9753437500 2.3664687500
0.9350010000 0.9752812500 2.3690937500
0.9400010000 0.9752812500 2.3717187500
0.9450010000 0.9752812500 2.3743437500
0.9500010000 0.9752187500 2.3770312500
0.9550010000 0.9752187500 2.3796562500
0.9600010000 0.9752187500 2.3823437500
0.9650010000 0.9752187500 2.3850312500
0.9700010000 0.9752187500 2.3877187500
0.9750010000 0.9752187500 2.3904062500
0.9800010000 0.9752187500 2.3930937500
0.9850010000 0.9752187500 2.3958437500
0.9900010000 0.9752187500 2.3985312500
0.9950010000 0.9752187500 2.4012812500
1.0000010000 0.9752812500 2.4040312500
1.0050010000 0.9752812500 2.4067812500
1.0100010000 0.9752812500 2.4095312500
1.0150010000 0.9753437500 2.4123437500
1.0200010000 0.9754062500 2.4150937500
1.0250010000 0.9754062500 2.4179062500
1.0300010000 0.9754687500 2.4206562500
1.0350010000 0.9755312500 2.4234687500
1.0400010000 0.9755937500 2.4262812500
1.0450010000 0.9756562500 2.4291562500
1.0500010000 0.9757187500 2.4319687500
1.0550010000 0.9757812500 2.4348437500
1.0600010000 0.9758437500 2.4376562500
1.0650010000 0.9759062500 2.4405312500
1.0700010000 0.9759687500 2.4434062500
1.0750010000 0.9760937500 2.4462812500
1.0800010000 0.9761562500 2.4491562500
1.0850010000 0.9762812500 2.4520312500
1.0900010000 0.9763437500 2.4549687500
1.0950010000 0.9764687500 2.4578437500
1.1000010000 0.9765937500 2.4607812500
1.1050010000 0.9766562500 2.4637187500
1.1100010000 0.9767812500 2.4666562500
1.1150010000 0.9769062500 2.4695937500
1.1200010000 0.9770312500 2.4725937500
1.1250010000 0.9771562500 2.4755312500
1.1300010000 0.9772812500 2.4784687500
1.1350010000 0.9774687500 2.4814687500
1.1400010000 0.9775937500 2.4844687500
1.1450010000 0.9777812500 2.4874687500
1.1500010000 0.9779062500 2.4904687500
1.1550010000 0.9780937500 2.4934687500
1.1600010000 0.9782187500 2.4964687500
1.1650010000 0.9784062500 2.4995312500
1.1700010000 0.9785937500 2.5025312500
1.1750010000 0.9787812500 2.5055937500
1.1800010000 0.9789687500 2.5086562500
1.1850010000 0.9791562500 2.5117187500
1.1900010000 0.9793437500 2.5147812500
1.1950010000 0.9795312500 2.5178437500
1.2000010000 0.9797187500 2.5209687500
1.2050010000 0.9799687500 2.5240312500
1.2100010000 0.9801562500 2.5271562500
1.2150010000 0.9804062500 2.5302187500
1.2200010000 0.9805937500 2.5333437500
1.2250010000 0.9808437500 2.5364687500
1.2300010000 0.9810937500 2.5395937500
1.2350010000 0.9813437500 2.5427187500
1.2400010000 0.9815937500 2.5459062500
1.2450010000 0.9818437500 2.5490312500
1.2500010000 0.9820937500 2.5521562500
1.2550010000 0.9823437500 2.5553437500
1.2600010000 0.9826562500 2.5585312500
1.2650010000 0.9829062500 2.5617187500
1.2700010000 0.9831562500 2.5649062500
1.2750010000 0.9834687500 2.5680937500
1.2800010000 0.9837812500 2.5712812500
1.2850010000 0.9840312500 2.5745312500
1.2900010000 0.9843437500 2.5777187500
1.2950010000 0.9846562500 2.5809687500
1.3000010000 0.9849687500 2.5841562500
1.3050010000 0.9852812500 2.5874062500
1.3100010000 0.9855937500 2.5906562500
1.3150010000 0.9859687500 2.5939062500
1.3200010000 0.9862812500 2.5971562500
1.3250010000 0.9865937500 2.6004062500
1.3300010000 0.9869687500 2.6037187500
1.3350010000 0.9873437500 2.6069687500
1.3400010000 0.9876562500 2.6102812500
1.3450010000 0.9880312500 2.6135937500
1.3500010000 0.9884062500 2.6168437500
1.3550010000 0.9887812500 2.6201562500
1.3600010000 0.9891562500 2.6234687500
1.3650010000 0.9895312500 2.6268437500
1.3700010000 0.9899687500 2.6301562500
1.3750010000 0.9903437500 2.6334687500
1.3800010000 0.9907187500 2.6368437500
1.3850010000 0.9911562500 2.6401562500
1.3900010000 0.9915312500 2.6435312500
1.3950010000 0.9919687500 2.6469062500
1.4000010000 0.9924062500 2.6502187500
1.4050010000 0.9928437500 2.6535937500
1.4100010000 0.9932812500 2.6570312500
1.4150010000 0.9937187500 2.6604062500
1.4200010000 0.9941562500 2.6637812500
1.4250010000 0.9945937500 2.6671562500
1.4300010000 0.9950937500 2.6705937500
1.4350010000 0.9955312500 2.6740312500
1.4400010000 0.9960312500 2.6774062500
1.4450010000 0.9964687500 2.6808437500
1.4500010000 0.9969687500 2.6842812500
1.4550010000 0.9974687500 2.6877187500
1.4600010000 0.9979687500 2.6911562500
1.4650010000 0.9984687500 2.6945937500
1.4700010000 0.9989687500 2.6980937500
1.4750010000 0.9994687500 2.7015312500
1.4800010000 0.9999687500 2.7050312500
1.4850010000 1.0005312500 2.7084687500
1.4900010000 1.0010312500 2.7119687500
1.4950010000 1.0015937500 2.7154687500
1.5000010000 1.0020937500 2.7189062500
1.5050010000 1.0026562500 2.7224062500
1.5100010000 1.0032187500 2.7259687500
1.5150010000 1.0037812500 2.7294687500
1.5200010000 1.0043437500 2.7329687500
1.5250010000 1.0049062500 2.7364687500
1.5300010000 1.0054687500 2.7400312500
1.5350010000 1.0060937500 2.7435312500
1.5400010000 1.0066562500 2.7470937500
1.5450010000 1.0072187500 2.7506562500
1.5500010000 1.0078437500 2.7542187500
1.5550010000 1.0084687500 2.7577812500
1.5600010000 1.0090937500 2.7613437500
1.5650010000 1.0096562500 2.7649062500
1.5700010000 1.0102812500 2.7684687500
1.5750010000 1.0109062500 2.7720312500
1.5800010000 1.0115937500 2.7756562500
1.5850010000 1.0122187500 2.7792187500
1.5900010000 1.0128437500 2.7828437500
1.5950010000 1.0135312500 2.7864062500
1.6000010000 1.0141562500 2.7900312500
1.6050010000 1.0148437500 2.7936562500
1.6100010000 1.0155312500 2.7972812500
1.6150010000 1.0161562500 2.8009062500
1.6200010000 1.0168437500 2.8045312500
1.6250010000 1.0175312500 2.8081562500
1.6300010000 1.0182812500 2.8117812500
1.6350010000 1.0189687500 2.8154687500
1.6400010000 1.0196562500 2.8190937500
1.6450010000 1.0203437500 2.8227812500
1.6500010000 1.0210937500 2.8264062500
1.6550010000 1.0218437500 2.8300937500
1.6600010000 1.0225312500 2.8337812500
1.6650010000 1.0232812500 2.8374687500
1.6700010000 1.0240312500 2.8411562500
1.6750010000 1.0247812500 2.8448437500
1.6800010000 1.0255312500 2.8485312500
1.6850010000 1.0262812500 2.8522187500
1.6900010000 1.0270312500 2.8559062500
1.6950010000 1.0278437500 2.8596562500
1.7000010000 1.0285937500 2.8633437500
1.7050010000 1.0294062500 2.8670937500
1.7100010000 1.0301562500 2.8707812500
1.7150010000 1.0309687500 2.8745312500
1.7200010000 1.0317812500 2.8782812500
1.7250010000 1.0325937500 2.8820312500
1.7300010000 1.0334062500 2.8857812500
1.7350010000 1.0342187500 2.8895312500
1.7400010000 1.0350312500 2.8932812500
1.7450010000 1.0359062500 2.8970312500
1.7500010000 1.0367187500 2.9007812500
1.7550010000 1.0375937500 2.9045937500
1.7600010000 1.0384062500 2.9083437500
1.7650010000 1.0392812500 2.9121562500
1.7700010000 1.0401562500 2.9159062500
1.7750010000 1.0410312500 2.9197187500
1.7800010000 1.0418437500 2.9235312500
1.7850010000 1.0427812500 2.9272812500
1.7900010000 1.0436562500 2.9310937500
1.7950010000 1.0445312500 2.9349062500
1.8000010000 1.0454062500 2.9387187500
1.8050010000 1.0463437500 2.9425312500
1.8100010000 1.0472187500 2.9464062500
1.8150010000 1.0481562500 2.9502187500
1.8200010000 1.0490937500 2.9540312500
1.8250010000 1.0500312500 2.9579062500
1.8300010000 1.0509062500 2.9617187500
1.8350010000 1.0518437500 2.9655937500
1.8400010000 1.0528437500 2.9694062500
1.8450010000 1.0537812500 2.9732812500
1.8500010000 1.0547187500 2.9771562500
1.8550010000 1.0557187500 2.9810312500
1.8600010000 1.0566562500 2.9849062500
1.8650010000 1.0576562500 2.9887812500
1.8700010000 1.0585937500 2.9926562500
1.8750010000 1.0595937500 2.9965312500
1.8800010000 1.0605937500 3.0004062500
1.8850010000 1.0615937500 3.0043437500
1.8900010000 1.0625937500 3.0082187500
1.8950010000 1.0635937500 3.0120937500
1.9000010000 1.0645937500 3.0160312500
1.9050010000 1.0656562500 3.0199687500
1.9100010000 1.0666562500 3.0238437500
1.9150010000 1.0677187500 3.0277812500
1.9200010000 1.0687187500 3.0317187500
1.9250010000 1.0697812500 3.0356562500
1.9300010000 1.0708437500 3.0395937500
1.9350010000 1.0719062500 3.0435312500
1.9400010000 1.0729687500 3.0474687500
1.9450010000 1.0740312500 3.0514062500
1.9500010000 1.0750937500 3.0553437500
1.9550010000 1.0761562500 3.0592812500
1.9600010000 1.0772187500 3.0632812500
1.9650010000 1.0783437500 3.0672187500
1.9700010000 1.0794062500 3.0712187500
1.9750010000 1.0805312500 3.0751562500
1.9800010000 1.0816562500 3.0791562500
1.9850010000 1.0827187500 3.0831562500
1.9900010000 1.0838437500 3.0870937500
1.9950010000 1.0849687500 3.0910937500
2.0000010000 1.0860937500 3.0950937500
2.0050010000 1.0872812500 3.0990937500
2.0100010000 1.0884062500 3.1030937500
2.0150010000 1.0895312500 3.1070937500
2.0200010000 1.0907187500 3.1110937500
2.0250010000 1.0918437500 3.1151562500
2.0300010000 1.0930312500 3.1191562500
2.0350010000 1.0942187500 3.1231562500
2.0400010000 1.0953437500 3.1272187500
2.0450010000 1.0965312500 3.1312187500
2.0500010000 1.0977187500 3.1352812500
2.0550010000 1.0989062500 3.1392812500
2.0600010000 1.1001562500 3.1433437500
2.0650010000 1.1013437500 3.1474062500
2.0700010000 1.1025312500 3.1514062500
2.0750010000 1.1037812500 3.1554687500
2.0800010000 1.1049687500 3.1595312500
2.0850010000 1.1062187500 3.1635937500
2.0900010000 1.1074062500 3.1676562500
2.0950010000 1.1086562500 3.1717187500
2.1000010000 1.1099062500 3.1758437500
2.1050010000 1.1111562500 3.1799062500
2.1100010000 1.1124062500 3.1839687500
2.1150010000 1.1136562500 3.1880937500
2.1200010000 1.1149687500 3.1921562500
2.1250010000 1.1162187500 3.1962187500
2.1300010000 1.1174687500 3.2003437500
2.1350010000 1.1187812500 3.2044687500
2.1400010000 1.1200312500 3.2085312500
2.1450010000 1.1213437500 3.2126562500
2.1500010000 1.1226562500 3.2167812500
2.1550010000 1.1239687500 3.2209062500
2.1600010000 1.1252812500 3.2250312500
2.1650010000 1.1265937500 3.2291562500
2.1700010000 1.1279062500 3.2332812500
2.1750010000 1.1292187500 3.2374062500
2.1800010000 1.1305312500 3.2415312500
2.1850010000 1.1319062500 3.2456562500
2.1900010000 1.1332187500 3.2497812500
2.1950010000 1.1345937500 3.2539687500
2.2000010000 1.1359062500 3.2580937500
2.2050010000 1.1372812500 3.2622187500
2.2100010000 1.1386562500 3.2664062500
2.2150010000 1.1400312500 3.2705312500
2.2200010000 1.1414062500 3.2747187500
2.2250010000 1.1427812500 3.2789062500
2.2300010000 1.1441562500 3.2830312500
2.2350010000 1.1455312500 3.2872187500
2.2400010000 1.1469687500 3.2914062500
2.2450010000 1.1483437500 3.2955937500
2.2500010000 1.1497812500 3.2997812500
2.2550010000 1.1511562500 3.3039687500
2.2600010000 1.1525937500 3.3081562500
2.2650010000 1.1540312500 3.3123437500
2.2700010000 1.1554062500 3.3165312500
2.2750010000 1.1568437500 3.3207187500
2.2800010000 1.1582812500 3.3249687500
2.2850010000 1.1597187500 3.3291562500
2.2900010000 1.1612187500 3.3333437500
2.2950010000 1.1626562500 3.3375937500
2.3000010000 1.1640937500 3.3417812500
2.3050010000 1.1655937500 3.3460312500
2.3100010000 1.1670312500 3.3502187500
2.3150010000 1.1685312500 3.3544687500
2.3200010000 1.1699687500 3.3587187500
2.3250010000 1.1714687500 3.3629687500
2.3300010000 1.1729687500 3.3671562500
2.3350010000 1.1744687500 3.3714062500
2.3400010000 1.1759687500 3.3756562500
2.3450010000 1.1774687500 3.3799062500
2.3500010000 1.1789687500 3.3841562500
2.3550010000 1.1804687500 3.3884062500
2.3600010000 1.1820312500 3.3926562500
2.3650010000 1.1835312500 3.3969687500
2.3700010000 1.1850937500 3.4012187500
2.3750010000 1.1865937500 3.4054687500
2.3800010000 1.1881562500 3.4097187500
2.3850010000 1.1897187500 3.4140312500
2.3900010000 1.1912812500 3.4182812500
2.3950010000 1.1927812500 3.4225937500
2.4000010000 1.1943437500 3.4268437500
2.4050010000 1.1959687500 3.4311562500
2.4100010000 1.1975312500 3.4354687500
2.4150010000 1.1990937500 3.4397187500
2.4200010000 1.2006562500 3.4440312500
2.4250010000 1.2022812500 3.4483437500
2.4300010000 1.2038437500 3.4526562500
2.4350010000 1.2054687500 3.4569687500
2.4400010000 1.2070312500 3.4612812500
2.4450010000 1.2086562500 3.4655937500
2.4500010000 1.2102812500 3.4699062500
2.4550010000 1.2119062500 3.4742187500
2.4600010000 1.2135312500 3.4785312500
2.4650010000 1.2151562500 3.4828437500
2.4700010000 1.2167812500 3.4871562500
2.4750010000 1.2184062500 3.4915312500
2.4800010000 1.2200312500 3.4958437500
2.4850010000 1.2217187500 3.5001562500
2.4900010000 1.2233437500 3.5045312500
2.4950010000 1.2250312500 3.5088437500
2.5000010000 1.2266562500 3.5132187500
2.5050010000 1.2283437500 3.5175312500
2.5100010000 1.2300312500 3.5219062500
2.5150010000 1.2316562500 3.5262812500
2.5200010000 1.2333437500 3.5305937500
2.5250010000 1.2350312500 3.5349687500
2.5300010000 1.2367187500 3.5393437500
2.5350010000 1.2384062500 3.5437187500
2.5400010000 1.2401562500 3.5480937500
2.5450010000 1.2418437500 3.5524687500
2.5500010000 1.2435312500 3.5568437500
2.5550010000 1.2452812500 3.5612187500
2.5600010000 1.2469687500 3.5655937500
2.5650010000 1.2487187500 3.5699687500
2.5700010000 1.2504062500 3.5743437500
2.5750010000 1.2521562500 3.5787187500
2.5800010000 1.2539062500 3.5831562500
2.5850010000 1.2556562500 3.5875312500
2.5900010000 1.2574062500 3.5919062500
2.5950010000 1.2591562500 3.5963437500
2.6000010000 1.2609062500 3.6007187500
2.6050010000 1.2626562500 3.6051562500
2.6100010000 1.2644687500 3.6095312500
2.6150010000 1.2662187500 3.6139687500
2.6200010000 1.2679687500 3.6183437500
2.6250010000 1.2697812500 3.6227812500
2.6300010000 1.2715312500 3.6272187500
2.6350010000 1.2733437500 3.6316562500
2.6400010000 1.2751562500 3.6360312500
2.6450010000 1.2769687500 3.6404687500
2.6500010000 1.2787187500 3.6449062500
2.6550010000 1.2805312500 3.6493437500
2.6600010000 1.2823437500 3.6537812500
2.6650010000 1.2842187500 3.6582187500
2.6700010000 1.2860312500 3.6626562500
2.6750010000 1.2878437500 3.6670937500
2.6800010000 1.2896562500 3.6715312500
2.6850010000 1.2915312500 3.6760312500
2.6900010000 1.2933437500 3.6804687500
2.6950010000 1.2952187500 3.6849062500
2.7000010000 1.2970312500 3.6894062500
2.7050010000 1.2989062500 3.6938437500
2.7100010000 1.3007812500 3.6982812500
2.7150010000 1.3026562500 3.7027812500
2.7200010000 1.3044687500 3.7072187500
2.7250010000 1.3063437500 3.7117187500
2.7300010000 1.3082187500 3.7161562500
2.7350010000 1.3101562500 3.7206562500
2.7400010000 1.3120312500 3.7251562500
2.7450010000 1.3139062500 3.7295937500
2.7500010000 1.3157812500 3.7340937500
2.7550010000 1.3177187500 3.7385937500
2.7600010000 1.3195937500 3.7430937500
2.7650010000 1.3215312500 3.7475937500
2.7700010000 1.3234062500 3.7520937500
2.7750010000 1.3253437500 3.7565937500
2.7800010000 1.3272812500 3.7610937500
2.7850010000 1.3292187500 3.7655937500
2.7900010000 1.3311562500 3.7700937500
2.7950010000 1.3330937500 3.7745937500
2.8000010000 1.3350312500 3.7790937500
2.8050010000 1.3369687500 3.7835937500
2.8100010000 1.3389062500 3.7880937500
2.8150010000 1.3408437500 3.7926562500
2.8200010000 1.3428437500 3.7971562500
2.8250010000 1.3447812500 3.8016562500
2.8300010000 1.3467812500 3.8062187500
2.8350010000 1.3487187500 3.8107187500
2.8400010000 1.3507187500 3.8152812500
2.8450010000 1.3526562500 3.8197812500
2.8500010000 1.3546562500 3.8243437500
2.8550010000 1.3566562500 3.8288437500
2.8600010000 1.3586562500 3.8334062500
2.8650010000 1.3606562500 3.8379687500
2.8700010000 1.3626562500 3.8424687500
2.8750010000 1.3646562500 3.8470312500
2.8800010000 1.3666562500 3.8515937500
2.8850010000 1.3686562500 3.8561562500
2.8900010000 1.3707187500 3.8606562500
2.8950010000 1.3727187500 3.8652187500
2.9000010000 1.3747187500 3.8697812500
2.9050010000 1.3767812500 3.8743437500
2.9100010000 1.3788437500 3.8789062500
2.9150010000 1.3808437500 3.8834687500
2.9200010000 1.3829062500 3.8880312500
2.9250010000 1.3849687500 3.8926562500
2.9300010000 1.3870312500 3.8972187500
2.9350010000 1.3890312500 3.9017812500
2.9400010000 1.3910937500 3.9063437500
2.9450010000 1.3932187500 3.9109062500
2.9500010000 1.3952812500 3.9155312500
2.9550010000 1.3973437500 3.9200937500
2.9600010000 1.3994062500 3.9246562500
2.9650010000 1.4014687500 3.9292812500
2.9700010000 1.4035937500 3.9338437500
2.9750010000 1.4056562500 3.9384687500
2.9800010000 1.4077812500 3.9430312500
2.9850010000 1.4098437500 3.9476562500
2.9900010000 1.4119687500 3.9522812500
2.9950010000 1.4140937500 3.9568437500
3.0000010000 1.4162187500 3.9614687500
3.0050010000 1.4182812500 3.9660937500
3.0100010000 1.4204062500 3.9706562500
3.0150010000 1.4225312500 3.9752812500
3.0200010000 1.4246562500 3.9799062500
3.0250010000 1.4268437500 3.9845312500
3.0300010000 1.4289687500 3.9891562500
3.0350010000 1.4310937500 3.9937812500
3.0400010000 1.4332187500 3.9984062500
3.0450010000 1.4354062500 4.0030312500
3.0500010000 1.4375312500 4.0076562500
3.0550010000 1.4397187500 4.0122812500
3.0600010000 1.4418437500 4.0169062500
3.0650010000 1.4440312500 4.0215312500
3.0700010000 1.4462187500 4.0261562500
3.0750010000 1.4483437500 4.0307812500
3.0800010000 1.4505312500 4.0354062500
3.0850010000 1.4527187500 4.0400937500
3.0900010000 1.4549062500 4.0447187500
3.0950010000 1.4570937500 4.0493437500
3.1000010000 1.4592812500 4.0540312500
3.1050010000 1.4614687500 4.0586562500
3.1100010000 1.4637187500 4.0633437500
3.1150010000 1.4659062500 4.0679687500
3.1200010000 1.4680937500 4.0726562500
3.1250010000 1.4703437500 4.0772812500
3.1300010000 1.4725312500 4.0819687500
3.1350010000 1.4747812500 4.0865937500
3.1400010000 1.4769687500 4.0912812500
3.1450010000 1.4792187500 4.0959687500
3.1500010000 1.4814687500 4.1005937500
3.1550010000 1.4837187500 4.1052812500
3.1600010000 1.4859062500 4.1099687500
3.1650010000 1.4881562500 4.1146562500
3.1700010000 1.4904062500 4.1193437500
3.1750010000 1.4926562500 4.1239687500
3.1800010000 1.4949687500 4.1286562500
3.1850010000 1.4972187500 4.1333437500
3.1900010000 1.4994687500 4.1380312500
3.1950010000 1.5017187500 4.1427187500
3.2000010000 1.5040312500 4.1474062500
3.2050010000 1.5062812500 4.1520937500
3.2100010000 1.5085937500 4.1568437500
3.2150010000 1.5108437500 4.1615312500
3.2200010000 1.5131562500 4.1662187500
3.2250010000 1.5154687500 4.1709062500
3.2300010000 1.5177187500 4.1755937500
3.2350010000 1.5200312500 4.1803437500
3.2400010000 1.5223437500 4.1850312500
3.2450010000 1.5246562500 4.1897187500
3.2500010000 1.5269687500 4.1944687500
3.2550010000 1.5292812500 4.1991562500
3.2600010000 1.5315937500 4.2038437500
3.2650010000 1.5339062500 4.2085937500
3.2700010000 1.5362812500 4.2132812500
3.2750010000 1.5385937500 4.2180312500
3.2800010000 1.5409062500 4.2227187500
3.2850010000 1.5432812500 4.2274687500
3.2900010000 1.5455937500 4.2322187500
3.2950010000 1.5479687500 4.2369062500
3.3000010000 1.5502812500 4.2416562500
3.3050010000 1.5526562500 4.2464062500
3.3100010000 1.5550312500 4.2510937500
3.3150010000 1.5574062500 4.2558437500
3.3200010000 1.5597187500 4.2605937500
3.3250010000 1.5620937500 4.2653437500
3.3300010000 1.5644687500 4.2700937500
3.3350010000 1.5668437500 4.2748437500
3.3400010000 1.5692812500 4.2795312500
3.3450010000 1.5716562500 4.2842812500
3.3500010000 1.5740312500 4.2890312500
3.3550010000 1.5764062500 4.2937812500
3.3600010000 1.5788437500 4.2985312500
3.3650010000 1.5812187500 4.3033437500
3.3700010000 1.5835937500 4.3080937500
3.3750010000 1.5860312500 4.3128437500
3.3800010000 1.5884687500 4.3175937500
3.3850010000 1.5908437500 4.3223437500
3.3900010000 1.5932812500 4.3270937500
3.3950010000 1.5957187500 4.3319062500
3.4000010000 1.5980937500 4.3366562500
3.4050010000 1.6005312500 4.3414062500
3.4100010000 1.6029687500 4.3462187500
3.4150010000 1.6054062500 4.3509687500
3.4200010000 1.6078437500 4.3557187500
3.4250010000 1.6103437500 4.3605312500
3.4300010000 1.6127812500 4.3652812500
3.4350010000 1.6152187500 4.3700937500
3.4400010000 1.6176562500 4.3748437500
3.4450010000 1.6201562500 4.3796562500
3.4500010000 1.6225937500 4.3844062500
3.4550010000 1.6250937500 4.3892187500
3.4600010000 1.6275312500 4.3940312500
3.4650010000 1.6300312500 4.3987812500
3.4700010000 1.6324687500 4.4035937500
3.4750010000 1.6349687500 4.4084062500
3.4800010000 1.6374687500 4.4131562500
3.4850010000 1.6399687500 4.4179687500
3.4900010000 1.6424687500 4.4227812500
3.4950010000 1.6449687500 4.4275937500
3.5000010000 1.6474687500 4.4324062500
3.5050010000 1.6499687500 4.4372187500
3.5100010000 1.6524687500 4.4419687500
3.5150010000 1.6549687500 4.4467812500
3.5200010000 1.6574687500 4.4515937500
3.5250010000 1.6599687500 4.4564062500
3.5300010000 1.6625312500 4.4612187500
3.5350010000 1.6650312500 4.4660312500
3.5400010000 1.6675937500 4.4709062500
3.5450010000 1.6700937500 4.4757187500
3.5500010000 1.6726562500 4.4805312500
3.5550010000 1.6751562500 4.4853437500
3.5600010000 1.6777187500 4.4901562500
3.5650010000 1.6802812500 4.4949687500
3.5700010000 1.6828437500 4.4998437500
3.5750010000 1.6854062500 4.5046562500
3.5800010000 1.6879687500 4.5094687500
3.5850010000 1.6905312500 4.5143437500
3.5900010000 1.6930937500 4.5191562500
3.5950010000 1.6956562500 4.5239687500
3.6000010000 1.6982187500 4.5288437500
3.6050010000 1.7007812500 4.5336562500
3.6100010000 1.7033437500 4.5385312500
3.6150010000 1.7059687500 4.5433437500
3.6200010000 1.7085312500 4.5482187500
3.6250010000 1.7111562500 4.5530312500
3.6300010000 1.7137187500 4.5579062500
3.6350010000 1.7163437500 4.5627187500
3.6400010000 1.7189062500 4.5675937500
3.6450010000 1.7215312500 4.5724687500
3.6500010000 1.7241562500 4.5772812500
3.6550010000 1.7267812500 4.5821562500
3.6600010000 1.7293437500 4.5870312500
3.6650010000 1.7319687500 4.5919062500
3.6700010000 1.7345937500 4.5967187500
3.6750010000 1.7372187500 4.6015937500
3.6800010000 1.7398437500 4.6064687500
3.6850010000 1.7425312500 4.6113437500
3.6900010000 1.7451562500 4.6162187500
3.6950010000 1.7477812500 4.6210937500
3.7000010000 1.7504062500 4.6259687500
3.7050010000 1.7530937500 4.6308437500
3.7100010000 1.7557187500 4.6357187500
3.7150010000 1.7584062500 4.6405937500
3.7200010000 1.7610312500 4.6454687500
3.7250010000 1.7637187500 4.6503437500
3.7300010000 1.7663437500 4.6552187500
3.7350010000 1.7690312500 4.6600937500
3.7400010000 1.7717187500 4.6649687500
3.7450010000 1.7744062500 4.6698437500
3.7500010000 1.7770312500 4.6747812500
3.7550010000 1.7797187500 4.6796562500
3.7600010000 1.7824062500 4.6845312500
3.7650010000 1.7850937500 4.6894062500
3.7700010000 1.7878437500 4.6943437500
3.7750010000 1.7905312500 4.6992187500
3.7800010000 1.7932187500 4.7040937500
3.7850010000 1.7959062500 4.7090312500
3.7900010000 1.7985937500 4.7139062500
3.7950010000 1.8013437500 4.7187812500
3.8000010000 1.8040312500 4.7237187500
3.8050010000 1.8067812500 4.7285937500
3.8100010000 1.8094687500 4.7335312500
3.8150010000 1.8122187500 4.7384062500
3.8200010000 1.8149062500 4.7433437500
3.8250010000 1.8176562500 4.7482812500
3.8300010000 1.8204062500 4.7531562500
3.8350010000 1.8231562500 4.7580937500
3.8400010000 1.8259062500 4.7629687500
3.8450010000 1.8286562500 4.7679062500
3.8500010000 1.8313437500 4.7728437500
3.8550010000 1.8341562500 4.7777812500
3.8600010000 1.8369062500 4.7826562500
3.8650010000 1.8396562500 4.7875937500
3.8700010000 1.8424062500 4.7925312500
3.8750010000 1.8451562500 4.7974687500
3.8800010000 1.8479062500 4.8024062500
3.8850010000 1.8507187500 4.8072812500
3.8900010000 1.8534687500 4.8122187500
3.8950010000 1.8562812500 4.8171562500
3.9000010000 1.8590312500 4.8220937500
3.9050010000 1.8618437500 4.8270312500
3.9100010000 1.8645937500 4.8319687500
3.9150010000 1.8674062500 4.8369062500
3.9200010000 1.8702187500 4.8418437500
3.9250010000 1.8730312500 4.8467812500
3.9300010000 1.8757812500 4.8517187500
3.9350010000 1.8785937500 4.8567187500
3.9400010000 1.8814062500 4.8616562500
3.9450010000 1.8842187500 4.8665937500
3.9500010000 1.8870312500 4.8715312500
3.9550010000 1.8899062500 4.8764687500
3.9600010000 1.8927187500 4.8814062500
3.9650010000 1.8955312500 4.8864062500
3.9700010000 1.8983437500 4.8913437500
3.9750010000 1.9012187500 4.8962812500
3.9800010000 1.9040312500 4.9012812500
3.9850010000 1.9068437500 4.9062187500
3.9900010000 1.9097187500 4.9111562500
3.9950010000 1.9125312500 4.9161562500
4.0000010000 1.9154062500 4.9210937500
4.0050010000 1.9182812500 4.9260937500
4.0100010000 1.9210937500 4.9310312500
4.0150010000 1.9239687500 4.9360312500
4.0200010000 1.9268437500 4.9409687500
4.0250010000 1.9297187500 4.9459687500
4.0300010000 1.9325937500 4.9509062500
4.0350010000 1.9354687500 4.9559062500
4.0400010000 1.9383437500 4.9608437500
4.0450010000 1.9412187500 4.9658437500
4.0500010000 1.9440937500 4.9708437500
4.0550010000 1.9469687500 4.9757812500
4.0600010000 1.9498437500 4.9807812500
4.0650010000 1.9527812500 4.9857812500
4.0700010000 1.9556562500 4.9907187500
4.0750010000 1.9585937500 4.9957187500
4.0800010000 1.9614687500 5.0007187500
4.0850010000 1.9643437500 5.0057187500
4.0900010000 1.9672812500 5.0107187500
4.0950010000 1.9702187500 5.0157187500
4.1000010000 1.9730937500 5.0206562500
4.1050010000 1.9760312500 5.0256562500
4.1100010000 1.9789687500 5.0306562500
4.1150010000 1.9819062500 5.0356562500
4.1200010000 1.9848437500 5.0406562500
4.1250010000 1.9877187500 5.0456562500
4.1300010000 1.9906562500 5.0506562500
4.1350010000 1.9936562500 5.0556562500
4.1400010000 1.9965937500 5.0606562500
4.1450010000 1.9995312500 5.0656562500
4.1500010000 2.0024687500 5.0706562500
4.1550010000 2.0054062500 5.0757187500
4.1600010000 2.0083437500 5.0807187500
4.1650010000 2.0113437500 5.0857187500
4.1700010000 2.0142812500 5.0907187500
4.1750010000 2.0172812500 5.0957187500
4.1800010000 2.0202187500 5.1007187500
4.1850010000 2.0232187500 5.1057812500
4.1900010000 2.0261562500 5.1107812500
4.1950010000 2.0291562500 5.1157812500
4.2000010000 2.0321562500 5.1208437500
4.2050010000 2.0351562500 5.1258437500
4.2100010000 2.0380937500 5.1308437500
4.2150010000 2.0410937500 5.1359062500
4.2200010000 2.0440937500 5.1409062500
4.2250010000 2.0470937500 5.1459687500
4.2300010000 2.0500937500 5.1509687500
4.2350010000 2.0530937500 5.1559687500
4.2400010000 2.0560937500 5.1610312500
4.2450010000 2.0591562500 5.1660312500
4.2500010000 2.0621562500 5.1710937500
4.2550010000 2.0651562500 5.1761562500
4.2600010000 2.0682187500 5.1811562500
4.2650010000 2.0712187500 5.1862187500
4.2700010000 2.0742187500 5.1912187500
4.2750010000 2.0772812500 5.1962812500
4.2800010000 2.0803437500 5.2013437500
4.2850010000 2.0833437500 5.2063437500
4.2900010000 2.0864062500 5.2114062500
4.2950010000 2.0894062500 5.2164687500
4.3000010000 2.0924687500 5.2215312500
4.3050010000 2.0955312500 5.2265312500
4.3100010000 2.0985937500 5.2315937500
4.3150010000 2.1016562500 5.2366562500
4.3200010000 2.1047187500 5.2417187500
4.3250010000 2.1077812500 5.2467812500
4.3300010000 2.1108437500 5.2518437500
4.3350010000 2.1139062500 5.2568437500
4.3400010000 2.1169687500 5.2619062500
4.3450010000 2.1200312500 5.2669687500
4.3500010000 2.1231562500 5.2720312500
4.3550010000 2.1262187500 5.2770937500
4.3600010000 2.1292812500 5.2821562500
4.3650010000 2.1324062500 5.2872187500
4.3700010000 2.1354687500 5.2922812500
4.3750010000 2.1385937500 5.2973437500
4.3800010000 2.1417187500 5.3024062500
4.3850010000 2.1447812500 5.3075312500
4.3900010000 2.1479062500 5.3125937500
4.3950010000 2.1510312500 5.3176562500
4.4000010000 2.1540937500 5.3227187500
4.4050010000 2.1572187500 5.3277812500
4.4100010000 2.1603437500 5.3328437500
4.4150010000 2.1634687500 5.3379687500
4.4200010000 2.1665937500 5.3430312500
4.4250010000 2.1697187500 5.3480937500
4.4300010000 2.1728437500 5.3531562500
4.4350010000 2.1759687500 5.3582812500
4.4400010000 2.1791562500 5.3633437500
4.4450010000 2.1822812500 5.3684062500
4.4500010000 2.1854062500 5.3735312500
4.4550010000 2.1885937500 5.3785937500
4.4600010000 2.1917187500 5.3837187500
4.4650010000 2.1948437500 5.3887812500
4.4700010000 2.1980312500 5.3938437500
4.4750010000 2.2012187500 5.3989687500
4.4800010000 2.2043437500 5.4040312500
4.4850010000 2.2075312500 5.4091562500
4.4900010000 2.2107187500 5.4142812500
4.4950010000 2.2138437500 5.4193437500
4.5000010000 2.2170312500 5.4244687500
4.5050010000 2.2202187500 5.4295312500
4.5100010000 2.2234062500 5.4346562500
4.5150010000 2.2265937500 5.4397187500
4.5200010000 2.2297812500 5.4448437500
4.5250010000 2.2329687500 5.4499687500
4.5300010000 2.2361562500 5.4550937500
4.5350010000 2.2393437500 5.4601562500
4.5400010000 2.2425312500 5.4652812500
4.5450010000 2.2457812500 5.4704062500
4.5500010000 2.2489687500 5.4754687500
4.5550010000 2.2521562500 5.4805937500
4.5600010000 2.2554062500 5.4857187500
4.5650010000 2.2585937500 5.4908437500
4.5700010000 2.2618437500 5.4959687500
4.5750010000 2.2650312500 5.5010937500
4.5800010000 2.2682812500 5.5062187500
4.5850010000 2.2715312500 5.5112812500
4.5900010000 2.2747187500 5.5164062500
4.5950010000 2.2779687500 5.5215312500
4.6000010000 2.2812187500 5.5266562500
4.6050010000 2.2844687500 5.5317812500
4.6100010000 2.2877187500 5.5369062500
4.6150010000 2.2909687500 5.5420312500
4.6200010000 2.2942187500 5.5471562500
4.6250010000 2.2974687500 5.5522812500
4.6300010000 2.3007187500 5.5574687500
4.6350010000 2.3039687500 5.5625937500
4.6400010000 2.3072812500 5.5677187500
4.6450010000 2.3105312500 5.5728437500
4.6500010000 2.3137812500 5.5779687500
4.6550010000 2.3170937500 5.5830937500
4.6600010000 2.3203437500 5.5882187500
4.6650010000 2.3235937500 5.5934062500
4.6700010000 2.3269062500 5.5985312500
4.6750010000 2.3302187500 5.6036562500
4.6800010000 2.3334687500 5.6088437500
4.6850010000 2.3367812500 5.6139687500
4.6900010000 2.3400937500 5.6190937500
4.6950010000 2.3433437500 5.6242187500
4.7000010000 2.3466562500 5.6294062500
4.7050010000 2.3499687500 5.6345312500
4.7100010000 2.3532812500 5.6397187500
4.7150010000 2.3565937500 5.6448437500
4.7200010000 2.3599062500 5.6499687500
4.7250010000 2.3632187500 5.6551562500
4.7300010000 2.3665312500 5.6602812500
4.7350010000 2.3698437500 5.6654687500
4.7400010000 2.3732187500 5.6705937500
4.7450010000 2.3765312500 5.6757812500
4.7500010000 2.3798437500 5.6809062500
4.7550010000 2.3832187500 5.6860937500
4.7600010000 2.3865312500 5.6912812500
4.7650010000 2.3899062500 5.6964062500
4.7700010000 2.3932187500 5.7015937500
4.7750010000 2.3965937500 5.7067812500
4.7800010000 2.3999062500 5.7119062500
4.7850010000 2.4032812500 5.7170937500
4.7900010000 2.4066562500 5.7222812500
4.7950010000 2.4100312500 5.7274062500
4.8000010000 2.4133437500 5.7325937500
4.8050010000 2.4167187500 5.7377812500
4.8100010000 2.4200937500 5.7429687500
4.8150010000 2.4234687500 5.7480937500
4.8200010000 2.4268437500 5.7532812500
4.8250010000 2.4302187500 5.7584687500
4.8300010000 2.4335937500 5.7636562500
4.8350010000 2.4370312500 5.7688437500
4.8400010000 2.4404062500 5.7740312500
4.8450010000 2.4437812500 5.7792187500
4.8500010000 2.4471562500 5.7843437500
4.8550010000 2.4505937500 5.7895312500
4.8600010000 2.4539687500 5.7947187500
4.8650010000 2.4574062500 5.7999062500
4.8700010000 2.4607812500 5.8050937500
4.8750010000 2.4642187500 5.8102812500
4.8800010000 2.4675937500 5.8154687500
4.8850010000 2.4710312500 5.8206562500
4.8900010000 2.4744687500 5.8259062500
4.8950010000 2.4779062500 5.8310937500
4.9000010000 2.4812812500 5.8362812500
4.9050010000 2.4847187500 5.8414687500
4.9100010000 2.4881562500 5.8466562500
4.9150010000 2.4915937500 5.8518437500
4.9200010000 2.4950312500 5.8570312500
4.9250010000 2.4984687500 5.8622812500
4.9300010000 2.5019062500 5.8674687500
4.9350010000 2.5053437500 5.8726562500
4.9400010000 2.5088437500 5.8778437500
4.9450010000 2.5122812500 5.8830937500
4.9500010000 2.5157187500 5.8882812500
4.9550010000 2.5192187500 5.8934687500
4.9600010000 2.5226562500 5.8987187500
4.9650010000 2.5260937500 5.9039062500
4.9700010000 2.5295937500 5.9090937500
4.9750010000 2.5330937500 5.9143437500
4.9800010000 2.5365312500 5.9195312500
4.9850010000 2.5400312500 5.9247187500
4.9900010000 2.5434687500 5.9299687500
4.9950010000 2.5469687500 5.9351562500
