0.020000 0.999925 2.100175
0.025000 0.999825 2.100275
0.030000 0.999775 2.100375
0.035000 0.999675 2.100525
0.040000 0.999625 2.100675
0.045000 0.999475 2.100875
0.050000 0.999375 2.101075
0.055000 0.999275 2.101325
0.060000 0.999125 2.101575
0.065000 0.998975 2.101825
0.070000 0.998775 2.102125
0.075000 0.998625 2.102425
0.080000 0.998425 2.102775
0.085000 0.998225 2.103125
0.090000 0.997975 2.103475
0.095000 0.997775 2.103875
0.100000 0.997525 2.104275
0.105000 0.997275 2.104725
0.110000 0.997025 2.105175
0.115000 0.996725 2.105675
0.120000 0.996475 2.106175
0.125000 0.996175 2.106725
0.130000 0.995825 2.107275
0.135000 0.995525 2.107825
0.140000 0.995175 2.108425
0.145000 0.994825 2.109025
0.150000 0.994475 2.109625
0.155000 0.994125 2.110275
0.160000 0.993725 2.110975
0.165000 0.993325 2.111675
0.170000 0.992925 2.112375
0.175000 0.992525 2.113075
0.180000 0.992075 2.113825
0.185000 0.991675 2.114625
0.190000 0.991225 2.115425
0.195000 0.990725 2.116225
0.200000 0.990275 2.117075
0.205000 0.989775 2.117925
0.210000 0.989275 2.118775
0.215000 0.988775 2.119675
0.220000 0.988275 2.120625
0.225000 0.987725 2.121525
0.230000 0.987225 2.122475
0.235000 0.986675 2.123475
0.240000 0.986125 2.124475
0.245000 0.985525 2.125475
0.250000 0.984975 2.126525
0.255000 0.984375 2.127575
0.260000 0.983775 2.128625
0.265000 0.983175 2.129725
0.270000 0.982525 2.130825
0.275000 0.981925 2.131975
0.280000 0.981275 2.133125
0.285000 0.980625 2.134275
0.290000 0.979975 2.135475
0.295000 0.979275 2.136675
0.300000 0.978625 2.137925
0.305000 0.977925 2.139175
0.310000 0.977225 2.140425
0.315000 0.976525 2.141725
0.320000 0.975825 2.143025
0.325000 0.975075 2.144325
0.330000 0.974325 2.145675
0.335000 0.973625 2.147025
0.340000 0.972875 2.148425
0.345000 0.972075 2.149775
0.350000 0.971325 2.151225
0.355000 0.970525 2.152625
0.360000 0.969775 2.154075
0.365000 0.968975 2.155525
0.370000 0.968175 2.157025
0.375000 0.967325 2.158525
0.380000 0.966525 2.160075
0.385000 0.965675 2.161575
0.390000 0.964875 2.163125
0.395000 0.964025 2.164725
0.400000 0.963175 2.166275
0.405000 0.962275 2.167925
0.410000 0.961425 2.169525
0.415000 0.960575 2.171175
0.420000 0.959675 2.172825
0.425000 0.958775 2.174475
0.430000 0.957875 2.176175
0.435000 0.956975 2.177875
0.440000 0.956075 2.179625
0.445000 0.955175 2.181325
0.450000 0.954225 2.183125
0.455000 0.953275 2.184875
0.460000 0.952375 2.186675
0.465000 0.951425 2.188475
0.470000 0.950475 2.190275
0.475000 0.949525 2.192125
0.480000 0.948525 2.193975
0.485000 0.947575 2.195825
0.490000 0.946575 2.197725
0.495000 0.945625 2.199625
0.500000 0.944625 2.201525
0.505000 0.943625 2.203475
0.510000 0.942625 2.205425
0.515000 0.941625 2.207375
0.520000 0.940625 2.209325
0.525000 0.939575 2.211325
0.530000 0.938575 2.213325
0.535000 0.937525 2.215375
0.540000 0.936525 2.217375
0.545000 0.935475 2.219425
0.550000 0.934425 2.221525
0.555000 0.933375 2.223575
0.560000 0.932325 2.225675
0.565000 0.931275 2.227775
0.570000 0.930225 2.229925
0.575000 0.929175 2.232025
0.580000 0.928075 2.234175
0.585000 0.927025 2.236375
0.590000 0.925925 2.238525
0.595000 0.924825 2.240725
0.600000 0.923775 2.242925
0.605000 0.922675 2.245125
0.610000 0.921575 2.247375
0.615000 0.920475 2.249625
0.620000 0.919375 2.251875
0.625000 0.918275 2.254175
0.630000 0.917175 2.256425
0.635000 0.916075 2.258725
0.640000 0.914925 2.261075
0.645000 0.913825 2.263375
0.650000 0.912725 2.265725
0.655000 0.911575 2.268075
0.660000 0.910475 2.270425
0.665000 0.909325 2.272825
0.670000 0.908175 2.275225
0.675000 0.907075 2.277625
0.680000 0.905925 2.280025
0.685000 0.904775 2.282425
0.690000 0.903625 2.284875
0.695000 0.902475 2.287325
0.700000 0.901375 2.289825
0.705000 0.900225 2.292275
0.710000 0.899075 2.294775
0.715000 0.897925 2.297275
0.720000 0.896725 2.299775
0.725000 0.895575 2.302275
0.730000 0.894425 2.304825
0.735000 0.893275 2.307375
0.740000 0.892125 2.309925
0.745000 0.890975 2.312525
0.750000 0.889775 2.315075
0.755000 0.888625 2.317675
0.760000 0.887475 2.320275
0.765000 0.886275 2.322925
0.770000 0.885125 2.325525
0.775000 0.883975 2.328175
0.780000 0.882775 2.330825
0.785000 0.881625 2.333475
0.790000 0.880475 2.336125
0.795000 0.879275 2.338825
0.800000 0.878125 2.341525
0.805000 0.876925 2.344225
0.810000 0.875775 2.346925
0.815000 0.874625 2.349675
0.820000 0.873425 2.352375
0.825000 0.872275 2.355125
0.830000 0.871075 2.357875
0.835000 0.869925 2.360675
0.840000 0.868725 2.363425
0.845000 0.867575 2.366225
0.850000 0.866425 2.369025
0.855000 0.865225 2.371825
0.860000 0.864075 2.374625
0.865000 0.862875 2.377475
0.870000 0.861725 2.380325
0.875000 0.860575 2.383175
0.880000 0.859375 2.386025
0.885000 0.858225 2.388875
0.890000 0.857075 2.391725
0.895000 0.855875 2.394625
0.900000 0.854725 2.397525
0.905000 0.853575 2.400425
0.910000 0.852425 2.403325
0.915000 0.851225 2.406275
0.920000 0.850075 2.409225
0.925000 0.848925 2.412125
0.930000 0.847775 2.415075
0.935000 0.846625 2.418075
0.940000 0.845475 2.421025
0.945000 0.844325 2.424025
0.950000 0.843175 2.426975
0.955000 0.842025 2.429975
0.960000 0.840875 2.432975
0.965000 0.839725 2.436025
0.970000 0.838625 2.439025
0.975000 0.837475 2.442075
0.980000 0.836325 2.445075
0.985000 0.835225 2.448125
0.990000 0.834075 2.451225
0.995000 0.832925 2.454275
1.000000 0.831825 2.457325
1.005000 0.830675 2.460425
1.010000 0.829575 2.463525
1.015000 0.828475 2.466625
1.020000 0.827325 2.469725
1.025000 0.826225 2.472825
1.030000 0.825125 2.475975
1.035000 0.824025 2.479075
1.040000 0.822925 2.482225
1.045000 0.821825 2.485375
1.050000 0.820725 2.488525
1.055000 0.819625 2.491725
1.060000 0.818525 2.494875
1.065000 0.817475 2.498075
1.070000 0.816375 2.501275
1.075000 0.815275 2.504425
1.080000 0.814225 2.507675
1.085000 0.813125 2.510875
1.090000 0.812075 2.514075
1.095000 0.811025 2.517325
1.100000 0.809975 2.520525
1.105000 0.808875 2.523775
1.110000 0.807825 2.527025
1.115000 0.806775 2.530275
1.120000 0.805775 2.533575
1.125000 0.804725 2.536825
1.130000 0.803675 2.540125
1.135000 0.802625 2.543425
1.140000 0.801625 2.546675
1.145000 0.800625 2.549975
1.150000 0.799575 2.553325
1.155000 0.798575 2.556625
1.160000 0.797575 2.559925
1.165000 0.796575 2.563275
1.170000 0.795575 2.566625
1.175000 0.794575 2.569975
1.180000 0.793575 2.573325
1.185000 0.792575 2.576675
1.190000 0.791625 2.580025
1.195000 0.790625 2.583425
1.200000 0.789675 2.586775
1.205000 0.788675 2.590175
1.210000 0.787725 2.593575
1.215000 0.786775 2.596975
1.220000 0.785825 2.600375
1.225000 0.784875 2.603775
1.230000 0.783975 2.607225
1.235000 0.783025 2.610625
1.240000 0.782075 2.614075
1.245000 0.781175 2.617475
1.250000 0.780275 2.620925
1.255000 0.779375 2.624375
1.260000 0.778425 2.627875
1.265000 0.777525 2.631325
1.270000 0.776675 2.634775
1.275000 0.775775 2.638275
1.280000 0.774875 2.641775
1.285000 0.774025 2.645225
1.290000 0.773125 2.648725
1.295000 0.772275 2.652225
1.300000 0.771425 2.655775
1.305000 0.770575 2.659275
1.310000 0.769725 2.662775
1.315000 0.768875 2.666325
1.320000 0.768075 2.669875
1.325000 0.767225 2.673375
1.330000 0.766425 2.676925
1.335000 0.765625 2.680475
1.340000 0.764825 2.684025
1.345000 0.764025 2.687625
1.350000 0.763225 2.691175
1.355000 0.762425 2.694775
1.360000 0.761675 2.698325
1.365000 0.760875 2.701925
1.370000 0.760125 2.705525
1.375000 0.759375 2.709125
1.380000 0.758625 2.712725
1.385000 0.757875 2.716325
1.390000 0.757125 2.719925
1.395000 0.756425 2.723575
1.400000 0.755675 2.727175
1.405000 0.754975 2.730825
1.410000 0.754275 2.734475
1.415000 0.753575 2.738125
1.420000 0.752875 2.741775
1.425000 0.752175 2.745425
1.430000 0.751525 2.749075
1.435000 0.750825 2.752725
1.440000 0.750175 2.756425
1.445000 0.749525 2.760075
1.450000 0.748875 2.763775
1.455000 0.748225 2.767475
1.460000 0.747625 2.771175
1.465000 0.746975 2.774875
1.470000 0.746375 2.778575
1.475000 0.745775 2.782275
1.480000 0.745175 2.785975
1.485000 0.744575 2.789725
1.490000 0.743975 2.793425
1.495000 0.743425 2.797175
1.500000 0.742825 2.800875
1.505000 0.742275 2.804625
1.510000 0.741725 2.808375
1.515000 0.741175 2.812125
1.520000 0.740675 2.815875
1.525000 0.740125 2.819675
1.530000 0.739625 2.823425
1.535000 0.739125 2.827175
1.540000 0.738575 2.830975
1.545000 0.738125 2.834725
1.550000 0.737625 2.838525
1.555000 0.737125 2.842325
1.560000 0.736675 2.846125
1.565000 0.736225 2.849925
1.570000 0.735775 2.853725
1.575000 0.735325 2.857525
1.580000 0.734875 2.861375
1.585000 0.734475 2.865175
1.590000 0.734075 2.868975
1.595000 0.733625 2.872825
1.600000 0.733225 2.876675
1.605000 0.732875 2.880475
1.610000 0.732475 2.884325
1.615000 0.732125 2.888175
1.620000 0.731725 2.892025
1.625000 0.731375 2.895925
1.630000 0.731025 2.899775
1.635000 0.730725 2.903625
1.640000 0.730375 2.907525
1.645000 0.730075 2.911375
1.650000 0.729775 2.915275
1.655000 0.729475 2.919125
1.660000 0.729175 2.923025
1.665000 0.728875 2.926925
1.670000 0.728625 2.930825
1.675000 0.728375 2.934725
1.680000 0.728125 2.938625
1.685000 0.727875 2.942575
1.690000 0.727625 2.946475
1.695000 0.727425 2.950375
1.700000 0.727175 2.954325
1.705000 0.726975 2.958275
1.710000 0.726775 2.962175
1.715000 0.726575 2.966125
1.720000 0.726425 2.970075
1.725000 0.726275 2.974025
1.730000 0.726075 2.977975
1.735000 0.725925 2.981925
1.740000 0.725825 2.985875
1.745000 0.725675 2.989875
1.750000 0.725575 2.993825
1.755000 0.725475 2.997775
1.760000 0.725325 3.001775
1.765000 0.725275 3.005775
1.770000 0.725175 3.009725
1.775000 0.725125 3.013725
1.780000 0.725025 3.017725
1.785000 0.724975 3.021725
1.790000 0.724975 3.025725
1.795000 0.724925 3.029725
1.800000 0.724875 3.033725
1.805000 0.724875 3.037775
1.810000 0.724875 3.041775
1.815000 0.724875 3.045825
1.820000 0.724925 3.049825
1.825000 0.724925 3.053875
1.830000 0.724975 3.057875
1.835000 0.725025 3.061925
1.840000 0.725075 3.065975
1.845000 0.725125 3.070025
1.850000 0.725225 3.074075
1.855000 0.725325 3.078125
1.860000 0.725425 3.082175
1.865000 0.725525 3.086275
1.870000 0.725625 3.090325
1.875000 0.725775 3.094375
1.880000 0.725875 3.098475
1.885000 0.726025 3.102525
1.890000 0.726175 3.106625
1.895000 0.726375 3.110725
1.900000 0.726525 3.114775
1.905000 0.726725 3.118875
1.910000 0.726925 3.122975
1.915000 0.727125 3.127075
1.920000 0.727325 3.131175
1.925000 0.727575 3.135325
1.930000 0.727825 3.139425
1.935000 0.728075 3.143525
1.940000 0.728325 3.147625
1.945000 0.728575 3.151775
1.950000 0.728875 3.155925
1.955000 0.729125 3.160025
1.960000 0.729425 3.164175
1.965000 0.729775 3.168325
1.970000 0.730075 3.172425
1.975000 0.730375 3.176575
1.980000 0.730725 3.180725
1.985000 0.731075 3.184875
1.990000 0.731425 3.189025
1.995000 0.731825 3.193225
2.000000 0.732175 3.197375
2.005000 0.732575 3.201525
2.010000 0.732975 3.205725
2.015000 0.733375 3.209875
2.020000 0.733825 3.214075
2.025000 0.734225 3.218225
2.030000 0.734675 3.222425
2.035000 0.735125 3.226625
2.040000 0.735575 3.230825
2.045000 0.736025 3.234975
2.050000 0.736525 3.239175
2.055000 0.737025 3.243375
2.060000 0.737525 3.247625
2.065000 0.738025 3.251825
2.070000 0.738525 3.256025
2.075000 0.739075 3.260225
2.080000 0.739625 3.264475
2.085000 0.740175 3.268675
2.090000 0.740725 3.272925
2.095000 0.741275 3.277125
2.100000 0.741875 3.281375
2.105000 0.742475 3.285625
2.110000 0.743075 3.289825
2.115000 0.743675 3.294075
2.120000 0.744275 3.298325
2.125000 0.744925 3.302575
2.130000 0.745575 3.306825
2.135000 0.746225 3.311075
2.140000 0.746875 3.315325
2.145000 0.747525 3.319625
2.150000 0.748225 3.323875
2.155000 0.748875 3.328125
2.160000 0.749575 3.332425
2.165000 0.750325 3.336675
2.170000 0.751025 3.340975
2.175000 0.751725 3.345225
2.180000 0.752475 3.349525
2.185000 0.753225 3.353825
2.190000 0.753975 3.358125
2.195000 0.754775 3.362425
2.200000 0.755525 3.366675
2.205000 0.756325 3.370975
2.210000 0.757125 3.375325
2.215000 0.757925 3.379625
2.220000 0.758725 3.383925
2.225000 0.759575 3.388225
2.230000 0.760375 3.392525
2.235000 0.761225 3.396875
2.240000 0.762075 3.401175
2.245000 0.762925 3.405525
2.250000 0.763825 3.409825
2.255000 0.764675 3.414175
2.260000 0.765575 3.418525
2.265000 0.766475 3.422825
2.270000 0.767375 3.427175
2.275000 0.768325 3.431525
2.280000 0.769225 3.435875
2.285000 0.770175 3.440225
2.290000 0.771125 3.444575
2.295000 0.772075 3.448925
2.300000 0.773025 3.453275
2.305000 0.774025 3.457625
2.310000 0.775025 3.462025
2.315000 0.776025 3.466375
2.320000 0.777025 3.470725
2.325000 0.778025 3.475125
2.330000 0.779025 3.479475
2.335000 0.780075 3.483875
2.340000 0.781125 3.488275
2.345000 0.782175 3.492625
2.350000 0.783225 3.497025
2.355000 0.784275 3.501425
2.360000 0.785375 3.505825
2.365000 0.786425 3.510225
2.370000 0.787525 3.514625
2.375000 0.788625 3.519025
2.380000 0.789725 3.523425
2.385000 0.790875 3.527825
2.390000 0.791975 3.532225
2.395000 0.793125 3.536625
2.400000 0.794275 3.541075
2.405000 0.795425 3.545475
2.410000 0.796575 3.549875
2.415000 0.797775 3.554325
2.420000 0.798975 3.558725
2.425000 0.800125 3.563175
2.430000 0.801325 3.567625
2.435000 0.802575 3.572025
2.440000 0.803775 3.576475
2.445000 0.804975 3.580925
2.450000 0.806225 3.585375
2.455000 0.807475 3.589825
2.460000 0.808725 3.594275
2.465000 0.809975 3.598725
2.470000 0.811225 3.603175
2.475000 0.812525 3.607625
2.480000 0.813825 3.612075
2.485000 0.815125 3.616525
2.490000 0.816425 3.621025
2.495000 0.817725 3.625475
2.500000 0.819025 3.629925
2.505000 0.820375 3.634425
2.510000 0.821675 3.638875
2.515000 0.823025 3.643375
2.520000 0.824375 3.647825
2.525000 0.825725 3.652325
2.530000 0.827125 3.656825
2.535000 0.828475 3.661325
2.540000 0.829875 3.665775
2.545000 0.831275 3.670275
2.550000 0.832675 3.674775
2.555000 0.834075 3.679275
2.560000 0.835475 3.683775
2.565000 0.836925 3.688275
2.570000 0.838325 3.692775
2.575000 0.839775 3.697325
2.580000 0.841225 3.701825
2.585000 0.842675 3.706325
2.590000 0.844125 3.710825
2.595000 0.845625 3.715375
2.600000 0.847075 3.719875
2.605000 0.848575 3.724425
2.610000 0.850075 3.728925
2.615000 0.851575 3.733475
2.620000 0.853075 3.737975
2.625000 0.854625 3.742525
2.630000 0.856125 3.747075
2.635000 0.857675 3.751625
2.640000 0.859225 3.756125
2.645000 0.860775 3.760675
2.650000 0.862325 3.765225
2.655000 0.863875 3.769775
2.660000 0.865425 3.774325
2.665000 0.867025 3.778875
2.670000 0.868625 3.783425
2.675000 0.870175 3.788025
2.680000 0.871775 3.792575
2.685000 0.873425 3.797125
2.690000 0.875025 3.801675
2.695000 0.876625 3.806275
2.700000 0.878275 3.810825
2.705000 0.879925 3.815425
2.710000 0.881525 3.819975
2.715000 0.883175 3.824575
2.720000 0.884875 3.829125
2.725000 0.886525 3.833725
2.730000 0.888175 3.838325
2.735000 0.889875 3.842875
2.740000 0.891575 3.847475
2.745000 0.893225 3.852075
2.750000 0.894925 3.856675
2.755000 0.896675 3.861275
2.760000 0.898375 3.865875
2.765000 0.900075 3.870475
2.770000 0.901825 3.875075
2.775000 0.903575 3.879675
2.780000 0.905275 3.884275
2.785000 0.907025 3.888925
2.790000 0.908775 3.893525
2.795000 0.910575 3.898125
2.800000 0.912325 3.902725
2.805000 0.914125 3.907375
2.810000 0.915875 3.911975
2.815000 0.917675 3.916625
2.820000 0.919475 3.921225
2.825000 0.921275 3.925875
2.830000 0.923075 3.930475
2.835000 0.924875 3.935125
2.840000 0.926725 3.939775
2.845000 0.928525 3.944425
2.850000 0.930375 3.949025
2.855000 0.932225 3.953675
2.860000 0.934075 3.958325
2.865000 0.935925 3.962975
2.870000 0.937775 3.967625
2.875000 0.939625 3.972275
2.880000 0.941525 3.976925
2.885000 0.943375 3.981575
2.890000 0.945275 3.986225
2.895000 0.947175 3.990925
2.900000 0.949075 3.995575
2.905000 0.950975 4.000225
2.910000 0.952875 4.004875
2.915000 0.954825 4.009575
2.920000 0.956725 4.014225
2.925000 0.958675 4.018925
2.930000 0.960575 4.023575
2.935000 0.962525 4.028275
2.940000 0.964475 4.032925
2.945000 0.966425 4.037625
2.950000 0.968375 4.042325
2.955000 0.970375 4.046975
2.960000 0.972325 4.051675
2.965000 0.974325 4.056375
2.970000 0.976275 4.061075
2.975000 0.978275 4.065725
2.980000 0.980275 4.070425
2.985000 0.982275 4.075125
2.990000 0.984275 4.079825
2.995000 0.986325 4.084525
3.000000 0.988325 4.089275
3.005000 0.990325 4.093975
3.010000 0.992375 4.098675
3.015000 0.994425 4.103375
3.020000 0.996475 4.108075
3.025000 0.998525 4.112825
3.030000 1.000575 4.117525
3.035000 1.002625 4.122225
3.040000 1.004675 4.126975
3.045000 1.006775 4.131675
3.050000 1.008825 4.136425
3.055000 1.010925 4.141125
3.060000 1.012975 4.145875
3.065000 1.015075 4.150575
3.070000 1.017175 4.155325
3.075000 1.019275 4.160075
3.080000 1.021425 4.164775
3.085000 1.023525 4.169525
3.090000 1.025625 4.174275
3.095000 1.027775 4.179025
3.100000 1.029875 4.183775
3.105000 1.032025 4.188525
3.110000 1.034175 4.193275
3.115000 1.036325 4.198025
3.120000 1.038475 4.202775
3.125000 1.040625 4.207525
3.130000 1.042775 4.212275
3.135000 1.044975 4.217025
3.140000 1.047125 4.221775
3.145000 1.049325 4.226575
3.150000 1.051525 4.231325
3.155000 1.053675 4.236075
3.160000 1.055875 4.240875
3.165000 1.058075 4.245625
3.170000 1.060275 4.250425
3.175000 1.062525 4.255175
3.180000 1.064725 4.259975
3.185000 1.066925 4.264725
3.190000 1.069175 4.269525
3.195000 1.071425 4.274275
3.200000 1.073625 4.279075
3.205000 1.075875 4.283875
3.210000 1.078125 4.288675
3.215000 1.080375 4.293425
3.220000 1.082625 4.298225
3.225000 1.084875 4.303025
3.230000 1.087175 4.307825
3.235000 1.089425 4.312625
3.240000 1.091725 4.317425
3.245000 1.093975 4.322225
3.250000 1.096275 4.327025
3.255000 1.098575 4.331825
3.260000 1.100875 4.336625
3.265000 1.103175 4.341425
3.270000 1.105475 4.346275
3.275000 1.107775 4.351075
3.280000 1.110125 4.355875
3.285000 1.112425 4.360675
3.290000 1.114725 4.365525
3.295000 1.117075 4.370325
3.300000 1.119425 4.375175
3.305000 1.121775 4.379975
3.310000 1.124075 4.384825
3.315000 1.126425 4.389625
3.320000 1.128775 4.394475
3.325000 1.131175 4.399275
3.330000 1.133525 4.404125
3.335000 1.135875 4.408975
3.340000 1.138275 4.413775
3.345000 1.140625 4.418625
3.350000 1.143025 4.423475
3.355000 1.145425 4.428325
3.360000 1.147775 4.433175
3.365000 1.150175 4.437975
3.370000 1.152575 4.442825
3.375000 1.154975 4.447675
3.380000 1.157425 4.452525
3.385000 1.159825 4.457375
3.390000 1.162225 4.462225
3.395000 1.164675 4.467125
3.400000 1.167075 4.471975
3.405000 1.169525 4.476825
3.410000 1.171975 4.481675
3.415000 1.174375 4.486525
3.420000 1.176825 4.491425
3.425000 1.179275 4.496275
3.430000 1.181725 4.501125
3.435000 1.184225 4.506025
3.440000 1.186675 4.510875
3.445000 1.189125 4.515775
3.450000 1.191625 4.520625
3.455000 1.194075 4.525525
3.460000 1.196575 4.530375
3.465000 1.199075 4.535275
3.470000 1.201525 4.540125
3.475000 1.204025 4.545025
3.480000 1.206525 4.549925
3.485000 1.209025 4.554775
3.490000 1.211525 4.559675
3.495000 1.214075 4.564575
3.500000 1.216575 4.569475
3.505000 1.219075 4.574375
3.510000 1.221625 4.579275
3.515000 1.224125 4.584175
3.520000 1.226675 4.589075
3.525000 1.229225 4.593975
3.530000 1.231725 4.598875
3.535000 1.234275 4.603775
3.540000 1.236825 4.608675
3.545000 1.239375 4.613575
3.550000 1.241925 4.618475
3.555000 1.244525 4.623375
3.560000 1.247075 4.628325
3.565000 1.249625 4.633225
3.570000 1.252225 4.638125
3.575000 1.254775 4.643025
3.580000 1.257375 4.647975
3.585000 1.259975 4.652875
3.590000 1.262575 4.657825
3.595000 1.265125 4.662725
3.600000 1.267725 4.667675
3.605000 1.270325 4.672575
3.610000 1.272975 4.677525
3.615000 1.275575 4.682425
3.620000 1.278175 4.687375
3.625000 1.280775 4.692325
3.630000 1.283425 4.697225
3.635000 1.286025 4.702175
3.640000 1.288675 4.707125
3.645000 1.291325 4.712075
3.650000 1.293925 4.716975
3.655000 1.296575 4.721925
3.660000 1.299225 4.726875
3.665000 1.301875 4.731825
3.670000 1.304525 4.736775
3.675000 1.307175 4.741725
3.680000 1.309875 4.746675
3.685000 1.312525 4.751625
3.690000 1.315175 4.756575
3.695000 1.317875 4.761525
3.700000 1.320525 4.766475
3.705000 1.323225 4.771475
3.710000 1.325925 4.776425
3.715000 1.328575 4.781375
3.720000 1.331275 4.786325
3.725000 1.333975 4.791325
3.730000 1.336675 4.796275
3.735000 1.339375 4.801225
3.740000 1.342125 4.806225
3.745000 1.344825 4.811175
3.750000 1.347525 4.816175
3.755000 1.350225 4.821125
3.760000 1.352975 4.826125
3.765000 1.355675 4.831075
3.770000 1.358425 4.836075
3.775000 1.361175 4.841025
3.780000 1.363925 4.846025
3.785000 1.366625 4.851025
3.790000 1.369375 4.855975
3.795000 1.372125 4.860975
3.800000 1.374875 4.865975
3.805000 1.377625 4.870975
3.810000 1.380425 4.875975
3.815000 1.383175 4.880925
3.820000 1.385925 4.885925
3.825000 1.388725 4.890925
3.830000 1.391475 4.895925
3.835000 1.394275 4.900925
3.840000 1.397075 4.905925
3.845000 1.399825 4.910925
3.850000 1.402625 4.915925
3.855000 1.405425 4.920925
3.860000 1.408225 4.925975
3.865000 1.411025 4.930975
3.870000 1.413825 4.935975
3.875000 1.416625 4.940975
3.880000 1.419425 4.945975
3.885000 1.422275 4.951025
3.890000 1.425075 4.956025
3.895000 1.427925 4.961025
3.900000 1.430725 4.966075
3.905000 1.433575 4.971075
3.910000 1.436375 4.976125
3.915000 1.439225 4.981125
3.920000 1.442075 4.986175
3.925000 1.444925 4.991175
3.930000 1.447775 4.996225
3.935000 1.450625 5.001225
3.940000 1.453475 5.006275
3.945000 1.456325 5.011275
3.950000 1.459175 5.016325
3.955000 1.462075 5.021375
3.960000 1.464925 5.026425
3.965000 1.467775 5.031425
3.970000 1.470675 5.036475
3.975000 1.473575 5.041525
3.980000 1.476425 5.046575
3.985000 1.479325 5.051625
3.990000 1.482225 5.056625
3.995000 1.485125 5.061675
4.000000 1.488025 5.066725
4.005000 1.490925 5.071775
4.010000 1.493825 5.076825
4.015000 1.496725 5.081875
4.020000 1.499625 5.086975
4.025000 1.502525 5.092025
4.030000 1.505475 5.097075
4.035000 1.508375 5.102125
4.040000 1.511325 5.107175
4.045000 1.514225 5.112225
4.050000 1.517175 5.117325
4.055000 1.520075 5.122375
4.060000 1.523025 5.127425
4.065000 1.525975 5.132475
4.070000 1.528925 5.137575
4.075000 1.531875 5.142625
4.080000 1.534825 5.147725
4.085000 1.537775 5.152775
4.090000 1.540725 5.157875
4.095000 1.543675 5.162925
4.100000 1.546675 5.168025
4.105000 1.549625 5.173075
4.110000 1.552625 5.178175
4.115000 1.555575 5.183225
4.120000 1.558575 5.188325
4.125000 1.561525 5.193425
4.130000 1.564525 5.198475
4.135000 1.567525 5.203575
4.140000 1.570525 5.208675
4.145000 1.573525 5.213775
4.150000 1.576475 5.218825
4.155000 1.579525 5.223925
4.160000 1.582525 5.229025
4.165000 1.585525 5.234125
4.170000 1.588525 5.239225
4.175000 1.591525 5.244325
4.180000 1.594575 5.249425
4.185000 1.597575 5.254525
4.190000 1.600625 5.259625
4.195000 1.603625 5.264725
4.200000 1.606675 5.269825
4.205000 1.609725 5.274925
4.210000 1.612725 5.280025
4.215000 1.615775 5.285125
4.220000 1.618825 5.290275
4.225000 1.621875 5.295375
4.230000 1.624925 5.300475
4.235000 1.627975 5.305575
4.240000 1.631025 5.310725
4.245000 1.634125 5.315825
4.250000 1.637175 5.320925
4.255000 1.640225 5.326075
4.260000 1.643325 5.331175
4.265000 1.646375 5.336275
4.270000 1.649475 5.341425
4.275000 1.652525 5.346525
4.280000 1.655625 5.351675
4.285000 1.658725 5.356775
4.290000 1.661825 5.361925
4.295000 1.664875 5.367075
4.300000 1.667975 5.372175
4.305000 1.671075 5.377325
4.310000 1.674175 5.382475
4.315000 1.677325 5.387575
4.320000 1.680425 5.392725
4.325000 1.683525 5.397875
4.330000 1.686625 5.403025
4.335000 1.689775 5.408125
4.340000 1.692875 5.413275
4.345000 1.696025 5.418425
4.350000 1.699125 5.423575
4.355000 1.702275 5.428725
4.360000 1.705425 5.433875
4.365000 1.708525 5.439025
4.370000 1.711675 5.444175
4.375000 1.714825 5.449325
4.380000 1.717975 5.454475
4.385000 1.721125 5.459625
4.390000 1.724275 5.464775
4.395000 1.727425 5.469925
4.400000 1.730625 5.475075
4.405000 1.733775 5.480225
4.410000 1.736925 5.485425
4.415000 1.740125 5.490575
4.420000 1.743275 5.495725
4.425000 1.746475 5.500875
4.430000 1.749625 5.506075
4.435000 1.752825 5.511225
4.440000 1.756025 5.516375
4.445000 1.759175 5.521575
4.450000 1.762375 5.526725
4.455000 1.765575 5.531925
4.460000 1.768775 5.537075
4.465000 1.771975 5.542275
4.470000 1.775175 5.547425
4.475000 1.778375 5.552625
4.480000 1.781575 5.557775
4.485000 1.784825 5.562975
4.490000 1.788025 5.568125
4.495000 1.791225 5.573325
4.500000 1.794475 5.578525
4.505000 1.797675 5.583675
4.510000 1.800925 5.588875
4.515000 1.804175 5.594075
4.520000 1.807375 5.599275
4.525000 1.810625 5.604425
4.530000 1.813875 5.609625
4.535000 1.817125 5.614825
4.540000 1.820375 5.620025
4.545000 1.823625 5.625225
4.550000 1.826875 5.630425
4.555000 1.830125 5.635625
4.560000 1.833375 5.640825
4.565000 1.836675 5.646025
4.570000 1.839925 5.651225
4.575000 1.843175 5.656425
4.580000 1.846475 5.661625
4.585000 1.849725 5.666825
4.590000 1.853025 5.672025
4.595000 1.856275 5.677225
4.600000 1.859575 5.682425
4.605000 1.862875 5.687625
4.610000 1.866175 5.692875
4.615000 1.869425 5.698075
4.620000 1.872725 5.703275
4.625000 1.876025 5.708475
4.630000 1.879325 5.713725
4.635000 1.882675 5.718925
4.640000 1.885975 5.724175
4.645000 1.889275 5.729375
4.650000 1.892575 5.734575
4.655000 1.895925 5.739825
4.660000 1.899225 5.745025
4.665000 1.902575 5.750275
4.670000 1.905875 5.755475
4.675000 1.909225 5.760725
4.680000 1.912525 5.765925
4.685000 1.915875 5.771175
4.690000 1.919225 5.776425
4.695000 1.922575 5.781625
4.700000 1.925925 5.786875
4.705000 1.929225 5.792125
4.710000 1.932625 5.797325
4.715000 1.935975 5.802575
4.720000 1.939325 5.807825
4.725000 1.942675 5.813075
4.730000 1.946025 5.818275
4.735000 1.949375 5.823525
4.740000 1.952775 5.828775
4.745000 1.956125 5.834025
4.750000 1.959525 5.839275
4.755000 1.962875 5.844525
4.760000 1.966275 5.849775
4.765000 1.969675 5.855025
4.770000 1.973025 5.860275
4.775000 1.976425 5.865525
4.780000 1.979825 5.870775
4.785000 1.983225 5.876025
4.790000 1.986625 5.881275
4.795000 1.990025 5.886525
4.800000 1.993425 5.891775
4.805000 1.996825 5.897075
4.810000 2.000225 5.902325
4.815000 2.003675 5.907575
4.820000 2.007075 5.912825
4.825000 2.010475 5.918075
4.830000 2.013925 5.923375
4.835000 2.017325 5.928625
4.840000 2.020775 5.933875
4.845000 2.024225 5.939175
4.850000 2.027625 5.944425
4.855000 2.031075 5.949725
4.860000 2.034525 5.954975
4.865000 2.037975 5.960275
4.870000 2.041425 5.965525
4.875000 2.044825 5.970825
4.880000 2.048325 5.976075
4.885000 2.051775 5.981375
4.890000 2.055225 5.986625
4.895000 2.058675 5.991925
4.900000 2.062125 5.997225
