0.8971000000 0.0000378990
0.8981000000 0.0002468452
0.8991000000 0.0004557228
0.9001000000 0.0006645317
0.9011000000 0.0008732719
0.9021000000 0.0010819359
0.9031000000 0.0012905312
0.9041000000 0.0014990578
0.9051000000 0.0017075081
0.9061000000 0.0019158974
0.9071000000 0.0021242104
0.9081000000 0.0023324471
0.9091000000 0.0025406227
0.9101000000 0.0027487221
0.9111000000 0.0029567528
0.9121000000 0.0031647072
0.9131000000 0.0033725929
0.9141000000 0.0035804100
0.9151000000 0.0037881584
0.9161000000 0.0039958305
0.9171000000 0.0042034340
0.9181000000 0.0044109612
0.9191000000 0.0046184273
0.9201000000 0.0048258095
0.9211000000 0.0050331306
0.9221000000 0.0052403755
0.9231000000 0.0054475517
0.9241000000 0.0056546593
0.9251000000 0.0058616905
0.9261000000 0.0060686455
0.9271000000 0.0062755394
0.9281000000 0.0064823570
0.9291000000 0.0066890984
0.9301000000 0.0068957787
0.9311000000 0.0071023750
0.9321000000 0.0073089104
0.9331000000 0.0075153694
0.9341000000 0.0077217522
0.9351000000 0.0079280663
0.9361000000 0.0081343117
0.9371000000 0.0083404808
0.9381000000 0.0085465813
0.9391000000 0.0087526131
0.9401000000 0.0089585686
0.9411000000 0.0091644478
0.9421000000 0.0093702583
0.9431000000 0.0095760002
0.9441000000 0.0097816658
0.9451000000 0.0099872627
0.9461000000 0.0101927834
0.9471000000 0.0103982277
0.9481000000 0.0106036110
0.9491000000 0.0108089104
0.9501000000 0.0110141411
0.9511000000 0.0112193031
0.9521000000 0.0114243889
0.9531000000 0.0116294060
0.9541000000 0.0118343468
0.9551000000 0.0120392113
0.9561000000 0.0122440071
0.9571000000 0.0124487343
0.9581000000 0.0126533852
0.9591000000 0.0128579597
0.9601000000 0.0130624657
0.9611000000 0.0132668953
0.9621000000 0.0134712486
0.9631000000 0.0136755333
0.9641000000 0.0138797493
0.9651000000 0.0140838814
0.9661000000 0.0142879524
0.9671000000 0.0144919395
0.9681000000 0.0146958580
0.9691000000 0.0148997002
0.9701000000 0.0151034737
0.9711000000 0.0153071709
0.9721000000 0.0155107918
0.9731000000 0.0157143440
0.9741000000 0.0159178200
0.9751000000 0.0161212273
0.9761000000 0.0163245506
0.9771000000 0.0165278053
0.9781000000 0.0167309914
0.9791000000 0.0169340935
0.9801000000 0.0171371269
0.9811000000 0.0173400917
0.9821000000 0.0175429726
0.9831000000 0.0177457848
0.9841000000 0.0179485207
0.9851000000 0.0181511803
0.9861000000 0.0183537712
0.9871000000 0.0185562859
0.9881000000 0.0187587242
0.9891000000 0.0189610863
0.9901000000 0.0191633797
0.9911000000 0.0193655891
0.9921000000 0.0195677299
0.9931000000 0.0197698021
0.9941000000 0.0199717903
0.9951000000 0.0201737099
0.9961000000 0.0203755455
0.9971000000 0.0205773125
0.9981000000 0.0207790031
0.9991000000 0.0209806252
1.0001000000 0.0211821632
1.0011000000 0.0213836327
1.0021000000 0.0215850182
1.0031000000 0.0217863350
1.0041000000 0.0219875755
1.0051000000 0.0221887474
1.0061000000 0.0223898354
1.0071000000 0.0225908470
1.0081000000 0.0227917900
1.0091000000 0.0229926491
1.0101000000 0.0231934395
1.0111000000 0.0233941536
1.0121000000 0.0235947838
1.0131000000 0.0237953453
1.0141000000 0.0239958305
1.0151000000 0.0241962395
1.0161000000 0.0243965721
1.0171000000 0.0245968285
1.0181000000 0.0247970085
1.0191000000 0.0249971123
1.0201000000 0.0251971397
1.0211000000 0.0253970985
1.0221000000 0.0255969734
1.0231000000 0.0257967720
1.0241000000 0.0259964943
1.0251000000 0.0261961403
1.0261000000 0.0263957100
1.0271000000 0.0265952034
1.0281000000 0.0267946205
1.0291000000 0.0269939613
1.0301000000 0.0271932259
1.0311000000 0.0273924141
1.0321000000 0.0275915260
1.0331000000 0.0277905540
1.0341000000 0.0279895134
1.0351000000 0.0281883888
1.0361000000 0.0283871956
1.0371000000 0.0285859184
1.0381000000 0.0287845650
1.0391000000 0.0289831352
1.0401000000 0.0291816292
1.0411000000 0.0293800468
1.0421000000 0.0295783882
1.0431000000 0.0297766457
1.0441000000 0.0299748268
1.0451000000 0.0301729393
1.0461000000 0.0303709679
1.0471000000 0.0305689125
1.0481000000 0.0307667885
1.0491000000 0.0309645882
1.0501000000 0.0311623039
1.0511000000 0.0313599434
1.0521000000 0.0315575066
1.0531000000 0.0317549858
1.0541000000 0.0319523964
1.0551000000 0.0321497231
1.0561000000 0.0323469734
1.0571000000 0.0325441399
1.0581000000 0.0327412376
1.0591000000 0.0329382515
1.0601000000 0.0331351814
1.0611000000 0.0333320427
1.0621000000 0.0335288200
1.0631000000 0.0337255211
1.0641000000 0.0339221458
1.0651000000 0.0341186867
1.0661000000 0.0343151512
1.0671000000 0.0345115395
1.0681000000 0.0347078438
1.0691000000 0.0349040718
1.0701000000 0.0351002235
1.0711000000 0.0352962914
1.0721000000 0.0354922829
1.0731000000 0.0356881981
1.0741000000 0.0358840294
1.0751000000 0.0360797844
1.0761000000 0.0362754631
1.0771000000 0.0364710579
1.0781000000 0.0366665688
1.0791000000 0.0368620110
1.0801000000 0.0370573616
1.0811000000 0.0372526436
1.0821000000 0.0374478416
1.0831000000 0.0376429558
1.0841000000 0.0378379936
1.0851000000 0.0380329552
1.0861000000 0.0382278328
1.0871000000 0.0384226341
1.0881000000 0.0386173515
1.0891000000 0.0388119926
1.0901000000 0.0390065498
1.0911000000 0.0392010307
1.0921000000 0.0393954277
1.0931000000 0.0395897484
1.0941000000 0.0397839851
1.0951000000 0.0399781456
1.0961000000 0.0401722221
1.0971000000 0.0403662224
1.0981000000 0.0405601387
1.0991000000 0.0407539711
1.1001000000 0.0409477272
1.1011000000 0.0411414070
1.1021000000 0.0413350029
1.1031000000 0.0415285149
1.1041000000 0.0417219505
1.1051000000 0.0419153023
1.1061000000 0.0421085701
1.1071000000 0.0423017616
1.1081000000 0.0424948692
1.1091000000 0.0426879005
1.1101000000 0.0428808479
1.1111000000 0.0430737114
1.1121000000 0.0432664986
1.1131000000 0.0434592018
1.1141000000 0.0436518211
1.1151000000 0.0438443642
1.1161000000 0.0440368233
1.1171000000 0.0442292061
1.1181000000 0.0444214973
1.1191000000 0.0446137123
1.1201000000 0.0448058510
1.1211000000 0.0449978981
1.1221000000 0.0451898689
1.1231000000 0.0453817635
1.1241000000 0.0455735664
1.1251000000 0.0457652931
1.1261000000 0.0459569359
1.1271000000 0.0461484947
1.1281000000 0.0463399696
1.1291000000 0.0465313683
1.1301000000 0.0467226830
1.1311000000 0.0469139137
1.1321000000 0.0471050682
1.1331000000 0.0472961311
1.1341000000 0.0474871178
1.1351000000 0.0476780205
1.1361000000 0.0478688393
1.1371000000 0.0480595818
1.1381000000 0.0482502327
1.1391000000 0.0484408073
1.1401000000 0.0486312981
1.1411000000 0.0488217049
1.1421000000 0.0490120277
1.1431000000 0.0492022743
1.1441000000 0.0493924294
1.1451000000 0.0495825081
1.1461000000 0.0497725029
1.1471000000 0.0499624138
1.1481000000 0.0501522408
1.1491000000 0.0503419838
1.1501000000 0.0505316429
1.1511000000 0.0507212181
1.1521000000 0.0509107170
1.1531000000 0.0511001244
1.1541000000 0.0512894554
1.1551000000 0.0514786949
1.1561000000 0.0516678581
1.1571000000 0.0518569374
1.1581000000 0.0520459251
1.1591000000 0.0522348366
1.1601000000 0.0524236641
1.1611000000 0.0526124077
1.1621000000 0.0528010674
1.1631000000 0.0529896431
1.1641000000 0.0531781349
1.1651000000 0.0533665428
1.1661000000 0.0535548592
1.1671000000 0.0537430992
1.1681000000 0.0539312553
1.1691000000 0.0541193275
1.1701000000 0.0543073158
1.1711000000 0.0544952202
1.1721000000 0.0546830330
1.1731000000 0.0548707695
1.1741000000 0.0550584221
1.1751000000 0.0552459831
1.1761000000 0.0554334679
1.1771000000 0.0556208611
1.1781000000 0.0558081703
1.1791000000 0.0559954033
1.1801000000 0.0561825447
1.1811000000 0.0563696022
1.1821000000 0.0565565758
1.1831000000 0.0567434654
1.1841000000 0.0569302635
1.1851000000 0.0571169853
1.1861000000 0.0573036156
1.1871000000 0.0574901695
1.1881000000 0.0576766319
1.1891000000 0.0578630104
1.1901000000 0.0580493050
1.1911000000 0.0582355080
1.1921000000 0.0584216347
1.1931000000 0.0586076698
1.1941000000 0.0587936287
1.1951000000 0.0589794960
1.1961000000 0.0591652718
1.1971000000 0.0593509712
1.1981000000 0.0595365791
1.1991000000 0.0597221031
1.2001000000 0.0599075432
1.2011000000 0.0600928993
1.2021000000 0.0602781715
1.2031000000 0.0604633522
1.2041000000 0.0606484489
1.2051000000 0.0608334618
1.2061000000 0.0610183830
1.2071000000 0.0612032204
1.2081000000 0.0613879738
1.2091000000 0.0615726433
1.2101000000 0.0617572212
1.2111000000 0.0619417152
1.2121000000 0.0621261253
1.2131000000 0.0623104515
1.2141000000 0.0624946861
1.2151000000 0.0626788368
1.2161000000 0.0628629036
1.2171000000 0.0630468788
1.2181000000 0.0632307701
1.2191000000 0.0634145699
1.2201000000 0.0635982933
1.2211000000 0.0637819252
1.2221000000 0.0639654655
1.2231000000 0.0641489220
1.2241000000 0.0643322945
1.2251000000 0.0645155830
1.2261000000 0.0646987801
1.2271000000 0.0648818932
1.2281000000 0.0650649147
1.2291000000 0.0652478523
1.2301000000 0.0654306984
1.2311000000 0.0656134682
1.2321000000 0.0657961388
1.2331000000 0.0659787331
1.2341000000 0.0661612282
1.2351000000 0.0663436470
1.2361000000 0.0665259743
1.2371000000 0.0667082176
1.2381000000 0.0668903694
1.2391000000 0.0670724297
1.2401000000 0.0672544136
1.2411000000 0.0674362984
1.2421000000 0.0676181068
1.2431000000 0.0677998238
1.2441000000 0.0679814491
1.2451000000 0.0681629906
1.2461000000 0.0683444405
1.2471000000 0.0685258064
1.2481000000 0.0687070808
1.2491000000 0.0688882713
1.2501000000 0.0690693779
1.2511000000 0.0692503853
1.2521000000 0.0694313164
1.2531000000 0.0696121483
1.2541000000 0.0697929039
1.2551000000 0.0699735603
1.2561000000 0.0701541405
1.2571000000 0.0703346214
1.2581000000 0.0705150185
1.2591000000 0.0706953316
1.2601000000 0.0708755531
1.2611000000 0.0710556831
1.2621000000 0.0712357292
1.2631000000 0.0714156837
1.2641000000 0.0715955467
1.2651000000 0.0717753258
1.2661000000 0.0719550209
1.2671000000 0.0721346169
1.2681000000 0.0723141365
1.2691000000 0.0724935570
1.2701000000 0.0726728935
1.2711000000 0.0728521385
1.2721000000 0.0730312996
1.2731000000 0.0732103691
1.2741000000 0.0733893471
1.2751000000 0.0735682411
1.2761000000 0.0737470436
1.2771000000 0.0739257545
1.2781000000 0.0741043816
1.2791000000 0.0742829170
1.2801000000 0.0744613609
1.2811000000 0.0746397209
1.2821000000 0.0748179893
1.2831000000 0.0749961662
1.2841000000 0.0751742592
1.2851000000 0.0753522606
1.2861000000 0.0755301704
1.2871000000 0.0757079887
1.2881000000 0.0758857231
1.2891000000 0.0760633659
1.2901000000 0.0762409172
1.2911000000 0.0764183769
1.2921000000 0.0765957527
1.2931000000 0.0767730370
1.2941000000 0.0769502296
1.2951000000 0.0771273384
1.2961000000 0.0773043556
1.2971000000 0.0774812813
1.2981000000 0.0776581154
1.2991000000 0.0778348579
1.3001000000 0.0780115166
1.3011000000 0.0781880836
1.3021000000 0.0783645592
1.3031000000 0.0785409431
1.3041000000 0.0787172356
1.3051000000 0.0788934441
1.3061000000 0.0790695610
1.3071000000 0.0792455788
1.3081000000 0.0794215202
1.3091000000 0.0795973625
1.3101000000 0.0797731133
1.3111000000 0.0799487801
1.3121000000 0.0801243553
1.3131000000 0.0802998390
1.3141000000 0.0804752312
1.3151000000 0.0806505318
1.3161000000 0.0808257408
1.3171000000 0.0810008583
1.3181000000 0.0811758919
1.3191000000 0.0813508339
1.3201000000 0.0815256767
1.3211000000 0.0817004356
1.3221000000 0.0818751030
1.3231000000 0.0820496788
1.3241000000 0.0822241631
1.3251000000 0.0823985634
1.3261000000 0.0825728645
1.3271000000 0.0827470741
1.3281000000 0.0829211998
1.3291000000 0.0830952263
1.3301000000 0.0832691689
1.3311000000 0.0834430199
1.3321000000 0.0836167717
1.3331000000 0.0837904396
1.3341000000 0.0839640160
1.3351000000 0.0841375008
1.3361000000 0.0843108864
1.3371000000 0.0844841881
1.3381000000 0.0846573982
1.3391000000 0.0848305168
1.3401000000 0.0850035439
1.3411000000 0.0851764793
1.3421000000 0.0853493233
1.3431000000 0.0855220680
1.3441000000 0.0856947289
1.3451000000 0.0858672981
1.3461000000 0.0860397758
1.3471000000 0.0862121620
1.3481000000 0.0863844566
1.3491000000 0.0865566521
1.3501000000 0.0867287636
1.3511000000 0.0869007835
1.3521000000 0.0870727043
1.3531000000 0.0872445412
1.3541000000 0.0874162788
1.3551000000 0.0875879326
1.3561000000 0.0877594872
1.3571000000 0.0879309502
1.3581000000 0.0881023216
1.3591000000 0.0882736092
1.3601000000 0.0884447975
1.3611000000 0.0886158867
1.3621000000 0.0887868919
1.3631000000 0.0889578056
1.3641000000 0.0891286278
1.3651000000 0.0892993507
1.3661000000 0.0894699821
1.3671000000 0.0896405296
1.3681000000 0.0898109779
1.3691000000 0.0899813347
1.3701000000 0.0901515999
1.3711000000 0.0903217659
1.3721000000 0.0904918480
1.3731000000 0.0906618309
1.3741000000 0.0908317223
1.3751000000 0.0910015221
1.3761000000 0.0911712303
1.3771000000 0.0913408470
1.3781000000 0.0915103722
1.3791000000 0.0916797981
1.3801000000 0.0918491325
1.3811000000 0.0920183754
1.3821000000 0.0921875267
1.3831000000 0.0923565865
1.3841000000 0.0925255470
1.3851000000 0.0926944160
1.3861000000 0.0928631935
1.3871000000 0.0930318794
1.3881000000 0.0932004662
1.3891000000 0.0933689690
1.3901000000 0.0935373726
1.3911000000 0.0937056770
1.3921000000 0.0938738976
1.3931000000 0.0940420189
1.3941000000 0.0942100487
1.3951000000 0.0943779869
1.3961000000 0.0945458336
1.3971000000 0.0947135811
1.3981000000 0.0948812370
1.3991000000 0.0950488014
1.4001000000 0.0952162666
1.4011000000 0.0953836403
1.4021000000 0.0955509224
1.4031000000 0.0957181129
1.4041000000 0.0958852043
1.4051000000 0.0960522041
1.4061000000 0.0962191048
1.4071000000 0.0963859215
1.4081000000 0.0965526390
1.4091000000 0.0967192574
1.4101000000 0.0968857918
1.4111000000 0.0970522270
1.4121000000 0.0972185707
1.4131000000 0.0973848152
1.4141000000 0.0975509682
1.4151000000 0.0977170219
1.4161000000 0.0978829918
1.4171000000 0.0980488625
1.4181000000 0.0982146339
1.4191000000 0.0983803139
1.4201000000 0.0985459023
1.4211000000 0.0987113991
1.4221000000 0.0988767967
1.4231000000 0.0990420952
1.4241000000 0.0992073097
1.4251000000 0.0993724251
1.4261000000 0.0995374413
1.4271000000 0.0997023659
1.4281000000 0.0998671989
1.4291000000 0.1000319328
1.4301000000 0.1001965752
1.4311000000 0.1003611183
1.4321000000 0.1005255699
1.4331000000 0.1006899300
1.4341000000 0.1008541908
1.4351000000 0.1010183525
1.4361000000 0.1011824226
1.4371000000 0.1013464012
1.4381000000 0.1015102806
1.4391000000 0.1016740685
1.4401000000 0.1018377647
1.4411000000 0.1020013542
1.4421000000 0.1021648598
1.4431000000 0.1023282661
1.4441000000 0.1024915733
1.4451000000 0.1026547890
1.4461000000 0.1028179131
1.4471000000 0.1029809380
1.4481000000 0.1031438637
1.4491000000 0.1033066978
1.4501000000 0.1034694328
1.4511000000 0.1036320763
1.4521000000 0.1037946281
1.4531000000 0.1039570732
1.4541000000 0.1041194344
1.4551000000 0.1042816963
1.4561000000 0.1044438591
1.4571000000 0.1046059227
1.4581000000 0.1047679024
1.4591000000 0.1049297752
1.4601000000 0.1050915565
1.4611000000 0.1052532463
1.4621000000 0.1054148369
1.4631000000 0.1055763283
1.4641000000 0.1057377281
1.4651000000 0.1058990288
1.4661000000 0.1060602379
1.4671000000 0.1062213478
1.4681000000 0.1063823586
1.4691000000 0.1065432777
1.4701000000 0.1067040977
1.4711000000 0.1068648262
1.4721000000 0.1070254555
1.4731000000 0.1071859856
1.4741000000 0.1073464241
1.4751000000 0.1075067635
1.4761000000 0.1076670036
1.4771000000 0.1078271523
1.4781000000 0.1079872017
1.4791000000 0.1081471596
1.4801000000 0.1083070183
1.4811000000 0.1084667778
1.4821000000 0.1086264458
1.4831000000 0.1087860146
1.4841000000 0.1089454842
1.4851000000 0.1091048622
1.4861000000 0.1092641411
1.4871000000 0.1094233208
1.4881000000 0.1095824089
1.4891000000 0.1097413902
1.4901000000 0.1099002876
1.4911000000 0.1100590782
1.4921000000 0.1102177773
1.4931000000 0.1103763771
1.4941000000 0.1105348778
1.4951000000 0.1106932869
1.4961000000 0.1108515968
1.4971000000 0.1110098076
1.4981000000 0.1111679268
1.4991000000 0.1113259468
1.5001000000 0.1114838676
1.5011000000 0.1116416893
1.5021000000 0.1117994118
1.5031000000 0.1119570427
1.5041000000 0.1121145744
1.5051000000 0.1122720070
1.5061000000 0.1124293480
1.5071000000 0.1125865898
1.5081000000 0.1127437325
1.5091000000 0.1129007759
1.5101000000 0.1130577202
1.5111000000 0.1132145729
1.5121000000 0.1133713264
1.5131000000 0.1135279808
1.5141000000 0.1136845360
1.5151000000 0.1138409920
1.5161000000 0.1139973564
1.5171000000 0.1141536217
1.5181000000 0.1143097878
1.5191000000 0.1144658546
1.5201000000 0.1146218224
1.5211000000 0.1147776985
1.5221000000 0.1149334679
1.5231000000 0.1150891457
1.5241000000 0.1152447243
1.5251000000 0.1154002037
1.5261000000 0.1155555916
1.5271000000 0.1157108727
1.5281000000 0.1158660622
1.5291000000 0.1160211449
1.5301000000 0.1161761360
1.5311000000 0.1163310280
1.5321000000 0.1164858208
1.5331000000 0.1166405144
1.5341000000 0.1167951088
1.5351000000 0.1169496117
1.5361000000 0.1171040077
1.5371000000 0.1172583122
1.5381000000 0.1174125175
1.5391000000 0.1175666161
1.5401000000 0.1177206230
1.5411000000 0.1178745308
1.5421000000 0.1180283394
1.5431000000 0.1181820488
1.5441000000 0.1183356590
1.5451000000 0.1184891701
1.5461000000 0.1186425896
1.5471000000 0.1187959023
1.5481000000 0.1189491158
1.5491000000 0.1191022377
1.5501000000 0.1192552528
1.5511000000 0.1194081764
1.5521000000 0.1195609932
1.5531000000 0.1197137184
1.5541000000 0.1198663368
1.5551000000 0.1200188637
1.5561000000 0.1201712837
1.5571000000 0.1203236122
1.5581000000 0.1204758339
1.5591000000 0.1206279640
1.5601000000 0.1207799873
1.5611000000 0.1209319191
1.5621000000 0.1210837517
1.5631000000 0.1212354774
1.5641000000 0.1213871117
1.5651000000 0.1215386391
1.5661000000 0.1216900673
1.5671000000 0.1218414040
1.5681000000 0.1219926338
1.5691000000 0.1221437645
1.5701000000 0.1222948036
1.5711000000 0.1224457359
1.5721000000 0.1225965691
1.5731000000 0.1227473030
1.5741000000 0.1228979378
1.5751000000 0.1230484734
1.5761000000 0.1231989098
1.5771000000 0.1233492470
1.5781000000 0.1234994774
1.5791000000 0.1236496162
1.5801000000 0.1237996483
1.5811000000 0.1239495888
1.5821000000 0.1240994225
1.5831000000 0.1242491570
1.5841000000 0.1243987923
1.5851000000 0.1245483284
1.5861000000 0.1246977654
1.5871000000 0.1248471031
1.5881000000 0.1249963341
1.5891000000 0.1251454735
1.5901000000 0.1252945061
1.5911000000 0.1254434395
1.5921000000 0.1255922737
1.5931000000 0.1257410088
1.5941000000 0.1258896446
1.5951000000 0.1260381737
1.5961000000 0.1261866035
1.5971000000 0.1263349419
1.5981000000 0.1264831657
1.5991000000 0.1266312981
1.6001000000 0.1267793312
1.6011000000 0.1269272575
1.6021000000 0.1270750923
1.6031000000 0.1272228203
1.6041000000 0.1273704414
1.6051000000 0.1275179710
1.6061000000 0.1276653938
1.6071000000 0.1278127174
1.6081000000 0.1279599419
1.6091000000 0.1281070671
1.6101000000 0.1282540932
1.6111000000 0.1284010124
1.6121000000 0.1285478325
1.6131000000 0.1286945534
1.6141000000 0.1288411674
1.6151000000 0.1289876823
1.6161000000 0.1291340981
1.6171000000 0.1292804146
1.6181000000 0.1294266243
1.6191000000 0.1295727425
1.6201000000 0.1297187538
1.6211000000 0.1298646584
1.6221000000 0.1300104713
1.6231000000 0.1301561775
1.6241000000 0.1303017769
1.6251000000 0.1304472847
1.6261000000 0.1305926857
1.6271000000 0.1307379875
1.6281000000 0.1308831825
1.6291000000 0.1310282784
1.6301000000 0.1311732750
1.6311000000 0.1313181725
1.6321000000 0.1314629631
1.6331000000 0.1316076546
1.6341000000 0.1317522392
1.6351000000 0.1318967247
1.6361000000 0.1320411110
1.6371000000 0.1321853981
1.6381000000 0.1323295784
1.6391000000 0.1324736519
1.6401000000 0.1326176338
1.6411000000 0.1327615089
1.6421000000 0.1329052773
1.6431000000 0.1330489540
1.6441000000 0.1331925163
1.6451000000 0.1333359871
1.6461000000 0.1334793510
1.6471000000 0.1336226082
1.6481000000 0.1337657738
1.6491000000 0.1339088249
1.6501000000 0.1340517845
1.6511000000 0.1341946373
1.6521000000 0.1343373833
1.6531000000 0.1344800301
1.6541000000 0.1346225777
1.6551000000 0.1347650185
1.6561000000 0.1349073601
1.6571000000 0.1350495949
1.6581000000 0.1351917305
1.6591000000 0.1353337669
1.6601000000 0.1354756966
1.6611000000 0.1356175194
1.6621000000 0.1357592430
1.6631000000 0.1359008598
1.6641000000 0.1360423851
1.6651000000 0.1361837959
1.6661000000 0.1363251076
1.6671000000 0.1364663200
1.6681000000 0.1366074257
1.6691000000 0.1367484245
1.6701000000 0.1368893242
1.6711000000 0.1370301247
1.6721000000 0.1371708183
1.6731000000 0.1373114052
1.6741000000 0.1374518929
1.6751000000 0.1375922737
1.6761000000 0.1377325554
1.6771000000 0.1378727379
1.6781000000 0.1380128059
1.6791000000 0.1381527824
1.6801000000 0.1382926445
1.6811000000 0.1384324074
1.6821000000 0.1385720711
1.6831000000 0.1387116280
1.6841000000 0.1388510780
1.6851000000 0.1389904289
1.6861000000 0.1391296730
1.6871000000 0.1392688103
1.6881000000 0.1394078484
1.6891000000 0.1395467873
1.6901000000 0.1396856194
1.6911000000 0.1398243446
1.6921000000 0.1399629631
1.6931000000 0.1401014824
1.6941000000 0.1402398949
1.6951000000 0.1403782082
1.6961000000 0.1405164146
1.6971000000 0.1406545143
1.6981000000 0.1407925148
1.6991000000 0.1409304085
1.7001000000 0.1410682030
1.7011000000 0.1412058830
1.7021000000 0.1413434639
1.7031000000 0.1414809456
1.7041000000 0.1416183205
1.7051000000 0.1417555885
1.7061000000 0.1418927498
1.7071000000 0.1420298119
1.7081000000 0.1421667671
1.7091000000 0.1423036156
1.7101000000 0.1424403572
1.7111000000 0.1425769997
1.7121000000 0.1427135353
1.7131000000 0.1428499718
1.7141000000 0.1429863014
1.7151000000 0.1431225166
1.7161000000 0.1432586403
1.7171000000 0.1433946495
1.7181000000 0.1435305595
1.7191000000 0.1436663628
1.7201000000 0.1438020592
1.7211000000 0.1439376564
1.7221000000 0.1440731392
1.7231000000 0.1442085228
1.7241000000 0.1443437996
1.7251000000 0.1444789772
1.7261000000 0.1446140404
1.7271000000 0.1447490044
1.7281000000 0.1448838615
1.7291000000 0.1450186119
1.7301000000 0.1451532631
1.7311000000 0.1452877998
1.7321000000 0.1454222374
1.7331000000 0.1455565681
1.7341000000 0.1456907921
1.7351000000 0.1458249092
1.7361000000 0.1459589272
1.7371000000 0.1460928383
1.7381000000 0.1462266350
1.7391000000 0.1463603325
1.7401000000 0.1464939232
1.7411000000 0.1466274071
1.7421000000 0.1467607918
1.7431000000 0.1468940620
1.7441000000 0.1470272331
1.7451000000 0.1471602974
1.7461000000 0.1472932472
1.7471000000 0.1474260979
1.7481000000 0.1475588417
1.7491000000 0.1476914787
1.7501000000 0.1478240166
1.7511000000 0.1479564400
1.7521000000 0.1480887566
1.7531000000 0.1482209740
1.7541000000 0.1483530769
1.7551000000 0.1484850807
1.7561000000 0.1486169777
1.7571000000 0.1487487602
1.7581000000 0.1488804436
1.7591000000 0.1490120201
1.7601000000 0.1491434898
1.7611000000 0.1492748528
1.7621000000 0.1494061089
1.7631000000 0.1495372581
1.7641000000 0.1496683006
1.7651000000 0.1497992363
1.7661000000 0.1499300652
1.7671000000 0.1500607872
1.7681000000 0.1501914024
1.7691000000 0.1503219109
1.7701000000 0.1504523125
1.7711000000 0.1505826073
1.7721000000 0.1507127953
1.7731000000 0.1508428764
1.7741000000 0.1509728508
1.7751000000 0.1511027107
1.7761000000 0.1512324715
1.7771000000 0.1513621254
1.7781000000 0.1514916725
1.7791000000 0.1516211052
1.7801000000 0.1517504387
1.7811000000 0.1518796654
1.7821000000 0.1520087776
1.7831000000 0.1521377831
1.7841000000 0.1522666893
1.7851000000 0.1523954811
1.7861000000 0.1525241661
1.7871000000 0.1526527443
1.7881000000 0.1527812157
1.7891000000 0.1529095802
1.7901000000 0.1530378304
1.7911000000 0.1531659813
1.7921000000 0.1532940178
1.7931000000 0.1534219551
1.7941000000 0.1535497780
1.7951000000 0.1536774940
1.7961000000 0.1538051033
1.7971000000 0.1539326057
1.7981000000 0.1540599937
1.7991000000 0.1541872826
1.8001000000 0.1543144569
1.8011000000 0.1544415245
1.8021000000 0.1545684853
1.8031000000 0.1546953316
1.8041000000 0.1548220787
1.8051000000 0.1549487114
1.8061000000 0.1550752373
1.8071000000 0.1552016563
1.8081000000 0.1553279686
1.8091000000 0.1554541664
1.8101000000 0.1555802650
1.8111000000 0.1557062492
1.8121000000 0.1558321190
1.8131000000 0.1559578896
1.8141000000 0.1560835457
1.8151000000 0.1562090950
1.8161000000 0.1563345375
1.8171000000 0.1564598732
1.8181000000 0.1565850945
1.8191000000 0.1567102089
1.8201000000 0.1568352089
1.8211000000 0.1569601097
1.8221000000 0.1570848961
1.8231000000 0.1572095757
1.8241000000 0.1573341408
1.8251000000 0.1574586067
1.8261000000 0.1575829506
1.8271000000 0.1577071953
1.8281000000 0.1578313255
1.8291000000 0.1579553490
1.8301000000 0.1580792656
1.8311000000 0.1582030678
1.8321000000 0.1583267632
1.8331000000 0.1584503517
1.8341000000 0.1585738258
1.8351000000 0.1586971931
1.8361000000 0.1588204460
1.8371000000 0.1589435921
1.8381000000 0.1590666313
1.8391000000 0.1591895561
1.8401000000 0.1593123741
1.8411000000 0.1594350853
1.8421000000 0.1595576820
1.8431000000 0.1596801720
1.8441000000 0.1598025475
1.8451000000 0.1599248161
1.8461000000 0.1600469704
1.8471000000 0.1601690254
1.8481000000 0.1602909584
1.8491000000 0.1604127846
1.8501000000 0.1605345039
1.8511000000 0.1606561089
1.8521000000 0.1607776070
1.8531000000 0.1608989983
1.8541000000 0.1610202675
1.8551000000 0.1611414375
1.8561000000 0.1612624931
1.8571000000 0.1613834343
1.8581000000 0.1615042686
1.8591000000 0.1616249962
1.8601000000 0.1617456093
1.8611000000 0.1618661079
1.8621000000 0.1619864998
1.8631000000 0.1621067772
1.8641000000 0.1622269478
1.8651000000 0.1623470116
1.8661000000 0.1624669533
1.8671000000 0.1625867958
1.8681000000 0.1627065163
1.8691000000 0.1628261299
1.8701000000 0.1629456367
1.8711000000 0.1630650291
1.8721000000 0.1631843071
1.8731000000 0.1633034782
1.8741000000 0.1634225426
1.8751000000 0.1635414848
1.8761000000 0.1636603203
1.8771000000 0.1637790489
1.8781000000 0.1638976631
1.8791000000 0.1640161629
1.8801000000 0.1641345558
1.8811000000 0.1642528343
1.8821000000 0.1643709984
1.8831000000 0.1644890556
1.8841000000 0.1646069984
1.8851000000 0.1647248268
1.8861000000 0.1648425484
1.8871000000 0.1649601555
1.8881000000 0.1650776482
1.8891000000 0.1651950340
1.8901000000 0.1653123055
1.8911000000 0.1654294701
1.8921000000 0.1655465126
1.8931000000 0.1656634483
1.8941000000 0.1657802773
1.8951000000 0.1658969841
1.8961000000 0.1660135841
1.8971000000 0.1661300697
1.8981000000 0.1662464485
1.8991000000 0.1663627052
1.9001000000 0.1664788551
1.9011000000 0.1665948906
1.9021000000 0.1667108192
1.9031000000 0.1668266335
1.9041000000 0.1669423256
1.9051000000 0.1670579185
1.9061000000 0.1671733894
1.9071000000 0.1672887459
1.9081000000 0.1674039955
1.9091000000 0.1675191307
1.9101000000 0.1676341515
1.9111000000 0.1677490654
1.9121000000 0.1678638573
1.9131000000 0.1679785423
1.9141000000 0.1680931129
1.9151000000 0.1682075691
1.9161000000 0.1683219109
1.9171000000 0.1684361458
1.9181000000 0.1685502586
1.9191000000 0.1686642647
1.9201000000 0.1687781563
1.9211000000 0.1688919334
1.9221000000 0.1690055962
1.9231000000 0.1691191444
1.9241000000 0.1692325783
1.9251000000 0.1693458977
1.9261000000 0.1694591103
1.9271000000 0.1695722008
1.9281000000 0.1696851845
1.9291000000 0.1697980537
1.9301000000 0.1699108086
1.9311000000 0.1700234489
1.9321000000 0.1701359673
1.9331000000 0.1702483788
1.9341000000 0.1703606834
1.9351000000 0.1704728661
1.9361000000 0.1705849342
1.9371000000 0.1706968880
1.9381000000 0.1708087273
1.9391000000 0.1709204521
1.9401000000 0.1710320625
1.9411000000 0.1711435661
1.9421000000 0.1712549477
1.9431000000 0.1713662148
1.9441000000 0.1714773674
1.9451000000 0.1715884056
1.9461000000 0.1716993294
1.9471000000 0.1718101387
1.9481000000 0.1719208336
1.9491000000 0.1720314140
1.9501000000 0.1721418800
1.9511000000 0.1722522316
1.9521000000 0.1723624687
1.9531000000 0.1724725914
1.9541000000 0.1725825920
1.9551000000 0.1726924858
1.9561000000 0.1728022575
1.9571000000 0.1729119225
1.9581000000 0.1730214653
1.9591000000 0.1731308937
1.9601000000 0.1732402077
1.9611000000 0.1733494072
1.9621000000 0.1734584923
1.9631000000 0.1735674553
1.9641000000 0.1736763115
1.9651000000 0.1737850456
1.9661000000 0.1738936653
1.9671000000 0.1740021706
1.9681000000 0.1741105614
1.9691000000 0.1742188301
1.9701000000 0.1743269920
1.9711000000 0.1744350319
1.9721000000 0.1745429573
1.9731000000 0.1746507683
1.9741000000 0.1747584648
1.9751000000 0.1748660393
1.9761000000 0.1749734993
1.9771000000 0.1750808449
1.9781000000 0.1751880760
1.9791000000 0.1752951851
1.9801000000 0.1754021797
1.9811000000 0.1755090599
1.9821000000 0.1756158257
1.9831000000 0.1757224693
1.9841000000 0.1758290062
1.9851000000 0.1759354134
1.9861000000 0.1760417137
1.9871000000 0.1761478920
1.9881000000 0.1762539558
1.9891000000 0.1763599052
1.9901000000 0.1764657326
1.9911000000 0.1765714455
1.9921000000 0.1766770439
1.9931000000 0.1767825203
1.9941000000 0.1768878822
1.9951000000 0.1769931221
1.9961000000 0.1770982552
1.9971000000 0.1772032661
1.9981000000 0.1773081551
1.9991000000 0.1774129295
2.0001000000 0.1775175896
2.0011000000 0.1776221275
2.0021000000 0.1777265511
2.0031000000 0.1778308601
2.0041000000 0.1779350471
2.0051000000 0.1780391121
2.0061000000 0.1781430626
2.0071000000 0.1782468987
2.0081000000 0.1783506203
2.0091000000 0.1784542198
2.0101000000 0.1785576973
2.0111000000 0.1786610603
2.0121000000 0.1787643013
2.0131000000 0.1788674278
2.0141000000 0.1789704399
2.0151000000 0.1790733299
2.0161000000 0.1791760979
2.0171000000 0.1792787514
2.0181000000 0.1793812904
2.0191000000 0.1794837074
2.0201000000 0.1795860023
2.0211000000 0.1796881828
2.0221000000 0.1797902489
2.0231000000 0.1798921928
2.0241000000 0.1799940147
2.0251000000 0.1800957146
2.0261000000 0.1801973076
2.0271000000 0.1802987709
2.0281000000 0.1804001198
2.0291000000 0.1805013466
2.0301000000 0.1806024590
2.0311000000 0.1807034492
2.0321000000 0.1808043251
2.0331000000 0.1809050789
2.0341000000 0.1810057106
2.0351000000 0.1811062279
2.0361000000 0.1812066231
2.0371000000 0.1813068962
2.0381000000 0.1814070549
2.0391000000 0.1815070915
2.0401000000 0.1816070061
2.0411000000 0.1817068062
2.0421000000 0.1818064842
2.0431000000 0.1819060402
2.0441000000 0.1820054817
2.0451000000 0.1821048012
2.0461000000 0.1822039986
2.0471000000 0.1823030739
2.0481000000 0.1824020348
2.0491000000 0.1825008736
2.0501000000 0.1825995903
2.0511000000 0.1826981926
2.0521000000 0.1827966652
2.0531000000 0.1828950233
2.0541000000 0.1829932594
2.0551000000 0.1830913811
2.0561000000 0.1831893730
2.0571000000 0.1832872505
2.0581000000 0.1833850060
2.0591000000 0.1834826393
2.0601000000 0.1835801582
2.0611000000 0.1836775475
2.0621000000 0.1837748222
2.0631000000 0.1838719749
2.0641000000 0.1839690056
2.0651000000 0.1840659142
2.0661000000 0.1841627007
2.0671000000 0.1842593727
2.0681000000 0.1843559151
2.0691000000 0.1844523430
2.0701000000 0.1845486412
2.0711000000 0.1846448250
2.0721000000 0.1847408867
2.0731000000 0.1848368263
2.0741000000 0.1849326439
2.0751000000 0.1850283394
2.0761000000 0.1851239204
2.0771000000 0.1852193718
2.0781000000 0.1853147011
2.0791000000 0.1854099159
2.0801000000 0.1855050011
2.0811000000 0.1855999641
2.0821000000 0.1856948128
2.0831000000 0.1857895317
2.0841000000 0.1858841362
2.0851000000 0.1859786110
2.0861000000 0.1860729637
2.0871000000 0.1861672020
2.0881000000 0.1862613106
2.0891000000 0.1863552971
2.0901000000 0.1864491615
2.0911000000 0.1865429115
2.0921000000 0.1866365318
2.0931000000 0.1867300301
2.0941000000 0.1868234062
2.0951000000 0.1869166603
2.0961000000 0.1870097847
2.0971000000 0.1871027946
2.0981000000 0.1871956749
2.0991000000 0.1872884407
2.1001000000 0.1873810768
2.1011000000 0.1874735909
2.1021000000 0.1875659828
2.1031000000 0.1876582527
2.1041000000 0.1877504005
2.1051000000 0.1878424263
2.1061000000 0.1879343224
2.1071000000 0.1880260963
2.1081000000 0.1881177483
2.1091000000 0.1882092781
2.1101000000 0.1883006783
2.1111000000 0.1883919640
2.1121000000 0.1884831200
2.1131000000 0.1885741539
2.1141000000 0.1886650658
2.1151000000 0.1887558479
2.1161000000 0.1888465080
2.1171000000 0.1889370461
2.1181000000 0.1890274620
2.1191000000 0.1891177483
2.1201000000 0.1892079124
2.1211000000 0.1892979546
2.1221000000 0.1893878746
2.1231000000 0.1894776649
2.1241000000 0.1895673332
2.1251000000 0.1896568718
2.1261000000 0.1897462883
2.1271000000 0.1898355827
2.1281000000 0.1899247551
2.1291000000 0.1900137978
2.1301000000 0.1901027184
2.1311000000 0.1901915092
2.1321000000 0.1902801781
2.1331000000 0.1903687248
2.1341000000 0.1904571419
2.1351000000 0.1905454369
2.1361000000 0.1906336021
2.1371000000 0.1907216454
2.1381000000 0.1908095665
2.1391000000 0.1908973579
2.1401000000 0.1909850197
2.1411000000 0.1910725670
2.1421000000 0.1911599770
2.1431000000 0.1912472649
2.1441000000 0.1913344307
2.1451000000 0.1914214668
2.1461000000 0.1915083809
2.1471000000 0.1915951729
2.1481000000 0.1916818275
2.1491000000 0.1917683601
2.1501000000 0.1918547707
2.1511000000 0.1919410515
2.1521000000 0.1920272102
2.1531000000 0.1921132393
2.1541000000 0.1921991386
2.1551000000 0.1922849159
2.1561000000 0.1923705635
2.1571000000 0.1924560890
2.1581000000 0.1925414848
2.1591000000 0.1926267586
2.1601000000 0.1927119026
2.1611000000 0.1927969170
2.1621000000 0.1928818016
2.1631000000 0.1929665642
2.1641000000 0.1930512047
2.1651000000 0.1931357079
2.1661000000 0.1932200890
2.1671000000 0.1933043480
2.1681000000 0.1933884697
2.1691000000 0.1934724693
2.1701000000 0.1935563393
2.1711000000 0.1936400871
2.1721000000 0.1937237053
2.1731000000 0.1938071938
2.1741000000 0.1938905525
2.1751000000 0.1939737892
2.1761000000 0.1940568886
2.1771000000 0.1941398659
2.1781000000 0.1942227211
2.1791000000 0.1943054390
2.1801000000 0.1943880348
2.1811000000 0.1944705009
2.1821000000 0.1945528374
2.1831000000 0.1946350441
2.1841000000 0.1947171211
2.1851000000 0.1947990761
2.1861000000 0.1948809013
2.1871000000 0.1949625969
2.1881000000 0.1950441628
2.1891000000 0.1951255989
2.1901000000 0.1952069054
2.1911000000 0.1952880821
2.1921000000 0.1953691368
2.1931000000 0.1954500618
2.1941000000 0.1955308495
2.1951000000 0.1956115150
2.1961000000 0.1956920509
2.1971000000 0.1957724571
2.1981000000 0.1958527336
2.1991000000 0.1959328804
2.2001000000 0.1960128975
2.2011000000 0.1960927849
2.2021000000 0.1961725426
2.2031000000 0.1962521706
2.2041000000 0.1963316689
2.2051000000 0.1964110374
2.2061000000 0.1964902763
2.2071000000 0.1965693855
2.2081000000 0.1966483574
2.2091000000 0.1967272072
2.2101000000 0.1968059273
2.2111000000 0.1968845177
2.2121000000 0.1969629707
2.2131000000 0.1970413017
2.2141000000 0.1971194954
2.2151000000 0.1971975670
2.2161000000 0.1972755013
2.2171000000 0.1973533058
2.2181000000 0.1974309807
2.2191000000 0.1975085258
2.2201000000 0.1975859413
2.2211000000 0.1976632195
2.2221000000 0.1977403755
2.2231000000 0.1978173943
2.2241000000 0.1978942833
2.2251000000 0.1979710350
2.2261000000 0.1980476646
2.2271000000 0.1981241570
2.2281000000 0.1982005272
2.2291000000 0.1982767525
2.2301000000 0.1983528557
2.2311000000 0.1984288292
2.2321000000 0.1985046654
2.2331000000 0.1985803719
2.2341000000 0.1986559410
2.2351000000 0.1987313805
2.2361000000 0.1988066902
2.2371000000 0.1988818703
2.2381000000 0.1989569130
2.2391000000 0.1990318260
2.2401000000 0.1991066093
2.2411000000 0.1991812553
2.2421000000 0.1992557716
2.2431000000 0.1993301582
2.2441000000 0.1994044075
2.2451000000 0.1994785271
2.2461000000 0.1995525169
2.2471000000 0.1996263695
2.2481000000 0.1997000847
2.2491000000 0.1997736702
2.2501000000 0.1998471260
2.2511000000 0.1999204521
2.2521000000 0.1999936333
2.2531000000 0.2000666924
2.2541000000 0.2001396141
2.2551000000 0.2002123985
2.2561000000 0.2002850533
2.2571000000 0.2003575783
2.2581000000 0.2004299583
2.2591000000 0.2005022163
2.2601000000 0.2005743370
2.2611000000 0.2006463203
2.2621000000 0.2007181740
2.2631000000 0.2007898903
2.2641000000 0.2008614769
2.2651000000 0.2009329262
2.2661000000 0.2010042381
2.2671000000 0.2010754204
2.2681000000 0.2011464653
2.2691000000 0.2012173805
2.2701000000 0.2012881584
2.2711000000 0.2013587990
2.2721000000 0.2014293098
2.2731000000 0.2014996834
2.2741000000 0.2015699272
2.2751000000 0.2016400261
2.2761000000 0.2017099953
2.2771000000 0.2017798347
2.2781000000 0.2018495293
2.2791000000 0.2019190941
2.2801000000 0.2019885216
2.2811000000 0.2020578194
2.2821000000 0.2021269722
2.2831000000 0.2021959953
2.2841000000 0.2022648888
2.2851000000 0.2023336372
2.2861000000 0.2024022484
2.2871000000 0.2024707298
2.2881000000 0.2025390739
2.2891000000 0.2026072807
2.2901000000 0.2026753578
2.2911000000 0.2027432899
2.2921000000 0.2028110924
2.2931000000 0.2028787498
2.2941000000 0.2029462776
2.2951000000 0.2030136681
2.2961000000 0.2030809212
2.2971000000 0.2031480446
2.2981000000 0.2032150230
2.2991000000 0.2032818642
2.3001000000 0.2033485756
2.3011000000 0.2034151421
2.3021000000 0.2034815788
2.3031000000 0.2035478706
2.3041000000 0.2036140327
2.3051000000 0.2036800499
2.3061000000 0.2037459373
2.3071000000 0.2038116875
2.3081000000 0.2038772926
2.3091000000 0.2039427681
2.3101000000 0.2040080986
2.3111000000 0.2040732994
2.3121000000 0.2041383553
2.3131000000 0.2042032738
2.3141000000 0.2042680626
2.3151000000 0.2043327065
2.3161000000 0.2043972130
2.3171000000 0.2044615822
2.3181000000 0.2045258141
2.3191000000 0.2045899010
2.3201000000 0.2046538582
2.3211000000 0.2047176704
2.3221000000 0.2047813454
2.3231000000 0.2048448906
2.3241000000 0.2049082832
2.3251000000 0.2049715462
2.3261000000 0.2050346718
2.3271000000 0.2050976524
2.3281000000 0.2051604958
2.3291000000 0.2052232018
2.3301000000 0.2052857628
2.3311000000 0.2053481865
2.3321000000 0.2054104729
2.3331000000 0.2054726219
2.3341000000 0.2055346336
2.3351000000 0.2055965004
2.3361000000 0.2056582222
2.3371000000 0.2057198143
2.3381000000 0.2057812614
2.3391000000 0.2058425713
2.3401000000 0.2059037361
2.3411000000 0.2059647636
2.3421000000 0.2060256538
2.3431000000 0.2060863991
2.3441000000 0.2061470070
2.3451000000 0.2062074776
2.3461000000 0.2062678032
2.3471000000 0.2063279839
2.3481000000 0.2063880348
2.3491000000 0.2064479332
2.3501000000 0.2065076942
2.3511000000 0.2065673180
2.3521000000 0.2066267967
2.3531000000 0.2066861382
2.3541000000 0.2067453423
2.3551000000 0.2068043938
2.3561000000 0.2068633080
2.3571000000 0.2069220848
2.3581000000 0.2069807167
2.3591000000 0.2070392113
2.3601000000 0.2070975609
2.3611000000 0.2071557655
2.3621000000 0.2072138329
2.3631000000 0.2072717552
2.3641000000 0.2073295326
2.3651000000 0.2073871727
2.3661000000 0.2074446678
2.3671000000 0.2075020256
2.3681000000 0.2075592384
2.3691000000 0.2076163063
2.3701000000 0.2076732368
2.3711000000 0.2077300148
2.3721000000 0.2077866631
2.3731000000 0.2078431587
2.3741000000 0.2078995171
2.3751000000 0.2079557228
2.3761000000 0.2080117989
2.3771000000 0.2080677223
2.3781000000 0.2081235085
2.3791000000 0.2081791420
2.3801000000 0.2082346382
2.3811000000 0.2082899895
2.3821000000 0.2083452034
2.3831000000 0.2084002647
2.3841000000 0.2084551888
2.3851000000 0.2085099678
2.3861000000 0.2085645943
2.3871000000 0.2086190834
2.3881000000 0.2086734276
2.3891000000 0.2087276344
2.3901000000 0.2087816887
2.3911000000 0.2088355980
2.3921000000 0.2088893700
2.3931000000 0.2089429893
2.3941000000 0.2089964638
2.3951000000 0.2090498009
2.3961000000 0.2091029854
2.3971000000 0.2091560326
2.3981000000 0.2092089272
2.3991000000 0.2092616768
2.4001000000 0.2093142891
2.4011000000 0.2093667488
2.4021000000 0.2094190636
2.4031000000 0.2094712410
2.4041000000 0.2095232658
2.4051000000 0.2095751457
2.4061000000 0.2096268730
2.4071000000 0.2096784630
2.4081000000 0.2097299080
2.4091000000 0.2097812004
2.4101000000 0.2098323479
2.4111000000 0.2098833580
2.4121000000 0.2099342079
2.4131000000 0.2099849205
2.4141000000 0.2100354881
2.4151000000 0.2100859032
2.4161000000 0.2101361732
2.4171000000 0.2101862984
2.4181000000 0.2102362709
2.4191000000 0.2102861061
2.4201000000 0.2103357887
2.4211000000 0.2103853188
2.4221000000 0.2104347115
2.4231000000 0.2104839516
2.4241000000 0.2105330391
2.4251000000 0.2105819893
2.4261000000 0.2106307869
2.4271000000 0.2106794395
2.4281000000 0.2107279396
2.4291000000 0.2107762947
2.4301000000 0.2108244972
2.4311000000 0.2108725548
2.4321000000 0.2109204674
2.4331000000 0.2109682274
2.4341000000 0.2110158424
2.4351000000 0.2110633049
2.4361000000 0.2111106224
2.4371000000 0.2111577873
2.4381000000 0.2112048073
2.4391000000 0.2112516747
2.4401000000 0.2112983971
2.4411000000 0.2113449669
2.4421000000 0.2113913918
2.4431000000 0.2114376640
2.4441000000 0.2114837837
2.4451000000 0.2115297585
2.4461000000 0.2115755806
2.4471000000 0.2116212578
2.4481000000 0.2116667824
2.4491000000 0.2117121544
2.4501000000 0.2117573814
2.4511000000 0.2118024559
2.4521000000 0.2118473854
2.4531000000 0.2118921547
2.4541000000 0.2119367790
2.4551000000 0.2119812508
2.4561000000 0.2120255775
2.4571000000 0.2120697517
2.4581000000 0.2121137733
2.4591000000 0.2121576424
2.4601000000 0.2122013588
2.4611000000 0.2122449303
2.4621000000 0.2122883492
2.4631000000 0.2123316154
2.4641000000 0.2123747292
2.4651000000 0.2124176903
2.4661000000 0.2124605064
2.4671000000 0.2125031624
2.4681000000 0.2125456734
2.4691000000 0.2125880318
2.4701000000 0.2126302299
2.4711000000 0.2126722832
2.4721000000 0.2127141838
2.4731000000 0.2127559319
2.4741000000 0.2127975273
2.4751000000 0.2128389702
2.4761000000 0.2128802681
2.4771000000 0.2129214058
2.4781000000 0.2129623909
2.4791000000 0.2130032234
2.4801000000 0.2130439034
2.4811000000 0.2130844231
2.4821000000 0.2131247978
2.4831000000 0.2131650200
2.4841000000 0.2132050896
2.4851000000 0.2132449989
2.4861000000 0.2132847557
2.4871000000 0.2133243675
2.4881000000 0.2133638191
2.4891000000 0.2134031181
2.4901000000 0.2134422569
2.4911000000 0.2134812508
2.4921000000 0.2135200844
2.4931000000 0.2135587654
2.4941000000 0.2135972939
2.4951000000 0.2136356621
2.4961000000 0.2136738853
2.4971000000 0.2137119484
2.4981000000 0.2137498589
2.4991000000 0.2137876091
2.5001000000 0.2138252068
2.5011000000 0.2138626518
2.5021000000 0.2138999367
2.5031000000 0.2139370689
2.5041000000 0.2139740486
2.5051000000 0.2140108681
2.5061000000 0.2140475349
2.5071000000 0.2140840492
2.5081000000 0.2141204033
2.5091000000 0.2141565971
2.5101000000 0.2141926384
2.5111000000 0.2142285271
2.5121000000 0.2142642555
2.5131000000 0.2142998314
2.5141000000 0.2143352470
2.5151000000 0.2143705101
2.5161000000 0.2144056129
2.5171000000 0.2144405556
2.5181000000 0.2144753456
2.5191000000 0.2145099831
2.5201000000 0.2145444527
2.5211000000 0.2145787773
2.5221000000 0.2146129341
2.5231000000 0.2146469383
2.5241000000 0.2146807823
2.5251000000 0.2147144737
2.5261000000 0.2147480049
2.5271000000 0.2147813759
2.5281000000 0.2148145866
2.5291000000 0.2148476448
2.5301000000 0.2148805428
2.5311000000 0.2149132805
2.5321000000 0.2149458656
2.5331000000 0.2149782829
2.5341000000 0.2150105476
2.5351000000 0.2150426521
2.5361000000 0.2150745964
2.5371000000 0.2151063881
2.5381000000 0.2151380119
2.5391000000 0.2151694832
2.5401000000 0.2152007942
2.5411000000 0.2152319374
2.5421000000 0.2152629280
2.5431000000 0.2152937584
2.5441000000 0.2153244286
2.5451000000 0.2153549385
2.5461000000 0.2153852959
2.5471000000 0.2154154854
2.5481000000 0.2154455147
2.5491000000 0.2154753838
2.5501000000 0.2155050926
2.5511000000 0.2155346413
2.5521000000 0.2155640297
2.5531000000 0.2155932579
2.5541000000 0.2156223259
2.5551000000 0.2156512260
2.5561000000 0.2156799736
2.5571000000 0.2157085533
2.5581000000 0.2157369728
2.5591000000 0.2157652321
2.5601000000 0.2157933311
2.5611000000 0.2158212700
2.5621000000 0.2158490410
2.5631000000 0.2158766594
2.5641000000 0.2159041100
2.5651000000 0.2159313927
2.5661000000 0.2159585228
2.5671000000 0.2159854851
2.5681000000 0.2160122871
2.5691000000 0.2160389214
2.5701000000 0.2160654030
2.5711000000 0.2160917091
2.5721000000 0.2161178627
2.5731000000 0.2161438484
2.5741000000 0.2161696739
2.5751000000 0.2161953316
2.5761000000 0.2162208290
2.5771000000 0.2162461586
2.5781000000 0.2162713280
2.5791000000 0.2162963371
2.5801000000 0.2163211784
2.5811000000 0.2163458519
2.5821000000 0.2163703651
2.5831000000 0.2163947105
2.5841000000 0.2164188957
2.5851000000 0.2164429207
2.5861000000 0.2164667702
2.5871000000 0.2164904594
2.5881000000 0.2165139885
2.5891000000 0.2165373497
2.5901000000 0.2165605431
2.5911000000 0.2165835686
2.5921000000 0.2166064339
2.5931000000 0.2166291313
2.5941000000 0.2166516685
2.5951000000 0.2166740379
2.5961000000 0.2166962395
2.5971000000 0.2167182732
2.5981000000 0.2167401390
2.5991000000 0.2167618446
2.6001000000 0.2167833824
2.6011000000 0.2168047523
2.6021000000 0.2168259544
2.6031000000 0.2168469887
2.6041000000 0.2168678627
2.6051000000 0.2168885612
2.6061000000 0.2169090996
2.6071000000 0.2169294701
2.6081000000 0.2169496727
2.6091000000 0.2169696999
2.6101000000 0.2169895668
2.6111000000 0.2170092659
2.6121000000 0.2170287971
2.6131000000 0.2170481606
2.6141000000 0.2170673561
2.6151000000 0.2170863838
2.6161000000 0.2171052361
2.6171000000 0.2171239281
2.6181000000 0.2171424446
2.6191000000 0.2171608009
2.6201000000 0.2171789818
2.6211000000 0.2171969948
2.6221000000 0.2172148399
2.6231000000 0.2172325172
2.6241000000 0.2172500267
2.6251000000 0.2172673607
2.6261000000 0.2172845268
2.6271000000 0.2173015251
2.6281000000 0.2173183556
2.6291000000 0.2173350105
2.6301000000 0.2173514977
2.6311000000 0.2173678169
2.6321000000 0.2173839607
2.6331000000 0.2173999367
2.6341000000 0.2174157448
2.6351000000 0.2174313774
2.6361000000 0.2174468422
2.6371000000 0.2174621391
2.6381000000 0.2174772606
2.6391000000 0.2174922066
2.6401000000 0.2175069847
2.6411000000 0.2175215950
2.6421000000 0.2175360298
2.6431000000 0.2175502968
2.6441000000 0.2175643883
2.6451000000 0.2175783043
2.6461000000 0.2175920525
2.6471000000 0.2176056252
2.6481000000 0.2176190300
2.6491000000 0.2176322594
2.6501000000 0.2176453209
2.6511000000 0.2176581993
2.6521000000 0.2176709099
2.6531000000 0.2176834526
2.6541000000 0.2176958199
2.6551000000 0.2177080116
2.6561000000 0.2177200279
2.6571000000 0.2177318687
2.6581000000 0.2177435417
2.6591000000 0.2177550392
2.6601000000 0.2177663612
2.6611000000 0.2177775078
2.6621000000 0.2177884789
2.6631000000 0.2177992821
2.6641000000 0.2178099022
2.6651000000 0.2178203545
2.6661000000 0.2178306313
2.6671000000 0.2178407326
2.6681000000 0.2178506584
2.6691000000 0.2178604012
2.6701000000 0.2178699760
2.6711000000 0.2178793755
2.6721000000 0.2178885994
2.6731000000 0.2178976479
2.6741000000 0.2179065208
2.6751000000 0.2179152107
2.6761000000 0.2179237328
2.6771000000 0.2179320717
2.6781000000 0.2179402351
2.6791000000 0.2179482307
2.6801000000 0.2179560356
2.6811000000 0.2179636726
2.6821000000 0.2179711342
2.6831000000 0.2179784126
2.6841000000 0.2179855156
2.6851000000 0.2179924431
2.6861000000 0.2179991875
2.6871000000 0.2180057564
2.6881000000 0.2180121498
2.6891000000 0.2180183678
2.6901000000 0.2180244026
2.6911000000 0.2180302620
2.6921000000 0.2180359383
2.6931000000 0.2180414391
2.6941000000 0.2180467567
2.6951000000 0.2180518990
2.6961000000 0.2180568657
2.6971000000 0.2180616493
2.6981000000 0.2180662498
2.6991000000 0.2180706825
2.7001000000 0.2180749245
2.7011000000 0.2180789909
2.7021000000 0.2180828743
2.7031000000 0.2180865822
2.7041000000 0.2180901070
2.7051000000 0.2180934486
2.7061000000 0.2180966148
2.7071000000 0.2180995979
2.7081000000 0.2181024055
2.7091000000 0.2181050224
2.7101000000 0.2181074638
2.7111000000 0.2181097221
2.7121000000 0.2181118050
2.7131000000 0.2181136971
2.7141000000 0.2181154137
2.7151000000 0.2181169472
2.7161000000 0.2181182976
2.7171000000 0.2181194649
2.7181000000 0.2181204491
2.7191000000 0.2181212578
2.7201000000 0.2181218758
2.7211000000 0.2181223183
2.7221000000 0.2181225700
2.7231000000 0.2181226463
2.7241000000 0.2181225319
2.7251000000 0.2181222420
2.7261000000 0.2181217613
2.7271000000 0.2181210976
2.7281000000 0.2181202583
2.7291000000 0.2181192284
2.7301000000 0.2181180153
2.7311000000 0.2181166115
2.7321000000 0.2181150322
2.7331000000 0.2181132698
2.7341000000 0.2181113167
2.7351000000 0.2181091805
2.7361000000 0.2181068611
2.7371000000 0.2181043510
2.7381000000 0.2181016579
2.7391000000 0.2180987816
2.7401000000 0.2180957222
2.7411000000 0.2180924721
2.7421000000 0.2180890388
2.7431000000 0.2180854149
2.7441000000 0.2180816078
2.7451000000 0.2180776176
2.7461000000 0.2180734367
2.7471000000 0.2180690651
2.7481000000 0.2180645103
2.7491000000 0.2180597725
2.7501000000 0.2180548439
2.7511000000 0.2180497322
2.7521000000 0.2180444298
2.7531000000 0.2180389366
2.7541000000 0.2180332603
2.7551000000 0.2180273933
2.7561000000 0.2180213356
2.7571000000 0.2180150948
2.7581000000 0.2180086632
2.7591000000 0.2180020409
2.7601000000 0.2179952354
2.7611000000 0.2179882317
2.7621000000 0.2179810448
2.7631000000 0.2179736671
2.7641000000 0.2179661064
2.7651000000 0.2179583473
2.7661000000 0.2179504051
2.7671000000 0.2179422722
2.7681000000 0.2179339409
2.7691000000 0.2179254265
2.7701000000 0.2179167213
2.7711000000 0.2179078255
2.7721000000 0.2178987389
2.7731000000 0.2178894615
2.7741000000 0.2178799858
2.7751000000 0.2178703270
2.7761000000 0.2178604774
2.7771000000 0.2178504295
2.7781000000 0.2178401985
2.7791000000 0.2178297691
2.7801000000 0.2178191490
2.7811000000 0.2178083382
2.7821000000 0.2177973366
2.7831000000 0.2177861366
2.7841000000 0.2177747459
2.7851000000 0.2177631645
2.7861000000 0.2177513924
2.7871000000 0.2177394218
2.7881000000 0.2177272606
2.7891000000 0.2177149010
2.7901000000 0.2177023582
2.7911000000 0.2176896095
2.7921000000 0.2176766701
2.7931000000 0.2176635399
2.7941000000 0.2176502190
2.7951000000 0.2176366920
2.7961000000 0.2176229820
2.7971000000 0.2176090660
2.7981000000 0.2175949593
2.7991000000 0.2175806618
2.8001000000 0.2175661659
2.8011000000 0.2175514717
2.8021000000 0.2175365868
2.8031000000 0.2175215034
2.8041000000 0.2175062218
2.8051000000 0.2174907417
2.8061000000 0.2174750710
2.8071000000 0.2174592018
2.8081000000 0.2174431343
2.8091000000 0.2174268684
2.8101000000 0.2174104118
2.8111000000 0.2173937492
2.8121000000 0.2173768959
2.8131000000 0.2173598442
2.8141000000 0.2173425941
2.8151000000 0.2173251381
2.8161000000 0.2173074913
2.8171000000 0.2172896461
2.8181000000 0.2172716026
2.8191000000 0.2172533607
2.8201000000 0.2172349129
2.8211000000 0.2172162743
2.8221000000 0.2171974297
2.8231000000 0.2171783867
2.8241000000 0.2171591530
2.8251000000 0.2171397057
2.8261000000 0.2171200676
2.8271000000 0.2171002312
2.8281000000 0.2170801888
2.8291000000 0.2170599480
2.8301000000 0.2170395012
2.8311000000 0.2170188560
2.8321000000 0.2169980125
2.8331000000 0.2169769630
2.8341000000 0.2169557152
2.8351000000 0.2169342690
2.8361000000 0.2169126167
2.8371000000 0.2168907661
2.8381000000 0.2168687096
2.8391000000 0.2168464470
2.8401000000 0.2168239861
2.8411000000 0.2168013268
2.8421000000 0.2167784538
2.8431000000 0.2167553902
2.8441000000 0.2167321129
2.8451000000 0.2167086372
2.8461000000 0.2166849556
2.8471000000 0.2166610680
2.8481000000 0.2166369820
2.8491000000 0.2166126900
2.8501000000 0.2165881920
2.8511000000 0.2165634880
2.8521000000 0.2165385780
2.8531000000 0.2165134697
2.8541000000 0.2164881477
2.8551000000 0.2164626274
2.8561000000 0.2164368935
2.8571000000 0.2164109612
2.8581000000 0.2163848228
2.8591000000 0.2163584709
2.8601000000 0.2163319206
2.8611000000 0.2163051567
2.8621000000 0.2162781944
2.8631000000 0.2162510185
2.8641000000 0.2162236366
2.8651000000 0.2161960487
2.8661000000 0.2161682472
2.8671000000 0.2161402473
2.8681000000 0.2161120338
2.8691000000 0.2160836067
2.8701000000 0.2160549812
2.8711000000 0.2160261421
2.8721000000 0.2159970970
2.8731000000 0.2159678383
2.8741000000 0.2159383736
2.8751000000 0.2159087029
2.8761000000 0.2158788185
2.8771000000 0.2158487206
2.8781000000 0.2158184166
2.8791000000 0.2157879066
2.8801000000 0.2157571831
2.8811000000 0.2157262459
2.8821000000 0.2156951027
2.8831000000 0.2156637459
2.8841000000 0.2156321754
2.8851000000 0.2156003914
2.8861000000 0.2155684013
2.8871000000 0.2155361977
2.8881000000 0.2155037880
2.8891000000 0.2154711571
2.8901000000 0.2154383202
2.8911000000 0.2154052620
2.8921000000 0.2153719978
2.8931000000 0.2153385201
2.8941000000 0.2153048286
2.8951000000 0.2152709236
2.8961000000 0.2152368050
2.8971000000 0.2152024727
2.8981000000 0.2151679192
2.8991000000 0.2151331596
2.9001000000 0.2150981865
2.9011000000 0.2150629921
2.9021000000 0.2150275917
2.9031000000 0.2149919701
2.9041000000 0.2149561272
2.9051000000 0.2149200783
2.9061000000 0.2148838081
2.9071000000 0.2148473244
2.9081000000 0.2148106270
2.9091000000 0.2147737083
2.9101000000 0.2147365761
2.9111000000 0.2146992302
2.9121000000 0.2146616554
2.9131000000 0.2146238747
2.9141000000 0.2145858727
2.9151000000 0.2145476494
2.9161000000 0.2145092125
2.9171000000 0.2144705544
2.9181000000 0.2144316826
2.9191000000 0.2143925896
2.9201000000 0.2143532753
2.9211000000 0.2143137474
2.9221000000 0.2142739983
2.9231000000 0.2142340279
2.9241000000 0.2141938362
2.9251000000 0.2141534309
2.9261000000 0.2141127968
2.9271000000 0.2140719490
2.9281000000 0.2140308800
2.9291000000 0.2139895821
2.9301000000 0.2139480705
2.9311000000 0.2139063377
2.9321000000 0.2138643837
2.9331000000 0.2138222084
2.9341000000 0.2137798042
2.9351000000 0.2137371864
2.9361000000 0.2136943398
2.9371000000 0.2136512718
2.9381000000 0.2136079826
2.9391000000 0.2135644722
2.9401000000 0.2135207329
2.9411000000 0.2134767723
2.9421000000 0.2134325905
2.9431000000 0.2133881874
2.9441000000 0.2133435555
2.9451000000 0.2132986946
2.9461000000 0.2132536125
2.9471000000 0.2132083092
2.9481000000 0.2131627769
2.9491000000 0.2131170235
2.9501000000 0.2130710411
2.9511000000 0.2130248299
2.9521000000 0.2129783974
2.9531000000 0.2129317360
2.9541000000 0.2128848534
2.9551000000 0.2128377342
2.9561000000 0.2127903938
2.9571000000 0.2127428246
2.9581000000 0.2126950340
2.9591000000 0.2126470070
2.9601000000 0.2125987511
2.9611000000 0.2125502739
2.9621000000 0.2125015678
2.9631000000 0.2124526253
2.9641000000 0.2124034615
2.9651000000 0.2123540688
2.9661000000 0.2123044395
2.9671000000 0.2122545891
2.9681000000 0.2122045021
2.9691000000 0.2121541862
2.9701000000 0.2121036415
2.9711000000 0.2120528679
2.9721000000 0.2120018578
2.9731000000 0.2119506187
2.9741000000 0.2118991508
2.9751000000 0.2118474464
2.9761000000 0.2117955132
2.9771000000 0.2117433510
2.9781000000 0.2116909523
2.9791000000 0.2116383171
2.9801000000 0.2115854530
2.9811000000 0.2115323601
2.9821000000 0.2114790306
2.9831000000 0.2114254646
2.9841000000 0.2113716698
2.9851000000 0.2113176308
2.9861000000 0.2112633705
2.9871000000 0.2112088661
2.9881000000 0.2111541328
2.9891000000 0.2110991554
2.9901000000 0.2110439491
2.9911000000 0.2109885063
2.9921000000 0.2109328270
2.9931000000 0.2108769112
2.9941000000 0.2108207588
2.9951000000 0.2107643700
2.9961000000 0.2107077446
2.9971000000 0.2106508827
2.9981000000 0.2105937843
2.9991000000 0.2105364494
3.0001000000 0.2104788704
3.0011000000 0.2104210548
3.0021000000 0.2103630028
3.0031000000 0.2103047142
3.0041000000 0.2102461815
3.0051000000 0.2101874123
3.0061000000 0.2101283989
3.0071000000 0.2100691490
3.0081000000 0.2100096550
3.0091000000 0.2099499245
3.0101000000 0.2098899574
3.0111000000 0.2098297462
3.0121000000 0.2097692909
3.0131000000 0.2097085915
3.0141000000 0.2096476555
3.0151000000 0.2095864754
3.0161000000 0.2095250511
3.0171000000 0.2094633904
3.0181000000 0.2094014854
3.0191000000 0.2093393288
3.0201000000 0.2092769356
3.0211000000 0.2092142982
3.0221000000 0.2091514168
3.0231000000 0.2090882912
3.0241000000 0.2090249214
3.0251000000 0.2089613075
3.0261000000 0.2088974419
3.0271000000 0.2088333397
3.0281000000 0.2087689857
3.0291000000 0.2087043877
3.0301000000 0.2086395454
3.0311000000 0.2085744514
3.0321000000 0.2085091133
3.0331000000 0.2084435310
3.0341000000 0.2083776970
3.0351000000 0.2083116188
3.0361000000 0.2082452888
3.0371000000 0.2081787148
3.0381000000 0.2081118889
3.0391000000 0.2080448189
3.0401000000 0.2079774971
3.0411000000 0.2079099236
3.0421000000 0.2078421059
3.0431000000 0.2077740288
3.0441000000 0.2077057076
3.0451000000 0.2076371346
3.0461000000 0.2075683098
3.0471000000 0.2074992409
3.0481000000 0.2074299126
3.0491000000 0.2073603325
3.0501000000 0.2072905006
3.0511000000 0.2072204247
3.0521000000 0.2071500893
3.0531000000 0.2070795021
3.0541000000 0.2070086555
3.0551000000 0.2069375648
3.0561000000 0.2068662148
3.0571000000 0.2067946129
3.0581000000 0.2067227516
3.0591000000 0.2066506462
3.0601000000 0.2065782738
3.0611000000 0.2065056496
3.0621000000 0.2064327736
3.0631000000 0.2063596382
3.0641000000 0.2062862511
3.0651000000 0.2062126045
3.0661000000 0.2061386986
3.0671000000 0.2060645409
3.0681000000 0.2059901161
3.0691000000 0.2059154396
3.0701000000 0.2058405113
3.0711000000 0.2057653160
3.0721000000 0.2056898613
3.0731000000 0.2056141548
3.0741000000 0.2055381813
3.0751000000 0.2054619484
3.0761000000 0.2053854637
3.0771000000 0.2053087120
3.0781000000 0.2052317009
3.0791000000 0.2051544228
3.0801000000 0.2050768929
3.0811000000 0.2049990959
3.0821000000 0.2049210396
3.0831000000 0.2048427162
3.0841000000 0.2047641335
3.0851000000 0.2046852913
3.0861000000 0.2046061821
3.0871000000 0.2045268135
3.0881000000 0.2044471703
3.0891000000 0.2043672752
3.0901000000 0.2042871056
3.0911000000 0.2042066765
3.0921000000 0.2041259804
3.0931000000 0.2040450249
3.0941000000 0.2039637947
3.0951000000 0.2038823051
3.0961000000 0.2038005409
3.0971000000 0.2037185173
3.0981000000 0.2036362190
3.0991000000 0.2035536613
3.1001000000 0.2034708290
3.1011000000 0.2033877373
3.1021000000 0.2033043709
3.1031000000 0.2032207298
3.1041000000 0.2031368294
3.1051000000 0.2030526543
3.1061000000 0.2029682121
3.1071000000 0.2028834953
3.1081000000 0.2027985115
3.1091000000 0.2027132530
3.1101000000 0.2026277275
3.1111000000 0.2025419273
3.1121000000 0.2024558525
3.1131000000 0.2023695107
3.1141000000 0.2022828941
3.1151000000 0.2021960030
3.1161000000 0.2021088448
3.1171000000 0.2020214043
3.1181000000 0.2019336967
3.1191000000 0.2018457069
3.1201000000 0.2017574425
3.1211000000 0.2016689110
3.1221000000 0.2015800972
3.1231000000 0.2014910088
3.1241000000 0.2014016457
3.1251000000 0.2013120079
3.1261000000 0.2012220879
3.1271000000 0.2011318932
3.1281000000 0.2010414162
3.1291000000 0.2009506645
3.1301000000 0.2008596382
3.1311000000 0.2007683296
3.1321000000 0.2006767387
3.1331000000 0.2005848732
3.1341000000 0.2004927254
3.1351000000 0.2004002953
3.1361000000 0.2003075905
3.1371000000 0.2002145958
3.1381000000 0.2001213264
3.1391000000 0.2000277748
3.1401000000 0.1999339333
3.1411000000 0.1998398170
3.1421000000 0.1997454185
3.1431000000 0.1996507301
3.1441000000 0.1995557594
3.1451000000 0.1994605064
3.1461000000 0.1993649712
3.1471000000 0.1992691460
3.1481000000 0.1991730385
3.1491000000 0.1990766487
3.1501000000 0.1989799690
3.1511000000 0.1988829994
3.1521000000 0.1987857475
3.1531000000 0.1986882057
3.1541000000 0.1985903740
3.1551000000 0.1984922600
3.1561000000 0.1983938560
3.1571000000 0.1982951622
3.1581000000 0.1981961784
3.1591000000 0.1980969048
3.1601000000 0.1979973412
3.1611000000 0.1978974876
3.1621000000 0.1977973442
3.1631000000 0.1976969032
3.1641000000 0.1975961800
3.1651000000 0.1974951591
3.1661000000 0.1973938484
3.1671000000 0.1972922401
3.1681000000 0.1971903419
3.1691000000 0.1970881462
3.1701000000 0.1969856606
3.1711000000 0.1968828773
3.1721000000 0.1967798042
3.1731000000 0.1966764336
3.1741000000 0.1965727654
3.1751000000 0.1964687996
3.1761000000 0.1963645363
3.1771000000 0.1962599831
3.1781000000 0.1961551247
3.1791000000 0.1960499687
3.1801000000 0.1959445229
3.1811000000 0.1958387718
3.1821000000 0.1957327156
3.1831000000 0.1956263695
3.1841000000 0.1955197182
3.1851000000 0.1954127693
3.1861000000 0.1953055153
3.1871000000 0.1951979637
3.1881000000 0.1950901070
3.1891000000 0.1949819527
3.1901000000 0.1948734856
3.1911000000 0.1947647285
3.1921000000 0.1946556587
3.1931000000 0.1945462837
3.1941000000 0.1944366112
3.1951000000 0.1943266335
3.1961000000 0.1942163429
3.1971000000 0.1941057549
3.1981000000 0.1939948540
3.1991000000 0.1938836479
3.2001000000 0.1937721367
3.2011000000 0.1936603127
3.2021000000 0.1935481834
3.2031000000 0.1934357491
3.2041000000 0.1933230019
3.2051000000 0.1932099495
3.2061000000 0.1930965843
3.2071000000 0.1929829063
3.2081000000 0.1928689156
3.2091000000 0.1927546196
3.2101000000 0.1926400032
3.2111000000 0.1925250816
3.2121000000 0.1924098473
3.2131000000 0.1922943001
3.2141000000 0.1921784325
3.2151000000 0.1920622597
3.2161000000 0.1919457664
3.2171000000 0.1918289604
3.2181000000 0.1917118340
3.2191000000 0.1915943947
3.2201000000 0.1914766350
3.2211000000 0.1913585625
3.2221000000 0.1912401695
3.2231000000 0.1911214638
3.2241000000 0.1910024376
3.2251000000 0.1908830910
3.2261000000 0.1907634239
3.2271000000 0.1906434364
3.2281000000 0.1905231285
3.2291000000 0.1904025002
3.2301000000 0.1902815437
3.2311000000 0.1901602745
3.2321000000 0.1900386772
3.2331000000 0.1899167595
3.2341000000 0.1897945137
3.2351000000 0.1896719475
3.2361000000 0.1895490608
3.2371000000 0.1894258385
3.2381000000 0.1893022957
3.2391000000 0.1891784325
3.2401000000 0.1890542336
3.2411000000 0.1889297142
3.2421000000 0.1888048592
3.2431000000 0.1886796837
3.2441000000 0.1885541725
3.2451000000 0.1884283333
3.2461000000 0.1883021660
3.2471000000 0.1881756706
3.2481000000 0.1880488396
3.2491000000 0.1879216805
3.2501000000 0.1877941856
3.2511000000 0.1876663628
3.2521000000 0.1875382042
3.2531000000 0.1874097099
3.2541000000 0.1872808876
3.2551000000 0.1871517220
3.2561000000 0.1870222282
3.2571000000 0.1868923912
3.2581000000 0.1867622261
3.2591000000 0.1866317177
3.2601000000 0.1865008736
3.2611000000 0.1863696938
3.2621000000 0.1862381706
3.2631000000 0.1861063118
3.2641000000 0.1859741096
3.2651000000 0.1858415642
3.2661000000 0.1857086830
3.2671000000 0.1855754585
3.2681000000 0.1854418983
3.2691000000 0.1853079872
3.2701000000 0.1851737328
3.2711000000 0.1850391426
3.2721000000 0.1849042015
3.2731000000 0.1847689171
3.2741000000 0.1846332817
3.2751000000 0.1844973030
3.2761000000 0.1843609810
3.2771000000 0.1842243080
3.2781000000 0.1840872917
3.2791000000 0.1839499168
3.2801000000 0.1838122063
3.2811000000 0.1836741371
3.2821000000 0.1835357170
3.2831000000 0.1833969460
3.2841000000 0.1832578239
3.2851000000 0.1831183510
3.2861000000 0.1829785271
3.2871000000 0.1828383446
3.2881000000 0.1826978111
3.2891000000 0.1825569191
3.2901000000 0.1824156761
3.2911000000 0.1822740746
3.2921000000 0.1821321220
3.2931000000 0.1819898033
3.2941000000 0.1818471336
3.2951000000 0.1817041054
3.2961000000 0.1815607109
3.2971000000 0.1814169579
3.2981000000 0.1812728539
3.2991000000 0.1811283760
3.3001000000 0.1809835472
3.3011000000 0.1808383446
3.3021000000 0.1806927910
3.3031000000 0.1805468636
3.3041000000 0.1804005775
3.3051000000 0.1802539253
3.3061000000 0.1801069069
3.3071000000 0.1799595222
3.3081000000 0.1798117638
3.3091000000 0.1796636467
3.3101000000 0.1795151558
3.3111000000 0.1793662987
3.3121000000 0.1792170677
3.3131000000 0.1790674706
3.3141000000 0.1789174995
3.3151000000 0.1787671623
3.3161000000 0.1786164436
3.3171000000 0.1784653587
3.3181000000 0.1783139000
3.3191000000 0.1781620598
3.3201000000 0.1780098457
3.3211000000 0.1778572578
3.3221000000 0.1777042961
3.3231000000 0.1775509529
3.3241000000 0.1773972359
3.3251000000 0.1772431297
3.3261000000 0.1770886497
3.3271000000 0.1769337959
3.3281000000 0.1767785530
3.3291000000 0.1766229286
3.3301000000 0.1764669228
3.3311000000 0.1763105354
3.3321000000 0.1761537590
3.3331000000 0.1759966011
3.3341000000 0.1758390541
3.3351000000 0.1756811256
3.3361000000 0.1755228081
3.3371000000 0.1753641014
3.3381000000 0.1752050056
3.3391000000 0.1750455208
3.3401000000 0.1748856468
3.3411000000 0.1747253838
3.3421000000 0.1745647316
3.3431000000 0.1744036827
3.3441000000 0.1742422371
3.3451000000 0.1740804024
3.3461000000 0.1739181709
3.3471000000 0.1737555428
3.3481000000 0.1735925179
3.3491000000 0.1734290962
3.3501000000 0.1732652779
3.3511000000 0.1731010551
3.3521000000 0.1729364433
3.3531000000 0.1727714195
3.3541000000 0.1726059990
3.3551000000 0.1724401817
3.3561000000 0.1722739525
3.3571000000 0.1721073265
3.3581000000 0.1719402885
3.3591000000 0.1717728539
3.3601000000 0.1716050072
3.3611000000 0.1714367561
3.3621000000 0.1712680931
3.3631000000 0.1710990257
3.3641000000 0.1709295464
3.3651000000 0.1707596550
3.3661000000 0.1705893517
3.3671000000 0.1704186440
3.3681000000 0.1702475166
3.3691000000 0.1700759697
3.3701000000 0.1699040184
3.3711000000 0.1697316475
3.3721000000 0.1695588570
3.3731000000 0.1693856544
3.3741000000 0.1692120247
3.3751000000 0.1690379829
3.3761000000 0.1688635139
3.3771000000 0.1686886330
3.3781000000 0.1685133247
3.3791000000 0.1683375969
3.3801000000 0.1681614418
3.3811000000 0.1679848595
3.3821000000 0.1678078499
3.3831000000 0.1676304207
3.3841000000 0.1674525642
3.3851000000 0.1672742729
3.3861000000 0.1670955544
3.3871000000 0.1669164009
3.3881000000 0.1667368279
3.3891000000 0.1665568123
3.3901000000 0.1663763618
3.3911000000 0.1661954842
3.3921000000 0.1660141640
3.3931000000 0.1658324165
3.3941000000 0.1656502266
3.3951000000 0.1654675941
3.3961000000 0.1652845268
3.3971000000 0.1651010170
3.3981000000 0.1649170723
3.3991000000 0.1647326775
3.4001000000 0.1645478401
3.4011000000 0.1643625603
3.4021000000 0.1641768379
3.4031000000 0.1639906654
3.4041000000 0.1638040428
3.4051000000 0.1636169777
3.4061000000 0.1634294624
3.4071000000 0.1632414894
3.4081000000 0.1630530663
3.4091000000 0.1628642006
3.4101000000 0.1626748695
3.4111000000 0.1624850883
3.4121000000 0.1622948494
3.4131000000 0.1621041527
3.4141000000 0.1619129982
3.4151000000 0.1617213860
3.4161000000 0.1615293159
3.4171000000 0.1613367805
3.4181000000 0.1611437798
3.4191000000 0.1609503212
3.4201000000 0.1607563972
3.4211000000 0.1605620003
3.4221000000 0.1603671455
3.4231000000 0.1601718178
3.4241000000 0.1599760170
3.4251000000 0.1597797508
3.4261000000 0.1595830116
3.4271000000 0.1593857994
3.4281000000 0.1591881142
3.4291000000 0.1589899483
3.4301000000 0.1587913094
3.4311000000 0.1585921974
3.4321000000 0.1583925972
3.4331000000 0.1581925240
3.4341000000 0.1579919624
3.4351000000 0.1577909279
3.4361000000 0.1575894051
3.4371000000 0.1573873940
3.4381000000 0.1571849022
3.4391000000 0.1569819145
3.4401000000 0.1567784462
3.4411000000 0.1565744820
3.4421000000 0.1563700294
3.4431000000 0.1561650810
3.4441000000 0.1559596443
3.4451000000 0.1557537117
3.4461000000 0.1555472755
3.4471000000 0.1553403511
3.4481000000 0.1551329231
3.4491000000 0.1549249916
3.4501000000 0.1547165565
3.4511000000 0.1545076256
3.4521000000 0.1542981911
3.4531000000 0.1540882454
3.4541000000 0.1538777885
3.4551000000 0.1536668282
3.4561000000 0.1534553566
3.4571000000 0.1532433739
3.4581000000 0.1530308800
3.4591000000 0.1528178749
3.4601000000 0.1526043510
3.4611000000 0.1523903084
3.4621000000 0.1521757469
3.4631000000 0.1519606667
3.4641000000 0.1517450676
3.4651000000 0.1515289421
3.4661000000 0.1513122902
3.4671000000 0.1510951195
3.4681000000 0.1508774147
3.4691000000 0.1506591835
3.4701000000 0.1504404182
3.4711000000 0.1502211266
3.4721000000 0.1500013008
3.4731000000 0.1497809410
3.4741000000 0.1495600471
3.4751000000 0.1493386116
3.4761000000 0.1491166344
3.4771000000 0.1488941154
3.4781000000 0.1486710548
3.4791000000 0.1484474525
3.4801000000 0.1482233086
3.4811000000 0.1479986076
3.4821000000 0.1477733650
3.4831000000 0.1475475655
3.4841000000 0.1473212166
3.4851000000 0.1470943108
3.4861000000 0.1468668556
3.4871000000 0.1466388359
3.4881000000 0.1464102669
3.4891000000 0.1461811256
3.4901000000 0.1459514275
3.4911000000 0.1457211647
3.4921000000 0.1454903374
3.4931000000 0.1452589378
3.4941000000 0.1450269737
3.4951000000 0.1447944374
3.4961000000 0.1445613289
3.4971000000 0.1443276405
3.4981000000 0.1440933800
3.4991000000 0.1438585396
3.5001000000 0.1436231194
3.5011000000 0.1433871193
3.5021000000 0.1431505318
3.5031000000 0.1429133568
3.5041000000 0.1426755943
3.5051000000 0.1424372444
3.5061000000 0.1421983070
3.5071000000 0.1419587669
3.5081000000 0.1417186394
3.5091000000 0.1414779091
3.5101000000 0.1412365837
3.5111000000 0.1409946556
3.5121000000 0.1407521248
3.5131000000 0.1405089836
3.5141000000 0.1402652397
3.5151000000 0.1400208855
3.5161000000 0.1397759209
3.5171000000 0.1395303459
3.5181000000 0.1392841530
3.5191000000 0.1390373421
3.5201000000 0.1387899055
3.5211000000 0.1385418510
3.5221000000 0.1382931786
3.5231000000 0.1380438728
3.5241000000 0.1377939415
3.5251000000 0.1375433769
3.5261000000 0.1372921791
3.5271000000 0.1370403481
3.5281000000 0.1367878838
3.5291000000 0.1365347710
3.5301000000 0.1362810249
3.5311000000 0.1360266304
3.5321000000 0.1357715874
3.5331000000 0.1355159035
3.5341000000 0.1352595634
3.5351000000 0.1350025673
3.5361000000 0.1347449226
3.5371000000 0.1344866142
3.5381000000 0.1342276421
3.5391000000 0.1339680138
3.5401000000 0.1337077141
3.5411000000 0.1334467506
3.5421000000 0.1331851158
3.5431000000 0.1329228096
3.5441000000 0.1326598244
3.5451000000 0.1323961601
3.5461000000 0.1321318169
3.5471000000 0.1318667870
3.5481000000 0.1316010780
3.5491000000 0.1313346748
3.5501000000 0.1310675850
3.5511000000 0.1307997932
3.5521000000 0.1305313072
3.5531000000 0.1302621269
3.5541000000 0.1299922447
3.5551000000 0.1297216530
3.5561000000 0.1294503517
3.5571000000 0.1291783409
3.5581000000 0.1289056206
3.5591000000 0.1286321754
3.5601000000 0.1283580208
3.5611000000 0.1280831337
3.5621000000 0.1278075294
3.5631000000 0.1275311928
3.5641000000 0.1272541313
3.5651000000 0.1269763298
3.5661000000 0.1266977882
3.5671000000 0.1264185066
3.5681000000 0.1261384850
3.5691000000 0.1258577156
3.5701000000 0.1255761986
3.5711000000 0.1252939262
3.5721000000 0.1250108986
3.5731000000 0.1247271080
3.5741000000 0.1244425545
3.5751000000 0.1241572380
3.5761000000 0.1238711433
3.5771000000 0.1235842857
3.5781000000 0.1232966499
3.5791000000 0.1230082283
3.5801000000 0.1227190285
3.5811000000 0.1224290352
3.5821000000 0.1221382561
3.5831000000 0.1218466835
3.5841000000 0.1215543098
3.5851000000 0.1212611427
3.5861000000 0.1209671593
3.5871000000 0.1206723747
3.5881000000 0.1203767738
3.5891000000 0.1200803566
3.5901000000 0.1197831154
3.5911000000 0.1194850578
3.5921000000 0.1191861687
3.5931000000 0.1188864479
3.5941000000 0.1185858879
3.5951000000 0.1182844887
3.5961000000 0.1179822426
3.5971000000 0.1176791496
3.5981000000 0.1173752098
3.5991000000 0.1170704079
3.6001000000 0.1167647438
3.6011000000 0.1164582100
3.6021000000 0.1161508141
3.6031000000 0.1158425407
3.6041000000 0.1155333900
3.6051000000 0.1152233543
3.6061000000 0.1149124336
3.6071000000 0.1146006126
3.6081000000 0.1142879066
3.6091000000 0.1139742851
3.6101000000 0.1136597633
3.6111000000 0.1133443336
3.6121000000 0.1130279884
3.6131000000 0.1127107124
3.6141000000 0.1123925209
3.6151000000 0.1120733910
3.6161000000 0.1117533302
3.6171000000 0.1114323235
3.6181000000 0.1111103706
3.6191000000 0.1107874641
3.6201000000 0.1104636040
3.6211000000 0.1101387749
3.6221000000 0.1098129845
3.6231000000 0.1094862175
3.6241000000 0.1091584740
3.6251000000 0.1088297386
3.6261000000 0.1085000191
3.6271000000 0.1081693001
3.6281000000 0.1078375816
3.6291000000 0.1075048485
3.6301000000 0.1071711082
3.6311000000 0.1068363457
3.6321000000 0.1065005531
3.6331000000 0.1061637306
3.6341000000 0.1058258629
3.6351000000 0.1054869576
3.6361000000 0.1051469917
3.6371000000 0.1048059731
3.6381000000 0.1044638863
3.6391000000 0.1041207314
3.6401000000 0.1037764931
3.6411000000 0.1034311714
3.6421000000 0.1030847588
3.6431000000 0.1027372398
3.6441000000 0.1023886147
3.6451000000 0.1020388756
3.6461000000 0.1016880150
3.6471000000 0.1013360252
3.6481000000 0.1009828987
3.6491000000 0.1006286201
3.6501000000 0.1002731972
3.6511000000 0.0999166069
3.6521000000 0.0995588493
3.6531000000 0.0991999168
3.6541000000 0.0988397942
3.6551000000 0.0984784813
3.6561000000 0.0981159630
3.6571000000 0.0977522392
3.6581000000 0.0973872871
3.6591000000 0.0970211143
3.6601000000 0.0966536980
3.6611000000 0.0962850304
3.6621000000 0.0959151115
3.6631000000 0.0955439262
3.6641000000 0.0951714668
3.6651000000 0.0947977180
3.6661000000 0.0944226723
3.6671000000 0.0940463219
3.6681000000 0.0936686516
3.6691000000 0.0932896538
3.6701000000 0.0929093208
3.6711000000 0.0925276451
3.6721000000 0.0921446037
3.6731000000 0.0917601891
3.6741000000 0.0913744011
3.6751000000 0.0909872093
3.6761000000 0.0905986214
3.6771000000 0.0902086143
3.6781000000 0.0898171730
3.6791000000 0.0894242897
3.6801000000 0.0890299568
3.6811000000 0.0886341515
3.6821000000 0.0882368660
3.6831000000 0.0878380928
3.6841000000 0.0874378014
3.6851000000 0.0870359993
3.6861000000 0.0866326561
3.6871000000 0.0862277565
3.6881000000 0.0858213005
3.6891000000 0.0854132652
3.6901000000 0.0850036354
3.6911000000 0.0845923958
3.6921000000 0.0841795235
3.6931000000 0.0837650185
3.6941000000 0.0833488503
3.6951000000 0.0829310036
3.6961000000 0.0825114632
3.6971000000 0.0820902214
3.6981000000 0.0816672478
3.6991000000 0.0812425270
3.7001000000 0.0808160439
3.7011000000 0.0803877678
3.7021000000 0.0799576988
3.7031000000 0.0795258064
3.7041000000 0.0790920677
3.7051000000 0.0786564598
3.7061000000 0.0782189751
3.7071000000 0.0777795830
3.7081000000 0.0773382530
3.7091000000 0.0768949776
3.7101000000 0.0764497261
3.7111000000 0.0760024757
3.7121000000 0.0755532036
3.7131000000 0.0751018791
3.7141000000 0.0746484795
3.7151000000 0.0741929817
3.7161000000 0.0737353554
3.7171000000 0.0732755775
3.7181000000 0.0728136177
3.7191000000 0.0723494377
3.7201000000 0.0718830223
3.7211000000 0.0714143257
3.7221000000 0.0709433327
3.7231000000 0.0704700050
3.7241000000 0.0699942970
3.7251000000 0.0695161934
3.7261000000 0.0690356483
3.7271000000 0.0685526237
3.7281000000 0.0680670891
3.7291000000 0.0675790062
3.7301000000 0.0670883369
3.7311000000 0.0665950279
3.7321000000 0.0660990486
3.7331000000 0.0656003532
3.7341000000 0.0650988960
3.7351000000 0.0645946312
3.7361000000 0.0640875130
3.7371000000 0.0635774956
3.7381000000 0.0630645180
3.7391000000 0.0625485344
3.7401000000 0.0620294914
3.7411000000 0.0615073280
3.7421000000 0.0609819984
3.7431000000 0.0604534187
3.7441000000 0.0599215508
3.7451000000 0.0593863182
3.7461000000 0.0588476524
3.7471000000 0.0583054848
3.7481000000 0.0577597389
3.7491000000 0.0572103539
3.7501000000 0.0566572304
3.7511000000 0.0561003075
3.7521000000 0.0555394783
3.7531000000 0.0549746666
3.7541000000 0.0544057808
3.7551000000 0.0538327217
3.7561000000 0.0532553749
3.7571000000 0.0526736565
3.7581000000 0.0520874367
3.7591000000 0.0514966011
3.7601000000 0.0509010353
3.7611000000 0.0503006020
3.7621000000 0.0496951714
3.7631000000 0.0490845985
3.7641000000 0.0484687309
3.7651000000 0.0478474159
3.7661000000 0.0472204781
3.7671000000 0.0465877419
3.7681000000 0.0459490242
3.7691000000 0.0453041115
3.7701000000 0.0446528130
3.7711000000 0.0439948845
3.7721000000 0.0433300896
3.7731000000 0.0426581764
3.7741000000 0.0419788704
3.7751000000 0.0412918663
3.7761000000 0.0405968590
3.7771000000 0.0398934975
3.7781000000 0.0391814232
3.7791000000 0.0384602242
3.7801000000 0.0377294807
3.7811000000 0.0369887123
3.7821000000 0.0362374153
3.7831000000 0.0354750252
3.7841000000 0.0347009163
3.7851000000 0.0339144173
3.7861000000 0.0331147728
3.7871000000 0.0323011436
3.7881000000 0.0314725990
3.7891000000 0.0306280785
3.7901000000 0.0297663994
3.7911000000 0.0288862190
3.7921000000 0.0279859810
3.7931000000 0.0270639153
3.7941000000 0.0261179466
3.7951000000 0.0251456490
3.7961000000 0.0241441154
3.7971000000 0.0231098900
3.7981000000 0.0220387154
3.7991000000 0.0209253426
3.8001000000 0.0197630882
3.8011000000 0.0185433006
3.8021000000 0.0172544060
3.8031000000 0.0158803062
3.8041000000 0.0143975029
3.8051000000 0.0127692680
3.8061000000 0.0109322014
3.8071000000 0.0087577782
3.8081000000 0.0058863716
