-5.000000 -5.194883 5.194883
-4.995000 -5.189805 5.189805
-4.990000 -5.184805 5.184805
-4.985000 -5.179727 5.179727
-4.980000 -5.174727 5.174727
-4.975000 -5.169648 5.169648
-4.970000 -5.164648 5.164648
-4.965000 -5.159570 5.159570
-4.960000 -5.154570 5.154570
-4.955000 -5.149492 5.149492
-4.950000 -5.144492 5.144492
-4.945000 -5.139492 5.139492
-4.940000 -5.134414 5.134414
-4.935000 -5.129414 5.129414
-4.930000 -5.124336 5.124336
-4.925000 -5.119336 5.119336
-4.920000 -5.114258 5.114258
-4.915000 -5.109258 5.109258
-4.910000 -5.104180 5.104180
-4.905000 -5.099180 5.099180
-4.900000 -5.094102 5.094102
-4.895000 -5.089102 5.089102
-4.890000 -5.084102 5.084102
-4.885000 -5.079023 5.079023
-4.880000 -5.074023 5.074023
-4.875000 -5.068945 5.068945
-4.870000 -5.063945 5.063945
-4.865000 -5.058867 5.058867
-4.860000 -5.053867 5.053867
-4.855000 -5.048867 5.048867
-4.850000 -5.043789 5.043789
-4.845000 -5.038789 5.038789
-4.840000 -5.033711 5.033711
-4.835000 -5.028711 5.028711
-4.830000 -5.023711 5.023711
-4.825000 -5.018633 5.018633
-4.820000 -5.013633 5.013633
-4.815000 -5.008555 5.008555
-4.810000 -5.003555 5.003555
-4.805000 -4.998555 4.998555
-4.800000 -4.993477 4.993477
-4.795000 -4.988477 4.988477
-4.790000 -4.983477 4.983477
-4.785000 -4.978398 4.978398
-4.780000 -4.973398 4.973398
-4.775000 -4.968398 4.968398
-4.770000 -4.963320 4.963320
-4.765000 -4.958320 4.958320
-4.760000 -4.953320 4.953320
-4.755000 -4.948242 4.948242
-4.750000 -4.943242 4.943242
-4.745000 -4.938242 4.938242
-4.740000 -4.933164 4.933164
-4.735000 -4.928164 4.928164
-4.730000 -4.923164 4.923164
-4.725000 -4.918086 4.918086
-4.720000 -4.913086 4.913086
-4.715000 -4.908086 4.908086
-4.710000 -4.903086 4.903086
-4.705000 -4.898008 4.898008
-4.700000 -4.893008 4.893008
-4.695000 -4.888008 4.888008
-4.690000 -4.882930 4.882930
-4.685000 -4.877930 4.877930
-4.680000 -4.872930 4.872930
-4.675000 -4.867930 4.867930
-4.670000 -4.862852 4.862852
-4.665000 -4.857852 4.857852
-4.660000 -4.852852 4.852852
-4.655000 -4.847852 4.847852
-4.650000 -4.842773 4.842773
-4.645000 -4.837773 4.837773
-4.640000 -4.832773 4.832773
-4.635000 -4.827773 4.827773
-4.630000 -4.822695 4.822695
-4.625000 -4.817695 4.817695
-4.620000 -4.812695 4.812695
-4.615000 -4.807695 4.807695
-4.610000 -4.802695 4.802695
-4.605000 -4.797617 4.797617
-4.600000 -4.792617 4.792617
-4.595000 -4.787617 4.787617
-4.590000 -4.782617 4.782617
-4.585000 -4.777617 4.777617
-4.580000 -4.772539 4.772539
-4.575000 -4.767539 4.767539
-4.570000 -4.762539 4.762539
-4.565000 -4.757539 4.757539
-4.560000 -4.752539 4.752539
-4.555000 -4.747539 4.747539
-4.550000 -4.742461 4.742461
-4.545000 -4.737461 4.737461
-4.540000 -4.732461 4.732461
-4.535000 -4.727461 4.727461
-4.530000 -4.722461 4.722461
-4.525000 -4.717461 4.717461
-4.520000 -4.712461 4.712461
-4.515000 -4.707383 4.707383
-4.510000 -4.702383 4.702383
-4.505000 -4.697383 4.697383
-4.500000 -4.692383 4.692383
-4.495000 -4.687383 4.687383
-4.490000 -4.682383 4.682383
-4.485000 -4.677383 4.677383
-4.480000 -4.672383 4.672383
-4.475000 -4.667383 4.667383
-4.470000 -4.662383 4.662383
-4.465000 -4.657305 4.657305
-4.460000 -4.652305 4.652305
-4.455000 -4.647305 4.647305
-4.450000 -4.642305 4.642305
-4.445000 -4.637305 4.637305
-4.440000 -4.632305 4.632305
-4.435000 -4.627305 4.627305
-4.430000 -4.622305 4.622305
-4.425000 -4.617305 4.617305
-4.420000 -4.612305 4.612305
-4.415000 -4.607305 4.607305
-4.410000 -4.602305 4.602305
-4.405000 -4.597305 4.597305
-4.400000 -4.592305 4.592305
-4.395000 -4.587305 4.587305
-4.390000 -4.582305 4.582305
-4.385000 -4.577305 4.577305
-4.380000 -4.572305 4.572305
-4.375000 -4.567305 4.567305
-4.370000 -4.562305 4.562305
-4.365000 -4.557305 4.557305
-4.360000 -4.552305 4.552305
-4.355000 -4.547305 4.547305
-4.350000 -4.542305 4.542305
-4.345000 -4.537305 4.537305
-4.340000 -4.532305 4.532305
-4.335000 -4.527305 4.527305
-4.330000 -4.522305 4.522305
-4.325000 -4.517305 4.517305
-4.320000 -4.512305 4.512305
-4.315000 -4.507305 4.507305
-4.310000 -4.502305 4.502305
-4.305000 -4.497305 4.497305
-4.300000 -4.492305 4.492305
-4.295000 -4.487305 4.487305
-4.290000 -4.482383 4.482383
-4.285000 -4.477383 4.477383
-4.280000 -4.472383 4.472383
-4.275000 -4.467383 4.467383
-4.270000 -4.462383 4.462383
-4.265000 -4.457383 4.457383
-4.260000 -4.452383 4.452383
-4.255000 -4.447383 4.447383
-4.250000 -4.442383 4.442383
-4.245000 -4.437383 4.437383
-4.240000 -4.432461 4.432461
-4.235000 -4.427461 4.427461
-4.230000 -4.422461 4.422461
-4.225000 -4.417461 4.417461
-4.220000 -4.412461 4.412461
-4.215000 -4.407461 4.407461
-4.210000 -4.402461 4.402461
-4.205000 -4.397539 4.397539
-4.200000 -4.392539 4.392539
-4.195000 -4.387539 4.387539
-4.190000 -4.382539 4.382539
-4.185000 -4.377539 4.377539
-4.180000 -4.372539 4.372539
-4.175000 -4.367617 4.367617
-4.170000 -4.362617 4.362617
-4.165000 -4.357617 4.357617
-4.160000 -4.352617 4.352617
-4.155000 -4.347617 4.347617
-4.150000 -4.342695 4.342695
-4.145000 -4.337695 4.337695
-4.140000 -4.332695 4.332695
-4.135000 -4.327695 4.327695
-4.130000 -4.322773 4.322773
-4.125000 -4.317773 4.317773
-4.120000 -4.312773 4.312773
-4.115000 -4.307773 4.307773
-4.110000 -4.302852 4.302852
-4.105000 -4.297852 4.297852
-4.100000 -4.292852 4.292852
-4.095000 -4.287852 4.287852
-4.090000 -4.282930 4.282930
-4.085000 -4.277930 4.277930
-4.080000 -4.272930 4.272930
-4.075000 -4.268008 4.268008
-4.070000 -4.263008 4.263008
-4.065000 -4.258008 4.258008
-4.060000 -4.253008 4.253008
-4.055000 -4.248086 4.248086
-4.050000 -4.243086 4.243086
-4.045000 -4.238086 4.238086
-4.040000 -4.233164 4.233164
-4.035000 -4.228164 4.228164
-4.030000 -4.223164 4.223164
-4.025000 -4.218242 4.218242
-4.020000 -4.213242 4.213242
-4.015000 -4.208242 4.208242
-4.010000 -4.203320 4.203320
-4.005000 -4.198320 4.198320
-4.000000 -4.193398 4.193398
-3.995000 -4.188398 4.188398
-3.990000 -4.183398 4.183398
-3.985000 -4.178477 4.178477
-3.980000 -4.173477 4.173477
-3.975000 -4.168555 4.168555
-3.970000 -4.163555 4.163555
-3.965000 -4.158555 4.158555
-3.960000 -4.153633 4.153633
-3.955000 -4.148633 4.148633
-3.950000 -4.143711 4.143711
-3.945000 -4.138711 4.138711
-3.940000 -4.133711 4.133711
-3.935000 -4.128789 4.128789
-3.930000 -4.123789 4.123789
-3.925000 -4.118867 4.118867
-3.920000 -4.113867 4.113867
-3.915000 -4.108945 4.108945
-3.910000 -4.103945 4.103945
-3.905000 -4.099023 4.099023
-3.900000 -4.094023 4.094023
-3.895000 -4.089102 4.089102
-3.890000 -4.084102 4.084102
-3.885000 -4.079180 4.079180
-3.880000 -4.074180 4.074180
-3.875000 -4.069258 4.069258
-3.870000 -4.064258 4.064258
-3.865000 -4.059336 4.059336
-3.860000 -4.054336 4.054336
-3.855000 -4.049414 4.049414
-3.850000 -4.044414 4.044414
-3.845000 -4.039492 4.039492
-3.840000 -4.034492 4.034492
-3.835000 -4.029570 4.029570
-3.830000 -4.024648 4.024648
-3.825000 -4.019648 4.019648
-3.820000 -4.014727 4.014727
-3.815000 -4.009727 4.009727
-3.810000 -4.004805 4.004805
-3.805000 -3.999805 3.999805
-3.800000 -3.994883 3.994883
-3.795000 -3.989961 3.989961
-3.790000 -3.984961 3.984961
-3.785000 -3.980039 3.980039
-3.780000 -3.975117 3.975117
-3.775000 -3.970117 3.970117
-3.770000 -3.965195 3.965195
-3.765000 -3.960195 3.960195
-3.760000 -3.955273 3.955273
-3.755000 -3.950352 3.950352
-3.750000 -3.945352 3.945352
-3.745000 -3.940430 3.940430
-3.740000 -3.935508 3.935508
-3.735000 -3.930508 3.930508
-3.730000 -3.925586 3.925586
-3.725000 -3.920664 3.920664
-3.720000 -3.915742 3.915742
-3.715000 -3.910742 3.910742
-3.710000 -3.905820 3.905820
-3.705000 -3.900898 3.900898
-3.700000 -3.895898 3.895898
-3.695000 -3.890977 3.890977
-3.690000 -3.886055 3.886055
-3.685000 -3.881133 3.881133
-3.680000 -3.876133 3.876133
-3.675000 -3.871211 3.871211
-3.670000 -3.866289 3.866289
-3.665000 -3.861367 3.861367
-3.660000 -3.856367 3.856367
-3.655000 -3.851445 3.851445
-3.650000 -3.846523 3.846523
-3.645000 -3.841602 3.841602
-3.640000 -3.836680 3.836680
-3.635000 -3.831680 3.831680
-3.630000 -3.826758 3.826758
-3.625000 -3.821836 3.821836
-3.620000 -3.816914 3.816914
-3.615000 -3.811992 3.811992
-3.610000 -3.807070 3.807070
-3.605000 -3.802070 3.802070
-3.600000 -3.797148 3.797148
-3.595000 -3.792227 3.792227
-3.590000 -3.787305 3.787305
-3.585000 -3.782383 3.782383
-3.580000 -3.777461 3.777461
-3.575000 -3.772539 3.772539
-3.570000 -3.767617 3.767617
-3.565000 -3.762617 3.762617
-3.560000 -3.757695 3.757695
-3.555000 -3.752773 3.752773
-3.550000 -3.747852 3.747852
-3.545000 -3.742930 3.742930
-3.540000 -3.738008 3.738008
-3.535000 -3.733086 3.733086
-3.530000 -3.728164 3.728164
-3.525000 -3.723242 3.723242
-3.520000 -3.718320 3.718320
-3.515000 -3.713398 3.713398
-3.510000 -3.708477 3.708477
-3.505000 -3.703555 3.703555
-3.500000 -3.698633 3.698633
-3.495000 -3.693711 3.693711
-3.490000 -3.688789 3.688789
-3.485000 -3.683867 3.683867
-3.480000 -3.678945 3.678945
-3.475000 -3.674023 3.674023
-3.470000 -3.669102 3.669102
-3.465000 -3.664180 3.664180
-3.460000 -3.659258 3.659258
-3.455000 -3.654336 3.654336
-3.450000 -3.649414 3.649414
-3.445000 -3.644492 3.644492
-3.440000 -3.639570 3.639570
-3.435000 -3.634648 3.634648
-3.430000 -3.629805 3.629805
-3.425000 -3.624883 3.624883
-3.420000 -3.619961 3.619961
-3.415000 -3.615039 3.615039
-3.410000 -3.610117 3.610117
-3.405000 -3.605195 3.605195
-3.400000 -3.600273 3.600273
-3.395000 -3.595352 3.595352
-3.390000 -3.590508 3.590508
-3.385000 -3.585586 3.585586
-3.380000 -3.580664 3.580664
-3.375000 -3.575742 3.575742
-3.370000 -3.570820 3.570820
-3.365000 -3.565977 3.565977
-3.360000 -3.561055 3.561055
-3.355000 -3.556133 3.556133
-3.350000 -3.551211 3.551211
-3.345000 -3.546289 3.546289
-3.340000 -3.541445 3.541445
-3.335000 -3.536523 3.536523
-3.330000 -3.531602 3.531602
-3.325000 -3.526680 3.526680
-3.320000 -3.521836 3.521836
-3.315000 -3.516914 3.516914
-3.310000 -3.511992 3.511992
-3.305000 -3.507148 3.507148
-3.300000 -3.502227 3.502227
-3.295000 -3.497305 3.497305
-3.290000 -3.492461 3.492461
-3.285000 -3.487539 3.487539
-3.280000 -3.482617 3.482617
-3.275000 -3.477773 3.477773
-3.270000 -3.472852 3.472852
-3.265000 -3.467930 3.467930
-3.260000 -3.463086 3.463086
-3.255000 -3.458164 3.458164
-3.250000 -3.453242 3.453242
-3.245000 -3.448398 3.448398
-3.240000 -3.443477 3.443477
-3.235000 -3.438633 3.438633
-3.230000 -3.433711 3.433711
-3.225000 -3.428867 3.428867
-3.220000 -3.423945 3.423945
-3.215000 -3.419023 3.419023
-3.210000 -3.414180 3.414180
-3.205000 -3.409258 3.409258
-3.200000 -3.404414 3.404414
-3.195000 -3.399492 3.399492
-3.190000 -3.394648 3.394648
-3.185000 -3.389727 3.389727
-3.180000 -3.384883 3.384883
-3.175000 -3.379961 3.379961
-3.170000 -3.375117 3.375117
-3.165000 -3.370195 3.370195
-3.160000 -3.365352 3.365352
-3.155000 -3.360508 3.360508
-3.150000 -3.355586 3.355586
-3.145000 -3.350742 3.350742
-3.140000 -3.345820 3.345820
-3.135000 -3.340977 3.340977
-3.130000 -3.336133 3.336133
-3.125000 -3.331211 3.331211
-3.120000 -3.326367 3.326367
-3.115000 -3.321445 3.321445
-3.110000 -3.316602 3.316602
-3.105000 -3.311758 3.311758
-3.100000 -3.306836 3.306836
-3.095000 -3.301992 3.301992
-3.090000 -3.297148 3.297148
-3.085000 -3.292227 3.292227
-3.080000 -3.287383 3.287383
-3.075000 -3.282539 3.282539
-3.070000 -3.277695 3.277695
-3.065000 -3.272773 3.272773
-3.060000 -3.267930 3.267930
-3.055000 -3.263086 3.263086
-3.050000 -3.258242 3.258242
-3.045000 -3.253320 3.253320
-3.040000 -3.248477 3.248477
-3.035000 -3.243633 3.243633
-3.030000 -3.238789 3.238789
-3.025000 -3.233945 3.233945
-3.020000 -3.229023 3.229023
-3.015000 -3.224180 3.224180
-3.010000 -3.219336 3.219336
-3.005000 -3.214492 3.214492
-3.000000 -3.209648 3.209648
-2.995000 -3.204805 3.204805
-2.990000 -3.199961 3.199961
