1.015000 0.011836 1.431445
1.020000 0.018867 1.435117
1.025000 0.023945 1.438711
1.030000 0.028086 1.442383
1.035000 0.031680 1.446055
1.040000 0.034883 1.449727
1.045000 0.037852 1.453477
1.050000 0.040586 1.457148
1.055000 0.043086 1.460820
1.060000 0.045508 1.464570
1.065000 0.047773 1.468320
1.070000 0.049961 1.471992
1.075000 0.052070 1.475742
1.080000 0.054023 1.479492
1.085000 0.055898 1.483242
1.090000 0.057773 1.487070
1.095000 0.059570 1.490820
1.100000 0.061289 1.494570
1.105000 0.063008 1.498398
1.110000 0.064570 1.502148
1.115000 0.066211 1.505977
1.120000 0.067773 1.509805
1.125000 0.069258 1.513633
1.130000 0.070742 1.517461
1.135000 0.072148 1.521289
1.140000 0.073555 1.525117
1.145000 0.074961 1.528945
1.150000 0.076289 1.532852
1.155000 0.077617 1.536680
1.160000 0.078867 1.540586
1.165000 0.080195 1.544414
1.170000 0.081445 1.548320
1.175000 0.082617 1.552227
1.180000 0.083867 1.556133
1.185000 0.085039 1.560039
1.190000 0.086211 1.563945
1.195000 0.087383 1.567852
1.200000 0.088477 1.571836
1.205000 0.089570 1.575742
1.210000 0.090664 1.579648
1.215000 0.091758 1.583633
1.220000 0.092852 1.587617
1.225000 0.093867 1.591523
1.230000 0.094883 1.595508
1.235000 0.095898 1.599492
1.240000 0.096914 1.603477
1.245000 0.097930 1.607461
1.250000 0.098867 1.611445
1.255000 0.099883 1.615430
1.260000 0.100820 1.619492
1.265000 0.101758 1.623477
1.270000 0.102695 1.627461
1.275000 0.103555 1.631523
1.280000 0.104492 1.635508
1.285000 0.105352 1.639570
1.290000 0.106289 1.643633
1.295000 0.107148 1.647695
1.300000 0.108008 1.651758
1.305000 0.108867 1.655820
1.310000 0.109648 1.659883
1.315000 0.110508 1.663945
1.320000 0.111289 1.668008
1.325000 0.112148 1.672070
1.330000 0.112930 1.676211
1.335000 0.113711 1.680273
1.340000 0.114492 1.684336
1.345000 0.115273 1.688477
1.350000 0.116055 1.692617
1.355000 0.116836 1.696680
1.360000 0.117539 1.700820
1.365000 0.118320 1.704961
1.370000 0.119023 1.709102
1.375000 0.119727 1.713242
1.380000 0.120430 1.717383
1.385000 0.121133 1.721523
1.390000 0.121836 1.725664
1.395000 0.122539 1.729805
1.400000 0.123242 1.734023
1.405000 0.123945 1.738164
1.410000 0.124570 1.742305
1.415000 0.125273 1.746523
1.420000 0.125898 1.750664
1.425000 0.126523 1.754883
1.430000 0.127227 1.759102
1.435000 0.127852 1.763242
1.440000 0.128477 1.767461
1.445000 0.129102 1.771680
1.450000 0.129648 1.775898
1.455000 0.130273 1.780117
1.460000 0.130898 1.784336
1.465000 0.131445 1.788555
1.470000 0.132070 1.792773
1.475000 0.132617 1.797070
1.480000 0.133164 1.801289
1.485000 0.133789 1.805508
1.490000 0.134336 1.809805
1.495000 0.134883 1.814023
1.500000 0.135430 1.818320
1.505000 0.135977 1.822539
1.510000 0.136445 1.826836
1.515000 0.136992 1.831055
1.520000 0.137539 1.835352
1.525000 0.138008 1.839648
1.530000 0.138555 1.843945
1.535000 0.139023 1.848242
1.540000 0.139492 1.852539
1.545000 0.140039 1.856836
1.550000 0.140508 1.861133
1.555000 0.140977 1.865430
1.560000 0.141445 1.869727
1.565000 0.141914 1.874023
1.570000 0.142383 1.878320
1.575000 0.142773 1.882695
1.580000 0.143242 1.886992
1.585000 0.143633 1.891289
1.590000 0.144102 1.895664
1.595000 0.144492 1.899961
1.600000 0.144961 1.904336
1.605000 0.145352 1.908633
1.610000 0.145742 1.913008
1.615000 0.146133 1.917383
1.620000 0.146523 1.921680
1.625000 0.146914 1.926055
1.630000 0.147305 1.930430
1.635000 0.147695 1.934805
1.640000 0.148086 1.939180
1.645000 0.148398 1.943555
1.650000 0.148789 1.947930
1.655000 0.149102 1.952305
1.660000 0.149492 1.956680
1.665000 0.149805 1.961055
1.670000 0.150117 1.965430
1.675000 0.150508 1.969883
1.680000 0.150820 1.974258
1.685000 0.151133 1.978633
1.690000 0.151445 1.983086
1.695000 0.151680 1.987461
1.700000 0.151992 1.991914
1.705000 0.152305 1.996289
1.710000 0.152539 2.000742
1.715000 0.152852 2.005117
1.720000 0.153086 2.009570
1.725000 0.153398 2.013945
1.730000 0.153633 2.018398
1.735000 0.153867 2.022852
1.740000 0.154180 2.027305
1.745000 0.154414 2.031758
1.750000 0.154648 2.036133
1.755000 0.154805 2.040586
1.760000 0.155039 2.045039
1.765000 0.155273 2.049492
1.770000 0.155508 2.053945
1.775000 0.155664 2.058398
1.780000 0.155898 2.062930
1.785000 0.156055 2.067383
1.790000 0.156211 2.071836
1.795000 0.156445 2.076289
1.800000 0.156602 2.080742
1.805000 0.156758 2.085273
1.810000 0.156914 2.089727
1.815000 0.157070 2.094180
1.820000 0.157227 2.098711
1.825000 0.157305 2.103164
1.830000 0.157461 2.107695
1.835000 0.157617 2.112148
1.840000 0.157695 2.116680
1.845000 0.157773 2.121133
1.850000 0.157930 2.125664
1.855000 0.158008 2.130195
1.860000 0.158086 2.134648
1.865000 0.158164 2.139180
1.870000 0.158242 2.143711
1.875000 0.158320 2.148242
1.880000 0.158320 2.152695
1.885000 0.158398 2.157227
1.890000 0.158398 2.161758
1.895000 0.158477 2.166289
1.900000 0.158477 2.170820
1.905000 0.158477 2.175352
1.910000 0.158477 2.179883
1.915000 0.158477 2.184414
1.920000 0.158477 2.188945
1.925000 0.158477 2.193477
1.930000 0.158477 2.198008
1.935000 0.158398 2.202617
1.940000 0.158398 2.207148
1.945000 0.158320 2.211680
1.950000 0.158242 2.216211
1.955000 0.158164 2.220820
1.960000 0.158086 2.225352
1.965000 0.157930 2.229883
1.970000 0.157773 2.234492
1.975000 0.157617 2.239023
1.980000 0.157461 2.243633
1.985000 0.157305 2.248164
1.990000 0.157148 2.252773
1.995000 0.157070 2.257305
2.000000 0.156914 2.261914
2.005000 0.156836 2.266445
2.010000 0.156680 2.271055
2.015000 0.156602 2.275664
2.020000 0.156523 2.280195
2.025000 0.156367 2.284805
2.030000 0.156289 2.289414
2.035000 0.156211 2.294023
2.040000 0.156055 2.298555
2.045000 0.155977 2.303164
2.050000 0.155898 2.307773
2.055000 0.155820 2.312383
2.060000 0.155664 2.316992
2.065000 0.155586 2.321602
2.070000 0.155508 2.326211
2.075000 0.155430 2.330820
2.080000 0.155352 2.335430
2.085000 0.155195 2.340039
2.090000 0.155117 2.344648
2.095000 0.155039 2.349258
2.100000 0.154961 2.353867
2.105000 0.154805 2.358477
2.110000 0.154727 2.363164
2.115000 0.154648 2.367773
2.120000 0.154492 2.372383
2.125000 0.154414 2.376992
2.130000 0.154336 2.381602
2.135000 0.154180 2.386289
2.140000 0.154102 2.390898
2.145000 0.154023 2.395508
2.150000 0.153867 2.400195
2.155000 0.153789 2.404805
2.160000 0.153633 2.409492
2.165000 0.153555 2.414102
2.170000 0.153398 2.418789
2.175000 0.153320 2.423398
2.180000 0.153164 2.428086
2.185000 0.153086 2.432695
2.190000 0.152930 2.437383
2.195000 0.152773 2.441992
2.200000 0.152695 2.446680
2.205000 0.152539 2.451367
2.210000 0.152383 2.455977
2.215000 0.152227 2.460664
2.220000 0.152148 2.465352
2.225000 0.151992 2.469961
2.230000 0.151836 2.474648
2.235000 0.151680 2.479336
2.240000 0.151523 2.484023
2.245000 0.151367 2.488633
2.250000 0.151211 2.493320
2.255000 0.151055 2.498008
2.260000 0.150898 2.502695
2.265000 0.150742 2.507383
2.270000 0.150586 2.512070
2.275000 0.150430 2.516758
2.280000 0.150195 2.521445
2.285000 0.150039 2.526133
2.290000 0.149883 2.530820
2.295000 0.149727 2.535508
2.300000 0.149492 2.540195
2.305000 0.149336 2.544883
2.310000 0.149102 2.549570
2.315000 0.148945 2.554258
2.320000 0.148711 2.558945
2.325000 0.148477 2.563633
2.330000 0.148320 2.568398
2.335000 0.148086 2.573086
2.340000 0.147852 2.577773
2.345000 0.147617 2.582461
2.350000 0.147383 2.587148
2.355000 0.147148 2.591914
2.360000 0.146914 2.596602
2.365000 0.146680 2.601289
2.370000 0.146445 2.606055
2.375000 0.146211 2.610742
2.380000 0.145977 2.615430
2.385000 0.145664 2.620195
2.390000 0.145430 2.624883
2.395000 0.145195 2.629648
2.400000 0.144883 2.634336
2.405000 0.144648 2.639023
2.410000 0.144336 2.643789
2.415000 0.144023 2.648477
2.420000 0.143711 2.653242
2.425000 0.143477 2.657930
2.430000 0.143164 2.662695
2.435000 0.142852 2.667461
2.440000 0.142539 2.672148
2.445000 0.142148 2.676914
2.450000 0.141836 2.681602
2.455000 0.141523 2.686367
2.460000 0.141133 2.691133
2.465000 0.140820 2.695820
2.470000 0.140430 2.700586
2.475000 0.140117 2.705352
2.480000 0.139727 2.710039
2.485000 0.139336 2.714805
2.490000 0.138945 2.719570
2.495000 0.138555 2.724336
2.500000 0.138164 2.729023
2.505000 0.137773 2.733789
2.510000 0.137383 2.738555
2.515000 0.136914 2.743320
2.520000 0.136523 2.748086
2.525000 0.136055 2.752852
2.530000 0.135664 2.757617
2.535000 0.135195 2.762305
2.540000 0.134727 2.767070
2.545000 0.134258 2.771836
2.550000 0.133789 2.776602
2.555000 0.133242 2.781367
2.560000 0.132773 2.786133
2.565000 0.132305 2.790898
2.570000 0.131758 2.795664
2.575000 0.131211 2.800430
2.580000 0.130664 2.805195
2.585000 0.130117 2.809961
2.590000 0.129570 2.814727
2.595000 0.129023 2.819570
2.600000 0.128398 2.824336
2.605000 0.127852 2.829102
2.610000 0.127227 2.833867
2.615000 0.126602 2.838633
2.620000 0.125977 2.843398
2.625000 0.125352 2.848164
2.630000 0.124727 2.853008
2.635000 0.124023 2.857773
2.640000 0.123398 2.862539
2.645000 0.122695 2.867305
2.650000 0.121992 2.872148
2.655000 0.121289 2.876914
2.660000 0.120508 2.881680
2.665000 0.119805 2.886445
2.670000 0.119023 2.891289
2.675000 0.118242 2.896055
2.680000 0.117461 2.900820
2.685000 0.116602 2.905664
2.690000 0.115820 2.910430
2.695000 0.114961 2.915273
2.700000 0.114102 2.920039
2.705000 0.113242 2.924805
2.710000 0.112305 2.929648
2.715000 0.111367 2.934414
2.720000 0.110430 2.939258
2.725000 0.109492 2.944023
2.730000 0.108477 2.948867
2.735000 0.107539 2.953633
2.740000 0.106523 2.958477
2.745000 0.105430 2.963242
2.750000 0.104336 2.968086
2.755000 0.103242 2.972852
2.760000 0.102148 2.977695
2.765000 0.100977 2.982461
2.770000 0.099805 2.987305
2.775000 0.098633 2.992148
2.780000 0.097383 2.996914
2.785000 0.096133 3.001758
2.790000 0.094883 3.006523
2.795000 0.093555 3.011367
2.800000 0.092227 3.016211
2.805000 0.090820 3.020977
2.810000 0.089414 3.025820
2.815000 0.087930 3.030664
2.820000 0.086445 3.035430
2.825000 0.084883 3.040273
2.830000 0.083320 3.045117
2.835000 0.081680 3.049961
2.840000 0.080039 3.054727
2.845000 0.078320 3.059570
2.850000 0.076523 3.064414
2.855000 0.074727 3.069258
2.860000 0.072852 3.074102
2.865000 0.070898 3.078867
2.870000 0.068945 3.083711
2.875000 0.066914 3.088555
2.880000 0.064805 3.093398
2.885000 0.062617 3.098242
2.890000 0.060430 3.103086
2.895000 0.058086 3.107930
2.900000 0.055742 3.112695
2.905000 0.053242 3.117539
2.910000 0.050742 3.122383
2.915000 0.048086 3.127227
2.920000 0.045352 3.132070
2.925000 0.042617 3.136914
2.930000 0.039727 3.141758
2.935000 0.036836 3.146602
2.940000 0.033867 3.151445
2.945000 0.030820 3.156289
2.950000 0.027695 3.161133
2.955000 0.024648 3.165977
2.960000 0.021680 3.170820
2.965000 0.018789 3.175664
2.970000 0.016211 3.180508
2.975000 0.014102 3.185352
2.980000 0.011211 3.190195
2.985000 0.006602 3.195039
