0.810000 0.109883
0.815000 0.155820
0.820000 0.191211
0.825000 0.221133
0.830000 0.247617
0.835000 0.271602
0.840000 0.293789
0.845000 0.314570
0.850000 0.334102
0.855000 0.352617
0.860000 0.370352
0.865000 0.387305
0.870000 0.403711
0.875000 0.419492
0.880000 0.434805
0.885000 0.449648
0.890000 0.464102
0.895000 0.478164
0.900000 0.491914
0.905000 0.505352
0.910000 0.518477
0.915000 0.531367
0.920000 0.544023
0.925000 0.556367
0.930000 0.568555
0.935000 0.580586
0.940000 0.592383
0.945000 0.603945
0.950000 0.615430
0.955000 0.626758
0.960000 0.637852
0.965000 0.648867
0.970000 0.659727
0.975000 0.670430
0.980000 0.681055
0.985000 0.691523
0.990000 0.701914
0.995000 0.712227
1.000000 0.722383
1.005000 0.732383
1.010000 0.742383
1.015000 0.752305
1.020000 0.762070
1.025000 0.771758
1.030000 0.781367
1.035000 0.790898
1.040000 0.800352
1.045000 0.809805
1.050000 0.819102
1.055000 0.828320
1.060000 0.837539
1.065000 0.846680
1.070000 0.855664
1.075000 0.864727
1.080000 0.873633
1.085000 0.882539
1.090000 0.891289
1.095000 0.900117
1.100000 0.908789
1.105000 0.917461
1.110000 0.926055
1.115000 0.934648
1.120000 0.943164
1.125000 0.951602
1.130000 0.960039
1.135000 0.968398
1.140000 0.976758
1.145000 0.985039
1.150000 0.993242
1.155000 1.001445
1.160000 1.009648
1.165000 1.017773
1.170000 1.025898
1.175000 1.033945
1.180000 1.041914
1.185000 1.049883
1.190000 1.057852
1.195000 1.065742
1.200000 1.073633
1.205000 1.081445
1.210000 1.089258
1.215000 1.097070
1.220000 1.104805
1.225000 1.112539
1.230000 1.120195
1.235000 1.127852
1.240000 1.135508
1.245000 1.143086
1.250000 1.150664
1.255000 1.158242
1.260000 1.165742
1.265000 1.173242
1.270000 1.180664
1.275000 1.188086
1.280000 1.195508
1.285000 1.202930
1.290000 1.210273
1.295000 1.217617
1.300000 1.224883
1.305000 1.232148
1.310000 1.239414
1.315000 1.246680
1.320000 1.253867
1.325000 1.261055
1.330000 1.268242
1.335000 1.275430
1.340000 1.282539
1.345000 1.289648
1.350000 1.296680
1.355000 1.303789
1.360000 1.310820
1.365000 1.317773
1.370000 1.324805
1.375000 1.331758
1.380000 1.338711
1.385000 1.345664
1.390000 1.352617
1.395000 1.359492
1.400000 1.366367
1.405000 1.373242
1.410000 1.380039
1.415000 1.386836
1.420000 1.393711
1.425000 1.400430
1.430000 1.407227
1.435000 1.413945
1.440000 1.420664
1.445000 1.427383
1.450000 1.434102
1.455000 1.440742
1.460000 1.447461
1.465000 1.454023
1.470000 1.460664
1.475000 1.467305
1.480000 1.473867
1.485000 1.480430
1.490000 1.486992
1.495000 1.493555
1.500000 1.500039
1.505000 1.506602
1.510000 1.513086
1.515000 1.519492
1.520000 1.525977
1.525000 1.532461
1.530000 1.538867
1.535000 1.545273
1.540000 1.551680
1.545000 1.558008
1.550000 1.564414
1.555000 1.570742
1.560000 1.577070
1.565000 1.583398
1.570000 1.589727
1.575000 1.595977
1.580000 1.602227
1.585000 1.608477
1.590000 1.614727
1.595000 1.620977
1.600000 1.627148
1.605000 1.633398
1.610000 1.639570
1.615000 1.645742
1.620000 1.651914
1.625000 1.658008
1.630000 1.664180
1.635000 1.670273
1.640000 1.676367
1.645000 1.682461
1.650000 1.688477
1.655000 1.694570
1.660000 1.700586
1.665000 1.706602
1.670000 1.712617
1.675000 1.718633
1.680000 1.724648
1.685000 1.730586
1.690000 1.736523
1.695000 1.742461
1.700000 1.748398
1.705000 1.754336
1.710000 1.760195
1.715000 1.766133
1.720000 1.771992
1.725000 1.777852
1.730000 1.783711
1.735000 1.789492
1.740000 1.795352
1.745000 1.801133
1.750000 1.806914
1.755000 1.812695
1.760000 1.818477
1.765000 1.824258
1.770000 1.829961
1.775000 1.835664
1.780000 1.841367
1.785000 1.847070
1.790000 1.852773
1.795000 1.858477
1.800000 1.864102
1.805000 1.869727
1.810000 1.875352
1.815000 1.880977
1.820000 1.886602
1.825000 1.892148
1.830000 1.897773
1.835000 1.903320
1.840000 1.908867
1.845000 1.914414
1.850000 1.919961
1.855000 1.925430
1.860000 1.930898
1.865000 1.936445
1.870000 1.941914
1.875000 1.947305
1.880000 1.952773
1.885000 1.958242
1.890000 1.963633
1.895000 1.969023
1.900000 1.974414
1.905000 1.979805
1.910000 1.985195
1.915000 1.990508
1.920000 1.995820
1.925000 2.001211
1.930000 2.006445
1.935000 2.011758
1.940000 2.017070
1.945000 2.022305
1.950000 2.027617
1.955000 2.032852
1.960000 2.038086
1.965000 2.043242
1.970000 2.048477
1.975000 2.053633
1.980000 2.058867
1.985000 2.064023
1.990000 2.069180
1.995000 2.074258
2.000000 2.079414
2.005000 2.084492
2.010000 2.089648
2.015000 2.094727
2.020000 2.099727
2.025000 2.104805
2.030000 2.109883
2.035000 2.114883
2.040000 2.119883
2.045000 2.124883
2.050000 2.129883
2.055000 2.134805
2.060000 2.139805
2.065000 2.144727
2.070000 2.149648
2.075000 2.154570
2.080000 2.159492
2.085000 2.164336
2.090000 2.169258
2.095000 2.174102
2.100000 2.178945
2.105000 2.183789
2.110000 2.188633
2.115000 2.193398
2.120000 2.198164
2.125000 2.202930
2.130000 2.207695
2.135000 2.212461
2.140000 2.217227
2.145000 2.221914
2.150000 2.226602
2.155000 2.231289
2.160000 2.235977
2.165000 2.240664
2.170000 2.245273
2.175000 2.249883
2.180000 2.254492
2.185000 2.259102
2.190000 2.263711
2.195000 2.268320
2.200000 2.272852
2.205000 2.277383
2.210000 2.281914
2.215000 2.286445
2.220000 2.290898
2.225000 2.295430
2.230000 2.299883
2.235000 2.304336
2.240000 2.308711
2.245000 2.313164
2.250000 2.317539
2.255000 2.321992
2.260000 2.326367
2.265000 2.330664
2.270000 2.335039
2.275000 2.339336
2.280000 2.343711
2.285000 2.348008
2.290000 2.352227
2.295000 2.356523
2.300000 2.360742
2.305000 2.365039
2.310000 2.369258
2.315000 2.373398
2.320000 2.377617
2.325000 2.381758
2.330000 2.385977
2.335000 2.390117
2.340000 2.394180
2.345000 2.398320
2.350000 2.402383
2.355000 2.406445
2.360000 2.410508
2.365000 2.414570
2.370000 2.418555
2.375000 2.422617
2.380000 2.426602
2.385000 2.430586
2.390000 2.434492
2.395000 2.438477
2.400000 2.442383
2.405000 2.446289
2.410000 2.450195
2.415000 2.454023
2.420000 2.457852
2.425000 2.461758
2.430000 2.465508
2.435000 2.469336
2.440000 2.473164
2.445000 2.476914
2.450000 2.480664
2.455000 2.484336
2.460000 2.488086
2.465000 2.491758
2.470000 2.495430
2.475000 2.499102
2.480000 2.502773
2.485000 2.506367
2.490000 2.509961
2.495000 2.513555
2.500000 2.517148
2.505000 2.520664
2.510000 2.524180
2.515000 2.527695
2.520000 2.531211
2.525000 2.534648
2.530000 2.538086
2.535000 2.541523
2.540000 2.544961
2.545000 2.548398
2.550000 2.551758
2.555000 2.555117
2.560000 2.558398
2.565000 2.561758
2.570000 2.565039
2.575000 2.568320
2.580000 2.571602
2.585000 2.574805
2.590000 2.578008
2.595000 2.581211
2.600000 2.584414
2.605000 2.587539
2.610000 2.590664
2.615000 2.593789
2.620000 2.596914
2.625000 2.599961
2.630000 2.603008
2.635000 2.606055
2.640000 2.609102
2.645000 2.612070
2.650000 2.615039
2.655000 2.617930
2.660000 2.620898
2.665000 2.623789
2.670000 2.626680
2.675000 2.629492
2.680000 2.632383
2.685000 2.635195
2.690000 2.637930
2.695000 2.640742
2.700000 2.643477
2.705000 2.646211
2.710000 2.648867
2.715000 2.651602
2.720000 2.654180
2.725000 2.656836
2.730000 2.659414
2.735000 2.662070
2.740000 2.664570
2.745000 2.667148
2.750000 2.669648
2.755000 2.672148
2.760000 2.674570
2.765000 2.676992
2.770000 2.679414
2.775000 2.681836
2.780000 2.684180
2.785000 2.686523
2.790000 2.688789
2.795000 2.691133
2.800000 2.693398
2.805000 2.695586
2.810000 2.697852
2.815000 2.699961
2.820000 2.702148
2.825000 2.704258
2.830000 2.706367
2.835000 2.708477
2.840000 2.710508
2.845000 2.712539
2.850000 2.714570
2.855000 2.716523
2.860000 2.718477
2.865000 2.720352
2.870000 2.722227
2.875000 2.724102
2.880000 2.725898
2.885000 2.727695
2.890000 2.729492
2.895000 2.731211
2.900000 2.732930
2.905000 2.734648
2.910000 2.736289
2.915000 2.737930
2.920000 2.739492
2.925000 2.741055
2.930000 2.742617
2.935000 2.744102
2.940000 2.745586
2.945000 2.746992
2.950000 2.748398
2.955000 2.749805
2.960000 2.751133
2.965000 2.752461
2.970000 2.753711
2.975000 2.754961
2.980000 2.756211
2.985000 2.757383
2.990000 2.758555
2.995000 2.759648
3.000000 2.760742
3.005000 2.761758
3.010000 2.762773
3.015000 2.763789
3.020000 2.764727
3.025000 2.765664
3.030000 2.766523
3.035000 2.767383
3.040000 2.768164
3.045000 2.768945
3.050000 2.769648
3.055000 2.770352
3.060000 2.770977
3.065000 2.771602
3.070000 2.772227
3.075000 2.772695
3.080000 2.773242
3.085000 2.773711
3.090000 2.774102
3.095000 2.774492
3.100000 2.774883
3.105000 2.775195
3.110000 2.775430
3.115000 2.775664
3.120000 2.775820
3.125000 2.775977
3.130000 2.776055
3.135000 2.776133
3.140000 2.776133
3.145000 2.776133
3.150000 2.776055
3.155000 2.775898
3.160000 2.775742
3.165000 2.775508
3.170000 2.775273
3.175000 2.774961
3.180000 2.774648
3.185000 2.774258
3.190000 2.773789
3.195000 2.773320
3.200000 2.772773
3.205000 2.772227
3.210000 2.771602
3.215000 2.770898
3.220000 2.770117
3.225000 2.769336
3.230000 2.768555
3.235000 2.767617
3.240000 2.766680
3.245000 2.765742
3.250000 2.764648
3.255000 2.763555
3.260000 2.762383
3.265000 2.761211
3.270000 2.759961
3.275000 2.758633
3.280000 2.757227
3.285000 2.755820
3.290000 2.754258
3.295000 2.752695
3.300000 2.751133
3.305000 2.749414
3.310000 2.747695
3.315000 2.745898
3.320000 2.744023
3.325000 2.742070
3.330000 2.740117
3.335000 2.738008
3.340000 2.735898
3.345000 2.733711
3.350000 2.731445
3.355000 2.729102
3.360000 2.726758
3.365000 2.724258
3.370000 2.721680
3.375000 2.719102
3.380000 2.716367
3.385000 2.713633
3.390000 2.710820
3.395000 2.707852
3.400000 2.704883
3.405000 2.701758
3.410000 2.698633
3.415000 2.695430
3.420000 2.692070
3.425000 2.688633
3.430000 2.685195
3.435000 2.681602
3.440000 2.677930
3.445000 2.674180
3.450000 2.670273
3.455000 2.666367
3.460000 2.662305
3.465000 2.658164
3.470000 2.653945
3.475000 2.649648
3.480000 2.645195
3.485000 2.640664
3.490000 2.635977
3.495000 2.631211
3.500000 2.626367
3.505000 2.621445
3.510000 2.616289
3.515000 2.611133
3.520000 2.605820
3.525000 2.600352
3.530000 2.594805
3.535000 2.589102
3.540000 2.583320
3.545000 2.577383
3.550000 2.571289
3.555000 2.565039
3.560000 2.558711
3.565000 2.552227
3.570000 2.545586
3.575000 2.538789
3.580000 2.531836
3.585000 2.524727
3.590000 2.517461
3.595000 2.510039
3.600000 2.502383
3.605000 2.494648
3.610000 2.486680
3.615000 2.478555
3.620000 2.470195
3.625000 2.461680
3.630000 2.452930
3.635000 2.444023
3.640000 2.434883
3.645000 2.425508
3.650000 2.415898
3.655000 2.406055
3.660000 2.395977
3.665000 2.385664
3.670000 2.375117
3.675000 2.364258
3.680000 2.353086
3.685000 2.341680
3.690000 2.329961
3.695000 2.317852
3.700000 2.305508
3.705000 2.292773
3.710000 2.279648
3.715000 2.266133
3.720000 2.252305
3.725000 2.238008
3.730000 2.223242
3.735000 2.208008
3.740000 2.192227
3.745000 2.175977
3.750000 2.159102
3.755000 2.141680
3.760000 2.123477
3.765000 2.104648
3.770000 2.084961
3.775000 2.064492
3.780000 2.043008
3.785000 2.020430
3.790000 1.996602
3.795000 1.971367
3.800000 1.944414
3.805000 1.915273
3.810000 1.883398
3.815000 1.847383
3.820000 1.800977
3.825000 1.753164
3.830000 1.713789
3.835000 1.677227
3.840000 1.642227
3.845000 1.608242
3.850000 1.575039
3.855000 1.542227
3.860000 1.509805
3.865000 1.477539
3.870000 1.445430
3.875000 1.413320
3.880000 1.381133
3.885000 1.348867
3.890000 1.316289
3.895000 1.283555
3.900000 1.250430
3.905000 1.216914
3.910000 1.182930
3.915000 1.148398
3.920000 1.113164
3.925000 1.077305
3.930000 1.040586
3.935000 1.003008
3.940000 0.964258
3.945000 0.924414
3.950000 0.883086
3.955000 0.840117
3.960000 0.795273
3.965000 0.748086
3.970000 0.698164
3.975000 0.644805
3.980000 0.587148
3.985000 0.523555
3.990000 0.451602
3.995000 0.366523
4.000000 0.255195
