3.2370000000 0.5470232811 2.7383312340 4.0697917900
3.2380000000 0.5469613533 2.7394146919 4.0710230827
3.2390000000 0.5468995018 2.7404975395 4.0722544136
3.2400000000 0.5468377342 2.7415798454 4.0734857903
3.2410000000 0.5467760353 2.7426616631 4.0747172127
3.2420000000 0.5467144203 2.7437430458 4.0759486809
3.2430000000 0.5466528816 2.7448240318 4.0771801872
3.2440000000 0.5465914192 2.7459046364 4.0784117393
3.2450000000 0.5465300407 2.7469849052 4.0796433372
3.2460000000 0.5464687386 2.7480648537 4.0808749733
3.2470000000 0.5464075203 2.7491445045 4.0821066551
3.2480000000 0.5463463707 2.7502238655 4.0833383827
3.2490000000 0.5462853127 2.7513029671 4.0845701485
3.2500000000 0.5462243233 2.7523818245 4.0858019600
3.2510000000 0.5461634254 2.7534604378 4.0870338173
3.2520000000 0.5461025963 2.7545388222 4.0882657204
3.2530000000 0.5460418510 2.7556170006 4.0894976616
3.2540000000 0.5459811897 2.7566949654 4.0907296486
3.2550000000 0.5459206123 2.7577727394 4.0919616814
3.2560000000 0.5458601036 2.7588503227 4.0931937523
3.2570000000 0.5457996864 2.7599277306 4.0944258690
3.2580000000 0.5457393456 2.7610049629 4.0956580315
3.2590000000 0.5456790886 2.7620820274 4.0968902397
3.2600000000 0.5456189079 2.7631589394 4.0981224861
3.2610000000 0.5455588188 2.7642356911 4.0993547783
3.2620000000 0.5454988060 2.7653122978 4.1005871086
3.2630000000 0.5454388695 2.7663887596 4.1018194923
3.2640000000 0.5453790245 2.7674650917 4.1030519142
3.2650000000 0.5453192558 2.7685412788 4.1042843742
3.2660000000 0.5452595787 2.7696173439 4.1055168877
3.2670000000 0.5451999779 2.7706932869 4.1067494392
3.2680000000 0.5451404610 2.7717691078 4.1079820366
3.2690000000 0.5450810204 2.7728448067 4.1092146721
3.2700000000 0.5450216713 2.7739203987 4.1104473534
3.2710000000 0.5449624062 2.7749958763 4.1116800804
3.2720000000 0.5449032249 2.7760712471 4.1129128532
3.2730000000 0.5448441277 2.7771465187 4.1141456642
3.2740000000 0.5447851067 2.7782216835 4.1153785210
3.2750000000 0.5447261772 2.7792967567 4.1166114159
3.2760000000 0.5446673317 2.7803717308 4.1178443642
3.2770000000 0.5446085701 2.7814466133 4.1190773506
3.2780000000 0.5445499001 2.7825214119 4.1203103752
3.2790000000 0.5444913063 2.7835961189 4.1215434532
3.2800000000 0.5444328041 2.7846707344 4.1227765694
3.2810000000 0.5443743782 2.7857452736 4.1240097313
3.2820000000 0.5443160439 2.7868197289 4.1252429314
3.2830000000 0.5442578011 2.7878941078 4.1264761772
3.2840000000 0.5441996346 2.7889684105 4.1277094688
3.2850000000 0.5441415596 2.7900426369 4.1289427986
3.2860000000 0.5440835686 2.7911167946 4.1301761742
3.2870000000 0.5440256691 2.7921908760 4.1314095955
3.2880000000 0.5439678535 2.7932648888 4.1326430626
3.2890000000 0.5439101219 2.7943388329 4.1338765678
3.2900000000 0.5438524818 2.7954127159 4.1351101189
3.2910000000 0.5437949257 2.7964865303 4.1363437080
3.2920000000 0.5437374611 2.7975602837 4.1375773506
3.2930000000 0.5436800804 2.7986339760 4.1388110313
3.2940000000 0.5436227913 2.7997076073 4.1400447502
3.2950000000 0.5435655861 2.8007811775 4.1412785225
3.2960000000 0.5435084724 2.8018546944 4.1425123253
3.2970000000 0.5434514503 2.8029281502 4.1437461815
3.2980000000 0.5433945122 2.8040015602 4.1449800758
3.2990000000 0.5433376656 2.8050749092 4.1462140160
3.3000000000 0.5432809105 2.8061482048 4.1474480019
3.3010000000 0.5432242393 2.8072214546 4.1486820259
3.3020000000 0.5431676598 2.8082946510 4.1499160957
3.3030000000 0.5431111717 2.8093678017 4.1511502113
3.3040000000 0.5430547676 2.8104408989 4.1523843651
3.3050000000 0.5429984627 2.8115139580 4.1536185646
3.3060000000 0.5429422417 2.8125869637 4.1548528099
3.3070000000 0.5428861122 2.8136599236 4.1560871010
3.3080000000 0.5428300743 2.8147328453 4.1573214302
3.3090000000 0.5427741280 2.8158057213 4.1585557976
3.3100000000 0.5427182732 2.8168785591 4.1597902184
3.3110000000 0.5426625023 2.8179513512 4.1610246773
3.3120000000 0.5426068306 2.8190241051 4.1622591743
3.3130000000 0.5425512505 2.8200968208 4.1634937248
3.3140000000 0.5424957619 2.8211694984 4.1647283134
3.3150000000 0.5424403648 2.8222421379 4.1659629478
3.3160000000 0.5423850594 2.8233147392 4.1671976204
3.3170000000 0.5423298454 2.8243873024 4.1684323387
3.3180000000 0.5422747231 2.8254598351 4.1696671028
3.3190000000 0.5422196999 2.8265323296 4.1709019051
3.3200000000 0.5421647606 2.8276047935 4.1721367531
3.3210000000 0.5421099205 2.8286772270 4.1733716469
3.3220000000 0.5420551720 2.8297496223 4.1746065788
3.3230000000 0.5420005226 2.8308219872 4.1758415565
3.3240000000 0.5419459572 2.8318943214 4.1770765800
3.3250000000 0.5418914909 2.8329666252 4.1783116417
3.3260000000 0.5418371239 2.8340388985 4.1795467491
3.3270000000 0.5417828407 2.8351111488 4.1807819023
3.3280000000 0.5417286644 2.8361833611 4.1820170937
3.3290000000 0.5416745720 2.8372555580 4.1832523308
3.3300000000 0.5416205788 2.8383277168 4.1844876137
3.3310000000 0.5415666847 2.8393998528 4.1857229347
3.3320000000 0.5415128822 2.8404719582 4.1869583015
3.3330000000 0.5414591713 2.8415440483 4.1881937141
3.3340000000 0.5414055595 2.8426161079 4.1894291649
3.3350000000 0.5413520470 2.8436881371 4.1906646614
3.3360000000 0.5412986259 2.8447601509 4.1919002037
3.3370000000 0.5412453041 2.8458321419 4.1931357841
3.3380000000 0.5411920815 2.8469041023 4.1943714104
3.3390000000 0.5411389503 2.8479760475 4.1956070824
3.3400000000 0.5410859184 2.8490479622 4.1968427925
3.3410000000 0.5410329781 2.8501198616 4.1980785484
3.3420000000 0.5409801445 2.8511917458 4.1993143425
3.3430000000 0.5409274025 2.8522635994 4.2005501900
3.3440000000 0.5408747597 2.8533354378 4.2017860680
3.3450000000 0.5408222160 2.8544072533 4.2030219994
3.3460000000 0.5407697716 2.8554790535 4.2042579689
3.3470000000 0.5407174187 2.8565508308 4.2054939842
3.3480000000 0.5406651726 2.8576225929 4.2067300377
3.3490000000 0.5406130180 2.8586943398 4.2079661446
3.3500000000 0.5405609703 2.8597660637 4.2092022820
3.3510000000 0.5405090141 2.8608377724 4.2104384727
3.3520000000 0.5404571648 2.8619094658 4.2116747017
3.3530000000 0.5404054070 2.8629811440 4.2129109764
3.3540000000 0.5403537560 2.8640528069 4.2141472893
3.3550000000 0.5403022041 2.8651244469 4.2153836479
3.3560000000 0.5402507439 2.8661960793 4.2166200523
3.3570000000 0.5401993904 2.8672676964 4.2178564949
3.3580000000 0.5401481438 2.8683392982 4.2190929832
3.3590000000 0.5400969887 2.8694108849 4.2203295174
3.3600000000 0.5400459328 2.8704824562 4.2215660896
3.3610000000 0.5399949837 2.8715540123 4.2228027077
3.3620000000 0.5399441338 2.8726255608 4.2240393639
3.3630000000 0.5398933907 2.8736970940 4.2252760658
3.3640000000 0.5398427467 2.8747686119 4.2265128136
3.3650000000 0.5397922020 2.8758401222 4.2277496071
3.3660000000 0.5397417564 2.8769116173 4.2289864388
3.3670000000 0.5396914177 2.8779831047 4.2302233162
3.3680000000 0.5396411858 2.8790545845 4.2314602318
3.3690000000 0.5395910454 2.8801260414 4.2326971931
3.3700000000 0.5395410194 2.8811974983 4.2339342003
3.3710000000 0.5394910851 2.8822689400 4.2351712456
3.3720000000 0.5394412651 2.8833403740 4.2364083366
3.3730000000 0.5393915443 2.8844118004 4.2376454735
3.3740000000 0.5393419228 2.8854832115 4.2388826485
3.3750000000 0.5392924156 2.8865546150 4.2401198692
3.3760000000 0.5392430000 2.8876260109 4.2413571358
3.3770000000 0.5391936989 2.8886973991 4.2425944405
3.3780000000 0.5391444969 2.8897687798 4.2438317909
3.3790000000 0.5390954018 2.8908401451 4.2450691795
3.3800000000 0.5390464134 2.8919115105 4.2463066139
3.3810000000 0.5389975243 2.8929828682 4.2475440941
3.3820000000 0.5389487419 2.8940542107 4.2487816200
3.3830000000 0.5389000740 2.8951255531 4.2500191841
3.3840000000 0.5388515053 2.8961968880 4.2512567863
3.3850000000 0.5388030357 2.8972682152 4.2524944420
3.3860000000 0.5387546806 2.8983395348 4.2537321358
3.3870000000 0.5387064323 2.8994108467 4.2549698677
3.3880000000 0.5386582909 2.9004821587 4.2562076530
3.3890000000 0.5386102486 2.9015534630 4.2574454689
3.3900000000 0.5385623207 2.9026247597 4.2586833382
3.3910000000 0.5385144997 2.9036960487 4.2599212456
3.3920000000 0.5384667854 2.9047673378 4.2611591988
3.3930000000 0.5384191780 2.9058386192 4.2623971901
3.3940000000 0.5383716774 2.9069099007 4.2636352272
3.3950000000 0.5383242836 2.9079811668 4.2648733101
3.3960000000 0.5382769966 2.9090524406 4.2661114311
3.3970000000 0.5382298241 2.9101237068 4.2673495979
3.3980000000 0.5381827583 2.9111949654 4.2685878105
3.3990000000 0.5381357994 2.9122662239 4.2698260612
3.4000000000 0.5380889473 2.9133374748 4.2710643578
3.4010000000 0.5380422096 2.9144087257 4.2723027000
3.4020000000 0.5379955788 2.9154799767 4.2735410805
3.4030000000 0.5379490623 2.9165512199 4.2747795067
3.4040000000 0.5379026451 2.9176224632 4.2760179710
3.4050000000 0.5378563499 2.9186936989 4.2772564812
3.4060000000 0.5378101540 2.9197649345 4.2784950371
3.4070000000 0.5377640800 2.9208361702 4.2797336311
3.4080000000 0.5377181053 2.9219074059 4.2809722710
3.4090000000 0.5376722450 2.9229786339 4.2822109489
3.4100000000 0.5376264992 2.9240498695 4.2834496803
3.4110000000 0.5375808678 2.9251210976 4.2846884422
3.4120000000 0.5375353432 2.9261923180 4.2859272575
3.4130000000 0.5374899254 2.9272635460 4.2871661110
3.4140000000 0.5374446220 2.9283347740 4.2884050102
3.4150000000 0.5373994331 2.9294059944 4.2896439476
3.4160000000 0.5373543587 2.9304772148 4.2908829308
3.4170000000 0.5373093987 2.9315484428 4.2921219597
3.4180000000 0.5372645454 2.9326196632 4.2933610268
3.4190000000 0.5372198067 2.9336908836 4.2946001396
3.4200000000 0.5371751823 2.9347621040 4.2958392906
3.4210000000 0.5371306648 2.9358333321 4.2970784874
3.4220000000 0.5370862694 2.9369045525 4.2983177299
3.4230000000 0.5370419807 2.9379757729 4.2995570183
3.4240000000 0.5369978142 2.9390470009 4.3007963448
3.4250000000 0.5369537544 2.9401182213 4.3020357094
3.4260000000 0.5369098091 2.9411894493 4.3032751198
3.4270000000 0.5368659859 2.9422606697 4.3045145760
3.4280000000 0.5368222694 2.9433318977 4.3057540779
3.4290000000 0.5367786751 2.9444031258 4.3069936180
3.4300000000 0.5367351875 2.9454743614 4.3082332039
3.4310000000 0.5366918221 2.9465455894 4.3094728279
3.4320000000 0.5366485710 2.9476168251 4.3107124977
3.4330000000 0.5366054344 2.9486880531 4.3119522133
3.4340000000 0.5365624123 2.9497592888 4.3131919670
3.4350000000 0.5365195122 2.9508305321 4.3144317665
3.4360000000 0.5364767265 2.9519017677 4.3156716118
3.4370000000 0.5364340553 2.9529730110 4.3169114952
3.4380000000 0.5363914986 2.9540442619 4.3181514168
3.4390000000 0.5363490639 2.9551155052 4.3193913918
3.4400000000 0.5363067436 2.9561867561 4.3206314049
3.4410000000 0.5362645454 2.9572580070 4.3218714638
3.4420000000 0.5362224541 2.9583292656 4.3231115608
3.4430000000 0.5361804924 2.9594005241 4.3243517036
3.4440000000 0.5361386452 2.9604717903 4.3255918846
3.4450000000 0.5360969124 2.9615430565 4.3268321114
3.4460000000 0.5360553017 2.9626143227 4.3280723839
3.4470000000 0.5360138054 2.9636855965 4.3293127022
3.4480000000 0.5359724388 2.9647568703 4.3305530586
3.4490000000 0.5359311790 2.9658281517 4.3317934532
3.4500000000 0.5358900490 2.9668994331 4.3330339012
3.4510000000 0.5358490334 2.9679707222 4.3342743797
3.4520000000 0.5358081322 2.9690420113 4.3355149117
3.4530000000 0.5357673607 2.9701133080 4.3367554817
3.4540000000 0.5357267036 2.9711846046 4.3379960976
3.4550000000 0.5356861687 2.9722559090 4.3392367516
3.4560000000 0.5356457558 2.9733272133 4.3404774513
3.4570000000 0.5356054573 2.9743985252 4.3417181969
3.4580000000 0.5355652885 2.9754698448 4.3429589806
3.4590000000 0.5355252342 2.9765411644 4.3441998100
3.4600000000 0.5354853096 2.9776124916 4.3454406776
3.4610000000 0.5354454994 2.9786838264 4.3466815987
3.4620000000 0.5354058113 2.9797551613 4.3479225502
3.4630000000 0.5353662529 2.9808265038 4.3491635551
3.4640000000 0.5353268089 2.9818978462 4.3504045982
3.4650000000 0.5352874870 2.9829692039 4.3516456795
3.4660000000 0.5352482948 2.9840405617 4.3528868065
3.4670000000 0.5352092171 2.9851119194 4.3541279793
3.4680000000 0.5351702690 2.9861832924 4.3553691978
3.4690000000 0.5351314430 2.9872546654 4.3566104546
3.4700000000 0.5350927391 2.9883260460 4.3578517494
3.4710000000 0.5350541573 2.9893974266 4.3590930977
3.4720000000 0.5350157051 2.9904688225 4.3603344841
3.4730000000 0.5349773750 2.9915402184 4.3615759087
3.4740000000 0.5349391670 2.9926116219 4.3628173790
3.4750000000 0.5349010811 2.9936830330 4.3640588951
3.4760000000 0.5348631248 2.9947544441 4.3653004570
3.4770000000 0.5348252983 2.9958258705 4.3665420570
3.4780000000 0.5347875862 2.9968972969 4.3677836952
3.4790000000 0.5347500038 2.9979687309 4.3690253868
3.4800000000 0.5347125511 2.9990401726 4.3702671089
3.4810000000 0.5346752205 3.0001116219 4.3715088844
3.4820000000 0.5346380196 3.0011830788 4.3727506981
3.4830000000 0.5346009407 3.0022545357 4.3739925575
3.4840000000 0.5345639915 3.0033260078 4.3752344551
3.4850000000 0.5345271645 3.0043974800 4.3764763985
3.4860000000 0.5344904671 3.0054689674 4.3777183876
3.4870000000 0.5344538994 3.0065404549 4.3789604149
3.4880000000 0.5344174614 3.0076119499 4.3802024879
3.4890000000 0.5343811455 3.0086834526 4.3814445992
3.4900000000 0.5343449593 3.0097549706 4.3826867561
3.4910000000 0.5343089027 3.0108264885 4.3839289589
3.4920000000 0.5342729683 3.0118980141 4.3851711998
3.4930000000 0.5342371712 3.0129695473 4.3864134865
3.4940000000 0.5342014961 3.0140410881 4.3876558189
3.4950000000 0.5341659508 3.0151126366 4.3888981895
3.4960000000 0.5341305351 3.0161841927 4.3901406059
3.4970000000 0.5340952492 3.0172557564 4.3913830605
3.4980000000 0.5340600929 3.0183273354 4.3926255608
3.4990000000 0.5340250664 3.0193989143 4.3938681068
3.5000000000 0.5339901695 3.0204705009 4.3951106911
3.5010000000 0.5339554100 3.0215420952 4.3963533211
3.5020000000 0.5339207726 3.0226137047 4.3975959969
3.5030000000 0.5338862648 3.0236853142 4.3988387108
3.5040000000 0.5338518944 3.0247569389 4.4000814629
3.5050000000 0.5338176537 3.0258285713 4.4013242683
3.5060000000 0.5337835350 3.0269002113 4.4025671120
3.5070000000 0.5337495613 3.0279718513 4.4038099937
3.5080000000 0.5337157097 3.0290435143 4.4050529289
3.5090000000 0.5336819954 3.0301151772 4.4062958946
3.5100000000 0.5336484108 3.0311868477 4.4075389137
3.5110000000 0.5336149559 3.0322585258 4.4087819710
3.5120000000 0.5335816383 3.0333302193 4.4100250740
3.5130000000 0.5335484505 3.0344019203 4.4112682152
3.5140000000 0.5335153999 3.0354736290 4.4125114021
3.5150000000 0.5334824791 3.0365453453 4.4137546272
3.5160000000 0.5334496956 3.0376170692 4.4149978981
3.5170000000 0.5334170418 3.0386888084 4.4162412148
3.5180000000 0.5333845253 3.0397605553 4.4174845695
3.5190000000 0.5333521385 3.0408323097 4.4187279701
3.5200000000 0.5333198891 3.0419040718 4.4199714165
3.5210000000 0.5332877693 3.0429758415 4.4212149010
3.5220000000 0.5332557869 3.0440476265 4.4224584312
3.5230000000 0.5332239418 3.0451194191 4.4237020073
3.5240000000 0.5331922340 3.0461912193 4.4249456215
3.5250000000 0.5331606560 3.0472630272 4.4261892738
3.5260000000 0.5331292152 3.0483348503 4.4274329796
3.5270000000 0.5330979118 3.0494066811 4.4286767235
3.5280000000 0.5330667458 3.0504785194 4.4299205055
3.5290000000 0.5330357170 3.0515503654 4.4311643333
3.5300000000 0.5330048180 3.0526222267 4.4324082069
3.5310000000 0.5329740562 3.0536940956 4.4336521263
3.5320000000 0.5329434395 3.0547659798 4.4348960838
3.5330000000 0.5329129524 3.0558378639 4.4361400795
3.5340000000 0.5328826103 3.0569097633 4.4373841209
3.5350000000 0.5328523979 3.0579816780 4.4386282082
3.5360000000 0.5328223228 3.0590535927 4.4398723412
3.5370000000 0.5327923927 3.0601255226 4.4411165123
3.5380000000 0.5327625999 3.0611974678 4.4423607292
3.5390000000 0.5327329445 3.0622694130 4.4436049843
3.5400000000 0.5327034264 3.0633413811 4.4448492851
3.5410000000 0.5326740456 3.0644133492 4.4460936241
3.5420000000 0.5326448021 3.0654853325 4.4473380165
3.5430000000 0.5326157036 3.0665573235 4.4485824394
3.5440000000 0.5325867424 3.0676293297 4.4498269157
3.5450000000 0.5325579185 3.0687013435 4.4510714302
3.5460000000 0.5325292397 3.0697733650 4.4523159904
3.5470000000 0.5325006981 3.0708454018 4.4535605888
3.5480000000 0.5324723015 3.0719174461 4.4548052330
3.5490000000 0.5324440346 3.0729895058 4.4560499153
3.5500000000 0.5324159203 3.0740615730 4.4572946434
3.5510000000 0.5323879433 3.0751336479 4.4585394173
3.5520000000 0.5323601036 3.0762057381 4.4597842293
3.5530000000 0.5323324089 3.0772778435 4.4610290871
3.5540000000 0.5323048592 3.0783499565 4.4622739906
3.5550000000 0.5322774467 3.0794220772 4.4635189323
3.5560000000 0.5322501793 3.0804942131 4.4647639198
3.5570000000 0.5322230492 3.0815663567 4.4660089531
3.5580000000 0.5321960640 3.0826385155 4.4672540245
3.5590000000 0.5321692238 3.0837106819 4.4684991341
3.5600000000 0.5321425285 3.0847828636 4.4697442970
3.5610000000 0.5321159706 3.0858550529 4.4709894981
3.5620000000 0.5320895576 3.0869272499 4.4722347374
3.5630000000 0.5320632896 3.0879994698 4.4734800224
3.5640000000 0.5320371666 3.0890716896 4.4747253532
3.5650000000 0.5320111885 3.0901439323 4.4759707298
3.5660000000 0.5319853554 3.0912161751 4.4772161446
3.5670000000 0.5319596672 3.0922884407 4.4784615974
3.5680000000 0.5319341240 3.0933607063 4.4797070961
3.5690000000 0.5319087181 3.0944329948 4.4809526405
3.5700000000 0.5318834648 3.0955052910 4.4821982307
3.5710000000 0.5318583565 3.0965775948 4.4834438591
3.5720000000 0.5318333931 3.0976499138 4.4846895332
3.5730000000 0.5318085747 3.0987222481 4.4859352455
3.5740000000 0.5317839012 3.0997945900 4.4871810036
3.5750000000 0.5317593803 3.1008669472 4.4884268074
3.5760000000 0.5317349968 3.1019393120 4.4896726494
3.5770000000 0.5317107658 3.1030116920 4.4909185371
3.5780000000 0.5316866798 3.1040840797 4.4921644630
3.5790000000 0.5316627464 3.1051564827 4.4934104347
3.5800000000 0.5316389580 3.1062289009 4.4946564522
3.5810000000 0.5316153145 3.1073013268 4.4959025078
3.5820000000 0.5315918236 3.1083737679 4.4971486092
3.5830000000 0.5315684776 3.1094462242 4.4983947563
3.5840000000 0.5315452766 3.1105186882 4.4996409416
3.5850000000 0.5315222282 3.1115911674 4.5008871727
3.5860000000 0.5314993324 3.1126636543 4.5021334419
3.5870000000 0.5314765816 3.1137361565 4.5033797569
3.5880000000 0.5314539757 3.1148086739 4.5046261177
3.5890000000 0.5314315224 3.1158811989 4.5058725166
3.5900000000 0.5314092216 3.1169537392 4.5071189613
3.5910000000 0.5313870735 3.1180262947 4.5083654518
3.5920000000 0.5313650703 3.1190988579 4.5096119804
3.5930000000 0.5313432198 3.1201714363 4.5108585548
3.5940000000 0.5313215141 3.1212440300 4.5121051674
3.5950000000 0.5312999687 3.1223166313 4.5133518257
3.5960000000 0.5312785683 3.1233892479 4.5145985298
3.5970000000 0.5312573204 3.1244618797 4.5158452721
3.5980000000 0.5312362251 3.1255345268 4.5170920601
3.5990000000 0.5312152824 3.1266071815 4.5183388939
3.6000000000 0.5311944847 3.1276798515 4.5195857658
3.6010000000 0.5311738472 3.1287525291 4.5208326836
3.6020000000 0.5311533546 3.1298252220 4.5220796394
3.6030000000 0.5311330223 3.1308979301 4.5233266411
3.6040000000 0.5311128426 3.1319706535 4.5245736885
3.6050000000 0.5310928154 3.1330433922 4.5258207741
3.6060000000 0.5310729332 3.1341161385 4.5270679054
3.6070000000 0.5310532112 3.1351889000 4.5283150749
3.6080000000 0.5310336494 3.1362616692 4.5295622902
3.6090000000 0.5310142326 3.1373344612 4.5308095512
3.6100000000 0.5309949684 3.1384072609 4.5320568581
3.6110000000 0.5309758644 3.1394800758 4.5333042030
3.6120000000 0.5309569130 3.1405529060 4.5345515862
3.6130000000 0.5309381218 3.1416257439 4.5357990227
3.6140000000 0.5309194756 3.1426985970 4.5370464897
3.6150000000 0.5309009895 3.1437714653 4.5382940102
3.6160000000 0.5308826637 3.1448443489 4.5395415688
3.6170000000 0.5308644905 3.1459172478 4.5407891731
3.6180000000 0.5308464699 3.1469901543 4.5420368156
3.6190000000 0.5308286095 3.1480630760 4.5432845039
3.6200000000 0.5308109016 3.1491360130 4.5445322380
3.6210000000 0.5307933540 3.1502089653 4.5457800102
3.6220000000 0.5307759590 3.1512819328 4.5470278282
3.6230000000 0.5307587242 3.1523549080 4.5482756920
3.6240000000 0.5307416496 3.1534279060 4.5495235939
3.6250000000 0.5307247276 3.1545009117 4.5507715416
3.6260000000 0.5307079659 3.1555739326 4.5520195274
3.6270000000 0.5306913643 3.1566469612 4.5532675591
3.6280000000 0.5306749153 3.1577200127 4.5545156364
3.6290000000 0.5306586266 3.1587930717 4.5557637520
3.6300000000 0.5306424980 3.1598661537 4.5570119133
3.6310000000 0.5306265297 3.1609392433 4.5582601204
3.6320000000 0.5306107216 3.1620123482 4.5595083656
3.6330000000 0.5305950737 3.1630854683 4.5607566566
3.6340000000 0.5305795784 3.1641586037 4.5620049858
3.6350000000 0.5305642509 3.1652317467 4.5632533607
3.6360000000 0.5305490761 3.1663049126 4.5645017815
3.6370000000 0.5305340691 3.1673780861 4.5657502403
3.6380000000 0.5305192146 3.1684512749 4.5669987450
3.6390000000 0.5305045280 3.1695244789 4.5682472954
3.6400000000 0.5304900017 3.1705977058 4.5694958839
3.6410000000 0.5304756279 3.1716709404 4.5707445183
3.6420000000 0.5304614220 3.1727441826 4.5719931908
3.6430000000 0.5304473839 3.1738174477 4.5732419167
3.6440000000 0.5304334984 3.1748907280 4.5744906731
3.6450000000 0.5304197807 3.1759640160 4.5757394829
3.6460000000 0.5304062233 3.1770373268 4.5769883308
3.6470000000 0.5303928261 3.1781106529 4.5782372169
3.6480000000 0.5303795967 3.1791839867 4.5794861565
3.6490000000 0.5303665276 3.1802573357 4.5807351341
3.6500000000 0.5303536186 3.1813307075 4.5819841499
3.6510000000 0.5303408775 3.1824040871 4.5832332115
3.6520000000 0.5303282967 3.1834774818 4.5844823189
3.6530000000 0.5303158836 3.1845508919 4.5857314720
3.6540000000 0.5303036308 3.1856243172 4.5869806633
3.6550000000 0.5302915459 3.1866977577 4.5882298927
3.6560000000 0.5302796211 3.1877712135 4.5894791756
3.6570000000 0.5302678642 3.1888446846 4.5907284966
3.6580000000 0.5302562752 3.1899181709 4.5919778633
3.6590000000 0.5302448463 3.1909916725 4.5932272682
3.6600000000 0.5302335854 3.1920651894 4.5944767189
3.6610000000 0.5302224922 3.1931387215 4.5957262077
3.6620000000 0.5302115593 3.1942122688 4.5969757423
3.6630000000 0.5302008018 3.1952858315 4.5982253227
3.6640000000 0.5301902046 3.1963594093 4.5994749489
3.6650000000 0.5301797752 3.1974330025 4.6007246132
3.6660000000 0.5301695137 3.1985066109 4.6019743233
3.6670000000 0.5301594124 3.1995802345 4.6032240715
3.6680000000 0.5301494865 3.2006538734 4.6044738655
3.6690000000 0.5301397285 3.2017275276 4.6057237053
3.6700000000 0.5301301308 3.2028011971 4.6069735832
3.6710000000 0.5301207085 3.2038748817 4.6082235069
3.6720000000 0.5301114540 3.2049485817 4.6094734688
3.6730000000 0.5301023598 3.2060222969 4.6107234840
3.6740000000 0.5300934410 3.2070960274 4.6119735374
3.6750000000 0.5300846901 3.2081697731 4.6132236290
3.6760000000 0.5300761147 3.2092435417 4.6144737663
3.6770000000 0.5300676994 3.2103173180 4.6157239494
3.6780000000 0.5300594597 3.2113911171 4.6169741707
3.6790000000 0.5300513878 3.2124649239 4.6182244377
3.6800000000 0.5300434837 3.2135387535 4.6194747505
3.6810000000 0.5300357552 3.2146125908 4.6207251015
3.6820000000 0.5300281944 3.2156864510 4.6219754982
3.6830000000 0.5300208015 3.2167603264 4.6232259407
3.6840000000 0.5300135841 3.2178342171 4.6244764214
3.6850000000 0.5300065346 3.2189081230 4.6257269478
3.6860000000 0.5299996529 3.2199820442 4.6269775200
3.6870000000 0.5299929543 3.2210559807 4.6282281303
3.6880000000 0.5299864159 3.2221299324 4.6294787865
3.6890000000 0.5299800606 3.2232039070 4.6307294807
3.6900000000 0.5299738655 3.2242778893 4.6319802284
3.6910000000 0.5299678535 3.2253518944 4.6332310066
3.6920000000 0.5299620094 3.2264259148 4.6344818382
3.6930000000 0.5299563408 3.2274999504 4.6357327080
3.6940000000 0.5299508476 3.2285740013 4.6369836235
3.6950000000 0.5299455223 3.2296480675 4.6382345772
3.6960000000 0.5299403725 3.2307221489 4.6394855766
3.6970000000 0.5299353981 3.2317962532 4.6407366219
3.6980000000 0.5299305992 3.2328703728 4.6419877052
3.6990000000 0.5299259682 3.2339445000 4.6432388344
3.7000000000 0.5299215202 3.2350186501 4.6444900093
3.7010000000 0.5299172401 3.2360928154 4.6457412224
3.7020000000 0.5299131355 3.2371670036 4.6469924812
3.7030000000 0.5299092140 3.2382411995 4.6482437782
3.7040000000 0.5299054604 3.2393154182 4.6494951286
3.7050000000 0.5299018898 3.2403896523 4.6507465096
3.7060000000 0.5298984871 3.2414639015 4.6519979439
3.7070000000 0.5298952675 3.2425381660 4.6532494164
3.7080000000 0.5298922234 3.2436124458 4.6545009346
3.7090000000 0.5298893547 3.2446867485 4.6557524910
3.7100000000 0.5298866615 3.2457610664 4.6570040932
3.7110000000 0.5298841438 3.2468353996 4.6582557411
3.7120000000 0.5298818092 3.2479097481 4.6595074348
3.7130000000 0.5298796501 3.2489841118 4.6607591667
3.7140000000 0.5298776665 3.2500584984 4.6620109444
3.7150000000 0.5298758583 3.2511329002 4.6632627602
3.7160000000 0.5298742332 3.2522073174 4.6645146217
3.7170000000 0.5298727913 3.2532817497 4.6657665291
3.7180000000 0.5298715248 3.2543562050 4.6670184746
3.7190000000 0.5298704338 3.2554306755 4.6682704659
3.7200000000 0.5298695259 3.2565051613 4.6695225029
3.7210000000 0.5298687935 3.2575796623 4.6707745781
3.7220000000 0.5298682442 3.2586541862 4.6720266991
3.7230000000 0.5298678703 3.2597287254 4.6732788658
3.7240000000 0.5298676872 3.2608032799 4.6745310707
3.7250000000 0.5298676720 3.2618778496 4.6757833214
3.7260000000 0.5298678474 3.2629524422 4.6770356102
3.7270000000 0.5298681984 3.2640270500 4.6782879524
3.7280000000 0.5298687325 3.2651016731 4.6795403328
3.7290000000 0.5298694496 3.2661763115 4.6807927513
3.7300000000 0.5298703423 3.2672509727 4.6820452156
3.7310000000 0.5298714180 3.2683256493 4.6832977257
3.7320000000 0.5298726845 3.2694003487 4.6845502815
3.7330000000 0.5298741264 3.2704750557 4.6858028755
3.7340000000 0.5298757515 3.2715497856 4.6870555153
3.7350000000 0.5298775597 3.2726245384 4.6883082008
3.7360000000 0.5298795509 3.2736992989 4.6895609245
3.7370000000 0.5298817253 3.2747740822 4.6908136940
3.7380000000 0.5298840828 3.2758488884 4.6920665016
3.7390000000 0.5298866234 3.2769237022 4.6933193550
3.7400000000 0.5298893471 3.2779985390 4.6945722542
3.7410000000 0.5298922539 3.2790733910 4.6958251991
3.7420000000 0.5298953514 3.2801482658 4.6970781822
3.7430000000 0.5298986244 3.2812231560 4.6983312111
3.7440000000 0.5299020882 3.2822980614 4.6995842781
3.7450000000 0.5299057426 3.2833729897 4.7008373985
3.7460000000 0.5299095726 3.2844479332 4.7020905571
3.7470000000 0.5299135933 3.2855228996 4.7033437538
3.7480000000 0.5299177971 3.2865978737 4.7045969963
3.7490000000 0.5299221916 3.2876728706 4.7058502846
3.7500000000 0.5299267616 3.2887478905 4.7071036186
3.7510000000 0.5299315300 3.2898229256 4.7083569908
3.7520000000 0.5299364815 3.2908979759 4.7096104088
3.7530000000 0.5299416161 3.2919730492 4.7108638649
3.7540000000 0.5299469414 3.2930481377 4.7121173668
3.7550000000 0.5299524498 3.2941232491 4.7133709145
3.7560000000 0.5299581566 3.2951983681 4.7146245079
3.7570000000 0.5299640388 3.2962735176 4.7158781395
3.7580000000 0.5299701195 3.2973486824 4.7171318169
3.7590000000 0.5299763832 3.2984238625 4.7183855400
3.7600000000 0.5299828300 3.2994990578 4.7196393013
3.7610000000 0.5299894753 3.3005742760 4.7208931084
3.7620000000 0.5299963036 3.3016495171 4.7221469536
3.7630000000 0.5300033226 3.3027247734 4.7234008522
3.7640000000 0.5300105324 3.3038000450 4.7246547813
3.7650000000 0.5300179329 3.3048753395 4.7259087639
3.7660000000 0.5300255241 3.3059506493 4.7271627846
3.7670000000 0.5300332985 3.3070259819 4.7284168510
3.7680000000 0.5300412712 3.3081013298 4.7296709633
3.7690000000 0.5300494270 3.3091766930 4.7309251137
3.7700000000 0.5300577812 3.3102520790 4.7321793098
3.7710000000 0.5300663185 3.3113274879 4.7334335518
3.7720000000 0.5300750542 3.3124029121 4.7346878319
3.7730000000 0.5300839806 3.3134783592 4.7359421577
3.7740000000 0.5300930977 3.3145538216 4.7371965294
3.7750000000 0.5301024055 3.3156292992 4.7384509392
3.7760000000 0.5301119041 3.3167047997 4.7397053947
3.7770000000 0.5301216011 3.3177803230 4.7409598961
3.7780000000 0.5301314888 3.3188558617 4.7422144432
3.7790000000 0.5301415672 3.3199314156 4.7434690285
3.7800000000 0.5301518364 3.3210069923 4.7447236519
3.7810000000 0.5301623039 3.3220825920 4.7459783287
3.7820000000 0.5301729622 3.3231582069 4.7472330437
3.7830000000 0.5301838188 3.3242338371 4.7484878044
3.7840000000 0.5301948662 3.3253094978 4.7497426033
3.7850000000 0.5302061119 3.3263851662 4.7509974556
3.7860000000 0.5302175484 3.3274608574 4.7522523460
3.7870000000 0.5302291756 3.3285365715 4.7535072746
3.7880000000 0.5302410011 3.3296123085 4.7547622490
3.7890000000 0.5302530251 3.3306880531 4.7560172691
3.7900000000 0.5302652397 3.3317638283 4.7572723351
3.7910000000 0.5302776604 3.3328396187 4.7585274391
3.7920000000 0.5302902641 3.3339154243 4.7597825890
3.7930000000 0.5303030739 3.3349912605 4.7610377846
3.7940000000 0.5303160744 3.3360671043 4.7622930183
3.7950000000 0.5303292732 3.3371429787 4.7635482979
3.7960000000 0.5303426704 3.3382188683 4.7648036232
3.7970000000 0.5303562584 3.3392947731 4.7660589943
3.7980000000 0.5303700523 3.3403707008 4.7673144035
3.7990000000 0.5303840370 3.3414466515 4.7685698586
3.8000000000 0.5303982277 3.3425226173 4.7698253517
3.8010000000 0.5304126091 3.3435986061 4.7710808907
3.8020000000 0.5304271889 3.3446746178 4.7723364754
3.8030000000 0.5304419746 3.3457506447 4.7735921059
3.8040000000 0.5304569511 3.3468266945 4.7748477745
3.8050000000 0.5304721336 3.3479027596 4.7761034889
3.8060000000 0.5304875069 3.3489788475 4.7773592491
3.8070000000 0.5305030861 3.3500549583 4.7786150475
3.8080000000 0.5305188637 3.3511310844 4.7798708916
3.8090000000 0.5305348396 3.3522072334 4.7811267815
3.8100000000 0.5305510139 3.3532834053 4.7823827171
3.8110000000 0.5305673943 3.3543595924 4.7836386909
3.8120000000 0.5305839729 3.3554358025 4.7848947105
3.8130000000 0.5306007500 3.3565120354 4.7861507683
3.8140000000 0.5306177330 3.3575882835 4.7874068718
3.8150000000 0.5306349144 3.3586645546 4.7886630211
3.8160000000 0.5306523018 3.3597408485 4.7899192162
3.8170000000 0.5306698799 3.3608171654 4.7911754494
3.8180000000 0.5306876717 3.3618934975 4.7924317284
3.8190000000 0.5307056618 3.3629698448 4.7936880531
3.8200000000 0.5307238503 3.3640462227 4.7949444237
3.8210000000 0.5307422447 3.3651226158 4.7962008324
3.8220000000 0.5307608452 3.3661990318 4.7974572868
3.8230000000 0.5307796440 3.3672754707 4.7987137794
3.8240000000 0.5307986488 3.3683519249 4.7999703255
3.8250000000 0.5308178596 3.3694284019 4.8012269096
3.8260000000 0.5308372688 3.3705049019 4.8024835320
3.8270000000 0.5308568916 3.3715814247 4.8037402077
3.8280000000 0.5308767128 3.3726579628 4.8049969215
3.8290000000 0.5308967323 3.3737345238 4.8062536812
3.8300000000 0.5309169655 3.3748111076 4.8075104790
3.8310000000 0.5309374046 3.3758877144 4.8087673225
3.8320000000 0.5309580421 3.3769643364 4.8100242119
3.8330000000 0.5309788857 3.3780409813 4.8112811470
3.8340000000 0.5309999428 3.3791176491 4.8125381203
3.8350000000 0.5310211983 3.3801943398 4.8137951393
3.8360000000 0.5310426674 3.3812710457 4.8150522041
3.8370000000 0.5310643349 3.3823477745 4.8163093147
3.8380000000 0.5310862160 3.3834245338 4.8175664635
3.8390000000 0.5311082954 3.3845013008 4.8188236580
3.8400000000 0.5311305885 3.3855780983 4.8200808983
3.8410000000 0.5311530876 3.3866549187 4.8213381767
3.8420000000 0.5311757927 3.3877317543 4.8225955009
3.8430000000 0.5311987114 3.3888086128 4.8238528709
3.8440000000 0.5312218361 3.3898854942 4.8251102791
3.8450000000 0.5312451668 3.3909623985 4.8263677330
3.8460000000 0.5312687035 3.3920393181 4.8276252327
3.8470000000 0.5312924538 3.3931162682 4.8288827782
3.8480000000 0.5313164101 3.3941932335 4.8301403618
3.8490000000 0.5313405800 3.3952702217 4.8313979912
3.8500000000 0.5313649559 3.3963472328 4.8326556664
3.8510000000 0.5313895454 3.3974242668 4.8339133873
3.8520000000 0.5314143410 3.3985013237 4.8351711464
3.8530000000 0.5314393501 3.3995783958 4.8364289513
3.8540000000 0.5314645653 3.4006554985 4.8376868019
3.8550000000 0.5314899940 3.4017326164 4.8389446907
3.8560000000 0.5315156288 3.4028097572 4.8402026253
3.8570000000 0.5315414848 3.4038869209 4.8414606056
3.8580000000 0.5315675468 3.4049641075 4.8427186317
3.8590000000 0.5315938148 3.4060413170 4.8439766960
3.8600000000 0.5316203041 3.4071185493 4.8452348061
3.8610000000 0.5316469994 3.4081958046 4.8464929619
3.8620000000 0.5316739082 3.4092730751 4.8477511559
3.8630000000 0.5317010307 3.4103503761 4.8490094032
3.8640000000 0.5317283669 3.4114276924 4.8502676811
3.8650000000 0.5317559166 3.4125050392 4.8515260124
3.8660000000 0.5317836800 3.4135824013 4.8527843895
3.8670000000 0.5318116493 3.4146597939 4.8540428047
3.8680000000 0.5318398399 3.4157372017 4.8553012657
3.8690000000 0.5318682442 3.4168146324 4.8565597649
3.8700000000 0.5318968620 3.4178920860 4.8578183098
3.8710000000 0.5319256935 3.4189695625 4.8590769005
3.8720000000 0.5319547386 3.4200470619 4.8603355370
3.8730000000 0.5319839973 3.4211245918 4.8615942192
3.8740000000 0.5320134773 3.4222021370 4.8628529396
3.8750000000 0.5320431633 3.4232797050 4.8641117058
3.8760000000 0.5320730705 3.4243572960 4.8653705177
3.8770000000 0.5321031990 3.4254349098 4.8666293678
3.8780000000 0.5321335335 3.4265125465 4.8678882637
3.8790000000 0.5321640892 3.4275902061 4.8691472054
3.8800000000 0.5321948586 3.4286678886 4.8704061928
3.8810000000 0.5322258492 3.4297455940 4.8716652184
3.8820000000 0.5322570534 3.4308233223 4.8729242973
3.8830000000 0.5322884789 3.4319010735 4.8741834068
3.8840000000 0.5323201180 3.4329788475 4.8754425697
3.8850000000 0.5323519783 3.4340566444 4.8767017784
3.8860000000 0.5323840523 3.4351344719 4.8779610252
3.8870000000 0.5324163475 3.4362123146 4.8792203102
3.8880000000 0.5324488640 3.4372901802 4.8804796486
3.8890000000 0.5324815941 3.4383680763 4.8817390251
3.8900000000 0.5325145454 3.4394459877 4.8829984550
3.8910000000 0.5325477104 3.4405239296 4.8842579155
3.8920000000 0.5325811043 3.4416018867 4.8855174294
3.8930000000 0.5326147118 3.4426798744 4.8867769814
3.8940000000 0.5326485405 3.4437578850 4.8880365791
3.8950000000 0.5326825905 3.4448359184 4.8892962227
3.8960000000 0.5327168541 3.4459139748 4.8905559120
3.8970000000 0.5327513466 3.4469920540 4.8918156395
3.8980000000 0.5327860527 3.4480701561 4.8930754128
3.8990000000 0.5328209877 3.4491482811 4.8943352318
3.9000000000 0.5328561363 3.4502264290 4.8955950890
3.9010000000 0.5328915138 3.4513046074 4.8968549995
3.9020000000 0.5329271049 3.4523828087 4.8981149483
3.9030000000 0.5329629250 3.4534610252 4.8993749428
3.9040000000 0.5329989662 3.4545392723 4.9006349754
3.9050000000 0.5330352287 3.4556175499 4.9018950615
3.9060000000 0.5330717125 3.4566958427 4.9031551857
3.9070000000 0.5331084175 3.4577741585 4.9044153557
3.9080000000 0.5331453514 3.4588525047 4.9056755638
3.9090000000 0.5331825066 3.4599308662 4.9069358253
3.9100000000 0.5332198830 3.4610092583 4.9081961250
3.9110000000 0.5332574806 3.4620876732 4.9094564705
3.9120000000 0.5332953072 3.4631661186 4.9107168541
3.9130000000 0.5333333549 3.4642445793 4.9119772911
3.9140000000 0.5333716316 3.4653230705 4.9132377663
3.9150000000 0.5334101295 3.4664015846 4.9144982872
3.9160000000 0.5334488564 3.4674801216 4.9157588463
3.9170000000 0.5334878044 3.4685586815 4.9170194588
3.9180000000 0.5335269814 3.4696372719 4.9182801094
3.9190000000 0.5335663795 3.4707158775 4.9195408058
3.9200000000 0.5336060066 3.4717945137 4.9208015480
3.9210000000 0.5336458549 3.4728731804 4.9220623283
3.9220000000 0.5336859322 3.4739518623 4.9233231544
3.9230000000 0.5337262383 3.4750305748 4.9245840263
3.9240000000 0.5337667732 3.4761093101 4.9258449440
3.9250000000 0.5338075294 3.4771880684 4.9271059074
3.9260000000 0.5338485222 3.4782668495 4.9283669090
3.9270000000 0.5338897362 3.4793456612 4.9296279564
3.9280000000 0.5339311714 3.4804244957 4.9308890495
3.9290000000 0.5339728432 3.4815033607 4.9321501884
3.9300000000 0.5340147438 3.4825822411 4.9334113655
3.9310000000 0.5340568733 3.4836611519 4.9346725883
3.9320000000 0.5340992241 3.4847400856 4.9359338570
3.9330000000 0.5341418114 3.4858190498 4.9371951714
3.9340000000 0.5341846199 3.4868980370 4.9384565315
3.9350000000 0.5342276649 3.4879770470 4.9397179298
3.9360000000 0.5342709389 3.4890560799 4.9409793739
3.9370000000 0.5343144417 3.4901351433 4.9422408638
3.9380000000 0.5343581734 3.4912142296 4.9435023918
3.9390000000 0.5344021339 3.4922933464 4.9447639732
3.9400000000 0.5344463310 3.4933724785 4.9460255928
3.9410000000 0.5344907570 3.4944516487 4.9472872581
3.9420000000 0.5345354118 3.4955308342 4.9485489693
3.9430000000 0.5345802956 3.4966100502 4.9498107185
3.9440000000 0.5346254158 3.4976892891 4.9510725212
3.9450000000 0.5346707649 3.4987685585 4.9523343620
3.9460000000 0.5347163506 3.4998478508 4.9535962410
3.9470000000 0.5347621651 3.5009271660 4.9548581734
3.9480000000 0.5348082085 3.5020065117 4.9561201515
3.9490000000 0.5348544884 3.5030858803 4.9573821678
3.9500000000 0.5349010048 3.5041652794 4.9586442299
3.9510000000 0.5349477501 3.5052447014 4.9599063377
3.9520000000 0.5349947243 3.5063241463 4.9611684837
3.9530000000 0.5350419350 3.5074036217 4.9624306831
3.9540000000 0.5350893822 3.5084831200 4.9636929207
3.9550000000 0.5351370659 3.5095626488 4.9649552040
3.9560000000 0.5351849785 3.5106422005 4.9662175255
3.9570000000 0.5352331276 3.5117217827 4.9674799004
3.9580000000 0.5352815132 3.5128013878 4.9687423134
3.9590000000 0.5353301353 3.5138810158 4.9700047722
3.9600000000 0.5353789864 3.5149606743 4.9712672768
3.9610000000 0.5354280815 3.5160403633 4.9725298271
3.9620000000 0.5354774055 3.5171200752 4.9737924156
3.9630000000 0.5355269661 3.5181998100 4.9750550575
3.9640000000 0.5355767632 3.5192795753 4.9763177376
3.9650000000 0.5356267967 3.5203593636 4.9775804634
3.9660000000 0.5356770668 3.5214391823 4.9788432274
3.9670000000 0.5357275810 3.5225190315 4.9801060448
3.9680000000 0.5357783241 3.5235989037 4.9813689003
3.9690000000 0.5358293037 3.5246787987 4.9826318016
3.9700000000 0.5358805275 3.5257587242 4.9838947487
3.9710000000 0.5359319878 3.5268386726 4.9851577415
3.9720000000 0.5359836769 3.5279186592 4.9864207726
3.9730000000 0.5360356178 3.5289986610 4.9876838570
3.9740000000 0.5360877876 3.5300786934 4.9889469795
3.9750000000 0.5361402016 3.5311587563 4.9902101479
3.9760000000 0.5361928520 3.5322388420 4.9914733543
3.9770000000 0.5362457390 3.5333189583 4.9927366142
3.9780000000 0.5362988701 3.5343990974 4.9939999123
3.9790000000 0.5363522377 3.5354792671 4.9952632561
3.9800000000 0.5364058495 3.5365594673 4.9965266457
3.9810000000 0.5364596977 3.5376396904 4.9977900810
3.9820000000 0.5365137901 3.5387199440 4.9990535622
3.9830000000 0.5365681190 3.5398002205 5.0003170815
3.9840000000 0.5366226921 3.5408805275 5.0015806465
3.9850000000 0.5366775017 3.5419608574 5.0028442574
3.9860000000 0.5367325554 3.5430412254 5.0041079140
3.9870000000 0.5367878532 3.5441216087 5.0053716164
3.9880000000 0.5368433876 3.5452020302 5.0066353569
3.9890000000 0.5368991661 3.5462824745 5.0078991432
3.9900000000 0.5369551888 3.5473629494 5.0091629829
3.9910000000 0.5370114555 3.5484434471 5.0104268532
3.9920000000 0.5370679588 3.5495239754 5.0116907768
3.9930000000 0.5371247139 3.5506045341 5.0129547462
3.9940000000 0.5371817055 3.5516851158 5.0142187538
3.9950000000 0.5372389412 3.5527657280 5.0154828072
3.9960000000 0.5372964211 3.5538463707 5.0167469063
3.9970000000 0.5373541451 3.5549270439 5.0180110512
3.9980000000 0.5374121132 3.5560077400 5.0192752419
3.9990000000 0.5374703255 3.5570884666 5.0205394707
4.0000000000 0.5375287819 3.5581692162 5.0218037453
4.0010000000 0.5375874901 3.5592499962 5.0230680733
4.0020000000 0.5376464348 3.5603308067 5.0243324394
4.0030000000 0.5377056236 3.5614116478 5.0255968437
4.0040000000 0.5377650642 3.5624925194 5.0268613014
4.0050000000 0.5378247490 3.5635734138 5.0281257973
4.0060000000 0.5378846779 3.5646543388 5.0293903465
4.0070000000 0.5379448586 3.5657352867 5.0306549339
4.0080000000 0.5380052757 3.5668162727 5.0319195671
4.0090000000 0.5380659523 3.5678972816 5.0331842384
4.0100000000 0.5381268654 3.5689783211 5.0344489632
4.0110000000 0.5381880302 3.5700593910 5.0357137260
4.0120000000 0.5382494392 3.5711404915 5.0369785423
4.0130000000 0.5383111000 3.5722216148 5.0382433968
4.0140000000 0.5383730049 3.5733027687 5.0395082970
4.0150000000 0.5384351616 3.5743839531 5.0407732353
4.0160000000 0.5384975624 3.5754651680 5.0420382271
4.0170000000 0.5385602150 3.5765464058 5.0433032646
4.0180000000 0.5386231194 3.5776276817 5.0445683403
4.0190000000 0.5386862679 3.5787089806 5.0458334618
4.0200000000 0.5387496681 3.5797903099 5.0470986290
4.0210000000 0.5388133125 3.5808716698 5.0483638420
4.0220000000 0.5388772163 3.5819530601 5.0496290932
4.0230000000 0.5389413643 3.5830344810 5.0508943977
4.0240000000 0.5390057640 3.5841159248 5.0521597404
4.0250000000 0.5390704155 3.5851974068 5.0534251289
4.0260000000 0.5391353111 3.5862789116 5.0546905708
4.0270000000 0.5392004662 3.5873604469 5.0559560432
4.0280000000 0.5392658653 3.5884420128 5.0572215691
4.0290000000 0.5393315163 3.5895236092 5.0584871407
4.0300000000 0.5393974266 3.5906052361 5.0597527504
4.0310000000 0.5394635811 3.5916868935 5.0610184059
4.0320000000 0.5395299873 3.5927685738 5.0622841148
4.0330000000 0.5395966530 3.5938502922 5.0635498619
4.0340000000 0.5396635704 3.5949320412 5.0648156471
4.0350000000 0.5397307320 3.5960138130 5.0660814857
4.0360000000 0.5397981529 3.5970956154 5.0673473701
4.0370000000 0.5398658257 3.5981774559 5.0686132927
4.0380000000 0.5399337578 3.5992593193 5.0698792610
4.0390000000 0.5400019341 3.6003412132 5.0711452751
4.0400000000 0.5400703697 3.6014231453 5.0724113350
4.0410000000 0.5401390572 3.6025051002 5.0736774406
4.0420000000 0.5402080040 3.6035870857 5.0749435921
4.0430000000 0.5402772026 3.6046691017 5.0762097893
4.0440000000 0.5403466530 3.6057511482 5.0774760246
4.0450000000 0.5404163628 3.6068332329 5.0787423058
4.0460000000 0.5404863243 3.6079153404 5.0800086327
4.0470000000 0.5405565453 3.6089974785 5.0812750053
4.0480000000 0.5406270180 3.6100796471 5.0825414238
4.0490000000 0.5406977501 3.6111618538 5.0838078880
4.0500000000 0.5407687416 3.6122440834 5.0850743980
4.0510000000 0.5408399849 3.6133263435 5.0863409462
4.0520000000 0.5409114876 3.6144086418 5.0876075478
4.0530000000 0.5409832420 3.6154909630 5.0888741875
4.0540000000 0.5410552559 3.6165733223 5.0901408730
4.0550000000 0.5411275291 3.6176557045 5.0914076042
4.0560000000 0.5412000618 3.6187381248 5.0926743813
4.0570000000 0.5412728539 3.6198205757 5.0939411964
4.0580000000 0.5413458977 3.6209030495 5.0952080650
4.0590000000 0.5414192009 3.6219855614 5.0964749718
4.0600000000 0.5414927711 3.6230681038 5.0977419319
4.0610000000 0.5415665932 3.6241506767 5.0990089302
4.0620000000 0.5416406746 3.6252332878 5.1002759743
4.0630000000 0.5417150154 3.6263159218 5.1015430641
4.0640000000 0.5417896156 3.6273985939 5.1028101997
4.0650000000 0.5418644753 3.6284812889 5.1040773811
4.0660000000 0.5419396019 3.6295640221 5.1053446007
4.0670000000 0.5420149803 3.6306467857 5.1066118736
4.0680000000 0.5420906258 3.6317295799 5.1078791847
4.0690000000 0.5421665230 3.6328124046 5.1091465416
4.0700000000 0.5422426872 3.6338952675 5.1104139519
4.0710000000 0.5423191109 3.6349781532 5.1116814003
4.0720000000 0.5423958015 3.6360610771 5.1129488945
4.0730000000 0.5424727516 3.6371440315 5.1142164268
4.0740000000 0.5425499611 3.6382270164 5.1154840126
4.0750000000 0.5426274300 3.6393100395 5.1167516441
4.0760000000 0.5427051659 3.6403930855 5.1180193138
4.0770000000 0.5427831688 3.6414761696 5.1192870369
4.0780000000 0.5428614311 3.6425592842 5.1205547981
4.0790000000 0.5429399529 3.6436424370 5.1218226051
4.0800000000 0.5430187416 3.6447256126 5.1230904579
4.0810000000 0.5430977898 3.6458088264 5.1243583565
4.0820000000 0.5431771049 3.6468920708 5.1256263008
4.0830000000 0.5432566872 3.6479753456 5.1268942909
4.0840000000 0.5433365288 3.6490586586 5.1281623192
4.0850000000 0.5434166374 3.6501420021 5.1294304008
4.0860000000 0.5434970055 3.6512253761 5.1306985207
4.0870000000 0.5435776482 3.6523087807 5.1319666939
4.0880000000 0.5436585503 3.6533922234 5.1332349052
4.0890000000 0.5437397194 3.6544756966 5.1345031624
4.0900000000 0.5438211555 3.6555592003 5.1357714653
4.0910000000 0.5439028511 3.6566427422 5.1370398140
4.0920000000 0.5439848213 3.6577263145 5.1383082085
4.0930000000 0.5440670509 3.6588099174 5.1395766487
4.0940000000 0.5441495552 3.6598935585 5.1408451271
4.0950000000 0.5442323189 3.6609772301 5.1421136589
4.0960000000 0.5443153572 3.6620609322 5.1433822289
4.0970000000 0.5443986549 3.6631446724 5.1446508522
4.0980000000 0.5444822273 3.6642284431 5.1459195137
4.0990000000 0.5445660591 3.6653122444 5.1471882210
4.1000000000 0.5446501656 3.6663960838 5.1484569740
4.1010000000 0.5447345390 3.6674799538 5.1497257729
4.1020000000 0.5448191795 3.6685638542 5.1509946175
4.1030000000 0.5449040947 3.6696477928 5.1522635078
4.1040000000 0.5449892693 3.6707317696 5.1535324440
4.1050000000 0.5450747185 3.6718157768 5.1548014259
4.1060000000 0.5451604424 3.6728998146 5.1560704460
4.1070000000 0.5452464333 3.6739838829 5.1573395195
4.1080000000 0.5453326912 3.6750679970 5.1586086311
4.1090000000 0.5454192162 3.6761521339 5.1598777962
4.1100000000 0.5455060158 3.6772363091 5.1611469994
4.1110000000 0.5455930901 3.6783205147 5.1624162483
4.1120000000 0.5456804237 3.6794047585 5.1636855507
4.1130000000 0.5457680397 3.6804890404 5.1649548912
4.1140000000 0.5458559227 3.6815733452 5.1662242775
4.1150000000 0.5459440804 3.6826576958 5.1674937096
4.1160000000 0.5460325050 3.6837420769 5.1687631874
4.1170000000 0.5461212044 3.6848264885 5.1700327034
4.1180000000 0.5462101784 3.6859109383 5.1713022728
4.1190000000 0.5462994194 3.6869954185 5.1725718880
4.1200000000 0.5463889427 3.6880799370 5.1738415413
4.1210000000 0.5464787331 3.6891644859 5.1751112480
4.1220000000 0.5465687904 3.6902490730 5.1763809929
4.1230000000 0.5466591301 3.6913336983 5.1776507912
4.1240000000 0.5467497444 3.6924183540 5.1789206276
4.1250000000 0.5468406258 3.6935030403 5.1801905098
4.1260000000 0.5469317894 3.6945877724 5.1814604454
4.1270000000 0.5470232201 3.6956725273 5.1827304192
4.1280000000 0.5471149330 3.6967573280 5.1840004387
4.1290000000 0.5472069130 3.6978421516 5.1852705040
4.1300000000 0.5472991753 3.6989270210 5.1865406151
4.1310000000 0.5473917046 3.7000119209 5.1878107719
4.1320000000 0.5474845161 3.7010968590 5.1890809746
4.1330000000 0.5475776024 3.7021818275 5.1903512154
4.1340000000 0.5476709633 3.7032668343 5.1916215096
4.1350000000 0.5477646065 3.7043518715 5.1928918495
4.1360000000 0.5478585243 3.7054369545 5.1941622276
4.1370000000 0.5479527168 3.7065220604 5.1954326591
4.1380000000 0.5480471840 3.7076072121 5.1967031364
4.1390000000 0.5481419334 3.7086923943 5.1979736519
4.1400000000 0.5482369576 3.7097776146 5.1992442207
4.1410000000 0.5483322563 3.7108628654 5.2005148277
4.1420000000 0.5484278374 3.7119481544 5.2017854805
4.1430000000 0.5485237007 3.7130334816 5.2030561867
4.1440000000 0.5486198387 3.7141188469 5.2043269310
4.1450000000 0.5487162514 3.7152042427 5.2055977211
4.1460000000 0.5488129463 3.7162896767 5.2068685570
4.1470000000 0.5489099236 3.7173751488 5.2081394386
4.1480000000 0.5490071754 3.7184606514 5.2094103661
4.1490000000 0.5491047096 3.7195461922 5.2106813469
4.1500000000 0.5492025261 3.7206317711 5.2119523659
4.1510000000 0.5493006172 3.7217173882 5.2132234306
4.1520000000 0.5493989983 3.7228030357 5.2144945335
4.1530000000 0.5494976540 3.7238887215 5.2157656898
4.1540000000 0.5495965843 3.7249744453 5.2170368919
4.1550000000 0.5496958046 3.7260602074 5.2183081398
4.1560000000 0.5497953072 3.7271459999 5.2195794334
4.1570000000 0.5498950844 3.7282318382 5.2208507729
4.1580000000 0.5499951515 3.7293177071 5.2221221504
4.1590000000 0.5500954933 3.7304036140 5.2233935814
4.1600000000 0.5501961250 3.7314895515 5.2246650581
4.1610000000 0.5502970314 3.7325755348 5.2259365807
4.1620000000 0.5503982277 3.7336615486 5.2272081413
4.1630000000 0.5504997063 3.7347476006 5.2284797554
4.1640000000 0.5506014671 3.7358336906 5.2297514076
4.1650000000 0.5507035103 3.7369198189 5.2310231133
4.1660000000 0.5508058357 3.7380059853 5.2322948570
4.1670000000 0.5509084511 3.7390921822 5.2335666542
4.1680000000 0.5510113411 3.7401784248 5.2348384972
4.1690000000 0.5511145210 3.7412646980 5.2361103783
4.1700000000 0.5512179909 3.7423510170 5.2373823051
4.1710000000 0.5513217430 3.7434373665 5.2386542854
4.1720000000 0.5514257774 3.7445237541 5.2399263039
4.1730000000 0.5515301018 3.7456101799 5.2411983757
4.1740000000 0.5516347084 3.7466966362 5.2424704857
4.1750000000 0.5517395973 3.7477831383 5.2437426491
4.1760000000 0.5518447762 3.7488696785 5.2450148506
4.1770000000 0.5519502449 3.7499562569 5.2462870979
4.1780000000 0.5520559959 3.7510428658 5.2475593987
4.1790000000 0.5521620369 3.7521295204 5.2488317375
4.1800000000 0.5522683678 3.7532162056 5.2501041222
4.1810000000 0.5523749809 3.7543029366 5.2513765602
4.1820000000 0.5524818840 3.7553896980 5.2526490364
4.1830000000 0.5525890770 3.7564765053 5.2539215584
4.1840000000 0.5526965523 3.7575633430 5.2551941338
4.1850000000 0.5528043251 3.7586502266 5.2564667473
4.1860000000 0.5529123802 3.7597371407 5.2577394066
4.1870000000 0.5530207253 3.7608241005 5.2590121193
4.1880000000 0.5531293602 3.7619110909 5.2602848701
4.1890000000 0.5532382851 3.7629981270 5.2615576668
4.1900000000 0.5533474998 3.7640851936 5.2628305168
4.1910000000 0.5534570045 3.7651723061 5.2641034050
4.1920000000 0.5535667992 3.7662594566 5.2653763390
4.1930000000 0.5536768837 3.7673466377 5.2666493263
4.1940000000 0.5537872581 3.7684338646 5.2679223518
4.1950000000 0.5538979225 3.7695211296 5.2691954231
4.1960000000 0.5540088844 3.7706084328 5.2704685478
4.1970000000 0.5541201286 3.7716957741 5.2717417107
4.1980000000 0.5542316704 3.7727831535 5.2730149269
4.1990000000 0.5543435020 3.7738705711 5.2742881813
4.2000000000 0.5544556313 3.7749580345 5.2755614815
4.2010000000 0.5545680504 3.7760455284 5.2768348351
4.2020000000 0.5546807594 3.7771330681 5.2781082268
4.2030000000 0.5547937584 3.7782206459 5.2793816719
4.2040000000 0.5549070549 3.7793082619 5.2806551552
4.2050000000 0.5550206490 3.7803959160 5.2819286919
4.2060000000 0.5551345329 3.7814836082 5.2832022667
4.2070000000 0.5552487068 3.7825713387 5.2844758949
4.2080000000 0.5553631783 3.7836591148 5.2857495613
4.2090000000 0.5554779472 3.7847469292 5.2870232811
4.2100000000 0.5555930061 3.7858347816 5.2882970467
4.2110000000 0.5557083626 3.7869226723 5.2895708504
4.2120000000 0.5558240089 3.7880106010 5.2908447075
4.2130000000 0.5559399605 3.7890985756 5.2921186104
4.2140000000 0.5560562019 3.7901865883 5.2933925514
4.2150000000 0.5561727409 3.7912746391 5.2946665459
4.2160000000 0.5562895699 3.7923627281 5.2959405861
4.2170000000 0.5564067039 3.7934508629 5.2972146721
4.2180000000 0.5565241280 3.7945390282 5.2984887962
4.2190000000 0.5566418571 3.7956272392 5.2997629738
4.2200000000 0.5567598763 3.7967154961 5.3010371971
4.2210000000 0.5568781929 3.7978037834 5.3023114662
4.2220000000 0.5569968071 3.7988921165 5.3035857811
4.2230000000 0.5571157265 3.7999804878 5.3048601418
4.2240000000 0.5572349358 3.8010689049 5.3061345482
4.2250000000 0.5573544502 3.8021573601 5.3074090004
4.2260000000 0.5574742546 3.8032458534 5.3086835060
4.2270000000 0.5575943642 3.8043343849 5.3099580498
4.2280000000 0.5577147713 3.8054229622 5.3112326393
4.2290000000 0.5578354836 3.8065115776 5.3125072746
4.2300000000 0.5579564857 3.8076002312 5.3137819633
4.2310000000 0.5580777931 3.8086889305 5.3150566902
4.2320000000 0.5581993980 3.8097776680 5.3163314629
4.2330000000 0.5583213081 3.8108664513 5.3176062889
4.2340000000 0.5584435158 3.8119552727 5.3188811607
4.2350000000 0.5585660286 3.8130441322 5.3201560707
4.2360000000 0.5586888390 3.8141330376 5.3214310341
4.2370000000 0.5588119469 3.8152219810 5.3227060356
4.2380000000 0.5589353600 3.8163109627 5.3239810905
4.2390000000 0.5590590782 3.8173999901 5.3252561913
4.2400000000 0.5591830940 3.8184890633 5.3265313377
4.2410000000 0.5593074150 3.8195781670 5.3278065300
4.2420000000 0.5594320412 3.8206673241 5.3290817680
4.2430000000 0.5595569649 3.8217565117 5.3303570518
4.2440000000 0.5596821938 3.8228457451 5.3316323814
4.2450000000 0.5598077278 3.8239350243 5.3329077568
4.2460000000 0.5599335594 3.8250243416 5.3341831779
4.2470000000 0.5600597038 3.8261136971 5.3354586525
4.2480000000 0.5601861458 3.8272030983 5.3367341652
4.2490000000 0.5603129005 3.8282925453 5.3380097237
4.2500000000 0.5604399529 3.8293820305 5.3392853355
4.2510000000 0.5605673103 3.8304715614 5.3405609856
4.2520000000 0.5606949730 3.8315611305 5.3418366890
4.2530000000 0.5608229485 3.8326507378 5.3431124382
4.2540000000 0.5609512215 3.8337403908 5.3443882256
4.2550000000 0.5610797997 3.8348300896 5.3456640663
4.2560000000 0.5612086906 3.8359198265 5.3469399529
4.2570000000 0.5613378868 3.8370096092 5.3482158852
4.2580000000 0.5614673882 3.8380994301 5.3494918633
4.2590000000 0.5615971947 3.8391892967 5.3507678947
4.2600000000 0.5617273140 3.8402792091 5.3520439644
4.2610000000 0.5618577385 3.8413691597 5.3533200798
4.2620000000 0.5619884682 3.8424591560 5.3545962410
4.2630000000 0.5621195107 3.8435491905 5.3558724556
4.2640000000 0.5622508583 3.8446392708 5.3571487160
4.2650000000 0.5623825188 3.8457293892 5.3584250145
4.2660000000 0.5625144844 3.8468195610 5.3597013664
4.2670000000 0.5626467552 3.8479097633 5.3609777641
4.2680000000 0.5627793465 3.8490000191 5.3622542076
4.2690000000 0.5629122353 3.8500903130 5.3635306969
4.2700000000 0.5630454445 3.8511806526 5.3648072319
4.2710000000 0.5631789589 3.8522710304 5.3660838127
4.2720000000 0.5633127861 3.8533614540 5.3673604393
4.2730000000 0.5634469185 3.8544519234 5.3686371193
4.2740000000 0.5635813713 3.8555424385 5.3699138374
4.2750000000 0.5637161293 3.8566329918 5.3711906090
4.2760000000 0.5638512001 3.8577235909 5.3724674187
4.2770000000 0.5639865837 3.8588142357 5.3737442818
4.2780000000 0.5641222725 3.8599049187 5.3750211906
4.2790000000 0.5642582817 3.8609956474 5.3762981453
4.2800000000 0.5643946037 3.8620864220 5.3775751457
4.2810000000 0.5645312309 3.8631772423 5.3788521919
4.2820000000 0.5646681786 3.8642681007 5.3801292915
4.2830000000 0.5648054390 3.8653590050 5.3814064293
4.2840000000 0.5649430122 3.8664499550 5.3826836205
4.2850000000 0.5650808983 3.8675409508 5.3839608498
4.2860000000 0.5652190971 3.8686319847 5.3852381325
4.2870000000 0.5653576164 3.8697230644 5.3865154610
4.2880000000 0.5654964485 3.8708141975 5.3877928352
4.2890000000 0.5656355934 3.8719053612 5.3890702553
4.2900000000 0.5657750511 3.8729965782 5.3903477211
4.2910000000 0.5659148293 3.8740878410 5.3916252327
4.2920000000 0.5660549202 3.8751791420 5.3929027977
4.2930000000 0.5661953316 3.8762704887 5.3941804008
4.2940000000 0.5663360558 3.8773618889 5.3954580574
4.2950000000 0.5664771004 3.8784533272 5.3967357597
4.2960000000 0.5666184578 3.8795448036 5.3980135078
4.2970000000 0.5667601357 3.8806363335 5.3992913017
4.2980000000 0.5669021263 3.8817279091 5.4005691414
4.2990000000 0.5670444374 3.8828195229 5.4018470268
4.3000000000 0.5671870689 3.8839111900 5.4031249580
4.3010000000 0.5673300133 3.8850028954 5.4044029427
4.3020000000 0.5674732857 3.8860946465 5.4056809654
4.3030000000 0.5676168709 3.8871864433 5.4069590416
4.3040000000 0.5677607765 3.8882782936 5.4082371635
4.3050000000 0.5679049950 3.8893701820 5.4095153313
4.3060000000 0.5680495415 3.8904621162 5.4107935448
4.3070000000 0.5681944084 3.8915540962 5.4120718117
4.3080000000 0.5683395882 3.8926461220 5.4133501167
4.3090000000 0.5684850960 3.8937381935 5.4146284752
4.3100000000 0.5686309166 3.8948303108 5.4159068718
4.3110000000 0.5687770653 3.8959224663 5.4171853218
4.3120000000 0.5689235344 3.8970146751 5.4184638176
4.3130000000 0.5690703239 3.8981069298 5.4197423592
4.3140000000 0.5692174339 3.8991992302 5.4210209541
4.3150000000 0.5693648720 3.9002915764 5.4222995872
4.3160000000 0.5695126305 3.9013839684 5.4235782738
4.3170000000 0.5696607094 3.9024764061 5.4248569984
4.3180000000 0.5698091087 3.9035688896 5.4261357765
4.3190000000 0.5699578362 3.9046614265 5.4274146004
4.3200000000 0.5701068840 3.9057540016 5.4286934776
4.3210000000 0.5702562599 3.9068466225 5.4299723930
4.3220000000 0.5704059563 3.9079392967 5.4312513542
4.3230000000 0.5705559807 3.9090320091 5.4325303688
4.3240000000 0.5707063255 3.9101247749 5.4338094292
4.3250000000 0.5708569984 3.9112175789 5.4350885353
4.3260000000 0.5710079994 3.9123104362 5.4363676872
4.3270000000 0.5711593208 3.9134033394 5.4376468849
4.3280000000 0.5713109703 3.9144962883 5.4389261360
4.3290000000 0.5714629478 3.9155892830 5.4402054253
4.3300000000 0.5716152458 3.9166823311 5.4414847679
4.3310000000 0.5717678795 3.9177754173 5.4427641563
4.3320000000 0.5719208336 3.9188685570 5.4440435905
4.3330000000 0.5720741158 3.9199617424 5.4453230705
4.3340000000 0.5722277260 3.9210549736 5.4466025963
4.3350000000 0.5723816643 3.9221482506 5.4478821754
4.3360000000 0.5725359306 3.9232415810 5.4491618004
4.3370000000 0.5726905327 3.9243349495 5.4504414711
4.3380000000 0.5728454552 3.9254283714 5.4517211876
4.3390000000 0.5730007057 3.9265218391 5.4530009499
4.3400000000 0.5731562920 3.9276153603 5.4542807655
4.3410000000 0.5733122063 3.9287089195 5.4555606194
4.3420000000 0.5734684486 3.9298025322 5.4568405266
4.3430000000 0.5736250191 3.9308961906 5.4581204796
4.3440000000 0.5737819252 3.9319899025 5.4594004784
4.3450000000 0.5739391594 3.9330836525 5.4606805229
4.3460000000 0.5740967293 3.9341774559 5.4619606209
4.3470000000 0.5742546272 3.9352713051 5.4632407646
4.3480000000 0.5744128532 3.9363652077 5.4645209465
4.3490000000 0.5745714149 3.9374591560 5.4658011894
4.3500000000 0.5747303123 3.9385531502 5.4670814705
4.3510000000 0.5748895378 3.9396471901 5.4683617973
4.3520000000 0.5750490990 3.9407412834 5.4696421776
4.3530000000 0.5752089882 3.9418354225 5.4709226036
4.3540000000 0.5753692207 3.9429296150 5.4722030754
4.3550000000 0.5755297813 3.9440238457 5.4734835930
4.3560000000 0.5756906700 3.9451181374 5.4747641563
4.3570000000 0.5758519020 3.9462124672 5.4760447731
4.3580000000 0.5760134697 3.9473068504 5.4773254356
4.3590000000 0.5761753654 3.9484012794 5.4786061440
4.3600000000 0.5763376045 3.9494957619 5.4798868980
4.3610000000 0.5765001717 3.9505902901 5.4811676979
4.3620000000 0.5766630821 3.9516848717 5.4824485512
4.3630000000 0.5768263206 3.9527794991 5.4837294502
4.3640000000 0.5769899025 3.9538741722 5.4850103951
4.3650000000 0.5771538200 3.9549688988 5.4862913857
4.3660000000 0.5773180733 3.9560636787 5.4875724220
4.3670000000 0.5774826622 3.9571584969 5.4888535118
4.3680000000 0.5776475945 3.9582533760 5.4901346474
4.3690000000 0.5778128624 3.9593482933 5.4914158287
4.3700000000 0.5779784660 3.9604432640 5.4926970558
4.3710000000 0.5781444130 3.9615382881 5.4939783363
4.3720000000 0.5783106956 3.9626333580 5.4952596550
4.3730000000 0.5784773216 3.9637284813 5.4965410271
4.3740000000 0.5786442833 3.9648236504 5.4978224449
4.3750000000 0.5788115883 3.9659188728 5.4991039162
4.3760000000 0.5789792366 3.9670141411 5.5003854256
4.3770000000 0.5791472206 3.9681094627 5.5016669884
4.3780000000 0.5793155479 3.9692048302 5.5029485970
4.3790000000 0.5794842110 3.9703002510 5.5042302513
4.3800000000 0.5796532249 3.9713957252 5.5055119591
4.3810000000 0.5798225746 3.9724912453 5.5067937126
4.3820000000 0.5799922676 3.9735868111 5.5080755043
4.3830000000 0.5801623039 3.9746824379 5.5093573570
4.3840000000 0.5803326836 3.9757781029 5.5106392479
4.3850000000 0.5805034065 3.9768738289 5.5119211922
4.3860000000 0.5806744728 3.9779696007 5.5132031746
4.3870000000 0.5808458824 3.9790654259 5.5144852104
4.3880000000 0.5810176353 3.9801612968 5.5157672997
4.3890000000 0.5811897392 3.9812572212 5.5170494270
4.3900000000 0.5813621788 3.9823531990 5.5183316078
4.3910000000 0.5815349693 3.9834492226 5.5196138344
4.3920000000 0.5817081032 3.9845452995 5.5208961067
4.3930000000 0.5818815880 3.9856414223 5.5221784325
4.3940000000 0.5820554161 3.9867376060 5.5234608040
4.3950000000 0.5822295876 3.9878338356 5.5247432213
4.3960000000 0.5824041100 3.9889301109 5.5260256844
4.3970000000 0.5825789757 3.9900264473 5.5273081932
4.3980000000 0.5827541924 3.9911228294 5.5285907555
4.3990000000 0.5829297600 3.9922192650 5.5298733635
4.4000000000 0.5831056709 3.9933157463 5.5311560173
4.4010000000 0.5832819328 3.9944122887 5.5324387245
4.4020000000 0.5834585381 3.9955088768 5.5337214775
4.4030000000 0.5836355019 3.9966055107 5.5350042763
4.4040000000 0.5838128090 3.9977022057 5.5362871208
4.4050000000 0.5839904671 3.9987989464 5.5375700111
4.4060000000 0.5841684761 3.9998957481 5.5388529549
4.4070000000 0.5843468361 4.0009925957 5.5401359444
4.4080000000 0.5845255470 4.0020894890 5.5414189796
4.4090000000 0.5847046089 4.0031864433 5.5427020683
4.4100000000 0.5848840218 4.0042834435 5.5439852028
4.4110000000 0.5850637932 4.0053805046 5.5452683830
4.4120000000 0.5852439079 4.0064776115 5.5465516090
4.4130000000 0.5854243813 4.0075747719 5.5478348885
4.4140000000 0.5856052055 4.0086719780 5.5491182137
4.4150000000 0.5857863808 4.0097692451 5.5504015846
4.4160000000 0.5859679146 4.0108665581 5.5516850014
4.4170000000 0.5861497993 4.0119639320 5.5529684715
4.4180000000 0.5863320427 4.0130613518 5.5542519875
4.4190000000 0.5865146370 4.0141588249 5.5555355492
4.4200000000 0.5866975822 4.0152563515 5.5568191643
4.4210000000 0.5868808937 4.0163539314 5.5581028252
4.4220000000 0.5870645561 4.0174515648 5.5593865318
4.4230000000 0.5872485695 4.0185492516 5.5606702843
4.4240000000 0.5874329491 4.0196469917 5.5619540901
4.4250000000 0.5876176796 4.0207447777 5.5632379417
4.4260000000 0.5878027687 4.0218426247 5.5645218391
4.4270000000 0.5879882164 4.0229405251 5.5658057823
4.4280000000 0.5881740227 4.0240384712 5.5670897789
4.4290000000 0.5883601799 4.0251364784 5.5683738213
4.4300000000 0.5885467033 4.0262345314 5.5696579170
4.4310000000 0.5887335854 4.0273326454 5.5709420509
4.4320000000 0.5889208260 4.0284308128 5.5722262383
4.4330000000 0.5891084328 4.0295290260 5.5735104713
4.4340000000 0.5892963905 4.0306273003 5.5747947578
4.4350000000 0.5894847145 4.0317256279 5.5760790901
4.4360000000 0.5896733971 4.0328240013 5.5773634682
4.4370000000 0.5898624458 4.0339224358 5.5786478920
4.4380000000 0.5900518456 4.0350209236 5.5799323692
4.4390000000 0.5902416191 4.0361194649 5.5812168922
4.4400000000 0.5904317513 4.0372180595 5.5825014687
4.4410000000 0.5906222420 4.0383167076 5.5837860832
4.4420000000 0.5908130989 4.0394154091 5.5850707512
4.4430000000 0.5910043221 4.0405141640 5.5863554649
4.4440000000 0.5911959114 4.0416129723 5.5876402321
4.4450000000 0.5913878593 4.0427118416 5.5889250450
4.4460000000 0.5915801735 4.0438107567 5.5902099037
4.4470000000 0.5917728539 4.0449097328 5.5914948158
4.4480000000 0.5919659004 4.0460087624 5.5927797661
4.4490000000 0.5921593132 4.0471078453 5.5940647774
4.4500000000 0.5923530922 4.0482069817 5.5953498268
4.4510000000 0.5925472374 4.0493061714 5.5966349297
4.4520000000 0.5927417488 4.0504054222 5.5979200783
4.4530000000 0.5929366264 4.0515047264 5.5992052727
4.4540000000 0.5931318779 4.0526040840 5.6004905205
4.4550000000 0.5933274956 4.0537034950 5.6017758141
4.4560000000 0.5935234795 4.0548029594 5.6030611610
4.4570000000 0.5937198372 4.0559024849 5.6043465462
4.4580000000 0.5939165611 4.0570020561 5.6056319847
4.4590000000 0.5941136513 4.0581016884 5.6069174767
4.4600000000 0.5943111153 4.0592013817 5.6082030067
4.4610000000 0.5945089531 4.0603011208 5.6094885902
4.4620000000 0.5947071648 4.0614009209 5.6107742271
4.4630000000 0.5949057426 4.0625007744 5.6120599098
4.4640000000 0.5951046944 4.0636006813 5.6133456383
4.4650000000 0.5953040123 4.0647006493 5.6146314125
4.4660000000 0.5955037117 4.0658006706 5.6159172401
4.4670000000 0.5957037773 4.0669007454 5.6172031136
4.4680000000 0.5959042244 4.0680008812 5.6184890327
4.4690000000 0.5961050377 4.0691010704 5.6197750053
4.4700000000 0.5963062325 4.0702013130 5.6210610237
4.4710000000 0.5965078011 4.0713016090 5.6223470879
4.4720000000 0.5967097435 4.0724019661 5.6236332054
4.4730000000 0.5969120598 4.0735023766 5.6249193687
4.4740000000 0.5971147499 4.0746028481 5.6262055855
4.4750000000 0.5973178215 4.0757033730 5.6274918480
4.4760000000 0.5975212746 4.0768039513 5.6287781563
4.4770000000 0.5977250938 4.0779045906 5.6300645103
4.4780000000 0.5979293022 4.0790052834 5.6313509178
4.4790000000 0.5981338844 4.0801060371 5.6326373787
4.4800000000 0.5983388405 4.0812068443 5.6339238777
4.4810000000 0.5985441856 4.0823077126 5.6352104301
4.4820000000 0.5987499046 4.0834086266 5.6364970284
4.4830000000 0.5989560051 4.0845096092 5.6377836800
4.4840000000 0.5991624794 4.0856106453 5.6390703774
4.4850000000 0.5993693428 4.0867117348 5.6403571281
4.4860000000 0.5995765877 4.0878128777 5.6416439171
4.4870000000 0.5997842140 4.0889140892 5.6429307671
4.4880000000 0.5999922218 4.0900153465 5.6442176552
4.4890000000 0.6002006111 4.0911166725 5.6455045967
4.4900000000 0.6004093819 4.0922180443 5.6467915840
4.4910000000 0.6006185417 4.0933194771 5.6480786247
4.4920000000 0.6008280830 4.0944209709 5.6493657112
4.4930000000 0.6010380058 4.0955225182 5.6506528435
4.4940000000 0.6012483177 4.0966241264 5.6519400291
4.4950000000 0.6014590187 4.0977257957 5.6532272606
4.4960000000 0.6016701012 4.0988275108 5.6545145454
4.4970000000 0.6018815651 4.0999292946 5.6558018761
4.4980000000 0.6020934258 4.1010311317 5.6570892525
4.4990000000 0.6023056679 4.1021330299 5.6583766823
4.5000000000 0.6025182991 4.1032349815 5.6596641579
4.5010000000 0.6027313194 4.1043369942 5.6609516792
4.5020000000 0.6029447289 4.1054390602 5.6622392540
4.5030000000 0.6031585274 4.1065411873 5.6635268745
4.5040000000 0.6033727150 4.1076433754 5.6648145485
4.5050000000 0.6035872917 4.1087456169 5.6661022682
4.5060000000 0.6038022652 4.1098479195 5.6673900337
4.5070000000 0.6040176201 4.1109502831 5.6686778526
4.5080000000 0.6042333717 4.1120527000 5.6699657249
4.5090000000 0.6044495201 4.1131551781 5.6712536354
4.5100000000 0.6046660576 4.1142577171 5.6725415993
4.5110000000 0.6048829842 4.1153603096 5.6738296165
4.5120000000 0.6051003075 4.1164629631 5.6751176720
4.5130000000 0.6053180275 4.1175656776 5.6764057884
4.5140000000 0.6055361443 4.1186684456 5.6776939430
4.5150000000 0.6057546501 4.1197712746 5.6789821510
4.5160000000 0.6059735527 4.1208741646 5.6802704124
4.5170000000 0.6061928520 4.1219771156 5.6815587196
4.5180000000 0.6064125481 4.1230801201 5.6828470726
4.5190000000 0.6066326408 4.1241831932 5.6841354790
4.5200000000 0.6068531380 4.1252863121 5.6854239311
4.5210000000 0.6070740242 4.1263894997 5.6867124290
4.5220000000 0.6072953148 4.1274927483 5.6880009804
4.5230000000 0.6075170021 4.1285960503 5.6892895775
4.5240000000 0.6077390938 4.1296994133 5.6905782280
4.5250000000 0.6079615822 4.1308028374 5.6918669243
4.5260000000 0.6081844673 4.1319063225 5.6931556740
4.5270000000 0.6084077568 4.1330098610 5.6944444695
4.5280000000 0.6086314507 4.1341134605 5.6957333183
4.5290000000 0.6088555489 4.1352171288 5.6970222054
4.5300000000 0.6090800438 4.1363208504 5.6983111534
4.5310000000 0.6093049431 4.1374246330 5.6996001472
4.5320000000 0.6095302544 4.1385284691 5.7008891869
4.5330000000 0.6097559624 4.1396323738 5.7021782722
4.5340000000 0.6099820747 4.1407363396 5.7034674110
4.5350000000 0.6102085991 4.1418403587 5.7047566032
4.5360000000 0.6104355278 4.1429444466 5.7060458412
4.5370000000 0.6106628609 4.1440485878 5.7073351250
4.5380000000 0.6108905983 4.1451527901 5.7086244621
4.5390000000 0.6111187477 4.1462570534 5.7099138451
4.5400000000 0.6113473091 4.1473613777 5.7112032814
4.5410000000 0.6115762749 4.1484657631 5.7124927635
4.5420000000 0.6118056526 4.1495702095 5.7137822990
4.5430000000 0.6120354424 4.1506747169 5.7150718803
4.5440000000 0.6122656364 4.1517792854 5.7163615074
4.5450000000 0.6124962425 4.1528839149 5.7176511879
4.5460000000 0.6127272682 4.1539886055 5.7189409218
4.5470000000 0.6129586983 4.1550933571 5.7202306938
4.5480000000 0.6131905479 4.1561981697 5.7215205269
4.5490000000 0.6134228096 4.1573030434 5.7228103981
4.5500000000 0.6136554832 4.1584079781 5.7241003304
4.5510000000 0.6138885689 4.1595129738 5.7253903008
4.5520000000 0.6141220741 4.1606180305 5.7266803246
4.5530000000 0.6143559990 4.1617231483 5.7279704018
4.5540000000 0.6145903358 4.1628283348 5.7292605248
4.5550000000 0.6148250847 4.1639335747 5.7305507011
4.5560000000 0.6150602608 4.1650388756 5.7318409233
4.5570000000 0.6152958488 4.1661442451 5.7331311913
4.5580000000 0.6155318642 4.1672496681 5.7344215126
4.5590000000 0.6157682915 4.1683551598 5.7357118797
4.5600000000 0.6160051384 4.1694607124 5.7370023003
4.5610000000 0.6162424126 4.1705663185 5.7382927742
4.5620000000 0.6164801064 4.1716719933 5.7395832863
4.5630000000 0.6167182198 4.1727777367 5.7408738594
4.5640000000 0.6169567528 4.1738835335 5.7421644707
4.5650000000 0.6171957207 4.1749893913 5.7434551430
4.5660000000 0.6174351006 4.1760953178 5.7447458534
4.5670000000 0.6176749153 4.1772013054 5.7460366249
4.5680000000 0.6179151497 4.1783073540 5.7473274345
4.5690000000 0.6181558113 4.1794134636 5.7486183052
4.5700000000 0.6183968925 4.1805196419 5.7499092140
4.5710000000 0.6186384087 4.1816258736 5.7512001762
4.5720000000 0.6188803520 4.1827321739 5.7524911919
4.5730000000 0.6191227226 4.1838385353 5.7537822533
4.5740000000 0.6193655281 4.1849449654 5.7550733681
4.5750000000 0.6196087608 4.1860514488 5.7563645287
4.5760000000 0.6198524208 4.1871580009 5.7576557426
4.5770000000 0.6200965157 4.1882646141 5.7589470024
4.5780000000 0.6203410378 4.1893712959 5.7602383080
4.5790000000 0.6205859947 4.1904780312 5.7615296745
4.5800000000 0.6208313866 4.1915848351 5.7628210793
4.5810000000 0.6210772133 4.1926917000 5.7641125374
4.5820000000 0.6213234749 4.1937986336 5.7654040489
4.5830000000 0.6215701637 4.1949056282 5.7666956062
4.5840000000 0.6218172951 4.1960126839 5.7679872169
4.5850000000 0.6220648689 4.1971198082 5.7692788734
4.5860000000 0.6223128700 4.1982269936 5.7705705833
4.5870000000 0.6225613136 4.1993342400 5.7718623390
4.5880000000 0.6228101997 4.2004415474 5.7731541405
4.5890000000 0.6230595207 4.2015489235 5.7744460030
4.5900000000 0.6233092842 4.2026563683 5.7757379036
4.5910000000 0.6235594902 4.2037638741 5.7770298653
4.5920000000 0.6238101387 4.2048714409 5.7783218651
4.5930000000 0.6240612221 4.2059790688 5.7796139259
4.5940000000 0.6243127556 4.2070867653 5.7809060326
4.5950000000 0.6245647316 4.2081945305 5.7821981850
4.5960000000 0.6248171577 4.2093023567 5.7834903908
4.5970000000 0.6250700264 4.2104102440 5.7847826424
4.5980000000 0.6253233376 4.2115181999 5.7860749474
4.5990000000 0.6255770988 4.2126262169 5.7873673058
4.6000000000 0.6258313026 4.2137342949 5.7886597099
4.6010000000 0.6260859642 4.2148424492 5.7899521599
4.6020000000 0.6263410683 4.2159506569 5.7912446632
4.6030000000 0.6265966301 4.2170589333 5.7925372200
4.6040000000 0.6268526344 4.2181672783 5.7938298225
4.6050000000 0.6271090965 4.2192756844 5.7951224785
4.6060000000 0.6273660088 4.2203841591 5.7964151802
4.6070000000 0.6276233711 4.2214926949 5.7977079353
4.6080000000 0.6278811913 4.2226012993 5.7990007362
4.6090000000 0.6281394691 4.2237099648 5.8002935905
4.6100000000 0.6283981972 4.2248186989 5.8015864906
4.6110000000 0.6286573906 4.2259274940 5.8028794441
4.6120000000 0.6289170341 4.2270363579 5.8041724510
4.6130000000 0.6291771355 4.2281452904 5.8054655037
4.6140000000 0.6294376945 4.2292542839 5.8067586021
4.6150000000 0.6296987190 4.2303633461 5.8080517616
4.6160000000 0.6299602013 4.2314724693 5.8093449593
4.6170000000 0.6302221489 4.2325816612 5.8106382179
4.6180000000 0.6304845543 4.2336909218 5.8119315147
4.6190000000 0.6307474251 4.2348002434 5.8132248726
4.6200000000 0.6310107613 4.2359096336 5.8145182762
4.6210000000 0.6312745628 4.2370190926 5.8158117256
4.6220000000 0.6315388298 4.2381286125 5.8171052284
4.6230000000 0.6318035622 4.2392382011 5.8183987846
4.6240000000 0.6320687675 4.2403478508 5.8196923866
4.6250000000 0.6323344383 4.2414575768 5.8209860420
4.6260000000 0.6326005745 4.2425673637 5.8222797432
4.6270000000 0.6328671837 4.2436772118 5.8235734978
4.6280000000 0.6331342659 4.2447871361 5.8248673058
4.6290000000 0.6334018211 4.2458971214 5.8261611595
4.6300000000 0.6336698494 4.2470071754 5.8274550667
4.6310000000 0.6339383507 4.2481172905 5.8287490196
4.6320000000 0.6342073250 4.2492274818 5.8300430260
4.6330000000 0.6344767723 4.2503377342 5.8313370781
4.6340000000 0.6347467079 4.2514480553 5.8326311836
4.6350000000 0.6350171089 4.2525584373 5.8339253426
4.6360000000 0.6352879982 4.2536688957 5.8352195473
4.6370000000 0.6355593605 4.2547794151 5.8365138054
4.6380000000 0.6358312111 4.2558900032 5.8378081093
4.6390000000 0.6361035347 4.2570006599 5.8391024666
4.6400000000 0.6363763466 4.2581113853 5.8403968773
4.6410000000 0.6366496391 4.2592221718 5.8416913338
4.6420000000 0.6369234200 4.2603330269 5.8429858360
4.6430000000 0.6371976891 4.2614439583 5.8442803993
4.6440000000 0.6374724388 4.2625549507 5.8455750084
4.6450000000 0.6377476768 4.2636660118 5.8468696632
4.6460000000 0.6380234032 4.2647771339 5.8481643715
4.6470000000 0.6382996254 4.2658883324 5.8494591331
4.6480000000 0.6385763359 4.2669995995 5.8507539406
4.6490000000 0.6388535347 4.2681109276 5.8520488014
4.6500000000 0.6391312294 4.2692223320 5.8533437157
4.6510000000 0.6394094124 4.2703337975 5.8546386757
4.6520000000 0.6396880989 4.2714453316 5.8559336891
4.6530000000 0.6399672737 4.2725569344 5.8572287483
4.6540000000 0.6402469521 4.2736686134 5.8585238609
4.6550000000 0.6405271263 4.2747803535 5.8598190269
4.6560000000 0.6408078041 4.2758921623 5.8611142387
4.6570000000 0.6410889778 4.2770040398 5.8624095039
4.6580000000 0.6413706474 4.2781159859 5.8637048225
4.6590000000 0.6416528282 4.2792280006 5.8650001869
4.6600000000 0.6419355125 4.2803400841 5.8662955971
4.6610000000 0.6422187004 4.2814522362 5.8675910683
4.6620000000 0.6425023918 4.2825644569 5.8688865852
4.6630000000 0.6427865944 4.2836767464 5.8701821480
4.6640000000 0.6430713005 4.2847891045 5.8714777718
4.6650000000 0.6433565178 4.2859015312 5.8727734413
4.6660000000 0.6436422462 4.2870140266 5.8740691566
4.6670000000 0.6439284935 4.2881265984 5.8753649254
4.6680000000 0.6442152443 4.2892392311 5.8766607475
4.6690000000 0.6445025139 4.2903519325 5.8779566231
4.6700000000 0.6447903023 4.2914647102 5.8792525444
4.6710000000 0.6450786018 4.2925775490 5.8805485115
4.6720000000 0.6453674202 4.2936904640 5.8818445396
4.6730000000 0.6456567574 4.2948034477 5.8831406136
4.6740000000 0.6459466133 4.2959165001 5.8844367332
4.6750000000 0.6462369957 4.2970296211 5.8857329140
4.6760000000 0.6465278969 4.2981428108 5.8870291405
4.6770000000 0.6468193245 4.2992560768 5.8883254128
4.6780000000 0.6471112785 4.3003694038 5.8896217461
4.6790000000 0.6474037590 4.3014828072 5.8909181175
4.6800000000 0.6476967659 4.3025962791 5.8922145500
4.6810000000 0.6479903069 4.3037098198 5.8935110283
4.6820000000 0.6482843742 4.3048234291 5.8948075600
4.6830000000 0.6485789757 4.3059371071 5.8961041451
4.6840000000 0.6488741035 4.3070508614 5.8974007759
4.6850000000 0.6491697731 4.3081646843 5.8986974602
4.6860000000 0.6494659767 4.3092785759 5.8999941902
4.6870000000 0.6497627220 4.3103925438 5.9012909813
4.6880000000 0.6500600014 4.3115065727 5.9025878105
4.6890000000 0.6503578224 4.3126206779 5.9038847008
4.6900000000 0.6506561852 4.3137348518 5.9051816368
4.6910000000 0.6509550896 4.3148491020 5.9064786263
4.6920000000 0.6512545433 4.3159634132 5.9077756691
4.6930000000 0.6515545387 4.3170778008 5.9090727577
4.6940000000 0.6518550835 4.3181922646 5.9103698998
4.6950000000 0.6521561699 4.3193067894 5.9116670952
4.6960000000 0.6524578133 4.3204213905 5.9129643364
4.6970000000 0.6527600060 4.3215360680 5.9142616310
4.6980000000 0.6530627556 4.3226508064 5.9155589790
4.6990000000 0.6533660622 4.3237656212 5.9168563728
4.7000000000 0.6536699181 4.3248805046 5.9181538200
4.7010000000 0.6539743385 4.3259954643 5.9194513206
4.7020000000 0.6542793083 4.3271104927 5.9207488670
4.7030000000 0.6545848503 4.3282255974 5.9220464668
4.7040000000 0.6548909492 4.3293407631 5.9233441200
4.7050000000 0.6551976128 4.3304560127 5.9246418266
4.7060000000 0.6555048409 4.3315713234 5.9259395790
4.7070000000 0.6558126411 4.3326867104 5.9272373848
4.7080000000 0.6561210060 4.3338021736 5.9285352364
4.7090000000 0.6564299431 4.3349177055 5.9298331490
4.7100000000 0.6567394447 4.3360333061 5.9311311073
4.7110000000 0.6570495338 4.3371489830 5.9324291115
4.7120000000 0.6573601875 4.3382647285 5.9337271767
4.7130000000 0.6576714211 4.3393805504 5.9350252876
4.7140000000 0.6579832344 4.3404964409 5.9363234520
4.7150000000 0.6582956352 4.3416124077 5.9376216621
4.7160000000 0.6586086082 4.3427284431 5.9389199333
4.7170000000 0.6589221687 4.3438445549 5.9402182503
4.7180000000 0.6592363167 4.3449607353 5.9415166130
4.7190000000 0.6595510521 4.3460769920 5.9428150368
4.7200000000 0.6598663750 4.3471933174 5.9441135063
4.7210000000 0.6601822929 4.3483097191 5.9454120293
4.7220000000 0.6604987984 4.3494261894 5.9467105980
4.7230000000 0.6608159065 4.3505427361 5.9480092278
4.7240000000 0.6611336021 4.3516593590 5.9493079033
4.7250000000 0.6614519081 4.3527760506 5.9506066322
4.7260000000 0.6617708092 4.3538928108 5.9519054070
4.7270000000 0.6620903053 4.3550096550 5.9532042351
4.7280000000 0.6624104118 4.3561265678 5.9545031166
4.7290000000 0.6627311287 4.3572435493 5.9558020515
4.7300000000 0.6630524483 4.3583606071 5.9571010399
4.7310000000 0.6633743858 4.3594777412 5.9584000740
4.7320000000 0.6636969261 4.3605949440 5.9596991615
4.7330000000 0.6640200844 4.3617122231 5.9609982948
4.7340000000 0.6643438606 4.3628295784 5.9622974892
4.7350000000 0.6646682549 4.3639470024 5.9635967293
4.7360000000 0.6649932671 4.3650645027 5.9648960228
4.7370000000 0.6653189049 4.3661820793 5.9661953697
4.7380000000 0.6656451683 4.3672997322 5.9674947624
4.7390000000 0.6659720573 4.3684174538 5.9687942085
4.7400000000 0.6662995720 4.3695352516 5.9700937080
4.7410000000 0.6666277199 4.3706531181 5.9713932610
4.7420000000 0.6669565010 4.3717710609 5.9726928596
4.7430000000 0.6672859230 4.3728890800 5.9739925194
4.7440000000 0.6676159782 4.3740071754 5.9752922173
4.7450000000 0.6679466743 4.3751253471 5.9765919762
4.7460000000 0.6682780113 4.3762435875 5.9778917885
4.7470000000 0.6686099892 4.3773619041 5.9791916466
4.7480000000 0.6689426231 4.3784802971 5.9804915581
4.7490000000 0.6692758980 4.3795987663 5.9817915230
4.7500000000 0.6696098289 4.3807173042 5.9830915337
4.7510000000 0.6699444160 4.3818359184 5.9843916054
4.7520000000 0.6702796516 4.3829546089 5.9856917229
4.7530000000 0.6706155510 4.3840733757 5.9869918938
4.7540000000 0.6709521141 4.3851922188 5.9882921104
4.7550000000 0.6712893410 4.3863111382 5.9895923882
4.7560000000 0.6716272316 4.3874301262 5.9908927116
4.7570000000 0.6719657936 4.3885491905 5.9921930885
4.7580000000 0.6723050270 4.3896683388 5.9934935188
4.7590000000 0.6726449318 4.3907875557 5.9947939949
4.7600000000 0.6729855156 4.3919068489 5.9960945320
4.7610000000 0.6733267784 4.3930262184 5.9973951149
4.7620000000 0.6736687202 4.3941456566 5.9986957512
4.7630000000 0.6740113487 4.3952651787 5.9999964409
