0.0191000000 0.0141191455
0.0201000000 0.0148581494
0.0281000000 0.0207687354
0.0291000000 0.0215073584
0.0301000000 0.0222459326
0.0311000000 0.0229844580
0.0321000000 0.0237229248
0.0331000000 0.0244613428
0.0341000000 0.0251997021
0.0351000000 0.0259380029
0.0361000000 0.0266762354
0.0371000000 0.0274144189
0.0381000000 0.0281525244
0.0391000000 0.0288905713
0.0401000000 0.0296285596
0.0411000000 0.0303664697
0.0421000000 0.0311043115
0.0431000000 0.0318420850
0.0441000000 0.0325797803
0.0451000000 0.0333173975
0.0461000000 0.0340549365
0.0471000000 0.0347924072
0.0481000000 0.0355297900
0.0491000000 0.0362670850
0.0501000000 0.0370043018
0.0511000000 0.0377414307
0.0521000000 0.0384784814
0.0531000000 0.0392154346
0.0541000000 0.0399522998
0.0551000000 0.0406890674
0.0561000000 0.0414257471
0.0571000000 0.0421623193
0.0581000000 0.0428988037
0.0591000000 0.0436351904
0.0601000000 0.0443714697
0.0611000000 0.0451076514
0.0621000000 0.0458437256
0.0631000000 0.0465796924
0.0641000000 0.0473155615
0.0651000000 0.0480513037
0.0661000000 0.0487869482
0.0671000000 0.0495224756
0.0681000000 0.0502578857
0.0691000000 0.0509931885
0.0701000000 0.0517283643
0.0711000000 0.0524634229
0.0721000000 0.0531983643
0.0731000000 0.0539331787
0.0741000000 0.0546678662
0.0751000000 0.0554024268
0.0761000000 0.0561368604
0.0771000000 0.0568711670
0.0781000000 0.0576053467
0.0791000000 0.0583393799
0.0801000000 0.0590732861
0.0811000000 0.0598070654
0.0821000000 0.0605406885
0.0831000000 0.0612741846
0.0841000000 0.0620075342
0.0851000000 0.0627407471
0.0861000000 0.0634738037
0.0871000000 0.0642067236
0.0881000000 0.0649394873
0.0891000000 0.0656721045
0.0901000000 0.0664045752
0.0911000000 0.0671368896
0.0921000000 0.0678690479
0.0931000000 0.0686010498
0.0941000000 0.0693328955
0.0951000000 0.0700645752
0.0961000000 0.0707960986
0.0971000000 0.0715274658
0.0981000000 0.0722586572
0.0991000000 0.0729896826
0.1001000000 0.0737205420
0.1011000000 0.0744512354
0.1021000000 0.0751817627
0.1031000000 0.0759121045
0.1041000000 0.0766422803
0.1051000000 0.0773722705
0.1061000000 0.0781020947
0.1071000000 0.0788317334
0.1081000000 0.0795611865
0.1091000000 0.0802904639
0.1101000000 0.0810195557
0.1111000000 0.0817484619
0.1121000000 0.0824771729
0.1131000000 0.0832057080
0.1141000000 0.0839340381
0.1151000000 0.0846621826
0.1161000000 0.0853901318
0.1171000000 0.0861178857
0.1181000000 0.0868454443
0.1191000000 0.0875727979
0.1201000000 0.0882999561
0.1211000000 0.0890269092
0.1221000000 0.0897536670
0.1231000000 0.0904802100
0.1241000000 0.0912065479
0.1251000000 0.0919326807
0.1261000000 0.0926585986
0.1271000000 0.0933843018
0.1281000000 0.0941097998
0.1291000000 0.0948350732
0.1301000000 0.0955601416
0.1311000000 0.0962849756
0.1321000000 0.0970096045
0.1331000000 0.0977340088
0.1341000000 0.0984581885
0.1351000000 0.0991821436
0.1361000000 0.0999058643
0.1371000000 0.1006293701
0.1381000000 0.1013526416
0.1391000000 0.1020756787
0.1401000000 0.1027984814
0.1411000000 0.1035210596
0.1421000000 0.1042433936
0.1431000000 0.1049654932
0.1441000000 0.1056873584
0.1451000000 0.1064089795
0.1461000000 0.1071303564
0.1471000000 0.1078514893
0.1481000000 0.1085723779
0.1491000000 0.1092930225
0.1501000000 0.1100134131
0.1511000000 0.1107335596
0.1521000000 0.1114534521
0.1531000000 0.1121731006
0.1541000000 0.1128924854
0.1551000000 0.1136116162
0.1561000000 0.1143304834
0.1571000000 0.1150490967
0.1581000000 0.1157674561
0.1591000000 0.1164855420
0.1601000000 0.1172033740
0.1611000000 0.1179209326
0.1621000000 0.1186382275
0.1631000000 0.1193552588
0.1641000000 0.1200720166
0.1651000000 0.1207885010
0.1661000000 0.1215047217
0.1671000000 0.1222206592
0.1681000000 0.1229363232
0.1691000000 0.1236517041
0.1701000000 0.1243668115
0.1711000000 0.1250816455
0.1721000000 0.1257961865
0.1731000000 0.1265104541
0.1741000000 0.1272244287
0.1751000000 0.1279381201
0.1761000000 0.1286515186
0.1771000000 0.1293646338
0.1781000000 0.1300774561
0.1791000000 0.1307899951
0.1801000000 0.1315022314
0.1811000000 0.1322141748
0.1821000000 0.1329258154
0.1831000000 0.1336371631
0.1841000000 0.1343482178
0.1851000000 0.1350589600
0.1861000000 0.1357694092
0.1871000000 0.1364795459
0.1881000000 0.1371893896
0.1891000000 0.1378989111
0.1901000000 0.1386081396
0.1911000000 0.1393170459
0.1921000000 0.1400256494
0.1931000000 0.1407339307
0.1941000000 0.1414419092
0.1951000000 0.1421495654
0.1961000000 0.1428569092
0.1971000000 0.1435639307
0.1981000000 0.1442706396
0.1991000000 0.1449770166
0.2001000000 0.1456830811
0.2011000000 0.1463888135
0.2021000000 0.1470942236
0.2031000000 0.1477993115
0.2041000000 0.1485040674
0.2051000000 0.1492084912
0.2061000000 0.1499125928
0.2071000000 0.1506163525
0.2081000000 0.1513197900
0.2091000000 0.1520228857
0.2101000000 0.1527256396
0.2111000000 0.1534280615
0.2121000000 0.1541301416
0.2131000000 0.1548318896
0.2141000000 0.1555332861
0.2151000000 0.1562343408
0.2161000000 0.1569350537
0.2171000000 0.1576354248
0.2181000000 0.1583354443
0.2191000000 0.1590351123
0.2201000000 0.1597344385
0.2211000000 0.1604334033
0.2221000000 0.1611320264
0.2231000000 0.1618302881
0.2241000000 0.1625281982
0.2251000000 0.1632257471
0.2261000000 0.1639229443
0.2271000000 0.1646197803
0.2281000000 0.1653162549
0.2291000000 0.1660123682
0.2301000000 0.1667081201
0.2311000000 0.1674035010
0.2321000000 0.1680985303
0.2331000000 0.1687931787
0.2341000000 0.1694874658
0.2351000000 0.1701813818
0.2361000000 0.1708749268
0.2371000000 0.1715681006
0.2381000000 0.1722609033
0.2391000000 0.1729533350
0.2401000000 0.1736453857
0.2411000000 0.1743370557
0.2421000000 0.1750283545
0.2431000000 0.1757192725
0.2441000000 0.1764098096
0.2451000000 0.1770999658
0.2461000000 0.1777897314
0.2471000000 0.1784791260
0.2481000000 0.1791681201
0.2491000000 0.1798567432
0.2501000000 0.1805449658
0.2511000000 0.1812328076
0.2521000000 0.1819202588
0.2531000000 0.1826073096
0.2541000000 0.1832939795
0.2551000000 0.1839802490
0.2561000000 0.1846661279
0.2571000000 0.1853516064
0.2581000000 0.1860366846
0.2591000000 0.1867213721
0.2601000000 0.1874056592
0.2611000000 0.1880895361
0.2621000000 0.1887730225
0.2631000000 0.1894560986
0.2641000000 0.1901387744
0.2651000000 0.1908210498
0.2661000000 0.1915029053
0.2671000000 0.1921843701
0.2681000000 0.1928654150
0.2691000000 0.1935460498
0.2701000000 0.1942262744
0.2711000000 0.1949060889
0.2721000000 0.1955854932
0.2731000000 0.1962644873
0.2741000000 0.1969430615
0.2751000000 0.1976212158
0.2761000000 0.1982989502
0.2771000000 0.1989762744
0.2781000000 0.1996531787
0.2791000000 0.2003296631
0.2801000000 0.2010057178
0.2811000000 0.2016813623
0.2821000000 0.2023565771
0.2831000000 0.2030313623
0.2841000000 0.2037057275
0.2851000000 0.2043796631
0.2861000000 0.2050531787
0.2871000000 0.2057262549
0.2881000000 0.2063989111
0.2891000000 0.2070711279
0.2901000000 0.2077429248
0.2911000000 0.2084142822
0.2921000000 0.2090852002
0.2931000000 0.2097556885
0.2941000000 0.2104257471
0.2951000000 0.2110953662
0.2961000000 0.2117645459
0.2971000000 0.2124332861
0.2981000000 0.2131015869
0.2991000000 0.2137694580
