3.7341000000 0.0000900307
3.7351000000 0.0002183495
3.7361000000 0.0003465157
3.7371000000 0.0004745140
3.7381000000 0.0006023598
3.7391000000 0.0007300453
3.7401000000 0.0008575706
3.7411000000 0.0009849358
3.7421000000 0.0011121407
3.7431000000 0.0012391853
3.7441000000 0.0013660698
3.7451000000 0.0014928017
3.7461000000 0.0016193733
3.7471000000 0.0017457848
3.7481000000 0.0018720360
3.7491000000 0.0019981346
3.7501000000 0.0021240654
3.7511000000 0.0022498436
3.7521000000 0.0023754692
3.7531000000 0.0025009270
3.7541000000 0.0026262321
3.7551000000 0.0027513771
3.7561000000 0.0028763695
3.7571000000 0.0030012016
3.7581000000 0.0031258736
3.7591000000 0.0032503929
3.7601000000 0.0033747520
3.7611000000 0.0034989510
3.7621000000 0.0036229973
3.7631000000 0.0037468910
3.7641000000 0.0038706169
3.7651000000 0.0039941978
3.7661000000 0.0041176186
3.7671000000 0.0042408791
3.7681000000 0.0043639870
3.7691000000 0.0044869347
3.7701000000 0.0046097298
3.7711000000 0.0047323723
3.7721000000 0.0048548546
3.7731000000 0.0049771767
3.7741000000 0.0050993538
3.7751000000 0.0052213707
3.7761000000 0.0053432274
3.7771000000 0.0054649315
3.7781000000 0.0055864830
3.7791000000 0.0057078819
3.7801000000 0.0058291206
3.7811000000 0.0059502068
3.7821000000 0.0060711403
3.7831000000 0.0061919136
3.7841000000 0.0063125343
3.7851000000 0.0064330025
3.7861000000 0.0065533180
3.7871000000 0.0066734734
3.7881000000 0.0067934837
3.7891000000 0.0069133339
3.7901000000 0.0070330315
3.7911000000 0.0071525764
3.7921000000 0.0072719612
3.7931000000 0.0073912010
3.7941000000 0.0075102806
3.7951000000 0.0076292076
3.7961000000 0.0077479897
3.7971000000 0.0078666115
3.7981000000 0.0079850807
3.7991000000 0.0081033974
3.8001000000 0.0082215614
3.8011000000 0.0083395729
3.8021000000 0.0084574318
3.8031000000 0.0085751381
3.8041000000 0.0086926918
3.8051000000 0.0088100929
3.8061000000 0.0089273415
3.8071000000 0.0090444374
3.8081000000 0.0091613884
3.8091000000 0.0092781792
3.8101000000 0.0093948174
3.8111000000 0.0095113106
3.8121000000 0.0096276436
3.8131000000 0.0097438316
3.8141000000 0.0098598671
3.8151000000 0.0099757500
3.8161000000 0.0100914879
3.8171000000 0.0102070656
3.8181000000 0.0103224983
3.8191000000 0.0104377785
3.8201000000 0.0105529060
3.8211000000 0.0106678810
3.8221000000 0.0107827110
3.8231000000 0.0108973808
3.8241000000 0.0110119133
3.8251000000 0.0111262856
3.8261000000 0.0112405128
3.8271000000 0.0113545876
3.8281000000 0.0114685097
3.8291000000 0.0115822868
3.8301000000 0.0116959114
3.8311000000 0.0118093834
3.8321000000 0.0119227104
3.8331000000 0.0120358849
3.8341000000 0.0121489143
3.8351000000 0.0122617912
3.8361000000 0.0123745155
3.8371000000 0.0124870949
3.8381000000 0.0125995216
3.8391000000 0.0127118034
3.8401000000 0.0128239326
3.8411000000 0.0129359169
3.8421000000 0.0130477486
3.8431000000 0.0131594353
3.8441000000 0.0132709694
3.8451000000 0.0133823586
3.8461000000 0.0134935951
3.8471000000 0.0136046867
3.8481000000 0.0137156258
3.8491000000 0.0138264198
3.8501000000 0.0139370689
3.8511000000 0.0140475655
3.8521000000 0.0141579170
3.8531000000 0.0142681160
3.8541000000 0.0143781700
3.8551000000 0.0144880791
3.8561000000 0.0145978355
3.8571000000 0.0147074471
3.8581000000 0.0148169136
3.8591000000 0.0149262276
3.8601000000 0.0150353966
3.8611000000 0.0151444206
3.8621000000 0.0152532921
3.8631000000 0.0153620262
3.8641000000 0.0154706078
3.8651000000 0.0155790367
3.8661000000 0.0156873283
3.8671000000 0.0157954674
3.8681000000 0.0159034615
3.8691000000 0.0160113106
3.8701000000 0.0161190147
3.8711000000 0.0162265663
3.8721000000 0.0163339806
3.8731000000 0.0164412422
3.8741000000 0.0165483589
3.8751000000 0.0166553307
3.8761000000 0.0167621574
3.8771000000 0.0168688316
3.8781000000 0.0169753685
3.8791000000 0.0170817528
3.8801000000 0.0171879997
3.8811000000 0.0172940941
3.8821000000 0.0174000435
3.8831000000 0.0175058556
3.8841000000 0.0176115150
3.8851000000 0.0177170296
3.8861000000 0.0178223991
3.8871000000 0.0179276237
3.8881000000 0.0180327034
3.8891000000 0.0181376457
3.8901000000 0.0182424355
3.8911000000 0.0183470802
3.8921000000 0.0184515800
3.8931000000 0.0185559425
3.8941000000 0.0186601524
3.8951000000 0.0187642250
3.8961000000 0.0188681450
3.8971000000 0.0189719276
3.8981000000 0.0190755653
3.8991000000 0.0191790504
3.9001000000 0.0192823982
3.9011000000 0.0193856087
3.9021000000 0.0194886665
3.9031000000 0.0195915794
3.9041000000 0.0196943550
3.9051000000 0.0197969856
3.9061000000 0.0198994713
3.9071000000 0.0200018120
3.9081000000 0.0201040077
3.9091000000 0.0202060661
3.9101000000 0.0203079796
3.9111000000 0.0204097481
3.9121000000 0.0205113716
3.9131000000 0.0206128578
3.9141000000 0.0207141991
3.9151000000 0.0208153954
3.9161000000 0.0209164467
3.9171000000 0.0210173607
3.9181000000 0.0211181297
3.9191000000 0.0212187538
3.9201000000 0.0213192406
3.9211000000 0.0214195824
3.9221000000 0.0215197792
3.9231000000 0.0216198387
3.9241000000 0.0217197533
3.9251000000 0.0218195229
3.9261000000 0.0219191551
3.9271000000 0.0220186424
3.9281000000 0.0221179848
3.9291000000 0.0222171898
3.9301000000 0.0223162575
3.9311000000 0.0224151726
3.9321000000 0.0225139580
3.9331000000 0.0226125908
3.9341000000 0.0227110939
3.9351000000 0.0228094444
3.9361000000 0.0229076576
3.9371000000 0.0230057335
3.9381000000 0.0231036644
3.9391000000 0.0232014503
3.9401000000 0.0232990990
3.9411000000 0.0233966103
3.9421000000 0.0234939766
3.9431000000 0.0235912056
3.9441000000 0.0236882896
3.9451000000 0.0237852287
3.9461000000 0.0238820381
3.9471000000 0.0239786949
3.9481000000 0.0240752220
3.9491000000 0.0241716042
3.9501000000 0.0242678490
3.9511000000 0.0243639488
3.9521000000 0.0244599113
3.9531000000 0.0245557289
3.9541000000 0.0246514091
3.9551000000 0.0247469521
3.9561000000 0.0248423500
3.9571000000 0.0249376106
3.9581000000 0.0250327339
3.9591000000 0.0251277122
3.9601000000 0.0252225533
3.9611000000 0.0253172569
3.9621000000 0.0254118156
3.9631000000 0.0255062370
3.9641000000 0.0256005211
3.9651000000 0.0256946678
3.9661000000 0.0257886696
3.9671000000 0.0258825340
3.9681000000 0.0259762611
3.9691000000 0.0260698433
3.9701000000 0.0261632957
3.9711000000 0.0262566032
3.9721000000 0.0263497734
3.9731000000 0.0264427986
3.9741000000 0.0265356941
3.9751000000 0.0266284447
3.9761000000 0.0267210579
3.9771000000 0.0268135338
3.9781000000 0.0269058723
3.9791000000 0.0269980659
3.9801000000 0.0270901299
3.9811000000 0.0271820488
3.9821000000 0.0272738304
3.9831000000 0.0273654747
3.9841000000 0.0274569817
3.9851000000 0.0275483513
3.9861000000 0.0276395760
3.9871000000 0.0277306709
3.9881000000 0.0278216209
3.9891000000 0.0279124413
3.9901000000 0.0280031166
3.9911000000 0.0280936546
3.9921000000 0.0281840553
3.9931000000 0.0282743263
3.9941000000 0.0283644524
3.9951000000 0.0284544411
3.9961000000 0.0285442924
3.9971000000 0.0286340065
3.9981000000 0.0287235832
3.9991000000 0.0288130226
4.0001000000 0.0289023247
4.0011000000 0.0289914894
4.0021000000 0.0290805168
4.0031000000 0.0291694069
4.0041000000 0.0292581596
4.0051000000 0.0293467751
4.0061000000 0.0294352531
4.0071000000 0.0295235939
4.0081000000 0.0296117973
4.0091000000 0.0296998711
4.0101000000 0.0297877998
4.0111000000 0.0298755989
4.0121000000 0.0299632530
4.0131000000 0.0300507774
4.0141000000 0.0301381645
4.0151000000 0.0302254066
4.0161000000 0.0303125191
4.0171000000 0.0303995018
4.0181000000 0.0304863396
4.0191000000 0.0305730400
4.0201000000 0.0306596107
4.0211000000 0.0307460442
4.0221000000 0.0308323326
4.0231000000 0.0309184914
4.0241000000 0.0310045204
4.0251000000 0.0310904045
4.0261000000 0.0311761589
4.0271000000 0.0312617683
4.0281000000 0.0313472481
4.0291000000 0.0314325981
4.0301000000 0.0315178032
4.0311000000 0.0316028786
4.0321000000 0.0316878166
4.0331000000 0.0317726173
4.0341000000 0.0318572807
4.0351000000 0.0319418144
4.0361000000 0.0320262108
4.0371000000 0.0321104698
4.0381000000 0.0321945915
4.0391000000 0.0322785835
4.0401000000 0.0323624382
4.0411000000 0.0324461555
4.0421000000 0.0325297432
4.0431000000 0.0326131859
4.0441000000 0.0326965065
4.0451000000 0.0327796822
4.0461000000 0.0328627281
4.0471000000 0.0329456367
4.0481000000 0.0330284157
4.0491000000 0.0331110497
4.0501000000 0.0331935616
4.0511000000 0.0332759285
4.0521000000 0.0333581657
4.0531000000 0.0334402657
4.0541000000 0.0335222359
4.0551000000 0.0336040688
4.0561000000 0.0336857719
4.0571000000 0.0337673302
4.0581000000 0.0338487663
4.0591000000 0.0339300575
4.0601000000 0.0340112190
4.0611000000 0.0340922508
4.0621000000 0.0341731453
4.0631000000 0.0342539024
4.0641000000 0.0343345299
4.0651000000 0.0344150200
4.0661000000 0.0344953804
4.0671000000 0.0345756035
4.0681000000 0.0346556892
4.0691000000 0.0347356529
4.0701000000 0.0348154716
4.0711000000 0.0348951607
4.0721000000 0.0349747200
4.0731000000 0.0350541420
4.0741000000 0.0351334267
4.0751000000 0.0352125816
4.0761000000 0.0352916069
4.0771000000 0.0353704948
4.0781000000 0.0354492455
4.0791000000 0.0355278664
4.0801000000 0.0356063576
4.0811000000 0.0356847115
4.0821000000 0.0357629356
4.0831000000 0.0358410225
4.0841000000 0.0359189796
4.0851000000 0.0359968071
4.0861000000 0.0360744972
4.0871000000 0.0361520500
4.0881000000 0.0362294731
4.0891000000 0.0363067665
4.0901000000 0.0363839302
4.0911000000 0.0364609489
4.0921000000 0.0365378456
4.0931000000 0.0366146049
4.0941000000 0.0366912346
4.0951000000 0.0367677269
4.0961000000 0.0368440895
4.0971000000 0.0369203224
4.0981000000 0.0369964180
4.0991000000 0.0370723839
4.1001000000 0.0371482201
4.1011000000 0.0372239189
4.1021000000 0.0372994881
4.1031000000 0.0373749275
4.1041000000 0.0374502296
4.1051000000 0.0375254021
4.1061000000 0.0376004448
4.1071000000 0.0376753502
4.1081000000 0.0377501259
4.1091000000 0.0378247719
4.1101000000 0.0378992805
4.1111000000 0.0379736595
4.1121000000 0.0380479088
4.1131000000 0.0381220284
4.1141000000 0.0381960106
4.1151000000 0.0382698631
4.1161000000 0.0383435860
4.1171000000 0.0384171715
4.1181000000 0.0384906349
4.1191000000 0.0385639610
4.1201000000 0.0386371498
4.1211000000 0.0387102165
4.1221000000 0.0387831459
4.1231000000 0.0388559456
4.1241000000 0.0389286156
4.1251000000 0.0390011559
4.1261000000 0.0390735588
4.1271000000 0.0391458397
4.1281000000 0.0392179832
4.1291000000 0.0392899895
4.1301000000 0.0393618736
4.1311000000 0.0394336281
4.1321000000 0.0395052452
4.1331000000 0.0395767326
4.1341000000 0.0396480904
4.1351000000 0.0397193184
4.1361000000 0.0397904091
4.1371000000 0.0398613777
4.1381000000 0.0399322090
4.1391000000 0.0400029106
4.1401000000 0.0400734825
4.1411000000 0.0401439247
4.1421000000 0.0402142372
4.1431000000 0.0402844124
4.1441000000 0.0403544655
4.1451000000 0.0404243813
4.1461000000 0.0404941750
4.1471000000 0.0405638313
4.1481000000 0.0406333580
4.1491000000 0.0407027550
4.1501000000 0.0407720222
4.1511000000 0.0408411598
4.1521000000 0.0409101601
4.1531000000 0.0409790382
4.1541000000 0.0410477791
4.1551000000 0.0411163979
4.1561000000 0.0411848793
4.1571000000 0.0412532387
4.1581000000 0.0413214607
4.1591000000 0.0413895531
4.1601000000 0.0414575157
4.1611000000 0.0415253563
4.1621000000 0.0415930595
4.1631000000 0.0416606331
4.1641000000 0.0417280769
4.1651000000 0.0417953911
4.1661000000 0.0418625755
4.1671000000 0.0419296303
4.1681000000 0.0419965553
4.1691000000 0.0420633507
4.1701000000 0.0421300163
4.1711000000 0.0421965523
4.1721000000 0.0422629585
4.1731000000 0.0423292351
4.1741000000 0.0423953819
4.1751000000 0.0424613991
4.1761000000 0.0425272865
4.1771000000 0.0425930443
4.1781000000 0.0426586723
4.1791000000 0.0427241707
4.1801000000 0.0427895393
4.1811000000 0.0428547859
4.1821000000 0.0429198952
4.1831000000 0.0429848747
4.1841000000 0.0430497322
4.1851000000 0.0431144524
4.1861000000 0.0431790504
4.1871000000 0.0432435112
4.1881000000 0.0433078499
4.1891000000 0.0433720589
4.1901000000 0.0434361305
4.1911000000 0.0435000801
4.1921000000 0.0435639000
4.1931000000 0.0436275902
4.1941000000 0.0436911583
4.1951000000 0.0437545891
4.1961000000 0.0438178902
4.1971000000 0.0438810692
4.1981000000 0.0439441185
4.1991000000 0.0440070305
4.2001000000 0.0440698204
4.2011000000 0.0441324806
4.2021000000 0.0441950111
4.2031000000 0.0442574120
4.2041000000 0.0443196907
4.2051000000 0.0443818321
4.2061000000 0.0444438515
4.2071000000 0.0445057411
4.2081000000 0.0445675011
4.2091000000 0.0446291313
4.2101000000 0.0446906319
4.2111000000 0.0447520103
4.2121000000 0.0448132515
4.2131000000 0.0448743706
4.2141000000 0.0449353600
4.2151000000 0.0449962196
4.2161000000 0.0450569572
4.2171000000 0.0451175575
4.2181000000 0.0451780357
4.2191000000 0.0452383842
4.2201000000 0.0452986031
4.2211000000 0.0453586922
4.2221000000 0.0454186592
4.2231000000 0.0454784966
4.2241000000 0.0455382042
4.2251000000 0.0455977821
4.2261000000 0.0456572304
4.2271000000 0.0457165565
4.2281000000 0.0457757454
4.2291000000 0.0458348198
4.2301000000 0.0458937569
4.2311000000 0.0459525642
4.2321000000 0.0460112495
4.2331000000 0.0460698051
4.2341000000 0.0461282310
4.2351000000 0.0461865349
4.2361000000 0.0462447090
4.2371000000 0.0463027534
4.2381000000 0.0463606682
4.2391000000 0.0464184532
4.2401000000 0.0464761162
4.2411000000 0.0465336494
4.2421000000 0.0465910606
4.2431000000 0.0466483345
4.2441000000 0.0467054863
4.2451000000 0.0467625084
4.2461000000 0.0468194084
4.2471000000 0.0468761787
4.2481000000 0.0469328194
4.2491000000 0.0469893303
4.2501000000 0.0470457191
4.2511000000 0.0471019783
4.2521000000 0.0471581078
4.2531000000 0.0472141151
4.2541000000 0.0472699852
4.2551000000 0.0473257408
4.2561000000 0.0473813591
4.2571000000 0.0474368553
4.2581000000 0.0474922218
4.2591000000 0.0475474663
4.2601000000 0.0476025810
4.2611000000 0.0476575661
4.2621000000 0.0477124214
4.2631000000 0.0477671547
4.2641000000 0.0478217583
4.2651000000 0.0478762398
4.2661000000 0.0479305916
4.2671000000 0.0479848137
4.2681000000 0.0480389137
4.2691000000 0.0480928841
4.2701000000 0.0481467247
4.2711000000 0.0482004433
4.2721000000 0.0482540321
4.2731000000 0.0483074913
4.2741000000 0.0483608284
4.2751000000 0.0484140358
4.2761000000 0.0484671211
4.2771000000 0.0485200768
4.2781000000 0.0485729027
4.2791000000 0.0486256065
4.2801000000 0.0486781807
4.2811000000 0.0487306252
4.2821000000 0.0487829475
4.2831000000 0.0488351479
4.2841000000 0.0488872108
4.2851000000 0.0489391594
4.2861000000 0.0489909706
4.2871000000 0.0490426598
4.2881000000 0.0490942192
4.2891000000 0.0491456566
4.2901000000 0.0491969643
4.2911000000 0.0492481499
4.2921000000 0.0492992058
4.2931000000 0.0493501320
4.2941000000 0.0494009361
4.2951000000 0.0494516182
4.2961000000 0.0495021629
4.2971000000 0.0495525932
4.2981000000 0.0496028862
4.2991000000 0.0496530571
4.3001000000 0.0497031059
4.3011000000 0.0497530251
4.3021000000 0.0498028145
4.3031000000 0.0498524818
4.3041000000 0.0499020195
4.3051000000 0.0499514351
4.3061000000 0.0500007286
4.3071000000 0.0500498848
4.3081000000 0.0500989189
4.3091000000 0.0501478310
4.3101000000 0.0501966133
4.3111000000 0.0502452736
4.3121000000 0.0502938042
4.3131000000 0.0503422050
4.3141000000 0.0503904915
4.3151000000 0.0504386406
4.3161000000 0.0504866676
4.3171000000 0.0505345726
4.3181000000 0.0505823479
4.3191000000 0.0506299934
4.3201000000 0.0506775169
4.3211000000 0.0507249107
4.3221000000 0.0507721825
4.3231000000 0.0508193321
4.3241000000 0.0508663521
4.3251000000 0.0509132423
4.3261000000 0.0509600105
4.3271000000 0.0510066566
4.3281000000 0.0510531731
4.3291000000 0.0510995598
4.3301000000 0.0511458244
4.3311000000 0.0511919670
4.3321000000 0.0512379799
4.3331000000 0.0512838707
4.3341000000 0.0513296318
4.3351000000 0.0513752708
4.3361000000 0.0514207802
4.3371000000 0.0514661674
4.3381000000 0.0515114250
4.3391000000 0.0515565605
4.3401000000 0.0516015663
4.3411000000 0.0516464500
4.3421000000 0.0516912041
4.3431000000 0.0517358360
4.3441000000 0.0517803459
4.3451000000 0.0518247261
4.3461000000 0.0518689842
4.3471000000 0.0519131126
4.3481000000 0.0519571190
4.3491000000 0.0520009956
4.3501000000 0.0520447502
4.3511000000 0.0520883751
4.3521000000 0.0521318779
4.3531000000 0.0521752586
4.3541000000 0.0522185097
4.3551000000 0.0522616386
4.3561000000 0.0523046379
4.3571000000 0.0523475151
4.3581000000 0.0523902626
4.3591000000 0.0524328880
4.3601000000 0.0524753914
4.3611000000 0.0525177650
4.3621000000 0.0525600166
4.3631000000 0.0526021385
4.3641000000 0.0526441383
4.3651000000 0.0526860085
4.3661000000 0.0527277641
4.3671000000 0.0527693825
4.3681000000 0.0528108864
4.3691000000 0.0528522530
4.3701000000 0.0528935051
4.3711000000 0.0529346275
4.3721000000 0.0529756279
4.3731000000 0.0530164986
4.3741000000 0.0530572472
4.3751000000 0.0530978661
4.3761000000 0.0531383705
4.3771000000 0.0531787376
4.3781000000 0.0532189903
4.3791000000 0.0532591133
4.3801000000 0.0532991066
4.3811000000 0.0533389778
4.3821000000 0.0533787270
4.3831000000 0.0534183540
4.3841000000 0.0534578514
4.3851000000 0.0534972191
4.3861000000 0.0535364723
4.3871000000 0.0535755959
4.3881000000 0.0536145897
4.3891000000 0.0536534615
4.3901000000 0.0536922112
4.3911000000 0.0537308388
4.3921000000 0.0537693367
4.3931000000 0.0538077126
4.3941000000 0.0538459587
4.3951000000 0.0538840828
4.3961000000 0.0539220848
4.3971000000 0.0539599571
4.3981000000 0.0539977074
4.3991000000 0.0540353279
4.4001000000 0.0540728340
4.4011000000 0.0541102104
4.4021000000 0.0541474571
4.4031000000 0.0541845818
4.4041000000 0.0542215843
4.4051000000 0.0542584648
4.4061000000 0.0542952156
4.4071000000 0.0543318443
4.4081000000 0.0543683434
4.4091000000 0.0544047203
4.4101000000 0.0544409752
4.4111000000 0.0544771080
4.4121000000 0.0545131111
4.4131000000 0.0545489845
4.4141000000 0.0545847435
4.4151000000 0.0546203728
4.4161000000 0.0546558800
4.4171000000 0.0546912575
4.4181000000 0.0547265129
4.4191000000 0.0547616463
4.4201000000 0.0547966576
4.4211000000 0.0548315392
4.4221000000 0.0548662987
4.4231000000 0.0549009285
4.4241000000 0.0549354439
4.4251000000 0.0549698219
4.4261000000 0.0550040855
4.4271000000 0.0550382195
4.4281000000 0.0550722313
4.4291000000 0.0551061211
4.4301000000 0.0551398811
4.4311000000 0.0551735191
4.4321000000 0.0552070351
4.4331000000 0.0552404213
4.4341000000 0.0552736855
4.4351000000 0.0553068275
4.4361000000 0.0553398399
4.4371000000 0.0553727379
4.4381000000 0.0554054985
4.4391000000 0.0554381447
4.4401000000 0.0554706612
4.4411000000 0.0555030556
4.4421000000 0.0555353279
4.4431000000 0.0555674706
4.4441000000 0.0555994911
4.4451000000 0.0556313896
4.4461000000 0.0556631660
4.4471000000 0.0556948128
4.4481000000 0.0557263374
4.4491000000 0.0557577324
4.4501000000 0.0557890053
4.4511000000 0.0558201561
4.4521000000 0.0558511848
4.4531000000 0.0558820915
4.4541000000 0.0559128685
4.4551000000 0.0559435234
4.4561000000 0.0559740486
4.4571000000 0.0560044594
4.4581000000 0.0560347404
4.4591000000 0.0560648918
4.4601000000 0.0560949287
4.4611000000 0.0561248360
4.4621000000 0.0561546211
4.4631000000 0.0561842766
4.4641000000 0.0562138176
4.4651000000 0.0562432289
4.4661000000 0.0562725105
4.4671000000 0.0563016777
4.4681000000 0.0563307152
4.4691000000 0.0563596306
4.4701000000 0.0563884239
4.4711000000 0.0564170876
4.4721000000 0.0564456291
4.4731000000 0.0564740486
4.4741000000 0.0565023460
4.4751000000 0.0565305138
4.4761000000 0.0565585594
4.4771000000 0.0565864830
4.4781000000 0.0566142769
4.4791000000 0.0566419563
4.4801000000 0.0566695061
4.4811000000 0.0566969261
4.4821000000 0.0567242317
4.4831000000 0.0567514076
4.4841000000 0.0567784615
4.4851000000 0.0568053932
4.4861000000 0.0568321953
4.4871000000 0.0568588753
4.4881000000 0.0568854332
4.4891000000 0.0569118690
4.4901000000 0.0569381752
4.4911000000 0.0569643593
4.4921000000 0.0569904213
4.4931000000 0.0570163612
4.4941000000 0.0570421715
4.4951000000 0.0570678596
4.4961000000 0.0570934258
4.4971000000 0.0571188622
4.4981000000 0.0571441841
4.4991000000 0.0571693764
4.5001000000 0.0571944466
4.5011000000 0.0572193871
4.5021000000 0.0572442055
4.5031000000 0.0572689095
4.5041000000 0.0572934761
4.5051000000 0.0573179283
4.5061000000 0.0573422508
4.5071000000 0.0573664513
4.5081000000 0.0573905296
4.5091000000 0.0574144859
4.5101000000 0.0574383125
4.5111000000 0.0574620171
4.5121000000 0.0574855995
4.5131000000 0.0575090523
4.5141000000 0.0575323906
4.5151000000 0.0575555992
4.5161000000 0.0575786858
4.5171000000 0.0576016426
4.5181000000 0.0576244774
4.5191000000 0.0576471977
4.5201000000 0.0576697807
4.5211000000 0.0576922493
4.5221000000 0.0577145882
4.5231000000 0.0577368050
4.5241000000 0.0577588997
4.5251000000 0.0577808723
4.5261000000 0.0578027153
4.5271000000 0.0578244362
4.5281000000 0.0578460350
4.5291000000 0.0578675117
4.5301000000 0.0578888588
4.5311000000 0.0579100914
4.5321000000 0.0579311943
4.5331000000 0.0579521675
4.5341000000 0.0579730263
4.5351000000 0.0579937553
4.5361000000 0.0580143623
4.5371000000 0.0580348473
4.5381000000 0.0580552025
4.5391000000 0.0580754356
4.5401000000 0.0580955467
4.5411000000 0.0581155357
4.5421000000 0.0581354027
4.5431000000 0.0581551399
4.5441000000 0.0581747551
4.5451000000 0.0581942482
4.5461000000 0.0582136116
4.5471000000 0.0582328606
4.5481000000 0.0582519798
4.5491000000 0.0582709770
4.5501000000 0.0582898445
4.5511000000 0.0583085976
4.5521000000 0.0583272209
4.5531000000 0.0583457222
4.5541000000 0.0583640938
4.5551000000 0.0583823509
4.5561000000 0.0584004784
4.5571000000 0.0584184837
4.5581000000 0.0584363670
4.5591000000 0.0584541206
4.5601000000 0.0584717598
4.5611000000 0.0584892693
4.5621000000 0.0585066490
4.5631000000 0.0585239143
4.5641000000 0.0585410500
4.5651000000 0.0585580635
4.5661000000 0.0585749550
4.5671000000 0.0585917244
4.5681000000 0.0586083641
4.5691000000 0.0586248817
4.5701000000 0.0586412773
4.5711000000 0.0586575508
4.5721000000 0.0586736946
4.5731000000 0.0586897163
4.5741000000 0.0587056160
4.5751000000 0.0587213936
4.5761000000 0.0587370415
4.5771000000 0.0587525749
4.5781000000 0.0587679787
4.5791000000 0.0587832527
4.5801000000 0.0587984123
4.5811000000 0.0588134422
4.5821000000 0.0588283501
4.5831000000 0.0588431358
4.5841000000 0.0588577995
4.5851000000 0.0588723335
4.5861000000 0.0588867455
4.5871000000 0.0589010353
4.5881000000 0.0589151955
4.5891000000 0.0589292412
4.5901000000 0.0589431572
4.5911000000 0.0589569511
4.5921000000 0.0589706154
4.5931000000 0.0589841652
4.5941000000 0.0589975853
4.5951000000 0.0590108833
4.5961000000 0.0590240593
4.5971000000 0.0590371056
4.5981000000 0.0590500298
4.5991000000 0.0590628319
4.6001000000 0.0590755119
4.6011000000 0.0590880623
4.6021000000 0.0591004906
4.6031000000 0.0591127968
4.6041000000 0.0591249809
4.6051000000 0.0591370430
4.6061000000 0.0591489754
4.6071000000 0.0591607857
4.6081000000 0.0591724739
4.6091000000 0.0591840324
4.6101000000 0.0591954689
4.6111000000 0.0592067833
4.6121000000 0.0592179756
4.6131000000 0.0592290459
4.6141000000 0.0592399864
4.6151000000 0.0592508049
4.6161000000 0.0592615013
4.6171000000 0.0592720680
4.6181000000 0.0592825203
4.6191000000 0.0592928429
4.6201000000 0.0593030357
4.6211000000 0.0593131142
4.6221000000 0.0593230629
4.6231000000 0.0593328896
4.6241000000 0.0593425941
4.6251000000 0.0593521690
4.6261000000 0.0593616295
4.6271000000 0.0593709602
4.6281000000 0.0593801689
4.6291000000 0.0593892479
4.6301000000 0.0593982048
4.6311000000 0.0594070396
4.6321000000 0.0594157524
4.6331000000 0.0594243355
4.6341000000 0.0594328041
4.6351000000 0.0594411430
4.6361000000 0.0594493523
4.6371000000 0.0594574471
4.6381000000 0.0594654121
4.6391000000 0.0594732552
4.6401000000 0.0594809761
4.6411000000 0.0594885674
4.6421000000 0.0594960365
4.6431000000 0.0595033836
4.6441000000 0.0595106087
4.6451000000 0.0595177040
4.6461000000 0.0595246773
4.6471000000 0.0595315285
4.6481000000 0.0595382576
4.6491000000 0.0595448570
4.6501000000 0.0595513344
4.6511000000 0.0595576897
4.6521000000 0.0595639153
4.6531000000 0.0595700188
4.6541000000 0.0595760002
4.6551000000 0.0595818596
4.6561000000 0.0595875893
4.6571000000 0.0595932045
4.6581000000 0.0595986824
4.6591000000 0.0596040459
4.6601000000 0.0596092796
4.6611000000 0.0596143913
4.6621000000 0.0596193810
4.6631000000 0.0596242485
4.6641000000 0.0596289864
4.6651000000 0.0596336021
4.6661000000 0.0596380959
4.6671000000 0.0596424599
4.6681000000 0.0596467018
4.6691000000 0.0596508217
4.6701000000 0.0596548119
4.6711000000 0.0596586876
4.6721000000 0.0596624336
4.6731000000 0.0596660500
4.6741000000 0.0596695518
4.6751000000 0.0596729240
4.6761000000 0.0596761742
4.6771000000 0.0596792946
4.6781000000 0.0596823006
4.6791000000 0.0596851768
4.6801000000 0.0596879234
4.6811000000 0.0596905556
4.6821000000 0.0596930580
4.6831000000 0.0596954384
4.6841000000 0.0596976891
4.6851000000 0.0596998177
4.6861000000 0.0597018242
4.6871000000 0.0597037086
4.6881000000 0.0597054634
4.6891000000 0.0597070961
4.6901000000 0.0597086067
4.6911000000 0.0597099876
4.6921000000 0.0597112465
4.6931000000 0.0597123833
4.6941000000 0.0597133980
4.6951000000 0.0597142830
4.6961000000 0.0597150459
4.6971000000 0.0597156868
4.6981000000 0.0597161980
4.6991000000 0.0597165871
4.7001000000 0.0597168541
4.7011000000 0.0597169914
4.7021000000 0.0597170067
4.7031000000 0.0597168999
4.7041000000 0.0597166634
4.7051000000 0.0597163048
4.7061000000 0.0597158241
4.7071000000 0.0597152214
4.7081000000 0.0597144890
4.7091000000 0.0597136345
4.7101000000 0.0597126503
4.7111000000 0.0597115517
4.7121000000 0.0597103157
4.7131000000 0.0597089653
4.7141000000 0.0597074852
4.7151000000 0.0597058830
4.7161000000 0.0597041588
4.7171000000 0.0597023048
4.7181000000 0.0597003288
4.7191000000 0.0596982307
4.7201000000 0.0596960030
4.7211000000 0.0596936531
4.7221000000 0.0596911812
4.7231000000 0.0596885796
4.7241000000 0.0596858559
4.7251000000 0.0596830025
4.7261000000 0.0596800346
4.7271000000 0.0596769371
4.7281000000 0.0596737099
4.7291000000 0.0596703606
4.7301000000 0.0596668892
4.7311000000 0.0596632957
4.7321000000 0.0596595726
4.7331000000 0.0596557274
4.7341000000 0.0596517601
4.7351000000 0.0596476631
4.7361000000 0.0596434441
4.7371000000 0.0596390953
4.7381000000 0.0596346245
4.7391000000 0.0596300316
4.7401000000 0.0596253166
4.7411000000 0.0596204720
4.7421000000 0.0596154976
4.7431000000 0.0596104088
4.7441000000 0.0596051903
4.7451000000 0.0595998421
4.7461000000 0.0595943794
4.7471000000 0.0595887871
4.7481000000 0.0595830650
4.7491000000 0.0595772209
4.7501000000 0.0595712547
4.7511000000 0.0595651588
4.7521000000 0.0595589485
4.7531000000 0.0595526009
4.7541000000 0.0595461388
4.7551000000 0.0595395470
4.7561000000 0.0595328255
4.7571000000 0.0595259819
4.7581000000 0.0595190163
4.7591000000 0.0595119286
4.7601000000 0.0595047112
4.7611000000 0.0594973640
4.7621000000 0.0594899025
4.7631000000 0.0594823036
4.7641000000 0.0594745903
4.7651000000 0.0594667473
4.7661000000 0.0594587822
4.7671000000 0.0594506874
4.7681000000 0.0594424706
4.7691000000 0.0594341316
4.7701000000 0.0594256630
4.7711000000 0.0594170723
4.7721000000 0.0594083519
4.7731000000 0.0593995094
4.7741000000 0.0593905449
4.7751000000 0.0593814507
4.7761000000 0.0593722267
4.7771000000 0.0593628883
4.7781000000 0.0593534203
4.7791000000 0.0593438225
4.7801000000 0.0593341026
4.7811000000 0.0593242607
4.7821000000 0.0593142891
4.7831000000 0.0593041954
4.7841000000 0.0592939796
4.7851000000 0.0592836342
4.7861000000 0.0592731590
4.7871000000 0.0592625694
4.7881000000 0.0592518425
4.7891000000 0.0592410011
4.7901000000 0.0592300301
4.7911000000 0.0592189293
4.7921000000 0.0592077065
4.7931000000 0.0591963615
4.7941000000 0.0591848869
4.7951000000 0.0591732903
4.7961000000 0.0591615639
4.7971000000 0.0591497154
4.7981000000 0.0591377449
4.7991000000 0.0591256447
4.8001000000 0.0591134148
4.8011000000 0.0591010628
4.8021000000 0.0590885887
4.8031000000 0.0590759850
4.8041000000 0.0590632591
4.8051000000 0.0590504036
4.8061000000 0.0590374260
4.8071000000 0.0590243263
4.8081000000 0.0590110970
4.8091000000 0.0589977379
4.8101000000 0.0589842567
4.8111000000 0.0589706535
4.8121000000 0.0589569206
4.8131000000 0.0589430656
4.8141000000 0.0589290810
4.8151000000 0.0589149742
4.8161000000 0.0589007378
4.8171000000 0.0588863792
4.8181000000 0.0588718910
4.8191000000 0.0588572807
4.8201000000 0.0588425407
4.8211000000 0.0588276787
4.8221000000 0.0588126869
4.8231000000 0.0587975731
4.8241000000 0.0587823372
4.8251000000 0.0587669716
4.8261000000 0.0587514763
4.8271000000 0.0587358589
4.8281000000 0.0587201195
4.8291000000 0.0587042503
4.8301000000 0.0586882515
4.8311000000 0.0586721306
4.8321000000 0.0586558876
4.8331000000 0.0586395149
4.8341000000 0.0586230125
4.8351000000 0.0586063881
4.8361000000 0.0585896416
4.8371000000 0.0585727654
4.8381000000 0.0585557594
4.8391000000 0.0585386314
4.8401000000 0.0585213814
4.8411000000 0.0585039940
4.8421000000 0.0584864922
4.8431000000 0.0584688606
4.8441000000 0.0584510994
4.8451000000 0.0584332161
4.8461000000 0.0584152031
4.8471000000 0.0583970680
4.8481000000 0.0583788033
4.8491000000 0.0583604164
4.8501000000 0.0583418999
4.8511000000 0.0583232613
4.8521000000 0.0583044930
4.8531000000 0.0582856026
4.8541000000 0.0582665825
4.8551000000 0.0582474327
4.8561000000 0.0582281609
4.8571000000 0.0582087669
4.8581000000 0.0581892433
4.8591000000 0.0581695900
4.8601000000 0.0581498146
4.8611000000 0.0581299095
4.8621000000 0.0581098824
4.8631000000 0.0580897255
4.8641000000 0.0580694389
4.8651000000 0.0580490303
4.8661000000 0.0580284996
4.8671000000 0.0580078392
4.8681000000 0.0579870491
4.8691000000 0.0579661369
4.8701000000 0.0579450951
4.8711000000 0.0579239235
4.8721000000 0.0579026299
4.8731000000 0.0578812141
4.8741000000 0.0578596687
4.8751000000 0.0578379936
4.8761000000 0.0578161888
4.8771000000 0.0577942696
4.8781000000 0.0577722130
4.8791000000 0.0577500343
4.8801000000 0.0577277260
4.8811000000 0.0577052956
4.8821000000 0.0576827354
4.8831000000 0.0576600533
4.8841000000 0.0576372337
4.8851000000 0.0576142998
4.8861000000 0.0575912285
4.8871000000 0.0575680428
4.8881000000 0.0575447197
4.8891000000 0.0575212746
4.8901000000 0.0574976997
4.8911000000 0.0574740028
4.8921000000 0.0574501762
4.8931000000 0.0574262199
4.8941000000 0.0574021416
4.8951000000 0.0573779335
4.8961000000 0.0573536034
4.8971000000 0.0573291435
4.8981000000 0.0573045540
4.8991000000 0.0572798347
4.9001000000 0.0572549934
4.9011000000 0.0572300301
4.9021000000 0.0572049294
4.9031000000 0.0571797142
4.9041000000 0.0571543617
4.9051000000 0.0571288872
4.9061000000 0.0571032829
4.9071000000 0.0570775490
4.9081000000 0.0570516930
4.9091000000 0.0570257072
4.9101000000 0.0569995995
4.9111000000 0.0569733620
4.9121000000 0.0569469948
4.9131000000 0.0569204979
4.9141000000 0.0568938789
4.9151000000 0.0568671303
4.9161000000 0.0568402596
4.9171000000 0.0568132591
4.9181000000 0.0567861290
4.9191000000 0.0567588692
4.9201000000 0.0567314873
4.9211000000 0.0567039757
4.9221000000 0.0566763420
4.9231000000 0.0566485710
4.9241000000 0.0566206779
4.9251000000 0.0565926628
4.9261000000 0.0565645103
4.9271000000 0.0565362358
4.9281000000 0.0565078392
4.9291000000 0.0564793053
4.9301000000 0.0564506493
4.9311000000 0.0564218636
4.9321000000 0.0563929558
4.9331000000 0.0563639107
4.9341000000 0.0563347435
4.9351000000 0.0563054466
4.9361000000 0.0562760277
4.9371000000 0.0562464790
4.9381000000 0.0562168007
4.9391000000 0.0561869926
4.9401000000 0.0561570625
4.9411000000 0.0561270027
4.9421000000 0.0560968132
4.9431000000 0.0560665016
4.9441000000 0.0560360527
4.9451000000 0.0560054817
4.9461000000 0.0559747810
4.9471000000 0.0559439583
4.9481000000 0.0559130058
4.9491000000 0.0558819237
4.9501000000 0.0558507118
4.9511000000 0.0558193703
4.9521000000 0.0557879066
4.9531000000 0.0557563133
4.9541000000 0.0557245903
4.9551000000 0.0556927452
4.9561000000 0.0556607628
4.9571000000 0.0556286583
4.9581000000 0.0555964241
4.9591000000 0.0555640678
4.9601000000 0.0555315742
4.9611000000 0.0554989586
4.9621000000 0.0554662132
4.9631000000 0.0554333382
4.9641000000 0.0554003410
4.9651000000 0.0553672066
4.9661000000 0.0553339500
4.9671000000 0.0553005638
4.9681000000 0.0552670479
4.9691000000 0.0552334099
4.9701000000 0.0551996346
4.9711000000 0.0551657372
4.9721000000 0.0551317101
4.9731000000 0.0550975533
4.9741000000 0.0550632744
4.9751000000 0.0550288582
4.9761000000 0.0549943199
4.9771000000 0.0549596519
4.9781000000 0.0549248543
4.9791000000 0.0548899269
4.9801000000 0.0548548775
4.9811000000 0.0548196907
4.9821000000 0.0547843819
4.9831000000 0.0547489433
4.9841000000 0.0547133751
4.9851000000 0.0546776772
4.9861000000 0.0546418571
4.9871000000 0.0546058998
4.9881000000 0.0545698204
4.9891000000 0.0545336113
4.9901000000 0.0544972725
4.9911000000 0.0544608040
4.9921000000 0.0544242058
4.9931000000 0.0543874855
4.9941000000 0.0543506279
4.9951000000 0.0543136482
4.9961000000 0.0542765388
4.9971000000 0.0542392998
4.9981000000 0.0542019310
4.9991000000 0.0541644325
