0.6000000010 0.7210704736 2.3166248779 2.4042407959
0.7000000010 0.6415284619 2.3198543701 2.4805365283
0.8000000010 0.5590028467 2.3319260889 2.5504461084
0.9000000010 0.4756505908 2.3481463330 2.6185723486
1.0000000010 0.3940866455 2.3672536475 2.6870894971
1.1000000010 0.3182759814 2.3886651709 2.7573571338
1.2000000010 0.2553599561 2.4120145361 2.8286495459
1.3000000010 0.2179429053 2.4370148877 2.9007286182
1.4000000010 0.2196277197 2.4634052197 2.9735132276
1.5000000010 0.2591681494 2.4909243018 3.0470177295
1.6000000010 0.3221617334 2.5192952002 3.1213306787
1.7000000010 0.3967157666 2.5482136182 3.1966210498
1.8000000010 0.4765159424 2.5773372803 3.2732228272
1.9000000010 0.5583929053 2.6062745947 3.3513820459
2.0000000010 0.6406335889 2.6345714111 3.4292281397
2.1000000010 0.7222034521 2.6616947998 3.5067393311
2.2000000010 0.8023958545 2.6870124072 3.5837350928
2.3000000010 0.8806619580 2.7097659229 3.6599842725
2.4000000010 0.9565174561 2.7290360791 3.7352441748
2.5000000010 1.0294810693 2.7436957764 3.8092777002
2.6000000010 1.0990213525 2.7523453565 3.8818678174
2.7000000010 1.1644930225 2.7532195654 3.9528326904
2.8000000010 1.2250330811 2.7440462647 4.0220416651
2.9000000010 1.2793345557 2.7218132373 4.0894311768
3.0000000010 1.3249076514 2.6823396436 4.1550185303
3.1000000010 1.3570070654 2.6193620557 4.2189111084
3.2000000010 1.4159427490 2.5221277979 4.2813082373
3.3000000010 1.5281428467 2.3662917236 4.3424937744
3.4000000010 1.8635967236 1.9781864893 4.4028187842
