0.620000 0.001375
0.625000 0.003225
0.630000 0.005125
0.635000 0.006975
0.640000 0.008825
0.645000 0.010675
0.650000 0.012525
0.655000 0.014375
0.660000 0.016225
0.665000 0.018125
0.670000 0.019975
0.675000 0.021825
0.680000 0.023675
0.685000 0.025575
0.690000 0.027425
0.695000 0.029275
0.700000 0.031175
0.705000 0.033025
0.710000 0.034925
0.715000 0.036775
0.720000 0.038675
0.725000 0.040525
0.730000 0.042425
0.735000 0.044275
0.740000 0.046175
0.745000 0.048025
0.750000 0.049925
0.755000 0.051825
0.760000 0.053675
0.765000 0.055575
0.770000 0.057475
0.775000 0.059325
0.780000 0.061225
0.785000 0.063125
0.790000 0.064975
0.795000 0.066875
0.800000 0.068775
0.805000 0.070625
0.810000 0.072525
0.815000 0.074425
0.820000 0.076275
0.825000 0.078175
0.830000 0.080075
0.835000 0.081975
0.840000 0.083825
0.845000 0.085725
0.850000 0.087625
0.855000 0.089525
0.860000 0.091375
0.865000 0.093275
0.870000 0.095175
0.875000 0.097025
0.880000 0.098925
0.885000 0.100825
0.890000 0.102725
0.895000 0.104575
0.900000 0.106475
0.905000 0.108375
0.910000 0.110225
0.915000 0.112125
0.920000 0.114025
0.925000 0.115875
0.930000 0.117775
0.935000 0.119625
0.940000 0.121525
0.945000 0.123425
0.950000 0.125275
0.955000 0.127175
0.960000 0.129025
0.965000 0.130925
0.970000 0.132775
0.975000 0.134675
0.980000 0.136525
0.985000 0.138425
0.990000 0.140275
0.995000 0.142175
1.000000 0.144025
1.005000 0.145875
1.010000 0.147775
1.015000 0.149625
1.020000 0.151475
1.025000 0.153375
1.030000 0.155225
1.035000 0.157075
1.040000 0.158925
1.045000 0.160825
1.050000 0.162675
1.055000 0.164525
1.060000 0.166375
1.065000 0.168225
1.070000 0.170075
1.075000 0.171925
1.080000 0.173775
1.085000 0.175625
1.090000 0.177475
1.095000 0.179325
1.100000 0.181175
1.105000 0.183025
1.110000 0.184875
1.115000 0.186725
1.120000 0.188525
1.125000 0.190375
1.130000 0.192225
1.135000 0.194025
1.140000 0.195875
1.145000 0.197725
1.150000 0.199525
1.155000 0.201375
1.160000 0.203225
1.165000 0.205025
1.170000 0.206875
1.175000 0.208675
1.180000 0.210475
1.185000 0.212325
1.190000 0.214125
1.195000 0.215925
1.200000 0.217775
1.205000 0.219575
1.210000 0.221375
1.215000 0.223175
1.220000 0.225025
1.225000 0.226825
1.230000 0.228625
1.235000 0.230425
1.240000 0.232225
1.245000 0.234025
1.250000 0.235825
1.255000 0.237625
1.260000 0.239425
1.265000 0.241175
1.270000 0.242975
1.275000 0.244775
1.280000 0.246575
1.285000 0.248375
1.290000 0.250125
1.295000 0.251925
1.300000 0.253675
1.305000 0.255475
1.310000 0.257225
1.315000 0.259025
1.320000 0.260775
1.325000 0.262575
1.330000 0.264325
1.335000 0.266125
1.340000 0.267875
1.345000 0.269625
1.350000 0.271375
1.355000 0.273175
1.360000 0.274925
1.365000 0.276675
1.370000 0.278425
1.375000 0.280175
1.380000 0.281925
1.385000 0.283675
1.390000 0.285425
1.395000 0.287175
1.400000 0.288925
1.405000 0.290625
1.410000 0.292375
1.415000 0.294125
1.420000 0.295875
1.425000 0.297575
1.430000 0.299325
1.435000 0.301025
1.440000 0.302775
1.445000 0.304525
1.450000 0.306225
1.455000 0.307925
1.460000 0.309675
1.465000 0.311375
1.470000 0.313125
1.475000 0.314825
1.480000 0.316525
1.485000 0.318225
1.490000 0.319925
1.495000 0.321675
1.500000 0.323375
1.505000 0.325075
1.510000 0.326775
1.515000 0.328475
1.520000 0.330175
1.525000 0.331825
1.530000 0.333525
1.535000 0.335225
1.540000 0.336925
1.545000 0.338625
1.550000 0.340275
1.555000 0.341975
1.560000 0.343675
1.565000 0.345325
1.570000 0.347025
1.575000 0.348675
1.580000 0.350375
1.585000 0.352025
1.590000 0.353725
1.595000 0.355375
1.600000 0.357025
1.605000 0.358725
1.610000 0.360375
1.615000 0.362025
1.620000 0.363675
1.625000 0.365325
1.630000 0.366975
1.635000 0.368625
1.640000 0.370275
1.645000 0.371925
1.650000 0.373575
1.655000 0.375225
1.660000 0.376875
1.665000 0.378525
1.670000 0.380175
1.675000 0.381775
1.680000 0.383425
1.685000 0.385075
1.690000 0.386675
1.695000 0.388325
1.700000 0.389925
1.705000 0.391575
1.710000 0.393175
1.715000 0.394825
1.720000 0.396425
1.725000 0.398025
1.730000 0.399675
1.735000 0.401275
1.740000 0.402875
1.745000 0.404475
1.750000 0.406125
1.755000 0.407725
1.760000 0.409325
1.765000 0.410925
1.770000 0.412525
1.775000 0.414125
1.780000 0.415725
1.785000 0.417275
1.790000 0.418875
1.795000 0.420475
1.800000 0.422075
1.805000 0.423675
1.810000 0.425225
1.815000 0.426825
1.820000 0.428375
1.825000 0.429975
1.830000 0.431575
1.835000 0.433125
1.840000 0.434725
1.845000 0.436275
1.850000 0.437825
1.855000 0.439425
1.860000 0.440975
1.865000 0.442525
1.870000 0.444075
1.875000 0.445675
1.880000 0.447225
1.885000 0.448775
1.890000 0.450325
1.895000 0.451875
1.900000 0.453425
1.905000 0.454975
1.910000 0.456525
1.915000 0.458075
1.920000 0.459575
1.925000 0.461125
1.930000 0.462675
1.935000 0.464225
1.940000 0.465725
1.945000 0.467275
1.950000 0.468775
1.955000 0.470325
1.960000 0.471875
1.965000 0.473375
1.970000 0.474875
1.975000 0.476425
1.980000 0.477925
1.985000 0.479425
1.990000 0.480975
1.995000 0.482475
2.000000 0.483975
2.005000 0.485475
2.010000 0.486975
2.015000 0.488525
2.020000 0.490025
2.025000 0.491525
2.030000 0.493025
2.035000 0.494525
2.040000 0.495975
2.045000 0.497475
2.050000 0.498975
2.055000 0.500475
2.060000 0.501975
2.065000 0.503425
2.070000 0.504925
2.075000 0.506425
2.080000 0.507875
2.085000 0.509375
2.090000 0.510825
2.095000 0.512325
2.100000 0.513775
2.105000 0.515225
2.110000 0.516725
2.115000 0.518175
2.120000 0.519625
2.125000 0.521125
2.130000 0.522575
2.135000 0.524025
2.140000 0.525475
2.145000 0.526925
2.150000 0.528375
2.155000 0.529825
2.160000 0.531275
2.165000 0.532725
2.170000 0.534175
2.175000 0.535625
2.180000 0.537025
2.185000 0.538475
2.190000 0.539925
2.195000 0.541375
2.200000 0.542775
2.205000 0.544225
2.210000 0.545625
2.215000 0.547075
2.220000 0.548475
2.225000 0.549925
2.230000 0.551325
2.235000 0.552775
2.240000 0.554175
2.245000 0.555575
2.250000 0.556975
2.255000 0.558425
2.260000 0.559825
2.265000 0.561225
2.270000 0.562625
2.275000 0.564025
2.280000 0.565425
2.285000 0.566825
2.290000 0.568225
2.295000 0.569625
2.300000 0.571025
2.305000 0.572375
2.310000 0.573775
2.315000 0.575175
2.320000 0.576575
2.325000 0.577925
2.330000 0.579325
2.335000 0.580675
2.340000 0.582075
2.345000 0.583425
2.350000 0.584825
2.355000 0.586175
2.360000 0.587575
2.365000 0.588925
2.370000 0.590275
2.375000 0.591625
2.380000 0.593025
2.385000 0.594375
2.390000 0.595725
2.395000 0.597075
2.400000 0.598425
2.405000 0.599775
2.410000 0.601125
2.415000 0.602475
2.420000 0.603825
2.425000 0.605175
2.430000 0.606475
2.435000 0.607825
2.440000 0.609175
2.445000 0.610525
2.450000 0.611825
2.455000 0.613175
2.460000 0.614475
2.465000 0.615825
2.470000 0.617125
2.475000 0.618475
2.480000 0.619775
2.485000 0.621075
2.490000 0.622425
2.495000 0.623725
2.500000 0.625025
2.505000 0.626325
2.510000 0.627675
2.515000 0.628975
2.520000 0.630275
2.525000 0.631575
2.530000 0.632875
2.535000 0.634175
2.540000 0.635475
2.545000 0.636725
2.550000 0.638025
2.555000 0.639325
2.560000 0.640625
2.565000 0.641875
2.570000 0.643175
2.575000 0.644475
2.580000 0.645725
2.585000 0.647025
2.590000 0.648275
2.595000 0.649575
2.600000 0.650825
2.605000 0.652075
2.610000 0.653375
2.615000 0.654625
2.620000 0.655875
2.625000 0.657125
2.630000 0.658375
2.635000 0.659675
2.640000 0.660925
2.645000 0.662175
2.650000 0.663425
2.655000 0.664675
2.660000 0.665875
2.665000 0.667125
2.670000 0.668375
2.675000 0.669625
2.680000 0.670875
2.685000 0.672075
2.690000 0.673325
2.695000 0.674525
2.700000 0.675775
2.705000 0.676975
2.710000 0.678225
2.715000 0.679425
2.720000 0.680675
2.725000 0.681875
2.730000 0.683075
2.735000 0.684325
2.740000 0.685525
2.745000 0.686725
2.750000 0.687925
2.755000 0.689125
2.760000 0.690325
2.765000 0.691525
2.770000 0.692725
2.775000 0.693925
2.780000 0.695125
2.785000 0.696325
2.790000 0.697475
2.795000 0.698675
2.800000 0.699875
2.805000 0.701025
2.810000 0.702225
2.815000 0.703375
2.820000 0.704575
2.825000 0.705725
2.830000 0.706925
2.835000 0.708075
2.840000 0.709225
2.845000 0.710425
2.850000 0.711575
2.855000 0.712725
2.860000 0.713875
2.865000 0.715025
2.870000 0.716175
2.875000 0.717325
2.880000 0.718475
2.885000 0.719625
2.890000 0.720775
2.895000 0.721925
2.900000 0.723075
2.905000 0.724175
2.910000 0.725325
2.915000 0.726475
2.920000 0.727575
2.925000 0.728725
2.930000 0.729825
2.935000 0.730975
2.940000 0.732075
2.945000 0.733225
2.950000 0.734325
2.955000 0.735425
2.960000 0.736525
2.965000 0.737675
2.970000 0.738775
2.975000 0.739875
2.980000 0.740975
2.985000 0.742075
2.990000 0.743175
2.995000 0.744275
3.000000 0.745375
3.005000 0.746425
3.010000 0.747525
3.015000 0.748625
3.020000 0.749675
3.025000 0.750775
3.030000 0.751875
3.035000 0.752925
3.040000 0.754025
3.045000 0.755075
3.050000 0.756125
3.055000 0.757225
3.060000 0.758275
3.065000 0.759325
3.070000 0.760375
3.075000 0.761475
3.080000 0.762525
3.085000 0.763575
3.090000 0.764625
3.095000 0.765675
3.100000 0.766725
3.105000 0.767725
3.110000 0.768775
3.115000 0.769825
3.120000 0.770875
3.125000 0.771875
3.130000 0.772925
3.135000 0.773975
3.140000 0.774975
3.145000 0.775975
3.150000 0.777025
3.155000 0.778025
3.160000 0.779075
3.165000 0.780075
3.170000 0.781075
3.175000 0.782075
3.180000 0.783075
3.185000 0.784075
3.190000 0.785075
3.195000 0.786075
3.200000 0.787075
3.205000 0.788075
3.210000 0.789075
3.215000 0.790075
3.220000 0.791025
3.225000 0.792025
3.230000 0.793025
3.235000 0.793975
3.240000 0.794975
3.245000 0.795925
3.250000 0.796925
3.255000 0.797875
3.260000 0.798825
3.265000 0.799825
3.270000 0.800775
3.275000 0.801725
3.280000 0.802675
3.285000 0.803625
3.290000 0.804575
3.295000 0.805525
3.300000 0.806475
3.305000 0.807425
3.310000 0.808375
3.315000 0.809275
3.320000 0.810225
3.325000 0.811175
3.330000 0.812075
3.335000 0.813025
3.340000 0.813925
3.345000 0.814875
3.350000 0.815775
3.355000 0.816675
3.360000 0.817625
3.365000 0.818525
3.370000 0.819425
3.375000 0.820325
3.380000 0.821225
3.385000 0.822125
3.390000 0.823025
3.395000 0.823925
3.400000 0.824825
3.405000 0.825675
3.410000 0.826575
3.415000 0.827475
3.420000 0.828325
3.425000 0.829225
3.430000 0.830125
3.435000 0.830975
3.440000 0.831825
3.445000 0.832725
3.450000 0.833575
3.455000 0.834425
3.460000 0.835275
3.465000 0.836175
3.470000 0.837025
3.475000 0.837875
3.480000 0.838725
3.485000 0.839575
3.490000 0.840375
3.495000 0.841225
3.500000 0.842075
3.505000 0.842925
3.510000 0.843725
3.515000 0.844575
3.520000 0.845375
3.525000 0.846225
3.530000 0.847025
3.535000 0.847825
3.540000 0.848675
3.545000 0.849475
3.550000 0.850275
3.555000 0.851075
3.560000 0.851875
3.565000 0.852675
3.570000 0.853475
3.575000 0.854275
3.580000 0.855075
3.585000 0.855875
3.590000 0.856625
3.595000 0.857425
3.600000 0.858225
3.605000 0.858975
3.610000 0.859775
3.615000 0.860525
3.620000 0.861275
3.625000 0.862075
3.630000 0.862825
3.635000 0.863575
3.640000 0.864325
3.645000 0.865075
3.650000 0.865825
3.655000 0.866575
3.660000 0.867325
3.665000 0.868075
3.670000 0.868825
3.675000 0.869525
3.680000 0.870275
3.685000 0.870975
3.690000 0.871725
3.695000 0.872425
3.700000 0.873175
3.705000 0.873875
3.710000 0.874575
3.715000 0.875325
3.720000 0.876025
3.725000 0.876725
3.730000 0.877425
3.735000 0.878125
3.740000 0.878825
3.745000 0.879525
3.750000 0.880175
3.755000 0.880875
3.760000 0.881575
3.765000 0.882225
3.770000 0.882925
3.775000 0.883575
3.780000 0.884275
3.785000 0.884925
3.790000 0.885575
3.795000 0.886275
3.800000 0.886925
3.805000 0.887575
3.810000 0.888225
3.815000 0.888875
3.820000 0.889525
3.825000 0.890125
3.830000 0.890775
3.835000 0.891425
3.840000 0.892025
3.845000 0.892675
3.850000 0.893325
3.855000 0.893925
3.860000 0.894525
3.865000 0.895175
3.870000 0.895775
3.875000 0.896375
3.880000 0.896975
3.885000 0.897575
3.890000 0.898175
3.895000 0.898775
3.900000 0.899375
3.905000 0.899975
3.910000 0.900525
3.915000 0.901125
3.920000 0.901725
3.925000 0.902275
3.930000 0.902875
3.935000 0.903425
3.940000 0.903975
3.945000 0.904525
3.950000 0.905125
3.955000 0.905675
3.960000 0.906225
3.965000 0.906775
3.970000 0.907325
3.975000 0.907825
3.980000 0.908375
3.985000 0.908925
3.990000 0.909425
3.995000 0.909975
4.000000 0.910475
4.005000 0.911025
4.010000 0.911525
4.015000 0.912025
4.020000 0.912575
4.025000 0.913075
4.030000 0.913575
4.035000 0.914075
4.040000 0.914575
4.045000 0.915025
4.050000 0.915525
4.055000 0.916025
4.060000 0.916525
4.065000 0.916975
4.070000 0.917475
4.075000 0.917925
4.080000 0.918375
4.085000 0.918875
4.090000 0.919325
4.095000 0.919775
4.100000 0.920225
4.105000 0.920675
4.110000 0.921125
4.115000 0.921525
4.120000 0.921975
4.125000 0.922425
4.130000 0.922825
4.135000 0.923275
4.140000 0.923675
4.145000 0.924125
4.150000 0.924525
4.155000 0.924925
4.160000 0.925325
4.165000 0.925775
4.170000 0.926125
4.175000 0.926525
4.180000 0.926925
4.185000 0.927325
4.190000 0.927725
4.195000 0.928075
4.200000 0.928475
4.205000 0.928825
4.210000 0.929225
4.215000 0.929575
4.220000 0.929925
4.225000 0.930275
4.230000 0.930625
4.235000 0.930975
4.240000 0.931325
4.245000 0.931675
4.250000 0.932025
4.255000 0.932325
4.260000 0.932675
4.265000 0.932975
4.270000 0.933325
4.275000 0.933625
4.280000 0.933975
4.285000 0.934275
4.290000 0.934575
4.295000 0.934875
4.300000 0.935175
4.305000 0.935475
4.310000 0.935725
4.315000 0.936025
4.320000 0.936325
4.325000 0.936575
4.330000 0.936875
4.335000 0.937125
4.340000 0.937375
4.345000 0.937625
4.350000 0.937925
4.355000 0.938175
4.360000 0.938425
4.365000 0.938625
4.370000 0.938875
4.375000 0.939125
4.380000 0.939325
4.385000 0.939575
4.390000 0.939775
4.395000 0.940025
4.400000 0.940225
4.405000 0.940425
4.410000 0.940625
4.415000 0.940825
4.420000 0.941025
4.425000 0.941225
4.430000 0.941425
4.435000 0.941575
4.440000 0.941775
4.445000 0.941925
4.450000 0.942125
4.455000 0.942275
4.460000 0.942425
4.465000 0.942575
4.470000 0.942725
4.475000 0.942875
4.480000 0.943025
4.485000 0.943175
4.490000 0.943325
4.495000 0.943425
4.500000 0.943575
4.505000 0.943675
4.510000 0.943775
4.515000 0.943925
4.520000 0.944025
4.525000 0.944125
4.530000 0.944225
4.535000 0.944275
4.540000 0.944375
4.545000 0.944475
4.550000 0.944525
4.555000 0.944625
4.560000 0.944675
4.565000 0.944775
4.570000 0.944825
4.575000 0.944875
4.580000 0.944925
4.585000 0.944975
4.590000 0.944975
4.595000 0.945025
4.600000 0.945075
4.605000 0.945075
4.610000 0.945125
4.615000 0.945125
4.620000 0.945125
4.625000 0.945125
4.630000 0.945125
4.635000 0.945125
4.640000 0.945125
4.645000 0.945125
4.650000 0.945075
4.655000 0.945075
4.660000 0.945025
4.665000 0.945025
4.670000 0.944975
4.675000 0.944925
4.680000 0.944875
4.685000 0.944825
4.690000 0.944775
4.695000 0.944675
4.700000 0.944625
4.705000 0.944525
4.710000 0.944475
4.715000 0.944375
4.720000 0.944275
4.725000 0.944175
4.730000 0.944075
4.735000 0.943975
4.740000 0.943875
4.745000 0.943775
4.750000 0.943625
4.755000 0.943475
4.760000 0.943375
4.765000 0.943225
4.770000 0.943075
4.775000 0.942925
4.780000 0.942775
4.785000 0.942625
4.790000 0.942475
4.795000 0.942275
4.800000 0.942125
4.805000 0.941925
4.810000 0.941725
4.815000 0.941525
4.820000 0.941325
4.825000 0.941125
4.830000 0.940925
4.835000 0.940725
4.840000 0.940475
4.845000 0.940275
4.850000 0.940025
4.855000 0.939775
4.860000 0.939525
4.865000 0.939275
4.870000 0.939025
4.875000 0.938775
4.880000 0.938475
4.885000 0.938225
4.890000 0.937925
4.895000 0.937675
4.900000 0.937375
4.905000 0.937075
4.910000 0.936775
4.915000 0.936475
4.920000 0.936125
4.925000 0.935825
4.930000 0.935475
4.935000 0.935175
4.940000 0.934825
4.945000 0.934475
4.950000 0.934125
4.955000 0.933775
4.960000 0.933375
4.965000 0.933025
4.970000 0.932625
4.975000 0.932275
4.980000 0.931875
4.985000 0.931475
4.990000 0.931075
4.995000 0.930675
