0.1000000010 0.0487002490 0.9994882080 2.1030151611 2.3445303467
0.2000000010 0.0966401904 0.9982659619 2.1117687061 2.3577479248
0.3000000010 0.1430805615 0.9972439014 2.1255034522 2.3788889893
0.4000000010 0.1873915576 0.9978407275 2.1432651709 2.4068740772
0.5000000010 0.2293442822 1.0018228076 2.1641535498 2.4405548877
0.6000000010 0.2702161768 1.0110618896 2.1874591455 2.4788689307
0.7000000010 0.3095598682 1.0272229639 2.2126899365 2.5209146826
0.8000000010 0.3391427002 1.0514493603 2.2395347705 2.5659696533
0.9000000010 0.3598540576 1.0841615381 2.2678061670 2.6134782178
1.0000000010 0.3715156299 1.1250565186 2.2973857178 2.6630279932
1.1000000010 0.3759215479 1.1732841162 2.3281797803 2.7143244775
1.2000000010 0.3770667041 1.2276852490 2.3600853565 2.7671679443
1.3000000010 0.3803746240 1.2869834033 2.3929622217 2.8214339307
1.4000000010 0.3918772217 1.3498811865 2.4266064990 2.8770575440
1.5000000010 0.4078814502 1.4150601514 2.4607196143 2.9340212744
1.6000000010 0.4321371924 1.4810785889 2.4948640576 2.9923464795
1.7000000010 0.4743434717 1.5460889697 2.5283917432 3.0520886182
