2.8000000010 3.7607250342
2.9000000010 3.8147212451
3.0000000010 3.8663956299
3.1000000010 3.9169764795
3.2000000010 3.9680477002
3.3000000010 4.0211130029
3.4000000010 4.0772188526
3.5000000010 4.1368485205
3.6000000010 4.2000433838
3.7000000010 4.2665891748
3.8000000010 4.3361634424
3.9000000010 4.4084225732
4.0000000010 4.4830435693
4.1000000010 4.5597396143
4.2000000010 4.6382627881
4.3000000010 4.7184012939
4.4000000010 4.7999747900
4.5000000010 4.8828295459
4.6000000010 4.9668341162
4.7000000010 5.0518755615
4.8000000010 5.1378563720
4.9000000010 5.2246919580
5.0000000010 5.3123085986
5.1000000010 5.4006417822
5.2000000010 5.4896348291
5.3000000010 5.5792378662
5.4000000010 5.6694068212
5.5000000010 5.7601027978
5.6000000010 5.8512914013
5.7000000010 5.9429422900
5.8000000010 6.0350287646
5.9000000010 6.1275274853
6.0000000010 6.2204182372
6.1000000010 6.3136838232
6.2000000010 6.4073100146
6.3000000010 6.5012855907
6.4000000010 6.5956025732
6.5000000010 6.6902566552
6.6000000010 6.7852478075
6.7000000010 6.8805815087
6.8000000010 6.9762705126
6.9000000010 7.0723380810
7.0000000010 7.1688236181
7.1000000010 7.2657934325
7.2000000010 7.3633639599
7.3000000010 7.4617606005
7.4000000010 7.5615227294
7.5000000010 7.6655871825
7.6000000010 7.7664667821
7.7000000010 7.8621064598
7.8000000010 7.9548668895
7.9000000010 8.0459227782
