0.005000 1.000025
0.010000 1.000075
0.015000 1.000125
0.020000 1.000225
0.025000 1.000325
0.030000 1.000475
0.035000 1.000625
0.040000 1.000825
0.045000 1.001025
0.050000 1.001275
0.055000 1.001525
0.060000 1.001825
0.065000 1.002125
0.070000 1.002475
0.075000 1.002825
0.080000 1.003225
0.085000 1.003625
0.090000 1.004075
0.095000 1.004575
0.100000 1.005075
0.105000 1.005575
0.110000 1.006125
0.115000 1.006725
0.120000 1.007325
0.125000 1.007975
0.130000 1.008625
0.135000 1.009325
0.140000 1.010025
0.145000 1.010775
0.150000 1.011525
0.155000 1.012325
0.160000 1.013175
0.165000 1.014025
0.170000 1.014925
0.175000 1.015875
0.180000 1.016825
0.185000 1.017775
0.190000 1.018825
0.195000 1.019825
0.200000 1.020925
0.205000 1.022025
0.210000 1.023175
0.215000 1.024325
0.220000 1.025525
0.225000 1.026775
0.230000 1.028075
0.235000 1.029375
0.240000 1.030725
0.245000 1.032075
0.250000 1.033475
0.255000 1.034925
0.260000 1.036425
0.265000 1.037925
0.270000 1.039475
0.275000 1.041075
0.280000 1.042725
0.285000 1.044375
0.290000 1.046075
0.295000 1.047825
0.300000 1.049575
0.305000 1.051425
0.310000 1.053275
0.315000 1.055175
0.320000 1.057125
0.325000 1.059125
0.330000 1.061125
0.335000 1.063175
0.340000 1.065325
0.345000 1.067475
0.350000 1.069675
0.355000 1.071875
0.360000 1.074175
0.365000 1.076475
0.370000 1.078875
0.375000 1.081275
0.380000 1.083725
0.385000 1.086225
0.390000 1.088775
0.395000 1.091375
0.400000 1.094025
0.405000 1.096725
0.410000 1.099475
0.415000 1.102275
0.420000 1.105075
0.425000 1.107975
0.430000 1.110875
0.435000 1.113875
0.440000 1.116875
0.445000 1.119975
0.450000 1.123075
0.455000 1.126275
0.460000 1.129475
0.465000 1.132725
0.470000 1.136075
0.475000 1.139425
0.480000 1.142825
0.485000 1.146325
0.490000 1.149825
0.495000 1.153375
0.500000 1.157025
0.505000 1.160675
0.510000 1.164375
0.515000 1.168125
0.520000 1.171925
0.525000 1.175825
0.530000 1.179725
0.535000 1.183675
0.540000 1.187675
0.545000 1.191725
0.550000 1.195825
0.555000 1.199975
0.560000 1.204175
0.565000 1.208425
0.570000 1.212675
0.575000 1.217025
0.580000 1.221425
0.585000 1.225825
0.590000 1.230325
0.595000 1.234825
0.600000 1.239375
0.605000 1.243975
0.610000 1.248625
0.615000 1.253325
0.620000 1.258075
0.625000 1.262875
0.630000 1.267675
0.635000 1.272525
0.640000 1.277475
0.645000 1.282375
0.650000 1.287375
0.655000 1.292425
0.660000 1.297475
0.665000 1.302575
0.670000 1.307725
0.675000 1.312925
0.680000 1.318125
0.685000 1.323375
0.690000 1.328675
0.695000 1.334025
0.700000 1.339375
0.705000 1.344775
0.710000 1.350225
0.715000 1.355725
0.720000 1.361225
0.725000 1.366725
0.730000 1.372325
0.735000 1.377925
0.740000 1.383575
0.745000 1.389225
0.750000 1.394925
0.755000 1.400675
0.760000 1.406425
0.765000 1.412175
0.770000 1.418025
0.775000 1.423875
0.780000 1.429725
0.785000 1.435625
0.790000 1.441575
0.795000 1.447525
0.800000 1.453475
0.805000 1.459475
0.810000 1.465525
0.815000 1.471575
0.820000 1.477675
0.825000 1.483775
0.830000 1.489925
0.835000 1.496075
0.840000 1.502225
0.845000 1.508425
0.850000 1.514675
0.855000 1.520875
0.860000 1.527175
0.865000 1.533425
0.870000 1.539725
0.875000 1.546075
0.880000 1.552425
0.885000 1.558775
0.890000 1.565175
0.895000 1.571575
0.900000 1.577975
0.905000 1.584425
0.910000 1.590875
0.915000 1.597375
0.920000 1.603875
0.925000 1.610375
0.930000 1.616925
0.935000 1.623475
0.940000 1.630025
0.945000 1.636575
0.950000 1.643175
0.955000 1.649775
0.960000 1.656425
0.965000 1.663075
0.970000 1.669725
0.975000 1.676375
0.980000 1.683075
0.985000 1.689775
0.990000 1.696475
0.995000 1.703175
1.000000 1.709925
1.005000 1.716675
1.010000 1.723425
1.015000 1.730225
1.020000 1.737025
1.025000 1.743825
1.030000 1.750625
1.035000 1.757425
1.040000 1.764275
1.045000 1.771125
1.050000 1.777975
1.055000 1.784875
1.060000 1.791725
1.065000 1.798625
1.070000 1.805525
1.075000 1.812425
1.080000 1.819375
1.085000 1.826275
1.090000 1.833225
1.095000 1.840175
1.100000 1.847175
1.105000 1.854125
1.110000 1.861125
1.115000 1.868075
1.120000 1.875075
1.125000 1.882125
1.130000 1.889125
1.135000 1.896125
1.140000 1.903175
1.145000 1.910225
1.150000 1.917275
1.155000 1.924325
1.160000 1.931375
1.165000 1.938475
1.170000 1.945575
1.175000 1.952625
1.180000 1.959725
1.185000 1.966825
1.190000 1.973975
1.195000 1.981075
1.200000 1.988225
1.205000 1.995325
1.210000 2.002475
1.215000 2.009625
1.220000 2.016775
1.225000 2.023925
1.230000 2.031125
1.235000 2.038275
1.240000 2.045475
1.245000 2.052675
1.250000 2.059825
1.255000 2.067025
1.260000 2.074275
1.265000 2.081475
1.270000 2.088675
1.275000 2.095925
1.280000 2.103125
1.285000 2.110375
1.290000 2.117625
1.295000 2.124875
1.300000 2.132125
1.305000 2.139375
1.310000 2.146625
1.315000 2.153875
1.320000 2.161175
1.325000 2.168425
1.330000 2.175725
1.335000 2.183025
1.340000 2.190325
1.345000 2.197625
1.350000 2.204925
1.355000 2.212225
1.360000 2.219525
1.365000 2.226825
1.370000 2.234175
1.375000 2.241475
1.380000 2.248825
1.385000 2.256125
1.390000 2.263475
1.395000 2.270825
1.400000 2.278175
1.405000 2.285525
1.410000 2.292875
1.415000 2.300225
1.420000 2.307625
1.425000 2.314975
1.430000 2.322325
1.435000 2.329725
1.440000 2.337075
1.445000 2.344475
1.450000 2.351875
1.455000 2.359275
1.460000 2.366675
1.465000 2.374075
1.470000 2.381475
1.475000 2.388875
1.480000 2.396275
1.485000 2.403675
1.490000 2.411075
1.495000 2.418525
1.500000 2.425925
1.505000 2.433375
1.510000 2.440775
1.515000 2.448225
1.520000 2.455675
1.525000 2.463125
1.530000 2.470525
1.535000 2.477975
1.540000 2.485425
1.545000 2.492875
1.550000 2.500375
1.555000 2.507825
1.560000 2.515275
1.565000 2.522725
1.570000 2.530225
1.575000 2.537675
1.580000 2.545125
1.585000 2.552625
1.590000 2.560125
1.595000 2.567575
1.600000 2.575075
1.605000 2.582575
1.610000 2.590025
1.615000 2.597525
1.620000 2.605025
1.625000 2.612525
1.630000 2.620025
1.635000 2.627525
1.640000 2.635025
1.645000 2.642575
1.650000 2.650075
1.655000 2.657575
1.660000 2.665125
1.665000 2.672625
1.670000 2.680125
1.675000 2.687675
1.680000 2.695175
1.685000 2.702725
1.690000 2.710275
1.695000 2.717775
1.700000 2.725325
1.705000 2.732875
1.710000 2.740425
1.715000 2.747975
1.720000 2.755475
1.725000 2.763025
1.730000 2.770575
1.735000 2.778125
1.740000 2.785725
1.745000 2.793275
1.750000 2.800825
1.755000 2.808375
1.760000 2.815925
1.765000 2.823525
1.770000 2.831075
1.775000 2.838675
1.780000 2.846225
1.785000 2.853775
1.790000 2.861375
1.795000 2.868975
1.800000 2.876525
1.805000 2.884125
1.810000 2.891725
1.815000 2.899275
1.820000 2.906875
1.825000 2.914475
1.830000 2.922075
1.835000 2.929675
1.840000 2.937275
1.845000 2.944825
1.850000 2.952475
1.855000 2.960075
1.860000 2.967675
1.865000 2.975275
1.870000 2.982875
1.875000 2.990475
1.880000 2.998075
1.885000 3.005725
1.890000 3.013325
1.895000 3.020925
1.900000 3.028575
1.905000 3.036175
1.910000 3.043825
1.915000 3.051425
1.920000 3.059075
1.925000 3.066675
1.930000 3.074325
1.935000 3.081925
1.940000 3.089575
1.945000 3.097225
1.950000 3.104825
1.955000 3.112475
1.960000 3.120125
1.965000 3.127775
1.970000 3.135425
1.975000 3.143075
1.980000 3.150725
1.985000 3.158375
1.990000 3.166025
1.995000 3.173675
2.000000 3.181325
2.005000 3.188975
2.010000 3.196625
2.015000 3.204275
2.020000 3.211925
2.025000 3.219575
2.030000 3.227275
2.035000 3.234925
2.040000 3.242575
2.045000 3.250275
2.050000 3.257925
2.055000 3.265575
2.060000 3.273275
2.065000 3.280925
2.070000 3.288625
2.075000 3.296275
2.080000 3.303975
2.085000 3.311675
2.090000 3.319325
2.095000 3.327025
2.100000 3.334725
2.105000 3.342375
2.110000 3.350075
2.115000 3.357775
2.120000 3.365475
2.125000 3.373125
2.130000 3.380825
2.135000 3.388525
2.140000 3.396225
2.145000 3.403925
2.150000 3.411625
2.155000 3.419325
2.160000 3.427025
2.165000 3.434725
2.170000 3.442425
2.175000 3.450125
2.180000 3.457825
2.185000 3.465575
2.190000 3.473275
2.195000 3.480975
2.200000 3.488675
2.205000 3.496425
2.210000 3.504125
2.215000 3.511825
2.220000 3.519575
2.225000 3.527275
2.230000 3.534975
2.235000 3.542725
2.240000 3.550425
2.245000 3.558175
2.250000 3.565875
2.255000 3.573625
2.260000 3.581375
2.265000 3.589075
2.270000 3.596825
2.275000 3.604525
2.280000 3.612275
2.285000 3.620025
2.290000 3.627775
2.295000 3.635475
2.300000 3.643225
2.305000 3.650975
2.310000 3.658725
2.315000 3.666475
2.320000 3.674225
2.325000 3.681925
2.330000 3.689675
2.335000 3.697425
2.340000 3.705175
2.345000 3.712925
2.350000 3.720675
2.355000 3.728425
2.360000 3.736225
2.365000 3.743975
2.370000 3.751725
2.375000 3.759475
2.380000 3.767225
2.385000 3.774975
2.390000 3.782775
2.395000 3.790525
2.400000 3.798275
2.405000 3.806025
2.410000 3.813825
2.415000 3.821575
2.420000 3.829375
2.425000 3.837125
2.430000 3.844875
2.435000 3.852675
2.440000 3.860425
2.445000 3.868225
2.450000 3.875975
2.455000 3.883775
2.460000 3.891575
2.465000 3.899325
2.470000 3.907125
2.475000 3.914875
2.480000 3.922675
2.485000 3.930475
2.490000 3.938275
2.495000 3.946025
2.500000 3.953825
2.505000 3.961625
2.510000 3.969425
2.515000 3.977225
2.520000 3.984975
2.525000 3.992775
2.530000 4.000575
2.535000 4.008375
2.540000 4.016175
2.545000 4.023975
2.550000 4.031775
2.555000 4.039575
2.560000 4.047375
2.565000 4.055175
2.570000 4.062975
2.575000 4.070775
2.580000 4.078625
2.585000 4.086425
2.590000 4.094225
2.595000 4.102025
2.600000 4.109825
2.605000 4.117675
2.610000 4.125475
2.615000 4.133275
2.620000 4.141125
2.625000 4.148925
2.630000 4.156725
2.635000 4.164575
2.640000 4.172375
2.645000 4.180225
2.650000 4.188025
2.655000 4.195875
2.660000 4.203675
2.665000 4.211525
2.670000 4.219325
2.675000 4.227175
2.680000 4.234975
2.685000 4.242825
2.690000 4.250675
2.695000 4.258475
2.700000 4.266325
2.705000 4.274175
2.710000 4.281975
2.715000 4.289825
2.720000 4.297675
2.725000 4.305525
2.730000 4.313375
2.735000 4.321175
2.740000 4.329025
2.745000 4.336875
2.750000 4.344725
2.755000 4.352575
2.760000 4.360425
2.765000 4.368275
2.770000 4.376125
2.775000 4.383975
2.780000 4.391825
2.785000 4.399675
2.790000 4.407525
2.795000 4.415375
2.800000 4.423275
2.805000 4.431125
2.810000 4.438975
2.815000 4.446825
2.820000 4.454675
2.825000 4.462575
2.830000 4.470425
2.835000 4.478275
2.840000 4.486125
2.845000 4.494025
2.850000 4.501875
2.855000 4.509725
2.860000 4.517625
2.865000 4.525475
2.870000 4.533375
2.875000 4.541225
2.880000 4.549125
2.885000 4.556975
2.890000 4.564875
2.895000 4.572725
2.900000 4.580625
2.905000 4.588525
2.910000 4.596375
2.915000 4.604275
2.920000 4.612125
2.925000 4.620025
2.930000 4.627925
2.935000 4.635825
2.940000 4.643675
2.945000 4.651575
2.950000 4.659475
2.955000 4.667375
2.960000 4.675275
2.965000 4.683125
2.970000 4.691025
2.975000 4.698925
2.980000 4.706825
2.985000 4.714725
2.990000 4.722625
2.995000 4.730525
3.000000 4.738425
3.005000 4.746325
3.010000 4.754225
3.015000 4.762125
3.020000 4.770025
3.025000 4.777975
3.030000 4.785875
3.035000 4.793775
3.040000 4.801675
3.045000 4.809575
3.050000 4.817525
3.055000 4.825425
3.060000 4.833325
3.065000 4.841225
3.070000 4.849175
3.075000 4.857075
3.080000 4.864975
3.085000 4.872925
3.090000 4.880825
3.095000 4.888775
3.100000 4.896675
3.105000 4.904625
3.110000 4.912525
3.115000 4.920475
3.120000 4.928375
3.125000 4.936325
3.130000 4.944225
3.135000 4.952175
3.140000 4.960125
3.145000 4.968025
3.150000 4.975975
3.155000 4.983925
3.160000 4.991825
3.165000 4.999775
3.170000 5.007725
3.175000 5.015675
3.180000 5.023575
3.185000 5.031525
3.190000 5.039475
3.195000 5.047425
3.200000 5.055375
3.205000 5.063325
3.210000 5.071275
3.215000 5.079225
3.220000 5.087175
3.225000 5.095125
3.230000 5.103075
3.235000 5.111025
3.240000 5.118975
3.245000 5.126925
3.250000 5.134875
3.255000 5.142825
3.260000 5.150775
3.265000 5.158775
3.270000 5.166725
3.275000 5.174675
3.280000 5.182625
3.285000 5.190575
3.290000 5.198575
3.295000 5.206525
3.300000 5.214475
3.305000 5.222475
3.310000 5.230425
3.315000 5.238425
3.320000 5.246375
3.325000 5.254325
3.330000 5.262325
3.335000 5.270275
3.340000 5.278275
3.345000 5.286225
3.350000 5.294225
3.355000 5.302225
3.360000 5.310175
3.365000 5.318175
3.370000 5.326175
3.375000 5.334125
3.380000 5.342125
3.385000 5.350125
3.390000 5.358075
3.395000 5.366075
3.400000 5.374075
3.405000 5.382075
3.410000 5.390075
3.415000 5.398025
3.420000 5.406025
3.425000 5.414025
3.430000 5.422025
3.435000 5.430025
3.440000 5.438025
3.445000 5.446025
3.450000 5.454025
3.455000 5.462025
3.460000 5.470025
3.465000 5.478025
3.470000 5.486025
3.475000 5.494025
3.480000 5.502075
3.485000 5.510075
3.490000 5.518075
3.495000 5.526075
3.500000 5.534075
3.505000 5.542125
3.510000 5.550125
3.515000 5.558125
3.520000 5.566175
3.525000 5.574175
3.530000 5.582175
3.535000 5.590225
3.540000 5.598225
3.545000 5.606275
3.550000 5.614275
3.555000 5.622275
3.560000 5.630325
3.565000 5.638375
3.570000 5.646375
3.575000 5.654425
3.580000 5.662425
3.585000 5.670475
3.590000 5.678525
3.595000 5.686525
3.600000 5.694575
3.605000 5.702625
3.610000 5.710625
3.615000 5.718675
3.620000 5.726725
3.625000 5.734775
3.630000 5.742825
3.635000 5.750825
3.640000 5.758875
3.645000 5.766925
3.650000 5.774975
3.655000 5.783025
3.660000 5.791075
3.665000 5.799125
3.670000 5.807175
3.675000 5.815225
3.680000 5.823275
3.685000 5.831325
3.690000 5.839375
3.695000 5.847475
3.700000 5.855525
3.705000 5.863575
3.710000 5.871625
3.715000 5.879675
3.720000 5.887775
3.725000 5.895825
3.730000 5.903875
3.735000 5.911975
3.740000 5.920025
3.745000 5.928075
3.750000 5.936175
3.755000 5.944225
3.760000 5.952275
3.765000 5.960375
3.770000 5.968425
3.775000 5.976525
3.780000 5.984625
3.785000 5.992675
3.790000 6.000775
3.795000 6.008825
3.800000 6.016925
3.805000 6.025025
3.810000 6.033075
3.815000 6.041175
3.820000 6.049275
3.825000 6.057325
3.830000 6.065425
3.835000 6.073525
3.840000 6.081625
3.845000 6.089725
3.850000 6.097825
3.855000 6.105875
3.860000 6.113975
3.865000 6.122075
3.870000 6.130175
3.875000 6.138275
3.880000 6.146375
3.885000 6.154475
3.890000 6.162575
3.895000 6.170675
3.900000 6.178825
3.905000 6.186925
3.910000 6.195025
3.915000 6.203125
3.920000 6.211225
3.925000 6.219375
3.930000 6.227475
3.935000 6.235575
3.940000 6.243675
3.945000 6.251825
3.950000 6.259925
3.955000 6.268025
3.960000 6.276175
3.965000 6.284275
3.970000 6.292425
3.975000 6.300525
3.980000 6.308675
3.985000 6.316775
3.990000 6.324925
3.995000 6.333025
4.000000 6.341175
4.005000 6.349325
4.010000 6.357425
4.015000 6.365575
4.020000 6.373725
4.025000 6.381825
4.030000 6.389975
4.035000 6.398125
4.040000 6.406275
4.045000 6.414425
4.050000 6.422525
4.055000 6.430675
4.060000 6.438825
4.065000 6.446975
4.070000 6.455125
4.075000 6.463275
4.080000 6.471425
4.085000 6.479575
4.090000 6.487725
4.095000 6.495875
4.100000 6.504025
4.105000 6.512175
4.110000 6.520375
4.115000 6.528525
4.120000 6.536675
4.125000 6.544825
4.130000 6.553025
4.135000 6.561175
4.140000 6.569325
4.145000 6.577475
4.150000 6.585675
4.155000 6.593825
4.160000 6.602025
4.165000 6.610175
4.170000 6.618325
4.175000 6.626525
4.180000 6.634675
4.185000 6.642875
4.190000 6.651075
4.195000 6.659225
4.200000 6.667425
4.205000 6.675575
4.210000 6.683775
4.215000 6.691975
4.220000 6.700125
4.225000 6.708325
4.230000 6.716525
4.235000 6.724725
4.240000 6.732925
4.245000 6.741075
4.250000 6.749275
4.255000 6.757475
4.260000 6.765675
4.265000 6.773875
4.270000 6.782075
4.275000 6.790275
4.280000 6.798475
4.285000 6.806675
4.290000 6.814875
4.295000 6.823075
4.300000 6.831275
4.305000 6.839525
4.310000 6.847725
4.315000 6.855925
4.320000 6.864125
4.325000 6.872375
4.330000 6.880575
4.335000 6.888775
4.340000 6.896975
4.345000 6.905225
4.350000 6.913425
4.355000 6.921675
4.360000 6.929875
4.365000 6.938125
4.370000 6.946325
4.375000 6.954575
4.380000 6.962775
4.385000 6.971025
4.390000 6.979225
4.395000 6.987475
4.400000 6.995725
4.405000 7.003925
4.410000 7.012175
4.415000 7.020425
4.420000 7.028675
4.425000 7.036875
4.430000 7.045125
4.435000 7.053375
4.440000 7.061625
4.445000 7.069875
4.450000 7.078125
4.455000 7.086375
4.460000 7.094625
4.465000 7.102875
4.470000 7.111125
4.475000 7.119375
4.480000 7.127625
4.485000 7.135875
4.490000 7.144125
4.495000 7.152375
4.500000 7.160675
4.505000 7.168925
4.510000 7.177175
4.515000 7.185425
4.520000 7.193725
4.525000 7.201975
4.530000 7.210225
4.535000 7.218525
4.540000 7.226775
4.545000 7.235075
4.550000 7.243325
4.555000 7.251625
4.560000 7.259875
4.565000 7.268175
4.570000 7.276425
4.575000 7.284725
4.580000 7.293025
4.585000 7.301275
4.590000 7.309575
4.595000 7.317875
4.600000 7.326125
4.605000 7.334425
4.610000 7.342725
4.615000 7.351025
4.620000 7.359325
4.625000 7.367625
4.630000 7.375925
4.635000 7.384225
4.640000 7.392525
4.645000 7.400825
4.650000 7.409125
4.655000 7.417425
4.660000 7.425725
4.665000 7.434025
4.670000 7.442325
4.675000 7.450625
4.680000 7.458925
4.685000 7.467275
4.690000 7.475575
4.695000 7.483875
4.700000 7.492225
4.705000 7.500525
4.710000 7.508825
4.715000 7.517175
4.720000 7.525475
4.725000 7.533825
4.730000 7.542125
4.735000 7.550475
4.740000 7.558775
4.745000 7.567125
4.750000 7.575425
4.755000 7.583775
4.760000 7.592125
4.765000 7.600425
4.770000 7.608775
4.775000 7.617125
4.780000 7.625475
4.785000 7.633775
4.790000 7.642125
4.795000 7.650475
4.800000 7.658825
4.805000 7.667175
4.810000 7.675525
4.815000 7.683875
4.820000 7.692225
4.825000 7.700575
4.830000 7.708925
4.835000 7.717275
4.840000 7.725625
4.845000 7.733975
4.850000 7.742375
4.855000 7.750725
4.860000 7.759075
4.865000 7.767425
4.870000 7.775825
4.875000 7.784175
4.880000 7.792525
4.885000 7.800925
4.890000 7.809275
4.895000 7.817675
4.900000 7.826025
4.905000 7.834425
4.910000 7.842775
4.915000 7.851175
4.920000 7.859525
4.925000 7.867925
4.930000 7.876325
4.935000 7.884675
4.940000 7.893075
4.945000 7.901475
4.950000 7.909875
4.955000 7.918275
4.960000 7.926625
4.965000 7.935025
4.970000 7.943425
4.975000 7.951825
4.980000 7.960225
4.985000 7.968625
4.990000 7.977025
4.995000 7.985425
