0.025000 0.029675
0.040000 0.047475
0.050000 0.059325
0.055000 0.065275
0.060000 0.071175
0.065000 0.077075
0.070000 0.082975
0.075000 0.088875
0.080000 0.094775
0.085000 0.100625
0.090000 0.106525
0.095000 0.112375
0.100000 0.118275
0.105000 0.124125
0.110000 0.129925
0.115000 0.135775
0.120000 0.141575
0.125000 0.147425
0.130000 0.153225
0.135000 0.158975
0.140000 0.164775
0.145000 0.170525
0.150000 0.176275
0.155000 0.182025
0.160000 0.187775
0.165000 0.193475
0.170000 0.199175
0.175000 0.204825
0.180000 0.210525
0.185000 0.216175
0.190000 0.221775
0.195000 0.227425
0.200000 0.232975
0.205000 0.238575
0.210000 0.244125
0.215000 0.249675
0.220000 0.255225
0.225000 0.260725
0.230000 0.266175
0.235000 0.271625
0.240000 0.277075
0.245000 0.282475
0.250000 0.287875
0.255000 0.293275
0.260000 0.298575
0.265000 0.303925
0.270000 0.309225
0.275000 0.314475
0.280000 0.319725
0.285000 0.324925
0.290000 0.330125
0.295000 0.335325
0.300000 0.340425
0.305000 0.345525
0.310000 0.350625
0.315000 0.355675
0.320000 0.360675
0.325000 0.365675
0.330000 0.370625
0.335000 0.375575
0.340000 0.380475
0.345000 0.385325
0.350000 0.390175
0.355000 0.394975
0.360000 0.399725
0.365000 0.404475
0.370000 0.409175
0.375000 0.413825
0.380000 0.418425
0.385000 0.423025
0.390000 0.427575
0.395000 0.432125
0.400000 0.436625
0.405000 0.441075
0.410000 0.445475
0.415000 0.449825
0.420000 0.454175
0.425000 0.458475
0.430000 0.462725
0.435000 0.466975
0.440000 0.471125
0.445000 0.475275
0.450000 0.479375
0.455000 0.483475
0.460000 0.487525
0.465000 0.491475
0.470000 0.495425
0.475000 0.499375
0.480000 0.503225
0.485000 0.507075
0.490000 0.510875
0.495000 0.514625
0.500000 0.518375
0.505000 0.522075
0.510000 0.525725
0.515000 0.529325
0.520000 0.532875
0.525000 0.536425
0.530000 0.539925
0.535000 0.543375
0.540000 0.546825
0.545000 0.550225
0.550000 0.553575
0.555000 0.556875
0.560000 0.560175
0.565000 0.563425
0.570000 0.566675
0.575000 0.569875
0.580000 0.573025
0.585000 0.576125
0.590000 0.579225
0.595000 0.582325
0.600000 0.585375
0.605000 0.588375
0.610000 0.591375
0.615000 0.594325
0.620000 0.597225
0.625000 0.600175
0.630000 0.603025
0.635000 0.605925
0.640000 0.608775
0.645000 0.611575
0.650000 0.614425
0.655000 0.617225
0.660000 0.619975
0.665000 0.622775
0.670000 0.625525
0.675000 0.628275
0.680000 0.631025
0.685000 0.633775
0.690000 0.636525
0.695000 0.639275
0.700000 0.642025
0.705000 0.644825
0.710000 0.647625
0.715000 0.650425
0.720000 0.653275
0.725000 0.656125
0.730000 0.659075
0.735000 0.662075
0.740000 0.665175
0.745000 0.668425
0.750000 0.671875
0.755000 0.675575
0.760000 0.678775
0.765000 0.681575
0.770000 0.684125
0.775000 0.686425
0.780000 0.688525
0.785000 0.690475
0.790000 0.692275
0.795000 0.693975
0.800000 0.695575
0.805000 0.697075
0.810000 0.698525
0.815000 0.699875
0.820000 0.701175
0.825000 0.702375
0.830000 0.703575
0.835000 0.704675
0.840000 0.705775
0.845000 0.706825
0.850000 0.707775
0.855000 0.708775
0.860000 0.709675
0.865000 0.710575
0.870000 0.711425
0.875000 0.712225
0.880000 0.713025
0.885000 0.713825
0.890000 0.714575
0.895000 0.715325
0.900000 0.716075
0.905000 0.716775
0.910000 0.717475
0.915000 0.718175
0.920000 0.718875
0.925000 0.719575
0.930000 0.720325
0.935000 0.721025
0.940000 0.721775
0.945000 0.722575
0.950000 0.723425
0.955000 0.724325
0.960000 0.725375
0.965000 0.726625
0.970000 0.727875
0.975000 0.728625
0.980000 0.729225
0.985000 0.729675
0.990000 0.730025
0.995000 0.730325
1.000000 0.730525
1.005000 0.730725
1.010000 0.730875
1.015000 0.730975
1.020000 0.731025
1.025000 0.731075
1.030000 0.731075
1.035000 0.731025
1.040000 0.730975
1.045000 0.730875
1.050000 0.730775
1.055000 0.730625
1.060000 0.730475
1.065000 0.730325
1.070000 0.730125
1.075000 0.729875
1.080000 0.729675
1.085000 0.729375
1.090000 0.729125
1.095000 0.728825
1.100000 0.728525
1.105000 0.728175
1.110000 0.727825
1.115000 0.727475
1.120000 0.727075
1.125000 0.726675
1.130000 0.726275
1.135000 0.725825
1.140000 0.725425
1.145000 0.724925
1.150000 0.724475
1.155000 0.723975
1.160000 0.723475
1.165000 0.722975
1.170000 0.722425
1.175000 0.721875
1.180000 0.721325
1.185000 0.720725
1.190000 0.720125
1.195000 0.719525
1.200000 0.718925
1.205000 0.718325
1.210000 0.717675
1.215000 0.717025
1.220000 0.716375
1.225000 0.715675
1.230000 0.714975
1.235000 0.714275
1.240000 0.713575
1.245000 0.712825
1.250000 0.712125
1.255000 0.711375
1.260000 0.710575
1.265000 0.709825
1.270000 0.709025
1.275000 0.708225
1.280000 0.707425
1.285000 0.706625
1.290000 0.705775
1.295000 0.704925
1.300000 0.704075
1.305000 0.703225
1.310000 0.702375
1.315000 0.701475
1.320000 0.700575
1.325000 0.699675
1.330000 0.698725
1.335000 0.697825
1.340000 0.696875
1.345000 0.695925
1.350000 0.694975
1.355000 0.693975
1.360000 0.693025
1.365000 0.692025
1.370000 0.691025
1.375000 0.690025
1.380000 0.688975
1.385000 0.687975
1.390000 0.686925
1.395000 0.685875
1.400000 0.684775
1.405000 0.683725
1.410000 0.682625
1.415000 0.681525
1.420000 0.680425
1.425000 0.679325
1.430000 0.678225
1.435000 0.677075
1.440000 0.675925
1.445000 0.674775
1.450000 0.673625
1.455000 0.672425
1.460000 0.671225
1.465000 0.670025
1.470000 0.668825
1.475000 0.667625
1.480000 0.666425
1.485000 0.665175
1.490000 0.663925
1.495000 0.662675
1.500000 0.661425
1.505000 0.660125
1.510000 0.658825
1.515000 0.657525
1.520000 0.656225
1.525000 0.654925
1.530000 0.653575
1.535000 0.652275
1.540000 0.650925
1.545000 0.649525
1.550000 0.648175
1.555000 0.646825
1.560000 0.645425
1.565000 0.644025
1.570000 0.642625
1.575000 0.641175
1.580000 0.639775
1.585000 0.638325
1.590000 0.636875
1.595000 0.635425
1.600000 0.633925
1.605000 0.632425
1.610000 0.630975
1.615000 0.629425
1.620000 0.627925
1.625000 0.626425
1.630000 0.624875
1.635000 0.623325
1.640000 0.621775
1.645000 0.620175
1.650000 0.618625
1.655000 0.617025
1.660000 0.615425
1.665000 0.613825
1.670000 0.612175
1.675000 0.610525
1.680000 0.608875
1.685000 0.607225
1.690000 0.605575
1.695000 0.603875
1.700000 0.602175
1.705000 0.600475
1.710000 0.598775
1.715000 0.597025
1.720000 0.595275
1.725000 0.593525
1.730000 0.591775
1.735000 0.589975
1.740000 0.588175
1.745000 0.586375
1.750000 0.584575
1.755000 0.582725
1.760000 0.580925
1.765000 0.579075
1.770000 0.577175
1.775000 0.575325
1.780000 0.573425
1.785000 0.571525
1.790000 0.569575
1.795000 0.567675
1.800000 0.565725
1.805000 0.563725
1.810000 0.561775
1.815000 0.559775
1.820000 0.557775
1.825000 0.555775
1.830000 0.553725
1.835000 0.551675
1.840000 0.549625
1.845000 0.547575
1.850000 0.545475
1.855000 0.543375
1.860000 0.541275
1.865000 0.539125
1.870000 0.536975
1.875000 0.534825
1.880000 0.532625
1.885000 0.530425
1.890000 0.528225
1.895000 0.525975
1.900000 0.523725
1.905000 0.521475
1.910000 0.519175
1.915000 0.516875
1.920000 0.514575
1.925000 0.512275
1.930000 0.509925
1.935000 0.507525
1.940000 0.505125
1.945000 0.502725
1.950000 0.500325
1.955000 0.497875
1.960000 0.495425
1.965000 0.492925
1.970000 0.490425
1.975000 0.487925
1.980000 0.485375
1.985000 0.482825
1.990000 0.480225
1.995000 0.477625
2.000000 0.474975
2.005000 0.472325
2.010000 0.469675
2.015000 0.466975
2.020000 0.464275
2.025000 0.461525
2.030000 0.458775
2.035000 0.455975
2.040000 0.453175
2.045000 0.450325
2.050000 0.447475
2.055000 0.444575
2.060000 0.441625
2.065000 0.438725
2.070000 0.435725
2.075000 0.432725
2.080000 0.429725
2.085000 0.426625
2.090000 0.423575
2.095000 0.420425
2.100000 0.417275
2.105000 0.414125
2.110000 0.410875
2.115000 0.407625
2.120000 0.404375
2.125000 0.401025
2.130000 0.397675
2.135000 0.394275
2.140000 0.390875
2.145000 0.387375
2.150000 0.383875
2.155000 0.380325
2.160000 0.376725
2.165000 0.373075
2.170000 0.369425
2.175000 0.365675
2.180000 0.361925
2.185000 0.358075
2.190000 0.354225
2.195000 0.350275
2.200000 0.346325
2.205000 0.342275
2.210000 0.338175
2.215000 0.334025
2.220000 0.329825
2.225000 0.325525
2.230000 0.321175
2.235000 0.316775
2.240000 0.312275
2.245000 0.307725
2.250000 0.303075
2.255000 0.298375
2.260000 0.293525
2.265000 0.288625
2.270000 0.283625
2.275000 0.278525
2.280000 0.273325
2.285000 0.267975
2.290000 0.262575
2.295000 0.256975
2.300000 0.251275
2.305000 0.245425
2.310000 0.239425
2.315000 0.233225
2.320000 0.226875
2.325000 0.220325
2.330000 0.213575
2.335000 0.206575
2.340000 0.199275
2.345000 0.191725
2.350000 0.183825
2.355000 0.175575
2.360000 0.166875
2.365000 0.157725
2.370000 0.147925
2.375000 0.137425
2.380000 0.126075
2.385000 0.113525
2.390000 0.099375
2.395000 0.082775
2.400000 0.061925
2.405000 0.028325
