4.7500000000 0.6418818245 4.4085484810
4.7510000000 0.6421933479 4.4096764412
4.7520000000 0.6425054359 4.4108044701
4.7530000000 0.6428180733 4.4119325829
4.7540000000 0.6431312752 4.4130607567
4.7550000000 0.6434450417 4.4141890144
4.7560000000 0.6437593727 4.4153173409
4.7570000000 0.6440742683 4.4164457436
4.7580000000 0.6443897285 4.4175742226
4.7590000000 0.6447057610 4.4187027702
4.7600000000 0.6450223579 4.4198313942
4.7610000000 0.6453395348 4.4209600945
4.7620000000 0.6456572762 4.4220888710
4.7630000000 0.6459755974 4.4232177162
4.7640000000 0.6462944984 4.4243466454
4.7650000000 0.6466139717 4.4254756432
4.7660000000 0.6469340248 4.4266047096
4.7670000000 0.6472546577 4.4277338600
4.7680000000 0.6475758781 4.4288630791
4.7690000000 0.6478976860 4.4299923744
4.7700000000 0.6482200737 4.4311217461
4.7710000000 0.6485430489 4.4322511940
4.7720000000 0.6488666191 4.4333807182
4.7730000000 0.6491907768 4.4345103188
4.7740000000 0.6495155220 4.4356399879
4.7750000000 0.6498408699 4.4367697334
4.7760000000 0.6501668129 4.4378995552
4.7770000000 0.6504933510 4.4390294533
4.7780000000 0.6508204918 4.4401594276
4.7790000000 0.6511482353 4.4412894783
4.7800000000 0.6514765816 4.4424196053
4.7810000000 0.6518055305 4.4435498085
4.7820000000 0.6521350899 4.4446800804
4.7830000000 0.6524652519 4.4458104362
4.7840000000 0.6527960320 4.4469408684
4.7850000000 0.6531274223 4.4480713692
4.7860000000 0.6534594307 4.4492019463
4.7870000000 0.6537920494 4.4503326073
4.7880000000 0.6541252861 4.4514633369
4.7890000000 0.6544591484 4.4525941505
4.7900000000 0.6547936363 4.4537250328
4.7910000000 0.6551287422 4.4548559990
4.7920000000 0.6554644737 4.4559870338
4.7930000000 0.6558008385 4.4571181526
4.7940000000 0.6561378365 4.4582493401
4.7950000000 0.6564754601 4.4593806114
4.7960000000 0.6568137245 4.4605119514
4.7970000000 0.6571526222 4.4616433754
4.7980000000 0.6574921532 4.4627748756
4.7990000000 0.6578323326 4.4639064522
4.8000000000 0.6581731529 4.4650381050
4.8010000000 0.6585146217 4.4661698341
4.8020000000 0.6588567390 4.4673016396
4.8030000000 0.6591994972 4.4684335213
4.8040000000 0.6595429192 4.4695654869
4.8050000000 0.6598869896 4.4706975212
4.8060000000 0.6602317162 4.4718296394
4.8070000000 0.6605770988 4.4729618340
4.8080000000 0.6609231453 4.4740941048
4.8090000000 0.6612698555 4.4752264519
4.8100000000 0.6616172371 4.4763588753
4.8110000000 0.6619652824 4.4774913826
4.8120000000 0.6623139992 4.4786239662
4.8130000000 0.6626633873 4.4797566261
4.8140000000 0.6630134544 4.4808893623
4.8150000000 0.6633642006 4.4820221748
4.8160000000 0.6637156258 4.4831550713
4.8170000000 0.6640677299 4.4842880440
4.8180000000 0.6644205208 4.4854210930
4.8190000000 0.6647740059 4.4865542183
4.8200000000 0.6651281776 4.4876874275
4.8210000000 0.6654830513 4.4888207130
4.8220000000 0.6658386116 4.4899540749
4.8230000000 0.6661948738 4.4910875206
4.8240000000 0.6665518379 4.4922210426
4.8250000000 0.6669095116 4.4933546410
4.8260000000 0.6672678871 4.4944883156
4.8270000000 0.6676269798 4.4956220741
4.8280000000 0.6679867744 4.4967559090
4.8290000000 0.6683472939 4.4978898277
4.8300000000 0.6687085304 4.4990238228
4.8310000000 0.6690704842 4.5001578941
4.8320000000 0.6694331703 4.5012920494
4.8330000000 0.6697965813 4.5024262810
4.8340000000 0.6701607246 4.5035605888
4.8350000000 0.6705256004 4.5046949806
4.8360000000 0.6708912086 4.5058294487
4.8370000000 0.6712575645 4.5069640007
4.8380000000 0.6716246605 4.5080986290
4.8390000000 0.6719925041 4.5092333336
4.8400000000 0.6723610954 4.5103681221
4.8410000000 0.6727304420 4.5115029945
4.8420000000 0.6731005440 4.5126379433
4.8430000000 0.6734714088 4.5137729683
4.8440000000 0.6738430367 4.5149080772
4.8450000000 0.6742154274 4.5160432625
4.8460000000 0.6745885887 4.5171785316
4.8470000000 0.6749625282 4.5183138847
4.8480000000 0.6753372383 4.5194493065
4.8490000000 0.6757127342 4.5205848198
4.8500000000 0.6760890083 4.5217204094
4.8510000000 0.6764660759 4.5228560753
4.8520000000 0.6768439369 4.5239918251
4.8530000000 0.6772225914 4.5251276588
4.8540000000 0.6776020470 4.5262635689
4.8550000000 0.6779823036 4.5273995628
4.8560000000 0.6783633690 4.5285356331
4.8570000000 0.6787452431 4.5296717873
4.8580000000 0.6791279335 4.5308080254
4.8590000000 0.6795114403 4.5319443398
4.8600000000 0.6798957710 4.5330807381
4.8610000000 0.6802809334 4.5342172127
4.8620000000 0.6806669273 4.5353537712
4.8630000000 0.6810537529 4.5364904137
4.8640000000 0.6814414177 4.5376271400
4.8650000000 0.6818299294 4.5387639427
4.8660000000 0.6822192955 4.5399008217
4.8670000000 0.6826095085 4.5410377922
4.8680000000 0.6830005760 4.5421748390
4.8690000000 0.6833925133 4.5433119698
4.8700000000 0.6837853127 4.5444491768
4.8710000000 0.6841789894 4.5455864754
4.8720000000 0.6845735359 4.5467238503
4.8730000000 0.6849689674 4.5478613014
4.8740000000 0.6853652916 4.5489988441
4.8750000000 0.6857625008 4.5501364632
4.8760000000 0.6861606026 4.5512741661
4.8770000000 0.6865596123 4.5524119530
4.8780000000 0.6869595222 4.5535498238
4.8790000000 0.6873603477 4.5546877708
4.8800000000 0.6877620888 4.5558258018
4.8810000000 0.6881647530 4.5569639168
4.8820000000 0.6885683479 4.5581021156
4.8830000000 0.6889728661 4.5592403984
4.8840000000 0.6893783302 4.5603787575
4.8850000000 0.6897847404 4.5615172081
4.8860000000 0.6901921043 4.5626557350
4.8870000000 0.6906004143 4.5637943459
4.8880000000 0.6910096931 4.5649330406
4.8890000000 0.6914199409 4.5660718193
4.8900000000 0.6918311577 4.5672106819
4.8910000000 0.6922433586 4.5683496208
4.8920000000 0.6926565437 4.5694886513
4.8930000000 0.6930707207 4.5706277580
4.8940000000 0.6934858971 4.5717669563
4.8950000000 0.6939020805 4.5729062309
4.8960000000 0.6943192787 4.5740455894
4.8970000000 0.6947374992 4.5751850395
4.8980000000 0.6951567345 4.5763245659
4.8990000000 0.6955770149 4.5774641762
4.9000000000 0.6959983253 4.5786038704
4.9010000000 0.6964206886 4.5797436485
4.9020000000 0.6968441048 4.5808835106
4.9030000000 0.6972685890 4.5820234642
4.9040000000 0.6976941338 4.5831634941
4.9050000000 0.6981207619 4.5843036079
4.9060000000 0.6985484734 4.5854438057
4.9070000000 0.6989772758 4.5865840874
4.9080000000 0.6994071770 4.5877244606
4.9090000000 0.6998381920 4.5888649101
4.9100000000 0.7002703209 4.5900054512
4.9110000000 0.7007035789 4.5911460686
4.9120000000 0.7011379662 4.5922867775
4.9130000000 0.7015734978 4.5934275703
4.9140000000 0.7020101814 4.5945684395
4.9150000000 0.7024480247 4.5957094002
4.9160000000 0.7028870430 4.5968504448
4.9170000000 0.7033272362 4.5979915810
4.9180000000 0.7037686119 4.5991327934
4.9190000000 0.7042111931 4.6002740898
4.9200000000 0.7046549797 4.6014154778
4.9210000000 0.7050999870 4.6025569496
4.9220000000 0.7055462151 4.6036985054
4.9230000000 0.7059936867 4.6048401451
4.9240000000 0.7064424095 4.6059818687
4.9250000000 0.7068923836 4.6071236839
4.9260000000 0.7073436317 4.6082655830
4.9270000000 0.7077961693 4.6094075661
4.9280000000 0.7082499886 4.6105496330
4.9290000000 0.7087051125 4.6116917915
4.9300000000 0.7091615562 4.6128340263
4.9310000000 0.7096193275 4.6139763527
4.9320000000 0.7100784416 4.6151187706
4.9330000000 0.7105389061 4.6162612648
4.9340000000 0.7110007286 4.6174038506
4.9350000000 0.7114639397 4.6185465202
4.9360000000 0.7119285393 4.6196892738
4.9370000000 0.7123945351 4.6208321190
4.9380000000 0.7128619576 4.6219750481
4.9390000000 0.7133308144 4.6231180611
4.9400000000 0.7138011131 4.6242611656
4.9410000000 0.7142728767 4.6254043541
4.9420000000 0.7147461128 4.6265476341
4.9430000000 0.7152208366 4.6276909904
4.9440000000 0.7156970711 4.6288344383
4.9450000000 0.7161748314 4.6299779778
4.9460000000 0.7166541328 4.6311216011
4.9470000000 0.7171349831 4.6322653084
4.9480000000 0.7176174049 4.6334091072
4.9490000000 0.7181014214 4.6345529900
4.9500000000 0.7185870399 4.6356969643
4.9510000000 0.7190742912 4.6368410225
4.9520000000 0.7195631828 4.6379851646
4.9530000000 0.7200537376 4.6391293983
4.9540000000 0.7205459709 4.6402737160
4.9550000000 0.7210399132 4.6414181252
4.9560000000 0.7215355721 4.6425626183
4.9570000000 0.7220329781 4.6437072029
4.9580000000 0.7225321541 4.6448518715
4.9590000000 0.7230331078 4.6459966316
4.9600000000 0.7235358696 4.6471414757
4.9610000000 0.7240404701 4.6482864113
4.9620000000 0.7245469246 4.6494314384
4.9630000000 0.7250552559 4.6505765419
4.9640000000 0.7255654945 4.6517217445
4.9650000000 0.7260776634 4.6528670311
4.9660000000 0.7265917854 4.6540124016
4.9670000000 0.7271078911 4.6551578712
4.9680000000 0.7276260109 4.6563034172
4.9690000000 0.7281461601 4.6574490623
4.9700000000 0.7286683846 4.6585947838
4.9710000000 0.7291927071 4.6597406044
4.9720000000 0.7297191582 4.6608865089
4.9730000000 0.7302477684 4.6620325050
4.9740000000 0.7307785683 4.6631785851
4.9750000000 0.7313115959 4.6643247566
4.9760000000 0.7318468895 4.6654710197
4.9770000000 0.7323844795 4.6666173668
4.9780000000 0.7329243965 4.6677638054
4.9790000000 0.7334666862 4.6689103355
4.9800000000 0.7340113869 4.6700569572
4.9810000000 0.7345585442 4.6712036629
4.9820000000 0.7351081886 4.6723504601
4.9830000000 0.7356603661 4.6734973412
4.9840000000 0.7362151222 4.6746443138
4.9850000000 0.7367725105 4.6757913780
4.9860000000 0.7373325691 4.6769385338
4.9870000000 0.7378953438 4.6780857811
4.9880000000 0.7384608955 4.6792331123
4.9890000000 0.7390292778 4.6803805351
4.9900000000 0.7396005363 4.6815280495
4.9910000000 0.7401747322 4.6826756477
4.9920000000 0.7407519264 4.6838233452
4.9930000000 0.7413321724 4.6849711266
4.9940000000 0.7419155388 4.6861189995
4.9950000000 0.7425020943 4.6872669640
4.9960000000 0.7430918999 4.6884150124
4.9970000000 0.7436850395 4.6895631599
4.9980000000 0.7442815742 4.6907113914
4.9990000000 0.7448815880 4.6918597221
