0.0181000000 0.0134792725
0.0201000000 0.0149682568
0.0221000000 0.0164570947
0.0271000000 0.0201784912
0.0291000000 0.0216667334
0.0311000000 0.0231547705
0.0321000000 0.0238987061
0.0331000000 0.0246425928
0.0341000000 0.0253864209
0.0351000000 0.0261301807
0.0361000000 0.0268738916
0.0371000000 0.0276175342
0.0381000000 0.0283611084
0.0391000000 0.0291046240
0.0401000000 0.0298480713
0.0411000000 0.0305914404
0.0421000000 0.0313347510
0.0431000000 0.0320779834
0.0441000000 0.0328211377
0.0451000000 0.0335642139
0.0461000000 0.0343072217
0.0471000000 0.0350501416
0.0481000000 0.0357929834
0.0491000000 0.0365357373
0.0501000000 0.0372784131
0.0511000000 0.0380209912
0.0521000000 0.0387634912
0.0531000000 0.0395058936
0.0541000000 0.0402482080
0.0551000000 0.0409904346
0.0561000000 0.0417325537
0.0571000000 0.0424745850
0.0581000000 0.0432165186
0.0591000000 0.0439583447
0.0601000000 0.0447000732
0.0611000000 0.0454416943
0.0621000000 0.0461832080
0.0631000000 0.0469246240
0.0641000000 0.0476659229
0.0651000000 0.0484071143
0.0661000000 0.0491481885
0.0671000000 0.0498891553
0.0681000000 0.0506299951
0.0691000000 0.0513707275
0.0701000000 0.0521113428
0.0711000000 0.0528518311
0.0721000000 0.0535921924
0.0731000000 0.0543324365
0.0741000000 0.0550725537
0.0751000000 0.0558125439
0.0761000000 0.0565523975
0.0771000000 0.0572921240
0.0781000000 0.0580317236
0.0791000000 0.0587711768
0.0801000000 0.0595105029
0.0811000000 0.0602496924
0.0821000000 0.0609887354
0.0831000000 0.0617276416
0.0841000000 0.0624664014
0.0851000000 0.0632050146
0.0861000000 0.0639434814
0.0871000000 0.0646818018
0.0881000000 0.0654199756
0.0891000000 0.0661579932
0.0901000000 0.0668958643
0.0911000000 0.0676335791
0.0921000000 0.0683711279
0.0931000000 0.0691085303
0.0941000000 0.0698457666
0.0951000000 0.0705828369
0.0961000000 0.0713197510
0.0971000000 0.0720564990
0.0981000000 0.0727930811
0.0991000000 0.0735294873
0.1001000000 0.0742657373
0.1011000000 0.0750018018
0.1021000000 0.0757377002
0.1031000000 0.0764734229
0.1041000000 0.0772089697
0.1051000000 0.0779443408
0.1061000000 0.0786795264
0.1071000000 0.0794145264
0.1081000000 0.0801493506
0.1091000000 0.0808839893
0.1101000000 0.0816184424
0.1111000000 0.0823527002
0.1121000000 0.0830867725
0.1131000000 0.0838206592
0.1141000000 0.0845543408
0.1151000000 0.0852878369
0.1161000000 0.0860211377
0.1171000000 0.0867542334
0.1181000000 0.0874871338
0.1191000000 0.0882198291
0.1201000000 0.0889523193
0.1211000000 0.0896846143
0.1221000000 0.0904166943
0.1231000000 0.0911485693
0.1241000000 0.0918802393
0.1251000000 0.0926116846
0.1261000000 0.0933429346
0.1271000000 0.0940739600
0.1281000000 0.0948047705
0.1291000000 0.0955353662
0.1301000000 0.0962657373
0.1311000000 0.0969958838
0.1321000000 0.0977258154
0.1331000000 0.0984555225
0.1341000000 0.0991850049
0.1351000000 0.0999142529
0.1361000000 0.1006432861
0.1371000000 0.1013720752
0.1381000000 0.1021006396
0.1391000000 0.1028289600
0.1401000000 0.1035570557
0.1411000000 0.1042849072
0.1421000000 0.1050125244
0.1431000000 0.1057398975
0.1441000000 0.1064670361
0.1451000000 0.1071939307
0.1461000000 0.1079205713
0.1471000000 0.1086469678
0.1481000000 0.1093731201
0.1491000000 0.1100990283
0.1501000000 0.1108246729
0.1511000000 0.1115500732
0.1521000000 0.1122752197
0.1531000000 0.1130001025
0.1541000000 0.1137247314
0.1551000000 0.1144490967
0.1561000000 0.1151732080
0.1571000000 0.1158970557
0.1581000000 0.1166206396
0.1591000000 0.1173439600
0.1601000000 0.1180670068
0.1611000000 0.1187897900
0.1621000000 0.1195123096
0.1631000000 0.1202345459
0.1641000000 0.1209565186
0.1651000000 0.1216782080
0.1661000000 0.1223996240
0.1671000000 0.1231207666
0.1681000000 0.1238416260
0.1691000000 0.1245622119
0.1701000000 0.1252825049
0.1711000000 0.1260025146
0.1721000000 0.1267222510
0.1731000000 0.1274416846
0.1741000000 0.1281608447
0.1751000000 0.1288797021
0.1761000000 0.1295982764
0.1771000000 0.1303165576
0.1781000000 0.1310345361
0.1791000000 0.1317522314
0.1801000000 0.1324696240
0.1811000000 0.1331867139
0.1821000000 0.1339035107
0.1831000000 0.1346199951
0.1841000000 0.1353361865
0.1851000000 0.1360520654
0.1861000000 0.1367676416
0.1871000000 0.1374829150
0.1881000000 0.1381978662
0.1891000000 0.1389125146
0.1901000000 0.1396268506
0.1911000000 0.1403408740
0.1921000000 0.1410545850
0.1931000000 0.1417679736
0.1941000000 0.1424810498
0.1951000000 0.1431938037
0.1961000000 0.1439062354
0.1971000000 0.1446183447
0.1981000000 0.1453301318
0.1991000000 0.1460415967
0.2001000000 0.1467527295
0.2011000000 0.1474635400
0.2021000000 0.1481740186
0.2031000000 0.1488841650
0.2041000000 0.1495939795
0.2051000000 0.1503034619
0.2061000000 0.1510126025
0.2071000000 0.1517214111
0.2081000000 0.1524298877
0.2091000000 0.1531380127
0.2101000000 0.1538458057
0.2111000000 0.1545532568
0.2121000000 0.1552603564
0.2131000000 0.1559671240
0.2141000000 0.1566735400
0.2151000000 0.1573796045
0.2161000000 0.1580853174
0.2171000000 0.1587906885
0.2181000000 0.1594956982
0.2191000000 0.1602003662
0.2201000000 0.1609046729
0.2211000000 0.1616086279
0.2221000000 0.1623122217
0.2231000000 0.1630154541
0.2241000000 0.1637183350
0.2251000000 0.1644208545
0.2261000000 0.1651230029
0.2271000000 0.1658247900
0.2281000000 0.1665262158
0.2291000000 0.1672272705
0.2301000000 0.1679279639
0.2311000000 0.1686282861
0.2321000000 0.1693282373
0.2331000000 0.1700278174
0.2341000000 0.1707270166
0.2351000000 0.1714258545
0.2361000000 0.1721243018
0.2371000000 0.1728223877
0.2381000000 0.1735200830
0.2391000000 0.1742174072
0.2401000000 0.1749143506
0.2411000000 0.1756109033
0.2421000000 0.1763070850
0.2431000000 0.1770028760
0.2441000000 0.1776982764
0.2451000000 0.1783932959
0.2461000000 0.1790879248
0.2471000000 0.1797821631
0.2481000000 0.1804760205
0.2491000000 0.1811694775
0.2501000000 0.1818625342
0.2511000000 0.1825552100
0.2521000000 0.1832474854
0.2531000000 0.1839393604
0.2541000000 0.1846308447
0.2551000000 0.1853219189
0.2561000000 0.1860126025
0.2571000000 0.1867028857
0.2581000000 0.1873927588
0.2591000000 0.1880822314
0.2601000000 0.1887712939
0.2611000000 0.1894599561
0.2621000000 0.1901482080
0.2631000000 0.1908360596
0.2641000000 0.1915234912
0.2651000000 0.1922105127
0.2661000000 0.1928971240
0.2671000000 0.1935833252
0.2681000000 0.1942691162
0.2691000000 0.1949544775
0.2701000000 0.1956394385
0.2711000000 0.1963239697
0.2721000000 0.1970080811
0.2731000000 0.1976917822
0.2741000000 0.1983750537
0.2751000000 0.1990579053
0.2761000000 0.1997403369
0.2771000000 0.2004223486
0.2781000000 0.2011039209
0.2791000000 0.2017850830
0.2801000000 0.2024658057
0.2811000000 0.2031461084
0.2821000000 0.2038259717
0.2831000000 0.2045054150
0.2841000000 0.2051844189
0.2851000000 0.2058629932
0.2861000000 0.2065411279
0.2871000000 0.2072188330
0.2881000000 0.2078961084
0.2891000000 0.2085729346
0.2901000000 0.2092493311
0.2911000000 0.2099252881
0.2921000000 0.2106008057
0.2931000000 0.2112758740
0.2941000000 0.2119505127
0.2951000000 0.2126247021
0.2961000000 0.2132984521
0.2971000000 0.2139717529
0.2981000000 0.2146446143
0.2991000000 0.2153170166
