0.0001000000 1.0000000049
0.0011000000 1.0000006006
0.0021000000 1.0000022021
0.0031000000 1.0000048096
0.0041000000 1.0000084033
0.0051000000 1.0000130029
0.0061000000 1.0000186084
0.0071000000 1.0000252100
0.0081000000 1.0000328076
0.0091000000 1.0000414014
0.0101000000 1.0000510107
0.0111000000 1.0000616064
0.0121000000 1.0000732080
0.0131000000 1.0000858057
0.0141000000 1.0000994092
0.0151000000 1.0001140088
0.0161000000 1.0001296143
0.0171000000 1.0001462158
0.0181000000 1.0001638135
0.0191000000 1.0001824170
0.0201000000 1.0002020264
0.0211000000 1.0002226318
0.0221000000 1.0002442334
0.0231000000 1.0002668408
0.0241000000 1.0002904443
0.0251000000 1.0003150537
0.0261000000 1.0003406592
0.0271000000 1.0003672607
0.0281000000 1.0003948779
0.0291000000 1.0004234814
0.0301000000 1.0004531006
0.0311000000 1.0004837061
0.0321000000 1.0005153271
0.0331000000 1.0005479346
0.0341000000 1.0005815576
0.0351000000 1.0006161768
0.0361000000 1.0006517920
0.0371000000 1.0006884131
0.0381000000 1.0007260400
0.0391000000 1.0007646631
0.0401000000 1.0008042920
0.0411000000 1.0008449268
0.0421000000 1.0008865576
0.0431000000 1.0009291943
0.0441000000 1.0009728271
0.0451000000 1.0010174658
0.0461000000 1.0010631104
0.0471000000 1.0011097510
0.0481000000 1.0011574072
0.0491000000 1.0012060498
0.0501000000 1.0012557080
0.0511000000 1.0013063623
0.0521000000 1.0013580322
0.0531000000 1.0014106885
0.0541000000 1.0014643604
0.0551000000 1.0015190381
0.0561000000 1.0015747119
0.0571000000 1.0016313916
0.0581000000 1.0016890771
0.0591000000 1.0017477686
0.0601000000 1.0018074561
0.0611000000 1.0018681592
0.0621000000 1.0019298584
0.0631000000 1.0019925732
0.0641000000 1.0020562842
0.0651000000 1.0021210107
0.0661000000 1.0021867334
0.0671000000 1.0022534619
0.0681000000 1.0023211963
0.0691000000 1.0023899463
0.0701000000 1.0024596924
0.0711000000 1.0025304443
0.0721000000 1.0026022119
0.0731000000 1.0026749854
0.0741000000 1.0027487549
0.0751000000 1.0028235400
0.0761000000 1.0028993311
0.0771000000 1.0029761279
0.0781000000 1.0030539404
0.0791000000 1.0031327490
0.0801000000 1.0032125732
0.0811000000 1.0032934033
0.0821000000 1.0033752490
0.0831000000 1.0034581006
0.0841000000 1.0035419580
0.0851000000 1.0036268213
0.0861000000 1.0037127002
0.0871000000 1.0037995850
0.0881000000 1.0038874854
0.0891000000 1.0039763916
0.0901000000 1.0040663037
0.0911000000 1.0041572314
0.0921000000 1.0042491650
0.0931000000 1.0043421143
0.0941000000 1.0044360791
0.0951000000 1.0045310498
0.0961000000 1.0046270361
0.0971000000 1.0047240283
0.0981000000 1.0048220361
0.0991000000 1.0049210596
0.1001000000 1.0050210889
0.1011000000 1.0051221436
0.1021000000 1.0052241943
0.1031000000 1.0053272705
0.1041000000 1.0054313623
0.1051000000 1.0055364600
0.1061000000 1.0056425732
0.1071000000 1.0057497021
0.1081000000 1.0058578467
0.1091000000 1.0059670068
0.1101000000 1.0060771826
0.1111000000 1.0061883740
0.1121000000 1.0063005811
0.1131000000 1.0064138037
0.1141000000 1.0065280420
0.1151000000 1.0066432959
0.1161000000 1.0067595654
0.1171000000 1.0068768604
0.1181000000 1.0069951611
0.1191000000 1.0071144873
0.1201000000 1.0072348291
0.1211000000 1.0073561963
0.1221000000 1.0074785693
0.1231000000 1.0076019678
0.1241000000 1.0077263916
0.1251000000 1.0078518213
0.1261000000 1.0079782861
0.1271000000 1.0081057568
0.1281000000 1.0082342627
0.1291000000 1.0083637744
0.1301000000 1.0084943213
0.1311000000 1.0086258740
0.1321000000 1.0087584619
0.1331000000 1.0088920654
0.1341000000 1.0090266943
0.1351000000 1.0091623389
0.1361000000 1.0092990186
0.1371000000 1.0094367139
0.1381000000 1.0095754248
0.1391000000 1.0097151709
0.1401000000 1.0098559424
0.1411000000 1.0099977295
0.1421000000 1.0101405518
0.1431000000 1.0102843896
0.1441000000 1.0104292529
0.1451000000 1.0105751514
0.1461000000 1.0107220654
0.1471000000 1.0108700146
0.1481000000 1.0110189893
0.1491000000 1.0111689893
0.1501000000 1.0113200146
0.1511000000 1.0114720654
0.1521000000 1.0116251514
0.1531000000 1.0117792627
0.1541000000 1.0119343994
0.1551000000 1.0120905713
0.1561000000 1.0122477686
0.1571000000 1.0124059912
0.1581000000 1.0125652588
0.1591000000 1.0127255420
0.1601000000 1.0128868604
0.1611000000 1.0130492139
0.1621000000 1.0132126025
0.1631000000 1.0133770166
0.1641000000 1.0135424561
0.1651000000 1.0137089404
0.1661000000 1.0138764502
0.1671000000 1.0140449951
0.1681000000 1.0142145752
0.1691000000 1.0143851904
0.1701000000 1.0145568408
0.1711000000 1.0147295264
0.1721000000 1.0149032373
0.1731000000 1.0150779932
0.1741000000 1.0152537842
0.1751000000 1.0154306104
0.1761000000 1.0156084717
0.1771000000 1.0157873682
0.1781000000 1.0159673096
0.1791000000 1.0161482764
0.1801000000 1.0163302881
0.1811000000 1.0165133447
0.1821000000 1.0166974365
0.1831000000 1.0168825635
0.1841000000 1.0170687256
0.1851000000 1.0172559424
0.1861000000 1.0174441846
0.1871000000 1.0176334717
0.1881000000 1.0178238037
0.1891000000 1.0180151807
0.1901000000 1.0182075928
0.1911000000 1.0184010498
0.1921000000 1.0185955420
0.1931000000 1.0187910791
0.1941000000 1.0189876709
0.1951000000 1.0191852979
0.1961000000 1.0193839697
0.1971000000 1.0195836865
0.1981000000 1.0197844482
0.1991000000 1.0199862549
0.2001000000 1.0201891064
0.2011000000 1.0203930029
0.2021000000 1.0205979443
0.2031000000 1.0208039404
0.2041000000 1.0210109717
0.2051000000 1.0212190576
0.2061000000 1.0214281885
0.2071000000 1.0216383740
0.2081000000 1.0218496045
0.2091000000 1.0220618799
0.2101000000 1.0222752100
0.2111000000 1.0224895947
0.2121000000 1.0227050146
0.2131000000 1.0229214990
0.2141000000 1.0231390283
0.2151000000 1.0233576123
0.2161000000 1.0235772412
0.2171000000 1.0237979248
0.2181000000 1.0240196631
0.2191000000 1.0242424561
0.2201000000 1.0244662939
0.2211000000 1.0246911963
0.2221000000 1.0249171436
0.2231000000 1.0251441553
0.2241000000 1.0253722119
0.2251000000 1.0256013330
0.2261000000 1.0258314990
0.2271000000 1.0260627295
0.2281000000 1.0262950146
0.2291000000 1.0265283545
0.2301000000 1.0267627490
0.2311000000 1.0269981982
0.2321000000 1.0272347119
0.2331000000 1.0274722900
0.2341000000 1.0277109131
0.2351000000 1.0279506006
0.2361000000 1.0281913525
0.2371000000 1.0284331592
0.2381000000 1.0286760303
0.2391000000 1.0289199561
0.2401000000 1.0291649463
0.2411000000 1.0294109912
0.2421000000 1.0296581104
0.2431000000 1.0299062842
0.2441000000 1.0301555127
0.2451000000 1.0304058154
0.2461000000 1.0306571826
0.2471000000 1.0309096045
0.2481000000 1.0311630908
0.2491000000 1.0314176514
0.2501000000 1.0316732666
0.2511000000 1.0319299463
0.2521000000 1.0321877002
0.2531000000 1.0324465186
0.2541000000 1.0327063916
0.2551000000 1.0329673389
0.2561000000 1.0332293604
0.2571000000 1.0334924365
0.2581000000 1.0337565869
0.2591000000 1.0340218018
0.2601000000 1.0342880908
0.2611000000 1.0345554443
0.2621000000 1.0348238721
0.2631000000 1.0350933643
0.2641000000 1.0353639209
0.2651000000 1.0356355615
0.2661000000 1.0359082568
0.2671000000 1.0361820361
0.2681000000 1.0364568799
0.2691000000 1.0367327979
0.2701000000 1.0370097900
0.2711000000 1.0372878467
0.2721000000 1.0375669775
0.2731000000 1.0378471924
0.2741000000 1.0381284717
0.2751000000 1.0384108252
0.2761000000 1.0386942529
0.2771000000 1.0389787549
0.2781000000 1.0392643311
0.2791000000 1.0395509814
0.2801000000 1.0398387061
0.2811000000 1.0401275146
0.2821000000 1.0404173877
0.2831000000 1.0407083447
0.2841000000 1.0410003760
0.2851000000 1.0412934814
0.2861000000 1.0415876709
0.2871000000 1.0418829346
0.2881000000 1.0421792822
0.2891000000 1.0424767041
0.2901000000 1.0427752002
0.2911000000 1.0430747803
0.2921000000 1.0433754346
0.2931000000 1.0436771729
0.2941000000 1.0439799951
0.2951000000 1.0442838916
0.2961000000 1.0445888623
0.2971000000 1.0448949268
0.2981000000 1.0452020654
0.2991000000 1.0455102881
