0.2270000000 0.1392889748 0.9811986961 2.1151785698 2.4743074684
0.2280000000 0.1398803978 0.9810439491 2.1153061256 2.4745559959
0.2290000000 0.1404715080 0.9808887291 2.1154341316 2.4748054771
0.2300000000 0.1410623131 0.9807330284 2.1155625954 2.4750559120
0.2310000000 0.1416527977 0.9805768471 2.1156915169 2.4753073006
0.2320000000 0.1422429771 0.9804202003 2.1158208885 2.4755596352
0.2330000000 0.1428328285 0.9802630806 2.1159507179 2.4758129158
0.2340000000 0.1434223747 0.9801054955 2.1160809898 2.4760671425
0.2350000000 0.1440115929 0.9799474373 2.1162117195 2.4763223152
0.2360000000 0.1446004906 0.9797889290 2.1163428917 2.4765784340
0.2370000000 0.1451890678 0.9796299477 2.1164745216 2.4768354836
0.2380000000 0.1457773170 0.9794705162 2.1166065865 2.4770934792
0.2390000000 0.1463652382 0.9793106346 2.1167391014 2.4773524132
0.2400000000 0.1469528389 0.9791502953 2.1168720665 2.4776122856
0.2410000000 0.1475401039 0.9789895134 2.1170054665 2.4778730888
0.2420000000 0.1481270332 0.9788282814 2.1171393089 2.4781348305
0.2430000000 0.1487136345 0.9786666069 2.1172735939 2.4783974953
0.2440000000 0.1492999001 0.9785044975 2.1174083214 2.4786610985
0.2450000000 0.1498858223 0.9783419456 2.1175434837 2.4789256248
0.2460000000 0.1504714088 0.9781789589 2.1176790886 2.4791910744
0.2470000000 0.1510566597 0.9780155373 2.1178151283 2.4794574547
0.2480000000 0.1516415596 0.9778516960 2.1179516029 2.4797247505
0.2490000000 0.1522261238 0.9776874199 2.1180885124 2.4799929771
0.2500000000 0.1528103371 0.9775227242 2.1182258492 2.4802621193
0.2510000000 0.1533941994 0.9773576088 2.1183636208 2.4805321770
0.2520000000 0.1539777107 0.9771920815 2.1185018272 2.4808031578
0.2530000000 0.1545608711 0.9770261345 2.1186404610 2.4810750465
0.2540000000 0.1551436806 0.9768597755 2.1187795219 2.4813478508
0.2550000000 0.1557261391 0.9766930046 2.1189190102 2.4816215706
0.2560000000 0.1563082314 0.9765258369 2.1190589256 2.4818961906
0.2570000000 0.1568899727 0.9763582649 2.1191992683 2.4821717262
0.2580000000 0.1574713478 0.9761902885 2.1193400307 2.4824481697
0.2590000000 0.1580523567 0.9760219154 2.1194812202 2.4827255135
0.2600000000 0.1586330070 0.9758531532 2.1196228294 2.4830037651
0.2610000000 0.1592132835 0.9756839943 2.1197648659 2.4832829094
0.2620000000 0.1597932014 0.9755144539 2.1199073143 2.4835629616
0.2630000000 0.1603727455 0.9753445320 2.1200501823 2.4838439064
0.2640000000 0.1609519081 0.9751742210 2.1201934700 2.4841257515
0.2650000000 0.1615307045 0.9750035362 2.1203371696 2.4844084892
0.2660000000 0.1621091270 0.9748324699 2.1204812889 2.4846921272
0.2670000000 0.1626871681 0.9746610374 2.1206258202 2.4849766502
0.2680000000 0.1632648354 0.9744892387 2.1207707634 2.4852620583
0.2690000000 0.1638421135 0.9743170662 2.1209161186 2.4855483589
0.2700000000 0.1644190102 0.9741445351 2.1210618782 2.4858355446
0.2710000000 0.1649955177 0.9739716454 2.1212080574 2.4861236229
0.2720000000 0.1655716438 0.9737983971 2.1213546410 2.4864125710
0.2730000000 0.1661473808 0.9736247902 2.1215016365 2.4867024117
0.2740000000 0.1667227211 0.9734508400 2.1216490288 2.4869931221
0.2750000000 0.1672976723 0.9732765388 2.1217968330 2.4872847176
0.2760000000 0.1678722267 0.9731019020 2.1219450417 2.4875771828
0.2770000000 0.1684463844 0.9729269142 2.1220936470 2.4878705254
0.2780000000 0.1690201454 0.9727515907 2.1222426567 2.4881647453
0.2790000000 0.1695935020 0.9725759392 2.1223920708 2.4884598351
0.2800000000 0.1701664543 0.9723999519 2.1225418816 2.4887557869
0.2810000000 0.1707390022 0.9722236366 2.1226920891 2.4890526085
0.2820000000 0.1713111458 0.9720470009 2.1228427010 2.4893502998
0.2830000000 0.1718828850 0.9718700371 2.1229937019 2.4896488533
0.2840000000 0.1724542046 0.9716927605 2.1231450996 2.4899482689
0.2850000000 0.1730251122 0.9715151711 2.1232968864 2.4902485466
0.2860000000 0.1735956078 0.9713372688 2.1234490776 2.4905496788
0.2870000000 0.1741656914 0.9711590538 2.1236016502 2.4908516731
0.2880000000 0.1747353477 0.9709805412 2.1237546196 2.4911545219
0.2890000000 0.1753045921 0.9708017235 2.1239079781 2.4914582253
0.2900000000 0.1758734093 0.9706226082 2.1240617180 2.4917627831
0.2910000000 0.1764417992 0.9704432030 2.1242158546 2.4920681877
0.2920000000 0.1770097618 0.9702635002 2.1243703728 2.4923744392
0.2930000000 0.1775772972 0.9700835152 2.1245252724 2.4926815376
0.2940000000 0.1781444054 0.9699032402 2.1246805611 2.4929894829
0.2950000000 0.1787110786 0.9697226906 2.1248362389 2.4932982750
0.2960000000 0.1792773170 0.9695418587 2.1249922905 2.4936079063
0.2970000000 0.1798431129 0.9693607597 2.1251487236 2.4939183769
0.2980000000 0.1804084740 0.9691793861 2.1253055382 2.4942296867
0.2990000000 0.1809733925 0.9689977455 2.1254627266 2.4945418282
0.3000000000 0.1815378761 0.9688158379 2.1256203041 2.4948548088
0.3010000000 0.1821019096 0.9686336708 2.1257782478 2.4951686287
0.3020000000 0.1826654930 0.9684512520 2.1259365730 2.4954832726
0.3030000000 0.1832286263 0.9682685814 2.1260952644 2.4957987480
0.3040000000 0.1837913094 0.9680856590 2.1262543373 2.4961150551
0.3050000000 0.1843535423 0.9679024925 2.1264137764 2.4964321785
0.3060000000 0.1849153175 0.9677190819 2.1265735893 2.4967501335
0.3070000000 0.1854766426 0.9675354271 2.1267337761 2.4970689125
0.3080000000 0.1860374947 0.9673515434 2.1268943291 2.4973885155
0.3090000000 0.1865978966 0.9671674309 2.1270552483 2.4977089348
0.3100000000 0.1871578331 0.9669830894 2.1272165413 2.4980301704
0.3110000000 0.1877172966 0.9667985191 2.1273781929 2.4983522224
0.3120000000 0.1882762947 0.9666137276 2.1275402107 2.4986750832
0.3130000000 0.1888348274 0.9664287300 2.1277025948 2.4989987602
0.3140000000 0.1893928871 0.9662435112 2.1278653374 2.4993232536
0.3150000000 0.1899504662 0.9660580788 2.1280284462 2.4996485558
0.3160000000 0.1905075722 0.9658724480 2.1281919136 2.4999746590
0.3170000000 0.1910642052 0.9656866112 2.1283557396 2.5003015709
0.3180000000 0.1916203499 0.9655005760 2.1285199242 2.5006292839
0.3190000000 0.1921760139 0.9653143501 2.1286844673 2.5009578056
0.3200000000 0.1927311974 0.9651279335 2.1288493690 2.5012871208
0.3210000000 0.1932858925 0.9649413261 2.1290146217 2.5016172371
0.3220000000 0.1938400917 0.9647545357 2.1291802330 2.5019481544
0.3230000000 0.1943938103 0.9645675697 2.1293461952 2.5022798576
0.3240000000 0.1949470253 0.9643804207 2.1295125084 2.5026123619
0.3250000000 0.1954997520 0.9641931038 2.1296791725 2.5029456596
0.3260000000 0.1960519753 0.9640056190 2.1298461876 2.5032797432
0.3270000000 0.1966037025 0.9638179741 2.1300135536 2.5036146202
0.3280000000 0.1971549263 0.9636301613 2.1301812706 2.5039502754
0.3290000000 0.1977056465 0.9634421959 2.1303493309 2.5042867241
0.3300000000 0.1982558556 0.9632540779 2.1305177345 2.5046239510
0.3310000000 0.1988055611 0.9630658073 2.1306864891 2.5049619560
0.3320000000 0.1993547554 0.9628773994 2.1308555870 2.5053007469
0.3330000000 0.1999034386 0.9626888466 2.1310250282 2.5056403160
0.3340000000 0.2004516029 0.9625001564 2.1311948051 2.5059806633
0.3350000000 0.2009992561 0.9623113289 2.1313649330 2.5063217812
0.3360000000 0.2015463829 0.9621223793 2.1315353966 2.5066636696
0.3370000000 0.2020929909 0.9619333000 2.1317061958 2.5070063286
0.3380000000 0.2026390724 0.9617440987 2.1318773384 2.5073497658
0.3390000000 0.2031846275 0.9615547829 2.1320488091 2.5076939659
0.3400000000 0.2037296562 0.9613653526 2.1322206230 2.5080389290
0.3410000000 0.2042741585 0.9611758156 2.1323927727 2.5083846626
0.3420000000 0.2048181267 0.9609861717 2.1325652580 2.5087311516
0.3430000000 0.2053615532 0.9607964211 2.1327380714 2.5090784035
0.3440000000 0.2059044456 0.9606065788 2.1329112206 2.5094264183
0.3450000000 0.2064468040 0.9604166451 2.1330846977 2.5097751884
0.3460000000 0.2069886208 0.9602266197 2.1332585030 2.5101247139
0.3470000000 0.2075298882 0.9600365105 2.1334326439 2.5104749947
0.3480000000 0.2080706139 0.9598463173 2.1336071129 2.5108260307
0.3490000000 0.2086107826 0.9596560478 2.1337819023 2.5111778145
0.3500000000 0.2091504097 0.9594657097 2.1339570274 2.5115303459
0.3510000000 0.2096894798 0.9592753029 2.1341324654 2.5118836250
0.3520000000 0.2102280006 0.9590848274 2.1343082390 2.5122376518
0.3530000000 0.2107659645 0.9588942986 2.1344843330 2.5125924187
0.3540000000 0.2113033638 0.9587037086 2.1346607475 2.5129479256
0.3550000000 0.2118401985 0.9585130653 2.1348374825 2.5133041801
0.3560000000 0.2123764763 0.9583223763 2.1350145378 2.5136611671
0.3570000000 0.2129121895 0.9581316414 2.1351919136 2.5140188942
0.3580000000 0.2134473305 0.9579408760 2.1353696098 2.5143773613
0.3590000000 0.2139818993 0.9577500648 2.1355476265 2.5147365532
0.3600000000 0.2145158958 0.9575592308 2.1357259560 2.5150964851
0.3610000000 0.2150493202 0.9573683662 2.1359045982 2.5154571419
0.3620000000 0.2155821648 0.9571774788 2.1360835609 2.5158185234
0.3630000000 0.2161144295 0.9569865761 2.1362628365 2.5161806374
0.3640000000 0.2166461143 0.9567956657 2.1364424171 2.5165434761
0.3650000000 0.2171772194 0.9566047325 2.1366223183 2.5169070396
0.3660000000 0.2177077293 0.9564138069 2.1368025246 2.5172713203
0.3670000000 0.2182376595 0.9562228737 2.1369830513 2.5176363258
0.3680000000 0.2187669945 0.9560319481 2.1371638756 2.5180020485
0.3690000000 0.2192957344 0.9558410225 2.1373450127 2.5183684883
0.3700000000 0.2198238792 0.9556501198 2.1375264626 2.5187356377
0.3710000000 0.2203514290 0.9554592247 2.1377082100 2.5191035042
0.3720000000 0.2208783836 0.9552683601 2.1378902702 2.5194720879
0.3730000000 0.2214047279 0.9550775185 2.1380726280 2.5198413734
0.3740000000 0.2219304771 0.9548866997 2.1382552910 2.5202113686
0.3750000000 0.2224556084 0.9546959267 2.1384382591 2.5205820732
0.3760000000 0.2229801369 0.9545051842 2.1386215324 2.5209534798
0.3770000000 0.2235040550 0.9543144875 2.1388051033 2.5213255882
0.3780000000 0.2240273628 0.9541238365 2.1389889717 2.5216984062
0.3790000000 0.2245500526 0.9539332466 2.1391731453 2.5220719185
0.3800000000 0.2250721245 0.9537427025 2.1393576164 2.5224461250
0.3810000000 0.2255935707 0.9535522270 2.1395423775 2.5228210335
0.3820000000 0.2261143990 0.9533618126 2.1397274437 2.5231966362
0.3830000000 0.2266346092 0.9531714745 2.1399127998 2.5235729332
0.3840000000 0.2271541862 0.9529812050 2.1400984535 2.5239499168
0.3850000000 0.2276731377 0.9527910194 2.1402843971 2.5243275948
0.3860000000 0.2281914558 0.9526009178 2.1404706383 2.5247059593
0.3870000000 0.2287091408 0.9524109077 2.1406571693 2.5250850105
0.3880000000 0.2292261848 0.9522209816 2.1408439980 2.5254647484
0.3890000000 0.2297425957 0.9520311623 2.1410311089 2.5258451653
0.3900000000 0.2302583733 0.9518414421 2.1412185097 2.5262262688
0.3910000000 0.2307735023 0.9516518288 2.1414062004 2.5266080437
0.3920000000 0.2312879829 0.9514623299 2.1415941811 2.5269905052
0.3930000000 0.2318018227 0.9512729454 2.1417824516 2.5273736382
0.3940000000 0.2323150139 0.9510836830 2.1419710045 2.5277574501
0.3950000000 0.2328275490 0.9508945427 2.1421598396 2.5281419334
0.3960000000 0.2333394356 0.9507055321 2.1423489647 2.5285270882
0.3970000000 0.2338506660 0.9505166664 2.1425383720 2.5289129143
0.3980000000 0.2343612404 0.9503279305 2.1427280617 2.5292994118
0.3990000000 0.2348711510 0.9501393471 2.1429180336 2.5296865730
0.4000000000 0.2353803978 0.9499509087 2.1431082802 2.5300743980
0.4010000000 0.2358889885 0.9497626228 2.1432988167 2.5304628868
0.4020000000 0.2363969078 0.9495744972 2.1434896278 2.5308520317
0.4030000000 0.2369041557 0.9493865395 2.1436807213 2.5312418480
0.4040000000 0.2374107399 0.9491987419 2.1438720894 2.5316323128
0.4050000000 0.2379166451 0.9490111275 2.1440637321 2.5320234413
0.4060000000 0.2384218788 0.9488236809 2.1442556496 2.5324152260
0.4070000000 0.2389264336 0.9486364250 2.1444478493 2.5328076591
0.4080000000 0.2394303093 0.9484493523 2.1446403160 2.5332007484
0.4090000000 0.2399335060 0.9482624779 2.1448330650 2.5335944862
0.4100000000 0.2404360161 0.9480757942 2.1450260811 2.5339888725
0.4110000000 0.2409378471 0.9478893166 2.1452193718 2.5343838997
0.4120000000 0.2414389839 0.9477030449 2.1454129295 2.5347795830
0.4130000000 0.2419394341 0.9475169868 2.1456067619 2.5351759071
0.4140000000 0.2424391899 0.9473311424 2.1458008690 2.5355728722
0.4150000000 0.2429382515 0.9471455193 2.1459952354 2.5359704781
0.4160000000 0.2434366188 0.9469601250 2.1461898766 2.5363687172
0.4170000000 0.2439342918 0.9467749672 2.1463847771 2.5367676048
0.4180000000 0.2444312630 0.9465900383 2.1465799522 2.5371671181
0.4190000000 0.2449275246 0.9464053535 2.1467753868 2.5375672722
0.4200000000 0.2454230919 0.9462209206 2.1469710960 2.5379680595
0.4210000000 0.2459179497 0.9460367317 2.1471670570 2.5383694801
0.4220000000 0.2464120979 0.9458528023 2.1473632927 2.5387715187
0.4230000000 0.2469055367 0.9456691322 2.1475597801 2.5391741982
0.4240000000 0.2473982658 0.9454857292 2.1477565422 2.5395774956
0.4250000000 0.2478902779 0.9453026009 2.1479535561 2.5399814186
0.4260000000 0.2483815727 0.9451197472 2.1481508293 2.5403859673
0.4270000000 0.2488721504 0.9449371758 2.1483483696 2.5407911415
0.4280000000 0.2493620110 0.9447548943 2.1485461617 2.5411969261
0.4290000000 0.2498511467 0.9445729027 2.1487442207 2.5416033363
0.4300000000 0.2503395653 0.9443912010 2.1489425316 2.5420103645
0.4310000000 0.2508272514 0.9442098122 2.1491410942 2.5424180031
0.4320000000 0.2513142128 0.9440287209 2.1493399162 2.5428262520
0.4330000000 0.2518004417 0.9438479424 2.1495389977 2.5432351189
0.4340000000 0.2522859459 0.9436674843 2.1497383308 2.5436445961
0.4350000000 0.2527707100 0.9434873543 2.1499379158 2.5440546837
0.4360000000 0.2532547417 0.9433075447 2.1501377602 2.5444653740
0.4370000000 0.2537380409 0.9431280708 2.1503378487 2.5448766747
0.4380000000 0.2542206001 0.9429489326 2.1505381889 2.5452885780
0.4390000000 0.2547024193 0.9427701378 2.1507387886 2.5457010841
0.4400000000 0.2551834908 0.9425916862 2.1509396324 2.5461141853
0.4410000000 0.2556638298 0.9424135933 2.1511407280 2.5465278969
0.4420000000 0.2561434135 0.9422358589 2.1513420677 2.5469421959
0.4430000000 0.2566222572 0.9420584831 2.1515436592 2.5473570976
0.4440000000 0.2571003532 0.9418814812 2.1517454948 2.5477725945
0.4450000000 0.2575776939 0.9417048531 2.1519475822 2.5481886864
0.4460000000 0.2580542870 0.9415286064 2.1521499062 2.5486053658
0.4470000000 0.2585301247 0.9413527412 2.1523524818 2.5490226326
0.4480000000 0.2590052071 0.9411772652 2.1525553017 2.5494404945
0.4490000000 0.2594795341 0.9410021858 2.1527583656 2.5498589439
0.4500000000 0.2599531059 0.9408275108 2.1529616737 2.5502779732
0.4510000000 0.2604259148 0.9406532326 2.1531652260 2.5506975899
0.4520000000 0.2608979683 0.9404793739 2.1533690147 2.5511177940
0.4530000000 0.2613692513 0.9403059273 2.1535730476 2.5515385704
0.4540000000 0.2618397789 0.9401329002 2.1537773170 2.5519599342
0.4550000000 0.2623095360 0.9399603081 2.1539818306 2.5523818703
0.4560000000 0.2627785301 0.9397881432 2.1541865807 2.5528043861
0.4570000000 0.2632467537 0.9396164131 2.1543915672 2.5532274742
0.4580000000 0.2637142143 0.9394451256 2.1545967903 2.5536511421
0.4590000000 0.2641808968 0.9392742882 2.1548022575 2.5540753746
0.4600000000 0.2646468163 0.9391039085 2.1550079536 2.5545001869
0.4610000000 0.2651119576 0.9389339867 2.1552138939 2.5549255562
0.4620000000 0.2655763283 0.9387645226 2.1554200630 2.5553515053
0.4630000000 0.2660399284 0.9385955315 2.1556264687 2.5557780113
0.4640000000 0.2665027428 0.9384270210 2.1558331032 2.5562050819
0.4650000000 0.2669647865 0.9382589836 2.1560399742 2.5566327248
0.4660000000 0.2674260521 0.9380914345 2.1562470818 2.5570609169
0.4670000000 0.2678865395 0.9379243813 2.1564544182 2.5574896812
0.4680000000 0.2683462486 0.9377578239 2.1566619835 2.5579189949
0.4690000000 0.2688051720 0.9375917625 2.1568697853 2.5583488655
0.4700000000 0.2692633171 0.9374262123 2.1570778084 2.5587793007
0.4710000000 0.2697206764 0.9372611732 2.1572860680 2.5592102776
0.4720000000 0.2701772575 0.9370966530 2.1574945488 2.5596418190
0.4730000000 0.2706330528 0.9369326591 2.1577032661 2.5600739021
0.4740000000 0.2710880699 0.9367691994 2.1579122047 2.5605065422
0.4750000000 0.2715422935 0.9366062660 2.1581213722 2.5609397240
0.4760000000 0.2719957390 0.9364438744 2.1583307686 2.5613734627
0.4770000000 0.2724483910 0.9362820320 2.1585403862 2.5618077354
0.4780000000 0.2729002571 0.9361207390 2.1587502327 2.5622425575
0.4790000000 0.2733513451 0.9359600105 2.1589603004 2.5626779213
0.4800000000 0.2738016396 0.9357998314 2.1591705894 2.5631138268
0.4810000000 0.2742511406 0.9356402321 2.1593811073 2.5635502739
0.4820000000 0.2746998634 0.9354811974 2.1595918465 2.5639872551
0.4830000000 0.2751477928 0.9353227501 2.1598028069 2.5644247704
0.4840000000 0.2755949364 0.9351648750 2.1600139885 2.5648628273
0.4850000000 0.2760412865 0.9350076027 2.1602253838 2.5653014107
0.4860000000 0.2764868584 0.9348509178 2.1604370079 2.5657405357
0.4870000000 0.2769316368 0.9346948357 2.1606488533 2.5661801872
0.4880000000 0.2773756218 0.9345393639 2.1608609123 2.5666203651
0.4890000000 0.2778188210 0.9343845024 2.1610731926 2.5670610695
0.4900000000 0.2782612343 0.9342302589 2.1612856865 2.5675023079
0.4910000000 0.2787028618 0.9340766411 2.1614984016 2.5679440651
0.4920000000 0.2791437035 0.9339236488 2.1617113304 2.5683863487
0.4930000000 0.2795837517 0.9337712898 2.1619244804 2.5688291588
0.4940000000 0.2800230217 0.9336195717 2.1621378441 2.5692724800
0.4950000000 0.2804614983 0.9334685020 2.1623514214 2.5697163277
0.4960000000 0.2808991890 0.9333180809 2.1625652122 2.5701606941
0.4970000000 0.2813361015 0.9331683235 2.1627792168 2.5706055717
0.4980000000 0.2817722282 0.9330192223 2.1629934349 2.5710509682
0.4990000000 0.2822075768 0.9328707924 2.1632078743 2.5714968758
0.5000000000 0.2826421394 0.9327230339 2.1634225121 2.5719433022
0.5010000000 0.2830759163 0.9325759544 2.1636373711 2.5723902321
0.5020000000 0.2835089226 0.9324295616 2.1638524361 2.5728376732
0.5030000000 0.2839411507 0.9322838631 2.1640677147 2.5732856255
0.5040000000 0.2843725929 0.9321388512 2.1642832069 2.5737340813
0.5050000000 0.2848032722 0.9319945488 2.1644989052 2.5741830482
0.5060000000 0.2852331657 0.9318509560 2.1647148094 2.5746325111
0.5070000000 0.2856622963 0.9317080727 2.1649309196 2.5750824852
0.5080000000 0.2860906563 0.9315659065 2.1651472435 2.5755329552
0.5090000000 0.2865182381 0.9314244652 2.1653637733 2.5759839211
0.5100000000 0.2869450645 0.9312837563 2.1655805168 2.5764353905
0.5110000000 0.2873711205 0.9311437798 2.1657974586 2.5768873558
0.5120000000 0.2877964134 0.9310045509 2.1660146065 2.5773398247
0.5130000000 0.2882209511 0.9308660622 2.1662319603 2.5777927818
0.5140000000 0.2886447334 0.9307283287 2.1664495201 2.5782462273
0.5150000000 0.2890677528 0.9305913506 2.1666672859 2.5787001686
0.5160000000 0.2894900246 0.9304551430 2.1668852501 2.5791545982
0.5170000000 0.2899115486 0.9303197060 2.1671034203 2.5796095238
0.5180000000 0.2903323250 0.9301850395 2.1673217964 2.5800649300
0.5190000000 0.2907523537 0.9300511513 2.1675403709 2.5805208244
0.5200000000 0.2911716499 0.9299180565 2.1677591515 2.5809772072
0.5210000000 0.2915902061 0.9297857475 2.1679781303 2.5814340706
0.5220000000 0.2920080299 0.9296542397 2.1681973076 2.5818914146
0.5230000000 0.2924251213 0.9295235405 2.1684166908 2.5823492393
0.5240000000 0.2928414879 0.9293936424 2.1686362724 2.5828075447
0.5250000000 0.2932571373 0.9292645607 2.1688560524 2.5832663307
0.5260000000 0.2936720695 0.9291363029 2.1690760307 2.5837255898
0.5270000000 0.2940862846 0.9290088692 2.1692962074 2.5841853294
0.5280000000 0.2944997978 0.9288822670 2.1695165825 2.5846455345
0.5290000000 0.2949126015 0.9287565041 2.1697371483 2.5851062202
0.5300000000 0.2953247032 0.9286315880 2.1699579201 2.5855673790
0.5310000000 0.2957361183 0.9285075188 2.1701788826 2.5860290031
0.5320000000 0.2961468468 0.9283842964 2.1704000511 2.5864911003
0.5330000000 0.2965568886 0.9282619438 2.1706214027 2.5869536629
0.5340000000 0.2969662514 0.9281404533 2.1708429604 2.5874166908
0.5350000000 0.2973749504 0.9280198326 2.1710647011 2.5878801842
0.5360000000 0.2977829781 0.9279000893 2.1712866478 2.5883441429
0.5370000000 0.2981903496 0.9277812309 2.1715087776 2.5888085594
0.5380000000 0.2985970726 0.9276632652 2.1717311058 2.5892734413
0.5390000000 0.2990031471 0.9275461845 2.1719536324 2.5897387810
0.5400000000 0.2994085808 0.9274300117 2.1721763420 2.5902045860
0.5410000000 0.2998133888 0.9273147392 2.1723992500 2.5906708412
0.5420000000 0.3002175789 0.9272003822 2.1726223412 2.5911375542
0.5430000000 0.3006211510 0.9270869331 2.1728456306 2.5916047249
0.5440000000 0.3010241127 0.9269744148 2.1730691109 2.5920723457
0.5450000000 0.3014264793 0.9268628197 2.1732927818 2.5925404167
0.5460000000 0.3018282585 0.9267521629 2.1735166359 2.5930089455
0.5470000000 0.3022294579 0.9266424446 2.1737406883 2.5934779167
0.5480000000 0.3026300926 0.9265336647 2.1739649239 2.5939473381
0.5490000000 0.3030301628 0.9264258385 2.1741893501 2.5944172096
0.5500000000 0.3034296837 0.9263189735 2.1744139595 2.5948875237
0.5510000000 0.3038286629 0.9262130623 2.1746387596 2.5953582878
0.5520000000 0.3042271233 0.9261081200 2.1748637505 2.5958294868
0.5530000000 0.3046250572 0.9260041542 2.1750889244 2.5963011360
0.5540000000 0.3050224876 0.9259011650 2.1753142815 2.5967732201
0.5550000000 0.3054194298 0.9257991524 2.1755398293 2.5972457466
0.5560000000 0.3058158913 0.9256981392 2.1757655602 2.5977187080
0.5570000000 0.3062118874 0.9255981178 2.1759914818 2.5981921120
0.5580000000 0.3066074257 0.9254990959 2.1762175789 2.5986659508
0.5590000000 0.3070025291 0.9254010811 2.1764438667 2.5991402245
0.5600000000 0.3073972130 0.9253040733 2.1766703377 2.5996149254
0.5610000000 0.3077914772 0.9252080879 2.1768969917 2.6000900688
0.5620000000 0.3081853523 0.9251131248 2.1771238289 2.6005656319
0.5630000000 0.3085788536 0.9250191841 2.1773508492 2.6010416298
0.5640000000 0.3089719963 0.9249262810 2.1775780525 2.6015180626
0.5650000000 0.3093647957 0.9248344231 2.1778054314 2.6019949150
0.5660000000 0.3097572670 0.9247436028 2.1780330009 2.6024721947
0.5670000000 0.3101494331 0.9246538353 2.1782607460 2.6029499016
0.5680000000 0.3105413170 0.9245651207 2.1784886742 2.6034280281
0.5690000000 0.3109329414 0.9244774666 2.1787167854 2.6039065819
0.5700000000 0.3113243141 0.9243908806 2.1789450722 2.6043855476
0.5710000000 0.3117154655 0.9243053703 2.1791735344 2.6048649406
0.5720000000 0.3121064186 0.9242209282 2.1794021797 2.6053447533
0.5730000000 0.3124971962 0.9241375771 2.1796310081 2.6058249855
0.5740000000 0.3128878288 0.9240553093 2.1798600121 2.6063056297
0.5750000000 0.3132783318 0.9239741402 2.1800891914 2.6067866859
0.5760000000 0.3136687355 0.9238940620 2.1803185539 2.6072681618
0.5770000000 0.3140590782 0.9238150978 2.1805480919 2.6077500496
0.5780000000 0.3144493752 0.9237372398 2.1807778053 2.6082323494
0.5790000000 0.3148396568 0.9236604958 2.1810076942 2.6087150612
0.5800000000 0.3152299690 0.9235848732 2.1812377663 2.6091981773
0.5810000000 0.3156203270 0.9235103722 2.1814680061 2.6096817055
0.5820000000 0.3160107765 0.9234370079 2.1816984215 2.6101656380
0.5830000000 0.3164013557 0.9233647728 2.1819290199 2.6106499825
0.5840000000 0.3167920952 0.9232936821 2.1821597862 2.6111347237
0.5850000000 0.3171830406 0.9232237434 2.1823907280 2.6116198769
0.5860000000 0.3175742226 0.9231549568 2.1826218452 2.6121054268
0.5870000000 0.3179657021 0.9230873222 2.1828531380 2.6125913734
0.5880000000 0.3183575096 0.9230208549 2.1830846062 2.6130777245
0.5890000000 0.3187496986 0.9229555473 2.1833162422 2.6135644798
0.5900000000 0.3191423149 0.9228914223 2.1835480537 2.6140516243
0.5910000000 0.3195354195 0.9228284721 2.1837800331 2.6145391731
0.5920000000 0.3199290657 0.9227667046 2.1840121956 2.6150271111
0.5930000000 0.3203233070 0.9227061272 2.1842445183 2.6155154457
0.5940000000 0.3207182121 0.9226467400 2.1844770164 2.6160041771
0.5950000000 0.3211138496 0.9225885582 2.1847096901 2.6164932976
0.5960000000 0.3215102806 0.9225315742 2.1849425316 2.6169828072
0.5970000000 0.3219075813 0.9224758034 2.1851755409 2.6174727058
0.5980000000 0.3223058357 0.9224212456 2.1854087181 2.6179629936
0.5990000000 0.3227051277 0.9223679085 2.1856420708 2.6184536705
0.6000000000 0.3231055489 0.9223157921 2.1858755913 2.6189447365
0.6010000000 0.3235071983 0.9222649040 2.1861092796 2.6194361839
0.6020000000 0.3239101753 0.9222152596 2.1863431435 2.6199280128
0.6030000000 0.3243145866 0.9221668434 2.1865771675 2.6204202309
0.6040000000 0.3247205772 0.9221196785 2.1868113670 2.6209128304
0.6050000000 0.3251282539 0.9220737648 2.1870457268 2.6214058037
0.6060000000 0.3255377846 0.9220291023 2.1872802544 2.6218991661
0.6070000000 0.3259493141 0.9219856987 2.1875149574 2.6223929024
0.6080000000 0.3263630333 0.9219435539 2.1877498207 2.6228870201
0.6090000000 0.3267791252 0.9219026833 2.1879848518 2.6233815041
0.6100000000 0.3271978264 0.9218630867 2.1882200508 2.6238763771
0.6110000000 0.3276193810 0.9218247719 2.1884554176 2.6243716164
0.6120000000 0.3280440788 0.9217877388 2.1886909447 2.6248672295
0.6130000000 0.3284722710 0.9217519951 2.1889266472 2.6253632164
0.6140000000 0.3289043388 0.9217175407 2.1891625023 2.6258595695
0.6150000000 0.3293407860 0.9216843834 2.1893985329 2.6263562965
0.6160000000 0.3297822227 0.9216525307 2.1896347237 2.6268533897
0.6170000000 0.3302294350 0.9216219902 2.1898710747 2.6273508568
0.6180000000 0.3306835518 0.9215927620 2.1901075935 2.6278486900
0.6190000000 0.3311462517 0.9215648460 2.1903442802 2.6283468819
0.6200000000 0.3316206779 0.9215382500 2.1905811272 2.6288454399
0.6210000000 0.3321180305 0.9215129814 2.1908181343 2.6293443642
0.6220000000 0.3326099281 0.9214890480 2.1910553093 2.6298436546
0.6230000000 0.3330777397 0.9214664421 2.1912926445 2.6303433037
0.6240000000 0.3335299950 0.9214451866 2.1915301399 2.6308433113
0.6250000000 0.3339693260 0.9214252663 2.1917677956 2.6313436775
0.6260000000 0.3343971825 0.9214067039 2.1920056190 2.6318444023
0.6270000000 0.3348145103 0.9213894844 2.1922436028 2.6323454857
0.6280000000 0.3352219887 0.9213736305 2.1924817467 2.6328469276
0.6290000000 0.3356201591 0.9213591347 2.1927200508 2.6333487206
0.6300000000 0.3360094795 0.9213460121 2.1929585152 2.6338508644
0.6310000000 0.3363903084 0.9213342552 2.1931971474 2.6343533669
0.6320000000 0.3367629814 0.9213238792 2.1934359322 2.6348562202
0.6330000000 0.3371277962 0.9213148766 2.1936748772 2.6353594246
0.6340000000 0.3374850197 0.9213072624 2.1939139824 2.6358629799
0.6350000000 0.3378348885 0.9213010368 2.1941532478 2.6363668861
0.6360000000 0.3381776314 0.9212961998 2.1943926735 2.6368711357
0.6370000000 0.3385134544 0.9212927666 2.1946322594 2.6373757362
0.6380000000 0.3388425484 0.9212907295 2.1948719978 2.6378806801
0.6390000000 0.3391650963 0.9212901039 2.1951119041 2.6383859673
0.6400000000 0.3394812737 0.9212908821 2.1953519554 2.6388916054
0.6410000000 0.3397912254 0.9212930794 2.1955921745 2.6393975792
0.6420000000 0.3400951118 0.9212966881 2.1958325462 2.6399038963
0.6430000000 0.3403930626 0.9213017235 2.1960730782 2.6404105568
0.6440000000 0.3406852150 0.9213081856 2.1963137703 2.6409175529
0.6450000000 0.3409716911 0.9213160820 2.1965546150 2.6414248924
0.6460000000 0.3412526054 0.9213254051 2.1967956200 2.6419325676
0.6470000000 0.3415280724 0.9213361702 2.1970367775 2.6424405785
0.6480000000 0.3417981911 0.9213483772 2.1972780876 2.6429489250
0.6490000000 0.3420630531 0.9213620338 2.1975195580 2.6434576073
0.6500000000 0.3423227501 0.9213771324 2.1977611885 2.6439666252
0.6510000000 0.3425773659 0.9213936882 2.1980029716 2.6444759789
0.6520000000 0.3428269920 0.9214117088 2.1982449074 2.6449856606
0.6530000000 0.3430716896 0.9214311790 2.1984869957 2.6454956703
0.6540000000 0.3433115349 0.9214521217 2.1987292442 2.6460060158
0.6550000000 0.3435465889 0.9214745369 2.1989716454 2.6465166893
0.6560000000 0.3437769127 0.9214984169 2.1992141991 2.6470276833
0.6570000000 0.3440025673 0.9215237770 2.1994569130 2.6475390129
0.6580000000 0.3442236137 0.9215506172 2.1996997719 2.6480506706
0.6590000000 0.3444400826 0.9215789452 2.1999427910 2.6485626488
0.6600000000 0.3446520424 0.9216087532 2.2001859627 2.6490749474
0.6610000000 0.3448595238 0.9216400566 2.2004292870 2.6495875740
0.6620000000 0.3450625648 0.9216728554 2.2006727638 2.6501005211
0.6630000000 0.3452612190 0.9217071495 2.2009163933 2.6506137962
0.6640000000 0.3454555016 0.9217429466 2.2011601753 2.6511273842
0.6650000000 0.3456454582 0.9217802467 2.2014041100 2.6516412926
0.6660000000 0.3458311272 0.9218190575 2.2016481895 2.6521555214
0.6670000000 0.3460125160 0.9218593788 2.2018924294 2.6526700706
0.6680000000 0.3461896629 0.9219012184 2.2021368217 2.6531849327
0.6690000000 0.3463625984 0.9219445763 2.2023813591 2.6537001076
0.6700000000 0.3465313301 0.9219894524 2.2026260490 2.6542156029
0.6710000000 0.3466958961 0.9220358543 2.2028708992 2.6547314110
0.6720000000 0.3468562965 0.9220837822 2.2031158867 2.6552475319
0.6730000000 0.3470125618 0.9221332436 2.2033610344 2.6557639656
0.6740000000 0.3471647072 0.9221842384 2.2036063271 2.6562807045
0.6750000000 0.3473127480 0.9222367744 2.2038517723 2.6567977638
0.6760000000 0.3474566841 0.9222908440 2.2040973701 2.6573151207
0.6770000000 0.3475965462 0.9223464622 2.2043431129 2.6578327980
0.6780000000 0.3477323418 0.9224036293 2.2045890083 2.6583507729
0.6790000000 0.3478640709 0.9224623375 2.2048350487 2.6588690605
0.6800000000 0.3479917488 0.9225226021 2.2050812416 2.6593876534
0.6810000000 0.3481153831 0.9225844231 2.2053275871 2.6599065514
0.6820000000 0.3482349892 0.9226478081 2.2055740776 2.6604257469
0.6830000000 0.3483505592 0.9227127495 2.2058207130 2.6609452476
0.6840000000 0.3484621010 0.9227792549 2.2060675011 2.6614650536
0.6850000000 0.3485696297 0.9228473244 2.2063144417 2.6619851646
0.6860000000 0.3486731453 0.9229169655 2.2065615273 2.6625055656
0.6870000000 0.3487726479 0.9229881783 2.2068087578 2.6630262718
0.6880000000 0.3488681374 0.9230609627 2.2070561333 2.6635472755
0.6890000000 0.3489596214 0.9231353340 2.2073036613 2.6640685844
0.6900000000 0.3490471077 0.9232112770 2.2075513344 2.6645901833
0.6910000000 0.3491305885 0.9232888069 2.2077991600 2.6651120720
0.6920000000 0.3492100639 0.9233679161 2.2080471230 2.6656342659
0.6930000000 0.3492855415 0.9234486198 2.2082952385 2.6661567497
0.6940000000 0.3493570137 0.9235309105 2.2085434990 2.6666795235
0.6950000000 0.3494244881 0.9236147881 2.2087919121 2.6672025948
0.6960000000 0.3494879570 0.9237002678 2.2090404625 2.6677259560
0.6970000000 0.3495474281 0.9237873421 2.2092891655 2.6682496071
0.6980000000 0.3496028938 0.9238760185 2.2095380058 2.6687735481
0.6990000000 0.3496543541 0.9239662895 2.2097869987 2.6692977791
0.7000000000 0.3497018013 0.9240581703 2.2100361366 2.6698223000
0.7010000000 0.3497452507 0.9241516609 2.2102854195 2.6703471107
0.7020000000 0.3497846870 0.9242467537 2.2105348473 2.6708722038
0.7030000000 0.3498201027 0.9243434563 2.2107844200 2.6713975792
0.7040000000 0.3498515129 0.9244417686 2.2110341301 2.6719232445
0.7050000000 0.3498789101 0.9245417061 2.2112839928 2.6724491920
0.7060000000 0.3499022789 0.9246432457 2.2115340004 2.6729754219
0.7070000000 0.3499216347 0.9247464180 2.2117841530 2.6735019341
0.7080000000 0.3499369698 0.9248512001 2.2120344429 2.6740287209
0.7090000000 0.3499482765 0.9249576073 2.2122848854 2.6745557976
0.7100000000 0.3499555550 0.9250656395 2.2125354652 2.6750831490
0.7110000000 0.3499588051 0.9251752968 2.2127861900 2.6756107826
0.7120000000 0.3499580269 0.9252865868 2.2130370598 2.6761386986
0.7130000000 0.3499532204 0.9253994942 2.2132880745 2.6766668816
0.7140000000 0.3499443703 0.9255140419 2.2135392265 2.6771953468
0.7150000000 0.3499314919 0.9256302223 2.2137905235 2.6777240868
0.7160000000 0.3499145775 0.9257480354 2.2140419655 2.6782531013
0.7170000000 0.3498936195 0.9258674812 2.2142935524 2.6787823906
0.7180000000 0.3498686256 0.9259885674 2.2145452766 2.6793119545
0.7190000000 0.3498395882 0.9261112938 2.2147971458 2.6798417931
0.7200000000 0.3498065147 0.9262356606 2.2150491524 2.6803718987
0.7210000000 0.3497693977 0.9263616676 2.2153013115 2.6809022713
0.7220000000 0.3497282372 0.9264893150 2.2155536003 2.6814329185
0.7230000000 0.3496830406 0.9266186104 2.2158060417 2.6819638329
0.7240000000 0.3496338081 0.9267495537 2.2160586128 2.6824950218
0.7250000000 0.3495805321 0.9268821373 2.2163113365 2.6830264702
0.7260000000 0.3495232201 0.9270163765 2.2165641975 2.6835581932
0.7270000000 0.3494618721 0.9271522560 2.2168171959 2.6840901756
0.7280000000 0.3493964958 0.9272897987 2.2170703392 2.6846224251
0.7290000000 0.3493270912 0.9274289818 2.2173236275 2.6851549416
0.7300000000 0.3492536659 0.9275698280 2.2175770454 2.6856877174
0.7310000000 0.3491762123 0.9277123222 2.2178306160 2.6862207603
0.7320000000 0.3490947456 0.9278564720 2.2180843163 2.6867540627
0.7330000000 0.3490092659 0.9280022774 2.2183381615 2.6872876320
0.7340000000 0.3489197807 0.9281497383 2.2185921516 2.6878214531
0.7350000000 0.3488262978 0.9282988625 2.2188462715 2.6883555412
0.7360000000 0.3487288246 0.9284496346 2.2191005363 2.6888898811
0.7370000000 0.3486273689 0.9286020775 2.2193549461 2.6894244881
0.7380000000 0.3485219383 0.9287561760 2.2196094856 2.6899593468
0.7390000000 0.3484125404 0.9289119377 2.2198641701 2.6904944572
0.7400000000 0.3482991905 0.9290693550 2.2201189919 2.6910298347
0.7410000000 0.3481818962 0.9292284431 2.2203739586 2.6915654640
0.7420000000 0.3480606728 0.9293891869 2.2206290550 2.6921013451
0.7430000000 0.3479355354 0.9295516014 2.2208842964 2.6926374779
0.7440000000 0.3478064919 0.9297156715 2.2211396751 2.6931738701
0.7450000000 0.3476735649 0.9298814125 2.2213951912 2.6937105064
0.7460000000 0.3475367622 0.9300488167 2.2216508446 2.6942474022
0.7470000000 0.3473961143 0.9302178841 2.2219066429 2.6947845421
0.7480000000 0.3472516365 0.9303886223 2.2221625710 2.6953219414
0.7490000000 0.3471033440 0.9305610237 2.2224186440 2.6958595772
0.7500000000 0.3469512672 0.9307350883 2.2226748543 2.6963974724
0.7510000000 0.3467954216 0.9309108238 2.2229311943 2.6969356117
0.7520000000 0.3466358376 0.9310882301 2.2231876793 2.6974739952
0.7530000000 0.3464725380 0.9312672997 2.2234443016 2.6980126305
0.7540000000 0.3463055611 0.9314480400 2.2237010612 2.6985515099
0.7550000000 0.3461349373 0.9316304436 2.2239579582 2.6990906334
0.7560000000 0.3459606895 0.9318145180 2.2242149849 2.6996299934
0.7570000000 0.3457828560 0.9320002556 2.2244721565 2.7001696053
0.7580000000 0.3456014824 0.9321876640 2.2247294655 2.7007094612
0.7590000000 0.3454165993 0.9323767433 2.2249869041 2.7012495537
0.7600000000 0.3452282524 0.9325674858 2.2252444878 2.7017898903
0.7610000000 0.3450364876 0.9327598991 2.2255022011 2.7023304710
0.7620000000 0.3448413582 0.9329539757 2.2257600594 2.7028712883
0.7630000000 0.3446429100 0.9331497231 2.2260180473 2.7034123421
0.7640000000 0.3444411964 0.9333471336 2.2262761726 2.7039536400
0.7650000000 0.3442362785 0.9335462151 2.2265344353 2.7044951668
0.7660000000 0.3440282173 0.9337469673 2.2267928276 2.7050369377
0.7670000000 0.3438170738 0.9339493828 2.2270513649 2.7055789452
0.7680000000 0.3436029320 0.9341534615 2.2273100319 2.7061211891
0.7690000000 0.3433858528 0.9343592033 2.2275688362 2.7066636620
0.7700000000 0.3431659279 0.9345666161 2.2278277779 2.7072063789
0.7710000000 0.3429432335 0.9347756920 2.2280868492 2.7077493172
0.7720000000 0.3427178688 0.9349864311 2.2283460579 2.7082924995
0.7730000000 0.3424899254 0.9351988411 2.2286054039 2.7088359108
0.7740000000 0.3422595177 0.9354129066 2.2288648872 2.7093795509
0.7750000000 0.3420267372 0.9356286354 2.2291245003 2.7099234200
0.7760000000 0.3417917290 0.9358460274 2.2293842506 2.7104675255
0.7770000000 0.3415546074 0.9360650826 2.2296441383 2.7110118599
0.7780000000 0.3413155098 0.9362858009 2.2299041557 2.7115564156
0.7790000000 0.3410745888 0.9365081749 2.2301643105 2.7121012077
0.7800000000 0.3408320045 0.9367322121 2.2304245949 2.7126462212
0.7810000000 0.3405879326 0.9369579048 2.2306850166 2.7131914635
0.7820000000 0.3403425560 0.9371852531 2.2309455757 2.7137369347
0.7830000000 0.3400960808 0.9374142570 2.2312062645 2.7142826347
0.7840000000 0.3398487282 0.9376449242 2.2314670906 2.7148285561
0.7850000000 0.3396007347 0.9378772392 2.2317280464 2.7153746986
0.7860000000 0.3393523598 0.9381112175 2.2319891396 2.7159210625
0.7870000000 0.3391038933 0.9383468437 2.2322503624 2.7164676552
0.7880000000 0.3388556480 0.9385841179 2.2325117226 2.7170144691
0.7890000000 0.3386079674 0.9388230476 2.2327732124 2.7175615044
0.7900000000 0.3383612404 0.9390636253 2.2330348320 2.7181087608
0.7910000000 0.3381158791 0.9393058510 2.2332965965 2.7186562386
0.7920000000 0.3378723717 0.9395497246 2.2335584831 2.7192039299
0.7930000000 0.3376312447 0.9397952461 2.2338205070 2.7197518501
0.7940000000 0.3373931007 0.9400424156 2.2340826607 2.7202999840
0.7950000000 0.3371586266 0.9402912254 2.2343449516 2.7208483315
0.7960000000 0.3369286156 0.9405416832 2.2346073723 2.7213969002
0.7970000000 0.3367039909 0.9407937737 2.2348699303 2.7219456902
0.7980000000 0.3364858360 0.9410475121 2.2351326180 2.7224946861
0.7990000000 0.3362754631 0.9413028831 2.2353954353 2.7230439034
0.8000000000 0.3360744667 0.9415598946 2.2356583824 2.7235933342
0.8010000000 0.3358848839 0.9418185387 2.2359214668 2.7241429787
0.8020000000 0.3357093697 0.9420788231 2.2361846809 2.7246928368
0.8030000000 0.3355516396 0.9423407326 2.2364480324 2.7252429085
0.8040000000 0.3354173546 0.9426042824 2.2367115059 2.7257931938
0.8050000000 0.3353167686 0.9428694572 2.2369751167 2.7263436851
0.8060000000 0.3352810555 0.9431362572 2.2372388573 2.7268943901
0.8070000000 0.3352724953 0.9434046898 2.2375027351 2.7274453087
0.8080000000 0.3351861992 0.9436747398 2.2377667427 2.7279964333
0.8090000000 0.3350613823 0.9439464226 2.2380308723 2.7285477638
0.8100000000 0.3349082222 0.9442197227 2.2382951393 2.7290993080
0.8110000000 0.3347320137 0.9444946404 2.2385595436 2.7296510582
0.8120000000 0.3345360756 0.9447711754 2.2388240700 2.7302030220
0.8130000000 0.3343227272 0.9450493355 2.2390887260 2.7307551842
0.8140000000 0.3340937004 0.9453290977 2.2393535194 2.7313075523
0.8150000000 0.3338503151 0.9456104851 2.2396184425 2.7318601341
0.8160000000 0.3335936470 0.9458934746 2.2398834953 2.7324129143
0.8170000000 0.3333245583 0.9461780739 2.2401486778 2.7329659004
0.8180000000 0.3330437813 0.9464642830 2.2404139900 2.7335190849
0.8190000000 0.3327519341 0.9467520943 2.2406794319 2.7340724754
0.8200000000 0.3324495354 0.9470415077 2.2409450035 2.7346260719
0.8210000000 0.3321370506 0.9473325310 2.2412107124 2.7351798744
0.8220000000 0.3318148766 0.9476251411 2.2414765434 2.7357338676
0.8230000000 0.3314833641 0.9479193611 2.2417425041 2.7362880669
0.8240000000 0.3311428337 0.9482151680 2.2420086021 2.7368424644
0.8250000000 0.3307935600 0.9485125694 2.2422748222 2.7373970680
0.8260000000 0.3304357948 0.9488115578 2.2425411797 2.7379518623
0.8270000000 0.3300697594 0.9491121407 2.2428076591 2.7385068626
0.8280000000 0.3296956596 0.9494143028 2.2430742683 2.7390620537
0.8290000000 0.3293136787 0.9497180519 2.2433410149 2.7396174507
0.8300000000 0.3289239922 0.9500233879 2.2436078835 2.7401730385
0.8310000000 0.3285267525 0.9503302956 2.2438748817 2.7407288170
0.8320000000 0.3281221046 0.9506387901 2.2441420097 2.7412848015
0.8330000000 0.3277101631 0.9509488487 2.2444092674 2.7418409767
0.8340000000 0.3272910652 0.9512604866 2.2446766548 2.7423973427
0.8350000000 0.3268649178 0.9515736961 2.2449441719 2.7429539070
0.8360000000 0.3264318123 0.9518884697 2.2452118187 2.7435106697
0.8370000000 0.3259918556 0.9522048149 2.2454795876 2.7440676155
0.8380000000 0.3255451317 0.9525227165 2.2457474861 2.7446247597
0.8390000000 0.3250917168 0.9528421822 2.2460155220 2.7451820946
0.8400000000 0.3246316948 0.9531632042 2.2462836800 2.7457396202
0.8410000000 0.3241651344 0.9534857903 2.2465519676 2.7462973366
0.8420000000 0.3236921043 0.9538099174 2.2468203773 2.7468552437
0.8430000000 0.3232126503 0.9541356010 2.2470889244 2.7474133415
0.8440000000 0.3227268486 0.9544628334 2.2473575935 2.7479716225
0.8450000000 0.3222347450 0.9547916145 2.2476263924 2.7485301018
0.8460000000 0.3217363930 0.9551219368 2.2478953209 2.7490887642
0.8470000000 0.3212318382 0.9554537926 2.2481643715 2.7496476097
0.8480000000 0.3207211189 0.9557871971 2.2484335594 2.7502066460
0.8490000000 0.3202042885 0.9561221275 2.2487028694 2.7507658730
0.8500000000 0.3196813774 0.9564585991 2.2489723015 2.7513252754
0.8510000000 0.3191524162 0.9567965965 2.2492418709 2.7518848686
0.8520000000 0.3186174583 0.9571361198 2.2495115623 2.7524446526
0.8530000000 0.3180765114 0.9574771690 2.2497813759 2.7530046120
0.8540000000 0.3175296288 0.9578197365 2.2500513268 2.7535647621
0.8550000000 0.3169768181 0.9581638298 2.2503213997 2.7541250877
0.8560000000 0.3164181252 0.9585094337 2.2505916023 2.7546856041
0.8570000000 0.3158535576 0.9588565559 2.2508619270 2.7552462959
0.8580000000 0.3152831459 0.9592051888 2.2511323814 2.7558071709
0.8590000000 0.3147069054 0.9595553246 2.2514029655 2.7563682289
0.8600000000 0.3141248665 0.9599069633 2.2516736717 2.7569294701
0.8610000000 0.3135370445 0.9602601128 2.2519445076 2.7574908867
0.8620000000 0.3129434547 0.9606147575 2.2522154655 2.7580524864
0.8630000000 0.3123441124 0.9609708977 2.2524865532 2.7586142616
0.8640000000 0.3117390404 0.9613285332 2.2527577705 2.7591762199
0.8650000000 0.3111282387 0.9616876564 2.2530291100 2.7597383537
0.8660000000 0.3105117302 0.9620482674 2.2533005714 2.7603006706
0.8670000000 0.3098895226 0.9624103661 2.2535721626 2.7608631554
0.8680000000 0.3092616310 0.9627739449 2.2538438835 2.7614258232
0.8690000000 0.3086280556 0.9631389961 2.2541157265 2.7619886665
0.8700000000 0.3079888115 0.9635055275 2.2543876991 2.7625516853
0.8710000000 0.3073439140 0.9638735313 2.2546597939 2.7631148720
0.8720000000 0.3066933556 0.9642430077 2.2549320107 2.7636782417
0.8730000000 0.3060371513 0.9646139488 2.2552043571 2.7642417870
0.8740000000 0.3053753014 0.9649863548 2.2554768333 2.7648055000
0.8750000000 0.3047078209 0.9653602180 2.2557494316 2.7653693886
0.8760000000 0.3040346947 0.9657355385 2.2560221519 2.7659334526
0.8770000000 0.3033559456 0.9661123161 2.2562950020 2.7664976845
0.8780000000 0.3026715660 0.9664905434 2.2565679741 2.7670620918
0.8790000000 0.3019815483 0.9668702202 2.2568410683 2.7676266670
0.8800000000 0.3012859154 0.9672513390 2.2571142921 2.7681914177
0.8810000000 0.3005846443 0.9676338997 2.2573876381 2.7687563362
0.8820000000 0.2998777504 0.9680178947 2.2576611137 2.7693214226
0.8830000000 0.2991652184 0.9684033318 2.2579347115 2.7698866768
0.8840000000 0.2984470558 0.9687901955 2.2582084312 2.7704521065
0.8850000000 0.2977232628 0.9691784935 2.2584822807 2.7710177040
0.8860000000 0.2969938240 0.9695682106 2.2587562523 2.7715834618
0.8870000000 0.2962587471 0.9699593544 2.2590303459 2.7721493950
0.8880000000 0.2955180168 0.9703519173 2.2593045692 2.7727154961
0.8890000000 0.2947716331 0.9707458992 2.2595789146 2.7732817574
0.8900000000 0.2940195885 0.9711412849 2.2598533821 2.7738481865
0.8910000000 0.2932618752 0.9715380898 2.2601279716 2.7744147835
0.8920000000 0.2924984856 0.9719362907 2.2604026909 2.7749815483
0.8930000000 0.2917294121 0.9723359032 2.2606775246 2.7755484734
0.8940000000 0.2909546471 0.9727369118 2.2609524956 2.7761155663
0.8950000000 0.2901741753 0.9731393166 2.2612275810 2.7766828194
0.8960000000 0.2893879967 0.9735431099 2.2615027885 2.7772502403
0.8970000000 0.2885960884 0.9739482994 2.2617781258 2.7778178215
0.8980000000 0.2877984428 0.9743548698 2.2620535851 2.7783855629
0.8990000000 0.2869950523 0.9747628288 2.2623291664 2.7789534721
0.9000000000 0.2861858940 0.9751721611 2.2626048698 2.7795215416
0.9010000000 0.2853709602 0.9755828743 2.2628807030 2.7800897713
0.9020000000 0.2845502357 0.9759949532 2.2631566505 2.7806581612
0.9030000000 0.2837237053 0.9764084053 2.2634327278 2.7812267113
0.9040000000 0.2828913536 0.9768232231 2.2637089272 2.7817954216
0.9050000000 0.2820531578 0.9772394066 2.2639852486 2.7823642921
0.9060000000 0.2812091103 0.9776569481 2.2642616920 2.7829333229
0.9070000000 0.2803591805 0.9780758476 2.2645382576 2.7835025063
0.9080000000 0.2795033607 0.9784960899 2.2648149452 2.7840718575
0.9090000000 0.2786416283 0.9789176903 2.2650917549 2.7846413612
0.9100000000 0.2777739601 0.9793406334 2.2653686867 2.7852110176
0.9110000000 0.2769003258 0.9797649193 2.2656457481 2.7857808418
0.9120000000 0.2760207176 0.9801905403 2.2659229240 2.7863508110
0.9130000000 0.2751351128 0.9806174965 2.2662002220 2.7869209480
0.9140000000 0.2742434731 0.9810457878 2.2664776497 2.7874912300
0.9150000000 0.2733457832 0.9814754066 2.2667551918 2.7880616722
0.9160000000 0.2724420128 0.9819063454 2.2670328636 2.7886322746
0.9170000000 0.2715321388 0.9823386116 2.2673106499 2.7892030220
0.9180000000 0.2706161308 0.9827721901 2.2675885582 2.7897739296
0.9190000000 0.2696939583 0.9832070885 2.2678665962 2.7903449898
0.9200000000 0.2687655983 0.9836432915 2.2681447487 2.7909162025
0.9210000000 0.2678310204 0.9840808067 2.2684230232 2.7914875679
0.9220000000 0.2668901863 0.9845196266 2.2687014198 2.7920590858
0.9230000000 0.2659430580 0.9849597435 2.2689799385 2.7926307564
0.9240000000 0.2649896126 0.9854011574 2.2692585793 2.7932025795
0.9250000000 0.2640298195 0.9858438606 2.2695373421 2.7937745476
0.9260000000 0.2630636253 0.9862878609 2.2698162270 2.7943466759
0.9270000000 0.2620910072 0.9867331429 2.2700952263 2.7949189491
0.9280000000 0.2611119194 0.9871797066 2.2703743553 2.7954913673
0.9290000000 0.2601263237 0.9876275520 2.2706535988 2.7960639458
0.9300000000 0.2591341743 0.9880766792 2.2709329643 2.7966366692
0.9310000000 0.2581354408 0.9885270653 2.2712124519 2.7972095375
0.9320000000 0.2571300697 0.9889787331 2.2714920616 2.7977825584
0.9330000000 0.2561180229 0.9894316521 2.2717717857 2.7983557243
0.9340000000 0.2550992546 0.9898858452 2.2720516319 2.7989290428
0.9350000000 0.2540737038 0.9903412895 2.2723316078 2.7995025063
0.9360000000 0.2530413399 0.9907979851 2.2726116905 2.8000761147
0.9370000000 0.2520020943 0.9912559395 2.2728919029 2.8006498756
0.9380000000 0.2509559288 0.9917151375 2.2731722298 2.8012237740
0.9390000000 0.2499027901 0.9921755791 2.2734526863 2.8017978249
0.9400000000 0.2488426094 0.9926372643 2.2737332497 2.8023720207
0.9410000000 0.2477753334 0.9931001778 2.2740139427 2.8029463615
0.9420000000 0.2467009163 0.9935643272 2.2742947502 2.8035208397
0.9430000000 0.2456192818 0.9940297127 2.2745756798 2.8040954704
0.9440000000 0.2445303764 0.9944963188 2.2748567314 2.8046702461
0.9450000000 0.2434341316 0.9949641457 2.2751378975 2.8052451591
0.9460000000 0.2423304787 0.9954331932 2.2754191856 2.8058202171
0.9470000000 0.2412193565 0.9959034615 2.2757005959 2.8063954201
0.9480000000 0.2401006889 0.9963749352 2.2759821205 2.8069707603
0.9490000000 0.2389743996 0.9968476143 2.2762637672 2.8075462456
0.9500000000 0.2378404198 0.9973215065 2.2765455284 2.8081218758
0.9510000000 0.2366986732 0.9977965889 2.2768274117 2.8086976433
0.9520000000 0.2355490685 0.9982728767 2.2771094170 2.8092735558
0.9530000000 0.2343915367 0.9987503548 2.2773915367 2.8098496056
0.9540000000 0.2332259941 0.9992290306 2.2776737785 2.8104258003
0.9550000000 0.2320523338 0.9997088814 2.2779561348 2.8110021248
0.9560000000 0.2308704872 1.0001899223 2.2782386131 2.8115786018
0.9570000000 0.2296803474 1.0006721458 2.2785212059 2.8121552086
0.9580000000 0.2284818153 1.0011555367 2.2788039207 2.8127319527
0.9590000000 0.2272748070 1.0016401024 2.2790867577 2.8133088417
0.9600000000 0.2260592079 1.0021258430 2.2793697090 2.8138858681
0.9610000000 0.2248349113 1.0026127434 2.2796527748 2.8144630318
0.9620000000 0.2236018105 1.0031008110 2.2799359627 2.8150403328
0.9630000000 0.2223597984 1.0035900307 2.2802192650 2.8156177711
0.9640000000 0.2211087456 1.0040804100 2.2805026894 2.8161953392
0.9650000000 0.2198485374 1.0045719337 2.2807862282 2.8167730522
0.9660000000 0.2185790443 1.0050646095 2.2810698891 2.8173509026
0.9670000000 0.2173001518 1.0055584297 2.2813536644 2.8179288826
0.9680000000 0.2160117073 1.0060533943 2.2816375542 2.8185070000
0.9690000000 0.2147135811 1.0065494881 2.2819215660 2.8190852547
0.9700000000 0.2134056282 1.0070467186 2.2822056923 2.8196636391
0.9710000000 0.2120877037 1.0075450783 2.2824899406 2.8202421608
0.9720000000 0.2107596474 1.0080445671 2.2827743034 2.8208208199
0.9730000000 0.2094213066 1.0085451775 2.2830587807 2.8213996086
0.9740000000 0.2080725060 1.0090469017 2.2833433800 2.8219785271
0.9750000000 0.2067130928 1.0095497475 2.2836280937 2.8225575829
0.9760000000 0.2053428688 1.0100537071 2.2839129219 2.8231367760
0.9770000000 0.2039616661 1.0105587654 2.2841978645 2.8237160988
0.9780000000 0.2025692787 1.0110649376 2.2844829292 2.8242955513
0.9790000000 0.2011655235 1.0115722084 2.2847681084 2.8248751335
0.9800000000 0.1997501869 1.0120805779 2.2850534019 2.8254548531
0.9810000000 0.1983230553 1.0125900459 2.2853388176 2.8260347023
0.9820000000 0.1968839073 1.0131005974 2.2856243401 2.8266146812
0.9830000000 0.1954325066 1.0136122398 2.2859099846 2.8271947899
0.9840000000 0.1939686241 1.0141249733 2.2861957436 2.8277750282
0.9850000000 0.1924919930 1.0146387749 2.2864816246 2.8283553963
0.9860000000 0.1910023613 1.0151536598 2.2867676125 2.8289358940
0.9870000000 0.1894994545 1.0156696205 2.2870537224 2.8295165215
0.9880000000 0.1879829979 1.0161866493 2.2873399467 2.8300972786
0.9890000000 0.1864526787 1.0167047462 2.2876262856 2.8306781654
0.9900000000 0.1849081993 1.0172239037 2.2879127388 2.8312591820
0.9910000000 0.1833492317 1.0177441216 2.2881993065 2.8318403206
0.9920000000 0.1817754326 1.0182653923 2.2884859886 2.8324215889
0.9930000000 0.1801864662 1.0187877235 2.2887727928 2.8330029869
0.9940000000 0.1785819435 1.0193110924 2.2890597038 2.8335845070
0.9950000000 0.1769614830 1.0198355141 2.2893467293 2.8341661644
0.9960000000 0.1753246880 1.0203609810 2.2896338768 2.8347479362
0.9970000000 0.1736711159 1.0208874855 2.2899211388 2.8353298454
0.9980000000 0.1720003242 1.0214150200 2.2902085075 2.8359118690
0.9990000000 0.1703118477 1.0219435921 2.2904959984 2.8364940300
1.0000000000 0.1686051903 1.0224731865 2.2907835960 2.8370763054
1.0010000000 0.1668798180 1.0230038109 2.2910713158 2.8376587105
1.0020000000 0.1651351967 1.0235354576 2.2913591423 2.8382412453
1.0030000000 0.1633707390 1.0240681190 2.2916470909 2.8388238945
1.0040000000 0.1615858269 1.0246017952 2.2919351463 2.8394066734
1.0050000000 0.1597798119 1.0251364861 2.2922233238 2.8399895744
1.0060000000 0.1579520149 1.0256721840 2.2925116081 2.8405726051
1.0070000000 0.1561017113 1.0262088890 2.2928000069 2.8411557503
1.0080000000 0.1542281151 1.0267465858 2.2930885200 2.8417390251
1.0090000000 0.1523304100 1.0272852898 2.2933771477 2.8423224220
1.0100000000 0.1504077263 1.0278249855 2.2936658897 2.8429059334
1.0110000000 0.1484591255 1.0283656731 2.2939547386 2.8434895744
1.0120000000 0.1464836159 1.0289073448 2.2942437096 2.8440733376
1.0130000000 0.1444801292 1.0294500008 2.2945327873 2.8446572227
1.0140000000 0.1424475288 1.0299936409 2.2948219795 2.8452412224
1.0150000000 0.1403845863 1.0305382576 2.2951112862 2.8458253517
1.0160000000 0.1382899818 1.0310838509 2.2954006996 2.8464095955
1.0170000000 0.1361622963 1.0316304131 2.2956902351 2.8469939613
1.0180000000 0.1340000038 1.0321779366 2.2959798775 2.8475784492
1.0190000000 0.1318014259 1.0327264290 2.2962696342 2.8481630592
1.0200000000 0.1295647697 1.0332758827 2.2965594978 2.8487477837
1.0210000000 0.1272880592 1.0338262978 2.2968494835 2.8493326302
1.0220000000 0.1249691582 1.0343776588 2.2971395760 2.8499175911
1.0230000000 0.1226057167 1.0349299812 2.2974297752 2.8505026741
1.0240000000 0.1201951408 1.0354832420 2.2977200966 2.8510878792
1.0250000000 0.1177345848 1.0360374489 2.2980105171 2.8516731987
1.0260000000 0.1152208977 1.0365926018 2.2983010597 2.8522586403
1.0270000000 0.1126505623 1.0371486855 2.2985917091 2.8528441963
1.0280000000 0.1100196495 1.0377057076 2.2988824730 2.8534298668
1.0290000000 0.1073237648 1.0382636604 2.2991733437 2.8540156593
1.0300000000 0.1045579262 1.0388225365 2.2994643288 2.8546015663
1.0310000000 0.1017164803 1.0393823433 2.2997554283 2.8551875954
1.0320000000 0.0987929497 1.0399430656 2.3000466347 2.8557737389
1.0330000000 0.0957798653 1.0405047112 2.3003379478 2.8563599968
1.0340000000 0.0926685600 1.0410672646 2.3006293755 2.8569463692
1.0350000000 0.0894488258 1.0416307335 2.3009209175 2.8575328560
1.0360000000 0.0861085625 1.0421951103 2.3012125664 2.8581194649
1.0370000000 0.0826332207 1.0427603951 2.3015043297 2.8587061806
1.0380000000 0.0790050316 1.0433265800 2.3017961998 2.8592930183
1.0390000000 0.0752019386 1.0438936653 2.3020881767 2.8598799706
1.0400000000 0.0711959953 1.0444616432 2.3023802681 2.8604670296
1.0410000000 0.0669508553 1.0450305138 2.3026724663 2.8610542107
1.0420000000 0.0624178276 1.0456002769 2.3029647789 2.8616415062
1.0430000000 0.0575289574 1.0461709175 2.3032571983 2.8622289085
1.0440000000 0.0521844444 1.0467424507 2.3035497246 2.8628164330
1.0450000000 0.0462266045 1.0473148537 2.3038423653 2.8634040642
1.0460000000 0.0393781471 1.0478881416 2.3041351128 2.8639918098
1.0470000000 0.0310555000 1.0484622917 2.3044279671 2.8645796700
1.0480000000 0.0194505882 1.0490373192 2.3047209358 2.8651676445
