1.0490000000 1.0496132164 2.3050140114 2.8657557259
1.0500000000 1.0501899757 2.3053071938 2.8663439293
1.0510000000 1.0507675896 2.3056004829 2.8669322319
1.0520000000 1.0513460655 2.3058938866 2.8675206566
1.0530000000 1.0519253960 2.3061873970 2.8681091881
1.0540000000 1.0525055733 2.3064810143 2.8686978264
1.0550000000 1.0530866051 2.3067747383 2.8692865791
1.0560000000 1.0536684761 2.3070685692 2.8698754463
1.0570000000 1.0542511940 2.3073625145 2.8704644203
1.0580000000 1.0548347511 2.3076565590 2.8710535088
1.0590000000 1.0554191399 2.3079507179 2.8716427040
1.0600000000 1.0560043602 2.3082449837 2.8722320061
1.0610000000 1.0565904121 2.3085393562 2.8728214226
1.0620000000 1.0571772957 2.3088338356 2.8734109459
1.0630000000 1.0577649956 2.3091284218 2.8740005836
1.0640000000 1.0583535194 2.3094231148 2.8745903206
1.0650000000 1.0589428596 2.3097179222 2.8751801720
1.0660000000 1.0595330086 2.3100128288 2.8757701302
1.0670000000 1.0601239738 2.3103078423 2.8763602028
1.0680000000 1.0607157478 2.3106029625 2.8769503746
1.0690000000 1.0613083305 2.3108981895 2.8775406609
1.0700000000 1.0619017143 2.3111935234 2.8781310539
1.0710000000 1.0624958916 2.3114889641 2.8787215462
1.0720000000 1.0630908699 2.3117845039 2.8793121529
1.0730000000 1.0636866417 2.3120801582 2.8799028664
1.0740000000 1.0642831993 2.3123759193 2.8804936867
1.0750000000 1.0648805504 2.3126717796 2.8810846138
1.0760000000 1.0654786797 2.3129677467 2.8816756477
1.0770000000 1.0660775948 2.3132638206 2.8822667885
1.0780000000 1.0666772881 2.3135600014 2.8828580284
1.0790000000 1.0672777519 2.3138562813 2.8834493828
1.0800000000 1.0678789940 2.3141526756 2.8840408363
1.0810000000 1.0684810066 2.3144491692 2.8846323967
1.0820000000 1.0690837822 2.3147457619 2.8852240639
1.0830000000 1.0696873207 2.3150424690 2.8858158379
1.0840000000 1.0702916222 2.3153392754 2.8864077187
1.0850000000 1.0708966789 2.3156361885 2.8869996986
1.0860000000 1.0715024986 2.3159332008 2.8875917854
1.0870000000 1.0721090660 2.3162303200 2.8881839714
1.0880000000 1.0727163811 2.3165275459 2.8887762642
1.0890000000 1.0733244438 2.3168248711 2.8893686638
1.0900000000 1.0739332542 2.3171223030 2.8899611626
1.0910000000 1.0745427971 2.3174198341 2.8905537682
1.0920000000 1.0751530876 2.3177174721 2.8911464806
1.0930000000 1.0757641029 2.3180152092 2.8917392845
1.0940000000 1.0763758583 2.3183130531 2.8923322029
1.0950000000 1.0769883385 2.3186109962 2.8929252205
1.0960000000 1.0776015511 2.3189090462 2.8935183372
1.0970000000 1.0782154808 2.3192071953 2.8941115608
1.0980000000 1.0788301353 2.3195054512 2.8947048836
1.0990000000 1.0794455147 2.3198038063 2.8952983055
1.1000000000 1.0800616035 2.3201022682 2.8958918343
1.1010000000 1.0806784019 2.3204008217 2.8964854622
1.1020000000 1.0812959099 2.3206994820 2.8970791893
1.1030000000 1.0819141273 2.3209982491 2.8976730232
1.1040000000 1.0825330544 2.3212971153 2.8982669563
1.1050000000 1.0831526756 2.3215960808 2.8988609886
1.1060000000 1.0837729988 2.3218951454 2.8994551201
1.1070000000 1.0843940163 2.3221943092 2.9000493507
1.1080000000 1.0850157280 2.3224935799 2.9006436882
1.1090000000 1.0856381340 2.3227929497 2.9012381248
1.1100000000 1.0862612267 2.3230924187 2.9018326607
1.1110000000 1.0868849983 2.3233919868 2.9024272881
1.1120000000 1.0875094643 2.3236916542 2.9030220222
1.1130000000 1.0881346016 2.3239914284 2.9036168556
1.1140000000 1.0887604179 2.3242913017 2.9042117882
1.1150000000 1.0893869057 2.3245912666 2.9048068199
1.1160000000 1.0900140724 2.3248913383 2.9054019508
1.1170000000 1.0906419029 2.3251915092 2.9059971809
1.1180000000 1.0912703972 2.3254917717 2.9065925102
1.1190000000 1.0918995628 2.3257921410 2.9071879387
1.1200000000 1.0925293846 2.3260926094 2.9077834587
1.1210000000 1.0931598701 2.3263931694 2.9083790855
1.1220000000 1.0937910042 2.3266938362 2.9089748039
1.1230000000 1.0944227943 2.3269945946 2.9095706215
1.1240000000 1.0950552330 2.3272954597 2.9101665382
1.1250000000 1.0956883278 2.3275964165 2.9107625542
1.1260000000 1.0963220634 2.3278974724 2.9113586693
1.1270000000 1.0969564400 2.3281986275 2.9119548759
1.1280000000 1.0975914574 2.3284998741 2.9125511818
1.1290000000 1.0982271156 2.3288012276 2.9131475792
1.1300000000 1.0988634071 2.3291026726 2.9137440834
1.1310000000 1.0995003242 2.3294042168 2.9143406792
1.1320000000 1.1001378822 2.3297058525 2.9149373665
1.1330000000 1.1007760582 2.3300075874 2.9155341530
1.1340000000 1.1014148674 2.3303094215 2.9161310387
1.1350000000 1.1020542946 2.3306113548 2.9167280235
1.1360000000 1.1026943398 2.3309133797 2.9173250999
1.1370000000 1.1033350105 2.3312155037 2.9179222679
1.1380000000 1.1039762840 2.3315177193 2.9185195351
1.1390000000 1.1046181755 2.3318200340 2.9191169014
1.1400000000 1.1052606773 2.3321224403 2.9197143593
1.1410000000 1.1059037895 2.3324249458 2.9203119087
1.1420000000 1.1065474968 2.3327275505 2.9209095573
1.1430000000 1.1071918144 2.3330302467 2.9215072975
1.1440000000 1.1078367271 2.3333330345 2.9221051369
1.1450000000 1.1084822426 2.3336359138 2.9227030678
1.1460000000 1.1091283455 2.3339388924 2.9233010979
1.1470000000 1.1097750435 2.3342419701 2.9238992119
1.1480000000 1.1104223366 2.3345451393 2.9244974327
1.1490000000 1.1110702095 2.3348484001 2.9250957375
1.1500000000 1.1117186699 2.3351517525 2.9256941414
1.1510000000 1.1123677101 2.3354552040 2.9262926369
1.1520000000 1.1130173378 2.3357587395 2.9268912239
1.1530000000 1.1136675377 2.3360623741 2.9274899101
1.1540000000 1.1143183098 2.3363661079 2.9280886879
1.1550000000 1.1149696617 2.3366699257 2.9286875572
1.1560000000 1.1156215782 2.3369738426 2.9292865181
1.1570000000 1.1162740669 2.3372778435 2.9298855705
1.1580000000 1.1169271126 2.3375819435 2.9304847221
1.1590000000 1.1175807304 2.3378861351 2.9310839577
1.1600000000 1.1182349052 2.3381904182 2.9316832924
1.1610000000 1.1188896370 2.3384947929 2.9322827187
1.1620000000 1.1195449333 2.3387992516 2.9328822365
1.1630000000 1.1202007713 2.3391038094 2.9334818459
1.1640000000 1.1208571663 2.3394084587 2.9340815468
1.1650000000 1.1215141106 2.3397131996 2.9346813393
1.1660000000 1.1221715965 2.3400180244 2.9352812309
1.1670000000 1.1228296318 2.3403229485 2.9358812065
1.1680000000 1.1234882088 2.3406279564 2.9364812737
1.1690000000 1.1241473274 2.3409330559 2.9370814323
1.1700000000 1.1248069801 2.3412382469 2.9376816826
1.1710000000 1.1254671669 2.3415435295 2.9382820244
1.1720000000 1.1261278801 2.3418488960 2.9388824577
1.1730000000 1.1267891350 2.3421543541 2.9394829826
1.1740000000 1.1274509087 2.3424599037 2.9400835991
1.1750000000 1.1281132164 2.3427655373 2.9406843071
1.1760000000 1.1287760429 2.3430712624 2.9412850990
1.1770000000 1.1294393883 2.3433770790 2.9418859901
1.1780000000 1.1301032524 2.3436829796 2.9424869652
1.1790000000 1.1307676353 2.3439889717 2.9430880318
1.1800000000 1.1314325294 2.3442950478 2.9436891899
1.1810000000 1.1320979424 2.3446012154 2.9442904396
1.1820000000 1.1327638588 2.3449074669 2.9448917732
1.1830000000 1.1334302864 2.3452138023 2.9454932060
1.1840000000 1.1340972176 2.3455202370 2.9460947227
1.1850000000 1.1347646446 2.3458267479 2.9466963234
1.1860000000 1.1354325829 2.3461333504 2.9472980232
1.1870000000 1.1361010170 2.3464400368 2.9478998070
1.1880000000 1.1367699471 2.3467468071 2.9485016823
1.1890000000 1.1374393654 2.3470536690 2.9491036491
1.1900000000 1.1381092796 2.3473606148 2.9497056999
1.1910000000 1.1387796822 2.3476676445 2.9503078423
1.1920000000 1.1394505730 2.3479747581 2.9509100685
1.1930000000 1.1401219521 2.3482819633 2.9515123863
1.1940000000 1.1407938118 2.3485892525 2.9521147957
1.1950000000 1.1414661522 2.3488966179 2.9527172966
1.1960000000 1.1421389732 2.3492040749 2.9533198814
1.1970000000 1.1428122673 2.3495116158 2.9539225502
1.1980000000 1.1434860344 2.3498192406 2.9545253105
1.1990000000 1.1441602745 2.3501269417 2.9551281624
1.2000000000 1.1448349876 2.3504347343 2.9557310982
1.2010000000 1.1455101662 2.3507426109 2.9563341255
1.2020000000 1.1461858101 2.3510505714 2.9569372368
1.2030000000 1.1468619194 2.3513586082 2.9575404396
1.2040000000 1.1475384865 2.3516667290 2.9581437263
1.2050000000 1.1482155190 2.3519749336 2.9587471046
1.2060000000 1.1488930016 2.3522832222 2.9593505669
1.2070000000 1.1495709419 2.3525915947 2.9599541206
1.2080000000 1.1502493401 2.3529000435 2.9605577583
1.2090000000 1.1509281807 2.3532085762 2.9611614799
1.2100000000 1.1516074715 2.3535171928 2.9617652931
1.2110000000 1.1522872124 2.3538258858 2.9623691978
1.2120000000 1.1529673958 2.3541346626 2.9629731789
1.2130000000 1.1536480217 2.3544435158 2.9635772514
1.2140000000 1.1543290825 2.3547524529 2.9641814156
1.2150000000 1.1550105858 2.3550614738 2.9647856636
1.2160000000 1.1556925240 2.3553705711 2.9653899956
1.2170000000 1.1563748970 2.3556797447 2.9659944191
1.2180000000 1.1570577049 2.3559890022 2.9665989189
1.2190000000 1.1577409401 2.3562983360 2.9672035179
1.2200000000 1.1584246025 2.3566077461 2.9678081932
1.2210000000 1.1591086845 2.3569172401 2.9684129601
1.2220000000 1.1597932014 2.3572268105 2.9690178108
1.2230000000 1.1604781303 2.3575364647 2.9696227455
1.2240000000 1.1611634789 2.3578461876 2.9702277718
1.2250000000 1.1618492546 2.3581559944 2.9708328819
1.2260000000 1.1625354347 2.3584658775 2.9714380760
1.2270000000 1.1632220345 2.3587758369 2.9720433540
1.2280000000 1.1639090462 2.3590858726 2.9726487236
1.2290000000 1.1645964622 2.3593959846 2.9732541771
1.2300000000 1.1652842827 2.3597061729 2.9738597145
1.2310000000 1.1659725151 2.3600164375 2.9744653358
1.2320000000 1.1666611519 2.3603267784 2.9750710411
1.2330000000 1.1673501854 2.3606371956 2.9756768379
1.2340000000 1.1680396156 2.3609476891 2.9762827187
1.2350000000 1.1687294502 2.3612582512 2.9768886757
1.2360000000 1.1694196739 2.3615688972 2.9774947243
1.2370000000 1.1701102943 2.3618796120 2.9781008644
1.2380000000 1.1708013039 2.3621904030 2.9787070808
1.2390000000 1.1714927025 2.3625012703 2.9793133812
1.2400000000 1.1721844902 2.3628122063 2.9799197731
1.2410000000 1.1728766594 2.3631232185 2.9805262413
1.2420000000 1.1735692177 2.3634343071 2.9811328011
1.2430000000 1.1742621498 2.3637454643 2.9817394447
1.2440000000 1.1749554710 2.3640566978 2.9823461723
1.2450000000 1.1756491585 2.3643680000 2.9829529839
1.2460000000 1.1763432274 2.3646793785 2.9835598793
1.2470000000 1.1770376701 2.3649908257 2.9841668587
1.2480000000 1.1777324791 2.3653023491 2.9847739220
1.2490000000 1.1784276619 2.3656139412 2.9853810692
1.2500000000 1.1791232109 2.3659256020 2.9859883003
1.2510000000 1.1798191261 2.3662373390 2.9865956154
1.2520000000 1.1805154076 2.3665491371 2.9872030144
1.2530000000 1.1812120476 2.3668610115 2.9878104973
1.2540000000 1.1819090462 2.3671729622 2.9884180717
1.2550000000 1.1826064034 2.3674849739 2.9890257225
1.2560000000 1.1833041191 2.3677970543 2.9896334572
1.2570000000 1.1840021858 2.3681092110 2.9902412758
1.2580000000 1.1847006035 2.3684214363 2.9908491783
1.2590000000 1.1853993721 2.3687337227 2.9914571648
1.2600000000 1.1860984917 2.3690460854 2.9920652351
1.2610000000 1.1867979546 2.3693585091 2.9926733894
1.2620000000 1.1874977684 2.3696710014 2.9932816277
1.2630000000 1.1881979179 2.3699835701 2.9938899498
1.2640000000 1.1888984108 2.3702961998 2.9944983482
1.2650000000 1.1895992393 2.3706088905 2.9951068382
1.2660000000 1.1903004036 2.3709216576 2.9957154045
1.2670000000 1.1910019035 2.3712344856 2.9963240623
1.2680000000 1.1917037392 2.3715473824 2.9969327965
1.2690000000 1.1924059105 2.3718603401 2.9975416145
1.2700000000 1.1931084023 2.3721733742 2.9981505165
1.2710000000 1.1938112221 2.3724864616 2.9987595024
1.2720000000 1.1945143700 2.3727996178 2.9993685722
1.2730000000 1.1952178459 2.3731128426 2.9999777260
1.2740000000 1.1959216347 2.3734261284 3.0005869560
1.2750000000 1.1966257515 2.3737394753 3.0011962776
1.2760000000 1.1973301811 2.3740528908 3.0018056755
1.2770000000 1.1980349312 2.3743663673 3.0024151573
1.2780000000 1.1987399864 2.3746799049 3.0030247231
1.2790000000 1.1994453621 2.3749935112 3.0036343727
1.2800000000 1.2001510506 2.3753071785 3.0042440987
1.2810000000 1.2008570366 2.3756208992 3.0048539162
1.2820000000 1.2015633430 2.3759346886 3.0054638100
1.2830000000 1.2022699471 2.3762485466 3.0060737877
1.2840000000 1.2029768486 2.3765624580 3.0066838417
1.2850000000 1.2036840630 2.3768764305 3.0072939873
1.2860000000 1.2043915672 2.3771904640 3.0079042091
1.2870000000 1.2050993767 2.3775045586 3.0085145226
1.2880000000 1.2058074760 2.3778187065 3.0091249046
1.2890000000 1.2065158730 2.3781329231 3.0097353783
1.2900000000 1.2072245598 2.3784471931 3.0103459358
1.2910000000 1.2079335365 2.3787615242 3.0109565697
1.2920000000 1.2086428032 2.3790759163 3.0115672874
1.2930000000 1.2093523598 2.3793903694 3.0121780815
1.2940000000 1.2100621910 2.3797048759 3.0127889671
1.2950000000 1.2107723122 2.3800194359 3.0133999290
1.2960000000 1.2114827156 2.3803340569 3.0140109749
1.2970000000 1.2121933937 2.3806487389 3.0146221046
1.2980000000 1.2129043541 2.3809634743 3.0152333107
1.2990000000 1.2136155891 2.3812782707 3.0158446007
1.3000000000 1.2143270988 2.3815931129 3.0164559746
1.3010000000 1.2150388756 2.3819080162 3.0170674324
1.3020000000 1.2157509270 2.3822229805 3.0176789665
1.3030000000 1.2164632454 2.3825379906 3.0182905846
1.3040000000 1.2171758308 2.3828530617 3.0189022865
1.3050000000 1.2178886833 2.3831681862 3.0195140648
1.3060000000 1.2186017952 2.3834833641 3.0201259270
1.3070000000 1.2193151665 2.3837985954 3.0207378731
1.3080000000 1.2200288048 2.3841138802 3.0213499031
1.3090000000 1.2207426949 2.3844292183 3.0219620094
1.3100000000 1.2214568367 2.3847446098 3.0225741997
1.3110000000 1.2221712379 2.3850600548 3.0231864662
1.3120000000 1.2228858910 2.3853755455 3.0237988243
1.3130000000 1.2236007957 2.3856910973 3.0244112587
1.3140000000 1.2243159523 2.3860066948 3.0250237694
1.3150000000 1.2250313454 2.3863223457 3.0256363640
1.3160000000 1.2257469902 2.3866380424 3.0262490425
1.3170000000 1.2264628792 2.3869537926 3.0268618050
1.3180000000 1.2271790123 2.3872695961 3.0274746437
1.3190000000 1.2278953743 2.3875854454 3.0280875664
1.3200000000 1.2286119804 2.3879013405 3.0287005730
1.3210000000 1.2293288231 2.3882172890 3.0293136559
1.3220000000 1.2300459023 2.3885332832 3.0299268227
1.3230000000 1.2307632103 2.3888493309 3.0305400658
1.3240000000 1.2314807549 2.3891654243 3.0311533928
1.3250000000 1.2321985207 2.3894815636 3.0317668037
1.3260000000 1.2329165154 2.3897977486 3.0323802986
1.3270000000 1.2336347389 2.3901139793 3.0329938698
1.3280000000 1.2343531837 2.3904302635 3.0336075172
1.3290000000 1.2350718498 2.3907465858 3.0342212563
1.3300000000 1.2357907372 2.3910629539 3.0348350716
1.3310000000 1.2365098457 2.3913793755 3.0354489632
1.3320000000 1.2372291679 2.3916958351 3.0360629387
1.3330000000 1.2379487038 2.3920123405 3.0366769981
1.3340000000 1.2386684532 2.3923288918 3.0372911415
1.3350000000 1.2393884163 2.3926454811 3.0379053612
1.3360000000 1.2401085854 2.3929621162 3.0385196648
1.3370000000 1.2408289604 2.3932787971 3.0391340446
1.3380000000 1.2415495491 2.3935955238 3.0397485085
1.3390000000 1.2422703362 2.3939122887 3.0403630486
1.3400000000 1.2429913292 2.3942290916 3.0409776726
1.3410000000 1.2437125130 2.3945459404 3.0415923805
1.3420000000 1.2444339027 2.3948628273 3.0422071724
1.3430000000 1.2451554909 2.3951797523 3.0428220406
1.3440000000 1.2458772774 2.3954967232 3.0434369850
1.3450000000 1.2465992546 2.3958137321 3.0440520134
1.3460000000 1.2473214226 2.3961307793 3.0446671257
1.3470000000 1.2480437737 2.3964478722 3.0452823219
1.3480000000 1.2487663231 2.3967649956 3.0458975945
1.3490000000 1.2494890556 2.3970821648 3.0465129433
1.3500000000 1.2502119713 2.3973993645 3.0471283836
1.3510000000 1.2509350700 2.3977166023 3.0477438927
1.3520000000 1.2516583519 2.3980338783 3.0483594933
1.3530000000 1.2523818092 2.3983511925 3.0489751701
1.3540000000 1.2531054497 2.3986685448 3.0495909233
1.3550000000 1.2538292580 2.3989859276 3.0502067680
1.3560000000 1.2545532494 2.3993033485 3.0508226814
1.3570000000 1.2552774086 2.3996208076 3.0514386864
1.3580000000 1.2560017357 2.3999382973 3.0520547676
1.3590000000 1.2567262383 2.4002558250 3.0526709328
1.3600000000 1.2574509010 2.4005733833 3.0532871742
1.3610000000 1.2581757317 2.4008909721 3.0539034996
1.3620000000 1.2589007301 2.4012085991 3.0545199013
1.3630000000 1.2596258812 2.4015262566 3.0551363869
1.3640000000 1.2603512001 2.4018439445 3.0557529564
1.3650000000 1.2610766716 2.4021616707 3.0563696022
1.3660000000 1.2618023033 2.4024794197 3.0569863319
1.3670000000 1.2625280876 2.4027972069 3.0576031380
1.3680000000 1.2632540245 2.4031150169 3.0582200279
1.3690000000 1.2639801064 2.4034328651 3.0588370018
1.3700000000 1.2647063484 2.4037507362 3.0594540520
1.3710000000 1.2654327278 2.4040686378 3.0600711861
1.3720000000 1.2661592598 2.4043865700 3.0606883965
1.3730000000 1.2668859291 2.4047045250 3.0613056908
1.3740000000 1.2676127434 2.4050225182 3.0619230690
1.3750000000 1.2683397026 2.4053405342 3.0625405235
1.3760000000 1.2690667915 2.4056585732 3.0631580620
1.3770000000 1.2697940254 2.4059766426 3.0637756767
1.3780000000 1.2705213890 2.4062947350 3.0643933754
1.3790000000 1.2712488899 2.4066128578 3.0650111580
1.3800000000 1.2719765205 2.4069309959 3.0656290169
1.3810000000 1.2727042732 2.4072491722 3.0662469597
1.3820000000 1.2734321632 2.4075673637 3.0668649788
1.3830000000 1.2741601753 2.4078855782 3.0674830818
1.3840000000 1.2748883095 2.4082038231 3.0681012688
1.3850000000 1.2756165657 2.4085220833 3.0687195320
1.3860000000 1.2763449440 2.4088403740 3.0693378792
1.3870000000 1.2770734444 2.4091586800 3.0699563103
1.3880000000 1.2778020515 2.4094770088 3.0705748177
1.3890000000 1.2785307808 2.4097953606 3.0711934013
1.3900000000 1.2792596245 2.4101137352 3.0718120766
1.3910000000 1.2799885750 2.4104321251 3.0724308281
1.3920000000 1.2807176399 2.4107505379 3.0730496559
1.3930000000 1.2814468040 2.4110689659 3.0736685753
1.3940000000 1.2821760826 2.4113874168 3.0742875633
1.3950000000 1.2829054604 2.4117058830 3.0749066429
1.3960000000 1.2836349449 2.4120243645 3.0755257988
1.3970000000 1.2843645287 2.4123428688 3.0761450386
1.3980000000 1.2850942039 2.4126613884 3.0767643547
1.3990000000 1.2858239784 2.4129799232 3.0773837547
1.4000000000 1.2865538521 2.4132984734 3.0780032387
1.4010000000 1.2872838173 2.4136170464 3.0786227989
1.4020000000 1.2880138741 2.4139356270 3.0792424431
1.4030000000 1.2887440147 2.4142542229 3.0798621712
1.4040000000 1.2894742470 2.4145728340 3.0804819756
1.4050000000 1.2902045631 2.4148914528 3.0811018639
1.4060000000 1.2909349632 2.4152100868 3.0817218285
1.4070000000 1.2916654472 2.4155287361 3.0823418846
1.4080000000 1.2923960075 2.4158474007 3.0829620094
1.4090000000 1.2931266518 2.4161660728 3.0835822258
1.4100000000 1.2938573647 2.4164847527 3.0842025185
1.4110000000 1.2945881615 2.4168034477 3.0848228950
1.4120000000 1.2953190193 2.4171221504 3.0854433479
1.4130000000 1.2960499535 2.4174408607 3.0860638924
1.4140000000 1.2967809563 2.4177595863 3.0866845131
1.4150000000 1.2975120277 2.4180783119 3.0873052101
1.4160000000 1.2982431602 2.4183970528 3.0879259911
1.4170000000 1.2989743538 2.4187158012 3.0885468559
1.4180000000 1.2997056084 2.4190345497 3.0891678047
1.4190000000 1.3004369316 2.4193533058 3.0897888298
1.4200000000 1.3011683006 2.4196720695 3.0904099388
1.4210000000 1.3018997307 2.4199908409 3.0910311317
1.4220000000 1.3026312141 2.4203096123 3.0916524010
1.4230000000 1.3033627434 2.4206283913 3.0922737541
1.4240000000 1.3040943260 2.4209471779 3.0928951912
1.4250000000 1.3048259544 2.4212659645 3.0935167046
1.4260000000 1.3055576363 2.4215847511 3.0941383095
1.4270000000 1.3062893562 2.4219035378 3.0947599907
1.4280000000 1.3070211143 2.4222223320 3.0953817482
1.4290000000 1.3077529106 2.4225411263 3.0960035973
1.4300000000 1.3084847527 2.4228599205 3.0966255226
1.4310000000 1.3092166252 2.4231787071 3.0972475243
1.4320000000 1.3099485359 2.4234975014 3.0978696175
1.4330000000 1.3106804695 2.4238162956 3.0984917870
1.4340000000 1.3114124413 2.4241350822 3.0991140404
1.4350000000 1.3121444359 2.4244538689 3.0997363777
1.4360000000 1.3128764610 2.4247726555 3.1003587990
1.4370000000 1.3136085091 2.4250914345 3.1009812965
1.4380000000 1.3143405800 2.4254102135 3.1016038780
1.4390000000 1.3150726662 2.4257289848 3.1022265434
1.4400000000 1.3158047752 2.4260477562 3.1028492851
1.4410000000 1.3165368919 2.4263665199 3.1034721184
1.4420000000 1.3172690315 2.4266852760 3.1040950279
1.4430000000 1.3180011787 2.4270040245 3.1047180214
1.4440000000 1.3187333336 2.4273227654 3.1053410912
1.4450000000 1.3194654961 2.4276414986 3.1059642525
1.4460000000 1.3201976662 2.4279602242 3.1065874901
1.4470000000 1.3209298439 2.4282789421 3.1072108116
1.4480000000 1.3216620140 2.4285976448 3.1078342171
1.4490000000 1.3223941917 2.4289163475 3.1084577065
1.4500000000 1.3231263618 2.4292350273 3.1090812721
1.4510000000 1.3238585243 2.4295537071 3.1097049294
1.4520000000 1.3245906868 2.4298723717 3.1103286629
1.4530000000 1.3253228340 2.4301910210 3.1109524803
1.4540000000 1.3260549736 2.4305096550 3.1115763741
1.4550000000 1.3267871056 2.4308282814 3.1122003593
1.4560000000 1.3275192146 2.4311468849 3.1128244286
1.4570000000 1.3282513084 2.4314654808 3.1134485741
1.4580000000 1.3289833794 2.4317840614 3.1140728035
1.4590000000 1.3297154274 2.4321026268 3.1146971169
1.4600000000 1.3304474602 2.4324211693 3.1153215141
1.4610000000 1.3311794548 2.4327396965 3.1159459953
1.4620000000 1.3319114342 2.4330582085 3.1165705528
1.4630000000 1.3326433754 2.4333766975 3.1171952019
1.4640000000 1.3333752861 2.4336951714 3.1178199272
1.4650000000 1.3341071587 2.4340136299 3.1184447365
1.4660000000 1.3348389931 2.4343320580 3.1190696373
1.4670000000 1.3355707893 2.4346504707 3.1196946144
1.4680000000 1.3363025475 2.4349688606 3.1203196754
1.4690000000 1.3370342598 2.4352872276 3.1209448128
1.4700000000 1.3377659264 2.4356055717 3.1215700417
1.4710000000 1.3384975471 2.4359238930 3.1221953545
1.4720000000 1.3392291145 2.4362421913 3.1228207512
1.4730000000 1.3399606285 2.4365604591 3.1234462242
1.4740000000 1.3406920815 2.4368787117 3.1240717888
1.4750000000 1.3414234886 2.4371969261 3.1246974297
1.4760000000 1.3421548271 2.4375151253 3.1253231544
1.4770000000 1.3428861046 2.4378332863 3.1259489708
1.4780000000 1.3436173210 2.4381514244 3.1265748634
1.4790000000 1.3443484688 2.4384695396 3.1272008400
1.4800000000 1.3450795479 2.4387876167 3.1278269081
1.4810000000 1.3458105583 2.4391056633 3.1284530525
1.4820000000 1.3465414925 2.4394236870 3.1290792809
1.4830000000 1.3472723503 2.4397416725 3.1297055931
1.4840000000 1.3480031319 2.4400596275 3.1303319893
1.4850000000 1.3487338295 2.4403775520 3.1309584770
1.4860000000 1.3494644432 2.4406954460 3.1315850410
1.4870000000 1.3501949654 2.4410133018 3.1322116890
1.4880000000 1.3509254112 2.4413311195 3.1328384209
1.4890000000 1.3516557579 2.4416489067 3.1334652443
1.4900000000 1.3523860130 2.4419666557 3.1340921440
1.4910000000 1.3531161766 2.4422843666 3.1347191277
1.4920000000 1.3538462334 2.4426020470 3.1353462029
1.4930000000 1.3545761986 2.4429196815 3.1359733543
1.4940000000 1.3553060493 2.4432372780 3.1366005974
1.4950000000 1.3560358009 2.4435548363 3.1372279167
1.4960000000 1.3567654457 2.4438723564 3.1378553276
1.4970000000 1.3574949837 2.4441898384 3.1384828224
1.4980000000 1.3582243996 2.4445072746 3.1391103935
1.4990000000 1.3589537010 2.4448246651 3.1397380562
1.5000000000 1.3596828880 2.4451420174 3.1403658028
1.5010000000 1.3604119453 2.4454593239 3.1409936333
1.5020000000 1.3611408882 2.4457765846 3.1416215553
1.5030000000 1.3618696938 2.4460938072 3.1422495537
1.5040000000 1.3625983772 2.4464109764 3.1428776436
1.5050000000 1.3633269310 2.4467280998 3.1435058098
1.5060000000 1.3640553474 2.4470451775 3.1441340675
1.5070000000 1.3647836266 2.4473622093 3.1447624092
1.5080000000 1.3655117607 2.4476791878 3.1453908348
1.5090000000 1.3662397575 2.4479961205 3.1460193443
1.5100000000 1.3669676094 2.4483129997 3.1466479454
1.5110000000 1.3676953087 2.4486298332 3.1472766228
1.5120000000 1.3684228554 2.4489466057 3.1479053917
1.5130000000 1.3691502495 2.4492633324 3.1485342445
1.5140000000 1.3698774910 2.4495800056 3.1491631813
1.5150000000 1.3706045723 2.4498966255 3.1497922096
1.5160000000 1.3713314857 2.4502131844 3.1504213142
1.5170000000 1.3720582390 2.4505296974 3.1510505104
1.5180000000 1.3727848167 2.4508461494 3.1516797905
1.5190000000 1.3735112267 2.4511625404 3.1523091621
1.5200000000 1.3742374687 2.4514788780 3.1529386101
1.5210000000 1.3749635277 2.4517951546 3.1535681496
1.5220000000 1.3756894035 2.4521113777 3.1541977730
1.5230000000 1.3764151039 2.4524275322 3.1548274803
1.5240000000 1.3771406059 2.4527436333 3.1554572792
1.5250000000 1.3778659325 2.4530596657 3.1560871620
1.5260000000 1.3785910530 2.4533756447 3.1567171288
1.5270000000 1.3793159904 2.4536915474 3.1573471870
1.5280000000 1.3800407219 2.4540073967 3.1579773293
1.5290000000 1.3807652550 2.4543231773 3.1586075554
1.5300000000 1.3814895821 2.4546388969 3.1592378654
1.5310000000 1.3822136955 2.4549545403 3.1598682671
1.5320000000 1.3829376030 2.4552701225 3.1604987526
1.5330000000 1.3836612968 2.4555856361 3.1611293297
1.5340000000 1.3843847694 2.4559010811 3.1617599831
1.5350000000 1.3851080208 2.4562164574 3.1623907356
1.5360000000 1.3858310509 2.4565317650 3.1630215645
1.5370000000 1.3865538521 2.4568469963 3.1636524849
1.5380000000 1.3872764168 2.4571621590 3.1642834969
1.5390000000 1.3879987526 2.4574772453 3.1649145851
1.5400000000 1.3887208519 2.4577922554 3.1655457726
1.5410000000 1.3894427071 2.4581071968 3.1661770363
1.5420000000 1.3901643181 2.4584220619 3.1668083916
1.5430000000 1.3908856773 2.4587368431 3.1674398384
1.5440000000 1.3916067848 2.4590515556 3.1680713692
1.5450000000 1.3923276405 2.4593661919 3.1687029839
1.5460000000 1.3930482368 2.4596807442 3.1693346901
1.5470000000 1.3937685661 2.4599952126 3.1699664803
1.5480000000 1.3944886360 2.4603096046 3.1705983620
1.5490000000 1.3952084312 2.4606239204 3.1712303276
1.5500000000 1.3959279518 2.4609381447 3.1718623848
1.5510000000 1.3966471977 2.4612522926 3.1724945259
1.5520000000 1.3973661613 2.4615663567 3.1731267586
1.5530000000 1.3980848351 2.4618803291 3.1737590752
1.5540000000 1.3988032265 2.4621942177 3.1743914833
1.5550000000 1.3995213203 2.4625080223 3.1750239754
1.5560000000 1.4002391243 2.4628217430 3.1756565590
1.5570000000 1.4009566231 2.4631353645 3.1762892265
1.5580000000 1.4016738167 2.4634489021 3.1769219856
1.5590000000 1.4023906975 2.4637623558 3.1775548363
1.5600000000 1.4031072731 2.4640757103 3.1781877708
1.5610000000 1.4038235283 2.4643889732 3.1788207970
1.5620000000 1.4045394630 2.4647021446 3.1794539070
1.5630000000 1.4052550697 2.4650152245 3.1800871086
1.5640000000 1.4059703484 2.4653282051 3.1807204018
1.5650000000 1.4066852913 2.4656410866 3.1813537788
1.5660000000 1.4073998985 2.4659538765 3.1819872475
1.5670000000 1.4081141701 2.4662665672 3.1826208076
1.5680000000 1.4088280830 2.4665791664 3.1832544518
1.5690000000 1.4095416527 2.4668916588 3.1838881874
1.5700000000 1.4102548637 2.4672040520 3.1845220070
1.5710000000 1.4109677162 2.4675163460 3.1851559181
1.5720000000 1.4116802025 2.4678285332 3.1857899208
1.5730000000 1.4123923225 2.4681406136 3.1864240150
1.5740000000 1.4131040611 2.4684526024 3.1870581932
1.5750000000 1.4138154259 2.4687644768 3.1876924629
1.5760000000 1.4145264091 2.4690762444 3.1883268242
1.5770000000 1.4152370033 2.4693879051 3.1889612694
1.5780000000 1.4159472008 2.4696994591 3.1895958138
1.5790000000 1.4166570015 2.4700109062 3.1902304420
1.5800000000 1.4173663979 2.4703222466 3.1908651619
1.5810000000 1.4180753822 2.4706334648 3.1914999657
1.5820000000 1.4187839622 2.4709445763 3.1921348610
1.5830000000 1.4194921227 2.4712555809 3.1927698555
1.5840000000 1.4201998558 2.4715664635 3.1934049339
1.5850000000 1.4209071541 2.4718772316 3.1940400963
1.5860000000 1.4216140251 2.4721878853 3.1946753578
1.5870000000 1.4223204613 2.4724984245 3.1953107109
1.5880000000 1.4230264397 2.4728088417 3.1959461479
1.5890000000 1.4237319756 2.4731191368 3.1965816765
1.5900000000 1.4244370537 2.4734293175 3.1972172966
1.5910000000 1.4251416740 2.4737393761 3.1978530083
1.5920000000 1.4258458214 2.4740493126 3.1984888115
1.5930000000 1.4265494957 2.4743591194 3.1991247063
1.5940000000 1.4272526894 2.4746688118 3.1997606926
1.5950000000 1.4279554024 2.4749783669 3.2003967628
1.5960000000 1.4286576195 2.4752878075 3.2010329323
1.5970000000 1.4293593407 2.4755971107 3.2016691856
1.5980000000 1.4300605583 2.4759062920 3.2023055382
1.5990000000 1.4307612648 2.4762153435 3.2029419746
1.6000000000 1.4314614601 2.4765242577 3.2035785027
1.6010000000 1.4321611290 2.4768330498 3.2042151299
1.6020000000 1.4328602638 2.4771417046 3.2048518410
1.6030000000 1.4335588722 2.4774502220 3.2054886513
1.6040000000 1.4342569313 2.4777586098 3.2061255455
1.6050000000 1.4349544411 2.4780668526 3.2067625313
1.6060000000 1.4356514015 2.4783749657 3.2073996162
1.6070000000 1.4363477898 2.4786829414 3.2080367851
1.6080000000 1.4370436134 2.4789907722 3.2086740532
1.6090000000 1.4377388649 2.4792984657 3.2093114128
1.6100000000 1.4384335213 2.4796060219 3.2099488564
1.6110000000 1.4391275902 2.4799134254 3.2105863991
1.6120000000 1.4398210564 2.4802206917 3.2112240334
1.6130000000 1.4405139198 2.4805278130 3.2118617592
1.6140000000 1.4412061653 2.4808347816 3.2124995766
1.6150000000 1.4418977928 2.4811416130 3.2131374931
1.6160000000 1.4425887871 2.4814482841 3.2137754936
1.6170000000 1.4432791405 2.4817548180 3.2144135933
1.6180000000 1.4439688454 2.4820611916 3.2150517769
1.6190000000 1.4446579018 2.4823674202 3.2156900597
1.6200000000 1.4453462868 2.4826734886 3.2163284340
1.6210000000 1.4460340080 2.4829794044 3.2169669075
1.6220000000 1.4467210426 2.4832851677 3.2176054649
1.6230000000 1.4474073830 2.4835907707 3.2182441216
1.6240000000 1.4480930290 2.4838962212 3.2188828697
1.6250000000 1.4487779732 2.4842015038 3.2195217094
1.6260000000 1.4494621925 2.4845066338 3.2201606483
1.6270000000 1.4501456871 2.4848116035 3.2207996788
1.6280000000 1.4508284416 2.4851164055 3.2214388008
1.6290000000 1.4515104485 2.4854210472 3.2220780144
1.6300000000 1.4521917076 2.4857255211 3.2227173271
1.6310000000 1.4528721962 2.4860298271 3.2233567314
1.6320000000 1.4535519066 2.4863339653 3.2239962273
1.6330000000 1.4542308235 2.4866379356 3.2246358223
1.6340000000 1.4549089546 2.4869417381 3.2252755089
1.6350000000 1.4555862694 2.4872453651 3.2259152870
1.6360000000 1.4562627602 2.4875488243 3.2265551643
1.6370000000 1.4569384270 2.4878521080 3.2271951332
1.6380000000 1.4576132469 2.4881552162 3.2278352013
1.6390000000 1.4582872124 2.4884581490 3.2284753609
1.6400000000 1.4589603081 2.4887608986 3.2291156120
1.6410000000 1.4596325340 2.4890634804 3.2297559624
1.6420000000 1.4603038597 2.4893658714 3.2303964043
1.6430000000 1.4609742775 2.4896680870 3.2310369453
1.6440000000 1.4616437874 2.4899701118 3.2316775780
1.6450000000 1.4623123589 2.4902719612 3.2323183022
1.6460000000 1.4629799919 2.4905736198 3.2329591331
1.6470000000 1.4636466637 2.4908750954 3.2336000481
1.6480000000 1.4643123665 2.4911763802 3.2342410622
1.6490000000 1.4649770775 2.4914774742 3.2348821754
1.6500000000 1.4656407890 2.4917783775 3.2355233803
1.6510000000 1.4663034859 2.4920790977 3.2361646843
1.6520000000 1.4669651451 2.4923796120 3.2368060799
1.6530000000 1.4676257591 2.4926799355 3.2374475746
1.6540000000 1.4682853127 2.4929800682 3.2380891609
1.6550000000 1.4689437828 2.4932799950 3.2387308464
1.6560000000 1.4696011543 2.4935797310 3.2393726311
1.6570000000 1.4702574120 2.4938792610 3.2400145073
1.6580000000 1.4709125404 2.4941785851 3.2406564827
1.6590000000 1.4715665169 2.4944777184 3.2412985573
1.6600000000 1.4722193184 2.4947766380 3.2419407234
1.6610000000 1.4728709373 2.4950753517 3.2425829887
1.6620000000 1.4735213432 2.4953738594 3.2432253532
1.6630000000 1.4741705284 2.4956721611 3.2438678093
1.6640000000 1.4748184624 2.4959702492 3.2445103645
1.6650000000 1.4754651222 2.4962681236 3.2451530190
1.6660000000 1.4761104927 2.4965657921 3.2457957649
1.6670000000 1.4767545509 2.4968632393 3.2464386101
1.6680000000 1.4773972664 2.4971604729 3.2470815544
1.6690000000 1.4780386238 2.4974574928 3.2477245979
1.6700000000 1.4786786003 2.4977542839 3.2483677330
1.6710000000 1.4793171577 2.4980508614 3.2490109749
1.6720000000 1.4799542885 2.4983472176 3.2496543083
1.6730000000 1.4805899467 2.4986433449 3.2502977409
1.6740000000 1.4812241173 2.4989392586 3.2509412651
1.6750000000 1.4818567772 2.4992349358 3.2515848961
1.6760000000 1.4824878807 2.4995303841 3.2522286186
1.6770000000 1.4831174126 2.4998256111 3.2528724480
1.6780000000 1.4837453270 2.5001206017 3.2535163689
1.6790000000 1.4843716087 2.5004153557 3.2541603889
1.6800000000 1.4849962120 2.5007098808 3.2548045082
1.6810000000 1.4856191063 2.5010041695 3.2554487267
1.6820000000 1.4862402534 2.5012982216 3.2560930443
1.6830000000 1.4868596230 2.5015920372 3.2567374611
1.6840000000 1.4874771690 2.5018856087 3.2573819695
1.6850000000 1.4880928535 2.5021789360 3.2580265846
1.6860000000 1.4887066383 2.5024720268 3.2586712990
1.6870000000 1.4893184776 2.5027648659 3.2593161125
1.6880000000 1.4899283333 2.5030574608 3.2599610176
1.6890000000 1.4905361443 2.5033498116 3.2606060295
1.6900000000 1.4911418724 2.5036419106 3.2612511406
1.6910000000 1.4917454720 2.5039337502 3.2618963509
1.6920000000 1.4923468742 2.5042253456 3.2625416603
1.6930000000 1.4929460335 2.5045166817 3.2631870689
1.6940000000 1.4935428963 2.5048077660 3.2638325768
1.6950000000 1.4941373940 2.5050985832 3.2644781837
1.6960000000 1.4947294655 2.5053891487 3.2651238899
1.6970000000 1.4953190422 2.5056794472 3.2657697029
1.6980000000 1.4959060555 2.5059694862 3.2664156151
1.6990000000 1.4964904289 2.5062592583 3.2670616188
1.7000000000 1.4970720940 2.5065487633 3.2677077293
1.7010000000 1.4976509590 2.5068380013 3.2683539391
1.7020000000 1.4982269325 2.5071269722 3.2690002556
1.7030000000 1.4987999306 2.5074156685 3.2696466637
1.7040000000 1.4993698540 2.5077040901 3.2702931786
1.7050000000 1.4999365959 2.5079922371 3.2709397926
1.7060000000 1.5005000420 2.5082801094 3.2715865059
1.7070000000 1.5010600777 2.5085676994 3.2722333260
1.7080000000 1.5016165810 2.5088550148 3.2728802376
1.7090000000 1.5021693993 2.5091420403 3.2735272636
1.7100000000 1.5027183876 2.5094287834 3.2741743813
1.7110000000 1.5032634010 2.5097152443 3.2748216057
1.7120000000 1.5038042488 2.5100014153 3.2754689293
1.7130000000 1.5043407478 2.5102872963 3.2761163521
1.7140000000 1.5048726921 2.5105728874 3.2767638817
1.7150000000 1.5053998528 2.5108581886 3.2774115105
1.7160000000 1.5059219780 2.5111431847 3.2780592384
1.7170000000 1.5064387932 2.5114278908 3.2787070732
1.7180000000 1.5069499779 2.5117122993 3.2793550148
1.7190000000 1.5074551964 2.5119964027 3.2800030479
1.7200000000 1.5079540291 2.5122802086 3.2806511955
1.7210000000 1.5084460335 2.5125637016 3.2812994347
1.7220000000 1.5089306831 2.5128468971 3.2819477806
1.7230000000 1.5094073372 2.5131297798 3.2825962334
1.7240000000 1.5098752632 2.5134123573 3.2832447853
1.7250000000 1.5103335533 2.5136946144 3.2838934441
1.7260000000 1.5107810707 2.5139765663 3.2845422020
1.7270000000 1.5112163658 2.5142581978 3.2851910667
1.7280000000 1.5116374702 2.5145395088 3.2858400307
1.7290000000 1.5120415840 2.5148205070 3.2864891014
1.7300000000 1.5124243050 2.5151011772 3.2871382713
1.7310000000 1.5127774391 2.5153815269 3.2877875481
1.7320000000 1.5130769768 2.5156615486 3.2884369316
1.7330000000 1.5133394432 2.5159412422 3.2890864143
1.7340000000 1.5136853828 2.5162206078 3.2897360039
1.7350000000 1.5140704842 2.5164996376 3.2903856926
1.7360000000 1.5144838753 2.5167783318 3.2910354958
1.7370000000 1.5149202080 2.5170566978 3.2916853981
1.7380000000 1.5153762169 2.5173347206 3.2923353996
1.7390000000 1.5158496513 2.5176124077 3.2929855080
1.7400000000 1.5163388710 2.5178897438 3.2936357231
1.7410000000 1.5168426094 2.5181667442 3.2942860451
1.7420000000 1.5173598289 2.5184433937 3.2949364738
1.7430000000 1.5178897057 2.5187196922 3.2955870018
1.7440000000 1.5184315376 2.5189956474 3.2962376366
1.7450000000 1.5189847221 2.5192712440 3.2968883781
1.7460000000 1.5195487404 2.5195464821 3.2975392265
1.7470000000 1.5201231270 2.5198213692 3.2981901741
1.7480000000 1.5207074928 2.5200958977 3.2988412361
1.7490000000 1.5213014641 2.5203700600 3.2994923973
1.7500000000 1.5219047127 2.5206438560 3.3001436653
1.7510000000 1.5225169563 2.5209172935 3.3007950401
1.7520000000 1.5231379128 2.5211903572 3.3014465218
1.7530000000 1.5237673378 2.5214630547 3.3020981102
1.7540000000 1.5244050026 2.5217353783 3.3027498055
1.7550000000 1.5250506935 2.5220073204 3.3034015999
1.7560000000 1.5257042122 2.5222788963 3.3040535088
1.7570000000 1.5263653755 2.5225500832 3.3047055244
1.7580000000 1.5270340157 2.5228208885 3.3053576393
1.7590000000 1.5277099648 2.5230913124 3.3060098686
1.7600000000 1.5283930702 2.5233613472 3.3066621971
1.7610000000 1.5290831947 2.5236310005 3.3073146400
1.7620000000 1.5297801933 2.5239002571 3.3079671898
1.7630000000 1.5304839439 2.5241691170 3.3086198463
1.7640000000 1.5311943169 2.5244375877 3.3092726097
1.7650000000 1.5319112053 2.5247056541 3.3099254799
1.7660000000 1.5326344872 2.5249733162 3.3105784569
1.7670000000 1.5333640556 2.5252405815 3.3112315407
1.7680000000 1.5340998192 2.5255074425 3.3118847313
1.7690000000 1.5348416710 2.5257738914 3.3125380363
1.7700000000 1.5355895195 2.5260399284 3.3131914406
1.7710000000 1.5363432808 2.5263055534 3.3138449593
1.7720000000 1.5371028633 2.5265707664 3.3144985847
1.7730000000 1.5378681831 2.5268355598 3.3151523247
1.7740000000 1.5386391640 2.5270999260 3.3158061638
1.7750000000 1.5394157219 2.5273638725 3.3164601173
1.7760000000 1.5401977959 2.5276273994 3.3171141777
1.7770000000 1.5409852943 2.5278904915 3.3177683449
1.7780000000 1.5417781639 2.5281531563 3.3184226265
1.7790000000 1.5425763283 2.5284153862 3.3190770149
1.7800000000 1.5433797340 2.5286771736 3.3197315102
1.7810000000 1.5441883049 2.5289385338 3.3203861198
1.7820000000 1.5450019798 2.5291994438 3.3210408363
1.7830000000 1.5458207130 2.5294599113 3.3216956596
1.7840000000 1.5466444359 2.5297199364 3.3223505974
1.7850000000 1.5474730949 2.5299795036 3.3230056419
1.7860000000 1.5483066292 2.5302386284 3.3236608009
1.7870000000 1.5491450005 2.5304972878 3.3243160667
1.7880000000 1.5499881554 2.5307554970 3.3249714394
1.7890000000 1.5508360329 2.5310132484 3.3256269264
1.7900000000 1.5516885872 2.5312705269 3.3262825203
1.7910000000 1.5525457802 2.5315273476 3.3269382286
1.7920000000 1.5534075584 2.5317836952 3.3275940514
1.7930000000 1.5542738762 2.5320395775 3.3282499809
1.7940000000 1.5551446953 2.5322949791 3.3289060173
1.7950000000 1.5560199776 2.5325499001 3.3295621681
1.7960000000 1.5568996620 2.5328043480 3.3302184334
1.7970000000 1.5577837334 2.5330583153 3.3308748055
1.7980000000 1.5586721306 2.5333117867 3.3315312920
1.7990000000 1.5595648308 2.5335647774 3.3321878853
1.8000000000 1.5604617882 2.5338172722 3.3328445930
1.8010000000 1.5613629646 2.5340692711 3.3335014153
1.8020000000 1.5622683296 2.5343207817 3.3341583443
1.8030000000 1.5631778526 2.5345717812 3.3348153877
1.8040000000 1.5640914879 2.5348222847 3.3354725456
1.8050000000 1.5650092125 2.5350722771 3.3361298180
1.8060000000 1.5659309883 2.5353217583 3.3367871971
1.8070000000 1.5668567772 2.5355707283 3.3374446907
1.8080000000 1.5677865639 2.5358191795 3.3381022987
1.8090000000 1.5687203026 2.5360671196 3.3387600136
1.8100000000 1.5696579781 2.5363145332 3.3394178505
1.8110000000 1.5705995522 2.5365614204 3.3400757942
1.8120000000 1.5715449944 2.5368077736 3.3407338524
1.8130000000 1.5724942818 2.5370536003 3.3413920250
1.8140000000 1.5734473839 2.5372989006 3.3420503120
1.8150000000 1.5744042854 2.5375436516 3.3427087059
1.8160000000 1.5753649406 2.5377878685 3.3433672218
1.8170000000 1.5763293419 2.5380315361 3.3440258446
1.8180000000 1.5772974586 2.5382746544 3.3446845894
1.8190000000 1.5782692604 2.5385172234 3.3453434410
1.8200000000 1.5792447319 2.5387592430 3.3460024071
1.8210000000 1.5802238426 2.5390006981 3.3466614952
1.8220000000 1.5812065697 2.5392415962 3.3473206902
1.8230000000 1.5821929054 2.5394819221 3.3479799995
1.8240000000 1.5831828117 2.5397216911 3.3486394310
1.8250000000 1.5841762733 2.5399608803 3.3492989693
1.8260000000 1.5851732674 2.5401994972 3.3499586296
1.8270000000 1.5861737709 2.5404375343 3.3506183968
1.8280000000 1.5871777763 2.5406749916 3.3512782860
1.8290000000 1.5881852531 2.5409118690 3.3519382896
1.8300000000 1.5891961784 2.5411481514 3.3525984001
1.8310000000 1.5902105446 2.5413838387 3.3532586403
1.8320000000 1.5912283287 2.5416189308 3.3539189873
1.8330000000 1.5922495079 2.5418534279 3.3545794487
1.8340000000 1.5932740746 2.5420873222 3.3552400322
1.8350000000 1.5943020058 2.5423206062 3.3559007301
1.8360000000 1.5953332787 2.5425532799 3.3565615425
1.8370000000 1.5963678932 2.5427853355 3.3572224693
1.8380000000 1.5974058113 2.5430167732 3.3578835182
1.8390000000 1.5984470406 2.5432475929 3.3585446815
1.8400000000 1.5994915428 2.5434777870 3.3592059593
1.8410000000 1.6005393257 2.5437073555 3.3598673515
1.8420000000 1.6015903511 2.5439362831 3.3605288658
1.8430000000 1.6026446266 2.5441645775 3.3611904945
1.8440000000 1.6037021217 2.5443922310 3.3618522453
1.8450000000 1.6047628365 2.5446192360 3.3625141106
1.8460000000 1.6058267403 2.5448456001 3.3631760902
1.8470000000 1.6068938332 2.5450713005 3.3638381920
1.8480000000 1.6079640999 2.5452963524 3.3645004082
1.8490000000 1.6090375252 2.5455207405 3.3651627464
1.8500000000 1.6101141014 2.5457444649 3.3658251991
1.8510000000 1.6111938133 2.5459675179 3.3664877739
1.8520000000 1.6122766457 2.5461898994 3.3671504631
1.8530000000 1.6133625908 2.5464116096 3.3678132744
1.8540000000 1.6144516411 2.5466326256 3.3684762001
1.8550000000 1.6155437737 2.5468529701 3.3691392479
1.8560000000 1.6166389961 2.5470726128 3.3698024178
1.8570000000 1.6177372780 2.5472915688 3.3704657021
1.8580000000 1.6188386269 2.5475098228 3.3711291008
1.8590000000 1.6199430199 2.5477273750 3.3717926292
1.8600000000 1.6210504570 2.5479442253 3.3724562645
1.8610000000 1.6221609230 2.5481603584 3.3731200294
1.8620000000 1.6232744102 2.5483757744 3.3737839088
1.8630000000 1.6243909111 2.5485904732 3.3744479103
1.8640000000 1.6255104103 2.5488044548 3.3751120338
1.8650000000 1.6266329079 2.5490176964 3.3757762794
1.8660000000 1.6277583961 2.5492302132 3.3764406395
1.8670000000 1.6288868599 2.5494419823 3.3771051216
1.8680000000 1.6300182915 2.5496530190 3.3777697258
1.8690000000 1.6311526909 2.5498633003 3.3784344444
1.8700000000 1.6322900429 2.5500728340 3.3790992928
1.8710000000 1.6334303398 2.5502816048 3.3797642555
1.8720000000 1.6345735893 2.5504896202 3.3804293404
1.8730000000 1.6357197609 2.5506968727 3.3810945473
1.8740000000 1.6368688698 2.5509033470 3.3817598763
1.8750000000 1.6380209007 2.5511090508 3.3824253273
1.8760000000 1.6391758461 2.5513139763 3.3830909004
1.8770000000 1.6403337059 2.5515181084 3.3837565956
1.8780000000 1.6414944649 2.5517214546 3.3844224129
1.8790000000 1.6426581230 2.5519240074 3.3850883522
1.8800000000 1.6438246803 2.5521257591 3.3857544060
1.8810000000 1.6449941216 2.5523267021 3.3864205894
1.8820000000 1.6461664467 2.5525268364 3.3870868950
1.8830000000 1.6473416481 2.5527261543 3.3877533226
1.8840000000 1.6485197258 2.5529246559 3.3884198723
1.8850000000 1.6497006721 2.5531223259 3.3890865440
1.8860000000 1.6508844872 2.5533191719 3.3897533379
1.8870000000 1.6520711555 2.5535151787 3.3904202614
1.8880000000 1.6532606850 2.5537103386 3.3910872993
1.8890000000 1.6544530754 2.5539046593 3.3917544670
1.8900000000 1.6556483040 2.5540981255 3.3924217567
1.8910000000 1.6568463860 2.5542907295 3.3930891685
1.8920000000 1.6580473137 2.5544824715 3.3937567101
1.8930000000 1.6592510796 2.5546733513 3.3944243736
1.8940000000 1.6604576836 2.5548633461 3.3950921516
1.8950000000 1.6616671181 2.5550524712 3.3957600670
1.8960000000 1.6628793831 2.5552407036 3.3964280968
1.8970000000 1.6640944862 2.5554280510 3.3970962563
1.8980000000 1.6653124123 2.5556144981 3.3977645378
1.8990000000 1.6665331688 2.5558000450 3.3984329491
1.9000000000 1.6677567406 2.5559846764 3.3991014824
1.9010000000 1.6689831352 2.5561683998 3.3997701378
1.9020000000 1.6702123528 2.5563512077 3.4004389229
1.9030000000 1.6714443932 2.5565330772 3.4011078377
1.9040000000 1.6726792488 2.5567140236 3.4017768669
1.9050000000 1.6739169197 2.5568940315 3.4024460335
1.9060000000 1.6751574059 2.5570730934 3.4031153145
1.9070000000 1.6764006996 2.5572512016 3.4037847328
1.9080000000 1.6776468163 2.5574283562 3.4044542656
1.9090000000 1.6788957405 2.5576045494 3.4051239357
1.9100000000 1.6801474876 2.5577797737 3.4057937279
1.9110000000 1.6814020348 2.5579540138 3.4064636421
1.9120000000 1.6826594048 2.5581272850 3.4071336861
1.9130000000 1.6839195824 2.5582995567 3.4078038597
1.9140000000 1.6851825676 2.5584708443 3.4084741631
1.9150000000 1.6864483757 2.5586411247 3.4091445885
1.9160000000 1.6877169914 2.5588103905 3.4098151436
1.9170000000 1.6889884224 2.5589786491 3.4104858208
1.9180000000 1.6902626686 2.5591458855 3.4111566277
1.9190000000 1.6915397301 2.5593120995 3.4118275642
1.9200000000 1.6928196068 2.5594772682 3.4124986305
1.9210000000 1.6941023064 2.5596413994 3.4131698265
1.9220000000 1.6953878212 2.5598044853 3.4138411446
1.9230000000 1.6966761589 2.5599665108 3.4145125999
1.9240000000 1.6979673119 2.5601274757 3.4151841774
1.9250000000 1.6992612953 2.5602873726 3.4158558846
1.9260000000 1.7005581093 2.5604461937 3.4165277214
1.9270000000 1.7018577461 2.5606039238 3.4171996803
1.9280000000 1.7031602135 2.5607605629 3.4178717766
1.9290000000 1.7044655113 2.5609161110 3.4185440025
1.9300000000 1.7057736473 2.5610705452 3.4192163506
1.9310000000 1.7070846214 2.5612238655 3.4198888359
1.9320000000 1.7083984337 2.5613760719 3.4205614510
1.9330000000 1.7097150841 2.5615271416 3.4212341881
1.9340000000 1.7110345879 2.5616770744 3.4219070625
1.9350000000 1.7123569374 2.5618258705 3.4225800667
1.9360000000 1.7136821404 2.5619735069 3.4232532005
1.9370000000 1.7150101967 2.5621199837 3.4239264641
1.9380000000 1.7163411217 2.5622653008 3.4245998573
1.9390000000 1.7176749001 2.5624094353 3.4252733879
1.9400000000 1.7190115471 2.5625523796 3.4259470406
1.9410000000 1.7203510628 2.5626941414 3.4266208305
1.9420000000 1.7216934547 2.5628346977 3.4272947502
1.9430000000 1.7230387306 2.5629740486 3.4279687996
1.9440000000 1.7243868828 2.5631121788 3.4286429787
1.9450000000 1.7257379265 2.5632490807 3.4293172951
1.9460000000 1.7270918617 2.5633847542 3.4299917412
1.9470000000 1.7284486961 2.5635191841 3.4306663170
1.9480000000 1.7298084297 2.5636523552 3.4313410301
1.9490000000 1.7311710701 2.5637842751 3.4320158730
1.9500000000 1.7325366249 2.5639149208 3.4326908531
1.9510000000 1.7339051018 2.5640442924 3.4333659554
1.9520000000 1.7352764931 2.5641723671 3.4340412025
1.9530000000 1.7366508141 2.5642991524 3.4347165718
1.9540000000 1.7380280724 2.5644246330 3.4353920784
1.9550000000 1.7394082680 2.5645488014 3.4360677223
1.9560000000 1.7407914162 2.5646716423 3.4367434959
1.9570000000 1.7421775093 2.5647931480 3.4374194069
1.9580000000 1.7435665627 2.5649133110 3.4380954475
1.9590000000 1.7449585838 2.5650321236 3.4387716255
1.9600000000 1.7463535728 2.5651495705 3.4394479332
1.9610000000 1.7477515450 2.5652656441 3.4401243782
1.9620000000 1.7491525002 2.5653803368 3.4408009605
1.9630000000 1.7505564461 2.5654936409 3.4414776726
1.9640000000 1.7519633904 2.5656055412 3.4421545219
1.9650000000 1.7533733406 2.5657160225 3.4428315086
1.9660000000 1.7547863045 2.5658250847 3.4435086250
1.9670000000 1.7562022972 2.5659327202 3.4441858864
1.9680000000 1.7576213112 2.5660389061 3.4448632698
1.9690000000 1.7590433693 2.5661436348 3.4455407982
1.9700000000 1.7604684639 2.5662469063 3.4462184639
1.9710000000 1.7618966179 2.5663486900 3.4468962593
1.9720000000 1.7633278313 2.5664489937 3.4475741920
1.9730000000 1.7647621193 2.5665478020 3.4482522621
1.9740000000 1.7661994820 2.5666450996 3.4489304695
1.9750000000 1.7676399345 2.5667408791 3.4496088142
1.9760000000 1.7690834846 2.5668351250 3.4502872963
1.9770000000 1.7705301399 2.5669278221 3.4509659157
1.9780000000 1.7719799080 2.5670189705 3.4516446648
1.9790000000 1.7734328041 2.5671085548 3.4523235588
1.9800000000 1.7748888283 2.5671965523 3.4530025902
1.9810000000 1.7763480034 2.5672829628 3.4536817589
1.9820000000 1.7778103294 2.5673677788 3.4543610649
1.9830000000 1.7792758141 2.5674509697 3.4550405083
1.9840000000 1.7807444801 2.5675325356 3.4557200890
1.9850000000 1.7822163277 2.5676124687 3.4563998070
1.9860000000 1.7836913719 2.5676907387 3.4570796700
1.9870000000 1.7851696205 2.5677673531 3.4577596626
1.9880000000 1.7866510811 2.5678422890 3.4584398003
1.9890000000 1.7881357765 2.5679155312 3.4591200752
1.9900000000 1.7896237068 2.5679870720 3.4598004875
1.9910000000 1.7911148949 2.5680568886 3.4604810448
1.9920000000 1.7926093407 2.5681249809 3.4611617393
1.9930000000 1.7941070595 2.5681913261 3.4618425713
1.9940000000 1.7956080666 2.5682559166 3.4625235405
1.9950000000 1.7971123695 2.5683187294 3.4632046547
1.9960000000 1.7986199837 2.5683797646 3.4638859062
1.9970000000 1.8001309242 2.5684389915 3.4645673027
1.9980000000 1.8016451988 2.5684964104 3.4652488365
1.9990000000 1.8031628227 2.5685519981 3.4659305153
2.0000000000 1.8046838036 2.5686057396 3.4666123314
2.0010000000 1.8062081642 2.5686576271 3.4672942848
2.0020000000 1.8077359123 2.5687076378 3.4679763832
2.0030000000 1.8092670708 2.5687557564 3.4686586266
2.0040000000 1.8108016396 2.5688019753 3.4693410072
2.0050000000 1.8123396339 2.5688462791 3.4700235329
2.0060000000 1.8138810844 2.5688886375 3.4707061958
2.0070000000 1.8154259834 2.5689290504 3.4713890038
2.0080000000 1.8169743690 2.5689674950 3.4720719566
2.0090000000 1.8185262337 2.5690039558 3.4727550468
2.0100000000 1.8200816078 2.5690384178 3.4734382820
2.0110000000 1.8216404991 2.5690708656 3.4741216621
2.0120000000 1.8232029305 2.5691012764 3.4748051872
2.0130000000 1.8247689171 2.5691296349 3.4754888496
2.0140000000 1.8263384666 2.5691559258 3.4761726570
2.0150000000 1.8279116020 2.5691801338 3.4768566093
2.0160000000 1.8294883308 2.5692022362 3.4775407066
2.0170000000 1.8310686836 2.5692222176 3.4782249489
2.0180000000 1.8326526756 2.5692400627 3.4789093285
2.0190000000 1.8342403145 2.5692557487 3.4795938606
2.0200000000 1.8358316231 2.5692692604 3.4802785301
2.0210000000 1.8374266243 2.5692805748 3.4809633522
2.0220000000 1.8390253258 2.5692896767 3.4816483116
2.0230000000 1.8406277504 2.5692965431 3.4823334160
2.0240000000 1.8422339211 2.5693011589 3.4830186729
2.0250000000 1.8438438530 2.5693035011 3.4837040749
2.0260000000 1.8454575691 2.5693035545 3.4843896141
2.0270000000 1.8470750847 2.5693012886 3.4850753059
2.0280000000 1.8486964149 2.5692966957 3.4857611427
2.0290000000 1.8503215904 2.5692897453 3.4864471245
2.0300000000 1.8519506264 2.5692804222 3.4871332512
2.0310000000 1.8535835381 2.5692687035 3.4878195305
2.0320000000 1.8552203560 2.5692545662 3.4885059547
2.0330000000 1.8568611031 2.5692379875 3.4891925240
2.0340000000 1.8585057869 2.5692189445 3.4898792381
